-37966,0,0
176131,0,0
69248,0,0
118960,0,0
132021,0,0
-79374,0,0
42380,0,0
69310,0,0
-24789,0,0
249286,0,0
128046,0,0
-66026,0,0
83347,0,0
73861,0,0
32937,0,0
-105506,0,0
33868,0,0
114832,0,0
42710,0,0
7589,0,0
-28566,0,0
-87827,0,0
-32179,0,0
-61552,0,0
20614,0,0
100866,0,0
101039,0,0
90821,0,0
-132084,0,0
-107494,0,0
-76300,0,0
-136978,0,0
21092,0,0
232895,0,0
55048,0,0
-145762,0,0
30746,0,0
-70108,0,0
115401,0,0
2922,0,0
-116142,0,0
-49643,0,0
-188041,0,0
-131795,0,0
120633,0,0
-95700,0,0
-177360,0,0
50386,0,0
319905,0,0
-183846,0,0
-67473,0,0
-72742,0,0
-353152,0,0
-128616,0,0
26911,0,0
275211,0,0
197483,0,0
-104654,0,0
-98672,0,0
-8216,0,0
-48609,0,0
197871,0,0
33956,0,0
149014,0,0
23258,0,0
-65408,0,0
-19615,0,0
160982,0,0
85520,0,0
-5901,0,0
-123772,0,0
38077,0,0
149142,0,0
290957,0,0
-93536,0,0
-62577,0,0
112391,0,0
85853,0,0
-106041,0,0
-167809,0,0
-37528,0,0
49548,0,0
-32358,0,0
206768,0,0
148831,0,0
68587,0,0
46279,0,0
35344,0,0
-111945,0,0
9184,0,0
64425,0,0
36624,0,0
-40542,0,0
-2092,0,0
68438,0,0
138559,0,0
38704,0,0
11383,0,0
-10803,0,0
51306,0,0
-84540,0,0
-50039,0,0
-46652,0,0
-106057,0,0
-36303,0,0
-96998,0,0
14313,0,0
336458,0,0
-122682,0,0
71676,0,0
-50523,0,0
-206659,0,0
-103902,0,0
110371,0,0
114302,0,0
3642,0,0
137314,0,0
-2876,0,0
-58526,0,0
-45018,0,0
-125120,0,0
-35158,0,0
143684,0,0
112913,0,0
161770,0,0
169011,0,0
-243805,0,0
-197575,0,0
-13043,0,0
27565,0,0
119125,0,0
-52708,0,0
60446,0,0
-149939,0,0
-59086,0,0
-40023,0,0
-114891,0,0
22774,0,0
38640,0,0
167599,0,0
79924,0,0
-53139,0,0
-265203,0,0
-114929,0,0
-29171,0,0
110534,0,0
122397,0,0
-24334,0,0
-115123,0,0
-53063,0,0
13821,0,0
-124940,0,0
-119072,0,0
147764,0,0
169092,0,0
-19256,0,0
-113403,0,0
-44077,0,0
-27904,0,0
-67021,0,0
-85630,0,0
-89126,0,0
-67686,0,0
136410,0,0
245997,0,0
-61520,0,0
-130112,0,0
-56237,0,0
110837,0,0
37647,0,0
-46544,0,0
-87355,0,0
35413,0,0
43899,0,0
146813,0,0
-63445,0,0
-45148,0,0
82161,0,0
146038,0,0
40033,0,0
-23530,0,0
58568,0,0
50978,0,0
30122,0,0
72521,0,0
43445,0,0
144379,0,0
142941,0,0
-87322,0,0
-10703,0,0
27561,0,0
507,0,0
117713,0,0
23095,0,0
162804,0,0
113273,0,0
-103794,0,0
-27046,0,0
-41983,0,0
-2642,0,0
91218,0,0
171476,0,0
-2689,0,0
-185072,0,0
-36673,0,0
7939,0,0
-76351,0,0
-71835,0,0
-139008,0,0
219899,0,0
127945,0,0
-155432,0,0
-103016,0,0
-64318,0,0
58386,0,0
-24851,0,0
-102657,0,0
-106467,0,0
102874,0,0
15761,0,0
-211198,0,0
19795,0,0
37160,0,0
-63745,0,0
-146727,0,0
272020,0,0
-6801,0,0
-5791,0,0
-76842,0,0
-4306,0,0
-3037,0,0
58833,0,0
-33860,0,0
-172759,0,0
-205110,0,0
80992,0,0
270638,0,0
188654,0,0
-5389,0,0
-218537,0,0
-96568,0,0
51174,0,0
-6081,0,0
-13124,0,0
-10149,0,0
-117691,0,0
183115,0,0
195601,0,0
-17958,0,0
-96741,0,0
-76516,0,0
-119177,0,0
133259,0,0
176009,0,0
-18194,0,0
-54446,0,0
109650,0,0
-11495,0,0
-120788,0,0
-6542,0,0
76356,0,0
26419,0,0
114259,0,0
70209,0,0
-44688,0,0
-7601,0,0
-112437,0,0
11545,0,0
-85845,0,0
31959,0,0
-25475,0,0
-4742,0,0
-17352,0,0
51057,0,0
-130553,0,0
-41072,0,0
25233,0,0
55027,0,0
61719,0,0
-118913,0,0
-18025,0,0
-47977,0,0
-223108,0,0
-65259,0,0
-36746,0,0
3689,0,0
168278,0,0
187616,0,0
-116835,0,0
14776,0,0
-61530,0,0
-25007,0,0
84656,0,0
-2140,0,0
-143690,0,0
-47671,0,0
-7865,0,0
149970,0,0
112821,0,0
20979,0,0
-57761,0,0
-41102,0,0
84026,0,0
134766,0,0
3928,0,0
-159736,0,0
-248313,0,0
-142270,0,0
-7774,0,0
112981,0,0
302931,0,0
-75094,0,0
-271879,0,0
-9090,0,0
23621,0,0
-128327,0,0
-59509,0,0
-18813,0,0
-61358,0,0
-173859,0,0
63626,0,0
92178,0,0
186174,0,0
-87420,0,0
13342,0,0
-208043,0,0
-105339,0,0
143822,0,0
3747,0,0
144908,0,0
-24958,0,0
311321,0,0
-172402,0,0
-104654,0,0
228066,0,0
124387,0,0
-66634,0,0
45115,0,0
53010,0,0
59595,0,0
-4092,0,0
-28514,0,0
-63871,0,0
93853,0,0
142620,0,0
-69595,0,0
-4727,0,0
195109,0,0
5968,0,0
-63426,0,0
118115,0,0
-21946,0,0
-138030,0,0
37859,0,0
145799,0,0
112303,0,0
-45093,0,0
-42107,0,0
15804,0,0
95782,0,0
46391,0,0
-77158,0,0
-75448,0,0
-55643,0,0
85799,0,0
63314,0,0
8878,0,0
72018,0,0
-172682,0,0
52214,0,0
81047,0,0
-79365,0,0
-151830,0,0
-186854,0,0
-134330,0,0
-38509,0,0
304817,0,0
264189,0,0
-73406,0,0
-181063,0,0
-288570,0,0
-19983,0,0
-111213,0,0
56863,0,0
144957,0,0
-41121,0,0
-28057,0,0
10407,0,0
-59496,0,0
8919,0,0
-148179,0,0
-147047,0,0
30762,0,0
-74207,0,0
-98414,0,0
-12036,0,0
48240,0,0
143451,0,0
-196456,0,0
-352924,0,0
57340,0,0
183406,0,0
5979,0,0
-166944,0,0
-158399,0,0
202530,0,0
-3540,0,0
56262,0,0
179848,0,0
-1969,0,0
-125426,0,0
-188063,0,0
-75038,0,0
-78498,0,0
168212,0,0
270897,0,0
-63306,0,0
42413,0,0
215824,0,0
5133,0,0
-42600,0,0
18420,0,0
-238714,0,0
-107755,0,0
38627,0,0
147196,0,0
118043,0,0
111361,0,0
9013,0,0
-30847,0,0
-84770,0,0
-100241,0,0
-6819,0,0
17494,0,0
119040,0,0
-34953,0,0
-108019,0,0
-67300,0,0
178061,0,0
130149,0,0
-223749,0,0
-86943,0,0
34462,0,0
-95933,0,0
-74744,0,0
-66329,0,0
-64490,0,0
167985,0,0
49917,0,0
-21294,0,0
-130068,0,0
-75735,0,0
-99013,0,0
156551,0,0
36372,0,0
-38948,0,0
19977,0,0
35601,0,0
112770,0,0
-10803,0,0
-126635,0,0
-21191,0,0
-21139,0,0
128841,0,0
15136,0,0
-35197,0,0
27958,0,0
68230,0,0
-110305,0,0
-172104,0,0
-35783,0,0
87164,0,0
259417,0,0
59968,0,0
-53508,0,0
-135763,0,0
-219844,0,0
-118994,0,0
184593,0,0
209965,0,0
-24691,0,0
65848,0,0
-152804,0,0
-101635,0,0
34993,0,0
62534,0,0
149267,0,0
24298,0,0
-52037,0,0
106285,0,0
-109782,0,0
-212597,0,0
-94335,0,0
133662,0,0
114147,0,0
-147771,0,0
-47815,0,0
29152,0,0
-169540,0,0
2107,0,0
386500,0,0
-115842,0,0
-156204,0,0
-75454,0,0
-2652,0,0
-22590,0,0
-167387,0,0
194876,0,0
399850,0,0
-5961,0,0
-79759,0,0
112169,0,0
-68485,0,0
-134616,0,0
-63282,0,0
50616,0,0
340382,0,0
228237,0,0
-133587,0,0
-66866,0,0
82873,0,0
32522,0,0
69226,0,0
6496,0,0
-7521,0,0
-110813,0,0
8676,0,0
228687,0,0
98635,0,0
5376,0,0
95496,0,0
-22044,0,0
-51763,0,0
83,0,0
-29339,0,0
56025,0,0
15019,0,0
37787,0,0
120215,0,0
-54507,0,0
-66636,0,0
-22481,0,0
-6356,0,0
99008,0,0
-53681,0,0
-59294,0,0
13858,0,0
28593,0,0
-49208,0,0
-153393,0,0
-116806,0,0
-94423,0,0
5187,0,0
13983,0,0
68750,0,0
93131,0,0
-123605,0,0
-283137,0,0
-62299,0,0
-40917,0,0
-90245,0,0
10190,0,0
-30091,0,0
-98003,0,0
162417,0,0
-20209,0,0
-61313,0,0
-216223,0,0
-71817,0,0
189157,0,0
237660,0,0
-131254,0,0
-317213,0,0
-121417,0,0
122799,0,0
520205,0,0
-111376,0,0
-254771,0,0
-46799,0,0
-165897,0,0
-140191,0,0
233098,0,0
118937,0,0
23766,0,0
-143796,0,0
45844,0,0
80203,0,0
-52665,0,0
73085,0,0
-40169,0,0
-159811,0,0
-235595,0,0
33576,0,0
145097,0,0
293899,0,0
212357,0,0
-11887,0,0
-57994,0,0
-100051,0,0
92028,0,0
132812,0,0
-16594,0,0
83058,0,0
-39265,0,0
92572,0,0
226129,0,0
-47586,0,0
41729,0,0
-53651,0,0
-53465,0,0
80041,0,0
17262,0,0
332252,0,0
6837,0,0
-46551,0,0
-75161,0,0
43094,0,0
-41968,0,0
-233397,0,0
93755,0,0
-1950,0,0
11375,0,0
152947,0,0
42960,0,0
-164627,0,0
-173020,0,0
-145972,0,0
85634,0,0
86982,0,0
13584,0,0
-4314,0,0
-131850,0,0
16422,0,0
-66094,0,0
-159073,0,0
-109604,0,0
129213,0,0
81223,0,0
22542,0,0
-2219,0,0
-98209,0,0
20620,0,0
91306,0,0
-31725,0,0
-22376,0,0
-95104,0,0
-5721,0,0
28201,0,0
135457,0,0
62694,0,0
93837,0,0
-8547,0,0
-64247,0,0
-46353,0,0
-25577,0,0
50826,0,0
104594,0,0
-19528,0,0
-90829,0,0
30012,0,0
-25472,0,0
109607,0,0
-98305,0,0
-192681,0,0
-13174,0,0
200680,0,0
-32175,0,0
-145770,0,0
-173258,0,0
7018,0,0
135596,0,0
12221,0,0
-94372,0,0
-71115,0,0
-150738,0,0
-81270,0,0
-40354,0,0
173446,0,0
-31996,0,0
-135883,0,0
-27670,0,0
181027,0,0
-51375,0,0
159440,0,0
-68867,0,0
-96625,0,0
-115592,0,0
-112065,0,0
-90806,0,0
12036,0,0
246043,0,0
161584,0,0
80443,0,0
-65836,0,0
-49460,0,0
31786,0,0
146375,0,0
-7387,0,0
-49732,0,0
-44325,0,0
62114,0,0
122983,0,0
-94410,0,0
-90993,0,0
-4018,0,0
143514,0,0
218309,0,0
122163,0,0
85613,0,0
-90935,0,0
-151308,0,0
-189739,0,0
-33930,0,0
230175,0,0
-60102,0,0
-6501,0,0
60065,0,0
88680,0,0
-42589,0,0
18755,0,0
-78419,0,0
-129445,0,0
-83430,0,0
52172,0,0
142854,0,0
155266,0,0
22692,0,0
-112969,0,0
-807,0,0
54715,0,0
-3339,0,0
48910,0,0
-89935,0,0
-19286,0,0
121482,0,0
-42178,0,0
-97000,0,0
121006,0,0
8593,0,0
251485,0,0
-23257,0,0
-211242,0,0
-27695,0,0
-55448,0,0
115278,0,0
191432,0,0
-10844,0,0
-3852,0,0
-174300,0,0
-35634,0,0
-36218,0,0
34947,0,0
24747,0,0
18508,0,0
-108496,0,0
-14777,0,0
82068,0,0
-10802,0,0
-36955,0,0
-59196,0,0
32480,0,0
-3355,0,0
-19751,0,0
-126702,0,0
-63727,0,0
92004,0,0
-16551,0,0
121261,0,0
-23777,0,0
-8277,0,0
-7072,0,0
-1981,0,0
-106973,0,0
43529,0,0
164662,0,0
35156,0,0
-58487,0,0
-116972,0,0
33017,0,0
106629,0,0
-35398,0,0
-93564,0,0
-77022,0,0
572,0,0
-45591,0,0
-24377,0,0
4897,0,0
21666,0,0
199,0,0
-108375,0,0
45302,0,0
-192883,0,0
-132605,0,0
-68550,0,0
-39900,0,0
-60771,0,0
3304,0,0
30317,0,0
-138459,0,0
-34154,0,0
-43997,0,0
-71832,0,0
-66189,0,0
-104344,0,0
-85079,0,0
-138129,0,0
115379,0,0
12776,0,0
-111726,0,0
-69346,0,0
-100462,0,0
-4551,0,0
-155390,0,0
-128443,0,0
87881,0,0
216755,0,0
200562,0,0
-184879,0,0
-201864,0,0
-54139,0,0
171738,0,0
-8766,0,0
-88237,0,0
60918,0,0
134365,0,0
-21421,0,0
8297,0,0
-7416,0,0
44746,0,0
46339,0,0
283208,0,0
-109594,0,0
-170920,0,0
85514,0,0
36617,0,0
-144048,0,0
163718,0,0
35582,0,0
69566,0,0
-171993,0,0
-74878,0,0
118864,0,0
196295,0,0
151122,0,0
-154153,0,0
-225898,0,0
-3131,0,0
48394,0,0
26998,0,0
30986,0,0
31911,0,0
10857,0,0
5526,0,0
97104,0,0
1023,0,0
-15652,0,0
29404,0,0
-82444,0,0
-27161,0,0
33379,0,0
191260,0,0
-30623,0,0
-208286,0,0
-18224,0,0
123497,0,0
115351,0,0
-46793,0,0
-104755,0,0
124371,0,0
145126,0,0
-37283,0,0
-147740,0,0
-145280,0,0
38693,0,0
53923,0,0
-73611,0,0
150250,0,0
-31501,0,0
-56734,0,0
-154630,0,0
165279,0,0
72358,0,0
-21204,0,0
-152241,0,0
-274988,0,0
113763,0,0
539093,0,0
108917,0,0
-151463,0,0
-201977,0,0
-39914,0,0
233675,0,0
128238,0,0
55917,0,0
10132,0,0
16652,0,0
32379,0,0
214492,0,0
199354,0,0
-62991,0,0
33507,0,0
106098,0,0
85623,0,0
53366,0,0
-11087,0,0
-90072,0,0
86357,0,0
232620,0,0
-85892,0,0
127678,0,0
165394,0,0
-105600,0,0
-209171,0,0
-79363,0,0
61734,0,0
117631,0,0
13859,0,0
-85715,0,0
-42131,0,0
177373,0,0
31019,0,0
-143446,0,0
-231033,0,0
-107759,0,0
12779,0,0
33432,0,0
-125933,0,0
-48103,0,0
162337,0,0
124190,0,0
-7140,0,0
-132969,0,0
-266932,0,0
-101060,0,0
44670,0,0
188130,0,0
25827,0,0
-152896,0,0
51730,0,0
109469,0,0
-85784,0,0
12568,0,0
-92258,0,0
36003,0,0
20057,0,0
107111,0,0
-172468,0,0
-65472,0,0
-48074,0,0
139348,0,0
84672,0,0
-224803,0,0
-85309,0,0
-36520,0,0
188318,0,0
119382,0,0
-70821,0,0
-146844,0,0
-148167,0,0
142628,0,0
74115,0,0
107136,0,0
-68643,0,0
-94720,0,0
-121565,0,0
13798,0,0
109022,0,0
224998,0,0
-75111,0,0
4610,0,0
92252,0,0
-77987,0,0
-215336,0,0
-203131,0,0
186361,0,0
86179,0,0
15455,0,0
210052,0,0
38595,0,0
-80626,0,0
-97346,0,0
33477,0,0
-5849,0,0
-29282,0,0
-84262,0,0
79200,0,0
77774,0,0
40914,0,0
44859,0,0
-60331,0,0
-50272,0,0
-110487,0,0
116543,0,0
273011,0,0
4513,0,0
-59632,0,0
-107819,0,0
-86784,0,0
-101583,0,0
186267,0,0
-15284,0,0
-41948,0,0
-83214,0,0
106340,0,0
110899,0,0
-142455,0,0
-50746,0,0
178437,0,0
-30598,0,0
41371,0,0
124713,0,0
-58998,0,0
-33712,0,0
45491,0,0
-30525,0,0
-747,0,0
95841,0,0
-19060,0,0
-80626,0,0
156165,0,0
64061,0,0
-11889,0,0
52776,0,0
45938,0,0
-36692,0,0
-63868,0,0
-122141,0,0
62942,0,0
97783,0,0
108567,0,0
-27573,0,0
-39796,0,0
96775,0,0
-76498,0,0
-12159,0,0
-56353,0,0
209464,0,0
125732,0,0
-51450,0,0
-63035,0,0
-175237,0,0
-14321,0,0
92685,0,0
-44867,0,0
-49632,0,0
-26321,0,0
-49394,0,0
211058,0,0
-91546,0,0
-79233,0,0
-48421,0,0
29356,0,0
-74433,0,0
-341303,0,0
-35624,0,0
97137,0,0
-36611,0,0
108020,0,0
68727,0,0
-57636,0,0
-64345,0,0
39927,0,0
38708,0,0
-60702,0,0
-21696,0,0
-57006,0,0
-18492,0,0
115182,0,0
17033,0,0
-44166,0,0
-3415,0,0
-80285,0,0
-52730,0,0
153166,0,0
-21480,0,0
50424,0,0
-45517,0,0
-50046,0,0
-13803,0,0
-27412,0,0
-14942,0,0
4840,0,0
-54188,0,0
-64933,0,0
-120397,0,0
-205307,0,0
-102596,0,0
179637,0,0
328343,0,0
198602,0,0
-220895,0,0
-276911,0,0
-143455,0,0
12536,0,0
-66226,0,0
-54899,0,0
-44171,0,0
-109101,0,0
-53226,0,0
158596,0,0
47577,0,0
-81204,0,0
-28299,0,0
-56324,0,0
170201,0,0
70823,0,0
-113240,0,0
-129620,0,0
-108350,0,0
38936,0,0
168293,0,0
98455,0,0
25910,0,0
-63957,0,0
229941,0,0
79520,0,0
-27732,0,0
-56203,0,0
-13823,0,0
47435,0,0
179595,0,0
157125,0,0
-3280,0,0
-255115,0,0
-13688,0,0
7964,0,0
-2404,0,0
52585,0,0
103530,0,0
189452,0,0
-83267,0,0
-3373,0,0
-49767,0,0
-125756,0,0
-56224,0,0
-23690,0,0
-190727,0,0
20248,0,0
313499,0,0
14686,0,0
-98162,0,0
-16175,0,0
-86029,0,0
69252,0,0
82832,0,0
-82601,0,0
2538,0,0
-67962,0,0
-16171,0,0
65833,0,0
-105276,0,0
-44529,0,0
45339,0,0
-490,0,0
46959,0,0
15516,0,0
-90017,0,0
-200472,0,0
82546,0,0
-122907,0,0
87025,0,0
205293,0,0
-78030,0,0
-5734,0,0
-119260,0,0
-194593,0,0
-29525,0,0
98095,0,0
185250,0,0
56048,0,0
21328,0,0
29802,0,0
-54335,0,0
-168424,0,0
-23803,0,0
33412,0,0
42149,0,0
-62189,0,0
-132883,0,0
171819,0,0
318626,0,0
-70856,0,0
-305209,0,0
-145074,0,0
-123636,0,0
78725,0,0
96551,0,0
3052,0,0
3098,0,0
-29127,0,0
150202,0,0
57110,0,0
-208771,0,0
-48903,0,0
175922,0,0
162991,0,0
19194,0,0
-87041,0,0
-26306,0,0
152601,0,0
67432,0,0
18310,0,0
33643,0,0
113763,0,0
140832,0,0
-90593,0,0
-120311,0,0
63532,0,0
114318,0,0
280286,0,0
29153,0,0
-121275,0,0
39469,0,0
-12844,0,0
-106934,0,0
17713,0,0
91947,0,0
76220,0,0
-97318,0,0
-61905,0,0
206653,0,0
37351,0,0
-27343,0,0
-68109,0,0
-192932,0,0
-181853,0,0
-179891,0,0
163501,0,0
-35635,0,0
12471,0,0
68091,0,0
3594,0,0
-49015,0,0
-228961,0,0
-14337,0,0
125038,0,0
19740,0,0
-39715,0,0
-25831,0,0
-37848,0,0
11712,0,0
44610,0,0
-38211,0,0
-26620,0,0
138988,0,0
105880,0,0
80295,0,0
-49421,0,0
-4830,0,0
-26294,0,0
-2269,0,0
-3794,0,0
-30255,0,0
3432,0,0
78227,0,0
-75838,0,0
-135054,0,0
-154233,0,0
-41170,0,0
165014,0,0
224182,0,0
63680,0,0
-82451,0,0
-34177,0,0
-39276,0,0
-40965,0,0
41948,0,0
45428,0,0
97188,0,0
-57794,0,0
-56497,0,0
81160,0,0
40022,0,0
191817,0,0
220230,0,0
-117448,0,0
686,0,0
-2539,0,0
-12666,0,0
40632,0,0
-114976,0,0
-50431,0,0
252600,0,0
-31009,0,0
90768,0,0
11881,0,0
60674,0,0
-37441,0,0
38719,0,0
14069,0,0
-40234,0,0
-121881,0,0
28611,0,0
142789,0,0
312827,0,0
166208,0,0
-71414,0,0
-142152,0,0
-75365,0,0
51733,0,0
61193,0,0
144364,0,0
15844,0,0
-99752,0,0
-59499,0,0
-32231,0,0
-74090,0,0
142959,0,0
102457,0,0
-246210,0,0
-178795,0,0
-64911,0,0
89910,0,0
172228,0,0
-8357,0,0
-147682,0,0
-120787,0,0
-52825,0,0
-86578,0,0
-28010,0,0
-42054,0,0
76856,0,0
-82582,0,0
-11625,0,0
25620,0,0
-128371,0,0
87544,0,0
-22388,0,0
104276,0,0
-26088,0,0
64452,0,0
45982,0,0
-195612,0,0
-106762,0,0
-80453,0,0
128243,0,0
-36486,0,0
69875,0,0
105829,0,0
284417,0,0
1281,0,0
-227245,0,0
-161116,0,0
-121210,0,0
3841,0,0
262580,0,0
30810,0,0
-158963,0,0
-37635,0,0
-73816,0,0
123382,0,0
78722,0,0
-153525,0,0
-52002,0,0
-39893,0,0
-93931,0,0
-115768,0,0
-111099,0,0
-72218,0,0
31990,0,0
47783,0,0
-348604,0,0
-191481,0,0
-54700,0,0
-64486,0,0
49092,0,0
186676,0,0
-103211,0,0
-62201,0,0
-227034,0,0
-128375,0,0
-1174,0,0
-208090,0,0
-30907,0,0
40104,0,0
112889,0,0
75866,0,0
-28176,0,0
-236162,0,0
-37826,0,0
126918,0,0
69337,0,0
131548,0,0
-88839,0,0
36009,0,0
-103963,0,0
84428,0,0
1603,0,0
-81088,0,0
27875,0,0
139707,0,0
142121,0,0
46238,0,0
-251103,0,0
-71319,0,0
-101479,0,0
117438,0,0
20902,0,0
-75792,0,0
185166,0,0
-64833,0,0
-48406,0,0
-53663,0,0
-438298,0,0
-36611,0,0
292906,0,0
147160,0,0
-87537,0,0
-123533,0,0
-51194,0,0
117006,0,0
99316,0,0
-133340,0,0
-84734,0,0
129315,0,0
170188,0,0
-151913,0,0
129710,0,0
10473,0,0
146188,0,0
59730,0,0
-63592,0,0
-122538,0,0
-47959,0,0
255980,0,0
131639,0,0
58013,0,0
202044,0,0
-169899,0,0
-100062,0,0
98900,0,0
54402,0,0
115494,0,0
78520,0,0
-50554,0,0
-14652,0,0
-20936,0,0
267147,0,0
197925,0,0
13690,0,0
-44153,0,0
-128272,0,0
79540,0,0
112886,0,0
27465,0,0
26212,0,0
-8360,0,0
-23495,0,0
-47821,0,0
78963,0,0
-67506,0,0
70742,0,0
135929,0,0
53331,0,0
-6867,0,0
-111331,0,0
46,0,0
30109,0,0
2435,0,0
76268,0,0
20421,0,0
-72437,0,0
73867,0,0
27832,0,0
-49278,0,0
53526,0,0
-144173,0,0
-50482,0,0
-78802,0,0
84766,0,0
140521,0,0
-75360,0,0
-161589,0,0
-180091,0,0
-140084,0,0
36597,0,0
88175,0,0
130498,0,0
-38354,0,0
-52943,0,0
-102381,0,0
-107747,0,0
-224062,0,0
-44811,0,0
22446,0,0
254408,0,0
20005,0,0
-247996,0,0
-2174,0,0
264751,0,0
54322,0,0
-163903,0,0
185152,0,0
-52034,0,0
-137646,0,0
58302,0,0
73330,0,0
74681,0,0
-102298,0,0
33171,0,0
131194,0,0
163606,0,0
-26471,0,0
-21824,0,0
117438,0,0
595,0,0
99063,0,0
43358,0,0
-107594,0,0
44798,0,0
114255,0,0
120053,0,0
94163,0,0
311873,0,0
-62359,0,0
-10065,0,0
87204,0,0
46525,0,0
-31614,0,0
23673,0,0
53622,0,0
45929,0,0
195399,0,0
73531,0,0
-60464,0,0
92829,0,0
-56386,0,0
63180,0,0
93126,0,0
152069,0,0
-158994,0,0
-28089,0,0
-52711,0,0
7891,0,0
136044,0,0
-5366,0,0
-101378,0,0
-79612,0,0
122664,0,0
56654,0,0
63254,0,0
-4918,0,0
104131,0,0
131841,0,0
-243143,0,0
-143296,0,0
163056,0,0
72970,0,0
28707,0,0
53586,0,0
78201,0,0
-75988,0,0
52928,0,0
76585,0,0
-125854,0,0
7,0,0
-158569,0,0
75939,0,0
-49359,0,0
99612,0,0
162515,0,0
60110,0,0
56059,0,0
64537,0,0
-239523,0,0
-181850,0,0
72285,0,0
109631,0,0
176648,0,0
56131,0,0
-140189,0,0
-56645,0,0
46978,0,0
292448,0,0
52202,0,0
-195050,0,0
-82791,0,0
31626,0,0
177109,0,0
78318,0,0
52282,0,0
-159263,0,0
-99112,0,0
20062,0,0
31217,0,0
138569,0,0
-20154,0,0
83856,0,0
11741,0,0
-195197,0,0
-71212,0,0
276179,0,0
-58887,0,0
-87337,0,0
-13396,0,0
130193,0,0
-159984,0,0
201470,0,0
60687,0,0
23143,0,0
-64157,0,0
-9703,0,0
-74416,0,0
-90204,0,0
71568,0,0
67480,0,0
47861,0,0
83281,0,0
-100484,0,0
-957,0,0
95691,0,0
198401,0,0
-130829,0,0
-218233,0,0
-21341,0,0
35000,0,0
65333,0,0
-140563,0,0
-15076,0,0
73962,0,0
8642,0,0
-27226,0,0
-67814,0,0
107822,0,0
60362,0,0
11549,0,0
-109432,0,0
-82942,0,0
-29964,0,0
76530,0,0
-27445,0,0
38446,0,0
-77394,0,0
-96352,0,0
269101,0,0
-32170,0,0
-60154,0,0
121985,0,0
83062,0,0
56505,0,0
-22652,0,0
-179329,0,0
-124677,0,0
-59976,0,0
-20071,0,0
262805,0,0
221234,0,0
-125454,0,0
-27379,0,0
-232666,0,0
106674,0,0
-50388,0,0
-120589,0,0
118149,0,0
220729,0,0
-45895,0,0
-185826,0,0
-99084,0,0
-130960,0,0
-15601,0,0
74334,0,0
42839,0,0
244493,0,0
-150119,0,0
-155617,0,0
27905,0,0
-26258,0,0
-156865,0,0
87110,0,0
-22835,0,0
-32244,0,0
-65831,0,0
8557,0,0
33927,0,0
166161,0,0
27723,0,0
-168994,0,0
36349,0,0
63479,0,0
-17888,0,0
-124660,0,0
-15970,0,0
207691,0,0
-9633,0,0
-41399,0,0
-15871,0,0
68925,0,0
147646,0,0
99014,0,0
-272386,0,0
9570,0,0
204874,0,0
-59853,0,0
-45438,0,0
75704,0,0
43311,0,0
-87279,0,0
-54556,0,0
-57809,0,0
238552,0,0
139421,0,0
-196006,0,0
-188404,0,0
-129418,0,0
126241,0,0
243364,0,0
134576,0,0
-199733,0,0
-165834,0,0
95336,0,0
144706,0,0
-142565,0,0
-98215,0,0
23620,0,0
-52405,0,0
16043,0,0
142526,0,0
96051,0,0
38544,0,0
29017,0,0
-169073,0,0
-62205,0,0
178303,0,0
26743,0,0
-138775,0,0
-76756,0,0
93245,0,0
-19982,0,0
-63311,0,0
119988,0,0
17128,0,0
4895,0,0
68769,0,0
-134410,0,0
-126115,0,0
-95573,0,0
15529,0,0
233621,0,0
39228,0,0
-146395,0,0
-9488,0,0
-83247,0,0
-99340,0,0
107934,0,0
-138200,0,0
-41657,0,0
9682,0,0
131521,0,0
86729,0,0
126638,0,0
-111984,0,0
-143310,0,0
91703,0,0
156005,0,0
-5616,0,0
6349,0,0
13886,0,0
79205,0,0
158354,0,0
92471,0,0
130201,0,0
-149504,0,0
153808,0,0
11286,0,0
17817,0,0
118916,0,0
114422,0,0
161220,0,0
-17337,0,0
54005,0,0
68733,0,0
-38556,0,0
-70057,0,0
92715,0,0
174584,0,0
-38092,0,0
-3649,0,0
176559,0,0
13389,0,0
-46606,0,0
39947,0,0
124389,0,0
73912,0,0
125887,0,0
64137,0,0
10994,0,0
25646,0,0
-28396,0,0
94642,0,0
362535,0,0
104212,0,0
-28542,0,0
78314,0,0
169312,0,0
134820,0,0
501,0,0
188880,0,0
139812,0,0
89661,0,0
88025,0,0
64157,0,0
72933,0,0
94483,0,0
177856,0,0
-59646,0,0
43901,0,0
-97808,0,0
-33784,0,0
51969,0,0
256922,0,0
156552,0,0
-218974,0,0
-75262,0,0
-47158,0,0
-14293,0,0
56132,0,0
-68847,0,0
-80887,0,0
-82453,0,0
-37093,0,0
65570,0,0
92890,0,0
-118816,0,0
-34275,0,0
-75153,0,0
-133704,0,0
-99870,0,0
12253,0,0
52332,0,0
96794,0,0
9720,0,0
-273841,0,0
-183712,0,0
-234,0,0
31580,0,0
84993,0,0
91254,0,0
-24875,0,0
42738,0,0
-121604,0,0
-315282,0,0
15988,0,0
-22744,0,0
60313,0,0
349313,0,0
107985,0,0
-190806,0,0
-206726,0,0
-129161,0,0
140695,0,0
-47535,0,0
-57233,0,0
-100546,0,0
13797,0,0
42531,0,0
51095,0,0
118561,0,0
149205,0,0
-27558,0,0
-240355,0,0
-148916,0,0
-79824,0,0
49658,0,0
145828,0,0
-43766,0,0
-33736,0,0
82122,0,0
36616,0,0
62703,0,0
-43418,0,0
-177615,0,0
-61275,0,0
-31708,0,0
-72856,0,0
-26041,0,0
152604,0,0
-5857,0,0
-86135,0,0
-103771,0,0
-66390,0,0
-87552,0,0
-61304,0,0
-45094,0,0
35962,0,0
1894,0,0
-54809,0,0
-165506,0,0
-63551,0,0
198049,0,0
9925,0,0
-187489,0,0
28021,0,0
-56897,0,0
-164071,0,0
-75827,0,0
11661,0,0
257586,0,0
-131873,0,0
-214625,0,0
63974,0,0
127398,0,0
-75158,0,0
3622,0,0
-183826,0,0
-118859,0,0
-3273,0,0
68151,0,0
-63877,0,0
-78995,0,0
-57892,0,0
-159550,0,0
-143174,0,0
29700,0,0
122558,0,0
27227,0,0
-172473,0,0
-82813,0,0
-110103,0,0
-306518,0,0
-108094,0,0
-36843,0,0
44923,0,0
-175669,0,0
43952,0,0
-125015,0,0
-35308,0,0
-5159,0,0
-109612,0,0
-153452,0,0
-74808,0,0
57784,0,0
-62636,0,0
-41582,0,0
-167106,0,0
267129,0,0
72122,0,0
-106244,0,0
-121628,0,0
-117573,0,0
-64975,0,0
39694,0,0
218560,0,0
218161,0,0
-246232,0,0
10717,0,0
-61763,0,0
8110,0,0
-54109,0,0
-63377,0,0
93799,0,0
112424,0,0
-61865,0,0
-145377,0,0
31186,0,0
151720,0,0
103751,0,0
32736,0,0
-222208,0,0
-128572,0,0
165252,0,0
108864,0,0
-92027,0,0
30905,0,0
-92579,0,0
-68693,0,0
-37545,0,0
117983,0,0
214898,0,0
-4529,0,0
-61179,0,0
-57778,0,0
-214135,0,0
73870,0,0
3439,0,0
-103452,0,0
149013,0,0
43920,0,0
16872,0,0
-72955,0,0
-167401,0,0
110794,0,0
93280,0,0
-54185,0,0
-86627,0,0
-16393,0,0
45961,0,0
26749,0,0
57985,0,0
109909,0,0
-6971,0,0
9049,0,0
-56595,0,0
-71912,0,0
103544,0,0
171726,0,0
-58245,0,0
-144799,0,0
-117132,0,0
-73742,0,0
54899,0,0
131715,0,0
94384,0,0
2477,0,0
-347135,0,0
-209519,0,0
38275,0,0
35127,0,0
3052,0,0
-147954,0,0
67741,0,0
13099,0,0
-200001,0,0
-206000,0,0
84704,0,0
166528,0,0
20656,0,0
-12105,0,0
-136315,0,0
-142802,0,0
80267,0,0
195491,0,0
22334,0,0
-11684,0,0
122744,0,0
-84621,0,0
-63678,0,0
-142549,0,0
25152,0,0
186559,0,0
60223,0,0
-101425,0,0
-100599,0,0
121950,0,0
-66927,0,0
281180,0,0
53313,0,0
-171742,0,0
-134884,0,0
-74641,0,0
42510,0,0
141898,0,0
-68327,0,0
-77181,0,0
210445,0,0
65088,0,0
256927,0,0
-68983,0,0
-41999,0,0
-85549,0,0
152092,0,0
18777,0,0
66795,0,0
-49117,0,0
-23258,0,0
14281,0,0
-37518,0,0
-106607,0,0
81624,0,0
235696,0,0
-11942,0,0
-11052,0,0
-41567,0,0
-85440,0,0
-3374,0,0
18440,0,0
12507,0,0
-40750,0,0
-136376,0,0
-26094,0,0
44206,0,0
141927,0,0
-151978,0,0
-134782,0,0
-102148,0,0
88352,0,0
240599,0,0
179,0,0
-47523,0,0
-45897,0,0
-142860,0,0
-21449,0,0
104696,0,0
-138739,0,0
122405,0,0
84353,0,0
-65939,0,0
-109678,0,0
29897,0,0
-17587,0,0
132875,0,0
140482,0,0
-100685,0,0
-65853,0,0
47353,0,0
-123244,0,0
-41971,0,0
98446,0,0
-67224,0,0
-73989,0,0
-57522,0,0
-145537,0,0
-14350,0,0
23887,0,0
141117,0,0
-28547,0,0
91947,0,0
-21390,0,0
-199966,0,0
-4833,0,0
-7497,0,0
58869,0,0
89225,0,0
53941,0,0
-27516,0,0
-131751,0,0
-89270,0,0
111447,0,0
360813,0,0
74132,0,0
-292213,0,0
-69276,0,0
-27067,0,0
117674,0,0
-96890,0,0
-172042,0,0
-64773,0,0
34891,0,0
248936,0,0
-7495,0,0
-136573,0,0
16348,0,0
-174233,0,0
-113892,0,0
-95249,0,0
46201,0,0
151326,0,0
61708,0,0
-57883,0,0
-187590,0,0
39243,0,0
92032,0,0
-1672,0,0
115958,0,0
-119107,0,0
-47899,0,0
-10629,0,0
130649,0,0
73144,0,0
117128,0,0
46139,0,0
-228668,0,0
-64407,0,0
130813,0,0
8248,0,0
30255,0,0
15071,0,0
15750,0,0
69948,0,0
89608,0,0
-48408,0,0
11710,0,0
3201,0,0
-14994,0,0
-126996,0,0
-206011,0,0
-43388,0,0
178796,0,0
181304,0,0
-87196,0,0
-11243,0,0
-57119,0,0
-128362,0,0
29793,0,0
24944,0,0
-27088,0,0
-238939,0,0
-83142,0,0
46618,0,0
69272,0,0
-119429,0,0
-215884,0,0
40393,0,0
-16161,0,0
96414,0,0
-178321,0,0
-123628,0,0
-128139,0,0
-207034,0,0
-120819,0,0
72423,0,0
-245207,0,0
76297,0,0
-91876,0,0
-231894,0,0
1636,0,0
-5601,0,0
-65218,0,0
-159512,0,0
-73308,0,0
-62237,0,0
63858,0,0
-77110,0,0
-266549,0,0
-9480,0,0
210856,0,0
53813,0,0
-149314,0,0
-116132,0,0
20876,0,0
24596,0,0
12730,0,0
-13325,0,0
-116530,0,0
-136302,0,0
-73540,0,0
210842,0,0
-37550,0,0
-95275,0,0
44836,0,0
-28553,0,0
-75010,0,0
-76405,0,0
51394,0,0
127094,0,0
-182404,0,0
-82361,0,0
-88321,0,0
-120610,0,0
121704,0,0
60786,0,0
23787,0,0
103661,0,0
92298,0,0
131657,0,0
-46691,0,0
-2211,0,0
-46962,0,0
-36170,0,0
74185,0,0
-4182,0,0
2312,0,0
236631,0,0
171317,0,0
48421,0,0
-93442,0,0
-44597,0,0
-69571,0,0
36404,0,0
111739,0,0
42789,0,0
-144927,0,0
131536,0,0
28552,0,0
-151986,0,0
-90760,0,0
-87907,0,0
-88996,0,0
107356,0,0
227463,0,0
-64305,0,0
-3576,0,0
-46511,0,0
-146748,0,0
56722,0,0
-28144,0,0
189793,0,0
15116,0,0
-238134,0,0
-147298,0,0
117139,0,0
210792,0,0
195633,0,0
8550,0,0
-135847,0,0
-10346,0,0
-29661,0,0
-36062,0,0
48433,0,0
136236,0,0
-193781,0,0
9316,0,0
-25368,0,0
50997,0,0
135912,0,0
-20557,0,0
43282,0,0
-205537,0,0
-23257,0,0
197201,0,0
-8279,0,0
24949,0,0
-107642,0,0
-113361,0,0
-79207,0,0
165941,0,0
231786,0,0
181021,0,0
-93233,0,0
-166894,0,0
-207719,0,0
-13478,0,0
248784,0,0
193873,0,0
-73304,0,0
95367,0,0
413870,0,0
84763,0,0
138215,0,0
159512,0,0
75144,0,0
59808,0,0
202629,0,0
294691,0,0
221484,0,0
182289,0,0
282041,0,0
242233,0,0
252543,0,0
170605,0,0
236705,0,0
440981,0,0
214948,0,0
58296,0,0
146170,0,0
157351,0,0
186202,0,0
154510,0,0
-100783,0,0
154271,0,0
491758,0,0
114929,0,0
-82618,0,0
-32157,0,0
39332,0,0
293040,0,0
487533,0,0
-11929,0,0
-115923,0,0
25663,0,0
-52675,0,0
-25607,0,0
146065,0,0
239991,0,0
339705,0,0
18644,0,0
42849,0,0
-98667,0,0
53882,0,0
150351,0,0
113495,0,0
-94882,0,0
-28089,0,0
-3564,0,0
213764,0,0
123108,0,0
-135959,0,0
143063,0,0
-11929,0,0
703,0,0
146514,0,0
-77849,0,0
83348,0,0
-127514,0,0
-110041,0,0
-46063,0,0
33056,0,0
-32394,0,0
-72777,0,0
-39824,0,0
142072,0,0
100031,0,0
-184672,0,0
-89857,0,0
-172177,0,0
-160427,0,0
-62372,0,0
108280,0,0
61914,0,0
-98392,0,0
-126380,0,0
-81589,0,0
-110003,0,0
-127631,0,0
-91056,0,0
158175,0,0
316530,0,0
-17865,0,0
-112767,0,0
-64006,0,0
-15980,0,0
-235368,0,0
-204724,0,0
105783,0,0
69471,0,0
60148,0,0
171316,0,0
-85469,0,0
-15988,0,0
95287,0,0
-194817,0,0
-37041,0,0
-16552,0,0
-87881,0,0
-20602,0,0
166294,0,0
91686,0,0
58585,0,0
-38296,0,0
8293,0,0
42508,0,0
-141583,0,0
-59791,0,0
33984,0,0
71369,0,0
120469,0,0
-7609,0,0
-53949,0,0
121127,0,0
140412,0,0
-97918,0,0
-88221,0,0
-35510,0,0
-120328,0,0
8840,0,0
16320,0,0
-28500,0,0
57946,0,0
149028,0,0
-26121,0,0
-4617,0,0
-89545,0,0
-153633,0,0
9145,0,0
-66500,0,0
67192,0,0
25113,0,0
-8384,0,0
-34972,0,0
37227,0,0
155684,0,0
18923,0,0
-183058,0,0
-69621,0,0
-1323,0,0
-51650,0,0
-115207,0,0
-29703,0,0
266231,0,0
85097,0,0
-142311,0,0
-18827,0,0
-56163,0,0
-110980,0,0
-91650,0,0
-107221,0,0
52966,0,0
73905,0,0
-124724,0,0
-246638,0,0
-87781,0,0
194270,0,0
94578,0,0
-230676,0,0
-97703,0,0
-55693,0,0
-89204,0,0
-19001,0,0
57611,0,0
-134596,0,0
-108199,0,0
-154310,0,0
-37229,0,0
39288,0,0
-75471,0,0
63158,0,0
-223778,0,0
111472,0,0
-34621,0,0
-169936,0,0
72911,0,0
-38990,0,0
-14431,0,0
29076,0,0
-215088,0,0
-127068,0,0
45771,0,0
130868,0,0
-130294,0,0
-116968,0,0
8288,0,0
-136669,0,0
196301,0,0
49824,0,0
-56228,0,0
-155167,0,0
-137994,0,0
32751,0,0
29541,0,0
21178,0,0
-83625,0,0
-2718,0,0
-32143,0,0
40534,0,0
44074,0,0
-6901,0,0
-108316,0,0
-42750,0,0
-159116,0,0
-64896,0,0
225695,0,0
203358,0,0
9721,0,0
123663,0,0
-111386,0,0
-144588,0,0
-44365,0,0
-51613,0,0
9464,0,0
166308,0,0
100317,0,0
-91017,0,0
-51173,0,0
11657,0,0
-28815,0,0
102914,0,0
15281,0,0
-91160,0,0
198409,0,0
-39694,0,0
-127879,0,0
11258,0,0
-58694,0,0
-20694,0,0
1804,0,0
-119235,0,0
-87881,0,0
17277,0,0
60622,0,0
84436,0,0
-69181,0,0
-9998,0,0
-134322,0,0
-118216,0,0
22385,0,0
155262,0,0
-49356,0,0
-202683,0,0
-98705,0,0
-117776,0,0
-92738,0,0
71215,0,0
150661,0,0
133484,0,0
-81701,0,0
-5622,0,0
-107968,0,0
-66689,0,0
71373,0,0
14387,0,0
-139444,0,0
-76315,0,0
190654,0,0
75896,0,0
-24238,0,0
-92437,0,0
34882,0,0
-204438,0,0
-51993,0,0
52540,0,0
320177,0,0
-48823,0,0
-88941,0,0
-5914,0,0
-138865,0,0
107687,0,0
-136991,0,0
-93841,0,0
-96360,0,0
70539,0,0
128378,0,0
-81306,0,0
-297082,0,0
58250,0,0
127294,0,0
-152509,0,0
52718,0,0
78590,0,0
-199618,0,0
-210759,0,0
21940,0,0
-64313,0,0
-43642,0,0
-23231,0,0
-1399,0,0
-20267,0,0
-7203,0,0
-87592,0,0
-110168,0,0
-798,0,0
65645,0,0
-166581,0,0
-17950,0,0
221039,0,0
-82014,0,0
188488,0,0
56751,0,0
-190538,0,0
-95464,0,0
100194,0,0
133190,0,0
-11241,0,0
118087,0,0
123533,0,0
-10460,0,0
-121087,0,0
104505,0,0
66565,0,0
8855,0,0
43593,0,0
-8225,0,0
306150,0,0
70056,0,0
-106337,0,0
-61276,0,0
-92102,0,0
254036,0,0
59764,0,0
-127505,0,0
-6970,0,0
149436,0,0
11310,0,0
150917,0,0
-11022,0,0
-38005,0,0
-52249,0,0
-17927,0,0
-56776,0,0
8331,0,0
-31961,0,0
-42474,0,0
132033,0,0
-19944,0,0
-34711,0,0
-64329,0,0
-47671,0,0
-61436,0,0
-76522,0,0
-28430,0,0
-239919,0,0
-115489,0,0
26544,0,0
-93742,0,0
298166,0,0
128904,0,0
-177121,0,0
-94419,0,0
-82637,0,0
-184700,0,0
-8410,0,0
-49882,0,0
38718,0,0
-91043,0,0
-40647,0,0
-31869,0,0
-63500,0,0
-6381,0,0
-9488,0,0
-96256,0,0
-190983,0,0
122549,0,0
-73948,0,0
-120918,0,0
-173497,0,0
-231728,0,0
97768,0,0
-91905,0,0
-52165,0,0
-83108,0,0
-288510,0,0
-70695,0,0
131307,0,0
215112,0,0
-147548,0,0
-286725,0,0
-90332,0,0
155060,0,0
55299,0,0
-146012,0,0
-83360,0,0
88499,0,0
107803,0,0
117713,0,0
-2481,0,0
-140372,0,0
-64696,0,0
75783,0,0
-35329,0,0
111264,0,0
146988,0,0
1431,0,0
-14237,0,0
-141429,0,0
-90222,0,0
-28493,0,0
243,0,0
205879,0,0
39023,0,0
-37234,0,0
-9595,0,0
-71052,0,0
41839,0,0
-89123,0,0
-90806,0,0
-71510,0,0
34343,0,0
97020,0,0
104674,0,0
32385,0,0
12865,0,0
-64394,0,0
66563,0,0
-28274,0,0
34584,0,0
56846,0,0
-48528,0,0
42398,0,0
-71666,0,0
-102242,0,0
-103547,0,0
54362,0,0
-49934,0,0
-96995,0,0
221379,0,0
302700,0,0
-140977,0,0
-383472,0,0
-254837,0,0
-36189,0,0
-107981,0,0
219796,0,0
157581,0,0
-145178,0,0
-147434,0,0
-223497,0,0
-27932,0,0
43905,0,0
-11653,0,0
-14227,0,0
-126850,0,0
-81565,0,0
-27645,0,0
-7333,0,0
-77079,0,0
-106510,0,0
-135432,0,0
-70001,0,0
244794,0,0
13024,0,0
-77546,0,0
-195560,0,0
-104791,0,0
28806,0,0
-81010,0,0
-104118,0,0
-18027,0,0
68008,0,0
67536,0,0
-59101,0,0
-192092,0,0
42865,0,0
173657,0,0
15624,0,0
-25078,0,0
-196745,0,0
62253,0,0
97521,0,0
-50153,0,0
-35018,0,0
43840,0,0
-85950,0,0
-91792,0,0
68376,0,0
27518,0,0
105738,0,0
72937,0,0
15697,0,0
-137509,0,0
-108898,0,0
-51287,0,0
130810,0,0
-49618,0,0
209652,0,0
-8238,0,0
-161718,0,0
-17036,0,0
-10650,0,0
-68370,0,0
60496,0,0
-26447,0,0
-51408,0,0
59032,0,0
231613,0,0
-137729,0,0
-195375,0,0
44579,0,0
170342,0,0
-249603,0,0
-221578,0,0
51172,0,0
283291,0,0
37237,0,0
131158,0,0
67986,0,0
-353555,0,0
21345,0,0
-130576,0,0
116587,0,0
-923,0,0
71020,0,0
25669,0,0
76687,0,0
153542,0,0
43754,0,0
-95835,0,0
-65189,0,0
34596,0,0
83538,0,0
86306,0,0
-35076,0,0
-24823,0,0
-15062,0,0
178915,0,0
118723,0,0
-107477,0,0
14074,0,0
217524,0,0
-29447,0,0
35031,0,0
171292,0,0
-48068,0,0
-108758,0,0
63477,0,0
122559,0,0
7673,0,0
110972,0,0
54547,0,0
-106937,0,0
-86631,0,0
87660,0,0
-28542,0,0
24751,0,0
-66807,0,0
-39924,0,0
90369,0,0
88376,0,0
-133346,0,0
-60369,0,0
-16807,0,0
-58078,0,0
41942,0,0
-98954,0,0
-45206,0,0
-77327,0,0
-86435,0,0
36164,0,0
58045,0,0
29989,0,0
-50713,0,0
-84099,0,0
144248,0,0
61546,0,0
20220,0,0
-124570,0,0
-112697,0,0
-106708,0,0
107009,0,0
240092,0,0
-47228,0,0
-2113,0,0
-12799,0,0
87176,0,0
-10199,0,0
-18729,0,0
-9526,0,0
405,0,0
-88936,0,0
20101,0,0
129144,0,0
30381,0,0
-98302,0,0
125812,0,0
-79614,0,0
-20352,0,0
89923,0,0
57230,0,0
-4962,0,0
-159385,0,0
-116241,0,0
78527,0,0
86126,0,0
91752,0,0
-68420,0,0
30595,0,0
-115848,0,0
742,0,0
-82013,0,0
-139414,0,0
-46920,0,0
41710,0,0
-37657,0,0
56452,0,0
-75049,0,0
-98081,0,0
-211962,0,0
10613,0,0
-8467,0,0
38210,0,0
-66455,0,0
97407,0,0
-207100,0,0
-173416,0,0
-22990,0,0
-156984,0,0
-53696,0,0
19872,0,0
218269,0,0
341308,0,0
20148,0,0
-222645,0,0
85328,0,0
-94065,0,0
14421,0,0
113324,0,0
-914,0,0
33219,0,0
47460,0,0
303160,0,0
58604,0,0
3632,0,0
113216,0,0
-7216,0,0
-96352,0,0
233885,0,0
32215,0,0
-31431,0,0
28062,0,0
197870,0,0
-103332,0,0
13634,0,0
71614,0,0
28652,0,0
-101555,0,0
155935,0,0
68380,0,0
-72373,0,0
-53259,0,0
-26553,0,0
-51311,0,0
-9424,0,0
8983,0,0
47396,0,0
119359,0,0
73154,0,0
-185232,0,0
-211829,0,0
48459,0,0
181073,0,0
-81094,0,0
-139003,0,0
-21092,0,0
-57440,0,0
30392,0,0
144348,0,0
-15134,0,0
-26300,0,0
-18038,0,0
-91424,0,0
-9157,0,0
-92152,0,0
2385,0,0
-49235,0,0
22551,0,0
-127700,0,0
13062,0,0
20042,0,0
-34061,0,0
13424,0,0
-42493,0,0
13747,0,0
-175802,0,0
-46735,0,0
49685,0,0
26022,0,0
133782,0,0
-90211,0,0
-156313,0,0
-156429,0,0
107108,0,0
71699,0,0
20696,0,0
-303530,0,0
-44247,0,0
485701,0,0
141663,0,0
-214992,0,0
-197037,0,0
-116913,0,0
-74751,0,0
233324,0,0
123824,0,0
-56180,0,0
149268,0,0
-43801,0,0
-112579,0,0
140431,0,0
45229,0,0
-119326,0,0
62940,0,0
115411,0,0
153911,0,0
-8191,0,0
-39216,0,0
65095,0,0
300392,0,0
198053,0,0
-68296,0,0
-154232,0,0
1763,0,0
84666,0,0
123529,0,0
-61544,0,0
-57063,0,0
33971,0,0
139667,0,0
117164,0,0
30135,0,0
132174,0,0
24275,0,0
-156750,0,0
-18979,0,0
-13583,0,0
-80018,0,0
-121849,0,0
-119133,0,0
-117855,0,0
-67256,0,0
384329,0,0
-21399,0,0
-218595,0,0
-297396,0,0
-27078,0,0
-13656,0,0
-44201,0,0
77289,0,0
-130336,0,0
-58308,0,0
-110238,0,0
-180333,0,0
-125848,0,0
-149444,0,0
96581,0,0
62886,0,0
89554,0,0
-120675,0,0
47501,0,0
-132942,0,0
-66232,0,0
-139093,0,0
-241185,0,0
63484,0,0
-10894,0,0
-132918,0,0
108341,0,0
-127611,0,0
-160087,0,0
35660,0,0
-65012,0,0
-54974,0,0
-115609,0,0
-120958,0,0
-164172,0,0
-225894,0,0
72831,0,0
22351,0,0
15791,0,0
-63942,0,0
-189927,0,0
-26142,0,0
136356,0,0
-57428,0,0
-129821,0,0
-20710,0,0
-53903,0,0
-26803,0,0
48957,0,0
162956,0,0
-134348,0,0
-222759,0,0
167856,0,0
155106,0,0
243955,0,0
-137797,0,0
-160833,0,0
156469,0,0
-25264,0,0
-78990,0,0
-73292,0,0
138448,0,0
214508,0,0
56876,0,0
-29440,0,0
27331,0,0
97069,0,0
-24808,0,0
-38552,0,0
31594,0,0
-9965,0,0
78495,0,0
116891,0,0
57826,0,0
106764,0,0
31723,0,0
47694,0,0
-46301,0,0
-47584,0,0
-102104,0,0
125101,0,0
242291,0,0
100794,0,0
-94846,0,0
-85194,0,0
85547,0,0
181109,0,0
67398,0,0
-92422,0,0
-156436,0,0
-73207,0,0
-197591,0,0
168950,0,0
179558,0,0
289042,0,0
101336,0,0
-246543,0,0
-189009,0,0
-67356,0,0
-200334,0,0
-17962,0,0
48905,0,0
129989,0,0
33249,0,0
-100782,0,0
75277,0,0
20575,0,0
-209208,0,0
-64753,0,0
46576,0,0
62668,0,0
-299,0,0
-74152,0,0
-125851,0,0
-37425,0,0
155212,0,0
-35423,0,0
-165779,0,0
-163178,0,0
-185983,0,0
-77352,0,0
172853,0,0
169208,0,0
-53993,0,0
-386208,0,0
-220601,0,0
-15942,0,0
107801,0,0
90455,0,0
-208159,0,0
-63572,0,0
-16155,0,0
15061,0,0
-88184,0,0
-25731,0,0
97215,0,0
-76259,0,0
140198,0,0
35524,0,0
-204057,0,0
-95847,0,0
-16575,0,0
62489,0,0
272443,0,0
205704,0,0
-57107,0,0
-269569,0,0
-87648,0,0
4687,0,0
280376,0,0
-62248,0,0
-111524,0,0
259239,0,0
71807,0,0
22160,0,0
-113044,0,0
57062,0,0
282306,0,0
12386,0,0
-51767,0,0
-31044,0,0
150027,0,0
119062,0,0
17108,0,0
-44013,0,0
10938,0,0
333451,0,0
215669,0,0
-157141,0,0
-167942,0,0
34990,0,0
68997,0,0
76091,0,0
-21963,0,0
-17805,0,0
112896,0,0
174901,0,0
-40811,0,0
-117229,0,0
24302,0,0
96358,0,0
97050,0,0
55563,0,0
-62552,0,0
133782,0,0
-70819,0,0
77429,0,0
82401,0,0
33589,0,0
53386,0,0
-2825,0,0
111049,0,0
69439,0,0
-36731,0,0
23781,0,0
-15122,0,0
45014,0,0
-25089,0,0
74466,0,0
5589,0,0
-75095,0,0
-19397,0,0
45284,0,0
-65920,0,0
-82322,0,0
-124623,0,0
-147428,0,0
47722,0,0
-102137,0,0
-157242,0,0
-75229,0,0
-185720,0,0
-15369,0,0
-56339,0,0
-298131,0,0
-187918,0,0
-173021,0,0
-123273,0,0
249587,0,0
-29083,0,0
-16633,0,0
-44711,0,0
-202874,0,0
-168640,0,0
-3944,0,0
-175862,0,0
-22203,0,0
287210,0,0
29,0,0
15886,0,0
-5772,0,0
-25060,0,0
-116438,0,0
-27724,0,0
320582,0,0
183417,0,0
-14783,0,0
-111169,0,0
-83000,0,0
9355,0,0
29685,0,0
-130812,0,0
-200868,0,0
257368,0,0
575105,0,0
-59241,0,0
-11128,0,0
23501,0,0
-36799,0,0
58001,0,0
167875,0,0
-48461,0,0
44671,0,0
46133,0,0
26396,0,0
24801,0,0
98298,0,0
223975,0,0
193095,0,0
73777,0,0
-36772,0,0
63034,0,0
18751,0,0
-46890,0,0
-4947,0,0
-19763,0,0
81202,0,0
71395,0,0
51976,0,0
-13562,0,0
-11689,0,0
86095,0,0
57063,0,0
-27305,0,0
-203247,0,0
50595,0,0
134942,0,0
-75707,0,0
-73295,0,0
18081,0,0
71328,0,0
-156185,0,0
2440,0,0
136477,0,0
58558,0,0
-183826,0,0
-169964,0,0
252663,0,0
-56245,0,0
31428,0,0
9571,0,0
-191344,0,0
102000,0,0
169182,0,0
183875,0,0
-60696,0,0
-209518,0,0
-171398,0,0
195958,0,0
141798,0,0
164799,0,0
-265664,0,0
-137092,0,0
271280,0,0
213914,0,0
-180293,0,0
-23547,0,0
265195,0,0
180159,0,0
-51134,0,0
-158609,0,0
-43297,0,0
124065,0,0
-3299,0,0
-44003,0,0
63764,0,0
93641,0,0
83832,0,0
-198022,0,0
-75230,0,0
-10239,0,0
75656,0,0
95683,0,0
-57254,0,0
99086,0,0
-177656,0,0
75582,0,0
-190750,0,0
-161619,0,0
12463,0,0
-30361,0,0
61410,0,0
119622,0,0
1928,0,0
-118351,0,0
-15461,0,0
-196,0,0
-74062,0,0
-86176,0,0
79701,0,0
31159,0,0
13952,0,0
1187,0,0
-33592,0,0
-13385,0,0
-59044,0,0
59994,0,0
143956,0,0
18675,0,0
-180299,0,0
5598,0,0
92095,0,0
-12570,0,0
26512,0,0
-10481,0,0
-45045,0,0
89916,0,0
59458,0,0
125450,0,0
-163851,0,0
-77397,0,0
5933,0,0
218873,0,0
142438,0,0
-20503,0,0
-129500,0,0
-87659,0,0
19336,0,0
-145290,0,0
38351,0,0
268350,0,0
87497,0,0
150464,0,0
-21591,0,0
-205551,0,0
84151,0,0
210238,0,0
-52469,0,0
-98719,0,0
-83170,0,0
168723,0,0
62634,0,0
-93414,0,0
30424,0,0
81552,0,0
-51982,0,0
175771,0,0
119990,0,0
-184872,0,0
-10800,0,0
-57760,0,0
130678,0,0
114140,0,0
105391,0,0
-229454,0,0
-192768,0,0
132323,0,0
217247,0,0
100558,0,0
-17709,0,0
-271023,0,0
-43564,0,0
58032,0,0
169018,0,0
151369,0,0
-54676,0,0
-97372,0,0
56448,0,0
-42987,0,0
-9146,0,0
-19722,0,0
-17228,0,0
-118975,0,0
735,0,0
105367,0,0
49084,0,0
-4338,0,0
-46613,0,0
125777,0,0
57483,0,0
-114093,0,0
-133855,0,0
-153978,0,0
-8165,0,0
125214,0,0
-49966,0,0
-88337,0,0
-20844,0,0
-130926,0,0
60664,0,0
-83212,0,0
-148129,0,0
-218850,0,0
-42762,0,0
146711,0,0
-131145,0,0
-165581,0,0
-156715,0,0
-28953,0,0
-84615,0,0
-181193,0,0
-76410,0,0
-23928,0,0
178524,0,0
43199,0,0
-180272,0,0
-259654,0,0
-8350,0,0
-166294,0,0
184137,0,0
113162,0,0
31003,0,0
189225,0,0
-108183,0,0
54504,0,0
-3990,0,0
32121,0,0
-97113,0,0
-67240,0,0
73789,0,0
161372,0,0
54302,0,0
31843,0,0
2615,0,0
-2236,0,0
74336,0,0
14128,0,0
-78031,0,0
69214,0,0
-43695,0,0
-12113,0,0
-45373,0,0
94692,0,0
-11282,0,0
-138417,0,0
5751,0,0
206253,0,0
137747,0,0
76866,0,0
-128971,0,0
-178877,0,0
-23375,0,0
59974,0,0
156138,0,0
25219,0,0
61045,0,0
216047,0,0
-143323,0,0
-63008,0,0
-79905,0,0
27335,0,0
79123,0,0
-6745,0,0
-39017,0,0
221858,0,0
-22139,0,0
-161267,0,0
-121488,0,0
58911,0,0
-5732,0,0
124183,0,0
-41812,0,0
-116030,0,0
-35576,0,0
112790,0,0
60991,0,0
-28710,0,0
-149884,0,0
35180,0,0
-51314,0,0
-20077,0,0
-55513,0,0
4541,0,0
-94694,0,0
-67313,0,0
59181,0,0
-99972,0,0
-148244,0,0
-27473,0,0
-82440,0,0
-61962,0,0
-35047,0,0
131848,0,0
-318532,0,0
-268830,0,0
106708,0,0
58369,0,0
-71624,0,0
-13079,0,0
75171,0,0
-8378,0,0
-74367,0,0
37052,0,0
8808,0,0
-39014,0,0
-29912,0,0
-7301,0,0
-56020,0,0
8350,0,0
83975,0,0
73025,0,0
86424,0,0
135265,0,0
-85709,0,0
-166571,0,0
-91308,0,0
-10138,0,0
-27730,0,0
191106,0,0
197168,0,0
-36749,0,0
-193879,0,0
-77353,0,0
120655,0,0
86051,0,0
26688,0,0
101993,0,0
-28118,0,0
-179083,0,0
-23788,0,0
-37131,0,0
239219,0,0
100270,0,0
248346,0,0
62416,0,0
-185549,0,0
71841,0,0
25492,0,0
-58674,0,0
26304,0,0
141518,0,0
80589,0,0
59219,0,0
17115,0,0
8642,0,0
7186,0,0
24147,0,0
-15455,0,0
5734,0,0
-20803,0,0
28617,0,0
153120,0,0
14401,0,0
-194907,0,0
-211875,0,0
-33404,0,0
-79603,0,0
-60144,0,0
148799,0,0
-12557,0,0
-91977,0,0
-13070,0,0
-186646,0,0
147931,0,0
84389,0,0
-79387,0,0
-96823,0,0
-102154,0,0
-57967,0,0
5212,0,0
1508,0,0
204330,0,0
42161,0,0
-101281,0,0
14411,0,0
58783,0,0
28883,0,0
114407,0,0
98782,0,0
-4690,0,0
16913,0,0
75875,0,0
-50431,0,0
-29539,0,0
15811,0,0
67043,0,0
20646,0,0
-10035,0,0
16708,0,0
2071,0,0
144061,0,0
29054,0,0
48146,0,0
53634,0,0
-50984,0,0
-90092,0,0
-178161,0,0
91132,0,0
155154,0,0
18566,0,0
-180058,0,0
85218,0,0
127716,0,0
240880,0,0
-43012,0,0
-13374,0,0
129063,0,0
-18584,0,0
-97639,0,0
-41856,0,0
-51977,0,0
17239,0,0
1118,0,0
168769,0,0
-121932,0,0
-29071,0,0
231362,0,0
299619,0,0
-96288,0,0
-228328,0,0
-158390,0,0
-19462,0,0
145493,0,0
-33482,0,0
-6923,0,0
122858,0,0
124490,0,0
47115,0,0
87009,0,0
61052,0,0
135486,0,0
-3638,0,0
-75462,0,0
-44697,0,0
-19656,0,0
-96242,0,0
32296,0,0
291911,0,0
167641,0,0
-51486,0,0
-39936,0,0
-140616,0,0
-255121,0,0
5245,0,0
364397,0,0
-16252,0,0
-275958,0,0
117755,0,0
248622,0,0
-67418,0,0
12901,0,0
6155,0,0
-30354,0,0
-9734,0,0
309151,0,0
119963,0,0
44264,0,0
100666,0,0
-96902,0,0
-10094,0,0
70469,0,0
88320,0,0
64133,0,0
-39264,0,0
101443,0,0
66054,0,0
118357,0,0
24346,0,0
-34772,0,0
-40901,0,0
-152228,0,0
-73003,0,0
51019,0,0
209298,0,0
-14704,0,0
-131844,0,0
-140641,0,0
-68488,0,0
15853,0,0
73446,0,0
-79318,0,0
106495,0,0
13309,0,0
-100127,0,0
-7664,0,0
-151022,0,0
-243449,0,0
-135840,0,0
172022,0,0
-17564,0,0
-99566,0,0
-247347,0,0
-30047,0,0
95499,0,0
-8786,0,0
-143051,0,0
-154256,0,0
-165965,0,0
65134,0,0
350280,0,0
-124267,0,0
-265771,0,0
-384462,0,0
53088,0,0
236176,0,0
238649,0,0
-80681,0,0
-240709,0,0
-55336,0,0
58870,0,0
40687,0,0
77558,0,0
91183,0,0
-49142,0,0
85312,0,0
-87986,0,0
-114923,0,0
98964,0,0
-56175,0,0
29227,0,0
11470,0,0
217836,0,0
91137,0,0
-87128,0,0
-22321,0,0
-1020,0,0
68953,0,0
39095,0,0
57993,0,0
30084,0,0
-43563,0,0
-19314,0,0
-25203,0,0
-30424,0,0
96132,0,0
26187,0,0
-66952,0,0
121155,0,0
7871,0,0
-129714,0,0
-133765,0,0
48995,0,0
-128533,0,0
69989,0,0
-2396,0,0
107063,0,0
248192,0,0
-209349,0,0
-161240,0,0
43588,0,0
-95977,0,0
27716,0,0
253800,0,0
348292,0,0
188327,0,0
-131064,0,0
22941,0,0
-13206,0,0
27058,0,0
146402,0,0
37654,0,0
202694,0,0
215011,0,0
35529,0,0
-41220,0,0
-75421,0,0
64801,0,0
87416,0,0
82965,0,0
-12289,0,0
14521,0,0
123116,0,0
-135691,0,0
-234366,0,0
-257152,0,0
-42024,0,0
243768,0,0
-179779,0,0
48753,0,0
-144125,0,0
113988,0,0
-206847,0,0
-55229,0,0
4360,0,0
-179275,0,0
-99139,0,0
74965,0,0
64087,0,0
-162710,0,0
21061,0,0
119064,0,0
163843,0,0
-9349,0,0
-10343,0,0
-142541,0,0
-83322,0,0
-47431,0,0
271118,0,0
301441,0,0
-147224,0,0
-192477,0,0
-34130,0,0
140610,0,0
133874,0,0
-12349,0,0
-151869,0,0
-196994,0,0
10846,0,0
102852,0,0
80033,0,0
-107278,0,0
-71285,0,0
-100569,0,0
50678,0,0
185609,0,0
-40776,0,0
-174749,0,0
50179,0,0
35654,0,0
3663,0,0
67363,0,0
33757,0,0
-84063,0,0
-42322,0,0
-27526,0,0
129302,0,0
269951,0,0
138443,0,0
10580,0,0
-153383,0,0
-19105,0,0
118830,0,0
249893,0,0
11390,0,0
-42080,0,0
28102,0,0
26219,0,0
84078,0,0
106715,0,0
14773,0,0
69355,0,0
81307,0,0
187585,0,0
-68250,0,0
-82024,0,0
96137,0,0
1471,0,0
76406,0,0
329023,0,0
70399,0,0
33644,0,0
32226,0,0
77907,0,0
-52866,0,0
-45593,0,0
-38294,0,0
161910,0,0
142360,0,0
-9728,0,0
-3174,0,0
-56062,0,0
56296,0,0
75053,0,0
230384,0,0
-146311,0,0
-189516,0,0
9540,0,0
-78523,0,0
-65399,0,0
-94591,0,0
36848,0,0
60617,0,0
106411,0,0
-112956,0,0
-164956,0,0
10371,0,0
-137821,0,0
-150133,0,0
60700,0,0
319342,0,0
20509,0,0
-48748,0,0
-191859,0,0
-84783,0,0
29997,0,0
227849,0,0
-29461,0,0
-168280,0,0
-34130,0,0
7143,0,0
62915,0,0
131181,0,0
178620,0,0
-60112,0,0
-96910,0,0
-86597,0,0
-109833,0,0
125718,0,0
-16429,0,0
-166677,0,0
220051,0,0
149476,0,0
-88401,0,0
-231367,0,0
-143094,0,0
-162505,0,0
-103512,0,0
152474,0,0
-7733,0,0
-485,0,0
260474,0,0
-181038,0,0
-299622,0,0
1770,0,0
-62646,0,0
41559,0,0
25686,0,0
-246474,0,0
-80353,0,0
164099,0,0
87139,0,0
60537,0,0
-17648,0,0
152868,0,0
-116448,0,0
-67664,0,0
97999,0,0
-106294,0,0
-15788,0,0
107334,0,0
105759,0,0
67358,0,0
123711,0,0
-29228,0,0
-123510,0,0
-31023,0,0
142836,0,0
179857,0,0
3176,0,0
-247013,0,0
-116980,0,0
-281204,0,0
60697,0,0
394112,0,0
137133,0,0
208493,0,0
-172991,0,0
-322458,0,0
-125323,0,0
50923,0,0
103531,0,0
-88394,0,0
-183754,0,0
-126767,0,0
-34666,0,0
81966,0,0
-72908,0,0
40532,0,0
-68512,0,0
-255567,0,0
82052,0,0
-23811,0,0
32012,0,0
99544,0,0
233924,0,0
-155014,0,0
-310131,0,0
-60323,0,0
-21493,0,0
74014,0,0
235339,0,0
40170,0,0
338815,0,0
176268,0,0
168885,0,0
-121410,0,0
-233915,0,0
-29050,0,0
221177,0,0
334865,0,0
213095,0,0
31188,0,0
-90336,0,0
38298,0,0
23554,0,0
-98734,0,0
272690,0,0
137301,0,0
-205260,0,0
-4676,0,0
-935,0,0
-38446,0,0
65911,0,0
82512,0,0
-2543,0,0
40610,0,0
-166552,0,0
-6761,0,0
-102935,0,0
-131899,0,0
69915,0,0
-115153,0,0
88850,0,0
68940,0,0
-64026,0,0
-109375,0,0
-134805,0,0
-100340,0,0
58498,0,0
-77826,0,0
-114020,0,0
-88748,0,0
-14766,0,0
26706,0,0
-78883,0,0
-132251,0,0
-166806,0,0
-89569,0,0
45870,0,0
123300,0,0
371489,0,0
-70785,0,0
-296041,0,0
-197569,0,0
42563,0,0
-16569,0,0
209748,0,0
62630,0,0
31847,0,0
-8416,0,0
81694,0,0
96950,0,0
-5990,0,0
-189242,0,0
-57199,0,0
218926,0,0
-68318,0,0
-61263,0,0
14010,0,0
153896,0,0
115666,0,0
3792,0,0
-135936,0,0
-63963,0,0
123833,0,0
-88689,0,0
-47104,0,0
-19299,0,0
62371,0,0
163792,0,0
-100374,0,0
-62590,0,0
68020,0,0
-25914,0,0
150617,0,0
-110700,0,0
-95190,0,0
71276,0,0
38377,0,0
-46647,0,0
-69269,0,0
81624,0,0
169210,0,0
53148,0,0
-78586,0,0
-52403,0,0
48894,0,0
-29375,0,0
21575,0,0
250082,0,0
-3538,0,0
-177085,0,0
29138,0,0
184766,0,0
91200,0,0
216300,0,0
-79351,0,0
30828,0,0
285516,0,0
-65059,0,0
-139474,0,0
114644,0,0
49559,0,0
60902,0,0
94548,0,0
-71928,0,0
107156,0,0
-109697,0,0
68031,0,0
116973,0,0
-95067,0,0
54754,0,0
105440,0,0
16033,0,0
-58740,0,0
210472,0,0
-394,0,0
-42529,0,0
-31461,0,0
-187141,0,0
-26387,0,0
104438,0,0
-5031,0,0
-123785,0,0
1234,0,0
29982,0,0
160243,0,0
14287,0,0
-48475,0,0
-100917,0,0
-120175,0,0
-68053,0,0
287969,0,0
-46049,0,0
102452,0,0
87783,0,0
-259040,0,0
-136455,0,0
183140,0,0
144081,0,0
-176620,0,0
123547,0,0
232502,0,0
61319,0,0
-72558,0,0
119724,0,0
23067,0,0
136404,0,0
-60724,0,0
58898,0,0
86424,0,0
-106743,0,0
80182,0,0
207733,0,0
140592,0,0
144044,0,0
-146314,0,0
-22804,0,0
161613,0,0
62775,0,0
-77104,0,0
-40082,0,0
153614,0,0
82277,0,0
32021,0,0
25695,0,0
13819,0,0
34227,0,0
-52932,0,0
-72931,0,0
59982,0,0
-42741,0,0
-91554,0,0
63039,0,0
-8525,0,0
120772,0,0
-70188,0,0
12090,0,0
32419,0,0
-226591,0,0
-80637,0,0
98827,0,0
86670,0,0
16154,0,0
-71446,0,0
-141179,0,0
125558,0,0
-50405,0,0
-263665,0,0
-198211,0,0
22112,0,0
84812,0,0
86170,0,0
-6200,0,0
-260526,0,0
-121159,0,0
-64196,0,0
-133044,0,0
-302989,0,0
-162592,0,0
248178,0,0
-173254,0,0
6766,0,0
168213,0,0
-223349,0,0
-207121,0,0
-11920,0,0
-73544,0,0
-45732,0,0
-38533,0,0
-9741,0,0
-20314,0,0
-26047,0,0
53968,0,0
-78149,0,0
42136,0,0
81806,0,0
-34298,0,0
-126530,0,0
-70676,0,0
-4779,0,0
-1560,0,0
-102359,0,0
163472,0,0
106571,0,0
59567,0,0
-76289,0,0
38951,0,0
-186774,0,0
-150373,0,0
-69888,0,0
118008,0,0
262563,0,0
203953,0,0
27955,0,0
-31782,0,0
-93814,0,0
-71544,0,0
58261,0,0
-29164,0,0
51220,0,0
39974,0,0
-7257,0,0
140898,0,0
95764,0,0
-49098,0,0
-38963,0,0
-67589,0,0
-3611,0,0
121909,0,0
-174745,0,0
12343,0,0
129352,0,0
30444,0,0
-43495,0,0
-31583,0,0
-81110,0,0
174636,0,0
181075,0,0
-189364,0,0
-115942,0,0
83562,0,0
90455,0,0
143781,0,0
-95053,0,0
-21196,0,0
90511,0,0
64184,0,0
84514,0,0
2253,0,0
6279,0,0
-12259,0,0
3713,0,0
11576,0,0
19792,0,0
-13735,0,0
-101471,0,0
-20818,0,0
94586,0,0
41854,0,0
61512,0,0
169196,0,0
-42440,0,0
-243882,0,0
-121362,0,0
-82100,0,0
-80528,0,0
-49841,0,0
225115,0,0
80129,0,0
-138817,0,0
195654,0,0
65102,0,0
-70642,0,0
-136403,0,0
-118365,0,0
-65539,0,0
-204331,0,0
-289925,0,0
232094,0,0
526525,0,0
19074,0,0
-288287,0,0
-113989,0,0
42531,0,0
206111,0,0
207590,0,0
-172967,0,0
-323391,0,0
-28001,0,0
22612,0,0
22319,0,0
247309,0,0
-34531,0,0
-11530,0,0
84427,0,0
228435,0,0
206488,0,0
-109739,0,0
-140957,0,0
-91141,0,0
-95120,0,0
-95360,0,0
-79790,0,0
195854,0,0
133211,0,0
254655,0,0
256816,0,0
-201057,0,0
-425448,0,0
-282041,0,0
145675,0,0
209084,0,0
141028,0,0
69638,0,0
-61047,0,0
-132135,0,0
151435,0,0
22648,0,0
36559,0,0
111324,0,0
-32067,0,0
-96594,0,0
122763,0,0
178257,0,0
125778,0,0
13862,0,0
5404,0,0
37078,0,0
192230,0,0
90615,0,0
74149,0,0
101189,0,0
15062,0,0
30781,0,0
101165,0,0
76243,0,0
103885,0,0
101273,0,0
6298,0,0
-62101,0,0
13220,0,0
230565,0,0
92928,0,0
135768,0,0
-28210,0,0
-64857,0,0
4419,0,0
-363,0,0
33293,0,0
-73065,0,0
124360,0,0
236806,0,0
96575,0,0
-293153,0,0
-64608,0,0
51143,0,0
218209,0,0
104002,0,0
-55272,0,0
-101861,0,0
-100306,0,0
-11792,0,0
-64928,0,0
305619,0,0
139587,0,0
-231410,0,0
-228762,0,0
43837,0,0
205395,0,0
33188,0,0
1272,0,0
-92638,0,0
-120294,0,0
136467,0,0
67212,0,0
-146279,0,0
-98996,0,0
-48725,0,0
-46280,0,0
82078,0,0
-127291,0,0
20121,0,0
205630,0,0
291481,0,0
-305941,0,0
54085,0,0
39846,0,0
-122048,0,0
-18424,0,0
-118913,0,0
-71446,0,0
164355,0,0
113776,0,0
164962,0,0
-43900,0,0
90326,0,0
44398,0,0
-130607,0,0
9576,0,0
-59738,0,0
41204,0,0
-6699,0,0
74632,0,0
-110912,0,0
149859,0,0
277285,0,0
-120065,0,0
-163698,0,0
-91993,0,0
-36812,0,0
148842,0,0
182135,0,0
136537,0,0
-45574,0,0
-65440,0,0
41491,0,0
65471,0,0
69004,0,0
-2725,0,0
3906,0,0
-58185,0,0
-3495,0,0
129071,0,0
140891,0,0
-113234,0,0
-7450,0,0
103567,0,0
4497,0,0
-39442,0,0
-24454,0,0
-87721,0,0
-96256,0,0
-41579,0,0
-23171,0,0
142889,0,0
-48629,0,0
-93135,0,0
-54442,0,0
-88720,0,0
-199314,0,0
-5722,0,0
383838,0,0
48800,0,0
-155508,0,0
-149520,0,0
-60349,0,0
4393,0,0
-97419,0,0
-190905,0,0
-56192,0,0
54254,0,0
111434,0,0
-146791,0,0
-158110,0,0
-45921,0,0
-84055,0,0
40092,0,0
137137,0,0
-107990,0,0
-205418,0,0
228555,0,0
-209137,0,0
-463483,0,0
-51986,0,0
-76027,0,0
288845,0,0
469705,0,0
264264,0,0
23912,0,0
-201821,0,0
-196649,0,0
-57304,0,0
32405,0,0
145580,0,0
269636,0,0
58946,0,0
260328,0,0
26905,0,0
-211381,0,0
138458,0,0
38572,0,0
27630,0,0
244644,0,0
120319,0,0
-64356,0,0
-76701,0,0
86793,0,0
61045,0,0
-56246,0,0
-7716,0,0
7581,0,0
-63563,0,0
-17408,0,0
158720,0,0
149554,0,0
73489,0,0
26731,0,0
-58532,0,0
-210133,0,0
-148644,0,0
-8229,0,0
35738,0,0
196331,0,0
134662,0,0
-55777,0,0
-116896,0,0
12225,0,0
-64486,0,0
14949,0,0
-9526,0,0
-184006,0,0
-93827,0,0
-41106,0,0
-61830,0,0
27783,0,0
225420,0,0
237396,0,0
-64336,0,0
-311893,0,0
-63419,0,0
84378,0,0
230990,0,0
-35222,0,0
-134063,0,0
-88080,0,0
-20929,0,0
125229,0,0
281971,0,0
95791,0,0
-82764,0,0
-34483,0,0
58023,0,0
-149179,0,0
-113912,0,0
267083,0,0
-13023,0,0
45906,0,0
72706,0,0
-1035,0,0
73726,0,0
-115469,0,0
-53551,0,0
-165624,0,0
-110103,0,0
209718,0,0
7609,0,0
-140434,0,0
-116627,0,0
218294,0,0
48839,0,0
-135509,0,0
-211557,0,0
125837,0,0
-49171,0,0
-34474,0,0
-128333,0,0
12289,0,0
4027,0,0
-95664,0,0
52346,0,0
155482,0,0
254039,0,0
22625,0,0
-221416,0,0
-4692,0,0
100556,0,0
14871,0,0
112295,0,0
193433,0,0
157694,0,0
34085,0,0
-8977,0,0
6773,0,0
66838,0,0
108624,0,0
141551,0,0
229296,0,0
-37566,0,0
25590,0,0
25946,0,0
-28179,0,0
219543,0,0
134524,0,0
33985,0,0
30845,0,0
31037,0,0
83187,0,0
-38718,0,0
93495,0,0
14448,0,0
2173,0,0
-60001,0,0
-51830,0,0
56969,0,0
166128,0,0
236993,0,0
46923,0,0
-224692,0,0
-259543,0,0
-28513,0,0
-131961,0,0
-197973,0,0
266023,0,0
277840,0,0
124996,0,0
-84004,0,0
-252446,0,0
-155989,0,0
-75373,0,0
-34116,0,0
8294,0,0
-27865,0,0
-70750,0,0
31558,0,0
34120,0,0
-19237,0,0
91018,0,0
-139537,0,0
-251193,0,0
102169,0,0
233426,0,0
79835,0,0
-290396,0,0
-84891,0,0
-25987,0,0
278341,0,0
159632,0,0
-46417,0,0
-136801,0,0
-36805,0,0
212702,0,0
10494,0,0
-115735,0,0
-48930,0,0
152501,0,0
244607,0,0
241046,0,0
-37393,0,0
-126207,0,0
-61562,0,0
92725,0,0
-46617,0,0
16665,0,0
26830,0,0
-112126,0,0
579,0,0
123269,0,0
41599,0,0
64229,0,0
3922,0,0
-142345,0,0
15822,0,0
81900,0,0
-10415,0,0
-57834,0,0
-25526,0,0
-158833,0,0
158088,0,0
130938,0,0
-81991,0,0
-119438,0,0
-76231,0,0
223911,0,0
283832,0,0
-77988,0,0
25024,0,0
-34456,0,0
-77130,0,0
-29700,0,0
146024,0,0
185566,0,0
-1072,0,0
19882,0,0
102591,0,0
87109,0,0
28755,0,0
149819,0,0
79990,0,0
-245510,0,0
-52606,0,0
-19549,0,0
57177,0,0
170853,0,0
-44072,0,0
157144,0,0
55840,0,0
-173151,0,0
-82345,0,0
79874,0,0
-105472,0,0
-41294,0,0
56646,0,0
84527,0,0
-35631,0,0
-55978,0,0
31976,0,0
-17688,0,0
44115,0,0
93949,0,0
-8317,0,0
-139478,0,0
7792,0,0
-52119,0,0
12292,0,0
105191,0,0
58341,0,0
-87748,0,0
-16278,0,0
54845,0,0
-78969,0,0
136689,0,0
-142700,0,0
-289649,0,0
-15568,0,0
84483,0,0
153272,0,0
151099,0,0
-157188,0,0
88419,0,0
21938,0,0
-18771,0,0
60586,0,0
-22044,0,0
-176834,0,0
-14394,0,0
276668,0,0
176026,0,0
-73057,0,0
-142625,0,0
34395,0,0
-1800,0,0
-22759,0,0
-40205,0,0
-40709,0,0
36191,0,0
103988,0,0
56263,0,0
-50886,0,0
-216231,0,0
-148015,0,0
-61565,0,0
198911,0,0
105965,0,0
-205167,0,0
-206729,0,0
-132493,0,0
37652,0,0
235458,0,0
104215,0,0
-78612,0,0
-201793,0,0
-42817,0,0
-35957,0,0
-159466,0,0
51859,0,0
113876,0,0
-119629,0,0
-56293,0,0
-78631,0,0
-75656,0,0
200542,0,0
11560,0,0
-141751,0,0
62497,0,0
-165889,0,0
-177117,0,0
-75135,0,0
98683,0,0
43481,0,0
-46078,0,0
-95732,0,0
151936,0,0
-58097,0,0
-105148,0,0
33974,0,0
78737,0,0
64905,0,0
52135,0,0
29183,0,0
-12871,0,0
-202600,0,0
29193,0,0
131532,0,0
122196,0,0
120009,0,0
-22040,0,0
-52506,0,0
-109396,0,0
2499,0,0
51891,0,0
-55686,0,0
97444,0,0
289253,0,0
-31700,0,0
-185851,0,0
-154227,0,0
62120,0,0
99169,0,0
-243261,0,0
-287142,0,0
-49722,0,0
141827,0,0
-102463,0,0
199410,0,0
-104550,0,0
-231007,0,0
69621,0,0
-27925,0,0
10994,0,0
-20031,0,0
-68021,0,0
-53561,0,0
-125595,0,0
-971,0,0
88256,0,0
239114,0,0
-130323,0,0
-191504,0,0
79482,0,0
181038,0,0
184606,0,0
-50873,0,0
-110932,0,0
-114660,0,0
-57087,0,0
180783,0,0
105239,0,0
45209,0,0
-121395,0,0
-122056,0,0
-114612,0,0
19785,0,0
127732,0,0
147920,0,0
-196208,0,0
-157721,0,0
-244876,0,0
-52607,0,0
69781,0,0
-89063,0,0
-29974,0,0
-28136,0,0
214951,0,0
-93737,0,0
-69612,0,0
-205408,0,0
-200335,0,0
-36053,0,0
4611,0,0
-6112,0,0
137264,0,0
-80638,0,0
-119188,0,0
-30792,0,0
-47167,0,0
-117967,0,0
-57931,0,0
109749,0,0
-259727,0,0
108619,0,0
110307,0,0
-184556,0,0
-195589,0,0
35841,0,0
65952,0,0
-89578,0,0
-113525,0,0
106747,0,0
198081,0,0
58161,0,0
-259941,0,0
-172096,0,0
29165,0,0
50859,0,0
170099,0,0
217558,0,0
126660,0,0
-136853,0,0
-135958,0,0
-145614,0,0
-63323,0,0
113633,0,0
427402,0,0
-23031,0,0
-298950,0,0
19820,0,0
-92166,0,0
51589,0,0
137219,0,0
-43330,0,0
-173776,0,0
-148246,0,0
55675,0,0
142771,0,0
23247,0,0
-42240,0,0
-88103,0,0
39272,0,0
131032,0,0
98125,0,0
-74697,0,0
-286279,0,0
51255,0,0
217297,0,0
41181,0,0
-98038,0,0
34138,0,0
85990,0,0
8397,0,0
-543,0,0
-134882,0,0
-107908,0,0
89589,0,0
58109,0,0
-30546,0,0
-128001,0,0
-228726,0,0
-76023,0,0
42662,0,0
37713,0,0
-93879,0,0
-87202,0,0
-64285,0,0
-177526,0,0
-189855,0,0
-117371,0,0
-97412,0,0
-43376,0,0
-201592,0,0
222527,0,0
-190665,0,0
13737,0,0
95866,0,0
86904,0,0
-1571,0,0
-70344,0,0
-65296,0,0
147553,0,0
241765,0,0
-71587,0,0
-88267,0,0
147683,0,0
-50504,0,0
182490,0,0
438474,0,0
-18330,0,0
-38710,0,0
132364,0,0
117692,0,0
294431,0,0
392371,0,0
459054,0,0
220145,0,0
42235,0,0
46972,0,0
384767,0,0
542049,0,0
612131,0,0
420277,0,0
405131,0,0
428320,0,0
517330,0,0
613823,0,0
718259,0,0
658493,0,0
505825,0,0
487252,0,0
636383,0,0
624490,0,0
583035,0,0
389282,0,0
360941,0,0
654572,0,0
850555,0,0
600543,0,0
429082,0,0
295851,0,0
348277,0,0
485371,0,0
549156,0,0
418652,0,0
489259,0,0
276533,0,0
236997,0,0
447727,0,0
432778,0,0
663060,0,0
213593,0,0
86978,0,0
250305,0,0
413264,0,0
461512,0,0
229265,0,0
236724,0,0
306840,0,0
481491,0,0
320054,0,0
5994,0,0
144619,0,0
241219,0,0
335431,0,0
228084,0,0
246379,0,0
198752,0,0
235366,0,0
418927,0,0
60892,0,0
-80147,0,0
-65685,0,0
297442,0,0
319348,0,0
202469,0,0
35391,0,0
183656,0,0
183711,0,0
72191,0,0
-36519,0,0
192885,0,0
193676,0,0
-55797,0,0
51661,0,0
35365,0,0
83839,0,0
345896,0,0
117712,0,0
-13861,0,0
-151401,0,0
-171732,0,0
-133061,0,0
185609,0,0
222361,0,0
-80099,0,0
66237,0,0
-96370,0,0
76621,0,0
49779,0,0
-96370,0,0
-118026,0,0
37436,0,0
-121397,0,0
-24439,0,0
-111854,0,0
-12558,0,0
66075,0,0
-16208,0,0
-160084,0,0
-108644,0,0
-88742,0,0
-177645,0,0
-31323,0,0
-182704,0,0
-97357,0,0
-90175,0,0
-150632,0,0
-82115,0,0
-28567,0,0
-257481,0,0
-164756,0,0
-149283,0,0
-264160,0,0
-293633,0,0
-157443,0,0
-120145,0,0
106416,0,0
-47859,0,0
-155777,0,0
-168490,0,0
-140768,0,0
-243548,0,0
-81624,0,0
-147900,0,0
-213338,0,0
-291515,0,0
-171540,0,0
101143,0,0
-57214,0,0
-217236,0,0
-202521,0,0
-83450,0,0
-191763,0,0
-162127,0,0
-74833,0,0
-142416,0,0
-133994,0,0
-71318,0,0
-358779,0,0
-121205,0,0
-109908,0,0
-90861,0,0
163914,0,0
-2670,0,0
-223714,0,0
-104117,0,0
-195546,0,0
-154411,0,0
-55504,0,0
35821,0,0
1573,0,0
-52541,0,0
-88233,0,0
-3487,0,0
-79847,0,0
-127775,0,0
-81907,0,0
-38238,0,0
-120966,0,0
-164743,0,0
-8944,0,0
-3034,0,0
148185,0,0
-165135,0,0
-332697,0,0
-202847,0,0
-139828,0,0
-39770,0,0
-69095,0,0
-38077,0,0
-9412,0,0
-209240,0,0
-189954,0,0
160727,0,0
-200829,0,0
-293289,0,0
-147671,0,0
-51524,0,0
21837,0,0
-41498,0,0
-25664,0,0
-93805,0,0
-210180,0,0
-239342,0,0
-310380,0,0
-316766,0,0
-80933,0,0
-18161,0,0
172625,0,0
150799,0,0
-126363,0,0
-138022,0,0
-365837,0,0
-508535,0,0
-203099,0,0
-131333,0,0
5575,0,0
114224,0,0
142302,0,0
-215027,0,0
-427294,0,0
-237653,0,0
-59563,0,0
-46914,0,0
-36862,0,0
46335,0,0
-206567,0,0
-103622,0,0
-173685,0,0
-127466,0,0
-275061,0,0
-337191,0,0
-287778,0,0
60782,0,0
48593,0,0
90826,0,0
-178160,0,0
-363220,0,0
-220547,0,0
-160655,0,0
-96977,0,0
-52628,0,0
-184215,0,0
-103096,0,0
-104034,0,0
-148493,0,0
-113867,0,0
-169418,0,0
-171041,0,0
-64644,0,0
-92849,0,0
-46063,0,0
-200307,0,0
-165032,0,0
-212878,0,0
-185696,0,0
-103685,0,0
156304,0,0
-61365,0,0
-266654,0,0
-160882,0,0
-210668,0,0
-68840,0,0
43513,0,0
-36291,0,0
-244695,0,0
-100136,0,0
-134097,0,0
-147784,0,0
94683,0,0
-45999,0,0
-142863,0,0
-138510,0,0
-227979,0,0
-70731,0,0
-13172,0,0
-12260,0,0
-110203,0,0
-43650,0,0
-163096,0,0
-176106,0,0
-78279,0,0
-101822,0,0
34096,0,0
-109888,0,0
-103180,0,0
-134990,0,0
-203777,0,0
-76290,0,0
-99280,0,0
-41617,0,0
-74900,0,0
98922,0,0
-160213,0,0
-107292,0,0
-361416,0,0
-182533,0,0
-69631,0,0
-19150,0,0
74120,0,0
-376794,0,0
35039,0,0
124949,0,0
25597,0,0
-236364,0,0
-142009,0,0
-205661,0,0
-1916,0,0
-16953,0,0
-152723,0,0
-75958,0,0
12314,0,0
13185,0,0
8662,0,0
-70775,0,0
-246548,0,0
-172093,0,0
100636,0,0
-88607,0,0
-108385,0,0
-173748,0,0
-257898,0,0
-292355,0,0
-78337,0,0
86003,0,0
152779,0,0
85014,0,0
-171720,0,0
-316186,0,0
-174207,0,0
-83140,0,0
33790,0,0
-62638,0,0
-163815,0,0
-88765,0,0
-130995,0,0
-109137,0,0
151401,0,0
226978,0,0
107678,0,0
-346279,0,0
-210160,0,0
-159511,0,0
-10027,0,0
-77547,0,0
159084,0,0
114380,0,0
-181248,0,0
-25940,0,0
-107861,0,0
89269,0,0
-77133,0,0
-13644,0,0
4186,0,0
-42316,0,0
-53283,0,0
91022,0,0
64288,0,0
-5144,0,0
-107553,0,0
-66133,0,0
63116,0,0
8707,0,0
-5444,0,0
-8491,0,0
-62293,0,0
-94106,0,0
-43923,0,0
2317,0,0
-74974,0,0
-70227,0,0
-35752,0,0
-13815,0,0
-94362,0,0
-167658,0,0
-96829,0,0
-64202,0,0
-98081,0,0
-23046,0,0
103787,0,0
-54454,0,0
-116750,0,0
-392984,0,0
-262782,0,0
68601,0,0
65642,0,0
-33228,0,0
41566,0,0
-153344,0,0
-294478,0,0
-64693,0,0
-32793,0,0
-66411,0,0
-66321,0,0
50156,0,0
-34238,0,0
-105056,0,0
-136297,0,0
-140003,0,0
-7218,0,0
23740,0,0
-6537,0,0
-268126,0,0
-243950,0,0
-20327,0,0
-22736,0,0
79606,0,0
192840,0,0
-167920,0,0
-348911,0,0
6912,0,0
209963,0,0
931,0,0
-315148,0,0
-28370,0,0
77126,0,0
-37517,0,0
-133225,0,0
145111,0,0
245164,0,0
59492,0,0
-114241,0,0
-39252,0,0
-90086,0,0
-39339,0,0
38151,0,0
22907,0,0
-29773,0,0
41050,0,0
-27372,0,0
-30894,0,0
138915,0,0
-156327,0,0
-87480,0,0
-64951,0,0
36710,0,0
-26207,0,0
-137146,0,0
-222853,0,0
338,0,0
9412,0,0
-161306,0,0
-125172,0,0
-182891,0,0
-176729,0,0
-143959,0,0
14398,0,0
129301,0,0
-51011,0,0
-51746,0,0
-59508,0,0
-334410,0,0
-347414,0,0
-179900,0,0
12790,0,0
149266,0,0
34000,0,0
-132707,0,0
-209127,0,0
-36609,0,0
67490,0,0
-55728,0,0
-236933,0,0
-158929,0,0
-183095,0,0
-166739,0,0
216116,0,0
41927,0,0
-165921,0,0
-320684,0,0
-139165,0,0
67071,0,0
116206,0,0
-146736,0,0
-84371,0,0
-123595,0,0
21776,0,0
-235418,0,0
-120634,0,0
-17828,0,0
-10406,0,0
22634,0,0
-46630,0,0
9112,0,0
-178790,0,0
-120100,0,0
61490,0,0
48642,0,0
-52385,0,0
-31959,0,0
-11842,0,0
-209072,0,0
-97099,0,0
46852,0,0
-7324,0,0
-132956,0,0
-64932,0,0
-55949,0,0
60489,0,0
38742,0,0
-59919,0,0
-152601,0,0
-175050,0,0
194047,0,0
-4552,0,0
-113632,0,0
-41419,0,0
11290,0,0
52524,0,0
-7925,0,0
-119863,0,0
-58690,0,0
157473,0,0
124125,0,0
-158563,0,0
-36213,0,0
-5470,0,0
-7761,0,0
24424,0,0
59405,0,0
12135,0,0
-67196,0,0
-221078,0,0
-55626,0,0
213830,0,0
200894,0,0
-2016,0,0
-77453,0,0
18381,0,0
-47428,0,0
-82660,0,0
83034,0,0
-12595,0,0
963,0,0
36454,0,0
119428,0,0
56180,0,0
-92561,0,0
-71564,0,0
4954,0,0
41290,0,0
241657,0,0
-108579,0,0
-233049,0,0
-121786,0,0
-2629,0,0
-79560,0,0
-47449,0,0
-61624,0,0
-149854,0,0
183233,0,0
-22584,0,0
-178805,0,0
-279030,0,0
-388459,0,0
-290109,0,0
31588,0,0
245103,0,0
155306,0,0
-16746,0,0
-275205,0,0
-275528,0,0
-183284,0,0
-169537,0,0
23549,0,0
70173,0,0
30185,0,0
-139229,0,0
-76383,0,0
152536,0,0
-88138,0,0
-119338,0,0
-50737,0,0
-35060,0,0
-58039,0,0
16087,0,0
-63024,0,0
-4687,0,0
-113111,0,0
-22877,0,0
138978,0,0
83721,0,0
-138821,0,0
-139915,0,0
-39653,0,0
-36183,0,0
-149406,0,0
-69890,0,0
38383,0,0
-118224,0,0
-213619,0,0
27460,0,0
-47632,0,0
-119947,0,0
-60836,0,0
-123819,0,0
-179658,0,0
-150487,0,0
-286716,0,0
-40291,0,0
173986,0,0
-52117,0,0
-176937,0,0
-176787,0,0
-20898,0,0
-172665,0,0
-95217,0,0
-30619,0,0
-83300,0,0
-80360,0,0
31455,0,0
50624,0,0
6870,0,0
-76383,0,0
-183149,0,0
12479,0,0
200306,0,0
55522,0,0
-85835,0,0
-173502,0,0
-95626,0,0
-51208,0,0
132039,0,0
114436,0,0
-81112,0,0
-107919,0,0
-151272,0,0
33415,0,0
128217,0,0
-169261,0,0
-156079,0,0
45462,0,0
-86181,0,0
124375,0,0
60197,0,0
-65232,0,0
-73454,0,0
63876,0,0
-125589,0,0
34887,0,0
-168757,0,0
-64989,0,0
53019,0,0
95843,0,0
61730,0,0
-96782,0,0
-33678,0,0
-54383,0,0
50415,0,0
76916,0,0
174988,0,0
-47785,0,0
-216443,0,0
-82898,0,0
80323,0,0
4830,0,0
-55028,0,0
-63873,0,0
-28460,0,0
81618,0,0
190836,0,0
-100762,0,0
-69803,0,0
-52160,0,0
-3306,0,0
-135541,0,0
105743,0,0
247786,0,0
-151262,0,0
-74321,0,0
25547,0,0
130679,0,0
54335,0,0
-56017,0,0
62563,0,0
43928,0,0
180331,0,0
3446,0,0
-139224,0,0
-33146,0,0
151544,0,0
130099,0,0
-30445,0,0
-85584,0,0
23559,0,0
18757,0,0
-256639,0,0
-58228,0,0
164827,0,0
102985,0,0
-49484,0,0
-138516,0,0
-411270,0,0
-182212,0,0
153655,0,0
22244,0,0
223270,0,0
165085,0,0
-133102,0,0
-111230,0,0
49959,0,0
-25946,0,0
-102987,0,0
-93796,0,0
-94312,0,0
232758,0,0
194203,0,0
54630,0,0
490675,0,0
201152,0,0
-263226,0,0
-106727,0,0
-13232,0,0
84198,0,0
99493,0,0
74514,0,0
314906,0,0
292257,0,0
-98044,0,0
-109394,0,0
-5064,0,0
57621,0,0
85072,0,0
138750,0,0
49708,0,0
-103229,0,0
-158868,0,0
177832,0,0
109405,0,0
26951,0,0
95338,0,0
78585,0,0
-26442,0,0
-175212,0,0
-1104,0,0
-32365,0,0
-28444,0,0
-24452,0,0
-29761,0,0
155506,0,0
113775,0,0
147909,0,0
-51526,0,0
-168455,0,0
-29839,0,0
16337,0,0
990,0,0
75167,0,0
100385,0,0
-49292,0,0
150211,0,0
-110455,0,0
-293781,0,0
-35543,0,0
210280,0,0
196630,0,0
-26423,0,0
-69565,0,0
-208696,0,0
-216601,0,0
67739,0,0
57126,0,0
43736,0,0
-121546,0,0
-272444,0,0
-67822,0,0
213753,0,0
-80016,0,0
-110402,0,0
-151263,0,0
24329,0,0
157254,0,0
-232070,0,0
-100413,0,0
-134448,0,0
-61953,0,0
94191,0,0
-77680,0,0
-51964,0,0
-292039,0,0
-75866,0,0
96187,0,0
237322,0,0
33850,0,0
-277365,0,0
-7783,0,0
103961,0,0
8799,0,0
-37534,0,0
36022,0,0
12988,0,0
211422,0,0
-29354,0,0
-134849,0,0
61518,0,0
164959,0,0
25512,0,0
133562,0,0
183471,0,0
-163422,0,0
47518,0,0
-85976,0,0
27636,0,0
79187,0,0
45854,0,0
-20528,0,0
-18893,0,0
129701,0,0
2681,0,0
-85565,0,0
-151607,0,0
-132007,0,0
-90444,0,0
263797,0,0
246443,0,0
-201595,0,0
-210102,0,0
-105291,0,0
73255,0,0
97180,0,0
63887,0,0
-90785,0,0
-48973,0,0
168220,0,0
-71422,0,0
-127756,0,0
-20475,0,0
-11173,0,0
21368,0,0
950,0,0
115413,0,0
59085,0,0
55743,0,0
-6254,0,0
-47901,0,0
-72252,0,0
-8625,0,0
155444,0,0
58664,0,0
11895,0,0
124132,0,0
-82200,0,0
-11504,0,0
118149,0,0
-143371,0,0
-163591,0,0
57908,0,0
157471,0,0
-74696,0,0
189401,0,0
-98022,0,0
-210197,0,0
8263,0,0
-202197,0,0
91468,0,0
72158,0,0
112743,0,0
-8497,0,0
-151598,0,0
79822,0,0
74280,0,0
-78951,0,0
-121569,0,0
38947,0,0
13118,0,0
40635,0,0
74246,0,0
73304,0,0
167809,0,0
73551,0,0
-150081,0,0
-50348,0,0
172595,0,0
45716,0,0
32903,0,0
89797,0,0
-77351,0,0
285743,0,0
26611,0,0
-78715,0,0
-21020,0,0
113194,0,0
128073,0,0
-7715,0,0
-22895,0,0
81986,0,0
53721,0,0
143859,0,0
181463,0,0
-8831,0,0
-349740,0,0
-11656,0,0
80050,0,0
32038,0,0
105686,0,0
-48701,0,0
113867,0,0
-66860,0,0
-129050,0,0
34008,0,0
204415,0,0
-57228,0,0
-360430,0,0
-97175,0,0
148856,0,0
118079,0,0
119030,0,0
-58558,0,0
-261468,0,0
-26940,0,0
63567,0,0
209206,0,0
-40437,0,0
-74909,0,0
40000,0,0
114197,0,0
-66478,0,0
-173222,0,0
45847,0,0
72851,0,0
48910,0,0
187161,0,0
-88475,0,0
26604,0,0
162915,0,0
-5431,0,0
154643,0,0
59983,0,0
-67998,0,0
-96629,0,0
99312,0,0
80677,0,0
25052,0,0
94042,0,0
-10408,0,0
72273,0,0
-33216,0,0
83151,0,0
184762,0,0
62781,0,0
-111651,0,0
-52204,0,0
114922,0,0
95206,0,0
80254,0,0
-16800,0,0
85173,0,0
30738,0,0
20163,0,0
102243,0,0
42158,0,0
36847,0,0
3456,0,0
-8972,0,0
32006,0,0
69401,0,0
209714,0,0
134015,0,0
-80824,0,0
17951,0,0
56385,0,0
25468,0,0
-94913,0,0
-88685,0,0
147674,0,0
201684,0,0
-64035,0,0
-130495,0,0
8343,0,0
81752,0,0
113857,0,0
104167,0,0
137,0,0
-120336,0,0
-223290,0,0
9572,0,0
129905,0,0
307045,0,0
-18694,0,0
-168219,0,0
-159565,0,0
-43699,0,0
32174,0,0
-7453,0,0
242944,0,0
285574,0,0
-36911,0,0
-267728,0,0
32199,0,0
-81929,0,0
229189,0,0
181554,0,0
-25023,0,0
-10324,0,0
-33256,0,0
118561,0,0
104768,0,0
141615,0,0
62966,0,0
79849,0,0
59086,0,0
39385,0,0
-218023,0,0
41041,0,0
59771,0,0
214457,0,0
164440,0,0
58234,0,0
-39762,0,0
131147,0,0
-8310,0,0
38318,0,0
26669,0,0
56907,0,0
-21041,0,0
-69614,0,0
-49630,0,0
67657,0,0
266923,0,0
29646,0,0
-43975,0,0
-3865,0,0
-73941,0,0
179056,0,0
-10731,0,0
-298581,0,0
-34595,0,0
141257,0,0
147009,0,0
172266,0,0
140057,0,0
-109061,0,0
-68947,0,0
136383,0,0
12306,0,0
-110434,0,0
21621,0,0
97012,0,0
179550,0,0
89792,0,0
63581,0,0
33580,0,0
-9506,0,0
84616,0,0
100708,0,0
91137,0,0
-11579,0,0
-96346,0,0
69480,0,0
96966,0,0
9306,0,0
35601,0,0
37731,0,0
-42451,0,0
29002,0,0
-7569,0,0
24377,0,0
55157,0,0
37254,0,0
-22428,0,0
-76957,0,0
-74614,0,0
37197,0,0
-112436,0,0
-295487,0,0
-49401,0,0
175630,0,0
372548,0,0
79978,0,0
-381399,0,0
-257460,0,0
-59720,0,0
-99353,0,0
1228,0,0
21857,0,0
142464,0,0
-51763,0,0
-206295,0,0
-27739,0,0
92052,0,0
104738,0,0
45229,0,0
-125274,0,0
-182647,0,0
-109384,0,0
153396,0,0
158681,0,0
178251,0,0
-112702,0,0
-148519,0,0
-194648,0,0
32630,0,0
444932,0,0
-7161,0,0
-202541,0,0
-7913,0,0
191738,0,0
62825,0,0
31335,0,0
91480,0,0
49551,0,0
77565,0,0
8152,0,0
43632,0,0
-17552,0,0
135471,0,0
127074,0,0
3423,0,0
6644,0,0
133339,0,0
55352,0,0
50712,0,0
119954,0,0
53372,0,0
-24890,0,0
32953,0,0
-14695,0,0
169689,0,0
92733,0,0
-109836,0,0
44769,0,0
153469,0,0
8442,0,0
-86885,0,0
-81494,0,0
131760,0,0
175015,0,0
50714,0,0
66819,0,0
-95944,0,0
-139182,0,0
38921,0,0
29999,0,0
64057,0,0
-100545,0,0
-105359,0,0
-94159,0,0
99371,0,0
53734,0,0
-134005,0,0
-133089,0,0
-161158,0,0
-30433,0,0
-36726,0,0
-178941,0,0
-140295,0,0
-223532,0,0
-175776,0,0
-69002,0,0
68974,0,0
-167054,0,0
29654,0,0
-107815,0,0
-45560,0,0
-84933,0,0
60855,0,0
-27879,0,0
-120344,0,0
-60075,0,0
156171,0,0
-4927,0,0
-198166,0,0
7589,0,0
190828,0,0
148642,0,0
-23521,0,0
40605,0,0
344396,0,0
-96586,0,0
-102496,0,0
-219832,0,0
152905,0,0
418039,0,0
272530,0,0
-102763,0,0
-85797,0,0
-23314,0,0
207923,0,0
82797,0,0
36305,0,0
93310,0,0
-2280,0,0
-46092,0,0
-121501,0,0
20603,0,0
351120,0,0
401511,0,0
180987,0,0
-181653,0,0
-4861,0,0
19339,0,0
-84838,0,0
38362,0,0
-99075,0,0
-43090,0,0
34461,0,0
71471,0,0
63404,0,0
-3221,0,0
178296,0,0
236994,0,0
-16540,0,0
-209953,0,0
-65962,0,0
-63759,0,0
-153965,0,0
239641,0,0
144210,0,0
-76793,0,0
138894,0,0
50521,0,0
27295,0,0
2559,0,0
-6414,0,0
-128376,0,0
-39108,0,0
80553,0,0
65510,0,0
2453,0,0
-209325,0,0
-72047,0,0
208515,0,0
96537,0,0
-152700,0,0
-258224,0,0
-38387,0,0
37199,0,0
-156196,0,0
-120440,0,0
-22665,0,0
-83274,0,0
-55273,0,0
-101575,0,0
-96142,0,0
37493,0,0
-194774,0,0
-167500,0,0
137893,0,0
-94697,0,0
-51448,0,0
-167083,0,0
-103279,0,0
252607,0,0
33028,0,0
-216196,0,0
-79616,0,0
-64449,0,0
83402,0,0
-84059,0,0
-77909,0,0
87706,0,0
79043,0,0
36736,0,0
23824,0,0
-59357,0,0
-57408,0,0
93557,0,0
-27067,0,0
-100607,0,0
-23090,0,0
49891,0,0
313594,0,0
-55238,0,0
-328806,0,0
-246301,0,0
11674,0,0
-84906,0,0
48941,0,0
161301,0,0
-27922,0,0
-219786,0,0
154270,0,0
34251,0,0
-288951,0,0
-202107,0,0
200135,0,0
150906,0,0
5702,0,0
43852,0,0
-43395,0,0
-90866,0,0
-5133,0,0
98263,0,0
230865,0,0
9528,0,0
41596,0,0
154720,0,0
47145,0,0
8558,0,0
28675,0,0
21660,0,0
38371,0,0
148414,0,0
-20774,0,0
-145135,0,0
-106964,0,0
56726,0,0
-47228,0,0
69439,0,0
155943,0,0
-107966,0,0
-229802,0,0
-62880,0,0
176,0,0
-128989,0,0
-219197,0,0
147297,0,0
15009,0,0
-115607,0,0
-34933,0,0
123121,0,0
103064,0,0
-202160,0,0
-117026,0,0
-37044,0,0
-85006,0,0
160610,0,0
99347,0,0
97458,0,0
44410,0,0
-200,0,0
-10545,0,0
11912,0,0
50163,0,0
40670,0,0
65601,0,0
-36964,0,0
59854,0,0
49599,0,0
-46845,0,0
122849,0,0
-19820,0,0
122476,0,0
339866,0,0
18665,0,0
48703,0,0
50395,0,0
95979,0,0
160327,0,0
-36680,0,0
194735,0,0
229616,0,0
39428,0,0
-18657,0,0
75607,0,0
205231,0,0
294236,0,0
64424,0,0
107616,0,0
35639,0,0
-42011,0,0
317798,0,0
206287,0,0
-136912,0,0
-27799,0,0
164405,0,0
124209,0,0
2710,0,0
34226,0,0
45701,0,0
65121,0,0
340724,0,0
128599,0,0
68269,0,0
38002,0,0
55890,0,0
74042,0,0
-24986,0,0
-89344,0,0
161249,0,0
221301,0,0
32808,0,0
25681,0,0
-244807,0,0
15839,0,0
153532,0,0
-8250,0,0
181121,0,0
-145971,0,0
27880,0,0
17188,0,0
-85161,0,0
-3140,0,0
70596,0,0
-59928,0,0
-33517,0,0
46299,0,0
-16412,0,0
93814,0,0
196014,0,0
-29608,0,0
-91130,0,0
-86709,0,0
46313,0,0
-35653,0,0
87799,0,0
210885,0,0
15509,0,0
119810,0,0
-30328,0,0
-103356,0,0
56396,0,0
-46015,0,0
-62067,0,0
41047,0,0
136752,0,0
136996,0,0
-90826,0,0
-104419,0,0
-19892,0,0
202455,0,0
177765,0,0
-93104,0,0
-198900,0,0
-6682,0,0
-805,0,0
36178,0,0
47269,0,0
144463,0,0
-43743,0,0
-34511,0,0
87119,0,0
116062,0,0
-70880,0,0
-119789,0,0
75465,0,0
49660,0,0
8388,0,0
-46739,0,0
40335,0,0
114943,0,0
150463,0,0
-51834,0,0
68392,0,0
-71442,0,0
1950,0,0
77967,0,0
51961,0,0
50485,0,0
-45544,0,0
-29198,0,0
-8865,0,0
-51291,0,0
-105317,0,0
-114278,0,0
-128523,0,0
67733,0,0
8463,0,0
31103,0,0
-36484,0,0
81025,0,0
24168,0,0
-15574,0,0
-192636,0,0
-147655,0,0
-32782,0,0
54069,0,0
-93060,0,0
72653,0,0
-89604,0,0
110756,0,0
58625,0,0
-92312,0,0
-86335,0,0
-60256,0,0
-142691,0,0
-169678,0,0
105106,0,0
-9138,0,0
239120,0,0
-32824,0,0
-213077,0,0
-52331,0,0
-162453,0,0
-7289,0,0
-155651,0,0
-126511,0,0
-7863,0,0
286772,0,0
157856,0,0
-67070,0,0
-136493,0,0
-121783,0,0
-115915,0,0
-57201,0,0
-10554,0,0
183126,0,0
186392,0,0
10861,0,0
-129069,0,0
-166337,0,0
43328,0,0
-16642,0,0
-109209,0,0
57089,0,0
198207,0,0
19903,0,0
-134263,0,0
-50921,0,0
-204386,0,0
11714,0,0
67292,0,0
-11271,0,0
98087,0,0
-47322,0,0
-33252,0,0
41980,0,0
55997,0,0
-62950,0,0
-67022,0,0
-170909,0,0
-150555,0,0
-50594,0,0
-118072,0,0
-107896,0,0
173763,0,0
74731,0,0
-61441,0,0
-150775,0,0
53623,0,0
24790,0,0
-218074,0,0
-158464,0,0
-159327,0,0
-12873,0,0
156852,0,0
28773,0,0
-3845,0,0
-366458,0,0
-150560,0,0
227064,0,0
266793,0,0
162605,0,0
-57481,0,0
-107066,0,0
-19437,0,0
-32325,0,0
-49782,0,0
124527,0,0
131218,0,0
9151,0,0
79237,0,0
-83052,0,0
-28119,0,0
105670,0,0
69231,0,0
144775,0,0
51816,0,0
15570,0,0
17893,0,0
-82706,0,0
-73862,0,0
24164,0,0
-124235,0,0
-166140,0,0
216146,0,0
267512,0,0
-17743,0,0
-156094,0,0
-75075,0,0
-44127,0,0
-291281,0,0
234330,0,0
312777,0,0
89419,0,0
41998,0,0
-113501,0,0
-195799,0,0
-7525,0,0
61763,0,0
56404,0,0
90951,0,0
-93009,0,0
188986,0,0
504321,0,0
-24377,0,0
-81812,0,0
-106236,0,0
35852,0,0
92778,0,0
107675,0,0
-50813,0,0
-51397,0,0
129549,0,0
29542,0,0
-117835,0,0
10757,0,0
195827,0,0
33586,0,0
5017,0,0
14081,0,0
125907,0,0
-94108,0,0
-95079,0,0
-40395,0,0
-50089,0,0
88913,0,0
213746,0,0
-20450,0,0
6571,0,0
103650,0,0
-24218,0,0
-92220,0,0
-121386,0,0
-207330,0,0
240909,0,0
317041,0,0
73988,0,0
-233229,0,0
-100249,0,0
52128,0,0
3253,0,0
164684,0,0
-83381,0,0
-28528,0,0
-25648,0,0
-99274,0,0
-7163,0,0
100597,0,0
68864,0,0
12029,0,0
-80708,0,0
-24471,0,0
-225566,0,0
-69566,0,0
64782,0,0
-32931,0,0
140289,0,0
53168,0,0
116009,0,0
-163310,0,0
-406362,0,0
-57702,0,0
237331,0,0
63003,0,0
-79479,0,0
-68010,0,0
-27495,0,0
113797,0,0
86331,0,0
-18573,0,0
-328682,0,0
15561,0,0
74259,0,0
46941,0,0
31685,0,0
-9255,0,0
-69722,0,0
63606,0,0
26709,0,0
7551,0,0
-43905,0,0
-60094,0,0
86814,0,0
44772,0,0
-81685,0,0
124154,0,0
43254,0,0
105877,0,0
-48443,0,0
-247128,0,0
-14809,0,0
-46191,0,0
202148,0,0
127028,0,0
177427,0,0
221372,0,0
25687,0,0
-294609,0,0
51013,0,0
319401,0,0
-45612,0,0
-162446,0,0
-32881,0,0
142428,0,0
216485,0,0
224420,0,0
80828,0,0
47580,0,0
-143645,0,0
4954,0,0
248795,0,0
105395,0,0
260133,0,0
217249,0,0
-134328,0,0
-64359,0,0
4241,0,0
63800,0,0
86114,0,0
156028,0,0
94695,0,0
116029,0,0
-10837,0,0
-40971,0,0
-83465,0,0
18115,0,0
-8283,0,0
51999,0,0
24572,0,0
78323,0,0
71047,0,0
-211120,0,0
-168996,0,0
606,0,0
25973,0,0
65522,0,0
-110805,0,0
-95025,0,0
-85988,0,0
86892,0,0
-24528,0,0
-51052,0,0
-216762,0,0
-122809,0,0
31173,0,0
-5927,0,0
-85947,0,0
59032,0,0
-75089,0,0
-242882,0,0
206645,0,0
115640,0,0
-383782,0,0
-65521,0,0
96300,0,0
137210,0,0
-506,0,0
-78705,0,0
-107446,0,0
-112151,0,0
47636,0,0
176321,0,0
20768,0,0
-92402,0,0
-123833,0,0
-82446,0,0
41396,0,0
-120527,0,0
-247671,0,0
229593,0,0
31040,0,0
-248678,0,0
25081,0,0
184046,0,0
-95801,0,0
-213407,0,0
-116127,0,0
-126114,0,0
204263,0,0
4332,0,0
-116025,0,0
-17475,0,0
17311,0,0
150072,0,0
39971,0,0
100376,0,0
-127063,0,0
-140209,0,0
-18749,0,0
-909,0,0
128396,0,0
103934,0,0
-275,0,0
37655,0,0
-82614,0,0
-105081,0,0
125314,0,0
60057,0,0
38932,0,0
-139227,0,0
-100017,0,0
40248,0,0
117561,0,0
-38485,0,0
-82163,0,0
95477,0,0
-61455,0,0
-36623,0,0
-56667,0,0
149907,0,0
226491,0,0
-121996,0,0
-187755,0,0
-70298,0,0
-94934,0,0
22223,0,0
15409,0,0
93372,0,0
-59842,0,0
-117224,0,0
-16352,0,0
-70758,0,0
-26177,0,0
96532,0,0
66628,0,0
-5798,0,0
-276866,0,0
-95708,0,0
-5337,0,0
-45110,0,0
-10683,0,0
205130,0,0
20729,0,0
10366,0,0
7032,0,0
-24687,0,0
47383,0,0
3824,0,0
17414,0,0
-113618,0,0
-113668,0,0
-115384,0,0
180287,0,0
365100,0,0
1084,0,0
-181669,0,0
-988,0,0
28940,0,0
60207,0,0
114539,0,0
-87093,0,0
-128454,0,0
-115079,0,0
-52661,0,0
90484,0,0
187113,0,0
19323,0,0
53556,0,0
-58466,0,0
-147228,0,0
-65870,0,0
223207,0,0
12510,0,0
-27310,0,0
186865,0,0
-111229,0,0
-175221,0,0
167862,0,0
17841,0,0
-29831,0,0
208928,0,0
173992,0,0
8177,0,0
-17183,0,0
9809,0,0
165865,0,0
-49600,0,0
-122359,0,0
56456,0,0
201195,0,0
234054,0,0
54560,0,0
-164990,0,0
-122323,0,0
22266,0,0
158345,0,0
291444,0,0
-9951,0,0
-33409,0,0
73332,0,0
162241,0,0
11296,0,0
-50868,0,0
-90310,0,0
-85674,0,0
163347,0,0
207847,0,0
86751,0,0
34211,0,0
-214280,0,0
32910,0,0
93717,0,0
136295,0,0
28157,0,0
134348,0,0
-21874,0,0
-34715,0,0
-79618,0,0
-75711,0,0
-91899,0,0
-97465,0,0
147416,0,0
138051,0,0
38133,0,0
-23415,0,0
-136262,0,0
-111643,0,0
-69621,0,0
101192,0,0
91909,0,0
17332,0,0
10079,0,0
-76033,0,0
-178049,0,0
-81432,0,0
192070,0,0
150366,0,0
-100734,0,0
844,0,0
120683,0,0
29859,0,0
-4528,0,0
43503,0,0
-71088,0,0
-14429,0,0
168103,0,0
194135,0,0
86318,0,0
119200,0,0
130377,0,0
-5289,0,0
-69001,0,0
109466,0,0
93408,0,0
10785,0,0
44743,0,0
-69589,0,0
92132,0,0
107773,0,0
-38743,0,0
14039,0,0
59158,0,0
32708,0,0
-86819,0,0
29970,0,0
-131327,0,0
-181578,0,0
77989,0,0
159392,0,0
193569,0,0
-77569,0,0
-109973,0,0
-47939,0,0
20805,0,0
13171,0,0
114766,0,0
114729,0,0
-26784,0,0
-102863,0,0
73488,0,0
327155,0,0
53666,0,0
-118729,0,0
-70153,0,0
10996,0,0
161537,0,0
175457,0,0
-32388,0,0
-58802,0,0
-56744,0,0
76610,0,0
85851,0,0
175419,0,0
-70470,0,0
-56658,0,0
159181,0,0
60253,0,0
-99289,0,0
76126,0,0
-145119,0,0
56339,0,0
-58016,0,0
122366,0,0
77381,0,0
-13287,0,0
-72673,0,0
82392,0,0
98361,0,0
-55514,0,0
-91842,0,0
-35822,0,0
-28806,0,0
13678,0,0
-102292,0,0
60935,0,0
-224538,0,0
33211,0,0
163191,0,0
-40090,0,0
155751,0,0
-29672,0,0
-158056,0,0
-38823,0,0
2289,0,0
3057,0,0
13065,0,0
18710,0,0
156429,0,0
78053,0,0
-184104,0,0
-88976,0,0
17243,0,0
100565,0,0
192006,0,0
214159,0,0
28898,0,0
-126126,0,0
-9933,0,0
17655,0,0
6344,0,0
-40021,0,0
-14085,0,0
12657,0,0
60360,0,0
-113330,0,0
4885,0,0
93534,0,0
36806,0,0
85138,0,0
129582,0,0
-64586,0,0
-113773,0,0
-138262,0,0
-138322,0,0
-23354,0,0
-69296,0,0
119585,0,0
47083,0,0
188824,0,0
28500,0,0
-110372,0,0
-135857,0,0
-12128,0,0
-32746,0,0
-46727,0,0
26253,0,0
-47899,0,0
-183487,0,0
-151991,0,0
84433,0,0
-53860,0,0
25315,0,0
-106801,0,0
126151,0,0
-209291,0,0
-125053,0,0
-116079,0,0
-210454,0,0
-18825,0,0
72987,0,0
129983,0,0
-31252,0,0
-239888,0,0
-180259,0,0
268273,0,0
192677,0,0
-198693,0,0
-292663,0,0
70512,0,0
193752,0,0
4719,0,0
3164,0,0
79050,0,0
-56277,0,0
-37835,0,0
50349,0,0
37095,0,0
186313,0,0
-12722,0,0
-196264,0,0
115014,0,0
-61337,0,0
-115260,0,0
8692,0,0
36746,0,0
91982,0,0
36738,0,0
26073,0,0
87563,0,0
94528,0,0
-78710,0,0
-28346,0,0
-1518,0,0
-152964,0,0
-65282,0,0
96355,0,0
-68562,0,0
147246,0,0
15899,0,0
127877,0,0
-12601,0,0
-104988,0,0
35338,0,0
33234,0,0
10284,0,0
292201,0,0
16473,0,0
-8105,0,0
81976,0,0
-23800,0,0
-5481,0,0
59436,0,0
142721,0,0
89224,0,0
12620,0,0
121855,0,0
175472,0,0
-229,0,0
-38344,0,0
134306,0,0
77993,0,0
19739,0,0
-6946,0,0
-129478,0,0
-25642,0,0
-23202,0,0
-117845,0,0
22254,0,0
48507,0,0
202553,0,0
55986,0,0
-216467,0,0
-350681,0,0
-57188,0,0
25290,0,0
125237,0,0
16335,0,0
74851,0,0
-159771,0,0
624,0,0
-162606,0,0
-12290,0,0
5239,0,0
45312,0,0
-1806,0,0
-184650,0,0
88581,0,0
85793,0,0
-16534,0,0
-16337,0,0
32077,0,0
-72924,0,0
70977,0,0
-90621,0,0
-114274,0,0
116795,0,0
34000,0,0
-18834,0,0
38516,0,0
210950,0,0
129458,0,0
-134287,0,0
-139539,0,0
63661,0,0
-67254,0,0
-49208,0,0
-150267,0,0
1485,0,0
309902,0,0
80434,0,0
-154925,0,0
-143546,0,0
213233,0,0
94734,0,0
-65416,0,0
-275889,0,0
-281507,0,0
-66051,0,0
82339,0,0
129812,0,0
209116,0,0
45489,0,0
-158081,0,0
107374,0,0
-176240,0,0
-124562,0,0
-46356,0,0
-34776,0,0
-122676,0,0
6151,0,0
73196,0,0
102005,0,0
25341,0,0
-4852,0,0
-54127,0,0
38029,0,0
-56298,0,0
-106634,0,0
-36360,0,0
-131344,0,0
-60485,0,0
142397,0,0
85512,0,0
-37664,0,0
26464,0,0
-131988,0,0
-70553,0,0
175558,0,0
150987,0,0
4268,0,0
-60003,0,0
-2980,0,0
20668,0,0
64225,0,0
-53486,0,0
-74651,0,0
-27239,0,0
24428,0,0
198974,0,0
169862,0,0
79577,0,0
-20986,0,0
-179889,0,0
53666,0,0
214315,0,0
65796,0,0
-100707,0,0
-10758,0,0
-40354,0,0
-30812,0,0
-123062,0,0
206602,0,0
306895,0,0
-120328,0,0
-95505,0,0
13586,0,0
-172242,0,0
-22647,0,0
111501,0,0
76315,0,0
-154112,0,0
-34632,0,0
59534,0,0
-12277,0,0
-140307,0,0
-62636,0,0
231697,0,0
107983,0,0
-58645,0,0
-20991,0,0
-46604,0,0
19178,0,0
111346,0,0
122,0,0
-5305,0,0
-40792,0,0
-22947,0,0
230111,0,0
236734,0,0
28563,0,0
-1971,0,0
-10093,0,0
116063,0,0
-63471,0,0
-93361,0,0
9476,0,0
-1717,0,0
100631,0,0
42336,0,0
-57432,0,0
4005,0,0
61839,0,0
12350,0,0
12995,0,0
-132878,0,0
11833,0,0
-99515,0,0
-103795,0,0
-49125,0,0
70405,0,0
-27800,0,0
-127863,0,0
10140,0,0
-109984,0,0
126006,0,0
29003,0,0
72059,0,0
65888,0,0
-87272,0,0
-71142,0,0
-145168,0,0
70592,0,0
110249,0,0
-117533,0,0
-66835,0,0
54944,0,0
109065,0,0
186227,0,0
-44696,0,0
-197530,0,0
-190907,0,0
-190217,0,0
210806,0,0
85543,0,0
38379,0,0
-234961,0,0
57018,0,0
55090,0,0
-170171,0,0
-119435,0,0
51566,0,0
12104,0,0
215961,0,0
-98577,0,0
-150964,0,0
-44072,0,0
47740,0,0
170655,0,0
-195293,0,0
-36363,0,0
57548,0,0
81718,0,0
121286,0,0
106326,0,0
-102792,0,0
-133829,0,0
-44906,0,0
72337,0,0
-12936,0,0
51187,0,0
44446,0,0
-180184,0,0
-98674,0,0
52180,0,0
67782,0,0
-3843,0,0
13063,0,0
127258,0,0
136980,0,0
-194599,0,0
-92123,0,0
-132871,0,0
-17460,0,0
-13654,0,0
7043,0,0
133781,0,0
95997,0,0
5641,0,0
-11102,0,0
-180978,0,0
-220101,0,0
-72484,0,0
370064,0,0
211045,0,0
38520,0,0
-245117,0,0
-102332,0,0
129606,0,0
199988,0,0
-175945,0,0
-86430,0,0
-103406,0,0
55239,0,0
-7435,0,0
-57497,0,0
122627,0,0
67839,0,0
-64137,0,0
-116485,0,0
-149327,0,0
-151135,0,0
120836,0,0
131353,0,0
-59295,0,0
-241986,0,0
-203973,0,0
-20063,0,0
23911,0,0
-11302,0,0
-103667,0,0
77771,0,0
90757,0,0
13962,0,0
-84417,0,0
-197482,0,0
25622,0,0
65841,0,0
133914,0,0
106397,0,0
-134836,0,0
34121,0,0
84916,0,0
-8156,0,0
6014,0,0
-9590,0,0
94347,0,0
5578,0,0
-163427,0,0
90729,0,0
72819,0,0
147794,0,0
20774,0,0
-82276,0,0
-111277,0,0
6512,0,0
30742,0,0
30945,0,0
77214,0,0
15515,0,0
-23417,0,0
-8606,0,0
-139939,0,0
48528,0,0
268545,0,0
-8632,0,0
3581,0,0
55538,0,0
-10486,0,0
-9242,0,0
30343,0,0
48218,0,0
11735,0,0
-4660,0,0
-57221,0,0
-107875,0,0
10101,0,0
117812,0,0
114473,0,0
101538,0,0
-53819,0,0
-198630,0,0
-140295,0,0
111272,0,0
189184,0,0
-62944,0,0
-271183,0,0
-93166,0,0
-38085,0,0
90691,0,0
253712,0,0
142685,0,0
142057,0,0
-246649,0,0
-84392,0,0
-81053,0,0
-157,0,0
22027,0,0
244215,0,0
-92894,0,0
153347,0,0
138936,0,0
137007,0,0
121721,0,0
29743,0,0
140773,0,0
128807,0,0
212396,0,0
78670,0,0
139916,0,0
34610,0,0
139781,0,0
175076,0,0
266893,0,0
156058,0,0
210141,0,0
288936,0,0
194156,0,0
-19273,0,0
-114364,0,0
161051,0,0
317285,0,0
347771,0,0
-48441,0,0
67510,0,0
146572,0,0
45998,0,0
-55206,0,0
97722,0,0
289922,0,0
147277,0,0
-101304,0,0
-118339,0,0
70247,0,0
23786,0,0
167295,0,0
82775,0,0
72496,0,0
-33747,0,0
90940,0,0
-111256,0,0
-183874,0,0
65749,0,0
181761,0,0
-69437,0,0
-164003,0,0
-6784,0,0
17694,0,0
20407,0,0
-301261,0,0
-82430,0,0
242017,0,0
290133,0,0
55418,0,0
-213794,0,0
-164236,0,0
-87326,0,0
-23472,0,0
-12557,0,0
185646,0,0
51909,0,0
-65735,0,0
72996,0,0
-28625,0,0
186013,0,0
174200,0,0
-801,0,0
-142269,0,0
-55808,0,0
-58668,0,0
109043,0,0
153302,0,0
87107,0,0
-22662,0,0
126659,0,0
-88020,0,0
-45829,0,0
-74389,0,0
-168848,0,0
5663,0,0
312974,0,0
5060,0,0
-98909,0,0
-216308,0,0
-26877,0,0
223942,0,0
-262270,0,0
-183383,0,0
105850,0,0
30556,0,0
-46012,0,0
-115514,0,0
3019,0,0
-26289,0,0
-136067,0,0
-52235,0,0
66319,0,0
-130459,0,0
-95750,0,0
-3964,0,0
67196,0,0
-129970,0,0
13123,0,0
49353,0,0
193141,0,0
-9376,0,0
-93127,0,0
-75786,0,0
-189437,0,0
-158004,0,0
-16351,0,0
60414,0,0
98160,0,0
-10864,0,0
-124153,0,0
-211050,0,0
64881,0,0
60067,0,0
-177816,0,0
-172442,0,0
-129136,0,0
-32571,0,0
-175379,0,0
-157247,0,0
-76946,0,0
4272,0,0
-177976,0,0
85653,0,0
23440,0,0
37801,0,0
-253927,0,0
-212575,0,0
-8883,0,0
129395,0,0
279799,0,0
-220814,0,0
-116290,0,0
-88717,0,0
-25481,0,0
176048,0,0
7128,0,0
43677,0,0
173684,0,0
8893,0,0
-64685,0,0
-11320,0,0
28543,0,0
37353,0,0
34595,0,0
-54124,0,0
-39593,0,0
184095,0,0
44369,0,0
-34434,0,0
83017,0,0
-115118,0,0
-142561,0,0
77037,0,0
108536,0,0
78217,0,0
-109403,0,0
130804,0,0
-103112,0,0
-79237,0,0
-51629,0,0
-9428,0,0
22368,0,0
-14909,0,0
12126,0,0
-149381,0,0
-50455,0,0
51854,0,0
14431,0,0
120444,0,0
-156056,0,0
-194417,0,0
43973,0,0
19653,0,0
-80779,0,0
-75501,0,0
-153050,0,0
-93485,0,0
196434,0,0
125369,0,0
-147812,0,0
-150085,0,0
-336173,0,0
-155126,0,0
125449,0,0
332735,0,0
-4184,0,0
-10211,0,0
-99386,0,0
-324573,0,0
-154659,0,0
-76729,0,0
-47577,0,0
175555,0,0
262399,0,0
-52511,0,0
-283693,0,0
-291830,0,0
-24454,0,0
216527,0,0
180783,0,0
66648,0,0
-195708,0,0
-137867,0,0
-93947,0,0
-120600,0,0
107794,0,0
8203,0,0
-120892,0,0
187146,0,0
-10725,0,0
-85998,0,0
-128486,0,0
34693,0,0
90264,0,0
-41844,0,0
-12707,0,0
83026,0,0
-127375,0,0
-82069,0,0
5774,0,0
91985,0,0
-130222,0,0
-92085,0,0
-33059,0,0
256759,0,0
218149,0,0
-48091,0,0
-166022,0,0
-184733,0,0
72389,0,0
71466,0,0
-91061,0,0
66530,0,0
134126,0,0
117590,0,0
63301,0,0
-32027,0,0
6103,0,0
-9600,0,0
12894,0,0
-3617,0,0
25715,0,0
10245,0,0
49751,0,0
-62889,0,0
92655,0,0
159353,0,0
6129,0,0
-154899,0,0
-70249,0,0
-45192,0,0
-112864,0,0
-47322,0,0
-16828,0,0
149273,0,0
-116327,0,0
-64238,0,0
-153623,0,0
-11774,0,0
-53431,0,0
-122231,0,0
-95086,0,0
81895,0,0
-168917,0,0
-84450,0,0
50289,0,0
-44140,0,0
-128161,0,0
-137487,0,0
11669,0,0
93267,0,0
-131878,0,0
-110295,0,0
94296,0,0
1201,0,0
114504,0,0
-55085,0,0
-169580,0,0
-98657,0,0
-34615,0,0
44237,0,0
115962,0,0
-48331,0,0
-278769,0,0
280600,0,0
16173,0,0
-72737,0,0
36069,0,0
-178820,0,0
127316,0,0
73428,0,0
-117674,0,0
-47727,0,0
287682,0,0
139097,0,0
-22854,0,0
-41681,0,0
-60877,0,0
-1364,0,0
-10014,0,0
155945,0,0
300992,0,0
163566,0,0
-82886,0,0
36734,0,0
50162,0,0
-20604,0,0
-92445,0,0
210751,0,0
224146,0,0
55899,0,0
-62801,0,0
-79532,0,0
51203,0,0
44482,0,0
58612,0,0
79213,0,0
-41724,0,0
101721,0,0
8619,0,0
39105,0,0
-7137,0,0
27668,0,0
143152,0,0
-19696,0,0
-19778,0,0
42748,0,0
5715,0,0
-77596,0,0
-12512,0,0
42652,0,0
-55764,0,0
-39854,0,0
-52523,0,0
-55802,0,0
88465,0,0
121283,0,0
-90369,0,0
-318021,0,0
34535,0,0
-97416,0,0
71235,0,0
-99972,0,0
-170530,0,0
-92591,0,0
45621,0,0
126667,0,0
-209089,0,0
-45103,0,0
109899,0,0
-114152,0,0
-65042,0,0
63263,0,0
-23537,0,0
-14200,0,0
-65512,0,0
-172917,0,0
34010,0,0
232250,0,0
-85397,0,0
-120944,0,0
-31478,0,0
56030,0,0
151869,0,0
-47351,0,0
68868,0,0
-41194,0,0
-111098,0,0
-287948,0,0
-264735,0,0
9610,0,0
146472,0,0
202966,0,0
20543,0,0
-180086,0,0
84642,0,0
-15695,0,0
-265884,0,0
224269,0,0
34739,0,0
-103309,0,0
-211409,0,0
-129175,0,0
138630,0,0
125353,0,0
-69562,0,0
-118357,0,0
-123394,0,0
194726,0,0
364739,0,0
-5631,0,0
-316010,0,0
-234614,0,0
27998,0,0
-17137,0,0
36822,0,0
43862,0,0
-21062,0,0
-10524,0,0
227199,0,0
-82429,0,0
-104907,0,0
63908,0,0
-7622,0,0
-47886,0,0
98293,0,0
254688,0,0
91534,0,0
4876,0,0
41785,0,0
79074,0,0
39143,0,0
9335,0,0
79395,0,0
36618,0,0
276419,0,0
81257,0,0
-4817,0,0
51959,0,0
38184,0,0
17613,0,0
-83805,0,0
-35231,0,0
45856,0,0
111106,0,0
92970,0,0
67617,0,0
27650,0,0
-127132,0,0
-25597,0,0
142749,0,0
-43384,0,0
-74329,0,0
81436,0,0
-53324,0,0
23218,0,0
-21648,0,0
41694,0,0
241276,0,0
-16997,0,0
-48577,0,0
153313,0,0
52856,0,0
3086,0,0
-71421,0,0
76862,0,0
102425,0,0
-14709,0,0
125558,0,0
273998,0,0
-38620,0,0
-60456,0,0
-20707,0,0
181698,0,0
103349,0,0
-110147,0,0
-58347,0,0
75792,0,0
26676,0,0
15601,0,0
2769,0,0
69171,0,0
-8555,0,0
34921,0,0
25187,0,0
-157796,0,0
-1913,0,0
160550,0,0
-108344,0,0
-10936,0,0
-61487,0,0
-6469,0,0
47609,0,0
-33224,0,0
78136,0,0
43743,0,0
-161459,0,0
-212700,0,0
113437,0,0
-8617,0,0
44020,0,0
-55672,0,0
-78738,0,0
78342,0,0
-6049,0,0
-163159,0,0
-80689,0,0
-18991,0,0
143136,0,0
-311104,0,0
-101861,0,0
119256,0,0
239414,0,0
38422,0,0
-209454,0,0
-69995,0,0
-81843,0,0
495,0,0
160712,0,0
48002,0,0
57183,0,0
-181012,0,0
-66948,0,0
-69337,0,0
243482,0,0
246218,0,0
78737,0,0
-103982,0,0
-9652,0,0
-94240,0,0
-126650,0,0
45231,0,0
119782,0,0
160418,0,0
41267,0,0
37154,0,0
113245,0,0
-24996,0,0
54700,0,0
103631,0,0
-137177,0,0
96704,0,0
101490,0,0
-80744,0,0
26682,0,0
-88900,0,0
10602,0,0
11595,0,0
112136,0,0
106430,0,0
20458,0,0
109398,0,0
-161568,0,0
-16362,0,0
-18134,0,0
83971,0,0
-39399,0,0
86293,0,0
106520,0,0
-98199,0,0
-93322,0,0
-94761,0,0
126680,0,0
75463,0,0
39640,0,0
-49010,0,0
-50422,0,0
-24632,0,0
47907,0,0
-10021,0,0
-216221,0,0
-209232,0,0
89845,0,0
72925,0,0
-121133,0,0
76686,0,0
-128223,0,0
-179770,0,0
-156524,0,0
29288,0,0
-266012,0,0
-59782,0,0
-42530,0,0
181482,0,0
133598,0,0
-312518,0,0
-139131,0,0
188659,0,0
-6260,0,0
-277986,0,0
-240207,0,0
56927,0,0
48931,0,0
59833,0,0
76502,0,0
34677,0,0
-27744,0,0
23257,0,0
