11567,0,0
41741,0,0
-145671,0,0
42695,0,0
144366,0,0
39943,0,0
-90197,0,0
-75208,0,0
-13000,0,0
16055,0,0
102056,0,0
71593,0,0
15899,0,0
-78921,0,0
-120564,0,0
-75542,0,0
6273,0,0
145002,0,0
-99541,0,0
-133925,0,0
-159022,0,0
30174,0,0
230820,0,0
133845,0,0
-105925,0,0
-160515,0,0
-43019,0,0
-54052,0,0
-46386,0,0
34506,0,0
38453,0,0
33988,0,0
-50365,0,0
-45620,0,0
-77657,0,0
17272,0,0
50601,0,0
5468,0,0
59644,0,0
-136213,0,0
-47081,0,0
46999,0,0
-25871,0,0
-176779,0,0
-87709,0,0
159461,0,0
-35628,0,0
-45931,0,0
56575,0,0
5413,0,0
83689,0,0
-133142,0,0
-167665,0,0
12027,0,0
23983,0,0
81748,0,0
-34696,0,0
27136,0,0
140845,0,0
18227,0,0
-76914,0,0
-166938,0,0
-34593,0,0
74629,0,0
-107188,0,0
56018,0,0
61564,0,0
50198,0,0
-71862,0,0
-17122,0,0
-46091,0,0
968,0,0
-98444,0,0
-56767,0,0
-114205,0,0
196391,0,0
276677,0,0
105151,0,0
-164808,0,0
-297393,0,0
-60496,0,0
102143,0,0
105752,0,0
11215,0,0
18973,0,0
139433,0,0
285229,0,0
129005,0,0
-135709,0,0
-79145,0,0
101890,0,0
-144184,0,0
-67853,0,0
152003,0,0
60255,0,0
109410,0,0
74650,0,0
126163,0,0
-18927,0,0
-2094,0,0
166434,0,0
4382,0,0
-118335,0,0
-47380,0,0
-36891,0,0
261296,0,0
131742,0,0
-50025,0,0
-3832,0,0
127753,0,0
81141,0,0
42681,0,0
-49951,0,0
-143113,0,0
4657,0,0
208600,0,0
97946,0,0
-67205,0,0
75711,0,0
-65113,0,0
79967,0,0
-21131,0,0
65049,0,0
-75583,0,0
182603,0,0
176778,0,0
-108551,0,0
-24795,0,0
26193,0,0
27450,0,0
23891,0,0
43673,0,0
5644,0,0
9020,0,0
33078,0,0
-82074,0,0
142297,0,0
74122,0,0
171625,0,0
-137976,0,0
-42233,0,0
-199800,0,0
47150,0,0
192685,0,0
9751,0,0
-128290,0,0
52962,0,0
-28235,0,0
-23583,0,0
295007,0,0
222750,0,0
-180267,0,0
-74541,0,0
-155298,0,0
1929,0,0
101055,0,0
272241,0,0
83765,0,0
-10369,0,0
128969,0,0
14220,0,0
-140856,0,0
51475,0,0
199240,0,0
-40629,0,0
-50267,0,0
-33732,0,0
133517,0,0
102623,0,0
-24077,0,0
-127203,0,0
53222,0,0
42242,0,0
56394,0,0
157412,0,0
103390,0,0
-150259,0,0
-15847,0,0
-15614,0,0
-101905,0,0
76631,0,0
174518,0,0
12592,0,0
-57408,0,0
130021,0,0
-145575,0,0
-27489,0,0
268982,0,0
-49682,0,0
35670,0,0
-235575,0,0
-25470,0,0
-76895,0,0
-11893,0,0
54971,0,0
189792,0,0
82659,0,0
-41709,0,0
-88632,0,0
-167312,0,0
-109865,0,0
113764,0,0
65146,0,0
-42873,0,0
11029,0,0
13730,0,0
88727,0,0
78134,0,0
-146147,0,0
-273877,0,0
-50079,0,0
135791,0,0
175572,0,0
159189,0,0
-6712,0,0
-116690,0,0
-226856,0,0
-13530,0,0
90469,0,0
-30134,0,0
-150523,0,0
-8230,0,0
98429,0,0
-14021,0,0
-135771,0,0
-15819,0,0
109117,0,0
-49135,0,0
-28671,0,0
-132611,0,0
-20049,0,0
46359,0,0
32277,0,0
-233817,0,0
25802,0,0
108450,0,0
-75833,0,0
62163,0,0
88641,0,0
-91636,0,0
16729,0,0
292329,0,0
-89537,0,0
-76618,0,0
-70115,0,0
58756,0,0
86619,0,0
84677,0,0
-45541,0,0
-6207,0,0
83803,0,0
48720,0,0
141770,0,0
1546,0,0
-110003,0,0
-33638,0,0
52288,0,0
52307,0,0
88002,0,0
9210,0,0
69224,0,0
-32900,0,0
-28436,0,0
110007,0,0
50509,0,0
6656,0,0
-50036,0,0
-1793,0,0
-141151,0,0
66445,0,0
97809,0,0
84661,0,0
231461,0,0
-9771,0,0
-184058,0,0
-80815,0,0
20605,0,0
-21835,0,0
107086,0,0
74666,0,0
-47133,0,0
193878,0,0
-21762,0,0
-111384,0,0
14775,0,0
-25705,0,0
-51149,0,0
32222,0,0
125839,0,0
207868,0,0
140130,0,0
-49740,0,0
-5534,0,0
-23925,0,0
48870,0,0
69141,0,0
-130077,0,0
-35957,0,0
-42929,0,0
105803,0,0
290602,0,0
162237,0,0
158265,0,0
-157608,0,0
-171473,0,0
117490,0,0
23692,0,0
-50730,0,0
113641,0,0
89855,0,0
141615,0,0
-91263,0,0
85953,0,0
80202,0,0
138932,0,0
-10274,0,0
-65984,0,0
61135,0,0
-57919,0,0
-80178,0,0
164325,0,0
207940,0,0
-27336,0,0
139105,0,0
-129874,0,0
-81716,0,0
-95185,0,0
103207,0,0
72230,0,0
-1248,0,0
146198,0,0
-7466,0,0
-48177,0,0
-4300,0,0
6823,0,0
5300,0,0
-30523,0,0
6580,0,0
-26373,0,0
-1264,0,0
-111608,0,0
113405,0,0
39892,0,0
28867,0,0
-48023,0,0
-26796,0,0
116323,0,0
149394,0,0
-138423,0,0
-90166,0,0
25517,0,0
30452,0,0
25107,0,0
24458,0,0
-40719,0,0
57652,0,0
158402,0,0
130835,0,0
78956,0,0
-84169,0,0
-95272,0,0
163088,0,0
125676,0,0
-97856,0,0
107231,0,0
88620,0,0
-31256,0,0
495,0,0
-77618,0,0
-81668,0,0
156613,0,0
50178,0,0
-15074,0,0
-1008,0,0
-43417,0,0
-136549,0,0
-95031,0,0
132222,0,0
130854,0,0
51140,0,0
-99362,0,0
32683,0,0
-118434,0,0
-119748,0,0
-58261,0,0
-29042,0,0
-29079,0,0
121394,0,0
1794,0,0
213789,0,0
-56279,0,0
-105723,0,0
-44721,0,0
-4585,0,0
-10916,0,0
20393,0,0
45231,0,0
-132490,0,0
122840,0,0
47070,0,0
-37800,0,0
68681,0,0
-198868,0,0
-80561,0,0
104666,0,0
203532,0,0
-19390,0,0
-36364,0,0
-196299,0,0
5877,0,0
-241002,0,0
-123719,0,0
161936,0,0
204794,0,0
139536,0,0
-153352,0,0
-34905,0,0
-22163,0,0
-4701,0,0
-35290,0,0
59168,0,0
96552,0,0
-24137,0,0
-125272,0,0
-3785,0,0
7170,0,0
53232,0,0
-45685,0,0
-129955,0,0
68898,0,0
244950,0,0
-238501,0,0
-17466,0,0
-35204,0,0
-120702,0,0
12503,0,0
71829,0,0
-64082,0,0
-64571,0,0
-98796,0,0
-33563,0,0
15707,0,0
13790,0,0
-33514,0,0
8765,0,0
3222,0,0
-125749,0,0
-20613,0,0
-95391,0,0
-56784,0,0
70893,0,0
-94370,0,0
133032,0,0
105742,0,0
-254949,0,0
-173693,0,0
-118705,0,0
-161890,0,0
196529,0,0
286969,0,0
-180010,0,0
-153972,0,0
-94802,0,0
-202122,0,0
-86347,0,0
-56286,0,0
165918,0,0
137132,0,0
97826,0,0
-63956,0,0
-317664,0,0
-90661,0,0
-146270,0,0
111190,0,0
33721,0,0
-8254,0,0
393690,0,0
-80999,0,0
-236351,0,0
-108163,0,0
-8900,0,0
5330,0,0
250628,0,0
112830,0,0
-25586,0,0
57654,0,0
17902,0,0
-4400,0,0
-17598,0,0
-61169,0,0
54668,0,0
115460,0,0
-50617,0,0
66610,0,0
19167,0,0
2955,0,0
-102122,0,0
66399,0,0
85252,0,0
-147698,0,0
-173351,0,0
-118645,0,0
84195,0,0
166053,0,0
47272,0,0
-51533,0,0
-166679,0,0
-77916,0,0
2213,0,0
20303,0,0
-74731,0,0
15889,0,0
22666,0,0
-151528,0,0
-28997,0,0
69400,0,0
-67421,0,0
88341,0,0
12562,0,0
-90728,0,0
-248892,0,0
15426,0,0
21090,0,0
-44476,0,0
-151205,0,0
55054,0,0
67581,0,0
-8446,0,0
51168,0,0
-32409,0,0
-92670,0,0
-204119,0,0
-236813,0,0
-178106,0,0
336743,0,0
125026,0,0
299722,0,0
-96953,0,0
-144721,0,0
-132588,0,0
-81359,0,0
140478,0,0
179606,0,0
53356,0,0
-320003,0,0
20714,0,0
347282,0,0
115814,0,0
46725,0,0
-11929,0,0
-76286,0,0
-200013,0,0
-54077,0,0
188806,0,0
59341,0,0
357208,0,0
-42586,0,0
-159425,0,0
102451,0,0
118911,0,0
-34871,0,0
38158,0,0
-131708,0,0
-161940,0,0
-24369,0,0
222703,0,0
107364,0,0
78261,0,0
57830,0,0
20509,0,0
-124105,0,0
-62472,0,0
224912,0,0
-71424,0,0
-254232,0,0
-161353,0,0
175199,0,0
207022,0,0
-90144,0,0
-166984,0,0
-4296,0,0
77270,0,0
-133014,0,0
-148702,0,0
-112808,0,0
-82285,0,0
-14601,0,0
221425,0,0
-87024,0,0
-97212,0,0
86733,0,0
-206045,0,0
-209953,0,0
49133,0,0
-88326,0,0
-81766,0,0
-54218,0,0
12659,0,0
88826,0,0
69159,0,0
-76567,0,0
46224,0,0
-60195,0,0
-64639,0,0
-124108,0,0
-21615,0,0
56996,0,0
96936,0,0
125165,0,0
30883,0,0
-113272,0,0
-194468,0,0
19476,0,0
-18365,0,0
96648,0,0
-77680,0,0
-60410,0,0
33891,0,0
140349,0,0
-113873,0,0
-62209,0,0
34610,0,0
-36489,0,0
-75111,0,0
-253858,0,0
-204621,0,0
19744,0,0
293758,0,0
19546,0,0
-95207,0,0
123403,0,0
183483,0,0
-92162,0,0
-290549,0,0
-82207,0,0
-52939,0,0
231117,0,0
179809,0,0
25081,0,0
-4548,0,0
17474,0,0
174370,0,0
-1011,0,0
-120106,0,0
-26530,0,0
119707,0,0
52648,0,0
-154480,0,0
180004,0,0
275483,0,0
-38555,0,0
-110580,0,0
-65608,0,0
37428,0,0
171425,0,0
26753,0,0
139680,0,0
-73867,0,0
-161880,0,0
231255,0,0
72186,0,0
-114736,0,0
17552,0,0
10397,0,0
191543,0,0
48586,0,0
64618,0,0
117453,0,0
-241846,0,0
-167228,0,0
60557,0,0
-71148,0,0
-20997,0,0
175951,0,0
319677,0,0
-49400,0,0
-265618,0,0
-172058,0,0
-2113,0,0
-88572,0,0
331391,0,0
98233,0,0
-70143,0,0
-32539,0,0
-187302,0,0
-147258,0,0
27743,0,0
88549,0,0
190597,0,0
742,0,0
-72364,0,0
-119869,0,0
-155560,0,0
52727,0,0
-44839,0,0
32736,0,0
161902,0,0
8846,0,0
-138662,0,0
-207505,0,0
-271842,0,0
-78588,0,0
347293,0,0
56203,0,0
7343,0,0
-82312,0,0
-46512,0,0
42474,0,0
-86426,0,0
-40450,0,0
-91393,0,0
-128155,0,0
-35757,0,0
384030,0,0
280342,0,0
-44641,0,0
-135676,0,0
11502,0,0
51473,0,0
6391,0,0
-48729,0,0
-154164,0,0
-118054,0,0
36664,0,0
191103,0,0
-21821,0,0
183932,0,0
337033,0,0
-150768,0,0
-377450,0,0
-358922,0,0
-33044,0,0
164482,0,0
315717,0,0
25399,0,0
-257408,0,0
-86028,0,0
189109,0,0
116026,0,0
-244968,0,0
-188573,0,0
-38076,0,0
149638,0,0
250073,0,0
155333,0,0
-10903,0,0
-234919,0,0
78695,0,0
250311,0,0
126239,0,0
119145,0,0
-77954,0,0
-102508,0,0
-35007,0,0
134957,0,0
93205,0,0
49067,0,0
93074,0,0
52699,0,0
-80815,0,0
41874,0,0
99686,0,0
143284,0,0
-12553,0,0
-68400,0,0
-63614,0,0
-29711,0,0
48537,0,0
10649,0,0
-74635,0,0
-95487,0,0
-188081,0,0
77493,0,0
316491,0,0
-96757,0,0
-94713,0,0
-33136,0,0
-11790,0,0
-91614,0,0
-25432,0,0
-17632,0,0
-115997,0,0
-16482,0,0
87220,0,0
-84178,0,0
-20211,0,0
-158515,0,0
-131517,0,0
168593,0,0
149074,0,0
-132237,0,0
-61086,0,0
-167991,0,0
24814,0,0
173560,0,0
37494,0,0
-147383,0,0
-139510,0,0
170859,0,0
11556,0,0
-148918,0,0
-99538,0,0
-185225,0,0
17629,0,0
283782,0,0
-34046,0,0
-90302,0,0
78602,0,0
-191244,0,0
157367,0,0
83089,0,0
-34295,0,0
-181059,0,0
-161500,0,0
-129006,0,0
-11192,0,0
47327,0,0
112957,0,0
47885,0,0
-75015,0,0
-124564,0,0
368673,0,0
139580,0,0
-208165,0,0
-72596,0,0
28108,0,0
65935,0,0
4864,0,0
-28753,0,0
6840,0,0
278698,0,0
-136056,0,0
-73847,0,0
247322,0,0
200501,0,0
5209,0,0
-61856,0,0
-122953,0,0
182625,0,0
106711,0,0
-58465,0,0
-59492,0,0
-9890,0,0
81079,0,0
-54629,0,0
-52515,0,0
-38439,0,0
53261,0,0
-104773,0,0
-132751,0,0
-103206,0,0
150559,0,0
-115867,0,0
9928,0,0
28557,0,0
-140584,0,0
-190096,0,0
-237856,0,0
5033,0,0
124359,0,0
-67170,0,0
-145883,0,0
-107327,0,0
11644,0,0
105140,0,0
55089,0,0
-112593,0,0
-102434,0,0
-48428,0,0
-151217,0,0
-93690,0,0
-17787,0,0
232059,0,0
221646,0,0
-106473,0,0
-179692,0,0
-152635,0,0
-117120,0,0
146164,0,0
166888,0,0
-131484,0,0
-99398,0,0
-179223,0,0
134516,0,0
278117,0,0
13252,0,0
-137382,0,0
-196215,0,0
53324,0,0
86419,0,0
20869,0,0
-19514,0,0
130350,0,0
-69417,0,0
-4496,0,0
14648,0,0
68878,0,0
1254,0,0
41608,0,0
219112,0,0
276369,0,0
-165727,0,0
-125177,0,0
9796,0,0
-11474,0,0
40869,0,0
178360,0,0
229082,0,0
-20163,0,0
52878,0,0
87775,0,0
-62568,0,0
-13469,0,0
41074,0,0
84542,0,0
86638,0,0
35517,0,0
30084,0,0
-20293,0,0
-39281,0,0
113883,0,0
182315,0,0
29449,0,0
-95514,0,0
-9779,0,0
178571,0,0
31888,0,0
-44034,0,0
-22819,0,0
-25411,0,0
47048,0,0
-102360,0,0
207373,0,0
-46443,0,0
-209483,0,0
105362,0,0
27268,0,0
-23322,0,0
63188,0,0
-32895,0,0
-163519,0,0
16739,0,0
7486,0,0
-110898,0,0
-193654,0,0
12713,0,0
151185,0,0
-63188,0,0
-240894,0,0
-111927,0,0
239486,0,0
193745,0,0
30525,0,0
-90196,0,0
-101654,0,0
-105036,0,0
31210,0,0
176347,0,0
-17569,0,0
22918,0,0
100796,0,0
53820,0,0
42716,0,0
165120,0,0
-163726,0,0
-47213,0,0
124563,0,0
-57541,0,0
194567,0,0
194147,0,0
-45983,0,0
-49014,0,0
85334,0,0
-78126,0,0
-209268,0,0
-95314,0,0
125190,0,0
-48224,0,0
-15658,0,0
60069,0,0
112224,0,0
6986,0,0
-160264,0,0
-76871,0,0
-169101,0,0
198055,0,0
76777,0,0
-169569,0,0
-138920,0,0
41956,0,0
-98255,0,0
139713,0,0
52506,0,0
-65618,0,0
-157182,0,0
-102061,0,0
308808,0,0
28148,0,0
32568,0,0
87145,0,0
-193190,0,0
-114845,0,0
-97140,0,0
2444,0,0
157750,0,0
-13820,0,0
-192127,0,0
238320,0,0
218175,0,0
-85298,0,0
-134099,0,0
-124868,0,0
6622,0,0
15046,0,0
-95818,0,0
67102,0,0
267847,0,0
-60894,0,0
-20566,0,0
108942,0,0
-100694,0,0
-103366,0,0
55718,0,0
106573,0,0
-41396,0,0
44719,0,0
-66930,0,0
-77944,0,0
195134,0,0
381738,0,0
128075,0,0
-147942,0,0
-169084,0,0
57178,0,0
79879,0,0
-108022,0,0
13582,0,0
210785,0,0
129453,0,0
126423,0,0
219288,0,0
6856,0,0
3418,0,0
149307,0,0
-12529,0,0
-95617,0,0
96468,0,0
219734,0,0
102775,0,0
114454,0,0
44708,0,0
-49807,0,0
-40857,0,0
82281,0,0
71676,0,0
131950,0,0
25267,0,0
-110852,0,0
-173929,0,0
-65060,0,0
-40700,0,0
-47680,0,0
84906,0,0
-66743,0,0
-168446,0,0
-166318,0,0
79087,0,0
-208814,0,0
-188491,0,0
122038,0,0
39196,0,0
-132112,0,0
-264189,0,0
-52034,0,0
-109062,0,0
-81931,0,0
-50133,0,0
-165317,0,0
-23881,0,0
-23835,0,0
103251,0,0
-1486,0,0
-25466,0,0
-153175,0,0
-125477,0,0
-6150,0,0
-76778,0,0
-195532,0,0
-87964,0,0
-164950,0,0
-26894,0,0
-53193,0,0
-90707,0,0
-206476,0,0
237170,0,0
-46584,0,0
-260488,0,0
-283995,0,0
-161917,0,0
129216,0,0
80250,0,0
43915,0,0
32722,0,0
-258774,0,0
-226356,0,0
-34171,0,0
158414,0,0
57469,0,0
-57995,0,0
-156177,0,0
172041,0,0
66892,0,0
157881,0,0
97613,0,0
-94788,0,0
-106813,0,0
153039,0,0
-7618,0,0
100164,0,0
46637,0,0
31162,0,0
136952,0,0
-74389,0,0
-121633,0,0
27816,0,0
30043,0,0
239970,0,0
316311,0,0
-63260,0,0
-227933,0,0
4069,0,0
-144245,0,0
-35280,0,0
77208,0,0
-36482,0,0
258151,0,0
28940,0,0
-225974,0,0
-53855,0,0
63984,0,0
-129946,0,0
115316,0,0
-67063,0,0
-248477,0,0
-118190,0,0
-8682,0,0
222001,0,0
77040,0,0
-167179,0,0
-266093,0,0
-138241,0,0
14648,0,0
10736,0,0
-85763,0,0
-146734,0,0
83236,0,0
14309,0,0
72753,0,0
-28498,0,0
-22263,0,0
-359947,0,0
-112850,0,0
5434,0,0
98427,0,0
74680,0,0
-76526,0,0
-117653,0,0
-159003,0,0
115128,0,0
226236,0,0
-88311,0,0
-174294,0,0
-16812,0,0
-150268,0,0
48135,0,0
160394,0,0
-73412,0,0
-90440,0,0
10730,0,0
109932,0,0
-49048,0,0
47905,0,0
81329,0,0
-71800,0,0
-25830,0,0
2566,0,0
96952,0,0
37385,0,0
-22716,0,0
61391,0,0
73009,0,0
-48681,0,0
78771,0,0
-71715,0,0
-44965,0,0
48237,0,0
-128538,0,0
-83306,0,0
195581,0,0
170240,0,0
-58080,0,0
-219231,0,0
4951,0,0
-168565,0,0
-95668,0,0
69254,0,0
-35254,0,0
263926,0,0
-67141,0,0
-145106,0,0
100345,0,0
15,0,0
-176461,0,0
-27496,0,0
48475,0,0
120641,0,0
-50550,0,0
18093,0,0
-20995,0,0
-65631,0,0
-160349,0,0
-30547,0,0
123189,0,0
-18853,0,0
-36298,0,0
-104497,0,0
-25075,0,0
-40100,0,0
85641,0,0
21695,0,0
9771,0,0
-157007,0,0
-216190,0,0
180311,0,0
14169,0,0
-110787,0,0
-52612,0,0
99933,0,0
122341,0,0
31715,0,0
100791,0,0
-54017,0,0
-51094,0,0
94191,0,0
141754,0,0
-21119,0,0
-103735,0,0
-183944,0,0
47613,0,0
210040,0,0
82428,0,0
49940,0,0
77711,0,0
37684,0,0
-127600,0,0
-106086,0,0
35357,0,0
67473,0,0
51648,0,0
-25592,0,0
-28261,0,0
-44861,0,0
-41947,0,0
-19793,0,0
217891,0,0
100481,0,0
-39255,0,0
162131,0,0
32637,0,0
-149890,0,0
-89740,0,0
-54795,0,0
-32849,0,0
74931,0,0
-41254,0,0
-126415,0,0
135620,0,0
332407,0,0
-74928,0,0
-29794,0,0
-56132,0,0
-70115,0,0
-36670,0,0
-144890,0,0
-5018,0,0
20577,0,0
-56512,0,0
-111311,0,0
-2928,0,0
319587,0,0
49328,0,0
-188852,0,0
-235217,0,0
-273462,0,0
-23911,0,0
272864,0,0
210911,0,0
-92578,0,0
-256504,0,0
-73636,0,0
159887,0,0
-95841,0,0
-71679,0,0
-77239,0,0
-64405,0,0
178959,0,0
135548,0,0
-61874,0,0
-2034,0,0
-57913,0,0
-61362,0,0
-33895,0,0
142060,0,0
-7987,0,0
92021,0,0
-44951,0,0
42445,0,0
107762,0,0
-108149,0,0
98968,0,0
52545,0,0
-41028,0,0
23813,0,0
196871,0,0
-88573,0,0
-201766,0,0
41085,0,0
124967,0,0
142393,0,0
107790,0,0
193462,0,0
-148993,0,0
-123078,0,0
57464,0,0
7085,0,0
-26936,0,0
149171,0,0
-30543,0,0
86151,0,0
103934,0,0
86373,0,0
54905,0,0
-36503,0,0
-128629,0,0
-128930,0,0
-3002,0,0
163744,0,0
119294,0,0
-25366,0,0
59617,0,0
-223173,0,0
-177512,0,0
-93737,0,0
138733,0,0
265760,0,0
-122176,0,0
-52485,0,0
-93347,0,0
-114220,0,0
17638,0,0
97717,0,0
-7299,0,0
9111,0,0
-30099,0,0
-26813,0,0
-108735,0,0
112064,0,0
88758,0,0
92768,0,0
43335,0,0
-253466,0,0
-18534,0,0
15405,0,0
-919,0,0
90766,0,0
59736,0,0
-22631,0,0
-125268,0,0
31170,0,0
25373,0,0
-166904,0,0
-80261,0,0
-21288,0,0
-139932,0,0
83322,0,0
-9952,0,0
-19410,0,0
163691,0,0
56656,0,0
-80550,0,0
-59251,0,0
23999,0,0
-57919,0,0
-46486,0,0
-111547,0,0
90394,0,0
-31440,0,0
114247,0,0
218616,0,0
11521,0,0
-94328,0,0
-103079,0,0
118433,0,0
216147,0,0
51003,0,0
-57755,0,0
-47304,0,0
84229,0,0
53843,0,0
34725,0,0
77127,0,0
-54843,0,0
933,0,0
-42766,0,0
-12961,0,0
141436,0,0
110032,0,0
108599,0,0
-36309,0,0
-64348,0,0
-24723,0,0
24189,0,0
59658,0,0
27062,0,0
75192,0,0
-120774,0,0
-125227,0,0
40022,0,0
95671,0,0
33076,0,0
76080,0,0
-101560,0,0
-111580,0,0
-73689,0,0
29995,0,0
66349,0,0
135480,0,0
-21508,0,0
-83033,0,0
81542,0,0
-160238,0,0
-159374,0,0
91243,0,0
55966,0,0
-121538,0,0
-110893,0,0
225626,0,0
101409,0,0
-53121,0,0
-115477,0,0
-54518,0,0
-139371,0,0
-160746,0,0
58400,0,0
142581,0,0
9560,0,0
-142659,0,0
50763,0,0
-29162,0,0
-189618,0,0
-217334,0,0
-94560,0,0
318778,0,0
241081,0,0
-242428,0,0
-348651,0,0
-181976,0,0
5542,0,0
329414,0,0
122480,0,0
-72490,0,0
-95396,0,0
-227929,0,0
-38350,0,0
-33986,0,0
-48867,0,0
69313,0,0
103251,0,0
183560,0,0
-30075,0,0
3152,0,0
78278,0,0
-92898,0,0
-142287,0,0
29850,0,0
3468,0,0
52036,0,0
168147,0,0
180676,0,0
-29748,0,0
-34151,0,0
10037,0,0
29819,0,0
-13602,0,0
22605,0,0
-9465,0,0
-4770,0,0
47536,0,0
12791,0,0
33308,0,0
-64960,0,0
71296,0,0
65666,0,0
-29587,0,0
-24911,0,0
20148,0,0
-84600,0,0
9542,0,0
29236,0,0
9209,0,0
120562,0,0
-32387,0,0
-118249,0,0
-19196,0,0
-22980,0,0
-86579,0,0
-10951,0,0
-35318,0,0
120184,0,0
-97466,0,0
-68987,0,0
-124956,0,0
219060,0,0
-104227,0,0
-168889,0,0
29768,0,0
180915,0,0
-62388,0,0
-119846,0,0
150215,0,0
-3334,0,0
-66980,0,0
57726,0,0
153468,0,0
17054,0,0
99565,0,0
45754,0,0
136571,0,0
-69312,0,0
-105254,0,0
-79970,0,0
76174,0,0
316717,0,0
151872,0,0
-164102,0,0
81364,0,0
5832,0,0
-126076,0,0
-22438,0,0
27278,0,0
158819,0,0
107134,0,0
-70202,0,0
56430,0,0
-174185,0,0
-30317,0,0
245184,0,0
62417,0,0
260152,0,0
-16602,0,0
-330210,0,0
74493,0,0
287903,0,0
6269,0,0
233975,0,0
110604,0,0
7053,0,0
-16897,0,0
110193,0,0
58012,0,0
-6307,0,0
110763,0,0
-77141,0,0
-16520,0,0
183204,0,0
248844,0,0
110673,0,0
128932,0,0
-48965,0,0
6690,0,0
-65458,0,0
30200,0,0
-32472,0,0
45306,0,0
56499,0,0
119537,0,0
197268,0,0
8591,0,0
-184576,0,0
4596,0,0
134156,0,0
150692,0,0
-26769,0,0
-140672,0,0
-76088,0,0
-77203,0,0
-26205,0,0
-7414,0,0
37789,0,0
154105,0,0
113323,0,0
-287965,0,0
-167666,0,0
-252075,0,0
-89940,0,0
249723,0,0
76061,0,0
-133493,0,0
-152964,0,0
-50368,0,0
220560,0,0
-28583,0,0
-181072,0,0
-193854,0,0
91392,0,0
10057,0,0
34562,0,0
184586,0,0
-56749,0,0
-228917,0,0
-114987,0,0
81389,0,0
335655,0,0
-79073,0,0
-13486,0,0
-139588,0,0
-198426,0,0
-191955,0,0
539948,0,0
316666,0,0
-149387,0,0
-260116,0,0
-185289,0,0
-196077,0,0
-40847,0,0
324069,0,0
177688,0,0
71302,0,0
60434,0,0
-192371,0,0
-141515,0,0
-41762,0,0
144224,0,0
-95647,0,0
186943,0,0
-17693,0,0
-56050,0,0
-17947,0,0
148663,0,0
-112165,0,0
-128350,0,0
-66511,0,0
23062,0,0
115818,0,0
216409,0,0
-76584,0,0
-187773,0,0
62545,0,0
27710,0,0
22954,0,0
-164079,0,0
-7914,0,0
225694,0,0
-14680,0,0
106417,0,0
36431,0,0
-51860,0,0
65352,0,0
141210,0,0
-89509,0,0
-41997,0,0
73777,0,0
143781,0,0
23988,0,0
-257567,0,0
-171323,0,0
181054,0,0
195331,0,0
168483,0,0
-76667,0,0
-116799,0,0
13972,0,0
95861,0,0
21269,0,0
-30222,0,0
157666,0,0
2550,0,0
-133924,0,0
-167803,0,0
-558,0,0
308152,0,0
354148,0,0
83568,0,0
-64940,0,0
-76369,0,0
-51615,0,0
51589,0,0
102712,0,0
89963,0,0
74803,0,0
-91315,0,0
181864,0,0
255255,0,0
14850,0,0
-54933,0,0
-41133,0,0
-59785,0,0
57684,0,0
203259,0,0
35896,0,0
110329,0,0
-72246,0,0
6243,0,0
70800,0,0
113474,0,0
122946,0,0
-100598,0,0
-30994,0,0
-34450,0,0
-19201,0,0
85145,0,0
185548,0,0
-145494,0,0
-213113,0,0
100537,0,0
189566,0,0
71119,0,0
-222738,0,0
-239793,0,0
-158183,0,0
172311,0,0
176658,0,0
-131834,0,0
-221574,0,0
106060,0,0
-48581,0,0
-145184,0,0
307163,0,0
-105600,0,0
-107971,0,0
-47637,0,0
-93055,0,0
-151677,0,0
-31046,0,0
-66493,0,0
85001,0,0
-151140,0,0
11483,0,0
243770,0,0
-74979,0,0
30811,0,0
-275823,0,0
-149364,0,0
42490,0,0
221825,0,0
-40885,0,0
-90799,0,0
61775,0,0
-83794,0,0
-34084,0,0
50210,0,0
71798,0,0
177705,0,0
-85014,0,0
-22683,0,0
32471,0,0
-3836,0,0
-64963,0,0
-110752,0,0
53633,0,0
316981,0,0
24405,0,0
-151573,0,0
-391542,0,0
37930,0,0
250393,0,0
131598,0,0
-13229,0,0
-93702,0,0
-133036,0,0
-111550,0,0
-116813,0,0
110410,0,0
-25076,0,0
-84188,0,0
118673,0,0
161063,0,0
-124577,0,0
-80735,0,0
-5454,0,0
-138061,0,0
-79016,0,0
-37697,0,0
16867,0,0
-81728,0,0
-291007,0,0
109354,0,0
149992,0,0
-166175,0,0
-199121,0,0
61147,0,0
6592,0,0
-39039,0,0
-184750,0,0
-70217,0,0
-113437,0,0
-141337,0,0
-34019,0,0
-221482,0,0
72171,0,0
-12355,0,0
-63131,0,0
84194,0,0
12885,0,0
69745,0,0
34592,0,0
-220060,0,0
-150117,0,0
62306,0,0
52496,0,0
153437,0,0
-75296,0,0
-121054,0,0
-72426,0,0
10386,0,0
200885,0,0
184279,0,0
-27521,0,0
8549,0,0
-43303,0,0
-23762,0,0
-160613,0,0
-30568,0,0
-212742,0,0
26110,0,0
100660,0,0
273678,0,0
142546,0,0
-101056,0,0
-161758,0,0
-32380,0,0
49480,0,0
-53779,0,0
-80286,0,0
127372,0,0
4158,0,0
-63952,0,0
-28416,0,0
254813,0,0
297079,0,0
-136961,0,0
-162772,0,0
47075,0,0
-127963,0,0
35244,0,0
25303,0,0
180127,0,0
-25263,0,0
-24270,0,0
4362,0,0
73675,0,0
152397,0,0
-49579,0,0
-264506,0,0
24654,0,0
108362,0,0
2976,0,0
-3672,0,0
127965,0,0
237365,0,0
-84729,0,0
-74248,0,0
23275,0,0
-65873,0,0
81898,0,0
-48021,0,0
23844,0,0
-4666,0,0
-74633,0,0
75201,0,0
53343,0,0
36371,0,0
11608,0,0
135042,0,0
-85474,0,0
-215126,0,0
-111814,0,0
36787,0,0
-100294,0,0
79331,0,0
25304,0,0
-169496,0,0
-3440,0,0
-7374,0,0
-175183,0,0
-29646,0,0
-33486,0,0
111407,0,0
-187986,0,0
-189446,0,0
-76055,0,0
-88133,0,0
23653,0,0
-97456,0,0
-133656,0,0
176844,0,0
-51626,0,0
-58529,0,0
59625,0,0
-214522,0,0
-110871,0,0
103126,0,0
22464,0,0
-54123,0,0
-61134,0,0
123354,0,0
61692,0,0
-179761,0,0
-134585,0,0
71008,0,0
27470,0,0
-56392,0,0
154136,0,0
14491,0,0
-31944,0,0
-107889,0,0
-56540,0,0
115312,0,0
-55155,0,0
-109372,0,0
-149530,0,0
160778,0,0
-10799,0,0
89944,0,0
-45652,0,0
-239177,0,0
46839,0,0
-20174,0,0
28496,0,0
64055,0,0
-1150,0,0
18052,0,0
12089,0,0
-115746,0,0
-149204,0,0
176277,0,0
39810,0,0
-166496,0,0
-27567,0,0
106250,0,0
-7561,0,0
-115027,0,0
88923,0,0
107679,0,0
11514,0,0
-113840,0,0
-104346,0,0
42826,0,0
-117519,0,0
49216,0,0
56826,0,0
1177,0,0
170123,0,0
42577,0,0
-152450,0,0
-123724,0,0
-88363,0,0
101183,0,0
141444,0,0
106108,0,0
-97829,0,0
79037,0,0
-18150,0,0
137644,0,0
-128518,0,0
-157251,0,0
226830,0,0
251814,0,0
-132646,0,0
58763,0,0
-18530,0,0
13983,0,0
95208,0,0
-35670,0,0
-29490,0,0
9603,0,0
51244,0,0
79586,0,0
63593,0,0
-176008,0,0
-42900,0,0
-15883,0,0
167339,0,0
-80498,0,0
-91777,0,0
-51707,0,0
-72386,0,0
-7116,0,0
-122496,0,0
59973,0,0
101564,0,0
35484,0,0
134696,0,0
-160625,0,0
-144001,0,0
14447,0,0
-24404,0,0
114357,0,0
106064,0,0
-7991,0,0
-64590,0,0
-142691,0,0
22394,0,0
190216,0,0
66438,0,0
-27402,0,0
-36871,0,0
67648,0,0
-57938,0,0
-92466,0,0
-109754,0,0
-45889,0,0
246101,0,0
34388,0,0
-61614,0,0
-40817,0,0
-100358,0,0
-47195,0,0
-119816,0,0
27980,0,0
141743,0,0
248557,0,0
-112801,0,0
-164055,0,0
-38966,0,0
22299,0,0
133109,0,0
47313,0,0
-30356,0,0
-12389,0,0
-24236,0,0
-43942,0,0
-78132,0,0
78619,0,0
-24960,0,0
18685,0,0
78050,0,0
-110651,0,0
-94699,0,0
-109801,0,0
357020,0,0
-29045,0,0
-193142,0,0
90499,0,0
-67559,0,0
-219817,0,0
-50573,0,0
153829,0,0
210929,0,0
4625,0,0
-54484,0,0
-124105,0,0
73751,0,0
-33826,0,0
-185771,0,0
128047,0,0
76784,0,0
21583,0,0
-75685,0,0
-92049,0,0
183618,0,0
92402,0,0
-164741,0,0
137947,0,0
64577,0,0
-156003,0,0
-145329,0,0
134963,0,0
264974,0,0
59199,0,0
-39331,0,0
26979,0,0
129843,0,0
-21574,0,0
2322,0,0
80923,0,0
-112,0,0
-49278,0,0
-53593,0,0
-10486,0,0
-48680,0,0
-46924,0,0
178387,0,0
-43450,0,0
43713,0,0
103899,0,0
-170174,0,0
-315023,0,0
-54214,0,0
-81933,0,0
115250,0,0
-168386,0,0
-136946,0,0
242020,0,0
-176579,0,0
-82589,0,0
160242,0,0
86820,0,0
-102411,0,0
-44633,0,0
-3588,0,0
-94108,0,0
-73832,0,0
-69286,0,0
14429,0,0
-61566,0,0
-8523,0,0
403813,0,0
16157,0,0
-88702,0,0
-6103,0,0
-145017,0,0
67700,0,0
100130,0,0
-44348,0,0
-71336,0,0
54940,0,0
71714,0,0
-37361,0,0
-113444,0,0
-23450,0,0
98192,0,0
75112,0,0
331279,0,0
-8340,0,0
-181281,0,0
-15367,0,0
-113257,0,0
-7905,0,0
76031,0,0
-25055,0,0
210757,0,0
271494,0,0
-117616,0,0
-185898,0,0
-59317,0,0
176198,0,0
215901,0,0
8137,0,0
-114937,0,0
-126588,0,0
-106104,0,0
103637,0,0
356136,0,0
162499,0,0
-172415,0,0
-99919,0,0
-132097,0,0
-52193,0,0
177380,0,0
153529,0,0
-2361,0,0
-41359,0,0
-66428,0,0
-12471,0,0
46145,0,0
128696,0,0
-22624,0,0
-98040,0,0
-143567,0,0
80102,0,0
178891,0,0
-67502,0,0
16726,0,0
-101337,0,0
-15630,0,0
39316,0,0
-80001,0,0
-209289,0,0
-29383,0,0
157712,0,0
-82787,0,0
-154195,0,0
-174013,0,0
23645,0,0
221333,0,0
6202,0,0
-122497,0,0
-172919,0,0
-168264,0,0
18516,0,0
108683,0,0
13772,0,0
-158461,0,0
-233369,0,0
-64898,0,0
-49740,0,0
125475,0,0
-46300,0,0
52127,0,0
-126673,0,0
-169511,0,0
12219,0,0
-84125,0,0
-146936,0,0
-104254,0,0
-23221,0,0
83539,0,0
-30938,0,0
-258507,0,0
-122539,0,0
11147,0,0
159155,0,0
-131660,0,0
-149339,0,0
7974,0,0
-5184,0,0
22598,0,0
-16258,0,0
22991,0,0
71426,0,0
-97798,0,0
-108936,0,0
67402,0,0
37988,0,0
-108563,0,0
7836,0,0
142269,0,0
25160,0,0
-132050,0,0
41915,0,0
203117,0,0
-161713,0,0
-85325,0,0
21209,0,0
113610,0,0
101943,0,0
6806,0,0
-22350,0,0
105080,0,0
-87175,0,0
42911,0,0
-96867,0,0
19918,0,0
105695,0,0
17636,0,0
-84684,0,0
-74762,0,0
161837,0,0
168114,0,0
-28789,0,0
21821,0,0
163796,0,0
-106196,0,0
-213971,0,0
-111493,0,0
-136713,0,0
217750,0,0
144257,0,0
-80942,0,0
-65186,0,0
19069,0,0
-58773,0,0
237027,0,0
-26678,0,0
-49297,0,0
-127022,0,0
-80267,0,0
-69897,0,0
142092,0,0
-71422,0,0
187999,0,0
77528,0,0
-6721,0,0
-62229,0,0
-137039,0,0
-6160,0,0
87686,0,0
-43719,0,0
91566,0,0
24362,0,0
-23160,0,0
7547,0,0
-78227,0,0
-8372,0,0
135458,0,0
106085,0,0
-31210,0,0
-113374,0,0
-80895,0,0
3176,0,0
-22294,0,0
245559,0,0
33189,0,0
-41854,0,0
-79246,0,0
-35833,0,0
55134,0,0
89042,0,0
180458,0,0
61502,0,0
31596,0,0
-12040,0,0
-36825,0,0
-121492,0,0
-124693,0,0
80409,0,0
159754,0,0
-42592,0,0
83980,0,0
181966,0,0
-85461,0,0
-116301,0,0
-30658,0,0
104025,0,0
13234,0,0
16066,0,0
49127,0,0
143253,0,0
-111113,0,0
-13103,0,0
95694,0,0
18415,0,0
308548,0,0
18657,0,0
-177609,0,0
79530,0,0
163881,0,0
112598,0,0
26536,0,0
87034,0,0
171203,0,0
120187,0,0
-12859,0,0
-90479,0,0
146619,0,0
165253,0,0
-113524,0,0
-14373,0,0
-20589,0,0
64315,0,0
379937,0,0
78229,0,0
-151296,0,0
-197989,0,0
38466,0,0
152652,0,0
12695,0,0
64235,0,0
31243,0,0
-22055,0,0
153640,0,0
-35869,0,0
-157067,0,0
57727,0,0
87876,0,0
31593,0,0
-88601,0,0
-161706,0,0
203639,0,0
216966,0,0
123887,0,0
-39153,0,0
-60154,0,0
-119322,0,0
-53257,0,0
7259,0,0
73378,0,0
29081,0,0
-69562,0,0
145299,0,0
-36342,0,0
-116617,0,0
36087,0,0
221937,0,0
-114431,0,0
-29516,0,0
105535,0,0
-101662,0,0
-34513,0,0
133318,0,0
-87170,0,0
-297880,0,0
-199350,0,0
214792,0,0
457442,0,0
184968,0,0
-209619,0,0
-134040,0,0
-152995,0,0
-61326,0,0
73685,0,0
20548,0,0
139885,0,0
56813,0,0
-78261,0,0
102195,0,0
80708,0,0
-84316,0,0
62712,0,0
-39790,0,0
193389,0,0
78919,0,0
-125596,0,0
163188,0,0
130811,0,0
49414,0,0
125826,0,0
342137,0,0
-65468,0,0
-121869,0,0
70571,0,0
134489,0,0
77978,0,0
71972,0,0
15045,0,0
-156532,0,0
-51465,0,0
267667,0,0
204392,0,0
163407,0,0
-254806,0,0
-163494,0,0
234621,0,0
91079,0,0
-49824,0,0
-25394,0,0
48388,0,0
64948,0,0
-121188,0,0
8419,0,0
32305,0,0
-47338,0,0
89579,0,0
235410,0,0
-131444,0,0
-28254,0,0
221893,0,0
177112,0,0
-105611,0,0
-151680,0,0
-7884,0,0
142013,0,0
48626,0,0
-4533,0,0
-62294,0,0
11008,0,0
38019,0,0
26760,0,0
-64661,0,0
-9377,0,0
-13177,0,0
-146697,0,0
-30900,0,0
136861,0,0
-71860,0,0
-298123,0,0
-227991,0,0
57358,0,0
214882,0,0
-119619,0,0
-47712,0,0
-254309,0,0
-272691,0,0
-57362,0,0
187649,0,0
-153486,0,0
-327469,0,0
-133682,0,0
39029,0,0
364002,0,0
-90784,0,0
-223578,0,0
-60462,0,0
-91823,0,0
-91959,0,0
-58831,0,0
-17887,0,0
97755,0,0
69242,0,0
17625,0,0
-69907,0,0
87530,0,0
-3487,0,0
-23068,0,0
-11457,0,0
-68651,0,0
-158436,0,0
-37442,0,0
124350,0,0
1281,0,0
-81345,0,0
7251,0,0
253994,0,0
90405,0,0
-226576,0,0
-265860,0,0
8714,0,0
116541,0,0
61640,0,0
24919,0,0
-162507,0,0
-70429,0,0
193175,0,0
151501,0,0
-235718,0,0
-141557,0,0
80821,0,0
117095,0,0
55368,0,0
5474,0,0
-84237,0,0
-69220,0,0
80376,0,0
216395,0,0
75554,0,0
60730,0,0
635,0,0
11830,0,0
170747,0,0
3642,0,0
-44962,0,0
144307,0,0
337660,0,0
134978,0,0
134765,0,0
91416,0,0
137487,0,0
133297,0,0
43938,0,0
47537,0,0
78145,0,0
88667,0,0
162122,0,0
103209,0,0
335900,0,0
105207,0,0
-159422,0,0
-165792,0,0
1590,0,0
122708,0,0
-17658,0,0
303353,0,0
265614,0,0
-190181,0,0
-27332,0,0
-146187,0,0
188337,0,0
187920,0,0
-91479,0,0
-169423,0,0
65039,0,0
277133,0,0
-75341,0,0
24442,0,0
19155,0,0
286627,0,0
225070,0,0
8468,0,0
-52913,0,0
-51850,0,0
148907,0,0
280068,0,0
312660,0,0
119773,0,0
-51063,0,0
57577,0,0
-100123,0,0
127911,0,0
107248,0,0
361903,0,0
330394,0,0
41474,0,0
-31902,0,0
53548,0,0
-72707,0,0
108331,0,0
111331,0,0
67391,0,0
68201,0,0
60801,0,0
-104756,0,0
-43253,0,0
90258,0,0
155807,0,0
25825,0,0
-122285,0,0
-16126,0,0
-45052,0,0
110413,0,0
139127,0,0
203149,0,0
-118713,0,0
-215165,0,0
-23569,0,0
-83837,0,0
-40486,0,0
-55308,0,0
371667,0,0
176766,0,0
-184509,0,0
-143870,0,0
51470,0,0
-3239,0,0
-7567,0,0
-191481,0,0
78265,0,0
116595,0,0
-3086,0,0
-9408,0,0
10704,0,0
-147763,0,0
-215528,0,0
60672,0,0
-38132,0,0
12297,0,0
-2216,0,0
130881,0,0
-37070,0,0
-111983,0,0
-94621,0,0
-262474,0,0
-169153,0,0
62050,0,0
40569,0,0
23685,0,0
8779,0,0
-61499,0,0
40445,0,0
-118247,0,0
-96975,0,0
-169670,0,0
-136247,0,0
45986,0,0
-78119,0,0
137706,0,0
-108947,0,0
-85101,0,0
35638,0,0
-53709,0,0
-23161,0,0
-20190,0,0
-99482,0,0
-154158,0,0
-89279,0,0
-41130,0,0
-128564,0,0
14648,0,0
74512,0,0
122074,0,0
-148262,0,0
-161701,0,0
-86097,0,0
-221149,0,0
-87569,0,0
-77307,0,0
138402,0,0
-169105,0,0
-102124,0,0
17622,0,0
38389,0,0
-234682,0,0
-52513,0,0
-92454,0,0
-88968,0,0
-9726,0,0
-84406,0,0
-195097,0,0
-151662,0,0
-137069,0,0
16369,0,0
80812,0,0
57046,0,0
-113689,0,0
-166973,0,0
-143858,0,0
-10501,0,0
-189826,0,0
-118105,0,0
-164619,0,0
-192845,0,0
173990,0,0
60477,0,0
53816,0,0
4613,0,0
-282831,0,0
-14401,0,0
-270081,0,0
90100,0,0
85815,0,0
-144672,0,0
-74148,0,0
-51809,0,0
64278,0,0
196984,0,0
-139166,0,0
-34500,0,0
80964,0,0
77519,0,0
-22927,0,0
-49785,0,0
-63126,0,0
-54519,0,0
195612,0,0
116300,0,0
-30630,0,0
-112655,0,0
72618,0,0
123964,0,0
86176,0,0
-14468,0,0
-66500,0,0
-138854,0,0
15752,0,0
94342,0,0
-53394,0,0
13925,0,0
79158,0,0
66185,0,0
-36720,0,0
-8894,0,0
-49754,0,0
-21192,0,0
-3701,0,0
-9966,0,0
-22806,0,0
-197099,0,0
109893,0,0
64217,0,0
-67642,0,0
30331,0,0
19910,0,0
-148652,0,0
-39094,0,0
4474,0,0
-150350,0,0
83350,0,0
288901,0,0
55626,0,0
21742,0,0
-125717,0,0
-191127,0,0
44879,0,0
123346,0,0
1955,0,0
-64973,0,0
40290,0,0
83572,0,0
142485,0,0
-45732,0,0
36239,0,0
92885,0,0
30495,0,0
-168743,0,0
-34267,0,0
-45790,0,0
-180501,0,0
-28965,0,0
98635,0,0
235979,0,0
-38938,0,0
-207160,0,0
-250688,0,0
-41640,0,0
209298,0,0
-113379,0,0
-72246,0,0
-111937,0,0
-166563,0,0
85990,0,0
71579,0,0
-71223,0,0
-155346,0,0
-59919,0,0
91578,0,0
-152110,0,0
-164322,0,0
-47576,0,0
30376,0,0
32706,0,0
-101242,0,0
-50602,0,0
-45635,0,0
-171363,0,0
-77756,0,0
216374,0,0
93535,0,0
-66191,0,0
-207038,0,0
-127443,0,0
-59668,0,0
-34264,0,0
27470,0,0
66669,0,0
93970,0,0
-23960,0,0
-109273,0,0
-152657,0,0
-200741,0,0
-7112,0,0
229280,0,0
-71971,0,0
-16455,0,0
-130951,0,0
-11253,0,0
146991,0,0
-26564,0,0
-145941,0,0
-74125,0,0
-76319,0,0
-164551,0,0
-101106,0,0
62429,0,0
-100711,0,0
-18977,0,0
-71389,0,0
-62620,0,0
104858,0,0
32626,0,0
-114397,0,0
-145265,0,0
100444,0,0
122366,0,0
-201772,0,0
-256320,0,0
-38926,0,0
10260,0,0
-100639,0,0
114993,0,0
32405,0,0
45316,0,0
183009,0,0
-23609,0,0
66137,0,0
-187599,0,0
-59482,0,0
-50616,0,0
161046,0,0
159128,0,0
-174960,0,0
61519,0,0
-66399,0,0
-28057,0,0
-36392,0,0
92008,0,0
95715,0,0
58498,0,0
104653,0,0
-40550,0,0
-244947,0,0
-40169,0,0
39649,0,0
5978,0,0
-338,0,0
62358,0,0
-44569,0,0
85830,0,0
-75612,0,0
45802,0,0
85545,0,0
-82808,0,0
-117125,0,0
60961,0,0
88167,0,0
44710,0,0
-10782,0,0
-33250,0,0
-158121,0,0
57355,0,0
231248,0,0
94660,0,0
-126600,0,0
-88262,0,0
-12488,0,0
-61946,0,0
-96559,0,0
66188,0,0
114543,0,0
-85108,0,0
-92330,0,0
-61622,0,0
-34151,0,0
-120211,0,0
-81158,0,0
-104777,0,0
-55777,0,0
-45392,0,0
-286296,0,0
-250167,0,0
270406,0,0
136239,0,0
-50628,0,0
-306164,0,0
-100418,0,0
-264661,0,0
350760,0,0
355262,0,0
-277536,0,0
-238086,0,0
51548,0,0
-33258,0,0
158712,0,0
158970,0,0
16663,0,0
-58301,0,0
27775,0,0
203724,0,0
386335,0,0
-8871,0,0
80793,0,0
-99660,0,0
-7232,0,0
-5515,0,0
97909,0,0
179333,0,0
107901,0,0
19863,0,0
157647,0,0
205645,0,0
-70326,0,0
1986,0,0
255644,0,0
-37290,0,0
-33869,0,0
60732,0,0
-44068,0,0
143430,0,0
138468,0,0
-115825,0,0
42615,0,0
70268,0,0
193923,0,0
-33075,0,0
-122390,0,0
36465,0,0
-25197,0,0
-87488,0,0
-5373,0,0
42243,0,0
-4135,0,0
111264,0,0
118074,0,0
-136556,0,0
-185020,0,0
-79459,0,0
48548,0,0
126786,0,0
-567,0,0
-15094,0,0
1649,0,0
-128706,0,0
-146188,0,0
34797,0,0
1442,0,0
-49567,0,0
-128751,0,0
-235721,0,0
-21381,0,0
95231,0,0
-97562,0,0
-189070,0,0
-91788,0,0
-260976,0,0
-10271,0,0
317984,0,0
-199893,0,0
-287291,0,0
-40986,0,0
-118276,0,0
-129535,0,0
-90341,0,0
-148171,0,0
-120630,0,0
331492,0,0
133251,0,0
-244599,0,0
-361831,0,0
-70043,0,0
288725,0,0
204148,0,0
2731,0,0
-143017,0,0
-257522,0,0
-231057,0,0
-55944,0,0
159889,0,0
332334,0,0
-224,0,0
40627,0,0
79463,0,0
20062,0,0
-72880,0,0
-32790,0,0
-167584,0,0
-175839,0,0
169643,0,0
120052,0,0
-1948,0,0
178654,0,0
241215,0,0
-53378,0,0
-24856,0,0
-124352,0,0
-177960,0,0
-171525,0,0
-7520,0,0
82282,0,0
99223,0,0
133567,0,0
49611,0,0
-183525,0,0
71689,0,0
254667,0,0
-84553,0,0
-90600,0,0
-59390,0,0
-54368,0,0
36677,0,0
-61671,0,0
-11673,0,0
181079,0,0
332885,0,0
67434,0,0
140611,0,0
-17579,0,0
-115132,0,0
-162797,0,0
-138910,0,0
15671,0,0
234257,0,0
92444,0,0
78803,0,0
4893,0,0
-16582,0,0
45332,0,0
82681,0,0
-234336,0,0
-93125,0,0
-24687,0,0
30150,0,0
59818,0,0
-76882,0,0
-145863,0,0
-194408,0,0
-161548,0,0
-29252,0,0
53279,0,0
345695,0,0
45337,0,0
-188185,0,0
-234567,0,0
-179285,0,0
-253369,0,0
-56009,0,0
64550,0,0
25342,0,0
128617,0,0
111897,0,0
-201955,0,0
-3991,0,0
229189,0,0
-45957,0,0
-70395,0,0
-115490,0,0
-122921,0,0
114548,0,0
63301,0,0
59532,0,0
130586,0,0
16301,0,0
-52323,0,0
-24124,0,0
-31386,0,0
30652,0,0
-39689,0,0
29801,0,0
-93418,0,0
-36778,0,0
-19503,0,0
-18599,0,0
282,0,0
-28796,0,0
-45328,0,0
-178919,0,0
1775,0,0
35607,0,0
-97952,0,0
20340,0,0
105012,0,0
8643,0,0
-81656,0,0
-110611,0,0
32096,0,0
-13789,0,0
33561,0,0
93293,0,0
-4118,0,0
3138,0,0
18672,0,0
-48106,0,0
206079,0,0
166405,0,0
141703,0,0
-7682,0,0
-144930,0,0
30906,0,0
74495,0,0
98484,0,0
161099,0,0
59811,0,0
-42037,0,0
12649,0,0
244588,0,0
53144,0,0
-886,0,0
83604,0,0
-116328,0,0
-96412,0,0
262590,0,0
-90002,0,0
-54366,0,0
238638,0,0
37722,0,0
84830,0,0
-5336,0,0
-238171,0,0
-52224,0,0
61319,0,0
426503,0,0
168380,0,0
-277951,0,0
-180927,0,0
59276,0,0
98561,0,0
65605,0,0
104126,0,0
-24046,0,0
32675,0,0
79540,0,0
151575,0,0
112811,0,0
-76017,0,0
-114257,0,0
20744,0,0
-4934,0,0
-74700,0,0
-131638,0,0
101048,0,0
-7035,0,0
-36218,0,0
21542,0,0
244110,0,0
-57122,0,0
-297660,0,0
-107058,0,0
-185255,0,0
-102003,0,0
-172899,0,0
-49970,0,0
-97863,0,0
203884,0,0
225830,0,0
-120819,0,0
-275431,0,0
226218,0,0
102145,0,0
-211198,0,0
-102140,0,0
-56163,0,0
23872,0,0
131568,0,0
192082,0,0
56872,0,0
7873,0,0
-44422,0,0
-95188,0,0
87463,0,0
233449,0,0
20606,0,0
-39286,0,0
-49473,0,0
1077,0,0
-9743,0,0
-108097,0,0
-28031,0,0
5971,0,0
15588,0,0
99847,0,0
113444,0,0
-18256,0,0
-126967,0,0
3025,0,0
6907,0,0
-76188,0,0
-48178,0,0
138043,0,0
171326,0,0
-76751,0,0
14589,0,0
-48801,0,0
-142311,0,0
110711,0,0
73967,0,0
102335,0,0
7661,0,0
-83282,0,0
-2487,0,0
-225139,0,0
-95693,0,0
184375,0,0
195773,0,0
-12289,0,0
-76179,0,0
-246708,0,0
-83672,0,0
76842,0,0
-129983,0,0
97994,0,0
264914,0,0
-119931,0,0
-162926,0,0
-188124,0,0
-19568,0,0
201002,0,0
-76174,0,0
61486,0,0
135957,0,0
-43029,0,0
121484,0,0
130501,0,0
-194739,0,0
4708,0,0
-35805,0,0
126316,0,0
222221,0,0
-34145,0,0
-44006,0,0
371334,0,0
127732,0,0
-93873,0,0
-84109,0,0
15459,0,0
158415,0,0
287880,0,0
-80842,0,0
-263896,0,0
-94116,0,0
121216,0,0
231057,0,0
180363,0,0
12744,0,0
-30662,0,0
-172555,0,0
-77728,0,0
82810,0,0
14655,0,0
-44335,0,0
62987,0,0
99273,0,0
197669,0,0
7223,0,0
-195316,0,0
-132796,0,0
73650,0,0
185655,0,0
111271,0,0
-8276,0,0
2786,0,0
-67740,0,0
-202381,0,0
-17641,0,0
-10861,0,0
55541,0,0
70440,0,0
6433,0,0
9093,0,0
41186,0,0
-1839,0,0
-191292,0,0
-110592,0,0
28472,0,0
-139009,0,0
-92727,0,0
57062,0,0
115784,0,0
46952,0,0
-82612,0,0
86040,0,0
85673,0,0
-100535,0,0
-127369,0,0
-123368,0,0
60790,0,0
-4283,0,0
-37976,0,0
84800,0,0
-60937,0,0
185297,0,0
-69614,0,0
-59144,0,0
77391,0,0
-44515,0,0
-30395,0,0
94508,0,0
162027,0,0
250978,0,0
-86907,0,0
-73726,0,0
-73533,0,0
-48705,0,0
-135430,0,0
44742,0,0
371889,0,0
321009,0,0
-209681,0,0
-251553,0,0
-145643,0,0
-56412,0,0
320685,0,0
367175,0,0
-177673,0,0
7933,0,0
-34723,0,0
-102896,0,0
-107210,0,0
103315,0,0
115146,0,0
-83576,0,0
96682,0,0
251523,0,0
256963,0,0
50633,0,0
7442,0,0
-40626,0,0
-234471,0,0
-82391,0,0
91734,0,0
48275,0,0
325672,0,0
277973,0,0
106930,0,0
-111526,0,0
-190834,0,0
-116128,0,0
34793,0,0
81459,0,0
241381,0,0
39026,0,0
-164368,0,0
-57665,0,0
131772,0,0
93637,0,0
-101122,0,0
-51544,0,0
20940,0,0
38725,0,0
187749,0,0
157841,0,0
-73906,0,0
-128339,0,0
-147919,0,0
2229,0,0
176540,0,0
71388,0,0
-4481,0,0
89115,0,0
-35774,0,0
-191926,0,0
-74969,0,0
51279,0,0
-8237,0,0
-177655,0,0
-142976,0,0
-36885,0,0
288055,0,0
126209,0,0
-398083,0,0
-288734,0,0
-83723,0,0
76686,0,0
-196283,0,0
-101605,0,0
84918,0,0
275534,0,0
-82580,0,0
-301411,0,0
-127305,0,0
28054,0,0
-2068,0,0
100961,0,0
-126615,0,0
-56028,0,0
22967,0,0
9771,0,0
83224,0,0
193177,0,0
56476,0,0
-43564,0,0
-199557,0,0
67301,0,0
190532,0,0
87325,0,0
-91346,0,0
75336,0,0
93903,0,0
-94417,0,0
98844,0,0
157639,0,0
-10952,0,0
60758,0,0
23034,0,0
264500,0,0
61166,0,0
-119060,0,0
40044,0,0
121016,0,0
41033,0,0
22757,0,0
74773,0,0
38565,0,0
218595,0,0
-105419,0,0
-134779,0,0
20718,0,0
184719,0,0
47057,0,0
-93818,0,0
51539,0,0
148822,0,0
179227,0,0
144525,0,0
39582,0,0
-1693,0,0
-97544,0,0
-66920,0,0
-105177,0,0
-67937,0,0
14056,0,0
215437,0,0
160583,0,0
205729,0,0
-40146,0,0
-323636,0,0
-128800,0,0
104470,0,0
283469,0,0
-120541,0,0
-94405,0,0
-66156,0,0
-30797,0,0
-115760,0,0
-36048,0,0
-99677,0,0
-197507,0,0
5203,0,0
215587,0,0
-104982,0,0
54720,0,0
295286,0,0
-102628,0,0
-190020,0,0
-156371,0,0
-85580,0,0
55892,0,0
83862,0,0
-49098,0,0
131279,0,0
37469,0,0
-50872,0,0
-67049,0,0
-132883,0,0
-25218,0,0
-32959,0,0
283765,0,0
-26881,0,0
-17297,0,0
-17029,0,0
-155569,0,0
-192657,0,0
-173003,0,0
-68433,0,0
-187761,0,0
60177,0,0
352668,0,0
-20511,0,0
-268076,0,0
-60950,0,0
12362,0,0
41833,0,0
-114386,0,0
3129,0,0
103503,0,0
67859,0,0
-67247,0,0
-145513,0,0
-81669,0,0
-40358,0,0
85061,0,0
265748,0,0
-34076,0,0
-11924,0,0
-94109,0,0
63513,0,0
226557,0,0
-26311,0,0
-26639,0,0
-150150,0,0
-81342,0,0
161612,0,0
61079,0,0
-26003,0,0
31121,0,0
-226748,0,0
-66967,0,0
124547,0,0
-9279,0,0
-86156,0,0
-34196,0,0
-163870,0,0
97325,0,0
-17002,0,0
-91418,0,0
-30800,0,0
-88878,0,0
-75785,0,0
39155,0,0
-46762,0,0
-274646,0,0
-169870,0,0
208127,0,0
-30591,0,0
-150933,0,0
39661,0,0
84557,0,0
19914,0,0
156436,0,0
-44734,0,0
-130299,0,0
-1389,0,0
-69807,0,0
-20270,0,0
-1902,0,0
5085,0,0
59280,0,0
-56832,0,0
-32264,0,0
230800,0,0
77968,0,0
40936,0,0
-98240,0,0
-95453,0,0
18886,0,0
38981,0,0
-24531,0,0
-78785,0,0
-53786,0,0
-37915,0,0
120427,0,0
91546,0,0
17043,0,0
-51635,0,0
-42233,0,0
64971,0,0
-112781,0,0
94958,0,0
-74914,0,0
-146289,0,0
13897,0,0
-60504,0,0
165666,0,0
71329,0,0
-108618,0,0
-42166,0,0
-151193,0,0
-14144,0,0
-50242,0,0
59627,0,0
-61920,0,0
62203,0,0
122224,0,0
-94588,0,0
68705,0,0
-7573,0,0
34969,0,0
58625,0,0
-48042,0,0
-41751,0,0
-38007,0,0
48534,0,0
146221,0,0
162642,0,0
25984,0,0
10140,0,0
36460,0,0
21426,0,0
79517,0,0
51260,0,0
-63751,0,0
67546,0,0
135733,0,0
41491,0,0
55134,0,0
-3214,0,0
-28177,0,0
11370,0,0
-50881,0,0
-29735,0,0
20559,0,0
152713,0,0
295455,0,0
130241,0,0
-120905,0,0
-255831,0,0
-166287,0,0
-53949,0,0
-86649,0,0
91475,0,0
203596,0,0
168915,0,0
-99877,0,0
-73652,0,0
-240640,0,0
-441479,0,0
-88089,0,0
230613,0,0
97386,0,0
-326454,0,0
-205192,0,0
73757,0,0
340824,0,0
110313,0,0
-718,0,0
-51551,0,0
-97004,0,0
-183759,0,0
-20243,0,0
168631,0,0
79570,0,0
160427,0,0
128676,0,0
53672,0,0
-53078,0,0
169370,0,0
66628,0,0
-143900,0,0
122693,0,0
49461,0,0
-168200,0,0
-142387,0,0
21244,0,0
121909,0,0
-16033,0,0
-24349,0,0
-89025,0,0
-101099,0,0
-216396,0,0
51711,0,0
135248,0,0
-11657,0,0
-185611,0,0
-136977,0,0
102694,0,0
14174,0,0
54648,0,0
114324,0,0
-6453,0,0
38050,0,0
60726,0,0
8397,0,0
-32815,0,0
-1915,0,0
149411,0,0
173780,0,0
-29179,0,0
-58036,0,0
91461,0,0
-34078,0,0
-4963,0,0
90198,0,0
45554,0,0
177927,0,0
50227,0,0
26686,0,0
63132,0,0
-93096,0,0
-44254,0,0
-105489,0,0
-18884,0,0
79504,0,0
81913,0,0
-106793,0,0
56231,0,0
230906,0,0
-81055,0,0
-157452,0,0
-170664,0,0
-51486,0,0
-159122,0,0
54903,0,0
-154743,0,0
70102,0,0
241514,0,0
101110,0,0
-197726,0,0
-122095,0,0
-116080,0,0
-31916,0,0
-101597,0,0
136512,0,0
39973,0,0
61524,0,0
25258,0,0
-112475,0,0
-92051,0,0
129385,0,0
136392,0,0
-92924,0,0
-134567,0,0
28683,0,0
270456,0,0
164593,0,0
24495,0,0
90464,0,0
132560,0,0
26998,0,0
59485,0,0
-129849,0,0
58199,0,0
208628,0,0
125484,0,0
49257,0,0
82585,0,0
3946,0,0
151347,0,0
40641,0,0
140783,0,0
295888,0,0
-36616,0,0
-161857,0,0
-69920,0,0
92996,0,0
-10613,0,0
-96986,0,0
73765,0,0
111248,0,0
32948,0,0
35933,0,0
53193,0,0
-142064,0,0
-199962,0,0
-18173,0,0
107022,0,0
-322,0,0
-14047,0,0
20792,0,0
-73021,0,0
5842,0,0
70752,0,0
-87582,0,0
-26060,0,0
-99744,0,0
-127654,0,0
-8103,0,0
-80920,0,0
41135,0,0
39771,0,0
-106836,0,0
-114837,0,0
82408,0,0
15524,0,0
-258006,0,0
-53358,0,0
-135928,0,0
-27296,0,0
-22397,0,0
-202375,0,0
-146570,0,0
-13001,0,0
-157176,0,0
-73413,0,0
3605,0,0
28825,0,0
83252,0,0
41972,0,0
-114503,0,0
-79597,0,0
16402,0,0
-201884,0,0
20654,0,0
117884,0,0
45415,0,0
-22478,0,0
103327,0,0
161369,0,0
269041,0,0
148142,0,0
11361,0,0
-41793,0,0
84589,0,0
27540,0,0
69860,0,0
133635,0,0
55763,0,0
100670,0,0
-64484,0,0
-94254,0,0
59450,0,0
138745,0,0
53065,0,0
376404,0,0
172587,0,0
-76102,0,0
-207521,0,0
-53836,0,0
-8464,0,0
-60128,0,0
52811,0,0
170513,0,0
45894,0,0
-35138,0,0
14323,0,0
9981,0,0
21037,0,0
-16785,0,0
21582,0,0
132637,0,0
-105153,0,0
-78400,0,0
-132634,0,0
-10521,0,0
180584,0,0
22695,0,0
-206302,0,0
-265215,0,0
56001,0,0
275273,0,0
25557,0,0
-151305,0,0
-261768,0,0
-99952,0,0
191895,0,0
-33624,0,0
-356929,0,0
-154099,0,0
39341,0,0
150597,0,0
-247336,0,0
-104790,0,0
121389,0,0
133097,0,0
-225805,0,0
-59621,0,0
-74196,0,0
-96053,0,0
-149061,0,0
-224998,0,0
-207452,0,0
192126,0,0
214229,0,0
35836,0,0
93238,0,0
-238688,0,0
-116736,0,0
-3037,0,0
99782,0,0
174171,0,0
-45541,0,0
-69791,0,0
226432,0,0
133171,0,0
-52311,0,0
-51219,0,0
-31880,0,0
-23863,0,0
13347,0,0
218121,0,0
191968,0,0
358000,0,0
86683,0,0
-355360,0,0
-245091,0,0
-75609,0,0
212270,0,0
389084,0,0
74271,0,0
-209760,0,0
-210145,0,0
2280,0,0
326388,0,0
-20932,0,0
-80338,0,0
24172,0,0
57674,0,0
129608,0,0
144025,0,0
111380,0,0
-84320,0,0
48032,0,0
8706,0,0
8032,0,0
130359,0,0
124153,0,0
166255,0,0
127045,0,0
-43624,0,0
-93793,0,0
-86608,0,0
95326,0,0
240768,0,0
295212,0,0
-114211,0,0
-179439,0,0
128404,0,0
92731,0,0
-111830,0,0
-214680,0,0
-44885,0,0
197144,0,0
219381,0,0
86278,0,0
69974,0,0
-116086,0,0
-163971,0,0
-183466,0,0
4932,0,0
-120143,0,0
-107247,0,0
183852,0,0
463439,0,0
206256,0,0
-109346,0,0
-79069,0,0
-18311,0,0
-66750,0,0
-108952,0,0
-139231,0,0
7021,0,0
200304,0,0
243594,0,0
334137,0,0
-72159,0,0
56570,0,0
138769,0,0
-204014,0,0
-191457,0,0
128455,0,0
325475,0,0
53435,0,0
-83449,0,0
-154876,0,0
-85237,0,0
290413,0,0
139543,0,0
78852,0,0
-119213,0,0
-83247,0,0
160693,0,0
20764,0,0
-62865,0,0
-66851,0,0
124089,0,0
219328,0,0
26859,0,0
-132632,0,0
-105576,0,0
-37464,0,0
126488,0,0
114599,0,0
-153050,0,0
-78187,0,0
-42197,0,0
-60568,0,0
134073,0,0
75870,0,0
55899,0,0
-247240,0,0
-19250,0,0
41381,0,0
-166153,0,0
-323708,0,0
-24764,0,0
311605,0,0
141486,0,0
-38842,0,0
-182711,0,0
-256851,0,0
-293082,0,0
175733,0,0
197843,0,0
155092,0,0
208528,0,0
-283813,0,0
-418958,0,0
5994,0,0
-118392,0,0
220220,0,0
291543,0,0
-42633,0,0
-327316,0,0
-230214,0,0
91936,0,0
61686,0,0
164920,0,0
210126,0,0
239371,0,0
-186111,0,0
-355851,0,0
-232872,0,0
164711,0,0
401769,0,0
167868,0,0
-120903,0,0
-118465,0,0
-103846,0,0
140053,0,0
309012,0,0
97921,0,0
79932,0,0
-167983,0,0
-16793,0,0
231314,0,0
44666,0,0
23389,0,0
113420,0,0
71963,0,0
21189,0,0
10492,0,0
13028,0,0
42515,0,0
58496,0,0
19028,0,0
749,0,0
-45062,0,0
-94492,0,0
-67926,0,0
-146221,0,0
215682,0,0
81728,0,0
-2209,0,0
-193682,0,0
-105048,0,0
-34162,0,0
-75258,0,0
-47524,0,0
-54943,0,0
-203795,0,0
9609,0,0
-27275,0,0
-138116,0,0
-43285,0,0
-109002,0,0
-59147,0,0
15160,0,0
177880,0,0
-136509,0,0
-243077,0,0
-383235,0,0
-314061,0,0
176766,0,0
17354,0,0
-13940,0,0
-22576,0,0
-90231,0,0
-88379,0,0
-73536,0,0
-90210,0,0
-77064,0,0
183161,0,0
-37431,0,0
-232097,0,0
-194033,0,0
-29368,0,0
-88410,0,0
24830,0,0
-21003,0,0
-115567,0,0
39327,0,0
-219884,0,0
-54102,0,0
352467,0,0
187095,0,0
-377739,0,0
-330717,0,0
22551,0,0
74649,0,0
-239242,0,0
-169036,0,0
144093,0,0
102533,0,0
179776,0,0
17902,0,0
-13424,0,0
305295,0,0
33675,0,0
-162767,0,0
-112290,0,0
14872,0,0
31022,0,0
-51383,0,0
303082,0,0
257449,0,0
-50549,0,0
-175749,0,0
-167913,0,0
52713,0,0
360010,0,0
180127,0,0
-24127,0,0
-206876,0,0
-201958,0,0
-93870,0,0
-41038,0,0
169235,0,0
197437,0,0
-36442,0,0
-21753,0,0
-23608,0,0
-131755,0,0
-16614,0,0
111083,0,0
156419,0,0
-6826,0,0
-32672,0,0
-20360,0,0
34681,0,0
-86646,0,0
36053,0,0
31063,0,0
-113231,0,0
188953,0,0
90844,0,0
-68558,0,0
-111769,0,0
-94422,0,0
-145757,0,0
-186480,0,0
-252272,0,0
147439,0,0
183240,0,0
86677,0,0
345328,0,0
-246821,0,0
-406994,0,0
-75336,0,0
225423,0,0
-55615,0,0
-66630,0,0
58313,0,0
114100,0,0
-144314,0,0
29320,0,0
6119,0,0
-33182,0,0
103013,0,0
304976,0,0
70066,0,0
-113312,0,0
-127187,0,0
-72822,0,0
-29611,0,0
-139811,0,0
-127743,0,0
252837,0,0
298431,0,0
-230894,0,0
-250738,0,0
-75758,0,0
-48392,0,0
89220,0,0
167750,0,0
179066,0,0
-154750,0,0
-163391,0,0
41304,0,0
217762,0,0
39155,0,0
-79156,0,0
69263,0,0
104867,0,0
40686,0,0
9932,0,0
-46717,0,0
142661,0,0
63804,0,0
-64671,0,0
99789,0,0
274642,0,0
63267,0,0
-95365,0,0
-52521,0,0
24165,0,0
59688,0,0
31995,0,0
220474,0,0
251424,0,0
16823,0,0
-105636,0,0
-12451,0,0
-9070,0,0
126208,0,0
75860,0,0
134712,0,0
71812,0,0
49875,0,0
302823,0,0
92234,0,0
-175479,0,0
102890,0,0
281231,0,0
84983,0,0
-127966,0,0
55992,0,0
65973,0,0
42272,0,0
-2146,0,0
115444,0,0
282235,0,0
247653,0,0
-89328,0,0
-123037,0,0
-105006,0,0
-33898,0,0
117269,0,0
257446,0,0
21575,0,0
-298902,0,0
2838,0,0
142104,0,0
20335,0,0
160917,0,0
-60675,0,0
103567,0,0
184342,0,0
-18125,0,0
-23003,0,0
-13469,0,0
71093,0,0
-42001,0,0
119959,0,0
230144,0,0
227303,0,0
59296,0,0
-88893,0,0
-118039,0,0
-17243,0,0
307374,0,0
232608,0,0
147535,0,0
-15464,0,0
-141947,0,0
-42950,0,0
-57779,0,0
40940,0,0
263736,0,0
-103337,0,0
6131,0,0
-226830,0,0
-129505,0,0
155106,0,0
196750,0,0
152215,0,0
29687,0,0
-115060,0,0
-147656,0,0
-48799,0,0
-17070,0,0
-52144,0,0
1595,0,0
63634,0,0
78805,0,0
-62438,0,0
-102607,0,0
46430,0,0
220418,0,0
69955,0,0
-137742,0,0
-299695,0,0
-63216,0,0
134343,0,0
171656,0,0
-166667,0,0
-163461,0,0
44943,0,0
164155,0,0
-5996,0,0
-162670,0,0
238637,0,0
-50979,0,0
-23190,0,0
-60060,0,0
9757,0,0
-106416,0,0
27114,0,0
13873,0,0
146776,0,0
90683,0,0
-44310,0,0
-130896,0,0
-88415,0,0
206246,0,0
169455,0,0
33622,0,0
-168212,0,0
-93611,0,0
-39359,0,0
-53993,0,0
-31351,0,0
116101,0,0
145376,0,0
110136,0,0
-61199,0,0
-165984,0,0
73787,0,0
44758,0,0
-74652,0,0
-276946,0,0
55815,0,0
68999,0,0
46270,0,0
160227,0,0
181538,0,0
-87311,0,0
-315130,0,0
-63768,0,0
330684,0,0
277896,0,0
-249404,0,0
-96423,0,0
145834,0,0
87733,0,0
-55200,0,0
-153546,0,0
127465,0,0
254074,0,0
116874,0,0
59347,0,0
-44787,0,0
-40467,0,0
216554,0,0
-9372,0,0
-24702,0,0
-12396,0,0
-62740,0,0
170997,0,0
185773,0,0
-75405,0,0
-65905,0,0
-54967,0,0
-34325,0,0
200391,0,0
25751,0,0
-63064,0,0
-22305,0,0
-163868,0,0
-99079,0,0
-109787,0,0
27669,0,0
-30357,0,0
13896,0,0
-39828,0,0
-170753,0,0
-192202,0,0
-119258,0,0
35915,0,0
210273,0,0
151639,0,0
-246944,0,0
-97480,0,0
-267016,0,0
-113784,0,0
-110336,0,0
-44884,0,0
16309,0,0
210747,0,0
-36429,0,0
35213,0,0
-26163,0,0
-174691,0,0
-31816,0,0
-138385,0,0
73298,0,0
57473,0,0
14888,0,0
-51897,0,0
-16667,0,0
-76918,0,0
-15786,0,0
53658,0,0
74618,0,0
22087,0,0
7408,0,0
-77850,0,0
68574,0,0
11830,0,0
-49081,0,0
-87496,0,0
-197344,0,0
-994,0,0
30597,0,0
-155118,0,0
-50950,0,0
171913,0,0
18627,0,0
-99415,0,0
-32050,0,0
179801,0,0
-158109,0,0
-337425,0,0
-186952,0,0
-46621,0,0
64183,0,0
35183,0,0
-38137,0,0
187882,0,0
29716,0,0
-151978,0,0
-141913,0,0
-27964,0,0
-51110,0,0
38534,0,0
151691,0,0
92976,0,0
-190033,0,0
-220477,0,0
-71137,0,0
52375,0,0
336614,0,0
55291,0,0
-167431,0,0
327003,0,0
-107049,0,0
-139996,0,0
-80357,0,0
-12599,0,0
77964,0,0
61828,0,0
180419,0,0
164369,0,0
-75168,0,0
-10982,0,0
-42133,0,0
50520,0,0
46557,0,0
14534,0,0
25372,0,0
-73817,0,0
-65418,0,0
117484,0,0
-8115,0,0
-106541,0,0
-5880,0,0
136341,0,0
1554,0,0
-95535,0,0
-40618,0,0
-89023,0,0
-181816,0,0
100816,0,0
-3461,0,0
-38301,0,0
60096,0,0
92933,0,0
-65645,0,0
-56816,0,0
-112864,0,0
-163397,0,0
-234538,0,0
-18324,0,0
-37775,0,0
90064,0,0
115701,0,0
-78634,0,0
-19103,0,0
-133384,0,0
-119323,0,0
-315549,0,0
31957,0,0
261056,0,0
-82120,0,0
-152817,0,0
-96044,0,0
-103738,0,0
-21909,0,0
23278,0,0
-19157,0,0
-47726,0,0
-318536,0,0
-106790,0,0
37488,0,0
133474,0,0
289180,0,0
-240951,0,0
-371430,0,0
-190826,0,0
-202596,0,0
-14505,0,0
56040,0,0
283909,0,0
231128,0,0
-28509,0,0
-173793,0,0
-102223,0,0
-98633,0,0
-122633,0,0
55817,0,0
163330,0,0
100128,0,0
-108845,0,0
-107029,0,0
100002,0,0
132725,0,0
17584,0,0
97383,0,0
131061,0,0
-181046,0,0
-121538,0,0
-34231,0,0
81149,0,0
-144654,0,0
-202726,0,0
-91954,0,0
157998,0,0
353467,0,0
-104363,0,0
-193694,0,0
-84201,0,0
34427,0,0
81947,0,0
-180953,0,0
19967,0,0
-50626,0,0
115792,0,0
162566,0,0
-56254,0,0
-114853,0,0
-175947,0,0
164378,0,0
-12174,0,0
-67885,0,0
174701,0,0
-159526,0,0
-89605,0,0
-13658,0,0
34825,0,0
123932,0,0
-51196,0,0
-45765,0,0
-53065,0,0
-14013,0,0
10867,0,0
-56572,0,0
71408,0,0
78059,0,0
-60401,0,0
24162,0,0
-57853,0,0
-72551,0,0
38103,0,0
20108,0,0
-69567,0,0
34506,0,0
98456,0,0
-20164,0,0
-118168,0,0
36963,0,0
81088,0,0
-202999,0,0
-275289,0,0
-159486,0,0
130082,0,0
93803,0,0
32244,0,0
-157993,0,0
81898,0,0
205938,0,0
-223188,0,0
-214903,0,0
-64073,0,0
104137,0,0
68093,0,0
49270,0,0
-3489,0,0
-62884,0,0
17715,0,0
43292,0,0
6733,0,0
-139748,0,0
-140175,0,0
-98670,0,0
207948,0,0
369250,0,0
-123219,0,0
-84799,0,0
118446,0,0
58788,0,0
-160974,0,0
-43639,0,0
-183954,0,0
-18255,0,0
199616,0,0
126320,0,0
160945,0,0
-78081,0,0
-96258,0,0
-5423,0,0
85972,0,0
7781,0,0
106178,0,0
25471,0,0
106571,0,0
4409,0,0
-16066,0,0
-122420,0,0
39839,0,0
-15847,0,0
-92226,0,0
-80995,0,0
81505,0,0
53546,0,0
18840,0,0
-98780,0,0
86617,0,0
70160,0,0
-23723,0,0
-116551,0,0
-100259,0,0
59442,0,0
-40937,0,0
-126426,0,0
9546,0,0
296582,0,0
-61539,0,0
-28248,0,0
-47221,0,0
-91636,0,0
-94175,0,0
-6049,0,0
84807,0,0
132747,0,0
-86854,0,0
-29982,0,0
83608,0,0
-64618,0,0
-8609,0,0
49769,0,0
-51178,0,0
-112298,0,0
-19460,0,0
183185,0,0
157952,0,0
-108423,0,0
-159171,0,0
65953,0,0
-119297,0,0
57056,0,0
9978,0,0
64865,0,0
81122,0,0
21351,0,0
-138117,0,0
-282779,0,0
-239604,0,0
-102,0,0
148445,0,0
-115924,0,0
366405,0,0
189047,0,0
-52968,0,0
-272873,0,0
-98086,0,0
65284,0,0
-74125,0,0
-27299,0,0
26431,0,0
167936,0,0
21603,0,0
-154579,0,0
121753,0,0
94999,0,0
79673,0,0
375050,0,0
120432,0,0
-154862,0,0
-47076,0,0
1387,0,0
-31438,0,0
90312,0,0
129206,0,0
-55085,0,0
63596,0,0
57827,0,0
45633,0,0
125713,0,0
9207,0,0
71402,0,0
-52243,0,0
-204530,0,0
-12587,0,0
38475,0,0
104691,0,0
-23787,0,0
-93071,0,0
941,0,0
98562,0,0
22432,0,0
-218629,0,0
-107941,0,0
68061,0,0
-9543,0,0
-127503,0,0
116764,0,0
-2204,0,0
-68909,0,0
-171063,0,0
-160624,0,0
125622,0,0
252754,0,0
26599,0,0
-116371,0,0
-135572,0,0
-42686,0,0
-107993,0,0
76122,0,0
55900,0,0
-51448,0,0
-30855,0,0
62640,0,0
-41266,0,0
69031,0,0
-17116,0,0
-107053,0,0
5364,0,0
140150,0,0
-10552,0,0
-99071,0,0
-46497,0,0
-98628,0,0
-124082,0,0
167138,0,0
157500,0,0
-2739,0,0
-240145,0,0
-34249,0,0
103348,0,0
-127112,0,0
-61874,0,0
-210991,0,0
65369,0,0
284800,0,0
-245658,0,0
-257594,0,0
-5728,0,0
-116174,0,0
69642,0,0
312317,0,0
38468,0,0
-144238,0,0
-196909,0,0
-178352,0,0
-168337,0,0
-313076,0,0
-25690,0,0
262870,0,0
600570,0,0
66069,0,0
-176806,0,0
-65449,0,0
-10765,0,0
-103485,0,0
1305,0,0
145810,0,0
-25594,0,0
92153,0,0
-5628,0,0
10615,0,0
92549,0,0
7262,0,0
83831,0,0
88791,0,0
156264,0,0
-9225,0,0
-44175,0,0
486,0,0
-156404,0,0
-60533,0,0
-35500,0,0
71082,0,0
58894,0,0
-68623,0,0
103826,0,0
30872,0,0
-132461,0,0
-54075,0,0
-17604,0,0
-72317,0,0
-20676,0,0
25295,0,0
-56405,0,0
-162112,0,0
-12775,0,0
142252,0,0
40168,0,0
155436,0,0
-33827,0,0
-121494,0,0
-186188,0,0
-65083,0,0
34691,0,0
2313,0,0
-133068,0,0
-22497,0,0
-137715,0,0
-30198,0,0
22702,0,0
20215,0,0
-97508,0,0
-127345,0,0
42121,0,0
-187354,0,0
-54854,0,0
-198517,0,0
-60863,0,0
-28967,0,0
43877,0,0
-118904,0,0
-241660,0,0
90982,0,0
54736,0,0
-35306,0,0
-155055,0,0
71180,0,0
47985,0,0
64717,0,0
-26935,0,0
-106883,0,0
-102965,0,0
11866,0,0
58480,0,0
34087,0,0
89812,0,0
-51616,0,0
12460,0,0
8401,0,0
-94101,0,0
88263,0,0
142582,0,0
-237828,0,0
-185718,0,0
144341,0,0
-23902,0,0
42522,0,0
48044,0,0
-126541,0,0
65493,0,0
-68675,0,0
-85525,0,0
19264,0,0
23716,0,0
6918,0,0
-99988,0,0
-28434,0,0
30428,0,0
63733,0,0
121581,0,0
-17961,0,0
-89460,0,0
-38834,0,0
-29594,0,0
135585,0,0
122883,0,0
-83952,0,0
-57625,0,0
131081,0,0
-57171,0,0
-169858,0,0
-162915,0,0
80578,0,0
182028,0,0
7922,0,0
-43161,0,0
208083,0,0
-136426,0,0
-177358,0,0
-227024,0,0
158634,0,0
178382,0,0
10608,0,0
73587,0,0
-21934,0,0
-32588,0,0
10700,0,0
39066,0,0
45689,0,0
47669,0,0
119880,0,0
13829,0,0
-164894,0,0
-47546,0,0
206002,0,0
272068,0,0
-16129,0,0
-5512,0,0
-50438,0,0
-121782,0,0
126922,0,0
100215,0,0
192429,0,0
-21908,0,0
55256,0,0
78369,0,0
28485,0,0
101705,0,0
50047,0,0
-127907,0,0
162166,0,0
83515,0,0
104932,0,0
-22616,0,0
82961,0,0
150094,0,0
122015,0,0
-6789,0,0
-82975,0,0
49250,0,0
191521,0,0
-15839,0,0
-66172,0,0
3127,0,0
-7714,0,0
48953,0,0
16922,0,0
91460,0,0
211746,0,0
177994,0,0
-89174,0,0
-50886,0,0
84496,0,0
109025,0,0
72705,0,0
42208,0,0
38245,0,0
165913,0,0
203132,0,0
46025,0,0
94578,0,0
114749,0,0
67679,0,0
19621,0,0
36458,0,0
153796,0,0
125534,0,0
-10037,0,0
195590,0,0
-40005,0,0
-302797,0,0
-172492,0,0
276452,0,0
147661,0,0
263712,0,0
332255,0,0
54914,0,0
-330693,0,0
-103571,0,0
149398,0,0
73477,0,0
82274,0,0
-84672,0,0
-5878,0,0
144804,0,0
299606,0,0
175913,0,0
125898,0,0
5743,0,0
2755,0,0
60028,0,0
-11215,0,0
-121581,0,0
-73006,0,0
92603,0,0
154880,0,0
-93807,0,0
51256,0,0
-277129,0,0
-70366,0,0
184077,0,0
-65235,0,0
236142,0,0
57717,0,0
-351240,0,0
-222674,0,0
184872,0,0
-9505,0,0
-139827,0,0
-169135,0,0
155092,0,0
78855,0,0
-47525,0,0
-40691,0,0
-98676,0,0
124757,0,0
6097,0,0
-106987,0,0
38289,0,0
76612,0,0
-28904,0,0
-63922,0,0
-32005,0,0
18090,0,0
71496,0,0
22191,0,0
-82460,0,0
-52590,0,0
70227,0,0
83437,0,0
-38569,0,0
-31299,0,0
-27703,0,0
-137651,0,0
18890,0,0
125307,0,0
4494,0,0
-54520,0,0
-98764,0,0
-69275,0,0
-37746,0,0
-77143,0,0
-101414,0,0
-31942,0,0
-39875,0,0
-52119,0,0
-34340,0,0
-21377,0,0
2302,0,0
-77342,0,0
-64870,0,0
-169528,0,0
-215963,0,0
-74375,0,0
17624,0,0
64988,0,0
-21233,0,0
16078,0,0
-220757,0,0
-40175,0,0
60106,0,0
5067,0,0
-190161,0,0
-270878,0,0
-116520,0,0
-156265,0,0
50669,0,0
189459,0,0
57629,0,0
-88449,0,0
-311139,0,0
11347,0,0
-126309,0,0
-78276,0,0
-154818,0,0
-157198,0,0
34118,0,0
-62012,0,0
294674,0,0
81208,0,0
-152732,0,0
-305881,0,0
-111054,0,0
8527,0,0
-45874,0,0
-84133,0,0
186357,0,0
2160,0,0
-75246,0,0
-231521,0,0
191923,0,0
450904,0,0
89334,0,0
-239271,0,0
28512,0,0
-128345,0,0
-169970,0,0
-137174,0,0
14329,0,0
390751,0,0
406846,0,0
157939,0,0
31055,0,0
-201584,0,0
54216,0,0
101964,0,0
46686,0,0
92740,0,0
143252,0,0
58335,0,0
18189,0,0
-17723,0,0
44903,0,0
148373,0,0
156771,0,0
189448,0,0
149586,0,0
-21730,0,0
-51778,0,0
-97951,0,0
37560,0,0
52549,0,0
100794,0,0
-23047,0,0
71122,0,0
14725,0,0
-95990,0,0
-67274,0,0
-93836,0,0
-40879,0,0
-84469,0,0
197308,0,0
8797,0,0
-180845,0,0
-124219,0,0
-147257,0,0
-47905,0,0
40842,0,0
-55871,0,0
-168812,0,0
-40465,0,0
-148192,0,0
-99646,0,0
-134500,0,0
-129895,0,0
126738,0,0
290034,0,0
-31745,0,0
-168053,0,0
78015,0,0
-28201,0,0
-90367,0,0
-138410,0,0
117403,0,0
-53340,0,0
-80139,0,0
23530,0,0
83544,0,0
-137778,0,0
-18359,0,0
141610,0,0
392941,0,0
-92003,0,0
-152501,0,0
-232919,0,0
-158168,0,0
68276,0,0
105585,0,0
164708,0,0
-19805,0,0
-19608,0,0
17424,0,0
-81531,0,0
73106,0,0
49362,0,0
114619,0,0
50166,0,0
-58217,0,0
62589,0,0
-33302,0,0
-17094,0,0
40792,0,0
73994,0,0
77164,0,0
108327,0,0
168960,0,0
-102405,0,0
-251391,0,0
91071,0,0
40146,0,0
-28024,0,0
-56033,0,0
-124729,0,0
-49310,0,0
374925,0,0
53358,0,0
-136371,0,0
172452,0,0
-59949,0,0
-153213,0,0
-97727,0,0
194501,0,0
99334,0,0
-12855,0,0
122324,0,0
-28693,0,0
43382,0,0
-50910,0,0
-118759,0,0
-21614,0,0
-13117,0,0
-566,0,0
-45085,0,0
39110,0,0
-192687,0,0
149302,0,0
-37570,0,0
-234387,0,0
-270393,0,0
117641,0,0
79502,0,0
21691,0,0
-180239,0,0
-228034,0,0
-35803,0,0
22360,0,0
-45748,0,0
-2812,0,0
137027,0,0
-14813,0,0
-37975,0,0
-35946,0,0
-41645,0,0
-192323,0,0
-150640,0,0
-60269,0,0
66051,0,0
60821,0,0
-1243,0,0
7962,0,0
-61587,0,0
112891,0,0
-69101,0,0
918,0,0
922,0,0
-193143,0,0
-67150,0,0
31380,0,0
-49940,0,0
-117735,0,0
106638,0,0
180485,0,0
-179335,0,0
-142909,0,0
-137299,0,0
274682,0,0
-46097,0,0
-55951,0,0
51823,0,0
2469,0,0
-19564,0,0
-172077,0,0
-77910,0,0
187328,0,0
22593,0,0
25267,0,0
42300,0,0
-88702,0,0
-9353,0,0
80078,0,0
160415,0,0
170476,0,0
-52077,0,0
-50723,0,0
209429,0,0
3944,0,0
-38468,0,0
138262,0,0
113774,0,0
61045,0,0
66893,0,0
-66710,0,0
-3293,0,0
-31469,0,0
77783,0,0
118407,0,0
206608,0,0
2732,0,0
-112495,0,0
-60377,0,0
-239750,0,0
32647,0,0
351870,0,0
151204,0,0
-148938,0,0
-160031,0,0
-5397,0,0
-15321,0,0
-163307,0,0
-230403,0,0
-141444,0,0
73081,0,0
277703,0,0
120875,0,0
-218499,0,0
-288484,0,0
-206350,0,0
-202717,0,0
-22206,0,0
228009,0,0
218101,0,0
-72676,0,0
-76159,0,0
-204612,0,0
-13372,0,0
31778,0,0
84021,0,0
71507,0,0
16820,0,0
90398,0,0
-61333,0,0
-92016,0,0
70890,0,0
298738,0,0
39382,0,0
-39622,0,0
12799,0,0
-135097,0,0
33894,0,0
43879,0,0
17256,0,0
-38725,0,0
-36349,0,0
-60748,0,0
-217458,0,0
-36036,0,0
155704,0,0
424908,0,0
-234606,0,0
-412694,0,0
43209,0,0
265281,0,0
195411,0,0
-209102,0,0
93702,0,0
167889,0,0
73991,0,0
111699,0,0
-30427,0,0
5424,0,0
24505,0,0
102651,0,0
207040,0,0
115901,0,0
50201,0,0
-11362,0,0
104443,0,0
236981,0,0
113938,0,0
60446,0,0
94666,0,0
-165234,0,0
-85150,0,0
-975,0,0
25677,0,0
69130,0,0
192053,0,0
46888,0,0
136669,0,0
27739,0,0
-778,0,0
-67201,0,0
-66583,0,0
-3992,0,0
77637,0,0
-25415,0,0
7128,0,0
296866,0,0
206104,0,0
-200806,0,0
-68451,0,0
53236,0,0
2294,0,0
-12359,0,0
51138,0,0
-80428,0,0
75967,0,0
121970,0,0
151770,0,0
36521,0,0
-158689,0,0
54367,0,0
31908,0,0
-16215,0,0
-56741,0,0
-234334,0,0
-91053,0,0
228128,0,0
261249,0,0
88004,0,0
-264805,0,0
-307193,0,0
103872,0,0
249586,0,0
-62763,0,0
14665,0,0
-3389,0,0
-48710,0,0
-100521,0,0
-64447,0,0
6978,0,0
-7573,0,0
-122560,0,0
15246,0,0
183179,0,0
51876,0,0
-69549,0,0
-52980,0,0
-43046,0,0
610,0,0
-89640,0,0
-42640,0,0
126284,0,0
-82133,0,0
-50267,0,0
-45600,0,0
-99259,0,0
5601,0,0
219016,0,0
125568,0,0
19307,0,0
82614,0,0
-236673,0,0
32389,0,0
-54174,0,0
-61863,0,0
319770,0,0
212213,0,0
-99746,0,0
145988,0,0
-15027,0,0
-87622,0,0
115825,0,0
100006,0,0
58185,0,0
-55699,0,0
-145698,0,0
121178,0,0
119358,0,0
25509,0,0
107396,0,0
24152,0,0
150947,0,0
-26729,0,0
-129626,0,0
-37621,0,0
-5223,0,0
63412,0,0
72550,0,0
-9483,0,0
21110,0,0
-19023,0,0
-65722,0,0
-10471,0,0
100351,0,0
168257,0,0
48535,0,0
-80963,0,0
7685,0,0
-37270,0,0
-37177,0,0
-33675,0,0
36452,0,0
60920,0,0
-124241,0,0
-121288,0,0
222586,0,0
128465,0,0
-107578,0,0
-179142,0,0
-58669,0,0
-21610,0,0
132287,0,0
-88578,0,0
-79517,0,0
-106519,0,0
96013,0,0
-40067,0,0
-189586,0,0
-156840,0,0
34872,0,0
-90261,0,0
178325,0,0
145586,0,0
84420,0,0
-152610,0,0
-104433,0,0
-14348,0,0
-62333,0,0
-85335,0,0
92188,0,0
18073,0,0
50241,0,0
77540,0,0
86576,0,0
-56145,0,0
-67976,0,0
16428,0,0
84149,0,0
24672,0,0
-196755,0,0
-84923,0,0
170728,0,0
115625,0,0
13740,0,0
108902,0,0
-89035,0,0
-86797,0,0
-107437,0,0
-135815,0,0
67692,0,0
116929,0,0
54334,0,0
126408,0,0
74747,0,0
-253693,0,0
70133,0,0
14061,0,0
-23773,0,0
44286,0,0
24543,0,0
14213,0,0
-68574,0,0
-86436,0,0
-34608,0,0
148223,0,0
9577,0,0
62593,0,0
71400,0,0
-23219,0,0
-169613,0,0
-208907,0,0
86829,0,0
23262,0,0
129113,0,0
49187,0,0
-61004,0,0
-129739,0,0
18801,0,0
-78017,0,0
32474,0,0
-39531,0,0
-5856,0,0
-14103,0,0
-8940,0,0
-184277,0,0
-254724,0,0
-247909,0,0
25133,0,0
113057,0,0
310528,0,0
227185,0,0
-120007,0,0
-337628,0,0
-134479,0,0
32160,0,0
27275,0,0
180456,0,0
44161,0,0
-140204,0,0
-89420,0,0
91716,0,0
18029,0,0
191084,0,0
68466,0,0
-117012,0,0
-55844,0,0
41172,0,0
299035,0,0
-66744,0,0
-129230,0,0
-13496,0,0
-112543,0,0
11289,0,0
60898,0,0
-27964,0,0
70702,0,0
-60495,0,0
74397,0,0
127975,0,0
87447,0,0
-48746,0,0
-197032,0,0
-226634,0,0
-48064,0,0
-111387,0,0
-97930,0,0
40678,0,0
13352,0,0
171724,0,0
416572,0,0
395286,0,0
-117536,0,0
-421941,0,0
-267967,0,0
21718,0,0
65232,0,0
46827,0,0
109782,0,0
59021,0,0
220949,0,0
278635,0,0
-31488,0,0
-17160,0,0
-80039,0,0
-50638,0,0
58265,0,0
96055,0,0
82657,0,0
-75608,0,0
22222,0,0
2066,0,0
-109593,0,0
-29004,0,0
61750,0,0
-86414,0,0
-176916,0,0
117317,0,0
55328,0,0
119849,0,0
60706,0,0
-145076,0,0
-154009,0,0
-42660,0,0
10477,0,0
158886,0,0
16731,0,0
-145738,0,0
-79948,0,0
-46277,0,0
28535,0,0
-91933,0,0
-11416,0,0
-50349,0,0
-76873,0,0
-45690,0,0
-33998,0,0
-103757,0,0
-106038,0,0
-13839,0,0
-313459,0,0
-124585,0,0
-177460,0,0
-5637,0,0
192613,0,0
254213,0,0
-313389,0,0
-203241,0,0
-63922,0,0
-97142,0,0
-140812,0,0
-46296,0,0
-13777,0,0
107028,0,0
-27281,0,0
-200074,0,0
-55113,0,0
43760,0,0
-175902,0,0
-81176,0,0
284327,0,0
301298,0,0
-124788,0,0
-229346,0,0
34533,0,0
59010,0,0
-48428,0,0
94934,0,0
1923,0,0
112993,0,0
-34661,0,0
22440,0,0
182443,0,0
5820,0,0
35741,0,0
48276,0,0
-103620,0,0
-4267,0,0
94849,0,0
69270,0,0
91987,0,0
41306,0,0
-169546,0,0
-195516,0,0
-17740,0,0
144243,0,0
154684,0,0
-28234,0,0
-2031,0,0
-175112,0,0
-149048,0,0
121169,0,0
263279,0,0
-232508,0,0
-230834,0,0
73676,0,0
185909,0,0
-63676,0,0
-185869,0,0
-137643,0,0
93843,0,0
15758,0,0
-117865,0,0
5912,0,0
-23665,0,0
-117053,0,0
-192543,0,0
-135578,0,0
-12846,0,0
44178,0,0
263819,0,0
1016,0,0
-155106,0,0
-34679,0,0
-175945,0,0
-23506,0,0
36030,0,0
-31112,0,0
171669,0,0
89717,0,0
-146756,0,0
-74602,0,0
25003,0,0
-3096,0,0
-148231,0,0
-53965,0,0
122892,0,0
510163,0,0
-56383,0,0
-423531,0,0
-74362,0,0
-28859,0,0
203772,0,0
-11318,0,0
-47919,0,0
-78114,0,0
-80604,0,0
-101827,0,0
246820,0,0
181768,0,0
-109030,0,0
-32634,0,0
-20031,0,0
-25252,0,0
-28280,0,0
-94673,0,0
40278,0,0
101740,0,0
-250768,0,0
-185632,0,0
44537,0,0
271781,0,0
220709,0,0
-29973,0,0
-194981,0,0
-195964,0,0
-310147,0,0
-68458,0,0
204165,0,0
112575,0,0
4611,0,0
14164,0,0
115560,0,0
63,0,0
-106084,0,0
-180430,0,0
6281,0,0
90803,0,0
169935,0,0
73686,0,0
-23917,0,0
9079,0,0
11808,0,0
-68819,0,0
-181829,0,0
-152292,0,0
97042,0,0
340379,0,0
22334,0,0
105443,0,0
-246645,0,0
-49069,0,0
-89796,0,0
-108835,0,0
-123030,0,0
139749,0,0
-1809,0,0
75179,0,0
53203,0,0
-136745,0,0
-10564,0,0
-173258,0,0
-28771,0,0
191856,0,0
-106068,0,0
25209,0,0
280185,0,0
-87237,0,0
-179258,0,0
168988,0,0
41296,0,0
-70498,0,0
-10002,0,0
-35012,0,0
-21423,0,0
95846,0,0
40633,0,0
4047,0,0
102967,0,0
97572,0,0
-72919,0,0
-96089,0,0
49109,0,0
16460,0,0
-237970,0,0
-72700,0,0
233620,0,0
168027,0,0
355963,0,0
-98746,0,0
-264705,0,0
180560,0,0
-71886,0,0
-213643,0,0
51203,0,0
181498,0,0
201078,0,0
130047,0,0
107069,0,0
168608,0,0
152063,0,0
48341,0,0
-66575,0,0
-100226,0,0
-134824,0,0
160321,0,0
105821,0,0
57515,0,0
-46676,0,0
39991,0,0
137141,0,0
160287,0,0
37038,0,0
-254197,0,0
-81023,0,0
-80314,0,0
-6621,0,0
146282,0,0
152571,0,0
-62544,0,0
-130909,0,0
-130952,0,0
-7272,0,0
88945,0,0
162542,0,0
-103010,0,0
-24172,0,0
35,0,0
67717,0,0
37855,0,0
-41603,0,0
-30310,0,0
-7343,0,0
111193,0,0
-130152,0,0
205664,0,0
-84674,0,0
-99949,0,0
138033,0,0
124281,0,0
91147,0,0
-35650,0,0
-44710,0,0
-85881,0,0
-16052,0,0
128348,0,0
-245210,0,0
78723,0,0
110246,0,0
57396,0,0
-68983,0,0
-130743,0,0
216525,0,0
-176304,0,0
-158280,0,0
-89140,0,0
109189,0,0
130907,0,0
17316,0,0
-160611,0,0
80775,0,0
114577,0,0
61712,0,0
-38176,0,0
37043,0,0
50204,0,0
-26492,0,0
81845,0,0
351373,0,0
109243,0,0
5748,0,0
-110782,0,0
-24413,0,0
231544,0,0
76192,0,0
-23205,0,0
113465,0,0
-30686,0,0
53325,0,0
74615,0,0
-19668,0,0
-8571,0,0
-61487,0,0
-53354,0,0
-42369,0,0
89152,0,0
98117,0,0
-31639,0,0
-49393,0,0
-132440,0,0
37997,0,0
43024,0,0
27396,0,0
-166736,0,0
-14407,0,0
144910,0,0
118469,0,0
80900,0,0
-96744,0,0
-60448,0,0
-62188,0,0
4657,0,0
-69804,0,0
186481,0,0
222545,0,0
78871,0,0
-62282,0,0
-239142,0,0
-190280,0,0
-66056,0,0
-19115,0,0
179814,0,0
304767,0,0
-44368,0,0
-178597,0,0
-96781,0,0
120526,0,0
92540,0,0
-142969,0,0
-47111,0,0
74410,0,0
18920,0,0
-32446,0,0
-54138,0,0
-41107,0,0
10083,0,0
71441,0,0
15223,0,0
8766,0,0
31122,0,0
-112118,0,0
-167353,0,0
-130382,0,0
-18476,0,0
142783,0,0
-41655,0,0
-233913,0,0
-207873,0,0
-449666,0,0
-42837,0,0
362434,0,0
501328,0,0
-22649,0,0
-335810,0,0
-439176,0,0
428,0,0
283176,0,0
137512,0,0
-129567,0,0
44467,0,0
21684,0,0
-54000,0,0
168926,0,0
25271,0,0
152420,0,0
35468,0,0
44136,0,0
42659,0,0
-149221,0,0
29664,0,0
200985,0,0
-5835,0,0
-131444,0,0
-133334,0,0
-431,0,0
104420,0,0
-17174,0,0
-19693,0,0
-24387,0,0
179475,0,0
-20450,0,0
-198572,0,0
-93467,0,0
72122,0,0
62521,0,0
99602,0,0
19114,0,0
-54479,0,0
-79715,0,0
-18435,0,0
-31521,0,0
29687,0,0
267213,0,0
177366,0,0
-55929,0,0
-44446,0,0
-72139,0,0
-37985,0,0
-83261,0,0
19989,0,0
96060,0,0
245750,0,0
-103051,0,0
-330322,0,0
-190406,0,0
310228,0,0
335682,0,0
-128992,0,0
-101496,0,0
-312529,0,0
228623,0,0
123573,0,0
-1900,0,0
-1560,0,0
-214998,0,0
81670,0,0
138518,0,0
-88831,0,0
-45776,0,0
52413,0,0
249203,0,0
171552,0,0
31240,0,0
-119351,0,0
-115164,0,0
-31747,0,0
-105470,0,0
70806,0,0
211902,0,0
76262,0,0
7296,0,0
14292,0,0
-82564,0,0
-203439,0,0
84527,0,0
173098,0,0
97843,0,0
-212041,0,0
-137820,0,0
80176,0,0
47980,0,0
-150317,0,0
-5673,0,0
-29053,0,0
-69463,0,0
116066,0,0
51825,0,0
-61019,0,0
201918,0,0
-26630,0,0
-43673,0,0
-286749,0,0
-218686,0,0
-124142,0,0
-86676,0,0
142456,0,0
330100,0,0
6093,0,0
19516,0,0
-247026,0,0
-139670,0,0
-110169,0,0
-15554,0,0
57523,0,0
48723,0,0
-104378,0,0
42820,0,0
31083,0,0
17599,0,0
-88867,0,0
-64739,0,0
106462,0,0
54709,0,0
-224853,0,0
-114397,0,0
-56882,0,0
119227,0,0
79681,0,0
115028,0,0
-39487,0,0
-156214,0,0
-130649,0,0
43233,0,0
-50089,0,0
-58455,0,0
23701,0,0
7435,0,0
40187,0,0
30755,0,0
-101876,0,0
89540,0,0
-72192,0,0
-178617,0,0
-123170,0,0
-80932,0,0
39241,0,0
368952,0,0
-106187,0,0
-89110,0,0
6948,0,0
-218812,0,0
-23691,0,0
-48208,0,0
62154,0,0
31301,0,0
-161895,0,0
-151797,0,0
-67470,0,0
-193178,0,0
17372,0,0
120074,0,0
-30707,0,0
-65857,0,0
-91805,0,0
-13671,0,0
-10434,0,0
-249269,0,0
-90792,0,0
43452,0,0
356157,0,0
-14040,0,0
-160453,0,0
-99451,0,0
-42852,0,0
-27070,0,0
72478,0,0
91112,0,0
82558,0,0
-1121,0,0
-128398,0,0
140925,0,0
141767,0,0
34251,0,0
-44289,0,0
35158,0,0
-64275,0,0
35361,0,0
33284,0,0
-30606,0,0
15563,0,0
6177,0,0
242272,0,0
-1020,0,0
-121637,0,0
-8407,0,0
108092,0,0
118876,0,0
57001,0,0
-26654,0,0
-117052,0,0
-69067,0,0
35068,0,0
-38286,0,0
122918,0,0
116955,0,0
-75074,0,0
52381,0,0
89403,0,0
-236277,0,0
-34428,0,0
44741,0,0
-70620,0,0
188400,0,0
-102116,0,0
-81154,0,0
-37318,0,0
126000,0,0
120548,0,0
-294584,0,0
-186370,0,0
18960,0,0
187559,0,0
-13782,0,0
-280124,0,0
-89618,0,0
117336,0,0
172578,0,0
-56087,0,0
-485413,0,0
-321228,0,0
215127,0,0
306488,0,0
-108458,0,0
-99449,0,0
-145058,0,0
44608,0,0
-134918,0,0
78518,0,0
116995,0,0
-140932,0,0
84980,0,0
-281,0,0
-34908,0,0
107840,0,0
53254,0,0
27902,0,0
57634,0,0
-50218,0,0
41997,0,0
150230,0,0
38266,0,0
-70720,0,0
106195,0,0
36676,0,0
16744,0,0
-7218,0,0
-42664,0,0
-9373,0,0
-58613,0,0
109028,0,0
76399,0,0
-25209,0,0
-68875,0,0
-61096,0,0
-43085,0,0
37242,0,0
10315,0,0
5395,0,0
-3292,0,0
84288,0,0
19073,0,0
-148152,0,0
-36809,0,0
89212,0,0
31471,0,0
16077,0,0
-28337,0,0
-133989,0,0
-18655,0,0
105911,0,0
-135195,0,0
67884,0,0
96532,0,0
-68532,0,0
-16454,0,0
-150650,0,0
13942,0,0
-16330,0,0
-15058,0,0
-107592,0,0
53380,0,0
-116091,0,0
-166085,0,0
214349,0,0
161928,0,0
-28645,0,0
-37699,0,0
-112840,0,0
-112511,0,0
135001,0,0
215961,0,0
103983,0,0
-189481,0,0
-87812,0,0
-100287,0,0
17301,0,0
349728,0,0
-12257,0,0
6210,0,0
-63449,0,0
-131457,0,0
51993,0,0
-62862,0,0
-73761,0,0
-35597,0,0
-124372,0,0
-17724,0,0
6327,0,0
-60618,0,0
32319,0,0
38213,0,0
40680,0,0
-59394,0,0
-79859,0,0
18266,0,0
58755,0,0
-25294,0,0
-172502,0,0
-58056,0,0
46170,0,0
34276,0,0
-7302,0,0
178854,0,0
40817,0,0
-112389,0,0
124711,0,0
-21453,0,0
-79136,0,0
-210678,0,0
-64337,0,0
309876,0,0
228891,0,0
-49705,0,0
11373,0,0
31447,0,0
-113589,0,0
-108781,0,0
-6569,0,0
31847,0,0
-13824,0,0
12281,0,0
265222,0,0
281872,0,0
41078,0,0
-176483,0,0
-283974,0,0
-86450,0,0
232758,0,0
65590,0,0
107791,0,0
128112,0,0
-114922,0,0
-14196,0,0
5346,0,0
125727,0,0
108890,0,0
-49489,0,0
5754,0,0
52990,0,0
204492,0,0
93623,0,0
16421,0,0
-143280,0,0
-105530,0,0
378150,0,0
194612,0,0
-140269,0,0
-234801,0,0
-18388,0,0
346957,0,0
383132,0,0
78020,0,0
-81212,0,0
-135944,0,0
-115028,0,0
-32559,0,0
191666,0,0
150276,0,0
67607,0,0
82901,0,0
46370,0,0
16787,0,0
-217228,0,0
-140908,0,0
-68963,0,0
270194,0,0
226261,0,0
133238,0,0
-161188,0,0
-151239,0,0
51047,0,0
-127931,0,0
34817,0,0
-119859,0,0
-45947,0,0
-55892,0,0
131424,0,0
95125,0,0
113610,0,0
21681,0,0
-110122,0,0
207823,0,0
32974,0,0
-188442,0,0
20386,0,0
53962,0,0
124440,0,0
221232,0,0
76540,0,0
103428,0,0
37530,0,0
15748,0,0
93491,0,0
82867,0,0
58254,0,0
-66599,0,0
58084,0,0
55808,0,0
21421,0,0
137478,0,0
35443,0,0
31793,0,0
-53631,0,0
-239778,0,0
15879,0,0
65145,0,0
-71071,0,0
9411,0,0
118898,0,0
-63812,0,0
-89143,0,0
-70126,0,0
-85518,0,0
38786,0,0
-14132,0,0
-8620,0,0
-70684,0,0
43100,0,0
-114747,0,0
-68614,0,0
130220,0,0
23132,0,0
-2528,0,0
-111166,0,0
60312,0,0
146852,0,0
36963,0,0
-189538,0,0
-75618,0,0
-87651,0,0
3388,0,0
45488,0,0
-153791,0,0
-101519,0,0
277057,0,0
173288,0,0
-38944,0,0
49630,0,0
-365133,0,0
-285207,0,0
-12530,0,0
186294,0,0
-13851,0,0
-31320,0,0
-534226,0,0
214860,0,0
583054,0,0
-90297,0,0
-61421,0,0
-28984,0,0
-256450,0,0
-88742,0,0
23059,0,0
22838,0,0
46497,0,0
156418,0,0
-103938,0,0
139596,0,0
147076,0,0
-52201,0,0
-44281,0,0
152814,0,0
-51085,0,0
-82327,0,0
-20196,0,0
51557,0,0
-18441,0,0
7303,0,0
113005,0,0
13557,0,0
-34711,0,0
9258,0,0
-141765,0,0
-139639,0,0
91557,0,0
75624,0,0
-130649,0,0
-194619,0,0
-37641,0,0
56571,0,0
-25253,0,0
-63356,0,0
-197648,0,0
33275,0,0
-95866,0,0
-122773,0,0
-192577,0,0
-79860,0,0
-27109,0,0
-51682,0,0
-9924,0,0
95549,0,0
-176816,0,0
-260627,0,0
-18607,0,0
52509,0,0
87851,0,0
-54427,0,0
-74460,0,0
-89821,0,0
17088,0,0
-11733,0,0
-94706,0,0
102605,0,0
30301,0,0
28432,0,0
157075,0,0
-31064,0,0
90502,0,0
-169004,0,0
-251039,0,0
-49559,0,0
138541,0,0
-8180,0,0
136454,0,0
-72853,0,0
254569,0,0
177345,0,0
-87871,0,0
-283270,0,0
-205402,0,0
-88603,0,0
46345,0,0
-25100,0,0
-72977,0,0
104139,0,0
208864,0,0
-33481,0,0
-198737,0,0
-39847,0,0
199916,0,0
58776,0,0
-169804,0,0
-248602,0,0
-154247,0,0
171239,0,0
301435,0,0
-73115,0,0
35723,0,0
-32531,0,0
-143587,0,0
52526,0,0
195410,0,0
-23387,0,0
-53981,0,0
-81377,0,0
-115936,0,0
135843,0,0
114873,0,0
-25767,0,0
35837,0,0
-211032,0,0
110367,0,0
74252,0,0
-67588,0,0
154948,0,0
-31006,0,0
-105870,0,0
-27115,0,0
9609,0,0
-82056,0,0
63015,0,0
131530,0,0
-4133,0,0
-142519,0,0
38971,0,0
246365,0,0
137301,0,0
-257469,0,0
-149505,0,0
-19611,0,0
238285,0,0
-77294,0,0
-185517,0,0
12929,0,0
35991,0,0
128817,0,0
54856,0,0
-133447,0,0
-71262,0,0
42845,0,0
41974,0,0
-108977,0,0
-111677,0,0
-79051,0,0
106338,0,0
130198,0,0
15796,0,0
-3143,0,0
-14536,0,0
4149,0,0
8637,0,0
-12847,0,0
2265,0,0
35526,0,0
18233,0,0
-51219,0,0
-104694,0,0
-32996,0,0
124489,0,0
112514,0,0
29384,0,0
24123,0,0
-263396,0,0
42769,0,0
405706,0,0
-92342,0,0
-156967,0,0
-173997,0,0
-19987,0,0
-58628,0,0
151708,0,0
-85677,0,0
-118301,0,0
172642,0,0
63468,0,0
-36246,0,0
-99623,0,0
167321,0,0
43975,0,0
-86123,0,0
-167584,0,0
-127786,0,0
-24637,0,0
295251,0,0
-28205,0,0
52737,0,0
96778,0,0
-61906,0,0
20521,0,0
-68276,0,0
42793,0,0
-41942,0,0
23127,0,0
42676,0,0
43170,0,0
141033,0,0
-22826,0,0
-37743,0,0
-157162,0,0
-233866,0,0
49145,0,0
73225,0,0
-42077,0,0
-72446,0,0
13059,0,0
-71903,0,0
-157745,0,0
161943,0,0
-8986,0,0
-30632,0,0
-137368,0,0
-228546,0,0
-65359,0,0
-27087,0,0
122302,0,0
68302,0,0
-48036,0,0
-29413,0,0
24352,0,0
-50603,0,0
-78530,0,0
27569,0,0
2255,0,0
18332,0,0
31059,0,0
-62355,0,0
-143872,0,0
82105,0,0
194320,0,0
83846,0,0
-118830,0,0
-58735,0,0
-19672,0,0
-16450,0,0
-42155,0,0
78002,0,0
-59981,0,0
-128097,0,0
131426,0,0
113309,0,0
-26866,0,0
-135458,0,0
-251234,0,0
-142084,0,0
55294,0,0
186550,0,0
-123907,0,0
-157448,0,0
-27512,0,0
27241,0,0
-38557,0,0
-144639,0,0
-23567,0,0
188000,0,0
-92972,0,0
-313273,0,0
214294,0,0
195285,0,0
-89746,0,0
-122199,0,0
-69602,0,0
152312,0,0
267170,0,0
61418,0,0
-18274,0,0
34705,0,0
-35548,0,0
32147,0,0
131003,0,0
185793,0,0
-76440,0,0
19265,0,0
175500,0,0
97698,0,0
-76547,0,0
-5859,0,0
224670,0,0
31690,0,0
-125171,0,0
-179077,0,0
140381,0,0
145858,0,0
174299,0,0
3565,0,0
159691,0,0
-6158,0,0
-115405,0,0
-128874,0,0
85500,0,0
-17236,0,0
-85522,0,0
-2050,0,0
285234,0,0
236573,0,0
-63900,0,0
-130428,0,0
-29767,0,0
-33633,0,0
124774,0,0
-10567,0,0
-158459,0,0
176506,0,0
96650,0,0
-16810,0,0
-104685,0,0
-11615,0,0
-18033,0,0
163677,0,0
-37775,0,0
-95821,0,0
-77199,0,0
-5038,0,0
83813,0,0
-16119,0,0
-7131,0,0
-30726,0,0
31481,0,0
634,0,0
86826,0,0
-211812,0,0
-82743,0,0
-112979,0,0
105017,0,0
17797,0,0
71703,0,0
-18281,0,0
-121470,0,0
57176,0,0
-105436,0,0
-52384,0,0
68011,0,0
-11476,0,0
120923,0,0
-22087,0,0
-97086,0,0
-10909,0,0
79015,0,0
74955,0,0
-47351,0,0
-121221,0,0
-91065,0,0
183069,0,0
101377,0,0
212859,0,0
-60254,0,0
-27049,0,0
37802,0,0
11923,0,0
3448,0,0
171320,0,0
206689,0,0
75383,0,0
-225772,0,0
-101527,0,0
54346,0,0
196576,0,0
260845,0,0
-91457,0,0
86803,0,0
102458,0,0
136745,0,0
184063,0,0
-155795,0,0
-153697,0,0
102835,0,0
48672,0,0
83658,0,0
182644,0,0
-10457,0,0
-119399,0,0
-145282,0,0
-147623,0,0
104455,0,0
223867,0,0
-14937,0,0
-257703,0,0
-84729,0,0
-48623,0,0
-87870,0,0
-140135,0,0
-66803,0,0
1364,0,0
-54938,0,0
25982,0,0
59133,0,0
-183651,0,0
-165733,0,0
-98881,0,0
33505,0,0
20206,0,0
-152889,0,0
83301,0,0
161906,0,0
-148255,0,0
-257323,0,0
-236223,0,0
299443,0,0
283383,0,0
-53503,0,0
-309647,0,0
-213688,0,0
-6888,0,0
45759,0,0
-40373,0,0
-86097,0,0
-228956,0,0
167944,0,0
154746,0,0
26321,0,0
-122225,0,0
-185922,0,0
-69710,0,0
15960,0,0
-43843,0,0
-71681,0,0
-53352,0,0
138215,0,0
137777,0,0
-240320,0,0
-160117,0,0
8943,0,0
259949,0,0
-122737,0,0
1762,0,0
-7980,0,0
-185975,0,0
16485,0,0
-12691,0,0
-1990,0,0
92982,0,0
205349,0,0
8145,0,0
-277227,0,0
-196876,0,0
17431,0,0
-75503,0,0
38109,0,0
179783,0,0
55809,0,0
24700,0,0
87821,0,0
-110537,0,0
-43031,0,0
-30624,0,0
56258,0,0
-83533,0,0
-152785,0,0
-44752,0,0
76315,0,0
114725,0,0
116176,0,0
-16642,0,0
75070,0,0
-135040,0,0
-30079,0,0
-79833,0,0
-24682,0,0
-31299,0,0
27700,0,0
-12531,0,0
-26574,0,0
-66966,0,0
-107820,0,0
-182371,0,0
-208774,0,0
158495,0,0
43534,0,0
-87910,0,0
-199201,0,0
-183376,0,0
-35613,0,0
17735,0,0
80963,0,0
-121162,0,0
-225266,0,0
-146837,0,0
99055,0,0
-67935,0,0
-124489,0,0
43561,0,0
6447,0,0
79472,0,0
-4390,0,0
-222927,0,0
-91463,0,0
155205,0,0
86344,0,0
30119,0,0
45086,0,0
194955,0,0
145301,0,0
-130787,0,0
-176740,0,0
98003,0,0
181511,0,0
-12622,0,0
40398,0,0
-82991,0,0
171585,0,0
82547,0,0
222030,0,0
15109,0,0
-207450,0,0
-41003,0,0
120427,0,0
260781,0,0
-105539,0,0
179711,0,0
-1656,0,0
-106139,0,0
176986,0,0
112547,0,0
-29667,0,0
-35426,0,0
158965,0,0
8819,0,0
-85368,0,0
55376,0,0
232636,0,0
50127,0,0
102865,0,0
267785,0,0
-109185,0,0
-208500,0,0
-62972,0,0
-4812,0,0
64889,0,0
131427,0,0
-20125,0,0
-84152,0,0
38387,0,0
327498,0,0
26958,0,0
-216491,0,0
-197808,0,0
19449,0,0
107469,0,0
190001,0,0
114275,0,0
-93867,0,0
-69799,0,0
42486,0,0
70227,0,0
-28545,0,0
-28124,0,0
-146693,0,0
-49686,0,0
176205,0,0
-30867,0,0
92937,0,0
34591,0,0
101424,0,0
-59643,0,0
-92870,0,0
-142144,0,0
-234343,0,0
-124712,0,0
142708,0,0
221503,0,0
141738,0,0
-122354,0,0
-316103,0,0
-45517,0,0
178607,0,0
182356,0,0
-27299,0,0
63895,0,0
-22576,0,0
-169169,0,0
-109630,0,0
327144,0,0
151934,0,0
-52599,0,0
48951,0,0
65132,0,0
-37104,0,0
17460,0,0
112274,0,0
86855,0,0
95834,0,0
95678,0,0
112583,0,0
-20867,0,0
-55106,0,0
-3509,0,0
120922,0,0
199592,0,0
117922,0,0
-94145,0,0
-114518,0,0
-11028,0,0
128271,0,0
-27195,0,0
97959,0,0
157026,0,0
141921,0,0
196869,0,0
-75168,0,0
-120531,0,0
-135108,0,0
-119654,0,0
260428,0,0
120314,0,0
-99305,0,0
147656,0,0
117988,0,0
-49628,0,0
-150921,0,0
70659,0,0
43415,0,0
-58637,0,0
34198,0,0
45437,0,0
-61426,0,0
171358,0,0
23136,0,0
-237689,0,0
99,0,0
6565,0,0
189684,0,0
-123327,0,0
-173071,0,0
-3475,0,0
68546,0,0
-240599,0,0
-47276,0,0
165018,0,0
133086,0,0
-58901,0,0
-75558,0,0
-146697,0,0
-81724,0,0
-54422,0,0
102455,0,0
-32395,0,0
56041,0,0
53332,0,0
-76103,0,0
-173068,0,0
-5168,0,0
181324,0,0
93028,0,0
24357,0,0
-160709,0,0
5490,0,0
63740,0,0
8435,0,0
144067,0,0
-80037,0,0
-38651,0,0
68527,0,0
-77550,0,0
-139558,0,0
73216,0,0
104612,0,0
152801,0,0
-59304,0,0
-142497,0,0
-94994,0,0
120316,0,0
76380,0,0
-100176,0,0
-103435,0,0
-9478,0,0
-46124,0,0
43252,0,0
-22704,0,0
46011,0,0
-11790,0,0
-163755,0,0
-85770,0,0
-133862,0,0
49612,0,0
22987,0,0
-218374,0,0
168896,0,0
54452,0,0
-254527,0,0
-117407,0,0
-127366,0,0
-53288,0,0
163462,0,0
-574,0,0
-196575,0,0
-167174,0,0
119617,0,0
163961,0,0
-50936,0,0
-35739,0,0
-132110,0,0
-54069,0,0
12053,0,0
20920,0,0
31040,0,0
25989,0,0
-9590,0,0
-36309,0,0
-76153,0,0
-77648,0,0
-33174,0,0
13106,0,0
-89384,0,0
81399,0,0
-138351,0,0
21080,0,0
-266320,0,0
-40203,0,0
117114,0,0
145359,0,0
-154781,0,0
-66403,0,0
-145699,0,0
-219483,0,0
-15113,0,0
37269,0,0
109761,0,0
116682,0,0
-40868,0,0
-267545,0,0
817,0,0
33714,0,0
49279,0,0
-44879,0,0
-219646,0,0
160234,0,0
252414,0,0
18946,0,0
-163268,0,0
-100870,0,0
-72678,0,0
91040,0,0
97250,0,0
79953,0,0
-93373,0,0
37121,0,0
41255,0,0
-15308,0,0
-38424,0,0
1375,0,0
27201,0,0
-8360,0,0
64556,0,0
43289,0,0
-57706,0,0
63577,0,0
-78332,0,0
54002,0,0
116762,0,0
64224,0,0
-4460,0,0
45360,0,0
2105,0,0
-4529,0,0
104215,0,0
160508,0,0
-34577,0,0
-71080,0,0
-5911,0,0
92954,0,0
278439,0,0
135620,0,0
34897,0,0
-114753,0,0
89663,0,0
-38184,0,0
41620,0,0
80481,0,0
116160,0,0
-15437,0,0
66137,0,0
94126,0,0
169777,0,0
-77988,0,0
-71251,0,0
38225,0,0
80652,0,0
-157986,0,0
13814,0,0
313257,0,0
123488,0,0
-300059,0,0
21929,0,0
-1296,0,0
53886,0,0
86407,0,0
-64948,0,0
26820,0,0
19721,0,0
-34464,0,0
57842,0,0
-1046,0,0
-52574,0,0
41720,0,0
90982,0,0
-20100,0,0
-32594,0,0
24570,0,0
-68220,0,0
-45212,0,0
30918,0,0
11833,0,0
353215,0,0
-45460,0,0
-145144,0,0
85097,0,0
-31485,0,0
-160014,0,0
53740,0,0
299407,0,0
-146422,0,0
-59474,0,0
134677,0,0
112007,0,0
-72285,0,0
-182821,0,0
331561,0,0
173668,0,0
-165384,0,0
96083,0,0
-123981,0,0
-370287,0,0
143088,0,0
186499,0,0
-61524,0,0
161459,0,0
32872,0,0
-126008,0,0
244086,0,0
176,0,0
-137962,0,0
-75707,0,0
-101399,0,0
-8017,0,0
197908,0,0
130828,0,0
148171,0,0
-110655,0,0
-99456,0,0
70946,0,0
159465,0,0
45640,0,0
-40323,0,0
-27306,0,0
81763,0,0
197869,0,0
-39832,0,0
-105526,0,0
107988,0,0
-62691,0,0
58942,0,0
31784,0,0
-70184,0,0
-82749,0,0
-97583,0,0
44692,0,0
158295,0,0
151066,0,0
-171789,0,0
-186457,0,0
-4666,0,0
-31515,0,0
61129,0,0
100008,0,0
-189510,0,0
-43366,0,0
9680,0,0
114065,0,0
68907,0,0
-91486,0,0
-174637,0,0
-251124,0,0
-46811,0,0
-63049,0,0
245563,0,0
210283,0,0
100969,0,0
-138542,0,0
-72180,0,0
-16946,0,0
-98587,0,0
-272467,0,0
15461,0,0
231303,0,0
265545,0,0
-49742,0,0
-109006,0,0
-17970,0,0
639,0,0
-61574,0,0
-58551,0,0
19135,0,0
-80889,0,0
120187,0,0
-16995,0,0
15794,0,0
22472,0,0
151034,0,0
-79894,0,0
-243517,0,0
55654,0,0
-46903,0,0
-74494,0,0
-66489,0,0
92216,0,0
105073,0,0
-92260,0,0
-146841,0,0
191634,0,0
-23917,0,0
76287,0,0
107187,0,0
66593,0,0
54858,0,0
-342286,0,0
-21988,0,0
241587,0,0
43326,0,0
-35027,0,0
-9959,0,0
10165,0,0
107499,0,0
111419,0,0
-155143,0,0
-129500,0,0
166857,0,0
88075,0,0
163901,0,0
-6799,0,0
-78597,0,0
-62451,0,0
84531,0,0
-164353,0,0
-134732,0,0
99427,0,0
118321,0,0
48401,0,0
-23299,0,0
-183025,0,0
-5367,0,0
45506,0,0
-82053,0,0
66779,0,0
-164037,0,0
-157693,0,0
15975,0,0
-112557,0,0
-81268,0,0
4612,0,0
-46705,0,0
-121715,0,0
-64810,0,0
-80881,0,0
-173738,0,0
197943,0,0
10322,0,0
-34541,0,0
-85405,0,0
-265003,0,0
78979,0,0
-3700,0,0
74432,0,0
18280,0,0
-74447,0,0
-9945,0,0
-29597,0,0
184070,0,0
35554,0,0
-76794,0,0
-60288,0,0
-105765,0,0
37371,0,0
111872,0,0
65271,0,0
-66072,0,0
12352,0,0
-59415,0,0
-33711,0,0
-38268,0,0
-59972,0,0
64070,0,0
290627,0,0
-22437,0,0
-206726,0,0
-69699,0,0
12266,0,0
89317,0,0
-7373,0,0
-15604,0,0
-31667,0,0
63353,0,0
-117413,0,0
197166,0,0
199311,0,0
43366,0,0
-26495,0,0
16432,0,0
209413,0,0
25798,0,0
-11494,0,0
13293,0,0
35258,0,0
141570,0,0
168545,0,0
32178,0,0
-50922,0,0
46646,0,0
103332,0,0
216246,0,0
76776,0,0
-23864,0,0
-44097,0,0
-72689,0,0
-151877,0,0
-24002,0,0
188829,0,0
306448,0,0
127739,0,0
-155722,0,0
53823,0,0
-72714,0,0
-129264,0,0
-77408,0,0
82391,0,0
-7930,0,0
-78058,0,0
252359,0,0
169830,0,0
350209,0,0
-26074,0,0
-287956,0,0
-6327,0,0
-76408,0,0
188211,0,0
34491,0,0
69260,0,0
227216,0,0
100943,0,0
-113611,0,0
91994,0,0
136412,0,0
-107911,0,0
-50282,0,0
46537,0,0
91462,0,0
170579,0,0
119125,0,0
-85194,0,0
23450,0,0
64758,0,0
-24345,0,0
151728,0,0
82250,0,0
47753,0,0
-186963,0,0
-112856,0,0
108978,0,0
295335,0,0
302183,0,0
3894,0,0
-146476,0,0
95564,0,0
10431,0,0
-177344,0,0
131950,0,0
38494,0,0
263437,0,0
87902,0,0
-40297,0,0
98140,0,0
-197092,0,0
-199594,0,0
-56379,0,0
213000,0,0
110429,0,0
73070,0,0
-2895,0,0
-142401,0,0
-98923,0,0
-50056,0,0
-68939,0,0
-112669,0,0
68884,0,0
53896,0,0
35839,0,0
1196,0,0
-159755,0,0
-116762,0,0
11893,0,0
265096,0,0
-139281,0,0
-63153,0,0
83736,0,0
-45532,0,0
-234552,0,0
-39287,0,0
271612,0,0
145506,0,0
-134719,0,0
-37032,0,0
115398,0,0
-28811,0,0
-137824,0,0
-172942,0,0
6813,0,0
127433,0,0
56618,0,0
-41062,0,0
-210832,0,0
-5435,0,0
251017,0,0
-95019,0,0
-216685,0,0
310776,0,0
115939,0,0
-201545,0,0
-235763,0,0
36496,0,0
-33124,0,0
78568,0,0
73284,0,0
35947,0,0
-127133,0,0
-197057,0,0
-95140,0,0
54686,0,0
92087,0,0
14877,0,0
117008,0,0
-151169,0,0
-94707,0,0
-125483,0,0
-57659,0,0
-102103,0,0
-129940,0,0
270480,0,0
-134813,0,0
-185270,0,0
-17575,0,0
73,0,0
-25568,0,0
-16947,0,0
-50301,0,0
-33771,0,0
-15956,0,0
-104665,0,0
82781,0,0
-48580,0,0
-239428,0,0
42601,0,0
-166790,0,0
-84478,0,0
-17045,0,0
97464,0,0
69515,0,0
-83396,0,0
1501,0,0
-109979,0,0
-93156,0,0
33549,0,0
-30175,0,0
-123661,0,0
2790,0,0
-129217,0,0
204750,0,0
29020,0,0
-176369,0,0
-198310,0,0
164902,0,0
142078,0,0
-89607,0,0
-155076,0,0
-254638,0,0
31487,0,0
42676,0,0
38491,0,0
-154957,0,0
22585,0,0
-99706,0,0
-190966,0,0
-4477,0,0
-71765,0,0
65821,0,0
-79077,0,0
-118918,0,0
20177,0,0
-86792,0,0
-60887,0,0
158625,0,0
-60156,0,0
-244442,0,0
-56778,0,0
-72186,0,0
-19823,0,0
-66146,0,0
-194639,0,0
174085,0,0
-132844,0,0
-110207,0,0
63103,0,0
-40594,0,0
206223,0,0
-109649,0,0
-254674,0,0
-184063,0,0
-11691,0,0
-120441,0,0
-188736,0,0
77650,0,0
297014,0,0
-47630,0,0
-256543,0,0
-330406,0,0
97197,0,0
184678,0,0
216680,0,0
119518,0,0
-262430,0,0
-181443,0,0
-155340,0,0
-137801,0,0
-49279,0,0
26293,0,0
148564,0,0
-37190,0,0
11921,0,0
90445,0,0
-23054,0,0
-10685,0,0
-74174,0,0
-214744,0,0
-152088,0,0
-44292,0,0
200719,0,0
62343,0,0
-73368,0,0
-102700,0,0
25772,0,0
71401,0,0
-169924,0,0
-353016,0,0
-285542,0,0
-126647,0,0
265873,0,0
520359,0,0
46899,0,0
-274402,0,0
-223620,0,0
-25461,0,0
37042,0,0
-80215,0,0
-113846,0,0
54148,0,0
-41758,0,0
27630,0,0
-11427,0,0
-37432,0,0
-17963,0,0
-38410,0,0
119383,0,0
63382,0,0
-120823,0,0
-165784,0,0
23684,0,0
-155549,0,0
-103197,0,0
-113503,0,0
-180388,0,0
32464,0,0
-189020,0,0
-162191,0,0
-40849,0,0
-59768,0,0
207649,0,0
-103280,0,0
-302596,0,0
-263733,0,0
-85114,0,0
-131873,0,0
137757,0,0
-55280,0,0
-183133,0,0
-251877,0,0
-102478,0,0
193634,0,0
151751,0,0
-42458,0,0
-298024,0,0
-216980,0,0
-123365,0,0
20152,0,0
192989,0,0
23900,0,0
-60272,0,0
-147660,0,0
133739,0,0
-14820,0,0
-36296,0,0
-229715,0,0
-207932,0,0
61553,0,0
209041,0,0
142098,0,0
-172295,0,0
-31298,0,0
23886,0,0
-10050,0,0
-70134,0,0
88869,0,0
6315,0,0
75198,0,0
299012,0,0
14412,0,0
-79071,0,0
-49141,0,0
-73011,0,0
88806,0,0
168361,0,0
108963,0,0
188479,0,0
156786,0,0
4377,0,0
-32317,0,0
47686,0,0
56638,0,0
-19557,0,0
12090,0,0
33717,0,0
-60203,0,0
-6326,0,0
-151376,0,0
98301,0,0
80946,0,0
-94648,0,0
-82285,0,0
17217,0,0
179106,0,0
19469,0,0
-219427,0,0
-83335,0,0
54757,0,0
-23251,0,0
-186537,0,0
74303,0,0
164965,0,0
157608,0,0
70442,0,0
30495,0,0
225457,0,0
94537,0,0
-7016,0,0
41582,0,0
-17440,0,0
134902,0,0
192384,0,0
51458,0,0
154082,0,0
40570,0,0
-192081,0,0
-5323,0,0
217249,0,0
-33056,0,0
118359,0,0
-92471,0,0
188081,0,0
107206,0,0
208893,0,0
-76903,0,0
-6206,0,0
-20294,0,0
25229,0,0
-7328,0,0
-16020,0,0
-13613,0,0
68197,0,0
71914,0,0
43081,0,0
159120,0,0
271934,0,0
178566,0,0
-54255,0,0
-61059,0,0
-148294,0,0
-120202,0,0
105221,0,0
154766,0,0
-21718,0,0
63637,0,0
63839,0,0
32473,0,0
78186,0,0
12470,0,0
-5361,0,0
-76772,0,0
-132136,0,0
-43169,0,0
-76488,0,0
-17403,0,0
131136,0,0
237571,0,0
96067,0,0
-42983,0,0
-145840,0,0
130698,0,0
55357,0,0
-66542,0,0
-135908,0,0
-61023,0,0
25650,0,0
-9531,0,0
99443,0,0
172697,0,0
236366,0,0
201818,0,0
-19693,0,0
-190564,0,0
-134229,0,0
17438,0,0
-64087,0,0
165672,0,0
252140,0,0
172274,0,0
-75047,0,0
-75318,0,0
121280,0,0
170247,0,0
-28951,0,0
-53361,0,0
5601,0,0
126263,0,0
88433,0,0
80233,0,0
-35418,0,0
-3121,0,0
-46717,0,0
-125079,0,0
184907,0,0
261117,0,0
110161,0,0
-25816,0,0
-100358,0,0
-134001,0,0
23598,0,0
114102,0,0
183083,0,0
-50237,0,0
-151400,0,0
73515,0,0
133252,0,0
94821,0,0
-128336,0,0
103876,0,0
115209,0,0
90312,0,0
-84138,0,0
-155634,0,0
-32356,0,0
109354,0,0
121956,0,0
125452,0,0
-59485,0,0
221819,0,0
174930,0,0
-200797,0,0
-325667,0,0
2970,0,0
99445,0,0
6647,0,0
80362,0,0
194188,0,0
299913,0,0
7793,0,0
-163194,0,0
-219203,0,0
116327,0,0
29983,0,0
-75600,0,0
57601,0,0
15592,0,0
24334,0,0
152038,0,0
-69362,0,0
-204870,0,0
-65189,0,0
147570,0,0
78441,0,0
6665,0,0
-21157,0,0
-126214,0,0
-123211,0,0
-56766,0,0
-79685,0,0
20096,0,0
9741,0,0
-222899,0,0
-57599,0,0
199681,0,0
-26550,0,0
-170323,0,0
-81055,0,0
40283,0,0
-100028,0,0
-28956,0,0
-33585,0,0
-32960,0,0
-124735,0,0
-65085,0,0
54272,0,0
176533,0,0
5537,0,0
-108283,0,0
-103153,0,0
-70399,0,0
18657,0,0
-89178,0,0
114031,0,0
95609,0,0
-63637,0,0
-69930,0,0
-17353,0,0
-37451,0,0
31247,0,0
-72464,0,0
-137053,0,0
-33451,0,0
-16458,0,0
13764,0,0
-77751,0,0
-33214,0,0
236245,0,0
-121975,0,0
-122373,0,0
8081,0,0
92244,0,0
-31039,0,0
-133246,0,0
-124224,0,0
6358,0,0
-113573,0,0
-9522,0,0
152010,0,0
51356,0,0
-5295,0,0
96478,0,0
21165,0,0
-217468,0,0
-325681,0,0
-265664,0,0
82565,0,0
537688,0,0
-97407,0,0
-168410,0,0
63033,0,0
133578,0,0
20649,0,0
-155563,0,0
-68511,0,0
-58407,0,0
97474,0,0
120840,0,0
-43002,0,0
-25988,0,0
117943,0,0
98077,0,0
-135310,0,0
-14906,0,0
161420,0,0
91336,0,0
-31620,0,0
-69642,0,0
-35485,0,0
124786,0,0
141272,0,0
14845,0,0
-26973,0,0
-11012,0,0
-194851,0,0
-144875,0,0
-166658,0,0
129030,0,0
154248,0,0
58681,0,0
-128165,0,0
-3982,0,0
75813,0,0
1343,0,0
-262085,0,0
-237089,0,0
-49257,0,0
-96225,0,0
70518,0,0
45450,0,0
137863,0,0
-106552,0,0
-172796,0,0
-5174,0,0
-27307,0,0
40780,0,0
22311,0,0
-142063,0,0
12803,0,0
