271566,0,0
5775,0,0
-222545,0,0
-80304,0,0
10064,0,0
-24463,0,0
73,0,0
-22948,0,0
-84068,0,0
32430,0,0
243705,0,0
-147399,0,0
-318463,0,0
-164088,0,0
41565,0,0
185710,0,0
185902,0,0
-188666,0,0
-183304,0,0
-168799,0,0
-181440,0,0
-16498,0,0
91423,0,0
221582,0,0
9994,0,0
-141145,0,0
37053,0,0
-198649,0,0
-4953,0,0
78423,0,0
76869,0,0
-50718,0,0
37535,0,0
-37247,0,0
-15750,0,0
21157,0,0
-21809,0,0
105995,0,0
43578,0,0
-35616,0,0
-1881,0,0
8861,0,0
-91948,0,0
79104,0,0
-32027,0,0
-77970,0,0
-150499,0,0
1419,0,0
167717,0,0
-61408,0,0
-190080,0,0
13277,0,0
117853,0,0
2759,0,0
-22232,0,0
-147903,0,0
9250,0,0
-273318,0,0
103117,0,0
50495,0,0
-103617,0,0
81775,0,0
273422,0,0
-219638,0,0
-258221,0,0
-30959,0,0
166880,0,0
278266,0,0
-123434,0,0
-221049,0,0
-13182,0,0
28017,0,0
77482,0,0
184985,0,0
83577,0,0
-136065,0,0
-214105,0,0
-8909,0,0
199190,0,0
107647,0,0
-49773,0,0
-15686,0,0
-14944,0,0
-85959,0,0
26596,0,0
56236,0,0
245411,0,0
-11514,0,0
-145420,0,0
-12549,0,0
6846,0,0
130156,0,0
21796,0,0
64834,0,0
-45207,0,0
-91008,0,0
-62269,0,0
2075,0,0
2748,0,0
83306,0,0
174562,0,0
30364,0,0
-7205,0,0
23299,0,0
50771,0,0
-66301,0,0
27408,0,0
-39695,0,0
12813,0,0
72061,0,0
-249,0,0
-43814,0,0
23114,0,0
263905,0,0
120718,0,0
-75264,0,0
95734,0,0
87635,0,0
50948,0,0
-202349,0,0
-79050,0,0
154003,0,0
149601,0,0
49190,0,0
47413,0,0
-57114,0,0
-29426,0,0
-114467,0,0
56204,0,0
123500,0,0
8019,0,0
-56439,0,0
-80357,0,0
-132364,0,0
153781,0,0
233555,0,0
4721,0,0
-32522,0,0
-163958,0,0
71015,0,0
69658,0,0
-123794,0,0
-168159,0,0
169382,0,0
156359,0,0
-30105,0,0
105563,0,0
-75255,0,0
27808,0,0
-98495,0,0
-23051,0,0
-67665,0,0
193322,0,0
347943,0,0
-89315,0,0
-338824,0,0
-316083,0,0
-60869,0,0
195353,0,0
302568,0,0
88034,0,0
-184941,0,0
-48472,0,0
133219,0,0
-25461,0,0
-240051,0,0
52922,0,0
173509,0,0
28237,0,0
-97161,0,0
-83129,0,0
41307,0,0
35470,0,0
-21056,0,0
63454,0,0
62014,0,0
116332,0,0
40990,0,0
-281842,0,0
-97562,0,0
70161,0,0
113999,0,0
-41664,0,0
-116742,0,0
119207,0,0
119485,0,0
-165202,0,0
-100967,0,0
20384,0,0
103188,0,0
55180,0,0
-90049,0,0
-19203,0,0
-8066,0,0
63930,0,0
19156,0,0
-100131,0,0
-131252,0,0
-44902,0,0
120836,0,0
66416,0,0
-99281,0,0
-169376,0,0
-100970,0,0
76993,0,0
161652,0,0
5221,0,0
-167083,0,0
-245964,0,0
-73203,0,0
-132675,0,0
5641,0,0
266010,0,0
139341,0,0
-152966,0,0
-184733,0,0
-98300,0,0
-11373,0,0
50818,0,0
-148146,0,0
-191660,0,0
27151,0,0
7313,0,0
260047,0,0
94231,0,0
-228842,0,0
-133199,0,0
20623,0,0
93386,0,0
26920,0,0
-185194,0,0
-165474,0,0
-93818,0,0
101913,0,0
60950,0,0
-21827,0,0
64022,0,0
103799,0,0
-69341,0,0
-155169,0,0
-22790,0,0
-7818,0,0
-69022,0,0
152028,0,0
-19371,0,0
-110661,0,0
30182,0,0
39946,0,0
35191,0,0
24932,0,0
-30778,0,0
-43652,0,0
-50065,0,0
-70299,0,0
-65863,0,0
64365,0,0
59427,0,0
26771,0,0
-89445,0,0
-228457,0,0
-64743,0,0
48652,0,0
-64495,0,0
18050,0,0
121541,0,0
-14417,0,0
-119958,0,0
-56425,0,0
-72133,0,0
-118064,0,0
161305,0,0
146523,0,0
-108743,0,0
-90465,0,0
-70003,0,0
171469,0,0
-132718,0,0
113236,0,0
212683,0,0
142309,0,0
-59797,0,0
84700,0,0
45035,0,0
-125860,0,0
-170319,0,0
-124446,0,0
31238,0,0
70129,0,0
128651,0,0
-31285,0,0
172102,0,0
136751,0,0
-192236,0,0
50589,0,0
17463,0,0
-102148,0,0
-89684,0,0
-34540,0,0
113873,0,0
96654,0,0
90948,0,0
-56868,0,0
-10146,0,0
131611,0,0
108617,0,0
206255,0,0
60329,0,0
-151999,0,0
-142855,0,0
191534,0,0
124079,0,0
48857,0,0
-3214,0,0
-42795,0,0
50410,0,0
111264,0,0
-119318,0,0
-9534,0,0
14062,0,0
160467,0,0
45464,0,0
-233980,0,0
-191712,0,0
45209,0,0
-41834,0,0
81717,0,0
115073,0,0
-50486,0,0
-196567,0,0
-236980,0,0
-47315,0,0
22055,0,0
225886,0,0
80339,0,0
26157,0,0
-141083,0,0
-157740,0,0
-40422,0,0
5054,0,0
-120301,0,0
-18600,0,0
150053,0,0
-30584,0,0
104182,0,0
54698,0,0
-30304,0,0
-22784,0,0
-72181,0,0
-107848,0,0
-49672,0,0
261619,0,0
-1688,0,0
-166734,0,0
-36634,0,0
111608,0,0
129265,0,0
-54293,0,0
-100406,0,0
-91207,0,0
47915,0,0
50074,0,0
138570,0,0
137797,0,0
25305,0,0
-60052,0,0
-146234,0,0
33970,0,0
40489,0,0
108137,0,0
62646,0,0
46854,0,0
71295,0,0
29671,0,0
-55004,0,0
-91421,0,0
-40165,0,0
16037,0,0
114157,0,0
186685,0,0
2234,0,0
63354,0,0
-122801,0,0
-97886,0,0
76717,0,0
44702,0,0
65326,0,0
-73477,0,0
94149,0,0
110815,0,0
-160139,0,0
-123735,0,0
79193,0,0
-59803,0,0
33946,0,0
133949,0,0
-91061,0,0
-199837,0,0
-138250,0,0
1553,0,0
-9812,0,0
97962,0,0
182371,0,0
-40804,0,0
-196198,0,0
-191833,0,0
-166868,0,0
85514,0,0
216780,0,0
84977,0,0
-69316,0,0
-209292,0,0
-21550,0,0
58477,0,0
68032,0,0
101931,0,0
-109016,0,0
36914,0,0
162104,0,0
-67981,0,0
-181359,0,0
-77063,0,0
117069,0,0
229804,0,0
-120927,0,0
-110001,0,0
4415,0,0
32119,0,0
-104308,0,0
-62532,0,0
145795,0,0
120883,0,0
74946,0,0
-255332,0,0
-107582,0,0
11267,0,0
60258,0,0
108886,0,0
58533,0,0
60209,0,0
-158606,0,0
-96733,0,0
9903,0,0
49898,0,0
186878,0,0
-38480,0,0
-119219,0,0
-68718,0,0
66236,0,0
163396,0,0
194756,0,0
-17111,0,0
-106335,0,0
-34297,0,0
39094,0,0
200558,0,0
110376,0,0
9077,0,0
63190,0,0
-31126,0,0
33081,0,0
61328,0,0
133471,0,0
212704,0,0
226039,0,0
57088,0,0
-136677,0,0
10063,0,0
-34721,0,0
212006,0,0
260233,0,0
-48304,0,0
73979,0,0
82236,0,0
-20492,0,0
-73017,0,0
114575,0,0
125361,0,0
41658,0,0
-96869,0,0
24209,0,0
-103755,0,0
69217,0,0
159856,0,0
-148461,0,0
-53465,0,0
26602,0,0
17376,0,0
91890,0,0
-51070,0,0
-235428,0,0
52872,0,0
20346,0,0
109706,0,0
-176290,0,0
-99774,0,0
57868,0,0
-57486,0,0
212770,0,0
6156,0,0
-39866,0,0
54292,0,0
-89766,0,0
-64703,0,0
45373,0,0
121579,0,0
-31012,0,0
-200627,0,0
-129871,0,0
47250,0,0
52291,0,0
-6736,0,0
110188,0,0
84374,0,0
-820,0,0
-49048,0,0
-78532,0,0
-309457,0,0
-27332,0,0
-14439,0,0
-1106,0,0
164299,0,0
-104870,0,0
-293533,0,0
-98564,0,0
72022,0,0
-68645,0,0
-125750,0,0
137515,0,0
-40809,0,0
-9825,0,0
-31393,0,0
-265948,0,0
-60650,0,0
67969,0,0
-155841,0,0
2085,0,0
97399,0,0
139919,0,0
-139573,0,0
-78908,0,0
87951,0,0
61848,0,0
-120611,0,0
11751,0,0
191130,0,0
128890,0,0
50047,0,0
5154,0,0
-67617,0,0
-37684,0,0
-24770,0,0
3927,0,0
-1406,0,0
5834,0,0
-66091,0,0
57762,0,0
270479,0,0
-74066,0,0
-135804,0,0
-175339,0,0
25712,0,0
206135,0,0
-34487,0,0
-102891,0,0
-33186,0,0
-14678,0,0
-98649,0,0
110455,0,0
53977,0,0
419073,0,0
60417,0,0
-93175,0,0
-140729,0,0
-22663,0,0
90542,0,0
229305,0,0
27104,0,0
-59601,0,0
135408,0,0
143167,0,0
-12546,0,0
97895,0,0
19591,0,0
124349,0,0
78578,0,0
10721,0,0
-18200,0,0
-181500,0,0
-259105,0,0
-147610,0,0
44801,0,0
175279,0,0
413701,0,0
94039,0,0
-167113,0,0
-324729,0,0
-264810,0,0
-109670,0,0
175480,0,0
22457,0,0
-172457,0,0
52269,0,0
137221,0,0
41343,0,0
-70106,0,0
-199280,0,0
-165913,0,0
-35179,0,0
122216,0,0
93082,0,0
6328,0,0
101324,0,0
-141098,0,0
54289,0,0
118594,0,0
-57839,0,0
-182484,0,0
-58723,0,0
39798,0,0
113513,0,0
-72176,0,0
-175145,0,0
117407,0,0
248007,0,0
214109,0,0
-142335,0,0
-154596,0,0
-33625,0,0
-74991,0,0
-91843,0,0
-68481,0,0
106138,0,0
230199,0,0
172844,0,0
30612,0,0
-19464,0,0
-218451,0,0
-160905,0,0
111150,0,0
125212,0,0
29696,0,0
81510,0,0
-114694,0,0
-149659,0,0
60977,0,0
137936,0,0
-106540,0,0
-147131,0,0
-186641,0,0
-124820,0,0
125618,0,0
105229,0,0
146962,0,0
-258998,0,0
-223297,0,0
131833,0,0
-157903,0,0
-105741,0,0
-5819,0,0
96843,0,0
3253,0,0
57702,0,0
-195674,0,0
-109334,0,0
38679,0,0
232913,0,0
199694,0,0
-202261,0,0
-38078,0,0
-45441,0,0
-51379,0,0
76961,0,0
272399,0,0
300968,0,0
-38608,0,0
-91732,0,0
-50084,0,0
55448,0,0
5297,0,0
-7396,0,0
197910,0,0
235181,0,0
124820,0,0
8894,0,0
36898,0,0
55825,0,0
71729,0,0
-69224,0,0
7136,0,0
74177,0,0
16336,0,0
633,0,0
-62298,0,0
-32917,0,0
10310,0,0
-21787,0,0
154350,0,0
20981,0,0
-269731,0,0
-105351,0,0
-30302,0,0
-4381,0,0
-59437,0,0
105712,0,0
68892,0,0
-158646,0,0
-144374,0,0
130904,0,0
40300,0,0
-71491,0,0
-91917,0,0
-71639,0,0
104439,0,0
209672,0,0
-57903,0,0
-59325,0,0
6110,0,0
-31081,0,0
42264,0,0
34555,0,0
-138321,0,0
-177305,0,0
-93700,0,0
203414,0,0
70425,0,0
-233174,0,0
61980,0,0
-2238,0,0
-99973,0,0
-122794,0,0
-254661,0,0
181236,0,0
21669,0,0
-169421,0,0
26433,0,0
-60551,0,0
-138105,0,0
-187390,0,0
17243,0,0
197184,0,0
26608,0,0
12410,0,0
-121478,0,0
-157429,0,0
-32916,0,0
27930,0,0
-153517,0,0
-110792,0,0
11308,0,0
268791,0,0
110189,0,0
-216558,0,0
-50119,0,0
-65510,0,0
73117,0,0
184989,0,0
-132442,0,0
-302073,0,0
70157,0,0
319736,0,0
16805,0,0
146356,0,0
-64753,0,0
-94849,0,0
329689,0,0
156667,0,0
-30038,0,0
-158552,0,0
-120663,0,0
239597,0,0
151143,0,0
-19041,0,0
-36894,0,0
164130,0,0
30207,0,0
-44528,0,0
62975,0,0
-99512,0,0
-107965,0,0
41493,0,0
13857,0,0
105461,0,0
-112267,0,0
16816,0,0
165346,0,0
-43962,0,0
-116425,0,0
1981,0,0
-144815,0,0
55482,0,0
125470,0,0
176154,0,0
14035,0,0
-37176,0,0
-90625,0,0
18717,0,0
11295,0,0
49737,0,0
70659,0,0
-123175,0,0
-157338,0,0
46589,0,0
238319,0,0
-36572,0,0
-270696,0,0
-54694,0,0
108709,0,0
282496,0,0
-252740,0,0
-243497,0,0
-103058,0,0
70808,0,0
47627,0,0
68386,0,0
-121731,0,0
91698,0,0
5136,0,0
-210815,0,0
-38391,0,0
-65635,0,0
9493,0,0
82886,0,0
-25504,0,0
153873,0,0
-32802,0,0
-146481,0,0
-17123,0,0
-182271,0,0
-181274,0,0
-53333,0,0
-183139,0,0
237166,0,0
280876,0,0
-18464,0,0
-211459,0,0
-586,0,0
-15611,0,0
-21989,0,0
-143263,0,0
-148761,0,0
30696,0,0
98324,0,0
110135,0,0
50766,0,0
36014,0,0
155442,0,0
-67039,0,0
-205992,0,0
84147,0,0
19200,0,0
157723,0,0
172635,0,0
60979,0,0
51566,0,0
-134247,0,0
-26601,0,0
60638,0,0
215167,0,0
-19332,0,0
-36446,0,0
115939,0,0
11907,0,0
-3135,0,0
47767,0,0
-26126,0,0
127824,0,0
128696,0,0
-53362,0,0
47325,0,0
9022,0,0
-76213,0,0
-142649,0,0
121173,0,0
106862,0,0
176331,0,0
28872,0,0
-104734,0,0
-73258,0,0
134011,0,0
-9986,0,0
-48687,0,0
-69072,0,0
-52917,0,0
57217,0,0
142871,0,0
133540,0,0
22461,0,0
-71643,0,0
-99219,0,0
-53844,0,0
40855,0,0
11658,0,0
-11543,0,0
10767,0,0
-51841,0,0
58309,0,0
-80863,0,0
-208073,0,0
95388,0,0
-92992,0,0
-151180,0,0
77067,0,0
123654,0,0
-132949,0,0
-159499,0,0
-26506,0,0
15897,0,0
-141635,0,0
125912,0,0
-74540,0,0
-110473,0,0
-57830,0,0
-109305,0,0
77166,0,0
11910,0,0
-65560,0,0
-5053,0,0
-23479,0,0
11686,0,0
-115191,0,0
-25354,0,0
128993,0,0
172194,0,0
-155912,0,0
5103,0,0
-34368,0,0
-93597,0,0
-95163,0,0
133237,0,0
-16819,0,0
158479,0,0
85596,0,0
-89530,0,0
-60050,0,0
-100132,0,0
-103334,0,0
21346,0,0
226623,0,0
134920,0,0
-75060,0,0
-209209,0,0
-61632,0,0
52025,0,0
87126,0,0
92090,0,0
-50485,0,0
-37919,0,0
-128840,0,0
-14607,0,0
-36130,0,0
46331,0,0
146437,0,0
-2136,0,0
12208,0,0
-74809,0,0
-150696,0,0
-83518,0,0
6267,0,0
62884,0,0
87429,0,0
197235,0,0
47448,0,0
-107386,0,0
-99513,0,0
84108,0,0
-1237,0,0
-79917,0,0
-85529,0,0
-20398,0,0
23575,0,0
216816,0,0
162790,0,0
-8656,0,0
-12616,0,0
-71186,0,0
-9237,0,0
21760,0,0
83881,0,0
-64534,0,0
98007,0,0
34074,0,0
161769,0,0
7014,0,0
62431,0,0
-142413,0,0
-150447,0,0
-63342,0,0
72660,0,0
47709,0,0
72549,0,0
115361,0,0
-24571,0,0
-89254,0,0
-97336,0,0
-16769,0,0
67732,0,0
-209584,0,0
-34611,0,0
8012,0,0
28080,0,0
-48060,0,0
-295881,0,0
42782,0,0
-7155,0,0
-86943,0,0
-175035,0,0
-102152,0,0
16110,0,0
60604,0,0
111270,0,0
-120114,0,0
-884,0,0
-46219,0,0
-113038,0,0
-191622,0,0
-49454,0,0
79405,0,0
98714,0,0
-41299,0,0
-15031,0,0
58373,0,0
11559,0,0
-48066,0,0
126807,0,0
-32771,0,0
-10757,0,0
60512,0,0
8555,0,0
-621,0,0
5151,0,0
-84579,0,0
-57519,0,0
22688,0,0
203310,0,0
27935,0,0
-39346,0,0
125014,0,0
48026,0,0
-54707,0,0
12261,0,0
49979,0,0
95041,0,0
-132133,0,0
-121321,0,0
93879,0,0
112342,0,0
424210,0,0
117715,0,0
-402690,0,0
-97327,0,0
37122,0,0
247044,0,0
22122,0,0
-129321,0,0
-37760,0,0
56817,0,0
-84777,0,0
112906,0,0
-64538,0,0
67396,0,0
41115,0,0
10563,0,0
-33053,0,0
-55935,0,0
86522,0,0
25514,0,0
66412,0,0
57769,0,0
-15578,0,0
-65706,0,0
78192,0,0
43177,0,0
-24583,0,0
339,0,0
-11871,0,0
158942,0,0
34827,0,0
-112038,0,0
-46819,0,0
133736,0,0
-37085,0,0
-254942,0,0
-86960,0,0
88191,0,0
220960,0,0
41053,0,0
-177810,0,0
-109321,0,0
551,0,0
-88834,0,0
-30141,0,0
-29392,0,0
-120965,0,0
75520,0,0
84463,0,0
83484,0,0
-14766,0,0
-122584,0,0
-2863,0,0
181292,0,0
-47195,0,0
-160515,0,0
-153806,0,0
-17617,0,0
-6298,0,0
113624,0,0
161627,0,0
-186893,0,0
-255162,0,0
-165552,0,0
26206,0,0
33200,0,0
24875,0,0
143114,0,0
-274814,0,0
-16996,0,0
7274,0,0
-56890,0,0
31242,0,0
-103326,0,0
-161504,0,0
24106,0,0
53595,0,0
-70586,0,0
124915,0,0
198593,0,0
-56962,0,0
-155563,0,0
-88905,0,0
83109,0,0
-66203,0,0
80089,0,0
17719,0,0
-9507,0,0
206564,0,0
-119902,0,0
-69067,0,0
10051,0,0
76678,0,0
-22819,0,0
76388,0,0
-71516,0,0
-111447,0,0
50077,0,0
384040,0,0
180140,0,0
-74587,0,0
-99676,0,0
-28803,0,0
35699,0,0
225589,0,0
134119,0,0
19088,0,0
-48654,0,0
203988,0,0
156181,0,0
41616,0,0
-78713,0,0
-35888,0,0
33718,0,0
155191,0,0
38332,0,0
-152395,0,0
60558,0,0
238409,0,0
11202,0,0
-109080,0,0
-117046,0,0
218278,0,0
113429,0,0
-51798,0,0
22227,0,0
-23273,0,0
-9802,0,0
-4602,0,0
52910,0,0
20803,0,0
-5932,0,0
40503,0,0
69850,0,0
100368,0,0
-41173,0,0
-77247,0,0
-55534,0,0
44934,0,0
27883,0,0
168726,0,0
41348,0,0
-82833,0,0
-14447,0,0
-66817,0,0
-99478,0,0
8948,0,0
-45799,0,0
-19330,0,0
-37374,0,0
125522,0,0
106348,0,0
-162002,0,0
-113560,0,0
-128221,0,0
50043,0,0
-85785,0,0
17182,0,0
51357,0,0
74020,0,0
-92409,0,0
95614,0,0
-148543,0,0
-276733,0,0
-114226,0,0
86005,0,0
181323,0,0
-27508,0,0
-15359,0,0
-56146,0,0
-83176,0,0
-54228,0,0
16794,0,0
-15808,0,0
181947,0,0
-73002,0,0
-188364,0,0
-16980,0,0
10986,0,0
15150,0,0
9944,0,0
37810,0,0
116409,0,0
-61164,0,0
-40121,0,0
7166,0,0
-175596,0,0
-39953,0,0
129503,0,0
159126,0,0
-13313,0,0
146893,0,0
-160043,0,0
-113031,0,0
33933,0,0
39728,0,0
44540,0,0
134880,0,0
77292,0,0
-44064,0,0
52503,0,0
79792,0,0
-25959,0,0
-82006,0,0
-38934,0,0
120553,0,0
193658,0,0
93355,0,0
-99468,0,0
-37325,0,0
-43450,0,0
99964,0,0
2409,0,0
-195377,0,0
-99981,0,0
66970,0,0
177207,0,0
7867,0,0
-35725,0,0
135438,0,0
-157354,0,0
-152199,0,0
-72659,0,0
-43079,0,0
135515,0,0
-8620,0,0
144189,0,0
-85585,0,0
-174397,0,0
-130012,0,0
119006,0,0
-26138,0,0
93344,0,0
-100505,0,0
44711,0,0
-102834,0,0
-8883,0,0
-22425,0,0
7294,0,0
-22279,0,0
-92652,0,0
129238,0,0
-61188,0,0
-168581,0,0
-156307,0,0
43,0,0
276974,0,0
17182,0,0
-273650,0,0
-26972,0,0
21929,0,0
-94101,0,0
-5602,0,0
8896,0,0
-35039,0,0
-225798,0,0
-134397,0,0
22511,0,0
24793,0,0
-53928,0,0
-72706,0,0
-53369,0,0
-139002,0,0
122568,0,0
99765,0,0
-135283,0,0
-209297,0,0
-114599,0,0
-3400,0,0
-129176,0,0
3633,0,0
163807,0,0
-86462,0,0
-4406,0,0
188065,0,0
-140648,0,0
-67019,0,0
-48203,0,0
-24591,0,0
27598,0,0
28427,0,0
172487,0,0
-71235,0,0
-138099,0,0
-135465,0,0
155259,0,0
289167,0,0
-7548,0,0
79935,0,0
59392,0,0
-71538,0,0
-243624,0,0
-13121,0,0
372297,0,0
206067,0,0
-126940,0,0
-179820,0,0
85746,0,0
155726,0,0
169821,0,0
-25108,0,0
-83371,0,0
165267,0,0
-16016,0,0
-10670,0,0
147862,0,0
35753,0,0
-70878,0,0
-45379,0,0
64843,0,0
-18324,0,0
182819,0,0
67955,0,0
-57730,0,0
-40262,0,0
23664,0,0
21382,0,0
77249,0,0
6431,0,0
-121472,0,0
-18376,0,0
215640,0,0
-84798,0,0
-198180,0,0
-102372,0,0
24858,0,0
205191,0,0
269621,0,0
-181968,0,0
-212412,0,0
-113939,0,0
-95468,0,0
9338,0,0
59732,0,0
-18139,0,0
106325,0,0
106455,0,0
-288933,0,0
-150994,0,0
-118639,0,0
119968,0,0
75485,0,0
4399,0,0
-171649,0,0
-126359,0,0
172318,0,0
57891,0,0
-40947,0,0
-226895,0,0
-227943,0,0
33166,0,0
98333,0,0
40491,0,0
-29811,0,0
-136922,0,0
59110,0,0
-185844,0,0
-164264,0,0
253694,0,0
120990,0,0
-194661,0,0
-165428,0,0
-138536,0,0
-111528,0,0
-70251,0,0
-75474,0,0
76315,0,0
197991,0,0
-140723,0,0
-97823,0,0
221468,0,0
-927,0,0
19862,0,0
-106781,0,0
-52319,0,0
65049,0,0
-1221,0,0
224213,0,0
174250,0,0
79451,0,0
-55401,0,0
77040,0,0
31737,0,0
261286,0,0
155922,0,0
100059,0,0
153089,0,0
28025,0,0
-74851,0,0
138647,0,0
159717,0,0
96177,0,0
200030,0,0
-9964,0,0
-104085,0,0
-70839,0,0
-27519,0,0
-9901,0,0
33399,0,0
-35017,0,0
150031,0,0
59617,0,0
-50622,0,0
13018,0,0
-168346,0,0
-72524,0,0
-24264,0,0
17591,0,0
128654,0,0
-43744,0,0
44818,0,0
-30347,0,0
-147587,0,0
-63898,0,0
195478,0,0
170830,0,0
-15078,0,0
-117276,0,0
121793,0,0
102156,0,0
-78226,0,0
-69059,0,0
-49157,0,0
-31446,0,0
-62625,0,0
-283174,0,0
-47660,0,0
257452,0,0
-46387,0,0
-148825,0,0
-47678,0,0
83354,0,0
-110603,0,0
-34154,0,0
-106171,0,0
121745,0,0
-115204,0,0
-26165,0,0
250076,0,0
39481,0,0
-69457,0,0
60377,0,0
-25920,0,0
35650,0,0
389965,0,0
3075,0,0
-77072,0,0
117298,0,0
81023,0,0
111488,0,0
30084,0,0
-592,0,0
-58261,0,0
-153519,0,0
-48247,0,0
41094,0,0
27342,0,0
52732,0,0
-10714,0,0
-47611,0,0
-130840,0,0
-38848,0,0
79601,0,0
-92785,0,0
-51279,0,0
-96739,0,0
-120702,0,0
-71860,0,0
-11502,0,0
7102,0,0
-162466,0,0
-52534,0,0
99320,0,0
50588,0,0
-67269,0,0
-124002,0,0
83666,0,0
-76571,0,0
-183151,0,0
47634,0,0
-33902,0,0
-42324,0,0
-179767,0,0
91413,0,0
-79658,0,0
-80153,0,0
-24054,0,0
133539,0,0
31536,0,0
-32304,0,0
-88353,0,0
-155207,0,0
-147746,0,0
-125160,0,0
-33037,0,0
54622,0,0
-78369,0,0
-78716,0,0
144806,0,0
33791,0,0
-21250,0,0
-98506,0,0
-177444,0,0
-67998,0,0
-26105,0,0
267363,0,0
68956,0,0
-72796,0,0
-17948,0,0
-91374,0,0
23059,0,0
118029,0,0
1338,0,0
32328,0,0
-87918,0,0
55181,0,0
490766,0,0
-35214,0,0
-59977,0,0
-19476,0,0
-25697,0,0
25423,0,0
-36664,0,0
177840,0,0
156224,0,0
-63635,0,0
-123995,0,0
-41608,0,0
75777,0,0
159889,0,0
-119040,0,0
13015,0,0
-3302,0,0
38598,0,0
-34201,0,0
-20320,0,0
-144012,0,0
1547,0,0
44916,0,0
-81472,0,0
-78590,0,0
-55659,0,0
-51359,0,0
48961,0,0
39367,0,0
-88742,0,0
-48029,0,0
-93316,0,0
95861,0,0
44020,0,0
-201820,0,0
-187076,0,0
37417,0,0
210714,0,0
-29532,0,0
-119202,0,0
96097,0,0
-91290,0,0
-45315,0,0
-16540,0,0
-22258,0,0
402,0,0
-43558,0,0
64733,0,0
34721,0,0
41061,0,0
37573,0,0
-95881,0,0
-100819,0,0
139005,0,0
-60842,0,0
-168850,0,0
-15279,0,0
-24676,0,0
197759,0,0
-92498,0,0
30031,0,0
245485,0,0
-58080,0,0
-267662,0,0
-108962,0,0
10554,0,0
45432,0,0
-67739,0,0
-190844,0,0
-81929,0,0
263792,0,0
208573,0,0
-138171,0,0
-238776,0,0
76100,0,0
-28849,0,0
10753,0,0
-34153,0,0
121585,0,0
21977,0,0
5358,0,0
17650,0,0
147660,0,0
38620,0,0
71781,0,0
-459,0,0
-38714,0,0
180587,0,0
402809,0,0
42055,0,0
-66685,0,0
-129628,0,0
96460,0,0
284489,0,0
73068,0,0
24015,0,0
91800,0,0
54008,0,0
-98164,0,0
118728,0,0
186375,0,0
203874,0,0
-48655,0,0
-274035,0,0
46950,0,0
230220,0,0
15917,0,0
211899,0,0
113961,0,0
-78490,0,0
21899,0,0
74832,0,0
94280,0,0
-71016,0,0
286292,0,0
105713,0,0
-42316,0,0
-52335,0,0
-41520,0,0
131887,0,0
86655,0,0
-34514,0,0
226664,0,0
109633,0,0
63828,0,0
72441,0,0
-113656,0,0
-54487,0,0
53629,0,0
213257,0,0
64392,0,0
-165340,0,0
55543,0,0
136311,0,0
120852,0,0
36325,0,0
65781,0,0
-71457,0,0
-18492,0,0
57724,0,0
-4104,0,0
-68750,0,0
90227,0,0
123115,0,0
-53486,0,0
-40354,0,0
-87799,0,0
88675,0,0
106167,0,0
-46922,0,0
-37533,0,0
-120888,0,0
-158854,0,0
4278,0,0
113352,0,0
-25936,0,0
-54116,0,0
126943,0,0
-81547,0,0
-306745,0,0
-5112,0,0
-73941,0,0
-15254,0,0
278730,0,0
102823,0,0
-74567,0,0
-233779,0,0
-177327,0,0
-8349,0,0
33815,0,0
105115,0,0
76415,0,0
-109889,0,0
-48349,0,0
-39056,0,0
-73742,0,0
218720,0,0
-5673,0,0
-17509,0,0
-123741,0,0
-64976,0,0
152744,0,0
18762,0,0
63786,0,0
148328,0,0
27574,0,0
-228448,0,0
-176619,0,0
-146342,0,0
80530,0,0
157728,0,0
281458,0,0
102275,0,0
-122835,0,0
-128385,0,0
-94061,0,0
-71515,0,0
-71438,0,0
-182383,0,0
-153409,0,0
180407,0,0
127512,0,0
-108303,0,0
-268518,0,0
14210,0,0
6046,0,0
-27910,0,0
-217772,0,0
87553,0,0
-153198,0,0
-235053,0,0
143736,0,0
144447,0,0
-37413,0,0
-50129,0,0
-61779,0,0
37463,0,0
64743,0,0
96702,0,0
35099,0,0
-89199,0,0
-118358,0,0
209121,0,0
68348,0,0
32782,0,0
25406,0,0
-90541,0,0
22406,0,0
-9190,0,0
2422,0,0
-54895,0,0
74590,0,0
-176674,0,0
-107118,0,0
-28884,0,0
245507,0,0
-140102,0,0
-169982,0,0
18945,0,0
-80805,0,0
-163418,0,0
-138023,0,0
-31795,0,0
5610,0,0
-39533,0,0
-168254,0,0
-159365,0,0
5590,0,0
204232,0,0
-153585,0,0
47645,0,0
-88727,0,0
-223692,0,0
-125325,0,0
-127618,0,0
-44095,0,0
37217,0,0
-91528,0,0
-16923,0,0
11057,0,0
30022,0,0
-193734,0,0
-127237,0,0
91492,0,0
-13935,0,0
-68973,0,0
-146249,0,0
-64464,0,0
172122,0,0
120669,0,0
15375,0,0
-205010,0,0
-214110,0,0
62005,0,0
5586,0,0
-137264,0,0
125787,0,0
107670,0,0
49858,0,0
-143004,0,0
-99965,0,0
71248,0,0
144671,0,0
-29856,0,0
-187530,0,0
-278838,0,0
-101980,0,0
361157,0,0
83999,0,0
-25811,0,0
158875,0,0
-4275,0,0
-128373,0,0
73816,0,0
-68665,0,0
-128905,0,0
-23175,0,0
89084,0,0
162100,0,0
136209,0,0
69166,0,0
-46733,0,0
110408,0,0
-36300,0,0
-28853,0,0
2987,0,0
34334,0,0
78889,0,0
-98804,0,0
-18739,0,0
-101894,0,0
71532,0,0
206090,0,0
62213,0,0
-62765,0,0
-79487,0,0
-66568,0,0
-137195,0,0
-141954,0,0
22414,0,0
38909,0,0
119650,0,0
29541,0,0
-178108,0,0
3734,0,0
36937,0,0
11357,0,0
-24262,0,0
-3263,0,0
-6270,0,0
-5549,0,0
28561,0,0
-49520,0,0
34308,0,0
37744,0,0
111599,0,0
104008,0,0
-123055,0,0
47533,0,0
83325,0,0
-66403,0,0
-157322,0,0
-24535,0,0
186600,0,0
127038,0,0
-293248,0,0
-73667,0,0
118542,0,0
190746,0,0
-90360,0,0
-275214,0,0
-152649,0,0
191810,0,0
248076,0,0
-116145,0,0
-285803,0,0
-279811,0,0
-181658,0,0
257495,0,0
439011,0,0
8468,0,0
-167899,0,0
224164,0,0
-11795,0,0
-424703,0,0
-23180,0,0
217314,0,0
-30464,0,0
-194366,0,0
26760,0,0
324188,0,0
268395,0,0
159759,0,0
-135290,0,0
-115787,0,0
-78616,0,0
85102,0,0
66751,0,0
-57326,0,0
131899,0,0
55850,0,0
68846,0,0
95239,0,0
36989,0,0
-69963,0,0
19631,0,0
16480,0,0
47559,0,0
-7424,0,0
-11216,0,0
-35318,0,0
-61137,0,0
-30289,0,0
159002,0,0
-29381,0,0
-87954,0,0
-74053,0,0
50571,0,0
6260,0,0
-148417,0,0
49236,0,0
-203904,0,0
106385,0,0
-13886,0,0
-117300,0,0
65695,0,0
117631,0,0
154105,0,0
129440,0,0
-128055,0,0
-118655,0,0
-34923,0,0
9689,0,0
139359,0,0
254635,0,0
-51616,0,0
16290,0,0
-89155,0,0
66838,0,0
104706,0,0
196010,0,0
-9325,0,0
-20323,0,0
-110393,0,0
-139995,0,0
127065,0,0
101868,0,0
-82563,0,0
91072,0,0
29259,0,0
-98786,0,0
-56083,0,0
127683,0,0
110192,0,0
5265,0,0
-67104,0,0
73735,0,0
-141732,0,0
-239356,0,0
67448,0,0
240281,0,0
154390,0,0
134169,0,0
61915,0,0
-78030,0,0
-37461,0,0
-181031,0,0
-97570,0,0
23544,0,0
145357,0,0
-20204,0,0
-14893,0,0
167606,0,0
38296,0,0
-69385,0,0
-247350,0,0
-47748,0,0
165900,0,0
-103381,0,0
-95309,0,0
4128,0,0
285365,0,0
169632,0,0
1616,0,0
-40487,0,0
-108322,0,0
-13152,0,0
-55122,0,0
81408,0,0
107799,0,0
40989,0,0
-46249,0,0
4552,0,0
66721,0,0
207444,0,0
65329,0,0
-144393,0,0
11453,0,0
125375,0,0
-67403,0,0
27097,0,0
-110318,0,0
-48835,0,0
69382,0,0
62614,0,0
-187385,0,0
-116767,0,0
134024,0,0
58550,0,0
25924,0,0
-61623,0,0
-43370,0,0
80811,0,0
-83765,0,0
66121,0,0
4107,0,0
-64712,0,0
-98990,0,0
40517,0,0
76196,0,0
60428,0,0
153754,0,0
48705,0,0
51934,0,0
-31354,0,0
78344,0,0
-34862,0,0
-161938,0,0
-81382,0,0
249588,0,0
165551,0,0
60387,0,0
20674,0,0
156667,0,0
2547,0,0
-253204,0,0
-168649,0,0
140667,0,0
169060,0,0
-3672,0,0
-28826,0,0
47060,0,0
67769,0,0
-117219,0,0
93488,0,0
40799,0,0
53724,0,0
-1906,0,0
103372,0,0
-17646,0,0
5105,0,0
-8900,0,0
-171450,0,0
91869,0,0
257727,0,0
171826,0,0
-306219,0,0
-172935,0,0
-17554,0,0
156664,0,0
234363,0,0
70144,0,0
-145179,0,0
1767,0,0
-86902,0,0
-3580,0,0
31093,0,0
-158733,0,0
-115147,0,0
58730,0,0
153717,0,0
29801,0,0
70474,0,0
-12356,0,0
-34337,0,0
44090,0,0
-25759,0,0
34238,0,0
-45227,0,0
17768,0,0
47678,0,0
7471,0,0
-76920,0,0
-11984,0,0
206644,0,0
-11892,0,0
56996,0,0
-61319,0,0
97689,0,0
165917,0,0
-132944,0,0
-111524,0,0
-95089,0,0
-84,0,0
110306,0,0
-56240,0,0
98222,0,0
118290,0,0
-58368,0,0
-109484,0,0
-183716,0,0
24591,0,0
165620,0,0
-71134,0,0
-168112,0,0
49964,0,0
328856,0,0
-129515,0,0
-338948,0,0
-20164,0,0
29897,0,0
-166961,0,0
126509,0,0
213603,0,0
-55028,0,0
-106461,0,0
-168752,0,0
-144834,0,0
-143962,0,0
149874,0,0
265684,0,0
-92724,0,0
-99067,0,0
-205794,0,0
60311,0,0
28238,0,0
51407,0,0
-13987,0,0
-142089,0,0
-136399,0,0
-42864,0,0
54761,0,0
126672,0,0
-4050,0,0
-17762,0,0
-219644,0,0
-127018,0,0
-37098,0,0
-155150,0,0
-34329,0,0
-77307,0,0
-10939,0,0
-152830,0,0
-174793,0,0
-110949,0,0
-66342,0,0
-54816,0,0
-261961,0,0
-151821,0,0
-86162,0,0
128384,0,0
49541,0,0
-97609,0,0
-255319,0,0
-340821,0,0
-3205,0,0
67013,0,0
56291,0,0
34438,0,0
-67183,0,0
25681,0,0
55084,0,0
-25703,0,0
73061,0,0
-71889,0,0
-178461,0,0
-145656,0,0
-1771,0,0
189656,0,0
166264,0,0
94579,0,0
122626,0,0
-120516,0,0
-91354,0,0
-43020,0,0
45217,0,0
-37886,0,0
-148066,0,0
37960,0,0
54186,0,0
49430,0,0
-69104,0,0
88945,0,0
-85934,0,0
76020,0,0
63438,0,0
-113980,0,0
114176,0,0
-68556,0,0
30209,0,0
-163693,0,0
-114721,0,0
-49845,0,0
138355,0,0
191482,0,0
213493,0,0
-34919,0,0
-115482,0,0
-103705,0,0
70547,0,0
85639,0,0
56364,0,0
-15690,0,0
40715,0,0
-104900,0,0
59202,0,0
-37016,0,0
176718,0,0
332183,0,0
-68583,0,0
-182398,0,0
-146520,0,0
-137599,0,0
13382,0,0
326021,0,0
18674,0,0
-201408,0,0
-124258,0,0
13786,0,0
5156,0,0
265303,0,0
93124,0,0
-65067,0,0
-6896,0,0
-55632,0,0
-157050,0,0
-14782,0,0
-23067,0,0
168778,0,0
134416,0,0
37377,0,0
-117138,0,0
-153403,0,0
53301,0,0
233310,0,0
193435,0,0
49088,0,0
-187388,0,0
-160667,0,0
-71925,0,0
-139922,0,0
291877,0,0
405692,0,0
-233811,0,0
-344487,0,0
52657,0,0
62824,0,0
-66930,0,0
215648,0,0
136444,0,0
-11080,0,0
-27208,0,0
-125196,0,0
-42726,0,0
-38171,0,0
-183950,0,0
87782,0,0
177482,0,0
24534,0,0
10201,0,0
182822,0,0
-86335,0,0
-37362,0,0
40107,0,0
-50623,0,0
11744,0,0
-83326,0,0
-136694,0,0
-5323,0,0
31851,0,0
15239,0,0
84695,0,0
92690,0,0
26525,0,0
11509,0,0
-100406,0,0
9500,0,0
-145127,0,0
-135472,0,0
60620,0,0
93501,0,0
-640,0,0
-60149,0,0
-83564,0,0
-36611,0,0
157155,0,0
159797,0,0
-96021,0,0
-83517,0,0
-53239,0,0
-20263,0,0
76507,0,0
92764,0,0
15347,0,0
-5404,0,0
-3493,0,0
-38861,0,0
41099,0,0
-16838,0,0
-28892,0,0
-89140,0,0
-256183,0,0
82520,0,0
131765,0,0
-1060,0,0
111470,0,0
12825,0,0
-198129,0,0
-233498,0,0
-24420,0,0
287,0,0
-137820,0,0
154482,0,0
-88116,0,0
-122772,0,0
-108777,0,0
-13257,0,0
-11934,0,0
-156589,0,0
46594,0,0
92119,0,0
-95011,0,0
-88961,0,0
-49638,0,0
-37202,0,0
21509,0,0
27494,0,0
-53208,0,0
-18118,0,0
92859,0,0
-27727,0,0
-248150,0,0
-152760,0,0
197365,0,0
249678,0,0
127640,0,0
-40051,0,0
-99640,0,0
100463,0,0
-11348,0,0
108579,0,0
35812,0,0
-28966,0,0
1541,0,0
114249,0,0
180309,0,0
120447,0,0
-1047,0,0
-63615,0,0
-61450,0,0
-29613,0,0
100642,0,0
97970,0,0
147117,0,0
154027,0,0
25012,0,0
-64894,0,0
-84268,0,0
54857,0,0
2445,0,0
53757,0,0
228568,0,0
33591,0,0
-32508,0,0
151798,0,0
260005,0,0
42057,0,0
-52391,0,0
-20339,0,0
96580,0,0
-23606,0,0
102814,0,0
432,0,0
242483,0,0
348441,0,0
-68060,0,0
-58604,0,0
-38575,0,0
-144915,0,0
198113,0,0
136977,0,0
-59704,0,0
293,0,0
30668,0,0
127160,0,0
68702,0,0
-60167,0,0
-7674,0,0
6284,0,0
-173564,0,0
81563,0,0
52606,0,0
-47245,0,0
158671,0,0
41057,0,0
82301,0,0
4642,0,0
-165378,0,0
73541,0,0
-27262,0,0
-24781,0,0
26216,0,0
-87143,0,0
63506,0,0
-510,0,0
2179,0,0
60143,0,0
-301658,0,0
-51079,0,0
153324,0,0
-158310,0,0
194935,0,0
99367,0,0
72090,0,0
-143165,0,0
-220434,0,0
-40074,0,0
205910,0,0
-74140,0,0
-42370,0,0
9747,0,0
253325,0,0
89175,0,0
-23330,0,0
-85420,0,0
11299,0,0
67493,0,0
111267,0,0
5378,0,0
-112561,0,0
-105206,0,0
31106,0,0
81314,0,0
82164,0,0
115485,0,0
11287,0,0
-135542,0,0
-133547,0,0
-26896,0,0
-82424,0,0
118648,0,0
78459,0,0
-10140,0,0
-139076,0,0
-82567,0,0
199501,0,0
-58021,0,0
-4157,0,0
-72555,0,0
-30403,0,0
121707,0,0
88107,0,0
-2972,0,0
-140852,0,0
-50084,0,0
-29891,0,0
-58777,0,0
-38877,0,0
211453,0,0
158109,0,0
-42475,0,0
-71304,0,0
-61128,0,0
-26191,0,0
40725,0,0
50480,0,0
-68158,0,0
37457,0,0
-158734,0,0
-29843,0,0
71377,0,0
18176,0,0
46371,0,0
103903,0,0
-114649,0,0
-103263,0,0
-190685,0,0
135081,0,0
183409,0,0
-103186,0,0
33151,0,0
-67067,0,0
128946,0,0
-96296,0,0
-170240,0,0
-51286,0,0
38242,0,0
28942,0,0
271185,0,0
-47731,0,0
-20273,0,0
88075,0,0
2196,0,0
87151,0,0
-124933,0,0
-160780,0,0
-38726,0,0
117360,0,0
14809,0,0
158941,0,0
-5236,0,0
-129025,0,0
79333,0,0
187943,0,0
-90922,0,0
-243992,0,0
198768,0,0
167365,0,0
-116853,0,0
-104299,0,0
-54412,0,0
60007,0,0
-198447,0,0
-47622,0,0
304912,0,0
29624,0,0
-128304,0,0
-92647,0,0
-75074,0,0
-17202,0,0
117246,0,0
-75176,0,0
-49751,0,0
-1991,0,0
-89702,0,0
85326,0,0
-40628,0,0
-139888,0,0
31057,0,0
45185,0,0
2501,0,0
90182,0,0
33475,0,0
-175813,0,0
-43531,0,0
79097,0,0
67886,0,0
30973,0,0
-131301,0,0
-269,0,0
18238,0,0
21575,0,0
-66389,0,0
115613,0,0
128232,0,0
-49466,0,0
-53241,0,0
-28113,0,0
-45523,0,0
83626,0,0
8773,0,0
174235,0,0
102954,0,0
-18902,0,0
13202,0,0
20441,0,0
-89768,0,0
-28903,0,0
134151,0,0
59216,0,0
44875,0,0
15970,0,0
-64869,0,0
154532,0,0
225649,0,0
-7527,0,0
-155032,0,0
-96420,0,0
-93387,0,0
-33748,0,0
51401,0,0
-13808,0,0
233562,0,0
162521,0,0
9849,0,0
-14969,0,0
-138473,0,0
-118502,0,0
-60759,0,0
-94997,0,0
25616,0,0
4203,0,0
85510,0,0
62674,0,0
-43693,0,0
34194,0,0
-118598,0,0
-251710,0,0
-206545,0,0
207440,0,0
240543,0,0
29266,0,0
-61514,0,0
-10700,0,0
18695,0,0
-153113,0,0
-223907,0,0
-41776,0,0
12543,0,0
137709,0,0
214103,0,0
13311,0,0
71404,0,0
24948,0,0
-55315,0,0
-117797,0,0
-23569,0,0
50094,0,0
-98771,0,0
159148,0,0
294248,0,0
-48597,0,0
-101452,0,0
-25518,0,0
29637,0,0
-23352,0,0
-52136,0,0
67272,0,0
64652,0,0
-27478,0,0
43491,0,0
-54272,0,0
-37904,0,0
-31365,0,0
-30465,0,0
88732,0,0
9842,0,0
-191377,0,0
-39743,0,0
-100242,0,0
46680,0,0
157285,0,0
-9285,0,0
-148938,0,0
-103682,0,0
-19468,0,0
-149834,0,0
-30118,0,0
-51817,0,0
161252,0,0
9313,0,0
70268,0,0
32904,0,0
-26665,0,0
-194379,0,0
-238005,0,0
35914,0,0
6412,0,0
163674,0,0
10921,0,0
-66355,0,0
-152732,0,0
-18212,0,0
-72960,0,0
41111,0,0
-66984,0,0
88726,0,0
86200,0,0
-145096,0,0
-82792,0,0
-46312,0,0
-156041,0,0
-112581,0,0
37068,0,0
155347,0,0
232591,0,0
-65440,0,0
-4478,0,0
70587,0,0
-156937,0,0
73349,0,0
61277,0,0
35140,0,0
-93802,0,0
189672,0,0
27771,0,0
-46065,0,0
12929,0,0
231675,0,0
242416,0,0
58357,0,0
-56085,0,0
5447,0,0
4768,0,0
39651,0,0
162689,0,0
125344,0,0
789,0,0
49153,0,0
-41678,0,0
-4570,0,0
7693,0,0
-81782,0,0
-87326,0,0
91870,0,0
210248,0,0
114638,0,0
-60871,0,0
-125068,0,0
-29270,0,0
-45534,0,0
-95674,0,0
-141639,0,0
14927,0,0
6474,0,0
-64524,0,0
110434,0,0
-181081,0,0
-59696,0,0
67243,0,0
-66959,0,0
-66586,0,0
-159898,0,0
-22407,0,0
194571,0,0
-110690,0,0
-330293,0,0
-184292,0,0
-45938,0,0
-6120,0,0
67333,0,0
-34366,0,0
-62656,0,0
72651,0,0
103152,0,0
-88150,0,0
35426,0,0
-111884,0,0
81448,0,0
-62501,0,0
-223164,0,0
-29339,0,0
265207,0,0
377444,0,0
122443,0,0
-163074,0,0
-101563,0,0
-175279,0,0
47029,0,0
214235,0,0
359310,0,0
-2761,0,0
-190496,0,0
-96285,0,0
9521,0,0
79265,0,0
-29244,0,0
-86018,0,0
-112772,0,0
182225,0,0
266658,0,0
52395,0,0
-88688,0,0
-7317,0,0
-25596,0,0
-161196,0,0
-98949,0,0
105102,0,0
-6349,0,0
61415,0,0
15362,0,0
127173,0,0
16451,0,0
-15224,0,0
-37791,0,0
95258,0,0
8312,0,0
-177884,0,0
25349,0,0
-22923,0,0
145048,0,0
250408,0,0
92758,0,0
113745,0,0
-29404,0,0
-18856,0,0
-39035,0,0
63345,0,0
55178,0,0
42168,0,0
222505,0,0
200273,0,0
-117637,0,0
-50975,0,0
-85419,0,0
101324,0,0
141574,0,0
127630,0,0
-29977,0,0
-18856,0,0
-49379,0,0
29929,0,0
-13975,0,0
-174700,0,0
8310,0,0
166521,0,0
81433,0,0
-97162,0,0
-99222,0,0
10757,0,0
-58207,0,0
-77731,0,0
22217,0,0
33051,0,0
161468,0,0
-189704,0,0
-59114,0,0
53715,0,0
-134607,0,0
-152086,0,0
172746,0,0
79973,0,0
36194,0,0
-50364,0,0
120276,0,0
35645,0,0
-320095,0,0
-204489,0,0
212944,0,0
151186,0,0
108493,0,0
99446,0,0
60083,0,0
-127951,0,0
44367,0,0
65261,0,0
16531,0,0
57967,0,0
5996,0,0
95568,0,0
92733,0,0
63491,0,0
-2775,0,0
12696,0,0
103010,0,0
28666,0,0
-143692,0,0
139452,0,0
69595,0,0
-192383,0,0
171332,0,0
79369,0,0
-175758,0,0
-72585,0,0
33655,0,0
107002,0,0
-20707,0,0
-166475,0,0
-100429,0,0
-12670,0,0
11350,0,0
17100,0,0
113204,0,0
-74218,0,0
-188033,0,0
-110464,0,0
-16009,0,0
-14436,0,0
-19221,0,0
95958,0,0
315,0,0
120709,0,0
-28049,0,0
-119459,0,0
-99876,0,0
-131595,0,0
17703,0,0
99734,0,0
28113,0,0
154493,0,0
3993,0,0
81920,0,0
192353,0,0
-277067,0,0
-89799,0,0
-92761,0,0
52232,0,0
324952,0,0
179457,0,0
-63928,0,0
7659,0,0
141873,0,0
-31938,0,0
54312,0,0
-134318,0,0
-59616,0,0
191974,0,0
39437,0,0
62001,0,0
-258435,0,0
-32048,0,0
68797,0,0
91459,0,0
93649,0,0
107790,0,0
-50099,0,0
-175715,0,0
-256406,0,0
-137781,0,0
-84631,0,0
61675,0,0
9839,0,0
148662,0,0
14928,0,0
15002,0,0
-48668,0,0
-63523,0,0
-179385,0,0
64386,0,0
-138255,0,0
-24387,0,0
115598,0,0
-30666,0,0
-2379,0,0
62385,0,0
-89958,0,0
-83814,0,0
178354,0,0
-51304,0,0
-37462,0,0
-147163,0,0
83778,0,0
-51282,0,0
-73804,0,0
121141,0,0
23709,0,0
123307,0,0
12634,0,0
-217722,0,0
-176209,0,0
119167,0,0
216339,0,0
70865,0,0
-58873,0,0
58467,0,0
-25215,0,0
2526,0,0
-623,0,0
65167,0,0
4196,0,0
-54046,0,0
-31869,0,0
3627,0,0
83644,0,0
86383,0,0
-8214,0,0
-54439,0,0
786,0,0
-27923,0,0
-105282,0,0
-70129,0,0
196418,0,0
3034,0,0
118373,0,0
-151776,0,0
-159676,0,0
161257,0,0
7450,0,0
-16955,0,0
104799,0,0
20843,0,0
52390,0,0
81960,0,0
51939,0,0
-62736,0,0
-152332,0,0
-60473,0,0
203594,0,0
262330,0,0
39519,0,0
-253986,0,0
-95797,0,0
53129,0,0
-8750,0,0
323100,0,0
-166533,0,0
-116163,0,0
145147,0,0
139136,0,0
-53910,0,0
-180714,0,0
-131601,0,0
122788,0,0
51535,0,0
121854,0,0
-14199,0,0
-68342,0,0
80592,0,0
153510,0,0
-143127,0,0
-109526,0,0
-62595,0,0
34023,0,0
45060,0,0
63116,0,0
101883,0,0
94632,0,0
-99393,0,0
-155723,0,0
-54624,0,0
-73489,0,0
-61638,0,0
74417,0,0
226997,0,0
16317,0,0
-101692,0,0
-108222,0,0
-161268,0,0
-60841,0,0
-1490,0,0
2462,0,0
56566,0,0
-52562,0,0
-85649,0,0
149711,0,0
-9441,0,0
-53678,0,0
-63580,0,0
-185387,0,0
-166108,0,0
-43111,0,0
132396,0,0
47978,0,0
104640,0,0
-37370,0,0
-73055,0,0
30064,0,0
694,0,0
148467,0,0
24635,0,0
-117642,0,0
-34255,0,0
-90305,0,0
4255,0,0
320315,0,0
13661,0,0
-19122,0,0
-165041,0,0
69696,0,0
176178,0,0
-30153,0,0
-275369,0,0
-77511,0,0
301524,0,0
-5916,0,0
211341,0,0
167125,0,0
-73556,0,0
-122723,0,0
-3371,0,0
874,0,0
31410,0,0
33822,0,0
45857,0,0
149942,0,0
128932,0,0
-84,0,0
-56363,0,0
-100436,0,0
-31254,0,0
80281,0,0
54115,0,0
167380,0,0
68588,0,0
-265356,0,0
-172986,0,0
20054,0,0
-36007,0,0
50277,0,0
-8768,0,0
-49688,0,0
47553,0,0
-93533,0,0
-5477,0,0
19290,0,0
-40212,0,0
-96755,0,0
-159664,0,0
-40255,0,0
312526,0,0
81502,0,0
-118343,0,0
-123565,0,0
88716,0,0
103663,0,0
27598,0,0
-146186,0,0
325,0,0
37494,0,0
185554,0,0
-62097,0,0
-130702,0,0
56699,0,0
212025,0,0
112940,0,0
-68654,0,0
-154463,0,0
-245829,0,0
-96025,0,0
204755,0,0
168961,0,0
-19883,0,0
73137,0,0
-107441,0,0
-253533,0,0
-103344,0,0
5944,0,0
67878,0,0
3051,0,0
-70481,0,0
-12043,0,0
-30081,0,0
-20677,0,0
-203020,0,0
-210138,0,0
111072,0,0
90260,0,0
-96463,0,0
46299,0,0
-38317,0,0
-208897,0,0
-201429,0,0
-85381,0,0
286240,0,0
-15696,0,0
-235006,0,0
22349,0,0
139138,0,0
-178614,0,0
-35437,0,0
61150,0,0
-56306,0,0
47934,0,0
-33705,0,0
-46882,0,0
61045,0,0
113322,0,0
118602,0,0
96419,0,0
-105717,0,0
1504,0,0
-5961,0,0
52606,0,0
14966,0,0
83185,0,0
-11763,0,0
124947,0,0
88437,0,0
26569,0,0
-35810,0,0
-118960,0,0
-38318,0,0
43686,0,0
3942,0,0
-30569,0,0
90659,0,0
-29961,0,0
-109935,0,0
45991,0,0
20268,0,0
44608,0,0
-177434,0,0
35976,0,0
146325,0,0
43067,0,0
-196249,0,0
-83856,0,0
3048,0,0
-41805,0,0
169447,0,0
153284,0,0
-165056,0,0
198630,0,0
-134458,0,0
37738,0,0
22567,0,0
69716,0,0
46255,0,0
-1834,0,0
74815,0,0
36322,0,0
-9494,0,0
6602,0,0
126664,0,0
144599,0,0
-7299,0,0
58133,0,0
-173483,0,0
-122674,0,0
-26318,0,0
171988,0,0
164720,0,0
146030,0,0
30434,0,0
-151913,0,0
-192067,0,0
-94407,0,0
-90794,0,0
233535,0,0
122292,0,0
-287262,0,0
-314792,0,0
-81259,0,0
166482,0,0
45948,0,0
108019,0,0
22436,0,0
-211316,0,0
-98465,0,0
-19063,0,0
-29523,0,0
-38958,0,0
44646,0,0
-49211,0,0
-106666,0,0
56655,0,0
110652,0,0
147990,0,0
-206683,0,0
43080,0,0
5968,0,0
52477,0,0
11002,0,0
3492,0,0
10977,0,0
-38147,0,0
1872,0,0
-7454,0,0
27018,0,0
-90124,0,0
20746,0,0
116811,0,0
-99017,0,0
-61612,0,0
-14101,0,0
-22697,0,0
112923,0,0
-14259,0,0
-30792,0,0
72425,0,0
-16608,0,0
-53265,0,0
159464,0,0
91897,0,0
-90571,0,0
53476,0,0
-89274,0,0
218423,0,0
389074,0,0
29343,0,0
-149234,0,0
54068,0,0
102280,0,0
130083,0,0
34292,0,0
132022,0,0
90829,0,0
36338,0,0
105831,0,0
92695,0,0
-45354,0,0
-18839,0,0
82228,0,0
149914,0,0
76398,0,0
-3587,0,0
82280,0,0
-111741,0,0
-54335,0,0
121130,0,0
155474,0,0
199476,0,0
79110,0,0
-55902,0,0
-208429,0,0
46357,0,0
94732,0,0
-15657,0,0
-27761,0,0
153051,0,0
75537,0,0
36391,0,0
13178,0,0
53540,0,0
-26475,0,0
72453,0,0
224488,0,0
62666,0,0
54091,0,0
-114593,0,0
-99984,0,0
19393,0,0
-5977,0,0
4413,0,0
141733,0,0
233233,0,0
222346,0,0
-108326,0,0
-109314,0,0
-34191,0,0
-76194,0,0
17919,0,0
28172,0,0
-14044,0,0
-90617,0,0
122476,0,0
92568,0,0
-219094,0,0
-40128,0,0
-44057,0,0
-130524,0,0
-175855,0,0
-154686,0,0
51889,0,0
-93841,0,0
-198643,0,0
78680,0,0
102083,0,0
-41702,0,0
-179981,0,0
-158672,0,0
-100297,0,0
-159740,0,0
-67649,0,0
-61486,0,0
-34921,0,0
297148,0,0
-25557,0,0
-169352,0,0
-143628,0,0
29909,0,0
79476,0,0
73096,0,0
-253114,0,0
-99803,0,0
91151,0,0
112051,0,0
-24875,0,0
-57849,0,0
-62758,0,0
17754,0,0
85722,0,0
30962,0,0
-126431,0,0
57765,0,0
35929,0,0
7033,0,0
92046,0,0
-120829,0,0
-121772,0,0
57310,0,0
-8570,0,0
143015,0,0
51375,0,0
-13121,0,0
-58417,0,0
-63932,0,0
164606,0,0
-71093,0,0
-111948,0,0
-13240,0,0
-39012,0,0
64149,0,0
70675,0,0
-137839,0,0
9828,0,0
130317,0,0
-9926,0,0
-132410,0,0
-38837,0,0
43357,0,0
-6810,0,0
-16715,0,0
-79502,0,0
-32046,0,0
-37557,0,0
-34617,0,0
-11466,0,0
147918,0,0
57740,0,0
-29061,0,0
-104114,0,0
-10339,0,0
116786,0,0
-126088,0,0
-249224,0,0
-5248,0,0
8442,0,0
43641,0,0
94482,0,0
-179879,0,0
97727,0,0
140458,0,0
18401,0,0
-216101,0,0
88789,0,0
-21761,0,0
-100835,0,0
-83929,0,0
-114656,0,0
69524,0,0
17866,0,0
55437,0,0
17151,0,0
-144435,0,0
-72865,0,0
36227,0,0
-33341,0,0
-53733,0,0
-120886,0,0
-82910,0,0
13685,0,0
-153408,0,0
-259561,0,0
-17141,0,0
194509,0,0
-42873,0,0
-168250,0,0
-240629,0,0
-15657,0,0
30313,0,0
-11768,0,0
-86921,0,0
-221976,0,0
-242373,0,0
53558,0,0
311165,0,0
-32423,0,0
-148377,0,0
33968,0,0
-75739,0,0
-9439,0,0
-153028,0,0
-124533,0,0
83727,0,0
140723,0,0
27039,0,0
-87606,0,0
29153,0,0
-55161,0,0
91859,0,0
-115313,0,0
-58365,0,0
61324,0,0
130114,0,0
-113899,0,0
76676,0,0
-77990,0,0
10184,0,0
65662,0,0
85545,0,0
5865,0,0
-21147,0,0
-58174,0,0
134053,0,0
24343,0,0
-2864,0,0
118141,0,0
58951,0,0
-56360,0,0
-102665,0,0
-125746,0,0
-60359,0,0
75980,0,0
3692,0,0
-62554,0,0
209495,0,0
-71863,0,0
1578,0,0
200510,0,0
-209886,0,0
-40083,0,0
-61203,0,0
172008,0,0
-49228,0,0
-105877,0,0
26313,0,0
-15254,0,0
200518,0,0
242347,0,0
-78586,0,0
-871,0,0
122798,0,0
179877,0,0
-42823,0,0
-89803,0,0
6329,0,0
43792,0,0
26704,0,0
75615,0,0
-21656,0,0
160557,0,0
66810,0,0
-91130,0,0
-195265,0,0
24719,0,0
60754,0,0
-79242,0,0
-230990,0,0
-35836,0,0
108523,0,0
2659,0,0
-114932,0,0
-189450,0,0
116268,0,0
-86238,0,0
-166304,0,0
-44096,0,0
-76000,0,0
-131095,0,0
44531,0,0
-46145,0,0
-123000,0,0
-4693,0,0
-88574,0,0
-78556,0,0
-71685,0,0
-20946,0,0
-144502,0,0
194,0,0
94278,0,0
-193200,0,0
-15423,0,0
26193,0,0
12824,0,0
162090,0,0
-117219,0,0
-166952,0,0
26006,0,0
239935,0,0
132473,0,0
-56211,0,0
-3551,0,0
-3365,0,0
40941,0,0
162696,0,0
182290,0,0
9259,0,0
-87054,0,0
113427,0,0
169332,0,0
-30785,0,0
-92823,0,0
-932,0,0
18522,0,0
146877,0,0
116071,0,0
-34563,0,0
-250739,0,0
-180490,0,0
-38864,0,0
245504,0,0
157378,0,0
-41810,0,0
-151763,0,0
-206068,0,0
-135786,0,0
198099,0,0
60670,0,0
130215,0,0
47322,0,0
82771,0,0
57064,0,0
-89815,0,0
-74468,0,0
-69696,0,0
6170,0,0
17666,0,0
250010,0,0
164219,0,0
-142487,0,0
-54412,0,0
63022,0,0
245536,0,0
-51115,0,0
-14350,0,0
-25248,0,0
83938,0,0
-17347,0,0
72578,0,0
-26696,0,0
-48071,0,0
126618,0,0
68597,0,0
-112419,0,0
113132,0,0
336004,0,0
-85009,0,0
-91988,0,0
-16527,0,0
-19870,0,0
9891,0,0
68777,0,0
-9281,0,0
3401,0,0
174941,0,0
11288,0,0
-59111,0,0
-173635,0,0
-254912,0,0
59734,0,0
242552,0,0
87567,0,0
-136076,0,0
-234931,0,0
-50627,0,0
228867,0,0
199665,0,0
-104020,0,0
-192430,0,0
-134891,0,0
-28619,0,0
83388,0,0
191098,0,0
48105,0,0
-38910,0,0
-100727,0,0
-145344,0,0
-177964,0,0
252603,0,0
125602,0,0
-15664,0,0
89356,0,0
-21831,0,0
-337976,0,0
-63130,0,0
125817,0,0
-55774,0,0
250376,0,0
-52727,0,0
-34296,0,0
39689,0,0
84280,0,0
-292,0,0
15779,0,0
74859,0,0
18876,0,0
52768,0,0
132398,0,0
56777,0,0
12886,0,0
53169,0,0
-9570,0,0
63256,0,0
165869,0,0
74535,0,0
-42034,0,0
30223,0,0
156538,0,0
-121281,0,0
-261383,0,0
7192,0,0
19265,0,0
91270,0,0
76877,0,0
-13037,0,0
50041,0,0
-81184,0,0
99621,0,0
-39237,0,0
-264692,0,0
-98349,0,0
-859,0,0
76445,0,0
124567,0,0
-24478,0,0
23380,0,0
-49747,0,0
-10834,0,0
-93983,0,0
116968,0,0
242080,0,0
-52157,0,0
43233,0,0
70095,0,0
-89125,0,0
-86631,0,0
21611,0,0
102005,0,0
237985,0,0
38869,0,0
-95649,0,0
91496,0,0
45139,0,0
150599,0,0
223586,0,0
57068,0,0
6625,0,0
-95574,0,0
71595,0,0
-35142,0,0
51278,0,0
320243,0,0
18119,0,0
138406,0,0
61307,0,0
-100273,0,0
9496,0,0
-11312,0,0
80157,0,0
148485,0,0
209969,0,0
-123821,0,0
-180557,0,0
-75857,0,0
94934,0,0
64037,0,0
70211,0,0
18034,0,0
54827,0,0
-96783,0,0
-51421,0,0
8123,0,0
-122777,0,0
-84815,0,0
-65727,0,0
-30697,0,0
-81229,0,0
-21413,0,0
-91069,0,0
-210062,0,0
213599,0,0
109329,0,0
-168160,0,0
-97389,0,0
24606,0,0
-168121,0,0
-9791,0,0
-4868,0,0
11937,0,0
-59901,0,0
28049,0,0
-51921,0,0
-20526,0,0
33048,0,0
186986,0,0
140484,0,0
-164604,0,0
-25765,0,0
25687,0,0
-66894,0,0
-107134,0,0
145997,0,0
107056,0,0
194374,0,0
-159962,0,0
278274,0,0
38215,0,0
-72081,0,0
-138391,0,0
-143553,0,0
124780,0,0
67987,0,0
159707,0,0
63483,0,0
-2444,0,0
-78001,0,0
-16493,0,0
89300,0,0
59802,0,0
-158806,0,0
-58341,0,0
149743,0,0
154251,0,0
105425,0,0
-170104,0,0
-61799,0,0
32010,0,0
80113,0,0
-94398,0,0
-51352,0,0
46150,0,0
58573,0,0
-4931,0,0
-23766,0,0
105709,0,0
571,0,0
-9541,0,0
-109928,0,0
220891,0,0
2873,0,0
-6530,0,0
-210631,0,0
-87862,0,0
95436,0,0
27400,0,0
-71154,0,0
2412,0,0
-156062,0,0
31856,0,0
143777,0,0
-91154,0,0
31921,0,0
-137467,0,0
-62389,0,0
-7751,0,0
-83077,0,0
-29131,0,0
-90082,0,0
-88350,0,0
-96290,0,0
57900,0,0
208059,0,0
-14179,0,0
-105631,0,0
-148076,0,0
-70668,0,0
-105868,0,0
105228,0,0
-12673,0,0
-128761,0,0
65020,0,0
136751,0,0
78537,0,0
-12733,0,0
-73399,0,0
-41536,0,0
-52233,0,0
102064,0,0
-46725,0,0
-78845,0,0
44811,0,0
20044,0,0
19992,0,0
67175,0,0
119699,0,0
170372,0,0
-188896,0,0
-257367,0,0
45955,0,0
52639,0,0
-51889,0,0
-79296,0,0
107156,0,0
-41895,0,0
271978,0,0
78151,0,0
-359215,0,0
-132320,0,0
60846,0,0
272295,0,0
25966,0,0
66263,0,0
-194938,0,0
74945,0,0
232644,0,0
-73438,0,0
-39993,0,0
64089,0,0
112248,0,0
596,0,0
44459,0,0
65677,0,0
22772,0,0
156194,0,0
-5497,0,0
64373,0,0
85789,0,0
162198,0,0
45689,0,0
-170353,0,0
24662,0,0
695,0,0
42498,0,0
80168,0,0
-87484,0,0
26771,0,0
162023,0,0
162665,0,0
49879,0,0
-127200,0,0
-3939,0,0
-38705,0,0
-46382,0,0
-80773,0,0
160327,0,0
33313,0,0
-53787,0,0
-17623,0,0
-175106,0,0
-79757,0,0
98228,0,0
195086,0,0
21124,0,0
-136405,0,0
-37638,0,0
-26625,0,0
-72878,0,0
184582,0,0
-86548,0,0
-107302,0,0
-133215,0,0
-103,0,0
-18681,0,0
22004,0,0
60948,0,0
-199639,0,0
-269589,0,0
5611,0,0
236931,0,0
169169,0,0
-128662,0,0
-108418,0,0
-178200,0,0
-29979,0,0
19750,0,0
-157421,0,0
-52716,0,0
87912,0,0
243945,0,0
-13542,0,0
-100020,0,0
187663,0,0
33086,0,0
-21301,0,0
-141124,0,0
-191246,0,0
-42905,0,0
63722,0,0
92857,0,0
38523,0,0
180561,0,0
-76869,0,0
-26067,0,0
-170537,0,0
-27468,0,0
47289,0,0
-63300,0,0
105152,0,0
98875,0,0
34600,0,0
-58656,0,0
-74663,0,0
-7199,0,0
-20033,0,0
-10126,0,0
24117,0,0
65573,0,0
25127,0,0
71847,0,0
175801,0,0
-169520,0,0
-182717,0,0
166547,0,0
235652,0,0
44237,0,0
-151133,0,0
-141542,0,0
-180540,0,0
6176,0,0
255162,0,0
-5461,0,0
39881,0,0
96884,0,0
-100196,0,0
69468,0,0
262071,0,0
-153105,0,0
-215747,0,0
257449,0,0
50067,0,0
26146,0,0
-80097,0,0
-99338,0,0
24865,0,0
205393,0,0
183534,0,0
-19827,0,0
-155012,0,0
90812,0,0
96056,0,0
-189233,0,0
-34529,0,0
163225,0,0
-3103,0,0
153059,0,0
-2957,0,0
-29333,0,0
-76828,0,0
-166761,0,0
118773,0,0
126689,0,0
5758,0,0
37320,0,0
-117595,0,0
-58176,0,0
-39577,0,0
140774,0,0
108618,0,0
-49275,0,0
-95283,0,0
-69842,0,0
-79212,0,0
12677,0,0
2866,0,0
121902,0,0
80140,0,0
-69030,0,0
-68792,0,0
-107772,0,0
-25360,0,0
140416,0,0
35124,0,0
-1544,0,0
75105,0,0
-111997,0,0
-28376,0,0
-56442,0,0
36439,0,0
135235,0,0
-53713,0,0
-68666,0,0
-134540,0,0
-22079,0,0
152432,0,0
-165117,0,0
-341081,0,0
109952,0,0
89020,0,0
80272,0,0
-110908,0,0
81191,0,0
-119435,0,0
-257480,0,0
47235,0,0
-11779,0,0
-9605,0,0
134735,0,0
-252616,0,0
-100765,0,0
62375,0,0
155362,0,0
-20867,0,0
-101101,0,0
-57034,0,0
77012,0,0
429,0,0
108426,0,0
7370,0,0
-3581,0,0
-17097,0,0
-53491,0,0
19768,0,0
9039,0,0
-48520,0,0
180478,0,0
192454,0,0
53725,0,0
26967,0,0
-17069,0,0
-215146,0,0
49628,0,0
73005,0,0
8616,0,0
41232,0,0
46059,0,0
9485,0,0
-80946,0,0
211831,0,0
99143,0,0
-127372,0,0
-217674,0,0
-107391,0,0
21463,0,0
219847,0,0
2210,0,0
20795,0,0
-21110,0,0
27680,0,0
-1989,0,0
115762,0,0
14509,0,0
38596,0,0
-63841,0,0
58335,0,0
89987,0,0
1747,0,0
-28448,0,0
1148,0,0
15422,0,0
3881,0,0
-165223,0,0
64696,0,0
216660,0,0
-86224,0,0
-7729,0,0
-62646,0,0
-215165,0,0
-42227,0,0
127101,0,0
-25544,0,0
-221491,0,0
46173,0,0
-29670,0,0
220254,0,0
72227,0,0
-249482,0,0
-263883,0,0
93235,0,0
66178,0,0
38,0,0
-148999,0,0
-142193,0,0
33701,0,0
215444,0,0
101882,0,0
-255581,0,0
-202158,0,0
83852,0,0
138747,0,0
-176675,0,0
-219498,0,0
33134,0,0
93591,0,0
-15316,0,0
-50940,0,0
129514,0,0
33922,0,0
-72697,0,0
-101414,0,0
-164783,0,0
-30694,0,0
175606,0,0
-54389,0,0
-155075,0,0
46907,0,0
172743,0,0
186223,0,0
34480,0,0
-67945,0,0
-106135,0,0
-164153,0,0
3962,0,0
77575,0,0
64773,0,0
-12100,0,0
217272,0,0
268045,0,0
82386,0,0
-211371,0,0
-42391,0,0
62189,0,0
13770,0,0
-34292,0,0
113322,0,0
76543,0,0
41511,0,0
-37045,0,0
99577,0,0
127295,0,0
120133,0,0
-45041,0,0
-37296,0,0
48457,0,0
26876,0,0
-91267,0,0
41556,0,0
-12797,0,0
-104895,0,0
32043,0,0
199025,0,0
127351,0,0
-74302,0,0
6252,0,0
73180,0,0
27202,0,0
-129735,0,0
81353,0,0
79740,0,0
-10532,0,0
10817,0,0
-46352,0,0
-57534,0,0
-2329,0,0
167832,0,0
185419,0,0
21766,0,0
-70291,0,0
-96346,0,0
-199470,0,0
22234,0,0
13955,0,0
-57948,0,0
52015,0,0
-120997,0,0
-104854,0,0
69003,0,0
26659,0,0
-197440,0,0
-377118,0,0
-152966,0,0
158076,0,0
213706,0,0
160364,0,0
-92725,0,0
-223750,0,0
-195748,0,0
1640,0,0
-29272,0,0
59239,0,0
47300,0,0
62551,0,0
32140,0,0
-9566,0,0
-28868,0,0
149555,0,0
29480,0,0
-31346,0,0
81419,0,0
198065,0,0
-37018,0,0
-134031,0,0
-106793,0,0
-54882,0,0
96442,0,0
-70356,0,0
68131,0,0
322302,0,0
34346,0,0
-138987,0,0
87550,0,0
-10572,0,0
-8688,0,0
88347,0,0
71619,0,0
-72249,0,0
-75439,0,0
3382,0,0
109791,0,0
37392,0,0
62652,0,0
-75931,0,0
50548,0,0
89131,0,0
-57249,0,0
102761,0,0
73289,0,0
21230,0,0
1539,0,0
-21687,0,0
-92815,0,0
-105316,0,0
84865,0,0
2807,0,0
66779,0,0
120303,0,0
186540,0,0
70279,0,0
-52466,0,0
-92183,0,0
100939,0,0
-69010,0,0
42503,0,0
-3834,0,0
82298,0,0
-110283,0,0
253357,0,0
5910,0,0
-216291,0,0
-162957,0,0
127046,0,0
169338,0,0
129519,0,0
-88165,0,0
-260012,0,0
-190206,0,0
-100427,0,0
238966,0,0
166694,0,0
12285,0,0
-245708,0,0
-152148,0,0
-42184,0,0
-76014,0,0
-151608,0,0
-174269,0,0
133713,0,0
172414,0,0
121856,0,0
-213435,0,0
-139272,0,0
-4534,0,0
-24942,0,0
-137983,0,0
-95561,0,0
-159603,0,0
60060,0,0
86132,0,0
350539,0,0
100713,0,0
-300267,0,0
-182608,0,0
-121475,0,0
104897,0,0
-58616,0,0
140532,0,0
67372,0,0
-267866,0,0
-210572,0,0
-37844,0,0
359944,0,0
169471,0,0
-37544,0,0
-6693,0,0
-154184,0,0
-77294,0,0
-142247,0,0
-53198,0,0
-21691,0,0
119980,0,0
136843,0,0
-108248,0,0
3300,0,0
-145478,0,0
216645,0,0
10205,0,0
-314815,0,0
-107454,0,0
33807,0,0
103350,0,0
-99711,0,0
130280,0,0
73928,0,0
-379356,0,0
-90218,0,0
31047,0,0
127776,0,0
119218,0,0
-61449,0,0
-187135,0,0
-37633,0,0
41288,0,0
121883,0,0
-37154,0,0
-200417,0,0
-107068,0,0
-36887,0,0
-62622,0,0
120344,0,0
93996,0,0
245352,0,0
100455,0,0
-121471,0,0
-98772,0,0
144126,0,0
-73545,0,0
-143935,0,0
193000,0,0
99645,0,0
58893,0,0
89044,0,0
55518,0,0
19589,0,0
182521,0,0
194236,0,0
29864,0,0
-30963,0,0
-49502,0,0
-123956,0,0
-41809,0,0
-81311,0,0
79647,0,0
173595,0,0
-163304,0,0
-63519,0,0
45788,0,0
160494,0,0
164299,0,0
-156626,0,0
-171648,0,0
47461,0,0
43621,0,0
-40976,0,0
146296,0,0
14854,0,0
51595,0,0
6065,0,0
33273,0,0
137517,0,0
-67262,0,0
-34548,0,0
-45905,0,0
-92473,0,0
13604,0,0
483395,0,0
35452,0,0
-208831,0,0
-39014,0,0
-32135,0,0
70834,0,0
-229228,0,0
-145186,0,0
-12533,0,0
31282,0,0
146315,0,0
313136,0,0
209776,0,0
-186509,0,0
-154556,0,0
-113501,0,0
175884,0,0
71883,0,0
-64338,0,0
6748,0,0
18459,0,0
-152,0,0
207845,0,0
-126705,0,0
-330853,0,0
-10961,0,0
114175,0,0
219011,0,0
298612,0,0
-181340,0,0
-359628,0,0
75795,0,0
55943,0,0
-393088,0,0
-122102,0,0
176911,0,0
159279,0,0
-28249,0,0
-31892,0,0
44452,0,0
93630,0,0
-196972,0,0
-84023,0,0
102533,0,0
182168,0,0
-106448,0,0
-12085,0,0
130517,0,0
44651,0,0
12687,0,0
26946,0,0
116808,0,0
7665,0,0
-40032,0,0
-2070,0,0
56020,0,0
123359,0,0
11806,0,0
-106022,0,0
-8696,0,0
64415,0,0
48845,0,0
-7186,0,0
75338,0,0
-103909,0,0
-58397,0,0
134324,0,0
-11759,0,0
-84833,0,0
-72441,0,0
-92828,0,0
-158032,0,0
66859,0,0
272695,0,0
41530,0,0
48318,0,0
-238035,0,0
-193122,0,0
-232967,0,0
188840,0,0
183914,0,0
-63503,0,0
-55792,0,0
158912,0,0
-215547,0,0
-187587,0,0
5460,0,0
194177,0,0
188772,0,0
-74321,0,0
-106395,0,0
-9551,0,0
-109602,0,0
42604,0,0
276818,0,0
-37719,0,0
-160670,0,0
-42277,0,0
18910,0,0
42884,0,0
1341,0,0
198230,0,0
-154850,0,0
-61172,0,0
27359,0,0
28005,0,0
-75429,0,0
-147984,0,0
-103832,0,0
196088,0,0
188348,0,0
9075,0,0
-261409,0,0
-242024,0,0
108161,0,0
109096,0,0
88403,0,0
-30701,0,0
51625,0,0
73019,0,0
11351,0,0
-40724,0,0
-117815,0,0
-31979,0,0
-4383,0,0
-129592,0,0
-75611,0,0
-24064,0,0
266652,0,0
237450,0,0
-142002,0,0
-81413,0,0
-21717,0,0
-187823,0,0
-246764,0,0
-160187,0,0
-18249,0,0
170810,0,0
34596,0,0
-110540,0,0
21063,0,0
-36808,0,0
-50838,0,0
18596,0,0
-117403,0,0
-71861,0,0
-66373,0,0
-74053,0,0
-87875,0,0
180923,0,0
64373,0,0
-99088,0,0
22156,0,0
-195307,0,0
-23847,0,0
-217787,0,0
-120851,0,0
296960,0,0
118730,0,0
244463,0,0
-156798,0,0
-190147,0,0
-151509,0,0
53694,0,0
-12916,0,0
45421,0,0
144224,0,0
11759,0,0
25984,0,0
269560,0,0
12867,0,0
-44248,0,0
-66727,0,0
69601,0,0
170926,0,0
61697,0,0
-45253,0,0
117149,0,0
96672,0,0
-41126,0,0
100805,0,0
-93816,0,0
90282,0,0
100199,0,0
-9189,0,0
96282,0,0
-224618,0,0
-51333,0,0
-19295,0,0
-29072,0,0
-33132,0,0
5971,0,0
214735,0,0
30108,0,0
76488,0,0
-121107,0,0
-160872,0,0
52742,0,0
-74288,0,0
-6892,0,0
188321,0,0
16588,0,0
46995,0,0
-48073,0,0
-125372,0,0
155198,0,0
74477,0,0
-36070,0,0
58203,0,0
11838,0,0
385,0,0
60652,0,0
-69021,0,0
-207924,0,0
-25252,0,0
-125085,0,0
159963,0,0
70686,0,0
-21917,0,0
204773,0,0
-168168,0,0
-198733,0,0
39463,0,0
-35763,0,0
-88034,0,0
-117971,0,0
-33352,0,0
-55949,0,0
27147,0,0
71923,0,0
-2095,0,0
-156918,0,0
-178224,0,0
38200,0,0
285765,0,0
-136727,0,0
-208039,0,0
-57861,0,0
-74370,0,0
-56066,0,0
56968,0,0
59010,0,0
-27230,0,0
-24824,0,0
-45908,0,0
-4336,0,0
145523,0,0
134752,0,0
-22385,0,0
-65033,0,0
-106306,0,0
-69310,0,0
90171,0,0
81013,0,0
31876,0,0
-148460,0,0
-56837,0,0
-32118,0,0
-93627,0,0
261309,0,0
266162,0,0
-73184,0,0
-328588,0,0
-168663,0,0
-70922,0,0
-58276,0,0
95075,0,0
173772,0,0
114114,0,0
-127985,0,0
-304737,0,0
-23527,0,0
-16001,0,0
281475,0,0
-5230,0,0
-122608,0,0
-20974,0,0
-22174,0,0
44583,0,0
-57108,0,0
-238533,0,0
-19,0,0
64497,0,0
240305,0,0
-33276,0,0
-102264,0,0
-127425,0,0
-34870,0,0
-15941,0,0
-92556,0,0
-38149,0,0
152316,0,0
235602,0,0
-167383,0,0
-186493,0,0
-46909,0,0
37626,0,0
80495,0,0
29619,0,0
-151410,0,0
-54622,0,0
91811,0,0
-9023,0,0
41608,0,0
-98461,0,0
-107424,0,0
-26142,0,0
-152853,0,0
-218475,0,0
-96318,0,0
106757,0,0
194232,0,0
11833,0,0
-172450,0,0
-189099,0,0
-370423,0,0
-274606,0,0
52686,0,0
240291,0,0
-36817,0,0
-92445,0,0
-150084,0,0
84775,0,0
162442,0,0
-126042,0,0
-223284,0,0
-82065,0,0
-100579,0,0
-13036,0,0
105748,0,0
186004,0,0
147964,0,0
-25933,0,0
-115921,0,0
16263,0,0
43205,0,0
-41407,0,0
16903,0,0
37538,0,0
109344,0,0
80383,0,0
-95699,0,0
-117489,0,0
-39184,0,0
-68441,0,0
-33518,0,0
223162,0,0
270335,0,0
-71374,0,0
40102,0,0
-102465,0,0
-156113,0,0
-49761,0,0
-111048,0,0
-26760,0,0
32237,0,0
-185,0,0
-145400,0,0
125469,0,0
289025,0,0
58802,0,0
-305765,0,0
-63105,0,0
-98555,0,0
58199,0,0
-4692,0,0
-107083,0,0
22233,0,0
-121174,0,0
55868,0,0
172030,0,0
-41607,0,0
-77582,0,0
-101189,0,0
-63500,0,0
29263,0,0
-6979,0,0
53926,0,0
-115081,0,0
26037,0,0
108575,0,0
-138395,0,0
-68489,0,0
253244,0,0
121573,0,0
-216457,0,0
-157474,0,0
-78640,0,0
-10374,0,0
21212,0,0
313573,0,0
14952,0,0
-47422,0,0
27626,0,0
-151201,0,0
224,0,0
68904,0,0
9371,0,0
-113676,0,0
-2595,0,0
162066,0,0
31514,0,0
30132,0,0
-86128,0,0
-271378,0,0
127277,0,0
181071,0,0
-91021,0,0
863,0,0
51308,0,0
-146319,0,0
-86062,0,0
-55980,0,0
95534,0,0
90761,0,0
-135823,0,0
-162697,0,0
-19076,0,0
-61451,0,0
160897,0,0
296514,0,0
52082,0,0
-120717,0,0
-125235,0,0
-44516,0,0
5982,0,0
155179,0,0
169833,0,0
62250,0,0
-79730,0,0
56911,0,0
131456,0,0
-34470,0,0
131754,0,0
-9828,0,0
-171824,0,0
303339,0,0
284116,0,0
-57912,0,0
-164160,0,0
-7047,0,0
-149596,0,0
-59214,0,0
-8513,0,0
117079,0,0
149506,0,0
-54999,0,0
-390461,0,0
-44851,0,0
246427,0,0
259941,0,0
51806,0,0
-152145,0,0
-85221,0,0
143733,0,0
-149787,0,0
-41584,0,0
129328,0,0
79831,0,0
63305,0,0
148426,0,0
143326,0,0
-16823,0,0
-46464,0,0
177708,0,0
113153,0,0
103328,0,0
174872,0,0
-19438,0,0
-32096,0,0
-62207,0,0
4474,0,0
150492,0,0
180494,0,0
-29316,0,0
29434,0,0
-102948,0,0
-155293,0,0
173692,0,0
178363,0,0
-44666,0,0
-280328,0,0
-222982,0,0
137610,0,0
275114,0,0
61532,0,0
-89028,0,0
-134187,0,0
-53631,0,0
-117518,0,0
42111,0,0
115101,0,0
-62318,0,0
244443,0,0
9904,0,0
-41402,0,0
-75729,0,0
229343,0,0
166130,0,0
-36769,0,0
31528,0,0
151035,0,0
3751,0,0
118372,0,0
194252,0,0
40580,0,0
126380,0,0
-62559,0,0
-152238,0,0
79305,0,0
223761,0,0
392211,0,0
6400,0,0
-152789,0,0
-140924,0,0
15752,0,0
160797,0,0
3635,0,0
98005,0,0
-22127,0,0
160785,0,0
71073,0,0
-196604,0,0
-140019,0,0
-65175,0,0
65195,0,0
303475,0,0
264521,0,0
-56796,0,0
-159346,0,0
-31269,0,0
-99352,0,0
-58590,0,0
-41186,0,0
171460,0,0
69359,0,0
-5194,0,0
-125210,0,0
56891,0,0
62293,0,0
-97450,0,0
-65040,0,0
2485,0,0
236563,0,0
61774,0,0
-193062,0,0
-59128,0,0
109299,0,0
44527,0,0
62927,0,0
-81691,0,0
43157,0,0
69995,0,0
-7667,0,0
-65989,0,0
-115422,0,0
25997,0,0
76487,0,0
13588,0,0
-65707,0,0
63879,0,0
7838,0,0
37360,0,0
-85046,0,0
-192869,0,0
26758,0,0
-26567,0,0
-81723,0,0
20101,0,0
75734,0,0
65934,0,0
36450,0,0
-138960,0,0
-79157,0,0
-120694,0,0
-23151,0,0
-8917,0,0
-61449,0,0
5379,0,0
-84162,0,0
-46264,0,0
40616,0,0
-76457,0,0
-111353,0,0
-45820,0,0
313613,0,0
178297,0,0
-57518,0,0
-330144,0,0
-104450,0,0
-87733,0,0
265850,0,0
366384,0,0
-25720,0,0
-45562,0,0
20117,0,0
78699,0,0
15314,0,0
12410,0,0
150140,0,0
219854,0,0
15513,0,0
-36546,0,0
-90781,0,0
-109521,0,0
-36150,0,0
184001,0,0
-8258,0,0
-196514,0,0
-256779,0,0
-47849,0,0
184225,0,0
221938,0,0
-56318,0,0
-305565,0,0
-280649,0,0
-105301,0,0
-167596,0,0
75046,0,0
109960,0,0
44509,0,0
-217566,0,0
-127957,0,0
156384,0,0
-152106,0,0
-138181,0,0
-5127,0,0
-107637,0,0
-67581,0,0
-69379,0,0
-78450,0,0
74565,0,0
18122,0,0
-177305,0,0
-1536,0,0
19710,0,0
22617,0,0
8099,0,0
47569,0,0
24230,0,0
-175278,0,0
-158393,0,0
-10127,0,0
3204,0,0
65968,0,0
-76896,0,0
-47641,0,0
27536,0,0
270835,0,0
65756,0,0
-141563,0,0
30916,0,0
-8518,0,0
-87722,0,0
-64990,0,0
-21665,0,0
-76905,0,0
2051,0,0
15548,0,0
22655,0,0
83759,0,0
-66504,0,0
-90348,0,0
-105383,0,0
-280331,0,0
-42100,0,0
118749,0,0
22345,0,0
-75459,0,0
23479,0,0
-79220,0,0
-78617,0,0
49443,0,0
-57067,0,0
-252620,0,0
-108061,0,0
19571,0,0
58188,0,0
58732,0,0
164331,0,0
30374,0,0
-102603,0,0
-130436,0,0
-87092,0,0
83324,0,0
280543,0,0
90118,0,0
-262957,0,0
-60345,0,0
-2030,0,0
-28388,0,0
44183,0,0
107085,0,0
166141,0,0
-34887,0,0
-102807,0,0
58666,0,0
69833,0,0
-24132,0,0
-119930,0,0
58875,0,0
-52289,0,0
-35099,0,0
-14717,0,0
-185921,0,0
19007,0,0
-27425,0,0
-51802,0,0
21641,0,0
300063,0,0
-115716,0,0
-80257,0,0
-248887,0,0
16805,0,0
-43350,0,0
-28313,0,0
-69945,0,0
83022,0,0
2346,0,0
-138893,0,0
-58031,0,0
163334,0,0
207053,0,0
-98615,0,0
-66695,0,0
-59793,0,0
-62826,0,0
27619,0,0
-108441,0,0
-46414,0,0
-41777,0,0
-24877,0,0
62303,0,0
166077,0,0
-184186,0,0
-241583,0,0
-54854,0,0
-55047,0,0
38475,0,0
54302,0,0
-220667,0,0
19132,0,0
183537,0,0
-24350,0,0
-28334,0,0
-9019,0,0
938,0,0
62127,0,0
-169,0,0
79049,0,0
-9862,0,0
17662,0,0
-6309,0,0
33184,0,0
55228,0,0
20662,0,0
146641,0,0
62789,0,0
115837,0,0
83285,0,0
-65500,0,0
-5324,0,0
-29316,0,0
150790,0,0
8354,0,0
-33906,0,0
114180,0,0
109190,0,0
-27968,0,0
-134888,0,0
-224414,0,0
164683,0,0
577355,0,0
75457,0,0
-215629,0,0
-184368,0,0
-178083,0,0
-29539,0,0
184850,0,0
270959,0,0
-65541,0,0
-24927,0,0
7824,0,0
-104658,0,0
-130392,0,0
-93404,0,0
-9288,0,0
52872,0,0
40932,0,0
50857,0,0
-77117,0,0
-168041,0,0
-23658,0,0
-22074,0,0
-108943,0,0
169620,0,0
-115353,0,0
-45937,0,0
27565,0,0
-76725,0,0
-100525,0,0
73338,0,0
61663,0,0
-11967,0,0
-38465,0,0
-151699,0,0
37393,0,0
98638,0,0
20027,0,0
-90062,0,0
50468,0,0
-41026,0,0
4427,0,0
-57185,0,0
30397,0,0
85348,0,0
-4565,0,0
-114606,0,0
-25287,0,0
-33021,0,0
-29478,0,0
55390,0,0
-62290,0,0
6841,0,0
20840,0,0
-15718,0,0
-939,0,0
-138064,0,0
-123154,0,0
104322,0,0
186207,0,0
91296,0,0
726,0,0
-191903,0,0
-202070,0,0
21464,0,0
246869,0,0
-47174,0,0
84689,0,0
1652,0,0
145440,0,0
-46083,0,0
-47207,0,0
98825,0,0
35348,0,0
17102,0,0
-88926,0,0
7644,0,0
248806,0,0
214905,0,0
-75616,0,0
-9011,0,0
-3073,0,0
-82183,0,0
-66711,0,0
79746,0,0
126865,0,0
110466,0,0
94324,0,0
-173281,0,0
-74193,0,0
80676,0,0
-72894,0,0
110016,0,0
199754,0,0
-179696,0,0
-53218,0,0
136905,0,0
33787,0,0
-55318,0,0
-206986,0,0
-226277,0,0
-91162,0,0
290822,0,0
319760,0,0
-154558,0,0
-167717,0,0
-63768,0,0
-54037,0,0
-62236,0,0
6040,0,0
89221,0,0
13451,0,0
-126280,0,0
-269027,0,0
-281241,0,0
-111414,0,0
85471,0,0
271895,0,0
240473,0,0
29362,0,0
78314,0,0
-304452,0,0
-206089,0,0
-115138,0,0
-129575,0,0
98132,0,0
178923,0,0
122389,0,0
110932,0,0
-27975,0,0
-123815,0,0
80032,0,0
48395,0,0
120684,0,0
-56025,0,0
-89587,0,0
-69231,0,0
175932,0,0
135302,0,0
-168240,0,0
3798,0,0
16523,0,0
199318,0,0
-108820,0,0
-188588,0,0
21787,0,0
39761,0,0
-242021,0,0
129298,0,0
291709,0,0
135591,0,0
-37873,0,0
-267364,0,0
-252684,0,0
-160699,0,0
-88109,0,0
-6065,0,0
71913,0,0
144093,0,0
-54877,0,0
-96974,0,0
331296,0,0
85071,0,0
-146289,0,0
-295930,0,0
-112964,0,0
107737,0,0
64009,0,0
-58379,0,0
88172,0,0
65407,0,0
63723,0,0
-12768,0,0
112666,0,0
-51347,0,0
-91256,0,0
121178,0,0
109238,0,0
109980,0,0
-74114,0,0
-77593,0,0
33108,0,0
-75104,0,0
151288,0,0
-19987,0,0
-17799,0,0
77486,0,0
-24867,0,0
-3576,0,0
35136,0,0
-2054,0,0
-25881,0,0
-57359,0,0
61364,0,0
82269,0,0
72844,0,0
-10225,0,0
-258699,0,0
-86585,0,0
95009,0,0
138201,0,0
-205736,0,0
-148825,0,0
-86232,0,0
-4703,0,0
-113297,0,0
190256,0,0
209651,0,0
-139390,0,0
-111492,0,0
-270831,0,0
-58454,0,0
-128895,0,0
-41346,0,0
270575,0,0
125506,0,0
77928,0,0
-62407,0,0
-124855,0,0
-183398,0,0
-161548,0,0
89429,0,0
366603,0,0
32559,0,0
-28160,0,0
86711,0,0
-24717,0,0
-2785,0,0
-11506,0,0
-16994,0,0
9231,0,0
217433,0,0
66077,0,0
-116186,0,0
-61434,0,0
21916,0,0
-42389,0,0
29602,0,0
97858,0,0
176349,0,0
-15841,0,0
-123797,0,0
-61296,0,0
8507,0,0
-77317,0,0
-70706,0,0
-121958,0,0
-30774,0,0
114965,0,0
123304,0,0
29549,0,0
-21617,0,0
23674,0,0
43044,0,0
-172849,0,0
34647,0,0
161773,0,0
243944,0,0
-63949,0,0
45489,0,0
185222,0,0
-198641,0,0
-80884,0,0
68018,0,0
-41607,0,0
83965,0,0
57331,0,0
159755,0,0
-1690,0,0
-91366,0,0
40401,0,0
81559,0,0
10047,0,0
-37995,0,0
-38609,0,0
-33289,0,0
-147124,0,0
-42877,0,0
6957,0,0
55372,0,0
139885,0,0
193307,0,0
-288955,0,0
-5157,0,0
22722,0,0
187513,0,0
253894,0,0
-20031,0,0
-207057,0,0
-110886,0,0
158389,0,0
-4736,0,0
79738,0,0
154982,0,0
-153674,0,0
-117933,0,0
118077,0,0
304681,0,0
12127,0,0
106142,0,0
17344,0,0
-119050,0,0
-123857,0,0
-95806,0,0
182613,0,0
55640,0,0
107692,0,0
-55905,0,0
-3814,0,0
2600,0,0
-58963,0,0
30997,0,0
214150,0,0
195494,0,0
-157288,0,0
-168701,0,0
234961,0,0
107466,0,0
-142727,0,0
-32027,0,0
95483,0,0
55673,0,0
58080,0,0
-44597,0,0
75129,0,0
2319,0,0
42130,0,0
-13292,0,0
54765,0,0
-74466,0,0
-128056,0,0
-95969,0,0
-19708,0,0
-44383,0,0
-118494,0,0
-119834,0,0
-121465,0,0
29061,0,0
39568,0,0
38939,0,0
-219909,0,0
-157522,0,0
-45364,0,0
34465,0,0
27974,0,0
-96941,0,0
-118027,0,0
-14472,0,0
-6820,0,0
-159753,0,0
-95741,0,0
113549,0,0
6561,0,0
-122387,0,0
-51577,0,0
91715,0,0
52547,0,0
22709,0,0
-200134,0,0
-144050,0,0
-204426,0,0
-175200,0,0
52010,0,0
157713,0,0
102661,0,0
-85995,0,0
-121703,0,0
-105174,0,0
-27125,0,0
-196864,0,0
-123689,0,0
84054,0,0
382963,0,0
-27860,0,0
-231334,0,0
-42894,0,0
-80920,0,0
68364,0,0
121014,0,0
-531,0,0
-194852,0,0
76768,0,0
-59168,0,0
51472,0,0
174609,0,0
-14482,0,0
132642,0,0
-16291,0,0
85315,0,0
-82381,0,0
53253,0,0
10463,0,0
83043,0,0
26364,0,0
-18319,0,0
67462,0,0
55515,0,0
111572,0,0
82860,0,0
131716,0,0
-19032,0,0
-47358,0,0
82437,0,0
82946,0,0
74589,0,0
135332,0,0
19152,0,0
-34043,0,0
-97345,0,0
-3289,0,0
92322,0,0
191294,0,0
-3040,0,0
-4503,0,0
4880,0,0
-93875,0,0
35049,0,0
110325,0,0
96075,0,0
-83646,0,0
-51621,0,0
-152084,0,0
27015,0,0
-150400,0,0
-35898,0,0
250610,0,0
297135,0,0
-22931,0,0
-371087,0,0
-20463,0,0
-16747,0,0
-77061,0,0
202161,0,0
119281,0,0
-14090,0,0
-29828,0,0
-58317,0,0
-190198,0,0
-124418,0,0
135053,0,0
-76,0,0
-237480,0,0
215690,0,0
257991,0,0
-3941,0,0
-239068,0,0
-172854,0,0
-41081,0,0
-82654,0,0
111313,0,0
33276,0,0
-7966,0,0
-30243,0,0
-119018,0,0
-19769,0,0
-14538,0,0
77588,0,0
8631,0,0
-32393,0,0
28568,0,0
170249,0,0
122812,0,0
191913,0,0
-9545,0,0
-141943,0,0
-57558,0,0
47420,0,0
86057,0,0
1878,0,0
29630,0,0
171624,0,0
206518,0,0
203710,0,0
-22508,0,0
-110940,0,0
-101608,0,0
-42727,0,0
138387,0,0
190399,0,0
157579,0,0
-142076,0,0
-19473,0,0
144196,0,0
-65622,0,0
-150689,0,0
-88500,0,0
66994,0,0
87100,0,0
-59032,0,0
50194,0,0
66163,0,0
184080,0,0
-34676,0,0
-31000,0,0
-182926,0,0
-26146,0,0
14949,0,0
8921,0,0
29304,0,0
93056,0,0
24816,0,0
-93846,0,0
38858,0,0
-7934,0,0
6506,0,0
32033,0,0
-10204,0,0
-37239,0,0
41694,0,0
11718,0,0
-13815,0,0
-58554,0,0
-51961,0,0
136482,0,0
-156806,0,0
-39754,0,0
140203,0,0
118733,0,0
-136114,0,0
-308329,0,0
-160124,0,0
331131,0,0
221543,0,0
-131350,0,0
-231586,0,0
-219179,0,0
-132568,0,0
72053,0,0
52150,0,0
184039,0,0
230543,0,0
-288855,0,0
-158474,0,0
-124194,0,0
-195645,0,0
-115016,0,0
203411,0,0
133170,0,0
159996,0,0
-112842,0,0
-260643,0,0
-58430,0,0
142923,0,0
192335,0,0
-64319,0,0
-80671,0,0
-175662,0,0
94677,0,0
82243,0,0
32746,0,0
-52155,0,0
-1286,0,0
84032,0,0
40592,0,0
177291,0,0
-71483,0,0
-135229,0,0
78112,0,0
-24363,0,0
-20552,0,0
41944,0,0
-138790,0,0
-78060,0,0
113319,0,0
87881,0,0
71910,0,0
-27354,0,0
-316773,0,0
-189015,0,0
80538,0,0
48325,0,0
36606,0,0
-83937,0,0
-159157,0,0
-41213,0,0
26729,0,0
-199624,0,0
-30156,0,0
46292,0,0
244449,0,0
-1853,0,0
-67336,0,0
-40914,0,0
-32314,0,0
-48461,0,0
90522,0,0
-40095,0,0
72429,0,0
52775,0,0
101037,0,0
165311,0,0
-54634,0,0
29381,0,0
-18440,0,0
-27045,0,0
50353,0,0
76036,0,0
-85841,0,0
-18310,0,0
-70588,0,0
-37759,0,0
56453,0,0
-100385,0,0
-57885,0,0
124447,0,0
-64504,0,0
-147708,0,0
44986,0,0
200457,0,0
-83992,0,0
-210507,0,0
-119704,0,0
-40770,0,0
-82058,0,0
-121912,0,0
33411,0,0
386136,0,0
128017,0,0
-264205,0,0
-211756,0,0
-66738,0,0
115574,0,0
238525,0,0
-165251,0,0
-170464,0,0
-61602,0,0
37840,0,0
33805,0,0
182565,0,0
147000,0,0
-31247,0,0
-58324,0,0
-54441,0,0
51858,0,0
-105090,0,0
-62518,0,0
101314,0,0
193380,0,0
206067,0,0
113347,0,0
-56197,0,0
-162392,0,0
-7135,0,0
59576,0,0
124358,0,0
120996,0,0
495,0,0
-221823,0,0
-33629,0,0
127546,0,0
188857,0,0
-7742,0,0
57660,0,0
-90977,0,0
-106573,0,0
-185256,0,0
96452,0,0
308548,0,0
-27042,0,0
-37287,0,0
53011,0,0
-26999,0,0
112020,0,0
75101,0,0
-127247,0,0
-193085,0,0
-603,0,0
190069,0,0
75636,0,0
-122339,0,0
101959,0,0
124507,0,0
13305,0,0
11506,0,0
-64155,0,0
-110523,0,0
-96044,0,0
165787,0,0
92796,0,0
-30757,0,0
-252468,0,0
124095,0,0
231578,0,0
-94348,0,0
-140903,0,0
-766,0,0
47463,0,0
13670,0,0
177335,0,0
-7632,0,0
-52191,0,0
-6868,0,0
69524,0,0
-163568,0,0
-48214,0,0
171888,0,0
-70456,0,0
-176940,0,0
64414,0,0
254243,0,0
60393,0,0
97323,0,0
-83313,0,0
-134867,0,0
-98594,0,0
16772,0,0
-34816,0,0
15344,0,0
145773,0,0
-28401,0,0
71138,0,0
-31272,0,0
68444,0,0
67766,0,0
-164788,0,0
-72311,0,0
84000,0,0
15066,0,0
-48972,0,0
-12374,0,0
-6375,0,0
103890,0,0
-91392,0,0
-97255,0,0
-108516,0,0
-95486,0,0
-72994,0,0
148990,0,0
80141,0,0
-39330,0,0
107368,0,0
-181731,0,0
-146206,0,0
21150,0,0
138472,0,0
-51380,0,0
-43048,0,0
-103942,0,0
-3105,0,0
-172376,0,0
-100829,0,0
88697,0,0
-102953,0,0
10390,0,0
236682,0,0
150429,0,0
25165,0,0
36035,0,0
-275336,0,0
-163506,0,0
213376,0,0
-29459,0,0
-20471,0,0
168329,0,0
122714,0,0
-81763,0,0
56240,0,0
83433,0,0
6630,0,0
100787,0,0
26553,0,0
100996,0,0
-32775,0,0
-256230,0,0
-94449,0,0
190672,0,0
249311,0,0
145237,0,0
-187588,0,0
-57266,0,0
47528,0,0
-65429,0,0
-21298,0,0
-33735,0,0
-129957,0,0
95067,0,0
182952,0,0
28085,0,0
-45221,0,0
-75129,0,0
144739,0,0
165852,0,0
-120344,0,0
-73614,0,0
132526,0,0
31048,0,0
-9386,0,0
47366,0,0
-83045,0,0
37446,0,0
51556,0,0
-81915,0,0
26611,0,0
137376,0,0
-26016,0,0
153187,0,0
-33763,0,0
-62160,0,0
-7777,0,0
74251,0,0
-121787,0,0
-9502,0,0
-72477,0,0
-193461,0,0
155545,0,0
103331,0,0
-942,0,0
76361,0,0
-237097,0,0
-22032,0,0
96440,0,0
77411,0,0
4286,0,0
-50931,0,0
5646,0,0
12917,0,0
-105543,0,0
-52546,0,0
154640,0,0
81334,0,0
63917,0,0
188450,0,0
-92228,0,0
-100691,0,0
-131561,0,0
-21960,0,0
87967,0,0
69446,0,0
52066,0,0
-46000,0,0
-33420,0,0
-99878,0,0
-107845,0,0
24736,0,0
83133,0,0
-5754,0,0
5298,0,0
-155786,0,0
-159452,0,0
-23341,0,0
-70014,0,0
180145,0,0
54675,0,0
-8627,0,0
143092,0,0
13472,0,0
-307137,0,0
-91022,0,0
241545,0,0
-71288,0,0
161493,0,0
131270,0,0
-139153,0,0
124229,0,0
-142145,0,0
77094,0,0
278215,0,0
38122,0,0
-167361,0,0
-56333,0,0
149353,0,0
124386,0,0
-65748,0,0
-14495,0,0
153018,0,0
24951,0,0
-77476,0,0
-197425,0,0
-25750,0,0
156137,0,0
15842,0,0
23390,0,0
-65872,0,0
34055,0,0
-7304,0,0
-100782,0,0
-25067,0,0
43923,0,0
-53064,0,0
128888,0,0
83812,0,0
-176155,0,0
-40369,0,0
12231,0,0
219392,0,0
109616,0,0
-41291,0,0
-20371,0,0
-2705,0,0
-41965,0,0
73371,0,0
56217,0,0
91251,0,0
20055,0,0
-7108,0,0
-19599,0,0
-136468,0,0
-54929,0,0
81684,0,0
137202,0,0
78914,0,0
14876,0,0
-82277,0,0
-37973,0,0
14743,0,0
-67093,0,0
14718,0,0
-54707,0,0
-42221,0,0
34417,0,0
-152376,0,0
-120491,0,0
145390,0,0
216574,0,0
-4264,0,0
-266791,0,0
-8054,0,0
-25866,0,0
-104910,0,0
180265,0,0
-36841,0,0
-168336,0,0
-152743,0,0
-19585,0,0
-24603,0,0
-40846,0,0
61435,0,0
125634,0,0
29606,0,0
-164506,0,0
-183933,0,0
43979,0,0
145181,0,0
-67837,0,0
-93009,0,0
-25557,0,0
233306,0,0
-19797,0,0
-83844,0,0
252941,0,0
110827,0,0
-222287,0,0
-79799,0,0
-140433,0,0
-73297,0,0
52018,0,0
69134,0,0
285342,0,0
133017,0,0
-41668,0,0
-48156,0,0
-36157,0,0
114995,0,0
31111,0,0
-86034,0,0
-117286,0,0
-63065,0,0
4109,0,0
4510,0,0
135100,0,0
-83432,0,0
25704,0,0
135357,0,0
41583,0,0
-105920,0,0
-107827,0,0
43268,0,0
43772,0,0
-36006,0,0
-17719,0,0
-20423,0,0
8998,0,0
-4726,0,0
-68649,0,0
-25770,0,0
70667,0,0
18240,0,0
-45283,0,0
35101,0,0
8496,0,0
-200340,0,0
-95296,0,0
91405,0,0
248,0,0
-9273,0,0
-112641,0,0
-134638,0,0
29233,0,0
-63560,0,0
-14650,0,0
-14844,0,0
75512,0,0
-85873,0,0
-104067,0,0
-101475,0,0
21338,0,0
-85104,0,0
-9377,0,0
-113340,0,0
35192,0,0
237888,0,0
-81159,0,0
64662,0,0
-124415,0,0
-194729,0,0
-119563,0,0
-107315,0,0
-55602,0,0
-31704,0,0
-67639,0,0
174251,0,0
59902,0,0
-293374,0,0
-139495,0,0
-71517,0,0
-24695,0,0
15740,0,0
-189322,0,0
-100611,0,0
7418,0,0
-78093,0,0
-103192,0,0
81016,0,0
181461,0,0
23639,0,0
-96846,0,0
96296,0,0
29421,0,0
-29249,0,0
-97812,0,0
96179,0,0
130806,0,0
230750,0,0
148457,0,0
-44656,0,0
-142378,0,0
54112,0,0
182271,0,0
142722,0,0
90737,0,0
36468,0,0
-135494,0,0
-181037,0,0
30545,0,0
206022,0,0
92074,0,0
33825,0,0
-35949,0,0
-109020,0,0
-275783,0,0
-90275,0,0
99750,0,0
-104303,0,0
-27597,0,0
140597,0,0
-22904,0,0
71866,0,0
-86809,0,0
-159216,0,0
-36805,0,0
12124,0,0
34463,0,0
-63592,0,0
-66910,0,0
-43477,0,0
-112029,0,0
10949,0,0
12627,0,0
69091,0,0
-193920,0,0
-97124,0,0
-111716,0,0
17262,0,0
40336,0,0
-209203,0,0
72912,0,0
90701,0,0
-118426,0,0
-132332,0,0
-153072,0,0
-134502,0,0
-49088,0,0
65881,0,0
-29475,0,0
-22890,0,0
-109777,0,0
-74908,0,0
-36872,0,0
-9236,0,0
-41526,0,0
-129851,0,0
-89554,0,0
-26490,0,0
82241,0,0
-117463,0,0
-211073,0,0
-9994,0,0
-50780,0,0
-143982,0,0
17676,0,0
56709,0,0
-30161,0,0
-259293,0,0
-94120,0,0
23008,0,0
-22666,0,0
37449,0,0
190677,0,0
91309,0,0
-224446,0,0
-50415,0,0
-47411,0,0
3638,0,0
65791,0,0
-22558,0,0
-86909,0,0
-20475,0,0
109249,0,0
123255,0,0
25661,0,0
-86314,0,0
92186,0,0
54010,0,0
61187,0,0
-12296,0,0
-45714,0,0
-187045,0,0
89922,0,0
242595,0,0
-24444,0,0
81402,0,0
-24806,0,0
35719,0,0
35546,0,0
-10934,0,0
45023,0,0
-31286,0,0
-160054,0,0
123440,0,0
97416,0,0
80593,0,0
71419,0,0
-86633,0,0
-82978,0,0
-63239,0,0
-38415,0,0
-31473,0,0
16554,0,0
43832,0,0
-52166,0,0
92507,0,0
-96854,0,0
-36726,0,0
104107,0,0
-35800,0,0
-27608,0,0
-180313,0,0
-71452,0,0
182650,0,0
-19088,0,0
130628,0,0
152158,0,0
2875,0,0
-51388,0,0
-137173,0,0
-74038,0,0
-11689,0,0
70197,0,0
-107052,0,0
-22069,0,0
150983,0,0
272686,0,0
147740,0,0
-178037,0,0
-307589,0,0
-20770,0,0
144500,0,0
-1679,0,0
-52404,0,0
-41712,0,0
-89799,0,0
104466,0,0
-30489,0,0
-26256,0,0
170117,0,0
8058,0,0
134443,0,0
-123322,0,0
-158883,0,0
141398,0,0
200179,0,0
29865,0,0
16399,0,0
60072,0,0
49927,0,0
128306,0,0
55887,0,0
-26368,0,0
-29137,0,0
20032,0,0
178012,0,0
194095,0,0
6324,0,0
-12506,0,0
18656,0,0
-54316,0,0
-27113,0,0
41833,0,0
5748,0,0
-1298,0,0
5056,0,0
-120435,0,0
44199,0,0
-32935,0,0
-29657,0,0
-54577,0,0
-31334,0,0
78299,0,0
-116696,0,0
-252911,0,0
28985,0,0
53773,0,0
31535,0,0
-201498,0,0
-195112,0,0
73756,0,0
112477,0,0
-36231,0,0
-111623,0,0
-252831,0,0
-213151,0,0
-27509,0,0
134412,0,0
59575,0,0
11131,0,0
-140378,0,0
-121735,0,0
138499,0,0
128091,0,0
-41515,0,0
-262273,0,0
-10040,0,0
131363,0,0
-12283,0,0
-5757,0,0
-16229,0,0
118157,0,0
177630,0,0
-96248,0,0
-110998,0,0
-38107,0,0
298979,0,0
258452,0,0
-224952,0,0
-324706,0,0
-125077,0,0
5738,0,0
247089,0,0
115065,0,0
-21501,0,0
-10901,0,0
84011,0,0
-147193,0,0
-170610,0,0
-94176,0,0
5966,0,0
-102563,0,0
9955,0,0
153098,0,0
-139004,0,0
-43997,0,0
-69093,0,0
66292,0,0
79179,0,0
-18056,0,0
-131465,0,0
-172707,0,0
-64682,0,0
41043,0,0
170624,0,0
141356,0,0
-44015,0,0
-46068,0,0
161008,0,0
84070,0,0
-57187,0,0
52295,0,0
-28967,0,0
-101363,0,0
100314,0,0
203111,0,0
50210,0,0
17345,0,0
16574,0,0
97123,0,0
-108401,0,0
1297,0,0
196400,0,0
-42836,0,0
-112045,0,0
-54741,0,0
17592,0,0
-72868,0,0
79588,0,0
41088,0,0
24447,0,0
-90808,0,0
-67004,0,0
147475,0,0
127777,0,0
117453,0,0
-105606,0,0
-59205,0,0
-5121,0,0
-7215,0,0
30142,0,0
-83892,0,0
-73716,0,0
45098,0,0
110776,0,0
6574,0,0
28692,0,0
164717,0,0
-42987,0,0
-52294,0,0
-47787,0,0
-124071,0,0
-96863,0,0
56986,0,0
-48706,0,0
13701,0,0
40329,0,0
-9023,0,0
120282,0,0
-77779,0,0
-46029,0,0
1485,0,0
-107034,0,0
117238,0,0
43027,0,0
98473,0,0
78716,0,0
-110032,0,0
-265232,0,0
-31339,0,0
151246,0,0
70993,0,0
-14005,0,0
49175,0,0
-47564,0,0
211364,0,0
53767,0,0
-19069,0,0
107431,0,0
82489,0,0
-46730,0,0
-187000,0,0
-53832,0,0
263077,0,0
184853,0,0
148983,0,0
70238,0,0
-26828,0,0
3690,0,0
68513,0,0
35724,0,0
-31586,0,0
37682,0,0
282217,0,0
154221,0,0
4777,0,0
-12213,0,0
69007,0,0
39857,0,0
-48510,0,0
32020,0,0
142947,0,0
116043,0,0
139298,0,0
-9232,0,0
20594,0,0
64808,0,0
-94535,0,0
-43350,0,0
140537,0,0
63990,0,0
50392,0,0
139947,0,0
110534,0,0
-36777,0,0
-140386,0,0
-99466,0,0
35317,0,0
44905,0,0
11020,0,0
138340,0,0
31174,0,0
18730,0,0
-44866,0,0
136658,0,0
98445,0,0
-130173,0,0
-183608,0,0
43184,0,0
155842,0,0
-89871,0,0
-106699,0,0
126012,0,0
-32234,0,0
58060,0,0
184398,0,0
27407,0,0
-235775,0,0
62610,0,0
20904,0,0
-178691,0,0
-30523,0,0
190423,0,0
138435,0,0
29931,0,0
-41770,0,0
185386,0,0
-54034,0,0
-199589,0,0
-78285,0,0
60933,0,0
189548,0,0
94800,0,0
22386,0,0
104783,0,0
-60280,0,0
-48845,0,0
-21035,0,0
340889,0,0
104012,0,0
-87227,0,0
-50363,0,0
27577,0,0
-77666,0,0
149311,0,0
98410,0,0
157270,0,0
171611,0,0
-92255,0,0
8654,0,0
-25185,0,0
72245,0,0
-4897,0,0
-39870,0,0
86681,0,0
-17818,0,0
-167398,0,0
-14101,0,0
59095,0,0
69497,0,0
126785,0,0
-90932,0,0
-157757,0,0
22458,0,0
-76583,0,0
-74102,0,0
-177106,0,0
5671,0,0
117514,0,0
-73700,0,0
25029,0,0
68059,0,0
-19244,0,0
5299,0,0
-22,0,0
40036,0,0
113314,0,0
-18128,0,0
-96954,0,0
-80633,0,0
-69947,0,0
-7722,0,0
-26898,0,0
160660,0,0
91155,0,0
-105765,0,0
54016,0,0
-2913,0,0
-173882,0,0
87989,0,0
193184,0,0
-112333,0,0
-321647,0,0
-49112,0,0
87566,0,0
-53029,0,0
107815,0,0
85880,0,0
98170,0,0
-56970,0,0
-20484,0,0
23126,0,0
-45323,0,0
-32835,0,0
46630,0,0
81587,0,0
-45103,0,0
63168,0,0
193571,0,0
152628,0,0
-119136,0,0
-207070,0,0
-70912,0,0
48339,0,0
131972,0,0
98265,0,0
192633,0,0
-23863,0,0
-69058,0,0
9441,0,0
-143031,0,0
-60502,0,0
9295,0,0
123587,0,0
138912,0,0
-31782,0,0
121662,0,0
190043,0,0
-44347,0,0
-152896,0,0
-53430,0,0
69126,0,0
47804,0,0
100657,0,0
102010,0,0
-72383,0,0
12397,0,0
11130,0,0
144874,0,0
56570,0,0
-181051,0,0
59656,0,0
116867,0,0
48959,0,0
80815,0,0
-97662,0,0
-85316,0,0
-129221,0,0
-16092,0,0
167451,0,0
84925,0,0
40940,0,0
35353,0,0
-138571,0,0
-3115,0,0
-25380,0,0
-89806,0,0
-63671,0,0
145088,0,0
-50505,0,0
-74430,0,0
73166,0,0
-230402,0,0
-187735,0,0
130452,0,0
183583,0,0
173938,0,0
-224728,0,0
-270848,0,0
-79107,0,0
-79652,0,0
120053,0,0
96011,0,0
-44772,0,0
-46942,0,0
-11124,0,0
16428,0,0
-68995,0,0
-26917,0,0
49244,0,0
-57568,0,0
-71285,0,0
-36056,0,0
-24209,0,0
2434,0,0
-66263,0,0
-24266,0,0
85228,0,0
-9341,0,0
145377,0,0
-22838,0,0
-273403,0,0
-56500,0,0
52888,0,0
-168039,0,0
47918,0,0
55830,0,0
-60171,0,0
24367,0,0
147773,0,0
66539,0,0
-191869,0,0
-178782,0,0
-63525,0,0
-71110,0,0
-43884,0,0
122599,0,0
115458,0,0
81921,0,0
-99443,0,0
-108485,0,0
28178,0,0
-42787,0,0
-158425,0,0
151562,0,0
105450,0,0
-13205,0,0
-302442,0,0
-22241,0,0
200706,0,0
-15485,0,0
22831,0,0
-37616,0,0
21296,0,0
102459,0,0
19183,0,0
172493,0,0
51997,0,0
-293526,0,0
-234838,0,0
84856,0,0
350245,0,0
138398,0,0
-147990,0,0
-3658,0,0
15948,0,0
248697,0,0
201841,0,0
-77305,0,0
-76559,0,0
-18946,0,0
49400,0,0
-41285,0,0
-5384,0,0
162974,0,0
121316,0,0
-73000,0,0
111556,0,0
152285,0,0
14594,0,0
-192240,0,0
-47539,0,0
159986,0,0
74674,0,0
33521,0,0
143710,0,0
11125,0,0
16062,0,0
2422,0,0
112363,0,0
80096,0,0
16984,0,0
17828,0,0
-66694,0,0
-74496,0,0
89841,0,0
153557,0,0
59060,0,0
-140349,0,0
42849,0,0
87382,0,0
-66152,0,0
-104385,0,0
-51529,0,0
-67030,0,0
43094,0,0
-41122,0,0
-253939,0,0
-37539,0,0
-82803,0,0
-242362,0,0
65823,0,0
175419,0,0
37593,0,0
-95278,0,0
35162,0,0
-149907,0,0
-217249,0,0
42010,0,0
-34157,0,0
-99758,0,0
-170217,0,0
90150,0,0
259679,0,0
150498,0,0
-203339,0,0
-240908,0,0
10450,0,0
207989,0,0
43953,0,0
-76252,0,0
9204,0,0
42723,0,0
-8547,0,0
-72320,0,0
32774,0,0
-16410,0,0
-26889,0,0
-5286,0,0
17743,0,0
-44052,0,0
107533,0,0
107282,0,0
-54225,0,0
38600,0,0
-51951,0,0
76543,0,0
-110913,0,0
-150183,0,0
17209,0,0
202387,0,0
83261,0,0
-82472,0,0
-51859,0,0
11810,0,0
54722,0,0
-78805,0,0
-42876,0,0
-51153,0,0
71268,0,0
252228,0,0
-30724,0,0
-253499,0,0
26086,0,0
-83526,0,0
105784,0,0
150101,0,0
-32062,0,0
-189768,0,0
69087,0,0
33064,0,0
-105616,0,0
246124,0,0
49202,0,0
-192017,0,0
-93952,0,0
47498,0,0
132536,0,0
-207547,0,0
106271,0,0
427551,0,0
-64446,0,0
-152862,0,0
-101550,0,0
-27710,0,0
151327,0,0
47083,0,0
27121,0,0
141902,0,0
-28534,0,0
19853,0,0
46951,0,0
-98640,0,0
64201,0,0
145624,0,0
182956,0,0
58097,0,0
-184748,0,0
-9650,0,0
17573,0,0
-45667,0,0
117574,0,0
47229,0,0
37632,0,0
-97066,0,0
-23960,0,0
37442,0,0
-51246,0,0
-128409,0,0
-12504,0,0
-39539,0,0
59121,0,0
23223,0,0
-62385,0,0
111155,0,0
30809,0,0
-167517,0,0
-125554,0,0
-26043,0,0
-173042,0,0
-89953,0,0
-103121,0,0
113690,0,0
93999,0,0
57645,0,0
75559,0,0
32423,0,0
-140269,0,0
-113317,0,0
77764,0,0
8919,0,0
-11022,0,0
-43501,0,0
39567,0,0
108846,0,0
54055,0,0
-28466,0,0
697,0,0
-113501,0,0
-58206,0,0
136680,0,0
230776,0,0
-37535,0,0
-83801,0,0
77640,0,0
135659,0,0
104980,0,0
-263538,0,0
-182896,0,0
-10551,0,0
88655,0,0
38910,0,0
127471,0,0
155368,0,0
76773,0,0
-113546,0,0
-65747,0,0
46622,0,0
8785,0,0
55469,0,0
51277,0,0
56967,0,0
69012,0,0
12172,0,0
-6828,0,0
109354,0,0
9133,0,0
-23280,0,0
-12723,0,0
88702,0,0
-76399,0,0
91066,0,0
6657,0,0
5796,0,0
-36342,0,0
-112490,0,0
-14173,0,0
127936,0,0
31021,0,0
-35878,0,0
-22047,0,0
-174679,0,0
-224166,0,0
-40059,0,0
129132,0,0
48729,0,0
-11645,0,0
-58296,0,0
19440,0,0
-99328,0,0
-240030,0,0
-261664,0,0
-259675,0,0
187519,0,0
167140,0,0
-143534,0,0
-604,0,0
-67372,0,0
-163126,0,0
37046,0,0
-49345,0,0
-237119,0,0
-121835,0,0
231232,0,0
74853,0,0
-56455,0,0
35901,0,0
-22496,0,0
-20433,0,0
141067,0,0
-51689,0,0
47154,0,0
193277,0,0
63510,0,0
2469,0,0
-5723,0,0
2081,0,0
-94824,0,0
114764,0,0
32197,0,0
126612,0,0
-161508,0,0
-58787,0,0
72211,0,0
37126,0,0
-30697,0,0
62969,0,0
23774,0,0
-45145,0,0
-171525,0,0
-66797,0,0
88737,0,0
-7015,0,0
-153549,0,0
79654,0,0
38070,0,0
-116706,0,0
-153190,0,0
-52976,0,0
171116,0,0
189025,0,0
82021,0,0
-206008,0,0
-209240,0,0
41127,0,0
152470,0,0
76662,0,0
-52260,0,0
-27805,0,0
-35329,0,0
141328,0,0
208827,0,0
17310,0,0
-172760,0,0
-72958,0,0
127403,0,0
68551,0,0
290866,0,0
74085,0,0
80324,0,0
-47077,0,0
-73607,0,0
161937,0,0
263253,0,0
49877,0,0
-95198,0,0
-44824,0,0
46330,0,0
165498,0,0
-133798,0,0
-27146,0,0
3526,0,0
139376,0,0
94265,0,0
-22380,0,0
-48806,0,0
5805,0,0
185163,0,0
-68578,0,0
-146950,0,0
-158924,0,0
-35222,0,0
-52888,0,0
2925,0,0
-35998,0,0
-103728,0,0
8770,0,0
298709,0,0
2451,0,0
-115593,0,0
-138307,0,0
-49047,0,0
122505,0,0
165166,0,0
-46741,0,0
-226916,0,0
-28792,0,0
93155,0,0
-44947,0,0
59896,0,0
-67635,0,0
2785,0,0
72296,0,0
39269,0,0
-96545,0,0
-183670,0,0
152369,0,0
108897,0,0
80238,0,0
20228,0,0
-205114,0,0
-32187,0,0
-78302,0,0
-97479,0,0
-17832,0,0
196644,0,0
94879,0,0
-134818,0,0
171167,0,0
-60513,0,0
-125688,0,0
-152875,0,0
-110281,0,0
124985,0,0
125943,0,0
-136090,0,0
39014,0,0
-40680,0,0
-76685,0,0
-44715,0,0
-33275,0,0
-119444,0,0
582,0,0
-184853,0,0
-36857,0,0
175911,0,0
-96074,0,0
-62236,0,0
-11064,0,0
-92629,0,0
-50357,0,0
-144653,0,0
-132236,0,0
-168443,0,0
31688,0,0
88452,0,0
121914,0,0
-180071,0,0
-70854,0,0
-146273,0,0
-144789,0,0
-264053,0,0
61088,0,0
154968,0,0
-73400,0,0
15239,0,0
84160,0,0
124929,0,0
-161163,0,0
-44354,0,0
-12555,0,0
-86823,0,0
42544,0,0
105926,0,0
54064,0,0
29663,0,0
35765,0,0
136199,0,0
-52378,0,0
-31153,0,0
114805,0,0
84869,0,0
-50958,0,0
124832,0,0
33600,0,0
-46992,0,0
71170,0,0
-52138,0,0
-36218,0,0
-113551,0,0
-82100,0,0
100410,0,0
15755,0,0
116507,0,0
293908,0,0
-69293,0,0
-13802,0,0
-202864,0,0
-106208,0,0
208026,0,0
-1244,0,0
-74633,0,0
52615,0,0
30592,0,0
73103,0,0
-46059,0,0
152988,0,0
113461,0,0
93672,0,0
-17125,0,0
-8938,0,0
-117723,0,0
73252,0,0
63421,0,0
900,0,0
51271,0,0
58405,0,0
69413,0,0
78817,0,0
-92354,0,0
-12090,0,0
100726,0,0
38626,0,0
102374,0,0
11093,0,0
-51904,0,0
-121193,0,0
31948,0,0
-173794,0,0
-98233,0,0
150295,0,0
27010,0,0
21037,0,0
-192369,0,0
-200345,0,0
-106541,0,0
109854,0,0
-81924,0,0
-105147,0,0
42013,0,0
-36725,0,0
-189760,0,0
-236697,0,0
-8509,0,0
-98668,0,0
170361,0,0
387090,0,0
-38848,0,0
-219994,0,0
-178817,0,0
-94058,0,0
-306,0,0
320677,0,0
362934,0,0
-5814,0,0
-131323,0,0
43351,0,0
25665,0,0
-31647,0,0
-54157,0,0
132717,0,0
32822,0,0
220876,0,0
125287,0,0
105070,0,0
184341,0,0
-202238,0,0
-26818,0,0
38876,0,0
131465,0,0
147755,0,0
12736,0,0
-78259,0,0
-67399,0,0
-75378,0,0
198326,0,0
244172,0,0
27685,0,0
112420,0,0
-25811,0,0
-218643,0,0
-83015,0,0
45807,0,0
156579,0,0
-13477,0,0
-40481,0,0
57773,0,0
60001,0,0
-111444,0,0
-17538,0,0
9607,0,0
-129653,0,0
-54181,0,0
-11971,0,0
156984,0,0
35422,0,0
-16404,0,0
-107981,0,0
-107991,0,0
80348,0,0
-32078,0,0
-125824,0,0
5476,0,0
-22838,0,0
302097,0,0
34815,0,0
-101768,0,0
-142840,0,0
-110626,0,0
25673,0,0
43249,0,0
-94598,0,0
39756,0,0
117889,0,0
125360,0,0
-45253,0,0
8625,0,0
48618,0,0
14656,0,0
-5692,0,0
-90946,0,0
176227,0,0
95568,0,0
-45126,0,0
-107389,0,0
-96795,0,0
57999,0,0
118684,0,0
75614,0,0
38054,0,0
65,0,0
-61070,0,0
26546,0,0
44082,0,0
-131756,0,0
75582,0,0
10515,0,0
-74714,0,0
36520,0,0
133869,0,0
61184,0,0
-118058,0,0
-43757,0,0
-59838,0,0
-50543,0,0
102819,0,0
214683,0,0
32539,0,0
-15949,0,0
2116,0,0
-33855,0,0
-73725,0,0
70652,0,0
91918,0,0
-108285,0,0
-14716,0,0
133498,0,0
18693,0,0
-11740,0,0
111684,0,0
-55038,0,0
82832,0,0
-75417,0,0
-183543,0,0
-32987,0,0
209422,0,0
86969,0,0
-21816,0,0
16389,0,0
-197986,0,0
18225,0,0
46891,0,0
126122,0,0
167573,0,0
6977,0,0
-72964,0,0
187265,0,0
84310,0,0
-92095,0,0
-17618,0,0
6310,0,0
111300,0,0
78177,0,0
249273,0,0
41348,0,0
-104894,0,0
-81691,0,0
56333,0,0
159302,0,0
97261,0,0
-6760,0,0
-27671,0,0
149979,0,0
-4849,0,0
-30302,0,0
-55169,0,0
19548,0,0
63974,0,0
82828,0,0
111537,0,0
-134971,0,0
-163659,0,0
-126839,0,0
59041,0,0
107616,0,0
268844,0,0
125187,0,0
15219,0,0
-83572,0,0
-171894,0,0
-12074,0,0
101878,0,0
110403,0,0
97047,0,0
-73850,0,0
-89240,0,0
161267,0,0
165910,0,0
-14030,0,0
-55892,0,0
-5508,0,0
-36636,0,0
232469,0,0
26644,0,0
-44056,0,0
78381,0,0
-68119,0,0
-88198,0,0
-83788,0,0
84027,0,0
129320,0,0
-176816,0,0
-43325,0,0
88207,0,0
-94352,0,0
91620,0,0
-97764,0,0
-201974,0,0
259126,0,0
125048,0,0
-145500,0,0
-149615,0,0
12225,0,0
178220,0,0
-47594,0,0
-120811,0,0
2199,0,0
219481,0,0
23172,0,0
-108520,0,0
10388,0,0
29595,0,0
-109575,0,0
16328,0,0
35557,0,0
82468,0,0
142733,0,0
96741,0,0
-38111,0,0
-119396,0,0
-201643,0,0
-285804,0,0
-40066,0,0
217448,0,0
-6665,0,0
120643,0,0
-105826,0,0
-102785,0,0
184283,0,0
-130702,0,0
31256,0,0
-128474,0,0
-210546,0,0
-43495,0,0
-107890,0,0
32164,0,0
66409,0,0
29885,0,0
231337,0,0
-36436,0,0
-214032,0,0
137086,0,0
-99831,0,0
-168864,0,0
110702,0,0
91027,0,0
-156909,0,0
-27718,0,0
-12208,0,0
32232,0,0
106251,0,0
182427,0,0
-32413,0,0
-177099,0,0
-106448,0,0
-85422,0,0
96373,0,0
16679,0,0
24963,0,0
-67349,0,0
121291,0,0
105810,0,0
-88064,0,0
1438,0,0
24433,0,0
98067,0,0
-61044,0,0
-140256,0,0
-47866,0,0
44645,0,0
154159,0,0
-42566,0,0
-126215,0,0
24686,0,0
186422,0,0
124181,0,0
12953,0,0
-136877,0,0
-79390,0,0
30127,0,0
6865,0,0
68624,0,0
-57035,0,0
38516,0,0
105460,0,0
143615,0,0
53224,0,0
-19989,0,0
57304,0,0
-126323,0,0
-138066,0,0
-631,0,0
18145,0,0
168643,0,0
206704,0,0
111002,0,0
-20775,0,0
57136,0,0
-7967,0,0
-87276,0,0
-129247,0,0
-81165,0,0
-54142,0,0
55604,0,0
102040,0,0
98582,0,0
112183,0,0
-44032,0,0
81603,0,0
-181288,0,0
-169568,0,0
-184735,0,0
-102624,0,0
-49041,0,0
79826,0,0
244969,0,0
129788,0,0
-332500,0,0
-68797,0,0
-54847,0,0
87436,0,0
-95002,0,0
-24073,0,0
-43371,0,0
-92084,0,0
-51469,0,0
43836,0,0
225017,0,0
130692,0,0
-187503,0,0
42599,0,0
49089,0,0
86278,0,0
-4984,0,0
-165872,0,0
70550,0,0
341902,0,0
-57456,0,0
-146885,0,0
-88993,0,0
-29845,0,0
65457,0,0
320547,0,0
80291,0,0
-199851,0,0
-82196,0,0
-104677,0,0
2926,0,0
-20933,0,0
81177,0,0
17784,0,0
-137718,0,0
138142,0,0
42191,0,0
-68609,0,0
-93389,0,0
85428,0,0
61234,0,0
-92920,0,0
108053,0,0
48316,0,0
-109639,0,0
7164,0,0
-22281,0,0
40428,0,0
183999,0,0
190952,0,0
40912,0,0
-56747,0,0
-190095,0,0
-92180,0,0
51176,0,0
117391,0,0
-91076,0,0
-242386,0,0
-52762,0,0
178691,0,0
67234,0,0
-52034,0,0
-154626,0,0
-65774,0,0
-24145,0,0
-18192,0,0
-91979,0,0
-84108,0,0
-20545,0,0
-50882,0,0
1723,0,0
-83548,0,0
-129250,0,0
-34928,0,0
62732,0,0
-18195,0,0
4957,0,0
-14542,0,0
-122099,0,0
-19075,0,0
-170401,0,0
-71713,0,0
223533,0,0
-64395,0,0
-75330,0,0
-153750,0,0
-9720,0,0
-119017,0,0
-171295,0,0
-23061,0,0
20282,0,0
-54439,0,0
55315,0,0
-46960,0,0
-43768,0,0
-64924,0,0
-86119,0,0
136348,0,0
-10872,0,0
-133756,0,0
58046,0,0
-49608,0,0
-40301,0,0
94279,0,0
-145279,0,0
-94193,0,0
170340,0,0
115983,0,0
248256,0,0
95378,0,0
6273,0,0
-125492,0,0
-102413,0,0
-14783,0,0
63006,0,0
12878,0,0
-135751,0,0
65833,0,0
139656,0,0
236690,0,0
68432,0,0
-146702,0,0
39016,0,0
-128702,0,0
-205874,0,0
84514,0,0
116293,0,0
99023,0,0
-7117,0,0
-2852,0,0
67257,0,0
-108894,0,0
-69654,0,0
-30818,0,0
83145,0,0
9308,0,0
-171219,0,0
-12563,0,0
6748,0,0
71527,0,0
60158,0,0
-68975,0,0
-126458,0,0
-66724,0,0
-89872,0,0
-24209,0,0
125052,0,0
-79348,0,0
-65392,0,0
-230126,0,0
-36802,0,0
106085,0,0
-90874,0,0
181515,0,0
6621,0,0
-263758,0,0
-144995,0,0
6505,0,0
-16738,0,0
-59906,0,0
165848,0,0
34084,0,0
33764,0,0
-154199,0,0
-146285,0,0
45159,0,0
82954,0,0
-61941,0,0
75475,0,0
20575,0,0
-5533,0,0
-15976,0,0
14541,0,0
-3730,0,0
57585,0,0
2375,0,0
-109307,0,0
127867,0,0
-13453,0,0
12479,0,0
48807,0,0
-81967,0,0
-61542,0,0
-104597,0,0
-44803,0,0
335962,0,0
120705,0,0
-262004,0,0
-181492,0,0
58467,0,0
26238,0,0
67878,0,0
-5233,0,0
-128314,0,0
155804,0,0
67125,0,0
-101618,0,0
50565,0,0
185199,0,0
11407,0,0
-66365,0,0
77208,0,0
-54393,0,0
62132,0,0
-77470,0,0
63033,0,0
-76602,0,0
85446,0,0
272397,0,0
80803,0,0
9719,0,0
-156404,0,0
-178394,0,0
-68246,0,0
123678,0,0
249170,0,0
246486,0,0
-37408,0,0
-294641,0,0
-66297,0,0
94190,0,0
121927,0,0
1258,0,0
-106887,0,0
22777,0,0
173312,0,0
57399,0,0
-116267,0,0
-65540,0,0
191492,0,0
5325,0,0
-137496,0,0
-101383,0,0
-121325,0,0
-122631,0,0
-23240,0,0
144606,0,0
234769,0,0
-64266,0,0
-318930,0,0
-179770,0,0
-19806,0,0
87252,0,0
47776,0,0
-25247,0,0
-94742,0,0
34866,0,0
19386,0,0
-11232,0,0
9397,0,0
28830,0,0
-129184,0,0
-71873,0,0
-501,0,0
-97900,0,0
73324,0,0
73155,0,0
-128893,0,0
-31852,0,0
317093,0,0
-89959,0,0
-100743,0,0
30011,0,0
-64761,0,0
-69103,0,0
13661,0,0
-81238,0,0
11855,0,0
121142,0,0
162010,0,0
-55014,0,0
-105430,0,0
21231,0,0
252913,0,0
-92253,0,0
-56191,0,0
102203,0,0
119085,0,0
84616,0,0
51407,0,0
-2845,0,0
11522,0,0
61068,0,0
82333,0,0
110516,0,0
-12228,0,0
-45662,0,0
-47784,0,0
81444,0,0
72019,0,0
-87666,0,0
-129818,0,0
-74279,0,0
-18941,0,0
240955,0,0
49267,0,0
-48053,0,0
-121472,0,0
-44881,0,0
61127,0,0
1010,0,0
-80944,0,0
-160810,0,0
-130396,0,0
163726,0,0
213208,0,0
12381,0,0
-10914,0,0
-192919,0,0
153403,0,0
238911,0,0
8242,0,0
-120679,0,0
131829,0,0
45553,0,0
-169451,0,0
-40250,0,0
-17584,0,0
215261,0,0
506574,0,0
-66793,0,0
-238376,0,0
-87637,0,0
176043,0,0
421849,0,0
94905,0,0
-145020,0,0
-76345,0,0
-25434,0,0
15248,0,0
210694,0,0
377263,0,0
23875,0,0
-154435,0,0
78527,0,0
171105,0,0
161334,0,0
139754,0,0
9703,0,0
-68602,0,0
-38745,0,0
96962,0,0
102713,0,0
68539,0,0
83782,0,0
49303,0,0
-54892,0,0
-3202,0,0
65056,0,0
348534,0,0
119774,0,0
-284921,0,0
-289508,0,0
-1431,0,0
-55225,0,0
-31537,0,0
248020,0,0
122284,0,0
31502,0,0
-244898,0,0
-57899,0,0
41754,0,0
-71570,0,0
58056,0,0
16993,0,0
32296,0,0
-95969,0,0
-114133,0,0
104385,0,0
213396,0,0
-157855,0,0
-157486,0,0
14318,0,0
226022,0,0
146610,0,0
-65940,0,0
-12211,0,0
-125603,0,0
8641,0,0
18714,0,0
68838,0,0
53667,0,0
239051,0,0
-61964,0,0
-121511,0,0
27142,0,0
73933,0,0
55065,0,0
72354,0,0
-25831,0,0
-15286,0,0
-32180,0,0
3928,0,0
-15405,0,0
-40058,0,0
64041,0,0
197704,0,0
63038,0,0
-177877,0,0
-124626,0,0
-60593,0,0
-8185,0,0
72533,0,0
87413,0,0
24081,0,0
-114541,0,0
35314,0,0
105596,0,0
-132593,0,0
-3165,0,0
43441,0,0
-45381,0,0
92209,0,0
184891,0,0
-126129,0,0
21855,0,0
-299,0,0
32388,0,0
75173,0,0
-24299,0,0
21380,0,0
88186,0,0
67308,0,0
-23393,0,0
