-133695,0,0
90190,0,0
-94327,0,0
14433,0,0
10306,0,0
-31905,0,0
-66944,0,0
3458,0,0
-116360,0,0
140542,0,0
23938,0,0
-100730,0,0
255302,0,0
-65286,0,0
-319544,0,0
-90591,0,0
140347,0,0
14128,0,0
190936,0,0
-182670,0,0
-11427,0,0
180341,0,0
-109061,0,0
-70587,0,0
-63566,0,0
-146925,0,0
-119893,0,0
-16133,0,0
-106051,0,0
355049,0,0
52626,0,0
-244145,0,0
60044,0,0
-190972,0,0
-277882,0,0
1417,0,0
159908,0,0
-20969,0,0
3412,0,0
-186714,0,0
95643,0,0
106853,0,0
-174125,0,0
-50525,0,0
-122567,0,0
-94423,0,0
-89503,0,0
3057,0,0
-97656,0,0
201602,0,0
56353,0,0
-79771,0,0
218537,0,0
-150037,0,0
-311706,0,0
-18205,0,0
229545,0,0
80062,0,0
80958,0,0
-135430,0,0
102339,0,0
174348,0,0
-107515,0,0
-59095,0,0
-37584,0,0
-75483,0,0
29628,0,0
58673,0,0
-170200,0,0
279176,0,0
135179,0,0
-83089,0,0
200210,0,0
-123627,0,0
-265717,0,0
-62467,0,0
172145,0,0
128145,0,0
168134,0,0
-156110,0,0
-54416,0,0
107452,0,0
54089,0,0
-14020,0,0
-122836,0,0
-51158,0,0
-1150,0,0
67330,0,0
-162948,0,0
250954,0,0
-8930,0,0
-221625,0,0
157084,0,0
-161207,0,0
-236901,0,0
182375,0,0
306932,0,0
-22665,0,0
-6569,0,0
-225015,0,0
93392,0,0
177369,0,0
-190440,0,0
-29956,0,0
-70809,0,0
-40019,0,0
6033,0,0
37313,0,0
-147832,0,0
291589,0,0
112270,0,0
-70515,0,0
124098,0,0
-249653,0,0
-293352,0,0
97541,0,0
246643,0,0
-2010,0,0
130913,0,0
-65404,0,0
80327,0,0
162889,0,0
-144657,0,0
-19655,0,0
31795,0,0
-8837,0,0
-68651,0,0
104639,0,0
-55739,0,0
270840,0,0
99622,0,0
-98905,0,0
167982,0,0
-127813,0,0
-294672,0,0
-22103,0,0
233174,0,0
61981,0,0
71038,0,0
-125273,0,0
137707,0,0
58940,0,0
-182203,0,0
-515,0,0
-3373,0,0
-80550,0,0
-55763,0,0
36689,0,0
-96331,0,0
277426,0,0
130931,0,0
-79135,0,0
184702,0,0
-95531,0,0
-157907,0,0
16053,0,0
233283,0,0
41761,0,0
77208,0,0
-133460,0,0
29324,0,0
190080,0,0
18608,0,0
31353,0,0
-67140,0,0
-139798,0,0
16645,0,0
68470,0,0
-13427,0,0
307266,0,0
33310,0,0
-137422,0,0
131464,0,0
-99785,0,0
-138981,0,0
105896,0,0
281212,0,0
206031,0,0
130700,0,0
-280641,0,0
83588,0,0
240757,0,0
-28930,0,0
33629,0,0
56306,0,0
34807,0,0
-81855,0,0
-36741,0,0
-20630,0,0
276336,0,0
-32105,0,0
-184402,0,0
-7141,0,0
-196660,0,0
-57239,0,0
198517,0,0
238045,0,0
-33589,0,0
-43790,0,0
-293913,0,0
83658,0,0
257312,0,0
-180741,0,0
-97264,0,0
-174805,0,0
-154132,0,0
48330,0,0
101256,0,0
-86029,0,0
384145,0,0
158856,0,0
-232702,0,0
-40444,0,0
-220992,0,0
-188967,0,0
24201,0,0
48166,0,0
57975,0,0
163986,0,0
-141317,0,0
103793,0,0
197511,0,0
-272983,0,0
-118239,0,0
-82626,0,0
-114922,0,0
-36523,0,0
164040,0,0
2559,0,0
232494,0,0
-15674,0,0
-185884,0,0
204700,0,0
-27602,0,0
-189860,0,0
-30717,0,0
161978,0,0
47034,0,0
137289,0,0
-101802,0,0
132833,0,0
47917,0,0
-195994,0,0
-21755,0,0
31317,0,0
106385,0,0
99674,0,0
20492,0,0
-187193,0,0
269108,0,0
158143,0,0
-53304,0,0
139730,0,0
-127458,0,0
-215614,0,0
51330,0,0
257835,0,0
132301,0,0
138916,0,0
-148827,0,0
78387,0,0
209422,0,0
-80127,0,0
-30081,0,0
-128088,0,0
-95046,0,0
38914,0,0
51976,0,0
-148550,0,0
289671,0,0
5431,0,0
-259436,0,0
138863,0,0
-88684,0,0
-324060,0,0
8158,0,0
225540,0,0
41859,0,0
68543,0,0
-235369,0,0
51124,0,0
82130,0,0
-208943,0,0
56211,0,0
-10988,0,0
-125933,0,0
-83225,0,0
101910,0,0
-23983,0,0
224306,0,0
-98809,0,0
-212939,0,0
183061,0,0
-108119,0,0
-239399,0,0
108741,0,0
276012,0,0
-42147,0,0
-3165,0,0
-176718,0,0
108981,0,0
300958,0,0
-37632,0,0
-151693,0,0
-130425,0,0
-106113,0,0
107819,0,0
242385,0,0
27471,0,0
210755,0,0
76289,0,0
5020,0,0
197464,0,0
-139327,0,0
-214245,0,0
32898,0,0
271178,0,0
129388,0,0
250887,0,0
-143653,0,0
113337,0,0
209878,0,0
-104507,0,0
43726,0,0
-43970,0,0
-90419,0,0
-4218,0,0
54273,0,0
-53669,0,0
344158,0,0
123700,0,0
-69417,0,0
215198,0,0
-141477,0,0
-230033,0,0
31682,0,0
194256,0,0
40781,0,0
112280,0,0
-179378,0,0
107632,0,0
258897,0,0
-130649,0,0
-124131,0,0
-146075,0,0
-124293,0,0
-76014,0,0
48383,0,0
-93896,0,0
335768,0,0
59520,0,0
-168926,0,0
77625,0,0
-219760,0,0
-280369,0,0
-21201,0,0
185390,0,0
81759,0,0
91665,0,0
-295528,0,0
72429,0,0
228058,0,0
-169394,0,0
-91798,0,0
-68320,0,0
-156041,0,0
-57442,0,0
19187,0,0
-62893,0,0
308848,0,0
-44288,0,0
-216947,0,0
146591,0,0
-142585,0,0
-218128,0,0
-56627,0,0
165779,0,0
151413,0,0
39332,0,0
-296770,0,0
10389,0,0
182691,0,0
-152013,0,0
-5783,0,0
68955,0,0
80738,0,0
-166862,0,0
-127662,0,0
-52348,0,0
433496,0,0
114630,0,0
-201042,0,0
-24041,0,0
-187405,0,0
-119476,0,0
185961,0,0
295888,0,0
60350,0,0
96619,0,0
-155672,0,0
105689,0,0
213031,0,0
-242484,0,0
-33692,0,0
-94940,0,0
-74755,0,0
44370,0,0
173381,0,0
-25626,0,0
206992,0,0
-21325,0,0
-152849,0,0
129027,0,0
-141255,0,0
-219725,0,0
51834,0,0
238590,0,0
-84501,0,0
-21471,0,0
-212968,0,0
136546,0,0
105369,0,0
-230893,0,0
-48747,0,0
-64537,0,0
-72880,0,0
38984,0,0
7808,0,0
-284347,0,0
191659,0,0
23767,0,0
-138954,0,0
82748,0,0
-241625,0,0
-277582,0,0
-40841,0,0
181567,0,0
3030,0,0
5725,0,0
-325221,0,0
3124,0,0
119041,0,0
-166250,0,0
-23199,0,0
-233728,0,0
-175801,0,0
-9008,0,0
-91651,0,0
-235280,0,0
280945,0,0
135343,0,0
-173329,0,0
-20318,0,0
-256931,0,0
-223859,0,0
51923,0,0
255762,0,0
16610,0,0
30942,0,0
-193212,0,0
128175,0,0
132972,0,0
-196207,0,0
-43971,0,0
-75787,0,0
-38024,0,0
32007,0,0
42804,0,0
-114883,0,0
263864,0,0
59188,0,0
-193080,0,0
103647,0,0
-153743,0,0
-198729,0,0
10062,0,0
205841,0,0
142129,0,0
53721,0,0
-267014,0,0
64975,0,0
125505,0,0
-206926,0,0
31512,0,0
-44207,0,0
-181875,0,0
-97064,0,0
114797,0,0
-102328,0,0
281930,0,0
21737,0,0
-155889,0,0
93419,0,0
-186076,0,0
-261408,0,0
47517,0,0
226793,0,0
-73679,0,0
34491,0,0
-139796,0,0
86464,0,0
74426,0,0
-263963,0,0
-139297,0,0
-8545,0,0
23316,0,0
-40702,0,0
89636,0,0
-127378,0,0
181819,0,0
2399,0,0
-97667,0,0
136003,0,0
-213265,0,0
-165776,0,0
166442,0,0
242887,0,0
-114606,0,0
90855,0,0
-127701,0,0
172816,0,0
263781,0,0
-86532,0,0
-136075,0,0
-94545,0,0
-16645,0,0
-42913,0,0
-17020,0,0
-56338,0,0
326235,0,0
13589,0,0
-200010,0,0
145616,0,0
-2429,0,0
-170091,0,0
-7971,0,0
98532,0,0
1299,0,0
128337,0,0
-213423,0,0
92901,0,0
197843,0,0
-80534,0,0
27392,0,0
-62876,0,0
-95694,0,0
257,0,0
18415,0,0
-150435,0,0
388842,0,0
148706,0,0
-79083,0,0
160643,0,0
-231691,0,0
-215360,0,0
129524,0,0
327555,0,0
90177,0,0
78485,0,0
-201581,0,0
138670,0,0
226004,0,0
-78281,0,0
37132,0,0
-49098,0,0
-96588,0,0
37447,0,0
104461,0,0
-65531,0,0
305504,0,0
48555,0,0
-131160,0,0
208703,0,0
-93379,0,0
-233743,0,0
-14771,0,0
133822,0,0
-630,0,0
122546,0,0
-140449,0,0
84998,0,0
234975,0,0
-57298,0,0
22778,0,0
-15655,0,0
-114330,0,0
-18341,0,0
6742,0,0
-110997,0,0
335335,0,0
39152,0,0
-76868,0,0
211183,0,0
-52271,0,0
-126635,0,0
69688,0,0
185049,0,0
-28113,0,0
-43668,0,0
-235824,0,0
214289,0,0
235309,0,0
-98124,0,0
-127430,0,0
-35199,0,0
30566,0,0
-100576,0,0
-149962,0,0
-240507,0,0
281823,0,0
67156,0,0
-80400,0,0
143936,0,0
-202899,0,0
-328990,0,0
-54565,0,0
210394,0,0
36501,0,0
19484,0,0
-126962,0,0
347351,0,0
118853,0,0
-403460,0,0
-147855,0,0
-48690,0,0
12518,0,0
-11212,0,0
168878,0,0
-4617,0,0
315814,0,0
87732,0,0
-78664,0,0
193308,0,0
-149897,0,0
-276696,0,0
265,0,0
179822,0,0
157926,0,0
298620,0,0
-118755,0,0
27613,0,0
57087,0,0
-148214,0,0
43882,0,0
9110,0,0
-8223,0,0
-24869,0,0
-33128,0,0
-106884,0,0
314372,0,0
-13800,0,0
-151702,0,0
206044,0,0
-219694,0,0
-136309,0,0
21356,0,0
-5397,0,0
-50475,0,0
89620,0,0
-231956,0,0
194322,0,0
335200,0,0
-265632,0,0
-189579,0,0
-227558,0,0
-163710,0,0
21154,0,0
81291,0,0
-130861,0,0
286043,0,0
-23085,0,0
-245273,0,0
22313,0,0
-127177,0,0
-123212,0,0
12631,0,0
87799,0,0
-158655,0,0
-9441,0,0
-153926,0,0
112529,0,0
139715,0,0
-160771,0,0
-98141,0,0
-161242,0,0
-127297,0,0
-34376,0,0
14307,0,0
-230117,0,0
272341,0,0
44857,0,0
-33064,0,0
99016,0,0
-329718,0,0
-275251,0,0
11398,0,0
157409,0,0
58703,0,0
-15157,0,0
-321238,0,0
26784,0,0
152015,0,0
-208123,0,0
10088,0,0
-49447,0,0
-203453,0,0
-293507,0,0
-75609,0,0
-131686,0,0
254192,0,0
-5691,0,0
-212629,0,0
89268,0,0
-190585,0,0
-290794,0,0
-21669,0,0
270723,0,0
112753,0,0
36667,0,0
-302910,0,0
35112,0,0
201315,0,0
-112108,0,0
-19520,0,0
-54442,0,0
-96191,0,0
59149,0,0
38520,0,0
-165573,0,0
329046,0,0
137198,0,0
-108079,0,0
171102,0,0
-155534,0,0
-232727,0,0
93216,0,0
249827,0,0
-892,0,0
118768,0,0
-140397,0,0
132298,0,0
195547,0,0
-137077,0,0
71950,0,0
35135,0,0
-77638,0,0
-26825,0,0
115034,0,0
-14990,0,0
345633,0,0
32888,0,0
-160092,0,0
87981,0,0
-253623,0,0
-253368,0,0
80869,0,0
297503,0,0
321170,0,0
151184,0,0
-284918,0,0
7152,0,0
61243,0,0
-294709,0,0
48547,0,0
45019,0,0
-157264,0,0
-9480,0,0
164431,0,0
-9267,0,0
280158,0,0
-18957,0,0
-198313,0,0
143487,0,0
-188062,0,0
-94326,0,0
127172,0,0
252221,0,0
73863,0,0
68062,0,0
-256255,0,0
79133,0,0
195860,0,0
-156241,0,0
14009,0,0
42002,0,0
15191,0,0
-15989,0,0
-30626,0,0
-114859,0,0
400300,0,0
90870,0,0
-133673,0,0
136654,0,0
-264961,0,0
-153485,0,0
96773,0,0
208459,0,0
114574,0,0
195276,0,0
-264117,0,0
8459,0,0
135735,0,0
-117672,0,0
-61872,0,0
-127459,0,0
-162917,0,0
-139860,0,0
130311,0,0
-25368,0,0
408793,0,0
125030,0,0
-217788,0,0
2224,0,0
-234907,0,0
-206624,0,0
113028,0,0
206427,0,0
90005,0,0
121249,0,0
-199606,0,0
85193,0,0
195045,0,0
-141665,0,0
109941,0,0
-43103,0,0
-123783,0,0
25267,0,0
125279,0,0
-135135,0,0
237838,0,0
1525,0,0
-175602,0,0
252047,0,0
-96652,0,0
-78372,0,0
-17815,0,0
35510,0,0
54081,0,0
222780,0,0
-210118,0,0
-15163,0,0
127562,0,0
-108783,0,0
47628,0,0
-72799,0,0
-144758,0,0
18297,0,0
121518,0,0
-51140,0,0
258700,0,0
-23482,0,0
-180528,0,0
186515,0,0
-293700,0,0
-248410,0,0
83449,0,0
269798,0,0
138913,0,0
62677,0,0
-311874,0,0
-17113,0,0
138462,0,0
-122105,0,0
-6620,0,0
-165641,0,0
-158997,0,0
-73161,0,0
-9941,0,0
-140384,0,0
275576,0,0
28447,0,0
-61234,0,0
73868,0,0
-273033,0,0
-320952,0,0
128529,0,0
298268,0,0
-29763,0,0
28759,0,0
-98684,0,0
164853,0,0
125067,0,0
-76935,0,0
65415,0,0
4073,0,0
-43813,0,0
24709,0,0
78811,0,0
32835,0,0
493117,0,0
40080,0,0
-98396,0,0
248782,0,0
-163079,0,0
-171720,0,0
156270,0,0
228519,0,0
65816,0,0
181160,0,0
-166769,0,0
167759,0,0
266257,0,0
-116539,0,0
-7601,0,0
-65383,0,0
-132729,0,0
-56774,0,0
59531,0,0
-91276,0,0
306038,0,0
43388,0,0
-99336,0,0
241908,0,0
-162192,0,0
-336700,0,0
-60117,0,0
145462,0,0
75630,0,0
166091,0,0
-138716,0,0
116498,0,0
2561,0,0
-282796,0,0
48175,0,0
129475,0,0
-25266,0,0
-88195,0,0
1490,0,0
-130782,0,0
262524,0,0
8662,0,0
-99543,0,0
264609,0,0
-114258,0,0
-209662,0,0
34561,0,0
226213,0,0
52185,0,0
85615,0,0
-28580,0,0
121426,0,0
59030,0,0
-211367,0,0
20218,0,0
8298,0,0
-93159,0,0
-12728,0,0
56567,0,0
-82602,0,0
301005,0,0
-6900,0,0
-125896,0,0
179160,0,0
-230706,0,0
-240166,0,0
72336,0,0
195206,0,0
7559,0,0
62389,0,0
-289802,0,0
118988,0,0
200371,0,0
-233639,0,0
-41169,0,0
-51095,0,0
-74146,0,0
19197,0,0
-5403,0,0
-148745,0,0
329287,0,0
-17814,0,0
-148272,0,0
210656,0,0
-150888,0,0
-182866,0,0
64129,0,0
144847,0,0
-9315,0,0
75649,0,0
-207623,0,0
55389,0,0
247545,0,0
-37577,0,0
112708,0,0
-38330,0,0
-189894,0,0
-136447,0,0
-66491,0,0
-51640,0,0
525421,0,0
164689,0,0
-37045,0,0
47016,0,0
-298655,0,0
-207445,0,0
172097,0,0
291935,0,0
-2094,0,0
89428,0,0
-64191,0,0
320850,0,0
286815,0,0
-308983,0,0
-183531,0,0
-53469,0,0
-11391,0,0
119061,0,0
139138,0,0
-76117,0,0
327581,0,0
-2036,0,0
-97838,0,0
217882,0,0
-234123,0,0
-265019,0,0
92919,0,0
150121,0,0
-33543,0,0
70827,0,0
-159009,0,0
55913,0,0
59600,0,0
-195419,0,0
-32725,0,0
-180986,0,0
-192874,0,0
-11965,0,0
-131963,0,0
-288296,0,0
282649,0,0
-2139,0,0
-259235,0,0
61970,0,0
-269267,0,0
-235197,0,0
86175,0,0
206492,0,0
-146267,0,0
-29290,0,0
-278347,0,0
76548,0,0
183476,0,0
-168354,0,0
-8443,0,0
-70981,0,0
-105110,0,0
-8624,0,0
21095,0,0
-127644,0,0
291834,0,0
33383,0,0
-86176,0,0
174171,0,0
-234077,0,0
-221033,0,0
85483,0,0
201120,0,0
46973,0,0
172298,0,0
-163999,0,0
141768,0,0
152042,0,0
-247295,0,0
-419,0,0
-29736,0,0
-122919,0,0
67173,0,0
162360,0,0
-57929,0,0
357435,0,0
157873,0,0
-155603,0,0
54143,0,0
-184804,0,0
-103764,0,0
139182,0,0
292513,0,0
88796,0,0
45085,0,0
-176174,0,0
213351,0,0
216715,0,0
-169662,0,0
82460,0,0
35001,0,0
-149451,0,0
-66410,0,0
102340,0,0
-62985,0,0
388385,0,0
68840,0,0
-98916,0,0
169587,0,0
-109248,0,0
-162750,0,0
27519,0,0
154866,0,0
69030,0,0
124481,0,0
-191980,0,0
358665,0,0
289544,0,0
-246346,0,0
-182041,0,0
-44125,0,0
67631,0,0
69725,0,0
15177,0,0
-116505,0,0
321392,0,0
2831,0,0
-205484,0,0
195330,0,0
-50640,0,0
-125352,0,0
67149,0,0
91869,0,0
9286,0,0
99263,0,0
-232366,0,0
102273,0,0
130523,0,0
-205167,0,0
-36417,0,0
-56709,0,0
-45865,0,0
9454,0,0
61849,0,0
-172182,0,0
239715,0,0
6336,0,0
-141360,0,0
147143,0,0
-189055,0,0
-270665,0,0
97778,0,0
241876,0,0
107602,0,0
103613,0,0
-222066,0,0
113980,0,0
221578,0,0
-229574,0,0
-27068,0,0
-59512,0,0
-121015,0,0
34448,0,0
147440,0,0
-36491,0,0
358463,0,0
-62795,0,0
-160330,0,0
209172,0,0
-162237,0,0
-179488,0,0
151078,0,0
246281,0,0
36207,0,0
32303,0,0
-217599,0,0
140364,0,0
221283,0,0
-133603,0,0
39436,0,0
2676,0,0
-148831,0,0
-4244,0,0
135310,0,0
-141355,0,0
337488,0,0
56492,0,0
-234596,0,0
149038,0,0
-199822,0,0
-181445,0,0
71710,0,0
166326,0,0
-22166,0,0
134258,0,0
-198615,0,0
110875,0,0
101492,0,0
-147586,0,0
-52179,0,0
-142546,0,0
-109763,0,0
44973,0,0
93231,0,0
-113747,0,0
311524,0,0
-66384,0,0
-157151,0,0
271575,0,0
-189123,0,0
-286219,0,0
87430,0,0
171215,0,0
42139,0,0
95642,0,0
-224633,0,0
133345,0,0
169353,0,0
-140854,0,0
26120,0,0
-91625,0,0
-114820,0,0
7120,0,0
1765,0,0
-126173,0,0
347126,0,0
-16686,0,0
-173237,0,0
194031,0,0
-195304,0,0
-218677,0,0
72922,0,0
165630,0,0
-4274,0,0
8657,0,0
-253841,0,0
176718,0,0
158486,0,0
-195065,0,0
-84398,0,0
-197625,0,0
-171631,0,0
41352,0,0
67274,0,0
-121248,0,0
357768,0,0
-19326,0,0
-251582,0,0
166796,0,0
-235100,0,0
-195528,0,0
67356,0,0
159385,0,0
-52528,0,0
123985,0,0
-88046,0,0
140558,0,0
104780,0,0
-191291,0,0
-66533,0,0
-101767,0,0
-130048,0,0
-81748,0,0
127461,0,0
-17176,0,0
377627,0,0
-98052,0,0
-307160,0,0
96659,0,0
-120282,0,0
-66887,0,0
61744,0,0
88940,0,0
33060,0,0
203292,0,0
-287424,0,0
128994,0,0
250526,0,0
-139231,0,0
-18829,0,0
-18687,0,0
-59190,0,0
27623,0,0
45456,0,0
-102202,0,0
424445,0,0
28806,0,0
-108913,0,0
288545,0,0
-116334,0,0
-202160,0,0
74907,0,0
241068,0,0
6196,0,0
56981,0,0
-181138,0,0
205530,0,0
198711,0,0
-162189,0,0
11987,0,0
-11213,0,0
-145590,0,0
3116,0,0
-12831,0,0
-75806,0,0
367200,0,0
-4032,0,0
-149168,0,0
112105,0,0
-251516,0,0
-180312,0,0
169283,0,0
227065,0,0
-72352,0,0
-5655,0,0
-194702,0,0
240605,0,0
254892,0,0
-203627,0,0
-44715,0,0
-89680,0,0
-211517,0,0
-52047,0,0
119273,0,0
-92933,0,0
374783,0,0
31398,0,0
-184169,0,0
187556,0,0
-125373,0,0
-216307,0,0
20207,0,0
-5227,0,0
-33148,0,0
188638,0,0
-140151,0,0
172584,0,0
186507,0,0
-213929,0,0
-85113,0,0
-32350,0,0
-19884,0,0
-59911,0,0
-101555,0,0
-70382,0,0
409840,0,0
-74656,0,0
-201608,0,0
299157,0,0
-69033,0,0
-211603,0,0
17940,0,0
191094,0,0
43729,0,0
29682,0,0
-284633,0,0
98716,0,0
187762,0,0
77884,0,0
70353,0,0
-200683,0,0
-130810,0,0
-19946,0,0
159097,0,0
-51655,0,0
302784,0,0
-34618,0,0
-96902,0,0
205939,0,0
-122323,0,0
-185931,0,0
170356,0,0
330998,0,0
115377,0,0
82869,0,0
-278699,0,0
135940,0,0
279178,0,0
-75909,0,0
57994,0,0
-23397,0,0
-88063,0,0
-57497,0,0
34190,0,0
-54399,0,0
364007,0,0
170762,0,0
-3526,0,0
131318,0,0
-232499,0,0
-248670,0,0
92243,0,0
224652,0,0
44550,0,0
87524,0,0
-100852,0,0
224550,0,0
173408,0,0
-212016,0,0
-23774,0,0
-29750,0,0
-88621,0,0
93042,0,0
140233,0,0
-58939,0,0
324518,0,0
-8045,0,0
-142035,0,0
212615,0,0
-158418,0,0
-193656,0,0
149175,0,0
275729,0,0
51881,0,0
39898,0,0
-212451,0,0
236097,0,0
266815,0,0
-167177,0,0
89792,0,0
-26314,0,0
-165457,0,0
-24913,0,0
101188,0,0
19236,0,0
448346,0,0
51196,0,0
-143302,0,0
171309,0,0
-142587,0,0
-94284,0,0
165722,0,0
189493,0,0
-20601,0,0
202462,0,0
-190547,0,0
132595,0,0
198980,0,0
-194533,0,0
7669,0,0
-64195,0,0
-122193,0,0
52917,0,0
137458,0,0
-114521,0,0
185833,0,0
-163794,0,0
-126638,0,0
212211,0,0
-204429,0,0
-241212,0,0
37750,0,0
163826,0,0
-105243,0,0
-36472,0,0
-264073,0,0
125686,0,0
185464,0,0
-186948,0,0
-50376,0,0
-277768,0,0
-291431,0,0
6896,0,0
83354,0,0
-104875,0,0
255423,0,0
-123149,0,0
-301152,0,0
120629,0,0
-226672,0,0
-165932,0,0
163121,0,0
123552,0,0
-73336,0,0
11505,0,0
-244682,0,0
138653,0,0
143088,0,0
-193226,0,0
28142,0,0
-21079,0,0
-129332,0,0
-110036,0,0
11469,0,0
-175583,0,0
311747,0,0
139706,0,0
-81595,0,0
74646,0,0
-299556,0,0
-257211,0,0
184690,0,0
206803,0,0
95715,0,0
87132,0,0
-373036,0,0
209836,0,0
200968,0,0
-113593,0,0
11673,0,0
-122492,0,0
-125354,0,0
128832,0,0
148521,0,0
-95932,0,0
378824,0,0
1512,0,0
-195848,0,0
262504,0,0
-107847,0,0
-208846,0,0
88236,0,0
220323,0,0
70549,0,0
96753,0,0
-320716,0,0
140146,0,0
303161,0,0
-141990,0,0
-29092,0,0
81246,0,0
-150281,0,0
-46318,0,0
-40060,0,0
-246545,0,0
497993,0,0
299936,0,0
17933,0,0
246858,0,0
-243805,0,0
-247764,0,0
102729,0,0
339157,0,0
136581,0,0
119011,0,0
-125586,0,0
211981,0,0
224560,0,0
-51098,0,0
91283,0,0
-81010,0,0
-110836,0,0
129119,0,0
3556,0,0
-153699,0,0
390606,0,0
42422,0,0
-128078,0,0
14131,0,0
-316493,0,0
-191529,0,0
146769,0,0
223561,0,0
4613,0,0
15458,0,0
-358441,0,0
74005,0,0
109216,0,0
-229224,0,0
24875,0,0
-102008,0,0
-191032,0,0
-43003,0,0
-25411,0,0
-214230,0,0
290217,0,0
-36571,0,0
-183372,0,0
122100,0,0
-360628,0,0
-292701,0,0
39362,0,0
190668,0,0
2567,0,0
-24316,0,0
-330522,0,0
121527,0,0
80027,0,0
-249876,0,0
4590,0,0
-87067,0,0
-222561,0,0
-46296,0,0
-28295,0,0
-141310,0,0
420877,0,0
25378,0,0
-103611,0,0
200717,0,0
-183219,0,0
-239199,0,0
97853,0,0
207147,0,0
87776,0,0
188648,0,0
-175429,0,0
189094,0,0
341404,0,0
-49930,0,0
48275,0,0
-71829,0,0
-51749,0,0
99463,0,0
143823,0,0
-25493,0,0
412871,0,0
37474,0,0
-65394,0,0
296312,0,0
-150781,0,0
-150957,0,0
176323,0,0
262419,0,0
140695,0,0
165102,0,0
-221343,0,0
158354,0,0
149266,0,0
-213872,0,0
-30667,0,0
18719,0,0
43270,0,0
82177,0,0
60864,0,0
-94277,0,0
350454,0,0
-7882,0,0
-237029,0,0
106572,0,0
-176125,0,0
-177871,0,0
84400,0,0
205767,0,0
-472,0,0
41630,0,0
-277127,0,0
79512,0,0
82359,0,0
-202101,0,0
36053,0,0
-31366,0,0
-194421,0,0
-142936,0,0
-69506,0,0
-197091,0,0
300171,0,0
-97809,0,0
-223576,0,0
81448,0,0
-337314,0,0
-293449,0,0
105075,0,0
236738,0,0
73636,0,0
-28835,0,0
-444496,0,0
20537,0,0
126378,0,0
-238301,0,0
79154,0,0
-89676,0,0
-208868,0,0
29683,0,0
59353,0,0
-137548,0,0
423047,0,0
-32237,0,0
-204475,0,0
147665,0,0
-198054,0,0
-185463,0,0
70190,0,0
83226,0,0
81776,0,0
143180,0,0
-255389,0,0
147874,0,0
193388,0,0
-154091,0,0
-18626,0,0
-59337,0,0
-85823,0,0
-18246,0,0
-70607,0,0
-77635,0,0
451052,0,0
-25664,0,0
-258662,0,0
140143,0,0
-216166,0,0
-185597,0,0
267761,0,0
393294,0,0
-48512,0,0
-92770,0,0
-349004,0,0
150283,0,0
216005,0,0
-165898,0,0
31208,0,0
-242788,0,0
-162248,0,0
206018,0,0
147577,0,0
-120959,0,0
316638,0,0
-145342,0,0
-337558,0,0
140004,0,0
-140318,0,0
-60682,0,0
227211,0,0
214821,0,0
-30458,0,0
-40203,0,0
-273240,0,0
111138,0,0
151608,0,0
-159902,0,0
-40050,0,0
-138902,0,0
-80749,0,0
69203,0,0
37142,0,0
-117885,0,0
323561,0,0
-97580,0,0
-238300,0,0
93908,0,0
-348718,0,0
-247618,0,0
224558,0,0
304835,0,0
9148,0,0
-31069,0,0
-306898,0,0
134616,0,0
201490,0,0
-267370,0,0
-113922,0,0
-39139,0,0
-44660,0,0
-30108,0,0
29018,0,0
-102674,0,0
441574,0,0
-35017,0,0
-295468,0,0
193796,0,0
-105075,0,0
-121425,0,0
155798,0,0
101325,0,0
14876,0,0
134762,0,0
-229759,0,0
163378,0,0
238003,0,0
-161189,0,0
58993,0,0
-38386,0,0
-118209,0,0
42132,0,0
46899,0,0
-70824,0,0
447323,0,0
-23282,0,0
-205446,0,0
212124,0,0
-162837,0,0
-161455,0,0
100800,0,0
115990,0,0
46872,0,0
188614,0,0
-147982,0,0
69633,0,0
20707,0,0
-147069,0,0
76769,0,0
-81190,0,0
-152988,0,0
-46585,0,0
11054,0,0
-140510,0,0
360562,0,0
50686,0,0
-106132,0,0
134193,0,0
-318647,0,0
-234495,0,0
97843,0,0
177605,0,0
31076,0,0
77354,0,0
-210618,0,0
188189,0,0
44239,0,0
-178793,0,0
-2584,0,0
-63316,0,0
-59253,0,0
4369,0,0
28076,0,0
-237503,0,0
293707,0,0
79966,0,0
-136436,0,0
143617,0,0
-317303,0,0
-270983,0,0
65947,0,0
185036,0,0
84996,0,0
31310,0,0
-328481,0,0
152885,0,0
118003,0,0
-258975,0,0
-59342,0,0
-15893,0,0
13018,0,0
-5186,0,0
-19702,0,0
-167504,0,0
341150,0,0
8365,0,0
-35872,0,0
243726,0,0
-233778,0,0
-189753,0,0
177923,0,0
160660,0,0
112464,0,0
142887,0,0
-233979,0,0
186668,0,0
254173,0,0
-47124,0,0
1653,0,0
-81102,0,0
-12893,0,0
23581,0,0
61100,0,0
-93586,0,0
320965,0,0
-56526,0,0
-135026,0,0
171756,0,0
-210388,0,0
-79452,0,0
225672,0,0
124256,0,0
-84397,0,0
82721,0,0
-141416,0,0
193811,0,0
73474,0,0
-257271,0,0
-37436,0,0
-38543,0,0
-57630,0,0
76174,0,0
56726,0,0
-159492,0,0
344134,0,0
31933,0,0
-149197,0,0
123476,0,0
-251445,0,0
-196311,0,0
45121,0,0
151737,0,0
138517,0,0
72352,0,0
-291977,0,0
73876,0,0
10412,0,0
-235734,0,0
-30213,0,0
-70356,0,0
-173327,0,0
-59885,0,0
73252,0,0
-121946,0,0
309698,0,0
-146063,0,0
-228732,0,0
106142,0,0
-296642,0,0
-204170,0,0
69203,0,0
36781,0,0
64852,0,0
111050,0,0
-301459,0,0
101952,0,0
99433,0,0
-235182,0,0
-28218,0,0
-125454,0,0
-194484,0,0
-44904,0,0
-37047,0,0
-265563,0,0
279757,0,0
-30059,0,0
-165750,0,0
123644,0,0
-214771,0,0
-216728,0,0
149782,0,0
115070,0,0
-128350,0,0
28298,0,0
-191089,0,0
266197,0,0
193965,0,0
-297324,0,0
-144564,0,0
-92651,0,0
-9142,0,0
60695,0,0
70072,0,0
-83767,0,0
368528,0,0
-8541,0,0
-94009,0,0
239983,0,0
-305602,0,0
-196322,0,0
134524,0,0
151683,0,0
65442,0,0
168404,0,0
-270319,0,0
182466,0,0
178512,0,0
-209413,0,0
50606,0,0
11978,0,0
-74307,0,0
-47109,0,0
-27597,0,0
-117678,0,0
363627,0,0
-14202,0,0
-137422,0,0
190174,0,0
-237357,0,0
-243548,0,0
52526,0,0
133739,0,0
-1768,0,0
157398,0,0
-250243,0,0
92893,0,0
153140,0,0
-225049,0,0
-57123,0,0
-39377,0,0
-89833,0,0
-68083,0,0
-18763,0,0
-86753,0,0
355040,0,0
-21574,0,0
-153176,0,0
182375,0,0
-207275,0,0
-190564,0,0
99352,0,0
217756,0,0
106768,0,0
122276,0,0
-267838,0,0
125304,0,0
149846,0,0
-124580,0,0
54638,0,0
-24161,0,0
-119082,0,0
-25857,0,0
11025,0,0
-95339,0,0
444107,0,0
66197,0,0
-99505,0,0
262520,0,0
-179823,0,0
-285863,0,0
-2651,0,0
209224,0,0
78272,0,0
180205,0,0
-93252,0,0
199412,0,0
95030,0,0
-263692,0,0
-68934,0,0
-33048,0,0
-12039,0,0
22889,0,0
23584,0,0
-117298,0,0
324441,0,0
-66941,0,0
-108511,0,0
195279,0,0
-165417,0,0
-110982,0,0
205707,0,0
186963,0,0
-32276,0,0
53045,0,0
-209361,0,0
201229,0,0
263812,0,0
-132658,0,0
18056,0,0
-67588,0,0
-60715,0,0
-23604,0,0
-40531,0,0
16623,0,0
559987,0,0
155507,0,0
-78318,0,0
15349,0,0
-379578,0,0
-222879,0,0
179495,0,0
257558,0,0
9429,0,0
214530,0,0
-41551,0,0
181874,0,0
69496,0,0
-268090,0,0
-25000,0,0
20571,0,0
-51165,0,0
-14552,0,0
86715,0,0
-49169,0,0
385420,0,0
-26390,0,0
-166544,0,0
113280,0,0
-250207,0,0
-196710,0,0
113047,0,0
213013,0,0
40078,0,0
148405,0,0
-314922,0,0
60720,0,0
142904,0,0
-160507,0,0
-132,0,0
-143528,0,0
-234463,0,0
43085,0,0
89531,0,0
-158019,0,0
383266,0,0
-43258,0,0
-272105,0,0
192676,0,0
-102250,0,0
-229031,0,0
67592,0,0
173400,0,0
-33294,0,0
125068,0,0
-77816,0,0
196077,0,0
91976,0,0
-248633,0,0
63514,0,0
-109965,0,0
-137068,0,0
66036,0,0
53800,0,0
-48477,0,0
350642,0,0
-63522,0,0
-38669,0,0
295056,0,0
-180426,0,0
-340072,0,0
57584,0,0
217270,0,0
55004,0,0
96636,0,0
-185081,0,0
198625,0,0
198418,0,0
-186427,0,0
-15102,0,0
-134873,0,0
-198227,0,0
-28027,0,0
77894,0,0
-76404,0,0
340824,0,0
-82923,0,0
-132721,0,0
129592,0,0
-340166,0,0
-317530,0,0
51274,0,0
146090,0,0
33185,0,0
83778,0,0
-287437,0,0
39481,0,0
81083,0,0
-225887,0,0
-23278,0,0
-102093,0,0
-59756,0,0
166067,0,0
-22879,0,0
-264681,0,0
423282,0,0
51154,0,0
-113507,0,0
184676,0,0
-179960,0,0
-188705,0,0
118171,0,0
253539,0,0
214352,0,0
174645,0,0
-196404,0,0
145002,0,0
222591,0,0
-169708,0,0
128170,0,0
-111718,0,0
-130541,0,0
105966,0,0
143967,0,0
-54585,0,0
304830,0,0
-85136,0,0
-176713,0,0
162292,0,0
-200474,0,0
-148509,0,0
133692,0,0
109830,0,0
-12999,0,0
43729,0,0
-362440,0,0
733,0,0
146324,0,0
-117085,0,0
65462,0,0
-145813,0,0
-303450,0,0
-121396,0,0
-110789,0,0
-72357,0,0
459624,0,0
-112595,0,0
-370694,0,0
154821,0,0
-230741,0,0
-299955,0,0
50515,0,0
215307,0,0
-28541,0,0
-19963,0,0
-285217,0,0
119173,0,0
31193,0,0
-205576,0,0
-86478,0,0
-139124,0,0
-117762,0,0
-20816,0,0
-104119,0,0
-282643,0,0
234393,0,0
-77712,0,0
-119090,0,0
99036,0,0
-411262,0,0
-274124,0,0
122583,0,0
83828,0,0
-116206,0,0
40290,0,0
-226503,0,0
10589,0,0
86571,0,0
-206050,0,0
-46943,0,0
-164383,0,0
-200443,0,0
-45158,0,0
-11192,0,0
-99823,0,0
395174,0,0
-18381,0,0
-263759,0,0
80974,0,0
-342600,0,0
-302226,0,0
149093,0,0
251417,0,0
-26401,0,0
-11636,0,0
-291088,0,0
154680,0,0
151523,0,0
-226239,0,0
40334,0,0
-67026,0,0
-105267,0,0
-107579,0,0
-26574,0,0
-41595,0,0
427446,0,0
24520,0,0
-40805,0,0
194377,0,0
-239697,0,0
-131490,0,0
225684,0,0
197742,0,0
39161,0,0
80833,0,0
-161574,0,0
323110,0,0
225768,0,0
-187855,0,0
30435,0,0
85397,0,0
81970,0,0
61942,0,0
-57268,0,0
-140596,0,0
459807,0,0
42766,0,0
-472,0,0
393134,0,0
-259518,0,0
-174990,0,0
300084,0,0
315039,0,0
-31595,0,0
139362,0,0
-98836,0,0
172871,0,0
126195,0,0
-200618,0,0
72407,0,0
81534,0,0
4589,0,0
100809,0,0
40725,0,0
-196928,0,0
343765,0,0
-6636,0,0
-172996,0,0
169288,0,0
-222499,0,0
-210696,0,0
100815,0,0
111792,0,0
-22232,0,0
204744,0,0
-143177,0,0
105179,0,0
30906,0,0
-308396,0,0
-32109,0,0
-4116,0,0
-74198,0,0
-42853,0,0
-12956,0,0
-154190,0,0
322101,0,0
-78300,0,0
-143050,0,0
132886,0,0
-330423,0,0
-141504,0,0
202093,0,0
47705,0,0
-134347,0,0
64485,0,0
-122077,0,0
76361,0,0
112233,0,0
-113288,0,0
-14124,0,0
-200452,0,0
-143782,0,0
53779,0,0
18296,0,0
-69548,0,0
372302,0,0
-43826,0,0
-138151,0,0
187601,0,0
-277160,0,0
-250384,0,0
79703,0,0
139010,0,0
85739,0,0
26906,0,0
-312777,0,0
123935,0,0
95352,0,0
-206587,0,0
18362,0,0
-139969,0,0
-252781,0,0
-50891,0,0
-8404,0,0
37913,0,0
465293,0,0
-230989,0,0
-339360,0,0
136839,0,0
-178831,0,0
-115418,0,0
186870,0,0
170132,0,0
3897,0,0
-3568,0,0
-206385,0,0
135691,0,0
168299,0,0
-69459,0,0
-51946,0,0
-66228,0,0
-52096,0,0
-29796,0,0
3518,0,0
-160737,0,0
306785,0,0
24264,0,0
-185917,0,0
169205,0,0
-196909,0,0
-226213,0,0
153305,0,0
236515,0,0
-34947,0,0
6002,0,0
-202570,0,0
125219,0,0
136804,0,0
-161312,0,0
28264,0,0
-71456,0,0
-86759,0,0
55987,0,0
73143,0,0
-24776,0,0
387838,0,0
-36400,0,0
-192434,0,0
207303,0,0
-202633,0,0
-37740,0,0
259685,0,0
249731,0,0
112980,0,0
42683,0,0
-262886,0,0
166616,0,0
227558,0,0
-42797,0,0
57663,0,0
-14065,0,0
127932,0,0
194912,0,0
3048,0,0
-140125,0,0
390475,0,0
-44721,0,0
-40559,0,0
367110,0,0
-172048,0,0
-215683,0,0
85277,0,0
183135,0,0
226391,0,0
352295,0,0
-160090,0,0
184798,0,0
238684,0,0
-223142,0,0
-74429,0,0
-2175,0,0
29111,0,0
146316,0,0
68887,0,0
-73941,0,0
440302,0,0
20908,0,0
-101631,0,0
257458,0,0
-204378,0,0
-197438,0,0
129629,0,0
271176,0,0
90464,0,0
-100952,0,0
-301482,0,0
181054,0,0
218631,0,0
-102233,0,0
-21761,0,0
-104696,0,0
-154793,0,0
-59304,0,0
-57058,0,0
-135632,0,0
287362,0,0
-125036,0,0
-173318,0,0
214560,0,0
-282763,0,0
-172103,0,0
101260,0,0
16622,0,0
-54999,0,0
104461,0,0
-223337,0,0
70260,0,0
70410,0,0
-147716,0,0
-10933,0,0
-153683,0,0
-154490,0,0
2245,0,0
-58164,0,0
-123228,0,0
329114,0,0
-768,0,0
-113158,0,0
72775,0,0
-345508,0,0
-168126,0,0
156717,0,0
118714,0,0
116618,0,0
124845,0,0
-320921,0,0
27276,0,0
158287,0,0
-100786,0,0
19912,0,0
-136503,0,0
-132205,0,0
98912,0,0
-5942,0,0
-88866,0,0
564234,0,0
36000,0,0
-193444,0,0
131280,0,0
-237105,0,0
-213565,0,0
177701,0,0
324110,0,0
202454,0,0
101884,0,0
-324847,0,0
153914,0,0
166913,0,0
-70845,0,0
121254,0,0
-125769,0,0
-154533,0,0
-80508,0,0
31898,0,0
163338,0,0
631449,0,0
-26601,0,0
-203052,0,0
27617,0,0
-279742,0,0
-60419,0,0
249733,0,0
178097,0,0
153985,0,0
163021,0,0
-126069,0,0
227179,0,0
160104,0,0
-180272,0,0
96284,0,0
140753,0,0
6849,0,0
34695,0,0
23145,0,0
-91122,0,0
461785,0,0
11379,0,0
-68376,0,0
396037,0,0
-89545,0,0
-195328,0,0
117313,0,0
172721,0,0
141103,0,0
121065,0,0
-154339,0,0
128958,0,0
72193,0,0
-171633,0,0
42042,0,0
35015,0,0
-127437,0,0
-29859,0,0
-38937,0,0
-99893,0,0
288871,0,0
-90968,0,0
-183842,0,0
65711,0,0
-336251,0,0
-227977,0,0
139451,0,0
100358,0,0
-55731,0,0
37207,0,0
-303159,0,0
-32382,0,0
58176,0,0
-211563,0,0
-113492,0,0
-200365,0,0
-158456,0,0
12840,0,0
-52175,0,0
-179166,0,0
355436,0,0
-89206,0,0
-330276,0,0
72038,0,0
-150065,0,0
-114876,0,0
114189,0,0
108766,0,0
-9329,0,0
106637,0,0
-218183,0,0
109049,0,0
172886,0,0
-17659,0,0
101316,0,0
-63967,0,0
-146558,0,0
-11613,0,0
104157,0,0
8979,0,0
692174,0,0
34964,0,0
-232287,0,0
167161,0,0
-211319,0,0
-134683,0,0
274761,0,0
258886,0,0
120026,0,0
77716,0,0
-211048,0,0
236043,0,0
158429,0,0
-235168,0,0
-26350,0,0
40588,0,0
-94876,0,0
52933,0,0
95555,0,0
-121047,0,0
251104,0,0
-98706,0,0
-185629,0,0
160439,0,0
-218922,0,0
-190295,0,0
71780,0,0
96128,0,0
449,0,0
8857,0,0
-190759,0,0
215913,0,0
80300,0,0
-299092,0,0
-96581,0,0
-94645,0,0
-102140,0,0
-44623,0,0
-67274,0,0
-111581,0,0
331659,0,0
-109985,0,0
-106230,0,0
238239,0,0
-219323,0,0
-225452,0,0
87245,0,0
73041,0,0
21065,0,0
83902,0,0
-291858,0,0
109574,0,0
209458,0,0
-16992,0,0
7301,0,0
-34229,0,0
-185840,0,0
-114070,0,0
-44557,0,0
-133825,0,0
383163,0,0
-10050,0,0
-159397,0,0
137136,0,0
-314667,0,0
-255396,0,0
196440,0,0
137622,0,0
-63763,0,0
31453,0,0
-186727,0,0
153049,0,0
5771,0,0
-315047,0,0
-100529,0,0
-108218,0,0
-78235,0,0
53816,0,0
36279,0,0
-113339,0,0
331444,0,0
-92495,0,0
-117681,0,0
218517,0,0
-338536,0,0
-281569,0,0
80608,0,0
179150,0,0
121015,0,0
150180,0,0
-154675,0,0
125924,0,0
150658,0,0
-182892,0,0
-112994,0,0
-38894,0,0
-57147,0,0
18010,0,0
7451,0,0
-95449,0,0
345410,0,0
65228,0,0
20523,0,0
141747,0,0
-417344,0,0
-299795,0,0
159768,0,0
246758,0,0
-1143,0,0
69793,0,0
-155449,0,0
173358,0,0
74882,0,0
-198572,0,0
-15685,0,0
-127065,0,0
-192207,0,0
-46197,0,0
-97565,0,0
-197710,0,0
309395,0,0
-68826,0,0
-271190,0,0
191969,0,0
-205155,0,0
-145275,0,0
-2939,0,0
35150,0,0
-104641,0,0
23335,0,0
-117240,0,0
142642,0,0
170425,0,0
-305461,0,0
-142322,0,0
-80033,0,0
-52381,0,0
97545,0,0
105903,0,0
-9044,0,0
304035,0,0
-53528,0,0
-179285,0,0
179924,0,0
-270903,0,0
-205583,0,0
176130,0,0
207435,0,0
72622,0,0
71252,0,0
-279595,0,0
130770,0,0
49512,0,0
-295811,0,0
-10394,0,0
33340,0,0
-120741,0,0
-28680,0,0
51309,0,0
-185346,0,0
288747,0,0
-418,0,0
-162749,0,0
32801,0,0
-347110,0,0
-269258,0,0
199837,0,0
256113,0,0
47122,0,0
69644,0,0
-202729,0,0
138146,0,0
21075,0,0
-188952,0,0
12030,0,0
-64561,0,0
-183996,0,0
-1163,0,0
12841,0,0
-97121,0,0
414110,0,0
14021,0,0
-170146,0,0
183880,0,0
-218306,0,0
-213338,0,0
27867,0,0
95994,0,0
36951,0,0
148473,0,0
-124447,0,0
117516,0,0
65880,0,0
-279659,0,0
-84851,0,0
29386,0,0
-17622,0,0
-96648,0,0
-152812,0,0
-193659,0,0
419596,0,0
91693,0,0
-129207,0,0
62880,0,0
-367130,0,0
-247294,0,0
85997,0,0
144682,0,0
6712,0,0
5049,0,0
-254925,0,0
94771,0,0
109607,0,0
-166919,0,0
-131880,0,0
-180363,0,0
-245428,0,0
-8350,0,0
55016,0,0
-135397,0,0
189843,0,0
-227347,0,0
-273623,0,0
81198,0,0
-338461,0,0
-193915,0,0
19242,0,0
22429,0,0
-95906,0,0
27649,0,0
-187463,0,0
97651,0,0
-75610,0,0
-382381,0,0
-103382,0,0
-61941,0,0
-68903,0,0
117015,0,0
19665,0,0
-61247,0,0
408509,0,0
-90152,0,0
-205682,0,0
191763,0,0
-168634,0,0
-112699,0,0
273018,0,0
204955,0,0
-1681,0,0
65139,0,0
-141735,0,0
327439,0,0
245996,0,0
-118544,0,0
21237,0,0
-17483,0,0
-27345,0,0
53750,0,0
61691,0,0
-40148,0,0
338930,0,0
4144,0,0
-51396,0,0
191223,0,0
-247898,0,0
-125688,0,0
205576,0,0
206671,0,0
49494,0,0
119547,0,0
-125660,0,0
141119,0,0
-32942,0,0
-311697,0,0
-27979,0,0
-53851,0,0
-81614,0,0
93746,0,0
70098,0,0
-148113,0,0
228579,0,0
-244660,0,0
-168324,0,0
211066,0,0
-257004,0,0
-139225,0,0
129479,0,0
164719,0,0
31625,0,0
-1474,0,0
-329246,0,0
160410,0,0
157123,0,0
-156682,0,0
46046,0,0
-32680,0,0
-113157,0,0
31626,0,0
-10854,0,0
-117653,0,0
367956,0,0
39002,0,0
-105733,0,0
127963,0,0
-322197,0,0
-163915,0,0
206497,0,0
138574,0,0
-18005,0,0
126268,0,0
-260066,0,0
62956,0,0
111913,0,0
-144858,0,0
-29124,0,0
-72410,0,0
-166361,0,0
-116379,0,0
-29490,0,0
-172004,0,0
247922,0,0
14567,0,0
10226,0,0
85172,0,0
-509950,0,0
-227715,0,0
153023,0,0
76998,0,0
-74967,0,0
20287,0,0
-208441,0,0
233931,0,0
171820,0,0
-283363,0,0
-216241,0,0
-178815,0,0
-126479,0,0
4766,0,0
92456,0,0
42118,0,0
267548,0,0
-116659,0,0
-122311,0,0
147955,0,0
-314699,0,0
-204849,0,0
117389,0,0
139582,0,0
-10603,0,0
91008,0,0
-114404,0,0
184839,0,0
217108,0,0
-190267,0,0
-66449,0,0
-151182,0,0
-169219,0,0
39376,0,0
-35467,0,0
-26671,0,0
326891,0,0
-41241,0,0
-43144,0,0
67086,0,0
-378160,0,0
-228018,0,0
176075,0,0
192368,0,0
19196,0,0
-57585,0,0
-205881,0,0
220998,0,0
152294,0,0
-130417,0,0
146743,0,0
25180,0,0
-217006,0,0
-80326,0,0
564,0,0
-23038,0,0
416653,0,0
-12738,0,0
47750,0,0
359622,0,0
-263343,0,0
-123623,0,0
163933,0,0
125036,0,0
99262,0,0
210031,0,0
-154988,0,0
207722,0,0
333310,0,0
-121778,0,0
-56872,0,0
-30939,0,0
5142,0,0
118389,0,0
42667,0,0
-45891,0,0
391234,0,0
12877,0,0
-65855,0,0
168902,0,0
-199687,0,0
-104675,0,0
126434,0,0
85618,0,0
-44315,0,0
98544,0,0
-176210,0,0
187793,0,0
173761,0,0
-180768,0,0
-109854,0,0
-294828,0,0
-294882,0,0
-93588,0,0
-50189,0,0
-29376,0,0
429792,0,0
24039,0,0
-225160,0,0
-26861,0,0
-440509,0,0
-376841,0,0
98165,0,0
335763,0,0
10253,0,0
-78570,0,0
-138927,0,0
263074,0,0
95449,0,0
-372331,0,0
-77289,0,0
-9519,0,0
67024,0,0
117404,0,0
43287,0,0
-38218,0,0
437830,0,0
-7459,0,0
-174755,0,0
273230,0,0
-175231,0,0
-129024,0,0
190556,0,0
273162,0,0
129346,0,0
228890,0,0
15120,0,0
172613,0,0
88340,0,0
-202751,0,0
8893,0,0
66471,0,0
51178,0,0
124882,0,0
76510,0,0
-47301,0,0
395035,0,0
79000,0,0
-89259,0,0
134098,0,0
-264767,0,0
-202436,0,0
147921,0,0
183340,0,0
89341,0,0
83694,0,0
-233610,0,0
80706,0,0
155247,0,0
-128765,0,0
-130533,0,0
-129184,0,0
-1393,0,0
55001,0,0
-61433,0,0
-175552,0,0
317554,0,0
-76962,0,0
-119315,0,0
147519,0,0
-350652,0,0
-193505,0,0
305928,0,0
107828,0,0
-53380,0,0
-44123,0,0
-220070,0,0
148072,0,0
71384,0,0
-251506,0,0
-20243,0,0
-90116,0,0
-120994,0,0
85985,0,0
-20510,0,0
-173498,0,0
277041,0,0
-93247,0,0
-150574,0,0
80467,0,0
-357990,0,0
-225064,0,0
208765,0,0
198085,0,0
9173,0,0
99733,0,0
-193601,0,0
104500,0,0
-24608,0,0
-237185,0,0
27913,0,0
-62611,0,0
-116839,0,0
-11401,0,0
10511,0,0
-127392,0,0
276565,0,0
-33795,0,0
-106432,0,0
239840,0,0
-190594,0,0
-174071,0,0
97081,0,0
97458,0,0
13282,0,0
127300,0,0
-182035,0,0
161995,0,0
214584,0,0
-81742,0,0
42349,0,0
56029,0,0
-55276,0,0
-5057,0,0
93054,0,0
102787,0,0
646863,0,0
-96663,0,0
-240887,0,0
161014,0,0
-79014,0,0
28609,0,0
336761,0,0
177721,0,0
142174,0,0
124281,0,0
-169878,0,0
180474,0,0
160633,0,0
-85284,0,0
-66108,0,0
2656,0,0
-3605,0,0
42490,0,0
65463,0,0
-107912,0,0
257913,0,0
-39261,0,0
-56621,0,0
146689,0,0
-303214,0,0
-135537,0,0
188201,0,0
115244,0,0
15068,0,0
64457,0,0
-118062,0,0
162507,0,0
82461,0,0
-205822,0,0
-16470,0,0
57706,0,0
-6465,0,0
-2499,0,0
-46898,0,0
-96854,0,0
496180,0,0
-32198,0,0
-168617,0,0
142781,0,0
-238596,0,0
-165091,0,0
198561,0,0
174571,0,0
-43571,0,0
38000,0,0
-218523,0,0
125929,0,0
154625,0,0
-129757,0,0
-54588,0,0
-117202,0,0
-149103,0,0
-60035,0,0
-8454,0,0
-150124,0,0
307779,0,0
-28034,0,0
-162408,0,0
76925,0,0
-347151,0,0
-286146,0,0
91335,0,0
80016,0,0
-16661,0,0
33311,0,0
-192934,0,0
48557,0,0
-19781,0,0
-199317,0,0
-65404,0,0
-137903,0,0
-132257,0,0
-8519,0,0
-62668,0,0
-164252,0,0
219970,0,0
-162078,0,0
-185344,0,0
122460,0,0
-266522,0,0
-131549,0,0
199833,0,0
58691,0,0
-44536,0,0
-1820,0,0
-297146,0,0
151308,0,0
216380,0,0
-130146,0,0
-22873,0,0
-49166,0,0
-109593,0,0
57029,0,0
83219,0,0
-19751,0,0
359727,0,0
111512,0,0
35026,0,0
269901,0,0
-188649,0,0
-195976,0,0
265454,0,0
295853,0,0
163944,0,0
129530,0,0
-142999,0,0
170952,0,0
176290,0,0
-11405,0,0
110067,0,0
49710,0,0
-111997,0,0
-8181,0,0
33429,0,0
13582,0,0
382921,0,0
-98310,0,0
-126906,0,0
160575,0,0
-282525,0,0
-180926,0,0
176810,0,0
91594,0,0
10374,0,0
44448,0,0
-274709,0,0
135525,0,0
96670,0,0
-227113,0,0
-24147,0,0
-42623,0,0
-117685,0,0
-3916,0,0
-168336,0,0
-201539,0,0
267472,0,0
-109488,0,0
-119659,0,0
70796,0,0
-378001,0,0
-153333,0,0
307564,0,0
109577,0,0
-29781,0,0
-83488,0,0
-299733,0,0
110157,0,0
15617,0,0
-270901,0,0
-37590,0,0
104777,0,0
-113732,0,0
-97924,0,0
65197,0,0
-6433,0,0
312308,0,0
-124581,0,0
-212905,0,0
241277,0,0
-126289,0,0
-113581,0,0
123640,0,0
185113,0,0
103362,0,0
130755,0,0
-196876,0,0
115993,0,0
68318,0,0
-168656,0,0
-41101,0,0
15892,0,0
-69744,0,0
14393,0,0
73742,0,0
-22752,0,0
375640,0,0
-17000,0,0
-114629,0,0
72401,0,0
-380724,0,0
-139198,0,0
320936,0,0
106473,0,0
9009,0,0
174904,0,0
-32352,0,0
195442,0,0
237606,0,0
-114851,0,0
-14638,0,0
95199,0,0
9368,0,0
144468,0,0
156623,0,0
91009,0,0
382829,0,0
-2671,0,0
28688,0,0
273056,0,0
-115617,0,0
-36246,0,0
234853,0,0
179344,0,0
90629,0,0
159277,0,0
13275,0,0
268795,0,0
-41675,0,0
-194150,0,0
99682,0,0
11547,0,0
-41326,0,0
35252,0,0
-152980,0,0
-138126,0,0
344889,0,0
21360,0,0
-109956,0,0
52798,0,0
-315019,0,0
-212803,0,0
84695,0,0
36091,0,0
-58276,0,0
-44554,0,0
-278979,0,0
170794,0,0
171532,0,0
-251304,0,0
-165649,0,0
-199735,0,0
-177647,0,0
5134,0,0
-103944,0,0
-196093,0,0
283730,0,0
14797,0,0
-96287,0,0
29853,0,0
-386002,0,0
-240120,0,0
135186,0,0
171715,0,0
72280,0,0
-49781,0,0
-266863,0,0
130554,0,0
120426,0,0
-162517,0,0
-47661,0,0
-139927,0,0
-155384,0,0
-127546,0,0
18814,0,0
29897,0,0
437493,0,0
-29682,0,0
17565,0,0
121965,0,0
-380620,0,0
-153618,0,0
310342,0,0
256622,0,0
32736,0,0
140791,0,0
-90313,0,0
233284,0,0
194848,0,0
-108711,0,0
52091,0,0
11711,0,0
6075,0,0
158014,0,0
111936,0,0
-17139,0,0
265723,0,0
-89259,0,0
11571,0,0
153875,0,0
-242552,0,0
-125606,0,0
273552,0,0
175376,0,0
-56129,0,0
69030,0,0
-204405,0,0
123256,0,0
46805,0,0
-191864,0,0
145280,0,0
160716,0,0
-17952,0,0
-44589,0,0
-61143,0,0
-65520,0,0
400321,0,0
2454,0,0
63302,0,0
316021,0,0
-205074,0,0
-153903,0,0
206112,0,0
237533,0,0
99436,0,0
116668,0,0
-74166,0,0
286998,0,0
99788,0,0
-176332,0,0
63432,0,0
-4445,0,0
-133822,0,0
-18757,0,0
15443,0,0
13909,0,0
227148,0,0
-178861,0,0
-172697,0,0
119895,0,0
-364849,0,0
-153395,0,0
210295,0,0
-58191,0,0
-83023,0,0
44375,0,0
-231543,0,0
41350,0,0
51384,0,0
-245113,0,0
-139380,0,0
-103716,0,0
-196610,0,0
-72894,0,0
-32074,0,0
-51550,0,0
270050,0,0
-126632,0,0
-180344,0,0
49370,0,0
-384421,0,0
-229674,0,0
95203,0,0
83053,0,0
-51418,0,0
-31148,0,0
-332528,0,0
104510,0,0
151617,0,0
-178535,0,0
34647,0,0
-166364,0,0
-275753,0,0
-135474,0,0
-74665,0,0
-73167,0,0
433522,0,0
32374,0,0
-41967,0,0
134134,0,0
-405643,0,0
-295321,0,0
200537,0,0
236638,0,0
140377,0,0
147712,0,0
-168790,0,0
152777,0,0
139497,0,0
-131899,0,0
-13315,0,0
-35724,0,0
-49471,0,0
-8460,0,0
-5530,0,0
-65001,0,0
384164,0,0
-18760,0,0
-18134,0,0
181043,0,0
-271731,0,0
-302870,0,0
122408,0,0
187210,0,0
103098,0,0
11241,0,0
-238095,0,0
126197,0,0
144771,0,0
-109724,0,0
71535,0,0
53143,0,0
6277,0,0
-42989,0,0
-59603,0,0
81377,0,0
491773,0,0
67871,0,0
10846,0,0
173577,0,0
-224919,0,0
-89338,0,0
279461,0,0
302049,0,0
221265,0,0
100380,0,0
-192648,0,0
338776,0,0
284094,0,0
-97641,0,0
128425,0,0
1652,0,0
-108098,0,0
12307,0,0
-39109,0,0
-21392,0,0
376564,0,0
24267,0,0
-2754,0,0
147915,0,0
-399575,0,0
-253828,0,0
224386,0,0
228821,0,0
-11371,0,0
58410,0,0
-287633,0,0
71584,0,0
20066,0,0
-268872,0,0
-77240,0,0
67030,0,0
-71280,0,0
-82394,0,0
-23754,0,0
-13463,0,0
268286,0,0
-95568,0,0
-134373,0,0
173427,0,0
-304652,0,0
-180352,0,0
347768,0,0
420282,0,0
-22350,0,0
-75052,0,0
-136749,0,0
212300,0,0
81886,0,0
-57110,0,0
40552,0,0
-72939,0,0
50802,0,0
81839,0,0
62151,0,0
21772,0,0
337321,0,0
23294,0,0
-72086,0,0
49963,0,0
-429263,0,0
-151931,0,0
371447,0,0
228480,0,0
105591,0,0
106965,0,0
-170347,0,0
208815,0,0
13208,0,0
-196886,0,0
56327,0,0
4801,0,0
-122148,0,0
-26363,0,0
90602,0,0
75795,0,0
381650,0,0
-79573,0,0
-164190,0,0
121735,0,0
-217312,0,0
-147441,0,0
178950,0,0
253522,0,0
77553,0,0
915,0,0
-238495,0,0
131990,0,0
76075,0,0
47593,0,0
105960,0,0
-91804,0,0
-160002,0,0
152805,0,0
149307,0,0
49820,0,0
360505,0,0
-80342,0,0
9634,0,0
244885,0,0
-166411,0,0
-47313,0,0
300555,0,0
196803,0,0
52447,0,0
126568,0,0
-42597,0,0
286812,0,0
215529,0,0
-159128,0,0
-8522,0,0
15619,0,0
-63945,0,0
80364,0,0
118786,0,0
-7717,0,0
228808,0,0
-127762,0,0
-143874,0,0
176945,0,0
-170036,0,0
-197816,0,0
64279,0,0
186544,0,0
-55325,0,0
15044,0,0
-192863,0,0
51593,0,0
-39062,0,0
-137342,0,0
138173,0,0
-127368,0,0
-446148,0,0
-23888,0,0
92751,0,0
12636,0,0
221536,0,0
-247145,0,0
-251539,0,0
30466,0,0
-313390,0,0
-29550,0,0
229843,0,0
47046,0,0
-105639,0,0
-50161,0,0
-222980,0,0
203042,0,0
54073,0,0
-255655,0,0
-98282,0,0
-109929,0,0
-160783,0,0
46445,0,0
100020,0,0
-26311,0,0
249078,0,0
-128359,0,0
-66889,0,0
207647,0,0
-327044,0,0
-261716,0,0
133227,0,0
129499,0,0
68949,0,0
88833,0,0
-163770,0,0
197459,0,0
41317,0,0
-226148,0,0
-4806,0,0
23122,0,0
-53889,0,0
-52579,0,0
-131375,0,0
-120681,0,0
359291,0,0
126375,0,0
-35357,0,0
102811,0,0
-404192,0,0
-385962,0,0
265334,0,0
334677,0,0
-40764,0,0
-22920,0,0
-134929,0,0
236401,0,0
43806,0,0
-179799,0,0
-3307,0,0
-82087,0,0
-170478,0,0
65695,0,0
74804,0,0
110791,0,0
279090,0,0
-23276,0,0
-54870,0,0
158840,0,0
-140036,0,0
-118926,0,0
180458,0,0
213378,0,0
187140,0,0
5211,0,0
-238788,0,0
165751,0,0
151153,0,0
-32606,0,0
223238,0,0
217376,0,0
-151642,0,0
-77520,0,0
64456,0,0
-44683,0,0
253830,0,0
-16067,0,0
-11154,0,0
150799,0,0
-234469,0,0
-180789,0,0
160476,0,0
111131,0,0
-47748,0,0
-50625,0,0
-122523,0,0
221832,0,0
-6055,0,0
-255604,0,0
-91327,0,0
-140741,0,0
-222145,0,0
-79183,0,0
-149889,0,0
22735,0,0
409673,0,0
-175179,0,0
-183471,0,0
116682,0,0
-375513,0,0
-226642,0,0
165809,0,0
60055,0,0
33077,0,0
91575,0,0
-226094,0,0
108868,0,0
1364,0,0
-156406,0,0
-6229,0,0
3430,0,0
-61702,0,0
-22814,0,0
-71412,0,0
-124650,0,0
254751,0,0
-84876,0,0
-63692,0,0
155369,0,0
-195403,0,0
-241095,0,0
-36211,0,0
81605,0,0
169082,0,0
157390,0,0
-218799,0,0
93249,0,0
5582,0,0
-114803,0,0
88744,0,0
-190853,0,0
-165459,0,0
58393,0,0
141955,0,0
25263,0,0
235599,0,0
-149880,0,0
-146213,0,0
149108,0,0
-281383,0,0
-293688,0,0
219695,0,0
397760,0,0
54705,0,0
-99580,0,0
-128819,0,0
146818,0,0
-23292,0,0
-206931,0,0
4320,0,0
-6100,0,0
-47999,0,0
32160,0,0
6833,0,0
-19257,0,0
303853,0,0
28478,0,0
59035,0,0
36585,0,0
-323708,0,0
-126222,0,0
306802,0,0
193291,0,0
142925,0,0
34362,0,0
-155195,0,0
153249,0,0
34538,0,0
-213738,0,0
83194,0,0
73597,0,0
-94154,0,0
11607,0,0
29324,0,0
-117874,0,0
136257,0,0
-153545,0,0
-42211,0,0
107587,0,0
-318541,0,0
-123974,0,0
244358,0,0
600,0,0
-156013,0,0
-97634,0,0
-195325,0,0
164056,0,0
17590,0,0
-249678,0,0
-144052,0,0
-158109,0,0
-79317,0,0
1802,0,0
-57427,0,0
-100568,0,0
129406,0,0
-143143,0,0
-49314,0,0
44130,0,0
-548171,0,0
-277052,0,0
206151,0,0
95890,0,0
-24733,0,0
-1331,0,0
-158875,0,0
92573,0,0
-90713,0,0
-259929,0,0
-166966,0,0
-159038,0,0
-107773,0,0
104103,0,0
76520,0,0
-7233,0,0
212028,0,0
-155840,0,0
-92001,0,0
162452,0,0
-400601,0,0
-207284,0,0
280436,0,0
257566,0,0
95850,0,0
65355,0,0
-184250,0,0
136173,0,0
57478,0,0
-132746,0,0
82902,0,0
-63372,0,0
-129446,0,0
-35777,0,0
-14837,0,0
-35636,0,0
240912,0,0
-83998,0,0
-41323,0,0
127906,0,0
-298489,0,0
-215340,0,0
98521,0,0
97555,0,0
10729,0,0
-41994,0,0
-158867,0,0
146741,0,0
104885,0,0
30201,0,0
36161,0,0
-125302,0,0
-189550,0,0
-30542,0,0
-1686,0,0
90563,0,0
378757,0,0
40003,0,0
-12951,0,0
128384,0,0
-285630,0,0
-62367,0,0
343252,0,0
188914,0,0
-9747,0,0
70453,0,0
-116108,0,0
165494,0,0
138665,0,0
-136015,0,0
99895,0,0
84282,0,0
-151077,0,0
-7742,0,0
36136,0,0
14431,0,0
287716,0,0
-99735,0,0
-124795,0,0
155123,0,0
-181041,0,0
-107403,0,0
185921,0,0
28797,0,0
-40309,0,0
101889,0,0
-164382,0,0
87027,0,0
42767,0,0
-199642,0,0
-36734,0,0
51231,0,0
13805,0,0
-17917,0,0
-50087,0,0
-95310,0,0
226752,0,0
-93189,0,0
-64951,0,0
157156,0,0
-319792,0,0
-141266,0,0
285088,0,0
164150,0,0
-36095,0,0
-62907,0,0
-151936,0,0
276539,0,0
130786,0,0
-202203,0,0
-52296,0,0
-13747,0,0
-27558,0,0
79758,0,0
-5743,0,0
-61690,0,0
306724,0,0
17436,0,0
8238,0,0
90418,0,0
-334010,0,0
-144511,0,0
287828,0,0
145278,0,0
31494,0,0
49565,0,0
-84063,0,0
169497,0,0
-20050,0,0
-214416,0,0
24750,0,0
-44915,0,0
-118099,0,0
26086,0,0
-24142,0,0
-42157,0,0
256033,0,0
-141404,0,0
-107962,0,0
98478,0,0
-213969,0,0
-89418,0,0
180536,0,0
210065,0,0
-59470,0,0
-152762,0,0
-147853,0,0
170374,0,0
125463,0,0
4775,0,0
51750,0,0
-36194,0,0
-110966,0,0
38079,0,0
59272,0,0
119115,0,0
409477,0,0
-88414,0,0
-64401,0,0
145534,0,0
-292950,0,0
-62387,0,0
251946,0,0
141211,0,0
118469,0,0
56074,0,0
-186601,0,0
159899,0,0
196615,0,0
-132180,0,0
-39785,0,0
-100928,0,0
-128767,0,0
93327,0,0
33186,0,0
-66742,0,0
314689,0,0
-83589,0,0
-127090,0,0
-14600,0,0
-370488,0,0
-102034,0,0
307656,0,0
88698,0,0
11243,0,0
-34419,0,0
-197635,0,0
135773,0,0
-5259,0,0
-179836,0,0
-30412,0,0
-136649,0,0
-190511,0,0
-46579,0,0
58768,0,0
74877,0,0
303626,0,0
-185043,0,0
-113401,0,0
63425,0,0
-289754,0,0
-143611,0,0
153677,0,0
32713,0,0
161883,0,0
82250,0,0
-111460,0,0
218510,0,0
130656,0,0
-224735,0,0
-92972,0,0
-94819,0,0
-58656,0,0
143247,0,0
44046,0,0
4799,0,0
290201,0,0
-119699,0,0
-55254,0,0
139307,0,0
-293031,0,0
-192319,0,0
192701,0,0
111173,0,0
-99470,0,0
31201,0,0
-34450,0,0
190726,0,0
27952,0,0
-317862,0,0
-149681,0,0
-46294,0,0
-57484,0,0
-108720,0,0
-141169,0,0
-64818,0,0
535887,0,0
151930,0,0
-150656,0,0
-99624,0,0
-274716,0,0
-154948,0,0
315584,0,0
180437,0,0
43308,0,0
18738,0,0
-111116,0,0
182942,0,0
97973,0,0
-921,0,0
289852,0,0
16611,0,0
-91319,0,0
31517,0,0
-50153,0,0
128574,0,0
443735,0,0
-38912,0,0
-90452,0,0
109117,0,0
-192637,0,0
33217,0,0
272861,0,0
136275,0,0
-40478,0,0
-3213,0,0
22372,0,0
274323,0,0
190230,0,0
-121399,0,0
-29909,0,0
-47152,0,0
-11258,0,0
120214,0,0
-36432,0,0
-27903,0,0
341471,0,0
26118,0,0
10030,0,0
131220,0,0
-291478,0,0
-141750,0,0
215485,0,0
206423,0,0
145052,0,0
11850,0,0
-189647,0,0
111019,0,0
6690,0,0
-186837,0,0
20459,0,0
7528,0,0
-162562,0,0
-100599,0,0
-48956,0,0
26116,0,0
376006,0,0
-101392,0,0
-141975,0,0
113343,0,0
-322404,0,0
-191424,0,0
149647,0,0
169796,0,0
-21503,0,0
-73152,0,0
-134924,0,0
177045,0,0
152004,0,0
-261342,0,0
-115601,0,0
-65011,0,0
24571,0,0
139097,0,0
25056,0,0
-91575,0,0
237654,0,0
-91543,0,0
-54227,0,0
127946,0,0
-268362,0,0
-73682,0,0
246353,0,0
111035,0,0
-20601,0,0
25674,0,0
-115917,0,0
175921,0,0
28646,0,0
-61323,0,0
58853,0,0
-117975,0,0
-191232,0,0
6128,0,0
-54943,0,0
3149,0,0
311396,0,0
-91268,0,0
-120707,0,0
96659,0,0
-316021,0,0
-146436,0,0
198536,0,0
101357,0,0
72571,0,0
60517,0,0
-89028,0,0
197272,0,0
9763,0,0
-140742,0,0
-7208,0,0
-38295,0,0
-35657,0,0
121823,0,0
-21563,0,0
10221,0,0
285101,0,0
-27766,0,0
73752,0,0
152287,0,0
-318208,0,0
1051,0,0
298815,0,0
34793,0,0
-67848,0,0
-19248,0,0
37275,0,0
381354,0,0
51831,0,0
-133847,0,0
95100,0,0
-22844,0,0
-126629,0,0
50043,0,0
48347,0,0
23092,0,0
317445,0,0
-32580,0,0
-12431,0,0
138978,0,0
-326646,0,0
-193000,0,0
161135,0,0
116672,0,0
7180,0,0
91147,0,0
-112459,0,0
78060,0,0
-120929,0,0
-270353,0,0
-30629,0,0
-115015,0,0
-93859,0,0
-6117,0,0
-104463,0,0
-25759,0,0
261255,0,0
-150864,0,0
-149013,0,0
-8823,0,0
-384864,0,0
-201327,0,0
267037,0,0
91625,0,0
-81661,0,0
21478,0,0
-124586,0,0
-11255,0,0
-120518,0,0
-255699,0,0
-59381,0,0
-15887,0,0
-59767,0,0
-69225,0,0
-157249,0,0
-48158,0,0
267751,0,0
-62408,0,0
-121598,0,0
-72335,0,0
-378251,0,0
-162554,0,0
184983,0,0
95572,0,0
72899,0,0
-2810,0,0
-163383,0,0
208475,0,0
89566,0,0
-220857,0,0
-110699,0,0
-62786,0,0
-68745,0,0
42954,0,0
44487,0,0
60733,0,0
364182,0,0
-103383,0,0
-152756,0,0
71430,0,0
-183476,0,0
-14685,0,0
256444,0,0
151855,0,0
70053,0,0
-35881,0,0
-107258,0,0
129304,0,0
97271,0,0
114311,0,0
96760,0,0
10493,0,0
-26454,0,0
54018,0,0
-79868,0,0
8900,0,0
345741,0,0
29832,0,0
121551,0,0
318465,0,0
-88424,0,0
-82498,0,0
210238,0,0
111424,0,0
132526,0,0
171533,0,0
-43164,0,0
226350,0,0
76980,0,0
-38393,0,0
202958,0,0
20585,0,0
-10537,0,0
61410,0,0
-27126,0,0
43306,0,0
288253,0,0
32479,0,0
-40386,0,0
10041,0,0
-301983,0,0
-50249,0,0
271895,0,0
122241,0,0
15492,0,0
57095,0,0
-151697,0,0
66537,0,0
-6848,0,0
-166629,0,0
-25907,0,0
-37658,0,0
-38677,0,0
-53042,0,0
-81423,0,0
-33148,0,0
220107,0,0
-65192,0,0
-21863,0,0
66290,0,0
-422768,0,0
-273452,0,0
143113,0,0
60167,0,0
-2794,0,0
-5418,0,0
-178959,0,0
142262,0,0
-68661,0,0
-206916,0,0
-36675,0,0
-65107,0,0
-148196,0,0
-64157,0,0
-55114,0,0
18399,0,0
246749,0,0
-94725,0,0
-36249,0,0
135679,0,0
-258602,0,0
-201892,0,0
163003,0,0
56878,0,0
-35228,0,0
34924,0,0
82105,0,0
266977,0,0
-75852,0,0
-219876,0,0
-3855,0,0
-38612,0,0
-18131,0,0
92134,0,0
-115169,0,0
-43563,0,0
176161,0,0
-171401,0,0
63448,0,0
157152,0,0
-229070,0,0
-96199,0,0
69609,0,0
175557,0,0
276848,0,0
36145,0,0
-220350,0,0
123963,0,0
97259,0,0
11149,0,0
96509,0,0
4772,0,0
-58015,0,0
116683,0,0
113174,0,0
130895,0,0
408423,0,0
106272,0,0
102455,0,0
38727,0,0
-248662,0,0
-8792,0,0
389289,0,0
250408,0,0
-3415,0,0
-26645,0,0
-28165,0,0
325505,0,0
-30636,0,0
-65062,0,0
177687,0,0
-17625,0,0
-180902,0,0
-18846,0,0
-12852,0,0
-23826,0,0
189570,0,0
-67604,0,0
-50780,0,0
4432,0,0
-415222,0,0
-297437,0,0
115509,0,0
81859,0,0
-59958,0,0
-21712,0,0
-164480,0,0
-29150,0,0
-107983,0,0
-237902,0,0
-151315,0,0
-126281,0,0
-180438,0,0
-89907,0,0
-155456,0,0
-84838,0,0
225478,0,0
-190667,0,0
-157424,0,0
-18033,0,0
-397161,0,0
-192893,0,0
225202,0,0
77674,0,0
-36862,0,0
-116757,0,0
-220925,0,0
115405,0,0
21427,0,0
-153407,0,0
-84916,0,0
-112470,0,0
-108254,0,0
40126,0,0
-21247,0,0
-80761,0,0
147219,0,0
-111816,0,0
30115,0,0
194182,0,0
-198464,0,0
-145486,0,0
75092,0,0
24456,0,0
-2828,0,0
-12477,0,0
-78408,0,0
233063,0,0
-4630,0,0
-144124,0,0
-4085,0,0
-37143,0,0
-178454,0,0
-52630,0,0
20174,0,0
6599,0,0
220680,0,0
-110123,0,0
-105252,0,0
-53973,0,0
-419554,0,0
-171344,0,0
271480,0,0
45115,0,0
-86091,0,0
-148330,0,0
-165585,0,0
126485,0,0
-82709,0,0
-192641,0,0
46162,0,0
43602,0,0
-216112,0,0
-102343,0,0
-71263,0,0
26343,0,0
265977,0,0
38518,0,0
-41396,0,0
12442,0,0
-332692,0,0
-108736,0,0
208818,0,0
151039,0,0
240798,0,0
108330,0,0
-162056,0,0
134350,0,0
65304,0,0
-96450,0,0
-1146,0,0
8563,0,0
-32265,0,0
104798,0,0
78419,0,0
114969,0,0
289819,0,0
-40021,0,0
23047,0,0
98919,0,0
-256930,0,0
-46961,0,0
362443,0,0
266008,0,0
86035,0,0
72743,0,0
-56145,0,0
161106,0,0
115860,0,0
-67374,0,0
42008,0,0
36618,0,0
-38670,0,0
86522,0,0
70588,0,0
37183,0,0
361865,0,0
52059,0,0
8183,0,0
109297,0,0
-254744,0,0
-113628,0,0
267639,0,0
168895,0,0
49517,0,0
64095,0,0
-19848,0,0
177504,0,0
57024,0,0
-46411,0,0
12014,0,0
10092,0,0
-58032,0,0
66855,0,0
54675,0,0
75804,0,0
191034,0,0
-20068,0,0
180872,0,0
72473,0,0
-373649,0,0
-115366,0,0
382766,0,0
163934,0,0
11548,0,0
75128,0,0
-60075,0,0
193782,0,0
36844,0,0
-183198,0,0
-62149,0,0
-76229,0,0
-78529,0,0
141447,0,0
-5864,0,0
-65925,0,0
199915,0,0
-157771,0,0
7158,0,0
107483,0,0
-307762,0,0
-240382,0,0
127015,0,0
-6611,0,0
-128215,0,0
-11536,0,0
10873,0,0
271361,0,0
-14408,0,0
-244881,0,0
-73665,0,0
-110867,0,0
-194527,0,0
-35625,0,0
-37173,0,0
98943,0,0
434943,0,0
-30445,0,0
-143561,0,0
-74797,0,0
-321091,0,0
-129291,0,0
289161,0,0
141450,0,0
-34658,0,0
110555,0,0
37016,0,0
17838,0,0
-37020,0,0
-42492,0,0
-28818,0,0
-22260,0,0
-69764,0,0
-11134,0,0
-71501,0,0
101213,0,0
380013,0,0
-50813,0,0
-30517,0,0
10365,0,0
-376046,0,0
-134702,0,0
227364,0,0
137204,0,0
215895,0,0
43253,0,0
-148549,0,0
98389,0,0
-13535,0,0
-51558,0,0
23642,0,0
-54314,0,0
-89466,0,0
26387,0,0
-66432,0,0
131151,0,0
245412,0,0
-70253,0,0
-8295,0,0
13608,0,0
-304063,0,0
-61893,0,0
306933,0,0
75169,0,0
58302,0,0
29313,0,0
-82073,0,0
100367,0,0
25142,0,0
-89945,0,0
-49529,0,0
-50736,0,0
-35173,0,0
101112,0,0
-64332,0,0
112881,0,0
271307,0,0
-120683,0,0
1735,0,0
134178,0,0
-331338,0,0
-258079,0,0
144927,0,0
186953,0,0
37643,0,0
9567,0,0
10984,0,0
223254,0,0
-41691,0,0
-242296,0,0
-92033,0,0
-159439,0,0
-83155,0,0
116435,0,0
-88550,0,0
-124998,0,0
106954,0,0
-68252,0,0
88515,0,0
103023,0,0
-317071,0,0
-102396,0,0
139883,0,0
-62994,0,0
-33003,0,0
16543,0,0
-51931,0,0
186201,0,0
49055,0,0
-175820,0,0
15431,0,0
-65302,0,0
-107282,0,0
173775,0,0
83062,0,0
106023,0,0
174312,0,0
-156899,0,0
6750,0,0
35100,0,0
-374581,0,0
-103665,0,0
274404,0,0
186354,0,0
97954,0,0
-49170,0,0
-59623,0,0
183958,0,0
-94185,0,0
-157940,0,0
49981,0,0
-36162,0,0
-110860,0,0
5242,0,0
-28262,0,0
102521,0,0
254324,0,0
-44488,0,0
-34368,0,0
50402,0,0
-227424,0,0
-64088,0,0
166786,0,0
86522,0,0
4424,0,0
-59143,0,0
-98113,0,0
217321,0,0
71222,0,0
-54828,0,0
-45469,0,0
-203625,0,0
-144495,0,0
22019,0,0
3898,0,0
139357,0,0
323795,0,0
-107340,0,0
-82238,0,0
5702,0,0
-330855,0,0
-17607,0,0
247202,0,0
64803,0,0
52238,0,0
27072,0,0
-45642,0,0
132501,0,0
48768,0,0
-113658,0,0
-82288,0,0
-51683,0,0
-88433,0,0
-54539,0,0
14235,0,0
162114,0,0
276672,0,0
-131269,0,0
18750,0,0
59125,0,0
-469420,0,0
-239234,0,0
272718,0,0
151864,0,0
126492,0,0
120095,0,0
-135972,0,0
173175,0,0
19369,0,0
-164006,0,0
-178795,0,0
-180074,0,0
-97803,0,0
188065,0,0
185147,0,0
123619,0,0
165567,0,0
-160438,0,0
-48864,0,0
-7630,0,0
-276062,0,0
-93038,0,0
244329,0,0
-7137,0,0
68522,0,0
101375,0,0
-82169,0,0
168320,0,0
-17250,0,0
-130396,0,0
-46292,0,0
-90715,0,0
-82072,0,0
10878,0,0
-6830,0,0
40024,0,0
136244,0,0
-21245,0,0
68013,0,0
40469,0,0
-252005,0,0
-203476,0,0
183597,0,0
152692,0,0
-21769,0,0
-43190,0,0
38205,0,0
129016,0,0
-79037,0,0
-122581,0,0
1239,0,0
-28018,0,0
-46578,0,0
83954,0,0
-30704,0,0
62174,0,0
298587,0,0
-63634,0,0
-90782,0,0
4325,0,0
-286554,0,0
-124118,0,0
230068,0,0
187075,0,0
-696,0,0
-115335,0,0
-86318,0,0
212605,0,0
-7057,0,0
-149494,0,0
-122790,0,0
-109859,0,0
-79804,0,0
-6726,0,0
-63037,0,0
46849,0,0
180716,0,0
-124142,0,0
-148150,0,0
-4699,0,0
-245609,0,0
-96151,0,0
126179,0,0
53861,0,0
32841,0,0
65550,0,0
-115012,0,0
24675,0,0
-27886,0,0
-82994,0,0
101369,0,0
-21284,0,0
-143777,0,0
-58283,0,0
-52741,0,0
110211,0,0
231510,0,0
-37924,0,0
45199,0,0
64578,0,0
-312638,0,0
-152044,0,0
180745,0,0
127232,0,0
-23264,0,0
-40262,0,0
-126556,0,0
227663,0,0
65519,0,0
-128570,0,0
-58696,0,0
-97550,0,0
-143142,0,0
9870,0,0
-163,0,0
41279,0,0
222782,0,0
-104757,0,0
-57815,0,0
72717,0,0
-326911,0,0
-288580,0,0
164206,0,0
282791,0,0
190555,0,0
-36814,0,0
-220951,0,0
34461,0,0
-62043,0,0
-155931,0,0
67928,0,0
160035,0,0
-36962,0,0
-37091,0,0
-77122,0,0
76858,0,0
224931,0,0
-110967,0,0
47250,0,0
99128,0,0
-135467,0,0
33796,0,0
229159,0,0
116849,0,0
51774,0,0
21899,0,0
16114,0,0
184229,0,0
-6518,0,0
-20509,0,0
10236,0,0
-13787,0,0
-21647,0,0
46716,0,0
31118,0,0
136081,0,0
184052,0,0
-142191,0,0
5764,0,0
110409,0,0
-203289,0,0
-83859,0,0
245255,0,0
35355,0,0
-43304,0,0
4145,0,0
46794,0,0
125144,0,0
-63573,0,0
-112768,0,0
-57847,0,0
4193,0,0
81540,0,0
64184,0,0
-100694,0,0
-31485,0,0
263918,0,0
-64746,0,0
15975,0,0
69832,0,0
-330201,0,0
-187935,0,0
246101,0,0
157500,0,0
43579,0,0
-69701,0,0
-27881,0,0
124888,0,0
-152523,0,0
-230676,0,0
2970,0,0
167501,0,0
-16270,0,0
-59146,0,0
-133531,0,0
125798,0,0
196916,0,0
-154611,0,0
24718,0,0
85509,0,0
-303486,0,0
-200500,0,0
215237,0,0
125977,0,0
140474,0,0
100981,0,0
-5809,0,0
87068,0,0
-145261,0,0
-198082,0,0
17520,0,0
110151,0,0
-18156,0,0
54498,0,0
-19418,0,0
115515,0,0
170320,0,0
-189479,0,0
-20164,0,0
108684,0,0
-212420,0,0
-112721,0,0
273573,0,0
72508,0,0
58512,0,0
-8061,0,0
-141173,0,0
247082,0,0
68590,0,0
-252141,0,0
-136290,0,0
-31450,0,0
-55985,0,0
-35085,0,0
5025,0,0
185727,0,0
196300,0,0
-147693,0,0
-4286,0,0
17932,0,0
-381056,0,0
-82185,0,0
276494,0,0
134676,0,0
84040,0,0
-93024,0,0
-77119,0,0
192556,0,0
563,0,0
-108454,0,0
-53462,0,0
2100,0,0
-51701,0,0
-60705,0,0
-77874,0,0
144295,0,0
296468,0,0
-65530,0,0
-63055,0,0
-48683,0,0
-394371,0,0
-137419,0,0
299842,0,0
60451,0,0
-76489,0,0
-32871,0,0
-12416,0,0
131765,0,0
-79341,0,0
-225767,0,0
-35750,0,0
-80531,0,0
-185324,0,0
-15625,0,0
-78897,0,0
6480,0,0
230298,0,0
-52481,0,0
-46376,0,0
-67715,0,0
-316219,0,0
-199199,0,0
251376,0,0
203161,0,0
23105,0,0
-83998,0,0
-82248,0,0
83923,0,0
-18165,0,0
-130048,0,0
-1519,0,0
-72631,0,0
-137884,0,0
57684,0,0
13732,0,0
244199,0,0
204550,0,0
-208123,0,0
-26660,0,0
-21379,0,0
-382319,0,0
-205115,0,0
188621,0,0
204525,0,0
81663,0,0
-104176,0,0
24139,0,0
232508,0,0
-109586,0,0
-318520,0,0
-78467,0,0
-79053,0,0
-64579,0,0
36103,0,0
63576,0,0
131394,0,0
151285,0,0
-133306,0,0
-5877,0,0
4410,0,0
-347201,0,0
-152806,0,0
244188,0,0
87492,0,0
19955,0,0
-84986,0,0
-72507,0,0
150515,0,0
35103,0,0
-100518,0,0
-33403,0,0
-170031,0,0
-146689,0,0
26472,0,0
-34296,0,0
59435,0,0
227224,0,0
-144369,0,0
-60639,0,0
23437,0,0
-338691,0,0
-98890,0,0
182446,0,0
117067,0,0
136881,0,0
-69924,0,0
-157858,0,0
126519,0,0
-99689,0,0
-132431,0,0
-10766,0,0
7845,0,0
-84042,0,0
-13872,0,0
-44751,0,0
-45079,0,0
54716,0,0
-75601,0,0
80082,0,0
106532,0,0
-339565,0,0
-300809,0,0
98849,0,0
138660,0,0
142686,0,0
27939,0,0
-75440,0,0
94852,0,0
-151373,0,0
-190308,0,0
-76486,0,0
-59333,0,0
127028,0,0
259032,0,0
-49258,0,0
-8792,0,0
181142,0,0
-69949,0,0
4653,0,0
11192,0,0
-329083,0,0
-14971,0,0
350733,0,0
111398,0,0
6895,0,0
16251,0,0
92461,0,0
214817,0,0
-69138,0,0
-92341,0,0
-59045,0,0
-171035,0,0
-88393,0,0
120830,0,0
25946,0,0
196902,0,0
316732,0,0
-107337,0,0
-63900,0,0
-21040,0,0
-252252,0,0
-87238,0,0
366485,0,0
187615,0,0
13793,0,0
-91017,0,0
-124454,0,0
208147,0,0
26878,0,0
-80663,0,0
-71804,0,0
38227,0,0
-70105,0,0
-73903,0,0
-82134,0,0
82054,0,0
235469,0,0
-51443,0,0
2056,0,0
-58685,0,0
-424431,0,0
-120622,0,0
233746,0,0
59152,0,0
-31798,0,0
-71955,0,0
-85716,0,0
122300,0,0
-84516,0,0
-151707,0,0
-118142,0,0
-123185,0,0
-161470,0,0
-10529,0,0
-110788,0,0
186549,0,0
170984,0,0
-209929,0,0
-82346,0,0
-47193,0,0
-291367,0,0
-130425,0,0
167570,0,0
26641,0,0
-16419,0,0
3529,0,0
-23373,0,0
124451,0,0
-96189,0,0
-180311,0,0
-67775,0,0
-66138,0,0
-76977,0,0
102280,0,0
-56804,0,0
84846,0,0
137263,0,0
-207498,0,0
-9,0,0
122044,0,0
-235838,0,0
20897,0,0
280750,0,0
-43900,0,0
-54583,0,0
175744,0,0
101335,0,0
171863,0,0
58065,0,0
1067,0,0
30015,0,0
-36584,0,0
-8477,0,0
174678,0,0
4648,0,0
223096,0,0
439694,0,0
-29148,0,0
-58770,0,0
-34793,0,0
-245174,0,0
217660,0,0
465908,0,0
68725,0,0
39368,0,0
-2002,0,0
40912,0,0
152678,0,0
-25488,0,0
-3765,0,0
8303,0,0
3394,0,0
23243,0,0
56201,0,0
-77194,0,0
63303,0,0
182609,0,0
-44966,0,0
200120,0,0
-45890,0,0
-379210,0,0
-136004,0,0
177708,0,0
123862,0,0
178806,0,0
-56452,0,0
-104516,0,0
146020,0,0
-102526,0,0
-172070,0,0
-43246,0,0
30506,0,0
-98142,0,0
51385,0,0
-77953,0,0
-8675,0,0
199792,0,0
-166943,0,0
-85821,0,0
-34927,0,0
-389521,0,0
-160630,0,0
291593,0,0
83378,0,0
-23483,0,0
-183806,0,0
-169577,0,0
91366,0,0
-24653,0,0
-92571,0,0
-124766,0,0
-202053,0,0
-138823,0,0
155293,0,0
16523,0,0
22550,0,0
119193,0,0
-78752,0,0
73445,0,0
15053,0,0
-316702,0,0
-135517,0,0
271629,0,0
107923,0,0
62793,0,0
-15387,0,0
28465,0,0
159512,0,0
-38650,0,0
-90725,0,0
-97924,0,0
-111129,0,0
-74592,0,0
201812,0,0
93089,0,0
147594,0,0
117372,0,0
-161183,0,0
-6941,0,0
36781,0,0
-345215,0,0
-124651,0,0
355042,0,0
186771,0,0
56630,0,0
-50756,0,0
-44272,0,0
106982,0,0
-53258,0,0
-62748,0,0
7400,0,0
9471,0,0
-72318,0,0
-110640,0,0
-149647,0,0
186252,0,0
243335,0,0
-13538,0,0
-100380,0,0
-195799,0,0
-401201,0,0
-125418,0,0
235817,0,0
33439,0,0
130125,0,0
-137705,0,0
-247129,0,0
13476,0,0
-55456,0,0
-153318,0,0
-25790,0,0
-73075,0,0
-203670,0,0
-79652,0,0
-130522,0,0
31186,0,0
145404,0,0
-156317,0,0
-58908,0,0
-31469,0,0
-326140,0,0
-151235,0,0
176784,0,0
-26965,0,0
-153618,0,0
-92087,0,0
2058,0,0
90821,0,0
26734,0,0
-72735,0,0
-168590,0,0
-169292,0,0
-109402,0,0
65348,0,0
-107747,0,0
10332,0,0
131471,0,0
-160312,0,0
24082,0,0
108771,0,0
-185815,0,0
-156964,0,0
104420,0,0
81176,0,0
117568,0,0
-91253,0,0
-23850,0,0
278722,0,0
-80876,0,0
-157581,0,0
11204,0,0
98370,0,0
-64467,0,0
83092,0,0
58842,0,0
167004,0,0
162715,0,0
-37479,0,0
133016,0,0
53103,0,0
-341032,0,0
-265214,0,0
238601,0,0
372272,0,0
321272,0,0
98916,0,0
-30443,0,0
180673,0,0
-29600,0,0
-142499,0,0
908,0,0
51627,0,0
25961,0,0
155624,0,0
123124,0,0
246431,0,0
206551,0,0
-112466,0,0
78624,0,0
105560,0,0
-228117,0,0
-54436,0,0
332945,0,0
167948,0,0
30215,0,0
7960,0,0
3423,0,0
50811,0,0
-104104,0,0
-82095,0,0
-6091,0,0
-64427,0,0
-170795,0,0
85585,0,0
-38689,0,0
54960,0,0
132924,0,0
-30468,0,0
-10671,0,0
-10001,0,0
-397642,0,0
-224676,0,0
130660,0,0
70194,0,0
65435,0,0
14530,0,0
-118030,0,0
-8993,0,0
-12075,0,0
-60570,0,0
-21026,0,0
-86077,0,0
-135085,0,0
24283,0,0
-98423,0,0
33481,0,0
123986,0,0
-112097,0,0
19978,0,0
-31164,0,0
-307228,0,0
-781,0,0
321137,0,0
-55044,0,0
-162770,0,0
-134974,0,0
-17410,0,0
147018,0,0
80513,0,0
-130749,0,0
-140055,0,0
-71193,0,0
-147614,0,0
-12082,0,0
-110411,0,0
97071,0,0
285863,0,0
10863,0,0
16130,0,0
-38922,0,0
-300597,0,0
-190006,0,0
213387,0,0
151428,0,0
75490,0,0
5533,0,0
56839,0,0
199626,0,0
-15076,0,0
-7313,0,0
17751,0,0
-30520,0,0
-102174,0,0
34851,0,0
-17840,0,0
208859,0,0
239031,0,0
-56277,0,0
132286,0,0
53947,0,0
-393191,0,0
-210090,0,0
237686,0,0
134177,0,0
94716,0,0
66118,0,0
97685,0,0
102076,0,0
-149598,0,0
-194389,0,0
11154,0,0
-10277,0,0
-98944,0,0
28342,0,0
-70744,0,0
96849,0,0
198385,0,0
-61988,0,0
89143,0,0
18265,0,0
-317223,0,0
-174657,0,0
163107,0,0
31828,0,0
-5062,0,0
-45849,0,0
53561,0,0
217007,0,0
-68577,0,0
-159950,0,0
-191754,0,0
-95110,0,0
-19985,0,0
117877,0,0
-49621,0,0
-34894,0,0
94280,0,0
2910,0,0
67716,0,0
-38414,0,0
-205405,0,0
-126439,0,0
146409,0,0
47697,0,0
78156,0,0
57549,0,0
30129,0,0
140503,0,0
-147538,0,0
-132885,0,0
21374,0,0
36610,0,0
-83701,0,0
42303,0,0
-41577,0,0
16786,0,0
161429,0,0
-32398,0,0
24398,0,0
17991,0,0
-225553,0,0
-150645,0,0
218509,0,0
79368,0,0
21971,0,0
-54459,0,0
-38593,0,0
115616,0,0
-39931,0,0
-91866,0,0
-35199,0,0
-72750,0,0
-131431,0,0
-4963,0,0
-40498,0,0
141447,0,0
240944,0,0
-218622,0,0
-78715,0,0
-27779,0,0
-323021,0,0
-139621,0,0
278201,0,0
135313,0,0
27578,0,0
-129860,0,0
-112497,0,0
153542,0,0
-56532,0,0
-122757,0,0
-46313,0,0
-80784,0,0
-58658,0,0
92756,0,0
-113423,0,0
90227,0,0
202257,0,0
30501,0,0
128654,0,0
29129,0,0
-316147,0,0
-218113,0,0
228346,0,0
134652,0,0
96683,0,0
-36716,0,0
2397,0,0
147265,0,0
-30641,0,0
-136474,0,0
-36094,0,0
30546,0,0
-32066,0,0
25627,0,0
-102967,0,0
130919,0,0
213403,0,0
-62523,0,0
1377,0,0
-62150,0,0
-291793,0,0
-149480,0,0
272684,0,0
159554,0,0
70102,0,0
-19536,0,0
22029,0,0
227500,0,0
-39665,0,0
-168120,0,0
-17414,0,0
-6059,0,0
-21124,0,0
131472,0,0
-81054,0,0
115798,0,0
196755,0,0
-74774,0,0
94935,0,0
85722,0,0
-197919,0,0
-149433,0,0
202490,0,0
148591,0,0
80182,0,0
-128268,0,0
77099,0,0
352485,0,0
-35079,0,0
-174080,0,0
-55040,0,0
29229,0,0
-3890,0,0
66331,0,0
39799,0,0
260629,0,0
152841,0,0
-150020,0,0
45755,0,0
-9577,0,0
-310632,0,0
-61445,0,0
360537,0,0
266531,0,0
11643,0,0
-188167,0,0
-70792,0,0
246243,0,0
-3010,0,0
-161472,0,0
-18773,0,0
46015,0,0
-22176,0,0
64469,0,0
-80638,0,0
116342,0,0
210377,0,0
-73658,0,0
5999,0,0
-25408,0,0
-312404,0,0
-136660,0,0
315069,0,0
216424,0,0
66545,0,0
-56448,0,0
-44749,0,0
166040,0,0
-104446,0,0
-159752,0,0
-86893,0,0
-100282,0,0
-94558,0,0
177350,0,0
-12304,0,0
-4509,0,0
180828,0,0
-54644,0,0
35210,0,0
-93214,0,0
-419333,0,0
-151016,0,0
297528,0,0
133926,0,0
75776,0,0
-99480,0,0
-87632,0,0
171929,0,0
-39365,0,0
-137169,0,0
-64207,0,0
-14524,0,0
-36970,0,0
64418,0,0
-136687,0,0
112869,0,0
275844,0,0
4519,0,0
21761,0,0
40781,0,0
-265763,0,0
-166722,0,0
150003,0,0
86642,0,0
79529,0,0
-6999,0,0
66984,0,0
248198,0,0
-22887,0,0
-212759,0,0
-89841,0,0
-43932,0,0
-97224,0,0
30846,0,0
-36230,0,0
146127,0,0
253102,0,0
-168810,0,0
-70989,0,0
-22098,0,0
-191989,0,0
-22425,0,0
271461,0,0
181885,0,0
-11033,0,0
-86729,0,0
-9890,0,0
142702,0,0
15920,0,0
407,0,0
-56422,0,0
7474,0,0
-2936,0,0
148284,0,0
80598,0,0
243796,0,0
197515,0,0
-170102,0,0
18380,0,0
42059,0,0
-148477,0,0
16502,0,0
257558,0,0
75697,0,0
60051,0,0
-42845,0,0
18328,0,0
137958,0,0
-42380,0,0
-146710,0,0
-26250,0,0
-7578,0,0
-77120,0,0
75739,0,0
6514,0,0
142845,0,0
124403,0,0
-227539,0,0
-18476,0,0
30586,0,0
-254084,0,0
-136486,0,0
242947,0,0
99551,0,0
170020,0,0
-31139,0,0
-117861,0,0
87991,0,0
-67616,0,0
-43548,0,0
-8880,0,0
-191232,0,0
-181189,0,0
139990,0,0
25805,0,0
98034,0,0
129046,0,0
-133898,0,0
-33894,0,0
-115532,0,0
-319841,0,0
-87667,0,0
232889,0,0
53323,0,0
-13288,0,0
-112029,0,0
15589,0,0
132484,0,0
-144845,0,0
-224412,0,0
-157754,0,0
-146317,0,0
57292,0,0
199057,0,0
-119335,0,0
48442,0,0
47605,0,0
-184628,0,0
-20273,0,0
43324,0,0
-148218,0,0
-127261,0,0
54342,0,0
-1327,0,0
71154,0,0
-12462,0,0
106762,0,0
205681,0,0
-53455,0,0
-129689,0,0
-21119,0,0
-40914,0,0
-155947,0,0
-36077,0,0
-91981,0,0
132613,0,0
208774,0,0
-2074,0,0
127542,0,0
-21698,0,0
-318820,0,0
-180704,0,0
123080,0,0
34853,0,0
158895,0,0
32221,0,0
75155,0,0
75674,0,0
-148654,0,0
-67250,0,0
69132,0,0
10504,0,0
-91622,0,0
7800,0,0
58051,0,0
229792,0,0
125667,0,0
-63873,0,0
136809,0,0
-9068,0,0
-273485,0,0
-56132,0,0
255057,0,0
54481,0,0
21963,0,0
-96654,0,0
26397,0,0
242467,0,0
-14547,0,0
-122271,0,0
-165383,0,0
-52904,0,0
-21520,0,0
17241,0,0
-132675,0,0
81179,0,0
174540,0,0
-72361,0,0
-61129,0,0
-11324,0,0
-186359,0,0
-178806,0,0
173689,0,0
106498,0,0
48873,0,0
-149391,0,0
8718,0,0
61629,0,0
-127293,0,0
-20501,0,0
88442,0,0
-92142,0,0
-180429,0,0
38875,0,0
-21882,0,0
153675,0,0
107080,0,0
-111789,0,0
78368,0,0
-54997,0,0
-327192,0,0
-62959,0,0
268083,0,0
151810,0,0
111809,0,0
-74421,0,0
-56243,0,0
111803,0,0
5656,0,0
-33413,0,0
-52371,0,0
-50239,0,0
-44132,0,0
86363,0,0
-82196,0,0
171022,0,0
116439,0,0
-52327,0,0
159621,0,0
-27429,0,0
-319810,0,0
-23879,0,0
325861,0,0
99153,0,0
53196,0,0
-150958,0,0
-82182,0,0
165946,0,0
42099,0,0
30448,0,0
48180,0,0
2108,0,0
-33553,0,0
2614,0,0
-126227,0,0
158618,0,0
169769,0,0
-53413,0,0
162768,0,0
-26815,0,0
-281104,0,0
-32880,0,0
308130,0,0
119908,0,0
-38962,0,0
-101274,0,0
151,0,0
230155,0,0
-3080,0,0
-84857,0,0
-111760,0,0
-40414,0,0
-3801,0,0
87655,0,0
16614,0,0
129297,0,0
37052,0,0
-143468,0,0
101042,0,0
35706,0,0
-241785,0,0
-88732,0,0
214433,0,0
-6491,0,0
-7050,0,0
-88527,0,0
337,0,0
318709,0,0
23487,0,0
-140246,0,0
-78792,0,0
-141109,0,0
-158575,0,0
126703,0,0
-14646,0,0
151679,0,0
175732,0,0
-178039,0,0
27830,0,0
7011,0,0
-337684,0,0
-24940,0,0
234936,0,0
81480,0,0
17603,0,0
-133232,0,0
41393,0,0
190574,0,0
-68632,0,0
-40081,0,0
-75739,0,0
-87116,0,0
-107308,0,0
32283,0,0
7834,0,0
156341,0,0
206905,0,0
-81489,0,0
31755,0,0
-89783,0,0
-298175,0,0
-70066,0,0
351883,0,0
133669,0,0
-29909,0,0
-189273,0,0
-94519,0,0
118006,0,0
-81901,0,0
-24745,0,0
57829,0,0
34196,0,0
-108997,0,0
-49319,0,0
-148721,0,0
96219,0,0
199163,0,0
-108695,0,0
23392,0,0
-62572,0,0
-169430,0,0
-14630,0,0
215910,0,0
66637,0,0
-26748,0,0
-106706,0,0
19294,0,0
335709,0,0
17282,0,0
-87011,0,0
-115122,0,0
-24540,0,0
-49089,0,0
65744,0,0
-52893,0,0
135108,0,0
238082,0,0
-90140,0,0
54183,0,0
38427,0,0
-274128,0,0
-101276,0,0
186877,0,0
99027,0,0
19822,0,0
-43891,0,0
58337,0,0
165321,0,0
-87906,0,0
-144529,0,0
-133800,0,0
-50922,0,0
42004,0,0
98191,0,0
-117745,0,0
60235,0,0
152691,0,0
-36932,0,0
133785,0,0
-20414,0,0
-316978,0,0
-76065,0,0
200356,0,0
109462,0,0
81086,0,0
-198437,0,0
-44470,0,0
166585,0,0
-57487,0,0
-86357,0,0
-42291,0,0
-38615,0,0
-196549,0,0
17303,0,0
72724,0,0
135381,0,0
76411,0,0
-130829,0,0
-89541,0,0
-134127,0,0
-301556,0,0
-61454,0,0
275601,0,0
129968,0,0
27241,0,0
-217436,0,0
-37695,0,0
245842,0,0
50519,0,0
13310,0,0
-69896,0,0
-80000,0,0
-95462,0,0
601,0,0
-16543,0,0
190902,0,0
167383,0,0
2586,0,0
186557,0,0
52393,0,0
-307938,0,0
-49766,0,0
376973,0,0
54424,0,0
-11427,0,0
-96565,0,0
228425,0,0
263108,0,0
-117772,0,0
-80213,0,0
-24662,0,0
11223,0,0
107922,0,0
132470,0,0
-106156,0,0
138920,0,0
166154,0,0
-36278,0,0
94350,0,0
94108,0,0
-215113,0,0
-98741,0,0
252465,0,0
169833,0,0
135760,0,0
-147871,0,0
-80685,0,0
74274,0,0
-57617,0,0
67285,0,0
-25970,0,0
-26650,0,0
-25845,0,0
-24036,0,0
-149059,0,0
107240,0,0
139239,0,0
-184540,0,0
61966,0,0
-35572,0,0
-359787,0,0
-94288,0,0
274894,0,0
27265,0,0
-48671,0,0
-140430,0,0
-83779,0,0
160579,0,0
-73357,0,0
-127539,0,0
-97694,0,0
-110713,0,0
-108011,0,0
34802,0,0
-93238,0,0
106648,0,0
64233,0,0
-182442,0,0
-22754,0,0
-67563,0,0
-235201,0,0
-164282,0,0
206422,0,0
70431,0,0
50046,0,0
-191226,0,0
-125575,0,0
15657,0,0
-122763,0,0
-6165,0,0
-115691,0,0
-192692,0,0
-88810,0,0
-46576,0,0
-89622,0,0
289451,0,0
146222,0,0
-349665,0,0
-39010,0,0
-12564,0,0
-257963,0,0
-190803,0,0
168217,0,0
90055,0,0
20761,0,0
-65134,0,0
-64303,0,0
149984,0,0
-70955,0,0
-80675,0,0
10207,0,0
-61647,0,0
-183890,0,0
-41582,0,0
-34006,0,0
202774,0,0
194462,0,0
-122672,0,0
43398,0,0
-47906,0,0
-168305,0,0
-33668,0,0
168090,0,0
110006,0,0
153455,0,0
-83768,0,0
8712,0,0
295687,0,0
74906,0,0
-114247,0,0
-75814,0,0
70419,0,0
33724,0,0
58483,0,0
-80709,0,0
254121,0,0
211946,0,0
-91261,0,0
68883,0,0
-6530,0,0
-216528,0,0
-43217,0,0
242863,0,0
84062,0,0
13526,0,0
-143291,0,0
26840,0,0
196815,0,0
7602,0,0
-1769,0,0
-49137,0,0
-102982,0,0
-78475,0,0
23049,0,0
-77166,0,0
116620,0,0
142417,0,0
-74259,0,0
152156,0,0
55967,0,0
-239796,0,0
-77572,0,0
225913,0,0
83849,0,0
-4793,0,0
-188956,0,0
758,0,0
312452,0,0
-6638,0,0
-100976,0,0
-3609,0,0
-69178,0,0
-177857,0,0
-21616,0,0
-90173,0,0
269975,0,0
209611,0,0
-176544,0,0
-8867,0,0
-92852,0,0
-287543,0,0
-128253,0,0
204512,0,0
67947,0,0
4595,0,0
-151805,0,0
57806,0,0
262105,0,0
-103647,0,0
-217904,0,0
-44012,0,0
78827,0,0
-213775,0,0
-95919,0,0
18982,0,0
284756,0,0
228675,0,0
-11415,0,0
48024,0,0
-65514,0,0
-297189,0,0
-110809,0,0
239454,0,0
151295,0,0
83446,0,0
-65131,0,0
120658,0,0
117811,0,0
-60339,0,0
15511,0,0
-58616,0,0
-16263,0,0
-78821,0,0
13031,0,0
-63869,0,0
369169,0,0
111145,0,0
-168140,0,0
133917,0,0
-7472,0,0
-241755,0,0
17671,0,0
248900,0,0
175546,0,0
143600,0,0
-90364,0,0
166574,0,0
329412,0,0
-38112,0,0
-114150,0,0
-46399,0,0
94868,0,0
48077,0,0
126754,0,0
84896,0,0
318545,0,0
263251,0,0
-102125,0,0
72617,0,0
48871,0,0
-159861,0,0
-13748,0,0
274377,0,0
140501,0,0
118325,0,0
-57169,0,0
60165,0,0
307813,0,0
15429,0,0
-157711,0,0
-10301,0,0
12902,0,0
-40717,0,0
60987,0,0
-3354,0,0
203746,0,0
139233,0,0
-86699,0,0
74206,0,0
-17029,0,0
-228244,0,0
-37696,0,0
261166,0,0
136024,0,0
78481,0,0
-154187,0,0
-45525,0,0
92912,0,0
-10228,0,0
121087,0,0
-16182,0,0
-151297,0,0
-112544,0,0
103495,0,0
-33394,0,0
155257,0,0
186116,0,0
-109882,0,0
38606,0,0
-65318,0,0
-297676,0,0
-52251,0,0
220846,0,0
122623,0,0
65573,0,0
-158319,0,0
23669,0,0
120186,0,0
-49846,0,0
-51225,0,0
-7843,0,0
-47183,0,0
-131071,0,0
-55335,0,0
-84244,0,0
304498,0,0
249751,0,0
-54562,0,0
-18918,0,0
-63632,0,0
-92120,0,0
115140,0,0
191722,0,0
-49829,0,0
-30315,0,0
-21419,0,0
202192,0,0
251154,0,0
-15581,0,0
447,0,0
-129860,0,0
-104216,0,0
-31781,0,0
29319,0,0
7156,0,0
286523,0,0
157308,0,0
-181247,0,0
9723,0,0
-27625,0,0
-265736,0,0
-108580,0,0
321057,0,0
113735,0,0
-34740,0,0
-231162,0,0
-15888,0,0
164942,0,0
-57864,0,0
5057,0,0
-72,0,0
-49784,0,0
-166342,0,0
-62782,0,0
-105164,0,0
228447,0,0
151161,0,0
-130887,0,0
81136,0,0
-11405,0,0
-422934,0,0
-168095,0,0
295623,0,0
164394,0,0
99023,0,0
-113554,0,0
-31833,0,0
42410,0,0
-107531,0,0
-17246,0,0
-48730,0,0
-20617,0,0
-79286,0,0
-20624,0,0
-75980,0,0
143348,0,0
70794,0,0
-97216,0,0
-26770,0,0
-84746,0,0
-372037,0,0
-209451,0,0
212525,0,0
224661,0,0
176161,0,0
-120538,0,0
-172369,0,0
-41743,0,0
-84110,0,0
-122652,0,0
-97905,0,0
26088,0,0
-109167,0,0
1716,0,0
-55143,0,0
151296,0,0
114283,0,0
-92871,0,0
37801,0,0
-68187,0,0
-240872,0,0
-92498,0,0
254939,0,0
151983,0,0
91320,0,0
-224118,0,0
-73139,0,0
176855,0,0
35569,0,0
-15129,0,0
-48496,0,0
48908,0,0
-34654,0,0
-113001,0,0
-182720,0,0
178415,0,0
221761,0,0
39565,0,0
127351,0,0
-201912,0,0
-268596,0,0
-49507,0,0
188184,0,0
21285,0,0
110506,0,0
-50530,0,0
55073,0,0
121216,0,0
-180916,0,0
-36303,0,0
25369,0,0
-72745,0,0
-113978,0,0
75433,0,0
-37713,0,0
218582,0,0
169150,0,0
-124192,0,0
53187,0,0
-105829,0,0
-303241,0,0
-117835,0,0
203644,0,0
38132,0,0
34777,0,0
-95866,0,0
16520,0,0
46642,0,0
-197063,0,0
-98032,0,0
-84884,0,0
-169405,0,0
-145105,0,0
-27361,0,0
-8517,0,0
149845,0,0
61722,0,0
-149945,0,0
57792,0,0
-144782,0,0
-302979,0,0
-99513,0,0
135185,0,0
91341,0,0
92073,0,0
-157995,0,0
-72141,0,0
111665,0,0
-58221,0,0
-4166,0,0
-57853,0,0
-26127,0,0
4897,0,0
-107452,0,0
-166070,0,0
116741,0,0
135173,0,0
-40253,0,0
164180,0,0
4701,0,0
-311532,0,0
-168832,0,0
224090,0,0
153501,0,0
4888,0,0
-174117,0,0
51299,0,0
179169,0,0
-84788,0,0
-84579,0,0
-43020,0,0
-103702,0,0
-119595,0,0
88051,0,0
53982,0,0
218689,0,0
-59102,0,0
-162499,0,0
55781,0,0
-98105,0,0
-263278,0,0
-20945,0,0
252932,0,0
53261,0,0
70819,0,0
-105082,0,0
20744,0,0
223255,0,0
-64138,0,0
-91593,0,0
-103411,0,0
-140297,0,0
-101444,0,0
55172,0,0
35549,0,0
316290,0,0
266666,0,0
-87278,0,0
-25424,0,0
-67098,0,0
-249074,0,0
-33004,0,0
186647,0,0
167496,0,0
119786,0,0
-24615,0,0
126506,0,0
147464,0,0
-113600,0,0
-130908,0,0
-36272,0,0
72687,0,0
17150,0,0
93121,0,0
-82969,0,0
130014,0,0
142051,0,0
-8391,0,0
41800,0,0
-176900,0,0
-275474,0,0
-19565,0,0
195089,0,0
107662,0,0
135675,0,0
-101935,0,0
-44450,0,0
120515,0,0
-71659,0,0
-2837,0,0
-96408,0,0
-50555,0,0
-64668,0,0
-19810,0,0
-186195,0,0
176483,0,0
221616,0,0
-74480,0,0
171763,0,0
-63706,0,0
-323223,0,0
-16446,0,0
241676,0,0
1601,0,0
23201,0,0
-86422,0,0
50128,0,0
144582,0,0
-167970,0,0
-84048,0,0
46217,0,0
55463,0,0
-39300,0,0
-69938,0,0
-57230,0,0
151681,0,0
59415,0,0
-24806,0,0
132501,0,0
-157321,0,0
-381617,0,0
-87932,0,0
219643,0,0
173729,0,0
137756,0,0
-75209,0,0
5338,0,0
64415,0,0
-109817,0,0
89403,0,0
2646,0,0
-76346,0,0
-71608,0,0
-19519,0,0
-90324,0,0
267520,0,0
214425,0,0
-52669,0,0
24148,0,0
-122425,0,0
-252900,0,0
79479,0,0
422954,0,0
37780,0,0
-61268,0,0
-221869,0,0
-25757,0,0
152744,0,0
-46301,0,0
-46931,0,0
-53917,0,0
-195729,0,0
-94972,0,0
97515,0,0
-81628,0,0
112565,0,0
103621,0,0
-226337,0,0
16570,0,0
-35599,0,0
-315501,0,0
-117889,0,0
233376,0,0
-47182,0,0
45925,0,0
-27505,0,0
8625,0,0
53833,0,0
-149801,0,0
27170,0,0
-21812,0,0
-113491,0,0
-132620,0,0
10343,0,0
-74824,0,0
153532,0,0
102854,0,0
-176183,0,0
1959,0,0
-46943,0,0
-338198,0,0
-32625,0,0
315992,0,0
36153,0,0
-57776,0,0
-211251,0,0
645,0,0
123961,0,0
-147534,0,0
-65737,0,0
-50207,0,0
-80918,0,0
-13520,0,0
-25643,0,0
-164278,0,0
185428,0,0
176117,0,0
-3664,0,0
99958,0,0
-220374,0,0
-338033,0,0
-36347,0,0
248198,0,0
70788,0,0
71422,0,0
-53378,0,0
35438,0,0
116097,0,0
-182986,0,0
-200195,0,0
-49467,0,0
86651,0,0
47482,0,0
7255,0,0
102384,0,0
223090,0,0
-67147,0,0
-209887,0,0
89148,0,0
31428,0,0
-142806,0,0
5894,0,0
328915,0,0
52637,0,0
43894,0,0
-57646,0,0
65701,0,0
222274,0,0
-15909,0,0
-60191,0,0
-13484,0,0
69956,0,0
-41175,0,0
23170,0,0
-68957,0,0
202242,0,0
170031,0,0
-133066,0,0
99196,0,0
-8044,0,0
-243860,0,0
-78377,0,0
213925,0,0
115754,0,0
170832,0,0
-120545,0,0
-90989,0,0
142758,0,0
-62217,0,0
-24269,0,0
-14402,0,0
-18104,0,0
-97552,0,0
82198,0,0
18388,0,0
152002,0,0
65060,0,0
-72543,0,0
68803,0,0
-80378,0,0
-226739,0,0
-80425,0,0
220442,0,0
101087,0,0
24513,0,0
-238504,0,0
-44543,0,0
193303,0,0
-15317,0,0
-97063,0,0
-190934,0,0
-163400,0,0
-54962,0,0
110082,0,0
-143179,0,0
126591,0,0
172708,0,0
-80690,0,0
56537,0,0
-161029,0,0
-322255,0,0
-26706,0,0
260305,0,0
29361,0,0
24058,0,0
-158816,0,0
90814,0,0
201206,0,0
-128841,0,0
-88713,0,0
-49374,0,0
-20465,0,0
-34249,0,0
-37519,0,0
-187900,0,0
196275,0,0
163570,0,0
-11828,0,0
107055,0,0
-203200,0,0
-344451,0,0
69647,0,0
272239,0,0
37042,0,0
9934,0,0
-184453,0,0
58622,0,0
147336,0,0
-46133,0,0
3359,0,0
35463,0,0
-152347,0,0
-34060,0,0
165044,0,0
-89710,0,0
93659,0,0
78644,0,0
-49772,0,0
116359,0,0
22284,0,0
-290361,0,0
-197114,0,0
314911,0,0
244592,0,0
208533,0,0
-81268,0,0
59726,0,0
54467,0,0
-146870,0,0
40240,0,0
109511,0,0
117556,0,0
35748,0,0
119872,0,0
6045,0,0
265584,0,0
230688,0,0
2582,0,0
198908,0,0
21310,0,0
-162209,0,0
4073,0,0
305235,0,0
274041,0,0
161407,0,0
-61882,0,0
117757,0,0
234144,0,0
-53957,0,0
-2266,0,0
-12298,0,0
16232,0,0
23444,0,0
44865,0,0
-84561,0,0
182419,0,0
133744,0,0
-15510,0,0
174708,0,0
26841,0,0
-183422,0,0
-168259,0,0
139312,0,0
34375,0,0
12378,0,0
44319,0,0
244200,0,0
253919,0,0
-113881,0,0
-166961,0,0
-44674,0,0
-90576,0,0
43674,0,0
176031,0,0
-35763,0,0
264382,0,0
130259,0,0
-90388,0,0
156648,0,0
31682,0,0
-182686,0,0
-77408,0,0
160135,0,0
78432,0,0
62682,0,0
-133350,0,0
54146,0,0
236436,0,0
-5075,0,0
20940,0,0
-165683,0,0
-183590,0,0
-96278,0,0
10912,0,0
-153063,0,0
229065,0,0
233545,0,0
-156773,0,0
30976,0,0
25456,0,0
-295896,0,0
-155699,0,0
272473,0,0
142581,0,0
62179,0,0
-156413,0,0
131529,0,0
187371,0,0
-33909,0,0
32744,0,0
-76295,0,0
-93713,0,0
-2130,0,0
90778,0,0
13357,0,0
272638,0,0
127232,0,0
-15751,0,0
76821,0,0
-118991,0,0
-133849,0,0
86177,0,0
97093,0,0
69058,0,0
120936,0,0
-35601,0,0
140804,0,0
212334,0,0
-60625,0,0
-62109,0,0
-132684,0,0
-142259,0,0
-44348,0,0
126436,0,0
28548,0,0
351431,0,0
162725,0,0
-293335,0,0
-76655,0,0
-83554,0,0
-106192,0,0
-87106,0,0
151488,0,0
37191,0,0
69264,0,0
-195669,0,0
42405,0,0
297019,0,0
-141476,0,0
-158234,0,0
-81797,0,0
-177011,0,0
-94343,0,0
94954,0,0
-76012,0,0
142251,0,0
175491,0,0
-149461,0,0
26688,0,0
-110525,0,0
-270696,0,0
-223125,0,0
129674,0,0
124294,0,0
147205,0,0
-172598,0,0
-20891,0,0
33795,0,0
-134385,0,0
-63230,0,0
-31467,0,0
-135200,0,0
-217278,0,0
-19840,0,0
-35044,0,0
232615,0,0
114910,0,0
-163225,0,0
18875,0,0
-100311,0,0
-225921,0,0
-92174,0,0
175709,0,0
67631,0,0
25406,0,0
-162648,0,0
109587,0,0
133859,0,0
-184083,0,0
-112568,0,0
-70936,0,0
-30815,0,0
-87951,0,0
-18547,0,0
-120739,0,0
176693,0,0
58418,0,0
-156762,0,0
159617,0,0
-29333,0,0
-357934,0,0
-128238,0,0
223514,0,0
52220,0,0
85492,0,0
-92163,0,0
9063,0,0
144319,0,0
-29917,0,0
38660,0,0
-40531,0,0
-35394,0,0
-71302,0,0
52892,0,0
-116995,0,0
131813,0,0
140816,0,0
30345,0,0
264052,0,0
34874,0,0
-334048,0,0
-125596,0,0
243869,0,0
20439,0,0
1339,0,0
-167082,0,0
90541,0,0
233880,0,0
25166,0,0
77641,0,0
-89867,0,0
-123207,0,0
-86889,0,0
36337,0,0
-84380,0,0
239320,0,0
166902,0,0
-101354,0,0
111889,0,0
-80116,0,0
-340205,0,0
-119647,0,0
201816,0,0
63071,0,0
115613,0,0
-78595,0,0
31975,0,0
31487,0,0
-258109,0,0
-197272,0,0
-98867,0,0
-97368,0,0
-70749,0,0
172473,0,0
-85238,0,0
94831,0,0
65375,0,0
-85999,0,0
-9528,0,0
-159896,0,0
-270632,0,0
-105676,0,0
219535,0,0
106943,0,0
203400,0,0
-154437,0,0
-46353,0,0
242044,0,0
-2604,0,0
-1626,0,0
19026,0,0
-95587,0,0
-164542,0,0
32002,0,0
-627,0,0
362274,0,0
151533,0,0
-112551,0,0
89262,0,0
-100773,0,0
-342356,0,0
-73243,0,0
220955,0,0
131872,0,0
211640,0,0
-99351,0,0
10174,0,0
146804,0,0
-117125,0,0
-59572,0,0
-116920,0,0
-109476,0,0
19861,0,0
121056,0,0
-49581,0,0
215328,0,0
162430,0,0
34094,0,0
10132,0,0
-181001,0,0
-223387,0,0
71984,0,0
257806,0,0
126404,0,0
88395,0,0
-220083,0,0
-26947,0,0
201430,0,0
-11769,0,0
-47121,0,0
-80128,0,0
-8344,0,0
-154033,0,0
-129282,0,0
-55982,0,0
244526,0,0
86623,0,0
-79330,0,0
198994,0,0
17605,0,0
-254135,0,0
-106006,0,0
100677,0,0
-25153,0,0
78016,0,0
-71177,0,0
93444,0,0
282004,0,0
23152,0,0
-69316,0,0
-116824,0,0
-77694,0,0
71205,0,0
80561,0,0
-78132,0,0
150902,0,0
117976,0,0
-162965,0,0
44854,0,0
53066,0,0
-162712,0,0
-87480,0,0
144286,0,0
28754,0,0
199910,0,0
-90019,0,0
53446,0,0
120482,0,0
-147231,0,0
-71798,0,0
-8619,0,0
1458,0,0
-52840,0,0
2182,0,0
-123412,0,0
220389,0,0
201794,0,0
-82562,0,0
40415,0,0
-190769,0,0
-247159,0,0
147175,0,0
296378,0,0
-50691,0,0
-28558,0,0
-142791,0,0
8810,0,0
197986,0,0
-47260,0,0
-79009,0,0
-67087,0,0
-15171,0,0
-45029,0,0
34897,0,0
-165724,0,0
192812,0,0
139790,0,0
-118583,0,0
181160,0,0
-177742,0,0
-301762,0,0
94942,0,0
231579,0,0
-70220,0,0
14530,0,0
-154699,0,0
39408,0,0
162560,0,0
-172421,0,0
-14753,0,0
-21137,0,0
-128002,0,0
-43632,0,0
13159,0,0
-120085,0,0
279146,0,0
55697,0,0
-184750,0,0
79249,0,0
-110558,0,0
-314747,0,0
-79509,0,0
196631,0,0
93544,0,0
129633,0,0
-108119,0,0
-91988,0,0
-16894,0,0
-155632,0,0
-63744,0,0
-130201,0,0
-61972,0,0
-108668,0,0
-68485,0,0
-188105,0,0
133720,0,0
45377,0,0
-184259,0,0
-78434,0,0
-108488,0,0
-248533,0,0
-140576,0,0
149030,0,0
-76160,0,0
-41321,0,0
-175396,0,0
-53687,0,0
103339,0,0
-80705,0,0
30532,0,0
-106458,0,0
-228299,0,0
-204174,0,0
10787,0,0
-52275,0,0
255982,0,0
246027,0,0
-52529,0,0
-83776,0,0
-234395,0,0
-251327,0,0
-9412,0,0
223830,0,0
127275,0,0
138209,0,0
-152590,0,0
9183,0,0
167851,0,0
-106001,0,0
28118,0,0
-93895,0,0
-15915,0,0
-93745,0,0
21833,0,0
60519,0,0
255327,0,0
36084,0,0
-209419,0,0
115475,0,0
-24718,0,0
-251151,0,0
-22224,0,0
169026,0,0
54470,0,0
133943,0,0
-58088,0,0
140410,0,0
54123,0,0
-272417,0,0
-42286,0,0
-8405,0,0
9901,0,0
-36270,0,0
13461,0,0
25762,0,0
263609,0,0
52290,0,0
-160488,0,0
106648,0,0
-66700,0,0
-270355,0,0
-19734,0,0
237037,0,0
78812,0,0
104166,0,0
-84373,0,0
156715,0,0
148498,0,0
-222364,0,0
-59849,0,0
9758,0,0
-34558,0,0
50037,0,0
131473,0,0
-59517,0,0
172977,0,0
60079,0,0
-132053,0,0
226199,0,0
-50464,0,0
-210163,0,0
44762,0,0
290309,0,0
27390,0,0
34049,0,0
-125304,0,0
121245,0,0
212376,0,0
-82114,0,0
-12731,0,0
-141974,0,0
-224693,0,0
-70713,0,0
188182,0,0
66311,0,0
238231,0,0
7319,0,0
-128485,0,0
67594,0,0
-98214,0,0
-237613,0,0
-27188,0,0
249597,0,0
40497,0,0
159107,0,0
-158344,0,0
-71150,0,0
41699,0,0
-79423,0,0
61276,0,0
-45980,0,0
-144088,0,0
-49091,0,0
-3018,0,0
-92664,0,0
261759,0,0
169837,0,0
-192365,0,0
-32050,0,0
-81328,0,0
-66177,0,0
63855,0,0
212840,0,0
29164,0,0
28379,0,0
-143081,0,0
156188,0,0
256960,0,0
-85199,0,0
-39017,0,0
-27154,0,0
31217,0,0
90393,0,0
47298,0,0
-105068,0,0
227677,0,0
32178,0,0
-93226,0,0
243630,0,0
-36846,0,0
-291552,0,0
-113975,0,0
252333,0,0
33279,0,0
4351,0,0
-145700,0,0
56563,0,0
149856,0,0
-189532,0,0
-109132,0,0
-79605,0,0
-70937,0,0
-106431,0,0
-97456,0,0
-265191,0,0
210183,0,0
225943,0,0
-237725,0,0
-39029,0,0
-116303,0,0
-221528,0,0
-114348,0,0
115712,0,0
-17399,0,0
-6902,0,0
-206219,0,0
-30320,0,0
134998,0,0
-116332,0,0
30343,0,0
-165063,0,0
-194396,0,0
-70371,0,0
-2585,0,0
-101021,0,0
275975,0,0
84749,0,0
-211437,0,0
-3645,0,0
-148214,0,0
-266001,0,0
-86846,0,0
149836,0,0
14156,0,0
72494,0,0
-212994,0,0
-58824,0,0
174551,0,0
30742,0,0
-24447,0,0
-167870,0,0
-240672,0,0
-111478,0,0
-1001,0,0
-41210,0,0
252122,0,0
118084,0,0
-7516,0,0
63665,0,0
-85545,0,0
-125398,0,0
-38806,0,0
94752,0,0
36411,0,0
95738,0,0
-61208,0,0
165029,0,0
311751,0,0
-60857,0,0
-155095,0,0
-64855,0,0
48252,0,0
79652,0,0
40564,0,0
-97665,0,0
278339,0,0
198016,0,0
-55965,0,0
43468,0,0
-180560,0,0
-124106,0,0
90526,0,0
179073,0,0
36353,0,0
70803,0,0
-210439,0,0
62549,0,0
229315,0,0
-163833,0,0
-72624,0,0
-48354,0,0
-54406,0,0
-107249,0,0
-50197,0,0
-113979,0,0
278189,0,0
128541,0,0
-185910,0,0
-46901,0,0
-218745,0,0
-260761,0,0
-15266,0,0
293363,0,0
182723,0,0
-112185,0,0
-234005,0,0
86576,0,0
94568,0,0
-185320,0,0
-22657,0,0
18005,0,0
-101922,0,0
-168987,0,0
40670,0,0
-38285,0,0
216266,0,0
152918,0,0
-89648,0,0
84443,0,0
-121774,0,0
-281612,0,0
-12189,0,0
290749,0,0
113678,0,0
59145,0,0
-160725,0,0
157923,0,0
283661,0,0
-52130,0,0
-51363,0,0
-101050,0,0
-31323,0,0
44634,0,0
90353,0,0
-48835,0,0
262261,0,0
104382,0,0
-117699,0,0
135281,0,0
-43267,0,0
-254950,0,0
20815,0,0
250137,0,0
43063,0,0
69853,0,0
-166498,0,0
156814,0,0
236926,0,0
-145549,0,0
-42251,0,0
-63004,0,0
-122519,0,0
-59393,0,0
67094,0,0
2288,0,0
188990,0,0
29639,0,0
-41490,0,0
179431,0,0
-20643,0,0
-319156,0,0
-158681,0,0
169759,0,0
98464,0,0
107493,0,0
-221789,0,0
29740,0,0
252005,0,0
40270,0,0
-82970,0,0
-167826,0,0
-114530,0,0
-898,0,0
62897,0,0
-48283,0,0
289417,0,0
86355,0,0
-146611,0,0
58527,0,0
-157669,0,0
-298305,0,0
-40897,0,0
300800,0,0
168810,0,0
54596,0,0
-216185,0,0
87156,0,0
26863,0,0
-255467,0,0
9231,0,0
-34627,0,0
-156303,0,0
-93189,0,0
-10048,0,0
-22677,0,0
497322,0,0
149560,0,0
-343541,0,0
-47734,0,0
-166853,0,0
-233949,0,0
38106,0,0
376906,0,0
123302,0,0
77641,0,0
-181037,0,0
61894,0,0
101856,0,0
-148536,0,0
50922,0,0
-74603,0,0
-94193,0,0
25692,0,0
122075,0,0
-61230,0,0
244731,0,0
85177,0,0
-178819,0,0
41335,0,0
-128745,0,0
-173858,0,0
44151,0,0
299527,0,0
63101,0,0
-69420,0,0
-248386,0,0
122438,0,0
199943,0,0
-161206,0,0
-99604,0,0
-90129,0,0
-67664,0,0
-89459,0,0
-56820,0,0
-158808,0,0
352839,0,0
123560,0,0
-216892,0,0
53934,0,0
-145769,0,0
-362686,0,0
-100463,0,0
237049,0,0
31205,0,0
49763,0,0
-69550,0,0
94622,0,0
79271,0,0
-252880,0,0
-170291,0,0
-57394,0,0
-13257,0,0
-117535,0,0
43286,0,0
-37678,0,0
170983,0,0
-60054,0,0
-178814,0,0
46864,0,0
-199857,0,0
-307536,0,0
-77437,0,0
137174,0,0
27553,0,0
3731,0,0
-243339,0,0
-25213,0,0
79681,0,0
-179956,0,0
3314,0,0
-38425,0,0
-168444,0,0
-170474,0,0
-52461,0,0
-151990,0,0
182953,0,0
174016,0,0
-12726,0,0
93538,0,0
-206666,0,0
-288961,0,0
10202,0,0
202077,0,0
-35300,0,0
-86202,0,0
-298212,0,0
78726,0,0
357445,0,0
-16808,0,0
-124973,0,0
-170232,0,0
-87763,0,0
-15019,0,0
-70734,0,0
-240570,0,0
250941,0,0
81574,0,0
-98103,0,0
130051,0,0
-115748,0,0
-272601,0,0
-30867,0,0
201911,0,0
36766,0,0
85215,0,0
-113215,0,0
41312,0,0
82049,0,0
-173121,0,0
62347,0,0
-33095,0,0
-198753,0,0
-122258,0,0
40103,0,0
-138247,0,0
340614,0,0
247955,0,0
17211,0,0
8412,0,0
-311403,0,0
-258994,0,0
33794,0,0
235080,0,0
101734,0,0
100483,0,0
-185149,0,0
172363,0,0
170053,0,0
-148377,0,0
-22412,0,0
10629,0,0
-80372,0,0
-25472,0,0
106509,0,0
-76914,0,0
131847,0,0
33661,0,0
-68342,0,0
257804,0,0
-929,0,0
-254566,0,0
-16063,0,0
215699,0,0
78828,0,0
10254,0,0
-69002,0,0
173043,0,0
105143,0,0
-211957,0,0
-71551,0,0
-39986,0,0
58562,0,0
-41675,0,0
27730,0,0
-112130,0,0
137971,0,0
-31668,0,0
-163240,0,0
92144,0,0
-184244,0,0
-416069,0,0
-135202,0,0
44270,0,0
32590,0,0
42590,0,0
-104729,0,0
77534,0,0
-84009,0,0
-318775,0,0
-131112,0,0
-82089,0,0
-179977,0,0
-114754,0,0
-5855,0,0
-142648,0,0
247969,0,0
-43543,0,0
-160831,0,0
123968,0,0
-180057,0,0
-241956,0,0
-44149,0,0
149739,0,0
-11256,0,0
69019,0,0
-208678,0,0
43141,0,0
79590,0,0
-160290,0,0
4063,0,0
-40296,0,0
-176797,0,0
-146623,0,0
-29426,0,0
-103468,0,0
249791,0,0
118081,0,0
-71135,0,0
125182,0,0
-148852,0,0
-286591,0,0
-9791,0,0
230531,0,0
38951,0,0
20704,0,0
-167621,0,0
68353,0,0
143857,0,0
-123077,0,0
67296,0,0
-129521,0,0
-176210,0,0
-41574,0,0
96557,0,0
-8954,0,0
185376,0,0
43991,0,0
-132457,0,0
19108,0,0
-251452,0,0
-361064,0,0
8882,0,0
257908,0,0
57009,0,0
-12079,0,0
-195163,0,0
139581,0,0
98496,0,0
-200335,0,0
-155751,0,0
-220576,0,0
-75597,0,0
-30414,0,0
21200,0,0
-54781,0,0
302457,0,0
-40412,0,0
-262810,0,0
50930,0,0
-101301,0,0
-281479,0,0
-77407,0,0
145662,0,0
-21115,0,0
21282,0,0
-180733,0,0
87514,0,0
222252,0,0
-44939,0,0
-167929,0,0
-204938,0,0
-54076,0,0
13319,0,0
51529,0,0
-149684,0,0
227633,0,0
123925,0,0
-123141,0,0
58276,0,0
-94743,0,0
-217494,0,0
-2161,0,0
267333,0,0
146617,0,0
33595,0,0
-232546,0,0
51552,0,0
175830,0,0
-89014,0,0
57765,0,0
-64340,0,0
-167882,0,0
5176,0,0
155161,0,0
-58233,0,0
208286,0,0
91547,0,0
-99304,0,0
209039,0,0
-100435,0,0
-187150,0,0
2610,0,0
168940,0,0
52700,0,0
156337,0,0
-139579,0,0
55866,0,0
125469,0,0
-147955,0,0
-5564,0,0
-78547,0,0
-16021,0,0
42814,0,0
58005,0,0
-177830,0,0
132796,0,0
16312,0,0
-32861,0,0
149731,0,0
-43753,0,0
-238746,0,0
-44657,0,0
136749,0,0
32672,0,0
39549,0,0
-262866,0,0
105437,0,0
306799,0,0
-116387,0,0
-39456,0,0
-233331,0,0
-118556,0,0
21632,0,0
896,0,0
-179448,0,0
295203,0,0
124957,0,0
-101968,0,0
72903,0,0
-259435,0,0
-191252,0,0
-6250,0,0
138474,0,0
104734,0,0
128901,0,0
-133978,0,0
62857,0,0
220201,0,0
-85638,0,0
-106279,0,0
-117708,0,0
-85060,0,0
4357,0,0
41184,0,0
-21557,0,0
267681,0,0
55523,0,0
-93163,0,0
178721,0,0
-161385,0,0
-346737,0,0
-85415,0,0
208937,0,0
87012,0,0
168698,0,0
-165125,0,0
-62356,0,0
90238,0,0
-162625,0,0
-5327,0,0
-163947,0,0
-222133,0,0
-9553,0,0
115005,0,0
-112710,0,0
256348,0,0
10851,0,0
-138105,0,0
23927,0,0
-177279,0,0
-147216,0,0
-72901,0,0
115063,0,0
88910,0,0
182228,0,0
-71807,0,0
105763,0,0
74684,0,0
-244309,0,0
-1279,0,0
77581,0,0
-21897,0,0
-7504,0,0
94959,0,0
-126887,0,0
262958,0,0
69592,0,0
-127819,0,0
174784,0,0
34641,0,0
-123311,0,0
-50477,0,0
146927,0,0
104753,0,0
110678,0,0
-75654,0,0
166339,0,0
194876,0,0
-187382,0,0
6888,0,0
-47635,0,0
-3184,0,0
15674,0,0
-34026,0,0
-45157,0,0
297119,0,0
204788,0,0
-40384,0,0
132345,0,0
-191728,0,0
-262526,0,0
32829,0,0
158690,0,0
82304,0,0
214269,0,0
-146478,0,0
60315,0,0
241190,0,0
-121855,0,0
-61659,0,0
127833,0,0
-7927,0,0
-150720,0,0
23897,0,0
26541,0,0
288554,0,0
82309,0,0
-58404,0,0
336490,0,0
-94527,0,0
-332262,0,0
-2587,0,0
273789,0,0
91789,0,0
247334,0,0
-73899,0,0
70396,0,0
300601,0,0
-186055,0,0
-129100,0,0
-7138,0,0
92117,0,0
75415,0,0
45345,0,0
-27570,0,0
256810,0,0
38354,0,0
-11372,0,0
246462,0,0
-92524,0,0
-152315,0,0
51073,0,0
207718,0,0
82924,0,0
96904,0,0
-123591,0,0
84014,0,0
234953,0,0
-13716,0,0
-43907,0,0
-61298,0,0
-61419,0,0
-122470,0,0
37109,0,0
-43203,0,0
410078,0,0
37948,0,0
-170822,0,0
33836,0,0
-242730,0,0
-281559,0,0
