-19348,0,0
57572,0,0
-163799,0,0
46313,0,0
226872,0,0
9380,0,0
-140090,0,0
-231346,0,0
-175243,0,0
-49408,0,0
39763,0,0
-107113,0,0
251494,0,0
97970,0,0
-116990,0,0
-7757,0,0
-211741,0,0
-276847,0,0
-40164,0,0
185882,0,0
38592,0,0
178973,0,0
-124576,0,0
-46207,0,0
192548,0,0
-205832,0,0
-143162,0,0
-27630,0,0
-73604,0,0
-78972,0,0
14511,0,0
-157174,0,0
219156,0,0
153946,0,0
-92509,0,0
145389,0,0
-38221,0,0
-267001,0,0
-144690,0,0
174814,0,0
22105,0,0
109118,0,0
-41954,0,0
116674,0,0
153378,0,0
-106925,0,0
-19506,0,0
-8153,0,0
-100839,0,0
4845,0,0
120955,0,0
-48354,0,0
191005,0,0
106099,0,0
-107668,0,0
111929,0,0
-27762,0,0
-190613,0,0
6122,0,0
239531,0,0
39720,0,0
90938,0,0
-135807,0,0
42626,0,0
185719,0,0
-1827,0,0
117225,0,0
-53864,0,0
-155771,0,0
-79205,0,0
97762,0,0
-43620,0,0
242102,0,0
96854,0,0
-167502,0,0
136441,0,0
-21626,0,0
-261143,0,0
-81591,0,0
291581,0,0
109285,0,0
21066,0,0
-174995,0,0
15705,0,0
289574,0,0
-86042,0,0
-155328,0,0
-89959,0,0
-61564,0,0
-101759,0,0
-8416,0,0
-91333,0,0
347724,0,0
209120,0,0
-165696,0,0
57224,0,0
-98660,0,0
-270745,0,0
-88417,0,0
153392,0,0
72908,0,0
100315,0,0
-93328,0,0
62608,0,0
190203,0,0
-127320,0,0
-81265,0,0
-67332,0,0
-134511,0,0
-117817,0,0
-10238,0,0
-70283,0,0
286927,0,0
101711,0,0
-150496,0,0
107383,0,0
-71129,0,0
-285218,0,0
-100318,0,0
200755,0,0
61858,0,0
-28517,0,0
-166194,0,0
41486,0,0
270415,0,0
61325,0,0
-20955,0,0
-189827,0,0
-125763,0,0
-79114,0,0
32983,0,0
-86820,0,0
286850,0,0
131356,0,0
-179619,0,0
95482,0,0
-121538,0,0
-279790,0,0
-94034,0,0
177633,0,0
77113,0,0
74980,0,0
-224780,0,0
-44293,0,0
47134,0,0
-255306,0,0
-81007,0,0
76694,0,0
40291,0,0
-168088,0,0
-97226,0,0
-160839,0,0
224104,0,0
91345,0,0
-114585,0,0
88696,0,0
-126362,0,0
-172351,0,0
-101835,0,0
111708,0,0
-3641,0,0
108142,0,0
25310,0,0
174489,0,0
125974,0,0
-160740,0,0
-75123,0,0
-60951,0,0
-100241,0,0
-84199,0,0
100430,0,0
57444,0,0
246463,0,0
149738,0,0
-167345,0,0
51726,0,0
-53040,0,0
-229004,0,0
86087,0,0
319088,0,0
43653,0,0
83506,0,0
-83854,0,0
75387,0,0
217451,0,0
-75451,0,0
-24481,0,0
80257,0,0
66258,0,0
-63459,0,0
22438,0,0
-62841,0,0
285213,0,0
156559,0,0
-45455,0,0
213859,0,0
-30972,0,0
-199086,0,0
14023,0,0
230879,0,0
62720,0,0
149885,0,0
42792,0,0
146773,0,0
151078,0,0
-134972,0,0
-78426,0,0
41591,0,0
7243,0,0
-119600,0,0
28948,0,0
33844,0,0
295948,0,0
185699,0,0
-138648,0,0
94698,0,0
-120846,0,0
-356501,0,0
-97184,0,0
199327,0,0
93228,0,0
171182,0,0
-82541,0,0
-129584,0,0
96961,0,0
-87760,0,0
-46351,0,0
22507,0,0
-198392,0,0
-227294,0,0
-2848,0,0
-119145,0,0
150858,0,0
166582,0,0
-95855,0,0
45528,0,0
-169956,0,0
-433315,0,0
-188887,0,0
152872,0,0
130702,0,0
165473,0,0
-111365,0,0
-127431,0,0
82384,0,0
-141196,0,0
-95717,0,0
-73210,0,0
-159683,0,0
-96900,0,0
131375,0,0
-60311,0,0
138718,0,0
64275,0,0
-209832,0,0
16814,0,0
42856,0,0
-199384,0,0
-209623,0,0
144797,0,0
115373,0,0
85694,0,0
-135379,0,0
-3970,0,0
188837,0,0
-15205,0,0
-70928,0,0
-138778,0,0
-93253,0,0
-41621,0,0
103515,0,0
-4020,0,0
166168,0,0
215634,0,0
39074,0,0
98405,0,0
-20478,0,0
-178225,0,0
-2687,0,0
158194,0,0
61283,0,0
181653,0,0
23868,0,0
99747,0,0
197367,0,0
359,0,0
11845,0,0
-2317,0,0
-49837,0,0
4035,0,0
132811,0,0
14419,0,0
179445,0,0
164672,0,0
-126223,0,0
21985,0,0
88233,0,0
-228883,0,0
-65852,0,0
220706,0,0
38099,0,0
12238,0,0
-200693,0,0
-16222,0,0
148274,0,0
-140511,0,0
-118863,0,0
-9833,0,0
-104824,0,0
-170443,0,0
-59533,0,0
-135914,0,0
47625,0,0
78405,0,0
-198729,0,0
-19157,0,0
-99484,0,0
-327302,0,0
-170985,0,0
223236,0,0
159214,0,0
76795,0,0
-185243,0,0
-83295,0,0
142000,0,0
-118684,0,0
-48579,0,0
-56511,0,0
-16506,0,0
-3583,0,0
52083,0,0
-94758,0,0
145820,0,0
222914,0,0
-95142,0,0
88147,0,0
8640,0,0
-260404,0,0
-123904,0,0
230879,0,0
122654,0,0
151835,0,0
-77933,0,0
-25024,0,0
207734,0,0
-46781,0,0
-45623,0,0
10556,0,0
-20575,0,0
-117912,0,0
95710,0,0
-61069,0,0
184801,0,0
252161,0,0
-36524,0,0
15171,0,0
-123876,0,0
-212501,0,0
-19835,0,0
227264,0,0
147730,0,0
158838,0,0
-33636,0,0
146117,0,0
310264,0,0
-140941,0,0
-82999,0,0
6074,0,0
-48572,0,0
36626,0,0
330434,0,0
7303,0,0
97070,0,0
194135,0,0
-36145,0,0
187880,0,0
70131,0,0
-229314,0,0
-16856,0,0
225137,0,0
25047,0,0
38972,0,0
-147556,0,0
-51192,0,0
248445,0,0
-17686,0,0
-24021,0,0
-184863,0,0
-153993,0,0
-34938,0,0
82950,0,0
-232749,0,0
-1693,0,0
59383,0,0
-118651,0,0
75864,0,0
-8980,0,0
-329084,0,0
-245588,0,0
159128,0,0
38827,0,0
2356,0,0
-162599,0,0
-103665,0,0
95182,0,0
-126300,0,0
-160811,0,0
-4683,0,0
-74391,0,0
-161780,0,0
-101254,0,0
-200729,0,0
46034,0,0
84022,0,0
-128576,0,0
5470,0,0
-88925,0,0
-263754,0,0
-75959,0,0
56568,0,0
-74938,0,0
-4607,0,0
-87041,0,0
36265,0,0
31795,0,0
-164557,0,0
-95290,0,0
-95999,0,0
-88948,0,0
-49322,0,0
15035,0,0
-125796,0,0
151809,0,0
104209,0,0
-205755,0,0
66268,0,0
39676,0,0
-278606,0,0
-39973,0,0
240725,0,0
15160,0,0
-32925,0,0
-60380,0,0
43288,0,0
280684,0,0
39185,0,0
-115296,0,0
-111672,0,0
-97098,0,0
-3572,0,0
122742,0,0
-25202,0,0
181164,0,0
186686,0,0
-95407,0,0
144870,0,0
28731,0,0
-311409,0,0
-130207,0,0
351734,0,0
143847,0,0
51276,0,0
-86173,0,0
73035,0,0
246181,0,0
-44762,0,0
-93607,0,0
-9389,0,0
-21651,0,0
-124356,0,0
63067,0,0
-37470,0,0
145280,0,0
207634,0,0
-19876,0,0
53986,0,0
-27054,0,0
-242630,0,0
-106785,0,0
160833,0,0
24437,0,0
85831,0,0
-45297,0,0
44313,0,0
241189,0,0
-65280,0,0
1357,0,0
56779,0,0
-112400,0,0
-66786,0,0
131140,0,0
-122764,0,0
99773,0,0
274685,0,0
-45570,0,0
106862,0,0
78402,0,0
-253463,0,0
52107,0,0
386704,0,0
11923,0,0
-39253,0,0
-55878,0,0
90630,0,0
288909,0,0
42552,0,0
-73591,0,0
10812,0,0
9970,0,0
-149637,0,0
44651,0,0
5541,0,0
130636,0,0
228458,0,0
-15717,0,0
135529,0,0
11820,0,0
-343173,0,0
-132826,0,0
206613,0,0
55605,0,0
73353,0,0
-13384,0,0
-284,0,0
169199,0,0
-42708,0,0
-101208,0,0
28776,0,0
18013,0,0
-115971,0,0
26979,0,0
-21965,0,0
156769,0,0
160658,0,0
-100449,0,0
56746,0,0
39119,0,0
-320240,0,0
-143927,0,0
267131,0,0
154466,0,0
112385,0,0
-75922,0,0
-67888,0,0
186050,0,0
-121075,0,0
-156045,0,0
-91619,0,0
-131185,0,0
-145329,0,0
1292,0,0
-36154,0,0
145580,0,0
171181,0,0
-112855,0,0
-46541,0,0
-55695,0,0
-432313,0,0
-214281,0,0
148870,0,0
52264,0,0
75287,0,0
-109126,0,0
-67876,0,0
180935,0,0
-91632,0,0
-168002,0,0
-43032,0,0
-83071,0,0
-239422,0,0
-9143,0,0
-50955,0,0
104424,0,0
231012,0,0
-127792,0,0
-92463,0,0
-127659,0,0
-285433,0,0
27453,0,0
162295,0,0
-159452,0,0
5511,0,0
-14267,0,0
99506,0,0
248926,0,0
-120110,0,0
-256612,0,0
-59980,0,0
-100487,0,0
-105954,0,0
58565,0,0
-69720,0,0
123714,0,0
289214,0,0
-125469,0,0
-71791,0,0
11264,0,0
-263537,0,0
-170505,0,0
259194,0,0
38341,0,0
29352,0,0
-20407,0,0
6426,0,0
121823,0,0
-183943,0,0
-148929,0,0
45611,0,0
-60612,0,0
-167646,0,0
156940,0,0
6707,0,0
64425,0,0
178676,0,0
-64833,0,0
20565,0,0
11206,0,0
-259072,0,0
-57202,0,0
284738,0,0
133373,0,0
36170,0,0
-50474,0,0
1014,0,0
130530,0,0
-90497,0,0
-71399,0,0
78569,0,0
-26659,0,0
-52580,0,0
34335,0,0
-92234,0,0
48185,0,0
153845,0,0
-152755,0,0
58233,0,0
39671,0,0
-312685,0,0
-102985,0,0
258921,0,0
73376,0,0
35740,0,0
-92597,0,0
56669,0,0
297394,0,0
-164140,0,0
-192264,0,0
24561,0,0
41512,0,0
24093,0,0
30488,0,0
-74403,0,0
179026,0,0
370664,0,0
-99319,0,0
-23747,0,0
99082,0,0
-197322,0,0
-1462,0,0
343835,0,0
166133,0,0
70046,0,0
8632,0,0
13108,0,0
256781,0,0
21183,0,0
-25763,0,0
63524,0,0
19761,0,0
-52062,0,0
118191,0,0
67082,0,0
59618,0,0
244042,0,0
15006,0,0
59129,0,0
11171,0,0
-267089,0,0
-70721,0,0
240577,0,0
83151,0,0
141832,0,0
44537,0,0
-125502,0,0
179841,0,0
-12646,0,0
-58583,0,0
416,0,0
-89282,0,0
-128487,0,0
33885,0,0
-126431,0,0
-66221,0,0
172951,0,0
-25148,0,0
108554,0,0
-29576,0,0
-280919,0,0
-229319,0,0
42108,0,0
70823,0,0
69856,0,0
-85975,0,0
-133716,0,0
104813,0,0
-91715,0,0
-157313,0,0
-49797,0,0
-96856,0,0
-133778,0,0
45516,0,0
-110082,0,0
18570,0,0
157738,0,0
-253594,0,0
-131602,0,0
-4237,0,0
-181832,0,0
-17779,0,0
108872,0,0
-92394,0,0
59039,0,0
-106038,0,0
-106958,0,0
50125,0,0
-3865,0,0
-59970,0,0
26898,0,0
-26831,0,0
-30262,0,0
37485,0,0
-163251,0,0
42294,0,0
341851,0,0
-31540,0,0
18381,0,0
36090,0,0
-220812,0,0
-3307,0,0
243280,0,0
67907,0,0
72829,0,0
-14305,0,0
-38532,0,0
135769,0,0
-45959,0,0
-33959,0,0
62450,0,0
-65521,0,0
-70620,0,0
41048,0,0
-123260,0,0
-17663,0,0
253465,0,0
-14428,0,0
92120,0,0
16162,0,0
-346709,0,0
-195022,0,0
181890,0,0
87442,0,0
65492,0,0
-49004,0,0
-51138,0,0
205584,0,0
-64285,0,0
-191895,0,0
6052,0,0
-76279,0,0
-124972,0,0
116888,0,0
-30116,0,0
93160,0,0
212936,0,0
-142552,0,0
-1614,0,0
-71733,0,0
-343802,0,0
12302,0,0
332153,0,0
37151,0,0
-22863,0,0
74992,0,0
34094,0,0
125727,0,0
-109799,0,0
-138720,0,0
-29910,0,0
-136289,0,0
-125755,0,0
38182,0,0
-15338,0,0
171624,0,0
276942,0,0
-132293,0,0
-66526,0,0
-189856,0,0
-451309,0,0
-158506,0,0
208260,0,0
118290,0,0
97641,0,0
114949,0,0
-149619,0,0
31446,0,0
-128423,0,0
-201802,0,0
16939,0,0
34270,0,0
-117856,0,0
-973,0,0
-136460,0,0
-30944,0,0
209566,0,0
-47149,0,0
129150,0,0
133981,0,0
-229972,0,0
-72529,0,0
200073,0,0
4406,0,0
29747,0,0
-26813,0,0
-57816,0,0
201178,0,0
-40836,0,0
-44946,0,0
103847,0,0
-55667,0,0
-82656,0,0
74413,0,0
-27786,0,0
121052,0,0
225442,0,0
-111263,0,0
118747,0,0
134409,0,0
-276164,0,0
-30340,0,0
233927,0,0
82105,0,0
115693,0,0
76923,0,0
42698,0,0
226890,0,0
31976,0,0
-81116,0,0
59672,0,0
105787,0,0
34023,0,0
55493,0,0
-94669,0,0
110484,0,0
315198,0,0
-20051,0,0
129650,0,0
85044,0,0
-301266,0,0
-138949,0,0
329422,0,0
168592,0,0
93459,0,0
-59290,0,0
-140916,0,0
237655,0,0
-7281,0,0
-192639,0,0
-88989,0,0
-74460,0,0
-91484,0,0
-5457,0,0
82335,0,0
86293,0,0
60758,0,0
-277777,0,0
-51177,0,0
77208,0,0
-379631,0,0
-246215,0,0
222958,0,0
126413,0,0
61512,0,0
-121926,0,0
-255011,0,0
117055,0,0
-41848,0,0
-126794,0,0
40899,0,0
-114066,0,0
-196104,0,0
24774,0,0
-70971,0,0
47037,0,0
291453,0,0
-109221,0,0
-29881,0,0
-5759,0,0
-291180,0,0
-47907,0,0
311252,0,0
144651,0,0
37556,0,0
-92271,0,0
-34661,0,0
227661,0,0
10033,0,0
-144124,0,0
79965,0,0
-64674,0,0
-20028,0,0
200230,0,0
11417,0,0
-42585,0,0
296089,0,0
113054,0,0
70038,0,0
-14156,0,0
-321726,0,0
-84606,0,0
256819,0,0
211544,0,0
82504,0,0
26926,0,0
-25696,0,0
240215,0,0
22653,0,0
-94201,0,0
-21436,0,0
-25543,0,0
-31016,0,0
47452,0,0
-49751,0,0
16707,0,0
247330,0,0
-97169,0,0
14929,0,0
82256,0,0
-345006,0,0
-195849,0,0
215717,0,0
196111,0,0
71927,0,0
-74111,0,0
-243144,0,0
137509,0,0
50315,0,0
-189108,0,0
-19070,0,0
-17740,0,0
-166449,0,0
93474,0,0
-62077,0,0
-57450,0,0
246136,0,0
-96894,0,0
23935,0,0
125084,0,0
-310091,0,0
-135916,0,0
168429,0,0
57892,0,0
95689,0,0
118890,0,0
-139371,0,0
50432,0,0
37743,0,0
-44676,0,0
-5597,0,0
-92684,0,0
-84392,0,0
78885,0,0
-70889,0,0
-6857,0,0
395518,0,0
-114701,0,0
-66568,0,0
99426,0,0
-263041,0,0
-119910,0,0
207760,0,0
45814,0,0
31064,0,0
7137,0,0
-21964,0,0
213278,0,0
-33306,0,0
-176379,0,0
28866,0,0
-68684,0,0
-114744,0,0
47784,0,0
-18495,0,0
-1372,0,0
153722,0,0
-74105,0,0
123107,0,0
57557,0,0
-425887,0,0
-130613,0,0
264045,0,0
69091,0,0
30257,0,0
77349,0,0
-127276,0,0
160073,0,0
16452,0,0
-69139,0,0
29320,0,0
-99279,0,0
-80173,0,0
21646,0,0
-94275,0,0
120984,0,0
285777,0,0
-92055,0,0
112334,0,0
170655,0,0
-327345,0,0
-241301,0,0
93364,0,0
84724,0,0
97024,0,0
41324,0,0
-24786,0,0
228163,0,0
-27378,0,0
-135521,0,0
59699,0,0
-156707,0,0
-148541,0,0
56041,0,0
-32895,0,0
23866,0,0
295954,0,0
-90527,0,0
-55963,0,0
114753,0,0
-190198,0,0
-134541,0,0
147033,0,0
31262,0,0
-2563,0,0
90908,0,0
-33216,0,0
210260,0,0
46345,0,0
-16376,0,0
-122477,0,0
-144106,0,0
-51510,0,0
66029,0,0
-42655,0,0
14656,0,0
324903,0,0
-138821,0,0
-125491,0,0
-19812,0,0
-274372,0,0
-19591,0,0
272424,0,0
40155,0,0
36378,0,0
15274,0,0
-194549,0,0
148418,0,0
82542,0,0
-158043,0,0
-74768,0,0
-61056,0,0
-25135,0,0
49761,0,0
-25019,0,0
19294,0,0
346569,0,0
-14767,0,0
50821,0,0
98106,0,0
-332924,0,0
-172912,0,0
228881,0,0
116166,0,0
61597,0,0
31725,0,0
-147583,0,0
162586,0,0
-16703,0,0
-67201,0,0
69266,0,0
-60524,0,0
-176361,0,0
-711,0,0
18970,0,0
103502,0,0
302939,0,0
-129889,0,0
-91275,0,0
27218,0,0
-290742,0,0
-88094,0,0
246921,0,0
190780,0,0
135690,0,0
-5714,0,0
-184599,0,0
205781,0,0
50673,0,0
-122810,0,0
19178,0,0
-29656,0,0
-81349,0,0
25874,0,0
-40525,0,0
72367,0,0
377356,0,0
-63616,0,0
-136136,0,0
57925,0,0
-243569,0,0
-43643,0,0
114679,0,0
55175,0,0
41836,0,0
-24373,0,0
-127121,0,0
237475,0,0
-25219,0,0
-228679,0,0
44240,0,0
-118637,0,0
-257483,0,0
-45488,0,0
-28796,0,0
-6277,0,0
364568,0,0
-64083,0,0
-175935,0,0
-66258,0,0
-380342,0,0
-113768,0,0
139814,0,0
41453,0,0
8463,0,0
-59572,0,0
-211033,0,0
152573,0,0
-4578,0,0
-188605,0,0
-5392,0,0
-107469,0,0
-204710,0,0
-44651,0,0
-62821,0,0
67639,0,0
381693,0,0
-132106,0,0
-125586,0,0
52542,0,0
-354611,0,0
-129976,0,0
177301,0,0
73123,0,0
115021,0,0
92724,0,0
-45285,0,0
164776,0,0
-48931,0,0
-126299,0,0
-44124,0,0
-79764,0,0
-99151,0,0
8839,0,0
-40088,0,0
62926,0,0
343212,0,0
-99153,0,0
-27659,0,0
107718,0,0
-300201,0,0
-184477,0,0
169957,0,0
195476,0,0
87967,0,0
485,0,0
-123543,0,0
239062,0,0
59669,0,0
-184700,0,0
12319,0,0
-79331,0,0
-137074,0,0
28290,0,0
2263,0,0
46015,0,0
317360,0,0
-30888,0,0
26806,0,0
28157,0,0
-446965,0,0
-165950,0,0
240324,0,0
184978,0,0
89580,0,0
15723,0,0
-301519,0,0
122243,0,0
207483,0,0
-84946,0,0
-60808,0,0
-135736,0,0
-58779,0,0
88095,0,0
-65401,0,0
-76072,0,0
331975,0,0
-100857,0,0
-64258,0,0
104160,0,0
-314193,0,0
-131956,0,0
153198,0,0
85593,0,0
-20998,0,0
-57416,0,0
-124677,0,0
195392,0,0
34848,0,0
-202575,0,0
-63757,0,0
-157097,0,0
-254178,0,0
-101382,0,0
42754,0,0
31376,0,0
211436,0,0
-126846,0,0
-18710,0,0
-6621,0,0
-398779,0,0
-166494,0,0
199378,0,0
57741,0,0
-25169,0,0
-31960,0,0
-170254,0,0
199579,0,0
42325,0,0
-76331,0,0
-43946,0,0
-195369,0,0
-120278,0,0
148930,0,0
26307,0,0
-44277,0,0
321609,0,0
-59725,0,0
-71585,0,0
31958,0,0
-328896,0,0
-63212,0,0
276657,0,0
181144,0,0
62952,0,0
125554,0,0
-123025,0,0
86285,0,0
49684,0,0
-84276,0,0
143184,0,0
85935,0,0
-25378,0,0
26672,0,0
40024,0,0
49370,0,0
346400,0,0
-29442,0,0
74983,0,0
227283,0,0
-246442,0,0
-71672,0,0
351740,0,0
181330,0,0
2413,0,0
52878,0,0
-73286,0,0
209526,0,0
31142,0,0
-122553,0,0
79955,0,0
59533,0,0
-99177,0,0
85531,0,0
21964,0,0
-109187,0,0
235471,0,0
-27627,0,0
69796,0,0
112946,0,0
-320415,0,0
-90698,0,0
336017,0,0
140753,0,0
27518,0,0
41776,0,0
-207404,0,0
168447,0,0
69535,0,0
-152633,0,0
9275,0,0
-48982,0,0
-137410,0,0
-16839,0,0
22709,0,0
-39946,0,0
309727,0,0
-99611,0,0
-95401,0,0
84521,0,0
-327287,0,0
-215364,0,0
194695,0,0
69815,0,0
-9333,0,0
50833,0,0
-182161,0,0
265198,0,0
56091,0,0
-201328,0,0
7152,0,0
-41327,0,0
-101834,0,0
83063,0,0
-10003,0,0
-67493,0,0
352111,0,0
-8037,0,0
-7433,0,0
184201,0,0
-258462,0,0
-113596,0,0
215380,0,0
125196,0,0
62627,0,0
73344,0,0
-122383,0,0
202437,0,0
98886,0,0
-18331,0,0
136507,0,0
-115430,0,0
-158148,0,0
84950,0,0
59174,0,0
-6906,0,0
296963,0,0
-95552,0,0
-32379,0,0
145622,0,0
-275798,0,0
-44464,0,0
243734,0,0
98029,0,0
1292,0,0
92096,0,0
-117798,0,0
138782,0,0
-29695,0,0
-107733,0,0
61817,0,0
-42642,0,0
-140319,0,0
-34927,0,0
-27238,0,0
-27567,0,0
349529,0,0
-163773,0,0
-109325,0,0
101976,0,0
-406185,0,0
-176678,0,0
217797,0,0
27800,0,0
-45528,0,0
81936,0,0
-193172,0,0
56857,0,0
-8244,0,0
-131705,0,0
-91786,0,0
-261130,0,0
-168779,0,0
128260,0,0
-100518,0,0
-127546,0,0
279964,0,0
-61607,0,0
-103099,0,0
153800,0,0
-269405,0,0
-216536,0,0
88114,0,0
4096,0,0
-3810,0,0
123680,0,0
-224495,0,0
138353,0,0
17433,0,0
-123176,0,0
74200,0,0
-23377,0,0
-90096,0,0
-72398,0,0
-99087,0,0
30544,0,0
407008,0,0
-149601,0,0
-100942,0,0
144449,0,0
-285534,0,0
-108516,0,0
186137,0,0
159240,0,0
180798,0,0
97676,0,0
-241513,0,0
128435,0,0
106489,0,0
-107062,0,0
123872,0,0
34417,0,0
-57450,0,0
60053,0,0
-61052,0,0
7711,0,0
439995,0,0
-37751,0,0
-58432,0,0
210131,0,0
-150958,0,0
-42191,0,0
193982,0,0
207163,0,0
79087,0,0
122336,0,0
-201183,0,0
194089,0,0
73869,0,0
-149286,0,0
91152,0,0
-53984,0,0
-127423,0,0
10342,0,0
-28274,0,0
-102120,0,0
366311,0,0
-25044,0,0
-107716,0,0
45897,0,0
-434291,0,0
-207684,0,0
178987,0,0
34087,0,0
195,0,0
155678,0,0
-270217,0,0
-12275,0,0
24582,0,0
-178027,0,0
-31118,0,0
-101102,0,0
-249884,0,0
-96831,0,0
-103780,0,0
-134552,0,0
289914,0,0
-130750,0,0
-69690,0,0
162103,0,0
-463492,0,0
-283567,0,0
118465,0,0
21896,0,0
35940,0,0
75270,0,0
-216248,0,0
145562,0,0
-39586,0,0
-277938,0,0
-11527,0,0
-182229,0,0
-101356,0,0
103535,0,0
43725,0,0
12014,0,0
471688,0,0
-109202,0,0
-185394,0,0
75354,0,0
-299845,0,0
-78319,0,0
232905,0,0
105078,0,0
82352,0,0
36015,0,0
-147957,0,0
264796,0,0
122426,0,0
-208257,0,0
63052,0,0
36446,0,0
-138038,0,0
-75147,0,0
-65602,0,0
-58937,0,0
380336,0,0
-28386,0,0
-14192,0,0
153301,0,0
-286429,0,0
-142962,0,0
105819,0,0
46080,0,0
113192,0,0
65045,0,0
-279560,0,0
202504,0,0
53361,0,0
-98408,0,0
3567,0,0
-70340,0,0
-207153,0,0
27812,0,0
-19070,0,0
-127264,0,0
315189,0,0
-145942,0,0
-192387,0,0
87720,0,0
-376185,0,0
-216966,0,0
87955,0,0
67293,0,0
-14994,0,0
7669,0,0
-255887,0,0
60689,0,0
-94230,0,0
-246834,0,0
-22703,0,0
-152437,0,0
-159707,0,0
-24527,0,0
-152002,0,0
-178460,0,0
345735,0,0
-101010,0,0
-141631,0,0
65759,0,0
-333143,0,0
-195729,0,0
150636,0,0
29615,0,0
-56161,0,0
-3576,0,0
-228046,0,0
252129,0,0
94717,0,0
-292147,0,0
-58168,0,0
-191748,0,0
-244949,0,0
-23694,0,0
19300,0,0
-72136,0,0
345501,0,0
-39993,0,0
-38233,0,0
61454,0,0
-385109,0,0
-160260,0,0
207488,0,0
160705,0,0
67131,0,0
67669,0,0
-146645,0,0
206857,0,0
105296,0,0
-160964,0,0
362,0,0
-33489,0,0
36535,0,0
151074,0,0
-96155,0,0
-108412,0,0
379830,0,0
30598,0,0
19666,0,0
153212,0,0
-267565,0,0
-54724,0,0
209021,0,0
27120,0,0
70136,0,0
144652,0,0
-87770,0,0
191113,0,0
48897,0,0
-175591,0,0
113890,0,0
61788,0,0
-69036,0,0
58499,0,0
23920,0,0
-123645,0,0
366190,0,0
20626,0,0
-8854,0,0
218979,0,0
-252949,0,0
-176146,0,0
170788,0,0
274449,0,0
153028,0,0
123091,0,0
-232286,0,0
163041,0,0
267077,0,0
-39160,0,0
-49292,0,0
-29882,0,0
-61285,0,0
68850,0,0
141808,0,0
59552,0,0
370887,0,0
-54891,0,0
-25577,0,0
263843,0,0
-237141,0,0
-185935,0,0
245255,0,0
268770,0,0
96068,0,0
114838,0,0
-165887,0,0
176517,0,0
132852,0,0
-201823,0,0
11477,0,0
75131,0,0
15643,0,0
17940,0,0
-86049,0,0
-142641,0,0
419609,0,0
54578,0,0
-2390,0,0
123166,0,0
-317702,0,0
-170724,0,0
128317,0,0
140980,0,0
64357,0,0
105723,0,0
-176730,0,0
140912,0,0
51560,0,0
-195705,0,0
40798,0,0
-72459,0,0
-80294,0,0
43401,0,0
-3370,0,0
-14729,0,0
367465,0,0
16250,0,0
-62229,0,0
97657,0,0
-284065,0,0
-141526,0,0
230259,0,0
242348,0,0
163194,0,0
144081,0,0
-139238,0,0
293699,0,0
204321,0,0
-243799,0,0
35710,0,0
37324,0,0
-56521,0,0
92838,0,0
71123,0,0
15812,0,0
387986,0,0
-46643,0,0
-43139,0,0
217302,0,0
-212078,0,0
-7518,0,0
269257,0,0
128471,0,0
102417,0,0
104466,0,0
-230190,0,0
210531,0,0
145231,0,0
-122538,0,0
53523,0,0
-53707,0,0
-78398,0,0
176469,0,0
129634,0,0
-110683,0,0
390721,0,0
-5980,0,0
-46078,0,0
200014,0,0
-355360,0,0
-186829,0,0
251663,0,0
180400,0,0
114428,0,0
118580,0,0
-144449,0,0
180733,0,0
220279,0,0
-78443,0,0
-15589,0,0
-108899,0,0
-101117,0,0
57063,0,0
31767,0,0
-32588,0,0
392723,0,0
11938,0,0
-22394,0,0
148449,0,0
-278742,0,0
-113303,0,0
235376,0,0
240985,0,0
90645,0,0
104171,0,0
-251035,0,0
195424,0,0
164076,0,0
-141466,0,0
28999,0,0
-19532,0,0
4749,0,0
125850,0,0
-14911,0,0
-123337,0,0
300841,0,0
-149779,0,0
-98383,0,0
176339,0,0
-304144,0,0
-149442,0,0
388884,0,0
287094,0,0
-146033,0,0
-110589,0,0
-305369,0,0
127120,0,0
16271,0,0
-186367,0,0
-24064,0,0
-157244,0,0
-85048,0,0
35470,0,0
-109126,0,0
-54405,0,0
396262,0,0
-209601,0,0
-251746,0,0
86421,0,0
-390097,0,0
-214635,0,0
122428,0,0
118257,0,0
56378,0,0
15877,0,0
-324569,0,0
155832,0,0
118564,0,0
-302226,0,0
-94841,0,0
-113200,0,0
-161738,0,0
52853,0,0
14349,0,0
-170401,0,0
285109,0,0
-84042,0,0
-175481,0,0
109073,0,0
-229890,0,0
-165516,0,0
76961,0,0
82327,0,0
70690,0,0
89915,0,0
-274637,0,0
172753,0,0
89320,0,0
-255491,0,0
-9888,0,0
-118038,0,0
-55086,0,0
79085,0,0
-39387,0,0
-161968,0,0
329247,0,0
-67354,0,0
-118767,0,0
113102,0,0
-312259,0,0
-109532,0,0
98375,0,0
27095,0,0
-43945,0,0
38666,0,0
-252543,0,0
193875,0,0
70333,0,0
-212579,0,0
65851,0,0
-159880,0,0
-190280,0,0
60237,0,0
-46391,0,0
-189183,0,0
258810,0,0
-96617,0,0
-10823,0,0
184223,0,0
-315078,0,0
-273163,0,0
79130,0,0
95106,0,0
129259,0,0
100751,0,0
-350431,0,0
76103,0,0
19800,0,0
-306012,0,0
21621,0,0
76443,0,0
8431,0,0
-115874,0,0
-157701,0,0
-87132,0,0
372383,0,0
-143711,0,0
-138627,0,0
160087,0,0
-330510,0,0
-259690,0,0
180611,0,0
236873,0,0
3246,0,0
26410,0,0
-284805,0,0
188223,0,0
81461,0,0
-312166,0,0
-90308,0,0
-28809,0,0
-77585,0,0
52982,0,0
-29475,0,0
-176143,0,0
286876,0,0
-54019,0,0
-37681,0,0
163499,0,0
-342658,0,0
-195762,0,0
140524,0,0
156372,0,0
27421,0,0
112963,0,0
-298587,0,0
117205,0,0
128258,0,0
-189715,0,0
22094,0,0
-46683,0,0
-171855,0,0
-20356,0,0
-12041,0,0
-88665,0,0
362904,0,0
-82562,0,0
-45934,0,0
231745,0,0
-295108,0,0
-193764,0,0
164153,0,0
182584,0,0
114663,0,0
132608,0,0
-218306,0,0
181859,0,0
155911,0,0
-161949,0,0
37322,0,0
-12609,0,0
-114811,0,0
77926,0,0
112893,0,0
-98237,0,0
336228,0,0
-42492,0,0
-31222,0,0
229091,0,0
-354215,0,0
-215224,0,0
132380,0,0
179734,0,0
146780,0,0
198950,0,0
-262211,0,0
182436,0,0
229680,0,0
-161612,0,0
295,0,0
-126641,0,0
-97567,0,0
114228,0,0
104007,0,0
-148448,0,0
363836,0,0
51694,0,0
162,0,0
197121,0,0
-343128,0,0
-169901,0,0
183351,0,0
187701,0,0
120725,0,0
92941,0,0
-245960,0,0
124224,0,0
198010,0,0
-144217,0,0
-23501,0,0
-45490,0,0
5224,0,0
52971,0,0
-2102,0,0
-84319,0,0
329739,0,0
-73279,0,0
-133560,0,0
250676,0,0
-192754,0,0
-142437,0,0
166816,0,0
147151,0,0
87476,0,0
128176,0,0
-200699,0,0
164622,0,0
180068,0,0
-156539,0,0
26947,0,0
-40301,0,0
-60033,0,0
71981,0,0
-16176,0,0
-77978,0,0
419105,0,0
-36253,0,0
-139411,0,0
221979,0,0
-172521,0,0
-83014,0,0
131408,0,0
76393,0,0
40649,0,0
179292,0,0
-243772,0,0
186951,0,0
170957,0,0
-222656,0,0
31882,0,0
-21182,0,0
-125006,0,0
36263,0,0
45521,0,0
-84386,0,0
341026,0,0
-77021,0,0
-54331,0,0
254298,0,0
-323897,0,0
-207514,0,0
146092,0,0
169570,0,0
69213,0,0
131630,0,0
-171813,0,0
183203,0,0
107905,0,0
-192708,0,0
32720,0,0
-104012,0,0
-91792,0,0
22998,0,0
12297,0,0
-99809,0,0
364494,0,0
-56890,0,0
-3238,0,0
380708,0,0
-390510,0,0
-303055,0,0
197309,0,0
162176,0,0
20586,0,0
125864,0,0
-234767,0,0
246821,0,0
185594,0,0
-186116,0,0
-8759,0,0
-103771,0,0
-93957,0,0
1209,0,0
-62072,0,0
-139896,0,0
402233,0,0
-30991,0,0
-115695,0,0
297399,0,0
-174270,0,0
-186082,0,0
46544,0,0
45349,0,0
60,0,0
160307,0,0
-162585,0,0
154812,0,0
114288,0,0
-195877,0,0
-1360,0,0
-40228,0,0
51918,0,0
128110,0,0
11991,0,0
-222858,0,0
354160,0,0
81008,0,0
-85575,0,0
209696,0,0
-219346,0,0
-140106,0,0
63130,0,0
66566,0,0
88285,0,0
262098,0,0
-164462,0,0
170600,0,0
115437,0,0
-204530,0,0
6200,0,0
-79437,0,0
-47192,0,0
90119,0,0
10478,0,0
-152124,0,0
373627,0,0
-5468,0,0
-116205,0,0
108985,0,0
-273734,0,0
-103364,0,0
165608,0,0
166497,0,0
44787,0,0
39603,0,0
-304179,0,0
114370,0,0
196353,0,0
-108783,0,0
-46196,0,0
-81672,0,0
-147266,0,0
-51922,0,0
-1113,0,0
-117681,0,0
300889,0,0
87183,0,0
-20136,0,0
153157,0,0
-374280,0,0
-253746,0,0
143830,0,0
181498,0,0
-15254,0,0
85868,0,0
-193230,0,0
164938,0,0
89264,0,0
-238686,0,0
11874,0,0
-88580,0,0
-152022,0,0
-44951,0,0
-12948,0,0
-96568,0,0
303206,0,0
-124529,0,0
-133191,0,0
156407,0,0
-350519,0,0
-259463,0,0
122658,0,0
167786,0,0
7422,0,0
100739,0,0
-196299,0,0
130811,0,0
82338,0,0
-277221,0,0
16418,0,0
-71704,0,0
-93883,0,0
91040,0,0
48574,0,0
-153618,0,0
436560,0,0
22138,0,0
-158513,0,0
179108,0,0
-223504,0,0
-161087,0,0
201098,0,0
212274,0,0
-71993,0,0
95023,0,0
-229384,0,0
258535,0,0
242157,0,0
-279587,0,0
4290,0,0
-35303,0,0
-131340,0,0
-55223,0,0
-49277,0,0
-124356,0,0
409877,0,0
75651,0,0
-24199,0,0
147633,0,0
-459154,0,0
-289572,0,0
169463,0,0
209698,0,0
74876,0,0
97540,0,0
-286125,0,0
59341,0,0
97667,0,0
-220350,0,0
-3777,0,0
-142458,0,0
-149897,0,0
-91553,0,0
-112106,0,0
-149134,0,0
581298,0,0
8766,0,0
-487100,0,0
-42134,0,0
-290136,0,0
-220149,0,0
141079,0,0
262235,0,0
48825,0,0
-142913,0,0
-382721,0,0
96429,0,0
100467,0,0
-193850,0,0
10403,0,0
-115510,0,0
-179768,0,0
-41622,0,0
-66851,0,0
-91614,0,0
406201,0,0
-90899,0,0
-226870,0,0
148079,0,0
-316236,0,0
-184590,0,0
166855,0,0
131010,0,0
22764,0,0
121126,0,0
-269920,0,0
162846,0,0
125189,0,0
-263071,0,0
9915,0,0
-48535,0,0
-9372,0,0
104982,0,0
-39065,0,0
-230802,0,0
397688,0,0
49894,0,0
-87705,0,0
127500,0,0
-289350,0,0
-95610,0,0
166352,0,0
140410,0,0
69100,0,0
196972,0,0
-188180,0,0
194431,0,0
156567,0,0
-228635,0,0
74147,0,0
21501,0,0
-45152,0,0
106987,0,0
108044,0,0
-45426,0,0
443451,0,0
39605,0,0
-152215,0,0
202027,0,0
-117406,0,0
-115929,0,0
136301,0,0
272993,0,0
239562,0,0
216548,0,0
-296378,0,0
210313,0,0
300588,0,0
-118048,0,0
70772,0,0
-51188,0,0
-54855,0,0
144668,0,0
-14608,0,0
-122605,0,0
490891,0,0
226171,0,0
-61456,0,0
195299,0,0
-179984,0,0
-155307,0,0
238001,0,0
207310,0,0
72723,0,0
115940,0,0
-213844,0,0
198416,0,0
204461,0,0
-118780,0,0
58296,0,0
-88542,0,0
-63275,0,0
102054,0,0
71737,0,0
-101937,0,0
370842,0,0
-50063,0,0
-205455,0,0
170429,0,0
-180365,0,0
-146788,0,0
18155,0,0
92387,0,0
62738,0,0
111993,0,0
-272457,0,0
133888,0,0
157552,0,0
-300599,0,0
-149206,0,0
-77891,0,0
-94248,0,0
-7642,0,0
15299,0,0
-228861,0,0
295532,0,0
-34728,0,0
-149217,0,0
121781,0,0
-296248,0,0
-255205,0,0
48673,0,0
140403,0,0
25092,0,0
138926,0,0
-244470,0,0
158924,0,0
44922,0,0
-325738,0,0
52011,0,0
24744,0,0
-12709,0,0
-48893,0,0
4994,0,0
-107990,0,0
416854,0,0
-10746,0,0
-147285,0,0
266196,0,0
-185503,0,0
-208682,0,0
116315,0,0
189605,0,0
35239,0,0
67575,0,0
-263834,0,0
140704,0,0
284971,0,0
-115068,0,0
-67101,0,0
-156674,0,0
-149973,0,0
61805,0,0
84792,0,0
-182278,0,0
241422,0,0
-34234,0,0
-143737,0,0
171032,0,0
-250530,0,0
-154743,0,0
102069,0,0
146824,0,0
3418,0,0
113132,0,0
-208833,0,0
114281,0,0
100303,0,0
-168450,0,0
134358,0,0
-37491,0,0
-210826,0,0
58368,0,0
80140,0,0
-39911,0,0
418499,0,0
-12625,0,0
-79030,0,0
208439,0,0
-228094,0,0
-135708,0,0
249022,0,0
276532,0,0
-2497,0,0
96214,0,0
-225216,0,0
118068,0,0
272062,0,0
-243003,0,0
-35510,0,0
4555,0,0
-90764,0,0
-55039,0,0
-1383,0,0
-175200,0,0
212295,0,0
-8972,0,0
4577,0,0
155560,0,0
-302168,0,0
-224520,0,0
116880,0,0
114531,0,0
-130959,0,0
75492,0,0
-147485,0,0
163628,0,0
136630,0,0
-174180,0,0
70281,0,0
-76672,0,0
-110695,0,0
-32172,0,0
9188,0,0
-150081,0,0
407151,0,0
-591,0,0
-70449,0,0
216956,0,0
-304415,0,0
-260695,0,0
147724,0,0
214100,0,0
24524,0,0
42064,0,0
-210557,0,0
150155,0,0
159305,0,0
-158764,0,0
-47364,0,0
-164080,0,0
-112010,0,0
12105,0,0
-25106,0,0
-127281,0,0
344912,0,0
-56635,0,0
-209961,0,0
174863,0,0
-177636,0,0
-281013,0,0
-52142,0,0
77399,0,0
37168,0,0
76098,0,0
-214773,0,0
254485,0,0
95715,0,0
-297490,0,0
-73260,0,0
-142787,0,0
-114198,0,0
-49913,0,0
-74956,0,0
-176453,0,0
328370,0,0
19316,0,0
-108085,0,0
144783,0,0
-342604,0,0
-218251,0,0
74505,0,0
143884,0,0
45674,0,0
78850,0,0
-276203,0,0
72843,0,0
34117,0,0
-239917,0,0
-6711,0,0
-19391,0,0
-15651,0,0
92940,0,0
-18290,0,0
-238844,0,0
336273,0,0
45924,0,0
-162301,0,0
152430,0,0
-166546,0,0
-115928,0,0
16187,0,0
111006,0,0
41922,0,0
111797,0,0
-196941,0,0
232136,0,0
211793,0,0
-208735,0,0
-46231,0,0
7530,0,0
-22914,0,0
-95176,0,0
-37159,0,0
-144386,0,0
300692,0,0
978,0,0
-98289,0,0
199140,0,0
-266568,0,0
-243558,0,0
4143,0,0
159028,0,0
24027,0,0
48147,0,0
-285530,0,0
90464,0,0
154422,0,0
-199385,0,0
-75075,0,0
-190756,0,0
-173860,0,0
-26102,0,0
-35301,0,0
-158756,0,0
419109,0,0
5131,0,0
-194373,0,0
175585,0,0
-273414,0,0
-226836,0,0
50011,0,0
169565,0,0
-3346,0,0
73326,0,0
-198267,0,0
141940,0,0
160055,0,0
-212028,0,0
-30685,0,0
-61086,0,0
-77127,0,0
-264,0,0
105812,0,0
-129242,0,0
228462,0,0
-14889,0,0
-127888,0,0
185011,0,0
-207292,0,0
-211729,0,0
37178,0,0
179803,0,0
72992,0,0
115286,0,0
-277304,0,0
69930,0,0
207156,0,0
-226725,0,0
-116844,0,0
-194752,0,0
-108292,0,0
12089,0,0
-43992,0,0
-58663,0,0
301273,0,0
-107120,0,0
-173137,0,0
138893,0,0
-349099,0,0
-367932,0,0
-23903,0,0
239726,0,0
114442,0,0
120579,0,0
-254483,0,0
125211,0,0
14961,0,0
-251473,0,0
12807,0,0
-14902,0,0
18862,0,0
34784,0,0
-71842,0,0
-125470,0,0
419441,0,0
65395,0,0
-29328,0,0
251351,0,0
-160013,0,0
-114264,0,0
87519,0,0
174148,0,0
69771,0,0
133977,0,0
-136915,0,0
261913,0,0
165980,0,0
-280287,0,0
73933,0,0
-45214,0,0
-24192,0,0
140957,0,0
126025,0,0
-87432,0,0
354064,0,0
-14348,0,0
-184637,0,0
249260,0,0
-150003,0,0
-303816,0,0
15303,0,0
236825,0,0
175749,0,0
143746,0,0
-304352,0,0
193067,0,0
189293,0,0
-123563,0,0
-5039,0,0
-215763,0,0
-167688,0,0
-6821,0,0
61618,0,0
-143329,0,0
385211,0,0
32833,0,0
-275654,0,0
104447,0,0
-140823,0,0
-162759,0,0
68882,0,0
163412,0,0
-86294,0,0
23092,0,0
-190146,0,0
134336,0,0
174554,0,0
-184378,0,0
-27974,0,0
-164950,0,0
-93839,0,0
68530,0,0
-59067,0,0
-218793,0,0
307468,0,0
-23329,0,0
-153638,0,0
148744,0,0
-208313,0,0
-221939,0,0
10964,0,0
171889,0,0
21345,0,0
24434,0,0
-342842,0,0
65176,0,0
197175,0,0
-183133,0,0
-34414,0,0
-74482,0,0
-140967,0,0
-93649,0,0
33859,0,0
-180145,0,0
314200,0,0
36082,0,0
-159430,0,0
132471,0,0
-170266,0,0
-230475,0,0
29925,0,0
127047,0,0
7285,0,0
195887,0,0
-243894,0,0
32338,0,0
106042,0,0
-232635,0,0
-427,0,0
-37420,0,0
-47653,0,0
-29637,0,0
14025,0,0
-165532,0,0
283608,0,0
6126,0,0
-139423,0,0
146525,0,0
-218177,0,0
-227013,0,0
71276,0,0
133994,0,0
-29302,0,0
133877,0,0
-260707,0,0
86319,0,0
262044,0,0
-82765,0,0
-7055,0,0
-247009,0,0
-124079,0,0
122668,0,0
43081,0,0
-179683,0,0
333986,0,0
92330,0,0
-147119,0,0
122523,0,0
-254834,0,0
-235158,0,0
101787,0,0
212249,0,0
3950,0,0
78947,0,0
-222985,0,0
37501,0,0
62412,0,0
-195105,0,0
22062,0,0
-23924,0,0
-90066,0,0
-82728,0,0
2104,0,0
-177319,0,0
224243,0,0
-12952,0,0
-84749,0,0
234287,0,0
-137893,0,0
-233585,0,0
2615,0,0
249221,0,0
129606,0,0
202151,0,0
-278984,0,0
68861,0,0
301750,0,0
-74059,0,0
-2899,0,0
7463,0,0
-57476,0,0
29229,0,0
144125,0,0
-41845,0,0
359124,0,0
55933,0,0
-92218,0,0
266281,0,0
-93965,0,0
-213481,0,0
24290,0,0
174353,0,0
38532,0,0
90858,0,0
-160164,0,0
239878,0,0
294856,0,0
-145757,0,0
-110272,0,0
-147043,0,0
-85438,0,0
12750,0,0
71656,0,0
-49235,0,0
317236,0,0
13882,0,0
-180591,0,0
98580,0,0
-159333,0,0
-177249,0,0
71141,0,0
215213,0,0
62103,0,0
37881,0,0
-271189,0,0
111506,0,0
140288,0,0
-208693,0,0
-6435,0,0
-162824,0,0
-252396,0,0
-63216,0,0
57294,0,0
-113351,0,0
293262,0,0
-62335,0,0
-240629,0,0
255970,0,0
-100579,0,0
-389428,0,0
-140729,0,0
229282,0,0
75315,0,0
96720,0,0
-99373,0,0
152167,0,0
161620,0,0
-134840,0,0
-290,0,0
-122574,0,0
-119689,0,0
19103,0,0
77126,0,0
-45388,0,0
329475,0,0
46121,0,0
-172212,0,0
207277,0,0
-108279,0,0
-269543,0,0
7405,0,0
152925,0,0
49171,0,0
86092,0,0
-193649,0,0
104139,0,0
146469,0,0
-186723,0,0
-62861,0,0
-91049,0,0
-56307,0,0
56660,0,0
64117,0,0
-159580,0,0
227658,0,0
41779,0,0
-54988,0,0
137675,0,0
-273795,0,0
-173037,0,0
199381,0,0
190890,0,0
-29599,0,0
135097,0,0
-139900,0,0
106326,0,0
152850,0,0
-109017,0,0
-25209,0,0
-58970,0,0
-79721,0,0
73128,0,0
156109,0,0
-64506,0,0
247479,0,0
21256,0,0
-90429,0,0
178841,0,0
-143285,0,0
-222878,0,0
47534,0,0
187084,0,0
71162,0,0
127390,0,0
-203857,0,0
136796,0,0
100805,0,0
-175580,0,0
-28367,0,0
-98667,0,0
-53393,0,0
-52157,0,0
-8342,0,0
-144724,0,0
286027,0,0
83749,0,0
-135738,0,0
66391,0,0
-318963,0,0
-330750,0,0
17650,0,0
175491,0,0
32677,0,0
65463,0,0
-217737,0,0
53815,0,0
88483,0,0
-103740,0,0
-3892,0,0
-137650,0,0
-203437,0,0
-124160,0,0
78615,0,0
-18705,0,0
321689,0,0
100188,0,0
-112792,0,0
99010,0,0
-181565,0,0
-217828,0,0
81213,0,0
260242,0,0
121360,0,0
71044,0,0
-215547,0,0
166277,0,0
323836,0,0
-44610,0,0
-1231,0,0
-77329,0,0
-139261,0,0
-25187,0,0
62239,0,0
-34226,0,0
324339,0,0
35780,0,0
-135599,0,0
232628,0,0
-46187,0,0
-222854,0,0
-21900,0,0
113242,0,0
9714,0,0
110755,0,0
-152243,0,0
92812,0,0
167772,0,0
-270854,0,0
-99219,0,0
-63895,0,0
-29736,0,0
-30772,0,0
77639,0,0
-4203,0,0
299492,0,0
20912,0,0
-249985,0,0
108821,0,0
-94472,0,0
-161452,0,0
90961,0,0
235858,0,0
89544,0,0
133829,0,0
-177987,0,0
179486,0,0
359377,0,0
-164840,0,0
-104192,0,0
21951,0,0
84950,0,0
30914,0,0
20916,0,0
-123166,0,0
280236,0,0
43699,0,0
-149652,0,0
137453,0,0
-97972,0,0
-121563,0,0
123245,0,0
125159,0,0
-123003,0,0
-56989,0,0
-190440,0,0
152883,0,0
263402,0,0
-203103,0,0
-58630,0,0
-72046,0,0
-103353,0,0
22269,0,0
144406,0,0
-101660,0,0
213535,0,0
54137,0,0
-177690,0,0
166782,0,0
-118918,0,0
-189616,0,0
196724,0,0
359422,0,0
98416,0,0
55654,0,0
-198245,0,0
171226,0,0
322895,0,0
24367,0,0
111923,0,0
-50249,0,0
-62728,0,0
101523,0,0
149723,0,0
-29999,0,0
389566,0,0
184178,0,0
-59872,0,0
212726,0,0
33674,0,0
-68593,0,0
77205,0,0
259398,0,0
113368,0,0
142298,0,0
-122343,0,0
212595,0,0
294863,0,0
-49423,0,0
-33786,0,0
-52380,0,0
-19601,0,0
20091,0,0
144271,0,0
-38003,0,0
385418,0,0
83331,0,0
-130897,0,0
117145,0,0
-158234,0,0
-250971,0,0
121216,0,0
227260,0,0
-37598,0,0
43896,0,0
-197419,0,0
46764,0,0
153326,0,0
-181128,0,0
-87346,0,0
-149407,0,0
-143291,0,0
-72396,0,0
-34878,0,0
-185880,0,0
238490,0,0
116300,0,0
-217010,0,0
45780,0,0
-106129,0,0
-311398,0,0
-123813,0,0
169631,0,0
104887,0,0
193585,0,0
-202990,0,0
51408,0,0
184928,0,0
-151694,0,0
-63807,0,0
-76870,0,0
-74865,0,0
12025,0,0
178763,0,0
-88782,0,0
300016,0,0
56505,0,0
-160652,0,0
80030,0,0
-102207,0,0
-244019,0,0
49851,0,0
306033,0,0
62651,0,0
41048,0,0
-230612,0,0
168228,0,0
327276,0,0
-115311,0,0
-101098,0,0
-118742,0,0
-209232,0,0
13177,0,0
176453,0,0
-209423,0,0
152086,0,0
149904,0,0
29890,0,0
226320,0,0
-126536,0,0
-319764,0,0
-83586,0,0
146518,0,0
68962,0,0
155671,0,0
-110909,0,0
24295,0,0
132815,0,0
-150621,0,0
-46780,0,0
28501,0,0
-45749,0,0
-71750,0,0
2998,0,0
-74426,0,0
279934,0,0
117031,0,0
-149132,0,0
84623,0,0
-176044,0,0
-274836,0,0
-6873,0,0
161117,0,0
102622,0,0
139609,0,0
-206449,0,0
-32362,0,0
113578,0,0
-129049,0,0
-93485,0,0
-120427,0,0
-60233,0,0
66743,0,0
145173,0,0
-145210,0,0
120193,0,0
65453,0,0
-171461,0,0
81747,0,0
-97182,0,0
-232785,0,0
-60318,0,0
196768,0,0
66017,0,0
135213,0,0
-109773,0,0
34942,0,0
132301,0,0
-172320,0,0
69473,0,0
15908,0,0
-130742,0,0
-86364,0,0
-16905,0,0
-97812,0,0
249965,0,0
253195,0,0
84327,0,0
109618,0,0
-242323,0,0
-370372,0,0
43824,0,0
431867,0,0
240266,0,0
54249,0,0
-197122,0,0
78152,0,0
183958,0,0
-83903,0,0
95332,0,0
14229,0,0
-117434,0,0
5212,0,0
99412,0,0
13901,0,0
241256,0,0
53905,0,0
-144130,0,0
229534,0,0
-57347,0,0
-322967,0,0
-19933,0,0
173204,0,0
7701,0,0
79091,0,0
-131924,0,0
16767,0,0
180124,0,0
-146033,0,0
-113772,0,0
-54880,0,0
-88401,0,0
-123079,0,0
-15886,0,0
-160279,0,0
239777,0,0
109906,0,0
-193208,0,0
14276,0,0
-148002,0,0
-278434,0,0
-61573,0,0
231644,0,0
80939,0,0
-2506,0,0
-191114,0,0
54223,0,0
180271,0,0
-153631,0,0
-25569,0,0
44721,0,0
-153845,0,0
-125325,0,0
53927,0,0
-87742,0,0
205959,0,0
131606,0,0
-121490,0,0
48213,0,0
-138338,0,0
-242036,0,0
15314,0,0
241725,0,0
154949,0,0
40740,0,0
-263400,0,0
-13725,0,0
187122,0,0
-65428,0,0
14251,0,0
-45239,0,0
-127129,0,0
-63774,0,0
65787,0,0
-71387,0,0
259361,0,0
145170,0,0
-186955,0,0
7611,0,0
-66431,0,0
-175785,0,0
-18320,0,0
230281,0,0
39253,0,0
23232,0,0
-192043,0,0
59969,0,0
166154,0,0
-174014,0,0
-65699,0,0
-47642,0,0
-174804,0,0
-56659,0,0
109686,0,0
-74236,0,0
199211,0,0
117702,0,0
-133995,0,0
61592,0,0
-134573,0,0
-328281,0,0
-72040,0,0
252166,0,0
56717,0,0
54579,0,0
-45806,0,0
99879,0,0
155635,0,0
-161169,0,0
-117426,0,0
64525,0,0
-6142,0,0
-67348,0,0
-20046,0,0
-55020,0,0
293085,0,0
289031,0,0
24004,0,0
98062,0,0
-78810,0,0
-211916,0,0
77951,0,0
373455,0,0
189155,0,0
109615,0,0
-100210,0,0
123097,0,0
280719,0,0
39697,0,0
140372,0,0
-35697,0,0
-168897,0,0
134679,0,0
235586,0,0
-60934,0,0
223409,0,0
212006,0,0
-120509,0,0
110608,0,0
-9355,0,0
-198501,0,0
-13368,0,0
287329,0,0
202779,0,0
157488,0,0
-113156,0,0
41670,0,0
233600,0,0
-102923,0,0
64784,0,0
77985,0,0
5936,0,0
13304,0,0
107609,0,0
-46353,0,0
314680,0,0
259104,0,0
38208,0,0
124495,0,0
-13684,0,0
-221290,0,0
-56478,0,0
296863,0,0
178563,0,0
192847,0,0
33734,0,0
178567,0,0
191624,0,0
-92540,0,0
27391,0,0
31314,0,0
-25030,0,0
-24669,0,0
142798,0,0
-42635,0,0
228040,0,0
152950,0,0
-75784,0,0
88804,0,0
-26550,0,0
-191697,0,0
7079,0,0
242873,0,0
-22070,0,0
41433,0,0
-68228,0,0
120083,0,0
224101,0,0
-198371,0,0
-110612,0,0
-45380,0,0
-47614,0,0
-31250,0,0
41566,0,0
-93591,0,0
256253,0,0
241684,0,0
-104073,0,0
6660,0,0
2501,0,0
-212738,0,0
-21622,0,0
224292,0,0
-13568,0,0
178659,0,0
60037,0,0
46137,0,0
222972,0,0
-53037,0,0
22713,0,0
102774,0,0
-19896,0,0
-54442,0,0
197002,0,0
28344,0,0
234945,0,0
230397,0,0
53442,0,0
99673,0,0
100702,0,0
-117110,0,0
-7827,0,0
285048,0,0
153593,0,0
219449,0,0
-60923,0,0
125290,0,0
256179,0,0
-78555,0,0
-33325,0,0
-12013,0,0
18200,0,0
-34498,0,0
424,0,0
-96350,0,0
227169,0,0
181638,0,0
-141175,0,0
54374,0,0
30202,0,0
-244911,0,0
-122434,0,0
182094,0,0
-22641,0,0
39517,0,0
-21825,0,0
85384,0,0
228233,0,0
-115598,0,0
-144313,0,0
-24426,0,0
-42501,0,0
14149,0,0
154428,0,0
-84391,0,0
42568,0,0
118447,0,0
-63660,0,0
122665,0,0
23688,0,0
-235253,0,0
-104641,0,0
181826,0,0
77305,0,0
102106,0,0
22174,0,0
40453,0,0
81183,0,0
-133508,0,0
-143847,0,0
-68813,0,0
-31911,0,0
-206148,0,0
-13819,0,0
-15470,0,0
288060,0,0
215469,0,0
-249696,0,0
-88508,0,0
-80154,0,0
-262969,0,0
-133975,0,0
97237,0,0
-52499,0,0
-73816,0,0
-194167,0,0
-12779,0,0
131674,0,0
-58027,0,0
-68164,0,0
-183984,0,0
-186860,0,0
-159464,0,0
24879,0,0
-194135,0,0
136975,0,0
124670,0,0
-147139,0,0
-36421,0,0
-140330,0,0
-218656,0,0
40921,0,0
276871,0,0
81417,0,0
7615,0,0
-124075,0,0
37320,0,0
239371,0,0
2491,0,0
8954,0,0
-31355,0,0
-90173,0,0
-76713,0,0
160224,0,0
99190,0,0
217060,0,0
189664,0,0
-112117,0,0
121194,0,0
71253,0,0
-169771,0,0
-3561,0,0
275159,0,0
36643,0,0
49387,0,0
-8695,0,0
42368,0,0
253458,0,0
-55331,0,0
-93538,0,0
9329,0,0
6974,0,0
-113542,0,0
79540,0,0
-69187,0,0
143865,0,0
115297,0,0
-256273,0,0
54707,0,0
-19789,0,0
-287752,0,0
-55221,0,0
306908,0,0
3193,0,0
-2471,0,0
-146849,0,0
-122943,0,0
113704,0,0
-83586,0,0
-39868,0,0
-20963,0,0
-17436,0,0
-9568,0,0
-24028,0,0
-214077,0,0
90351,0,0
263944,0,0
-60702,0,0
7644,0,0
-10489,0,0
-222606,0,0
-126691,0,0
174097,0,0
84719,0,0
7422,0,0
-102832,0,0
-12793,0,0
189680,0,0
-49294,0,0
-39014,0,0
-28864,0,0
-129584,0,0
-136284,0,0
76140,0,0
-36383,0,0
101116,0,0
131569,0,0
-84829,0,0
44126,0,0
-74884,0,0
-298366,0,0
-140397,0,0
219199,0,0
71906,0,0
54168,0,0
27676,0,0
38509,0,0
176395,0,0
-116722,0,0
-166900,0,0
8560,0,0
-34650,0,0
-122581,0,0
42262,0,0
-54791,0,0
50741,0,0
164951,0,0
-115992,0,0
90008,0,0
58618,0,0
-251176,0,0
-135338,0,0
157581,0,0
75352,0,0
-25946,0,0
-165607,0,0
-50977,0,0
98627,0,0
-87921,0,0
-50031,0,0
-110571,0,0
-46160,0,0
-89473,0,0
-11559,0,0
-169308,0,0
73279,0,0
221297,0,0
-123057,0,0
35701,0,0
-12667,0,0
-276063,0,0
-197149,0,0
147501,0,0
111346,0,0
132065,0,0
-46661,0,0
-144809,0,0
40872,0,0
-97597,0,0
-73845,0,0
18179,0,0
-102294,0,0
-182696,0,0
-28421,0,0
-147823,0,0
7363,0,0
72137,0,0
-198658,0,0
-105846,0,0
-92211,0,0
-277083,0,0
-255100,0,0
38581,0,0
-4289,0,0
-57852,0,0
-176005,0,0
-51615,0,0
116770,0,0
-181737,0,0
-196610,0,0
12131,0,0
-147024,0,0
-206283,0,0
22383,0,0
-72017,0,0
98871,0,0
188468,0,0
-144660,0,0
-4366,0,0
15636,0,0
-251208,0,0
-132501,0,0
240801,0,0
162402,0,0
80353,0,0
-117955,0,0
-43279,0,0
164468,0,0
-69663,0,0
-87794,0,0
-11599,0,0
-48475,0,0
-80893,0,0
64267,0,0
-7570,0,0
126929,0,0
147635,0,0
-140026,0,0
61270,0,0
-60337,0,0
-231251,0,0
-94030,0,0
338439,0,0
-6122,0,0
-67443,0,0
7750,0,0
-39265,0,0
129450,0,0
-88909,0,0
-107194,0,0
-58201,0,0
-109836,0,0
-61348,0,0
-2551,0,0
-102232,0,0
178488,0,0
278525,0,0
-86271,0,0
-134513,0,0
-116879,0,0
-360417,0,0
-127002,0,0
374110,0,0
234557,0,0
-60260,0,0
-114621,0,0
-7335,0,0
210469,0,0
-113423,0,0
-211582,0,0
13582,0,0
11067,0,0
-59042,0,0
41990,0,0
-6030,0,0
19879,0,0
66343,0,0
-106545,0,0
6829,0,0
20306,0,0
-190048,0,0
-70167,0,0
238014,0,0
77692,0,0
30214,0,0
-75866,0,0
-127848,0,0
128000,0,0
3421,0,0
-83344,0,0
-33992,0,0
-34627,0,0
-37099,0,0
117984,0,0
-112286,0,0
10043,0,0
174427,0,0
-76318,0,0
12275,0,0
19387,0,0
-342872,0,0
-206649,0,0
186860,0,0
66355,0,0
34134,0,0
-100772,0,0
-160140,0,0
120235,0,0
-43596,0,0
-189211,0,0
-146898,0,0
-154432,0,0
-220841,0,0
-14743,0,0
5800,0,0
115863,0,0
144337,0,0
-210386,0,0
-45592,0,0
-52095,0,0
-369846,0,0
-199292,0,0
218801,0,0
126005,0,0
9455,0,0
-47518,0,0
-51225,0,0
98888,0,0
-172004,0,0
-110465,0,0
4281,0,0
-38656,0,0
-87773,0,0
35713,0,0
-148351,0,0
-22476,0,0
200700,0,0
-177225,0,0
-67763,0,0
-38197,0,0
-344198,0,0
-158485,0,0
153552,0,0
75766,0,0
90294,0,0
-143812,0,0
-165483,0,0
153596,0,0
-21166,0,0
-232137,0,0
-131984,0,0
-143713,0,0
-152476,0,0
-1439,0,0
-40476,0,0
151454,0,0
266307,0,0
-216445,0,0
-143091,0,0
-3043,0,0
-305981,0,0
-104824,0,0
192516,0,0
37604,0,0
-32312,0,0
-109742,0,0
-141246,0,0
240137,0,0
15397,0,0
-99740,0,0
-23740,0,0
-181425,0,0
-178472,0,0
100071,0,0
-48655,0,0
-19194,0,0
284336,0,0
-94671,0,0
-15969,0,0
210308,0,0
-162892,0,0
-131122,0,0
186685,0,0
93342,0,0
90405,0,0
29317,0,0
-53250,0,0
239163,0,0
73630,0,0
-6830,0,0
125181,0,0
4218,0,0
-65006,0,0
146997,0,0
4089,0,0
97362,0,0
311007,0,0
-44147,0,0
83429,0,0
117612,0,0
-177959,0,0
102022,0,0
322019,0,0
169432,0,0
39056,0,0
20771,0,0
70263,0,0
351333,0,0
157670,0,0
-39920,0,0
89153,0,0
44453,0,0
10704,0,0
153940,0,0
49270,0,0
153253,0,0
425410,0,0
1457,0,0
53297,0,0
148695,0,0
-80068,0,0
-53628,0,0
275605,0,0
166465,0,0
99673,0,0
47538,0,0
-14900,0,0
298892,0,0
19338,0,0
-134128,0,0
38593,0,0
2791,0,0
-18331,0,0
141280,0,0
-57173,0,0
-49400,0,0
303746,0,0
-60698,0,0
45925,0,0
114527,0,0
-206953,0,0
-136264,0,0
185709,0,0
50521,0,0
35897,0,0
10785,0,0
-115145,0,0
220841,0,0
17295,0,0
-123137,0,0
-42279,0,0
-130706,0,0
-95905,0,0
131755,0,0
-84847,0,0
-86709,0,0
172954,0,0
-199249,0,0
-127885,0,0
-29547,0,0
-279049,0,0
-46572,0,0
90908,0,0
-40535,0,0
-59778,0,0
11766,0,0
-33440,0,0
290030,0,0
-112459,0,0
-329492,0,0
-62042,0,0
-133976,0,0
-166782,0,0
15606,0,0
-48679,0,0
117065,0,0
419612,0,0
-23934,0,0
-171731,0,0
-18992,0,0
-249028,0,0
-110599,0,0
197349,0,0
101257,0,0
161875,0,0
25320,0,0
-154936,0,0
178068,0,0
2735,0,0
-124157,0,0
142827,0,0
44949,0,0
-156772,0,0
27483,0,0
122956,0,0
114786,0,0
294804,0,0
-14067,0,0
-38025,0,0
91714,0,0
-160103,0,0
-88278,0,0
337483,0,0
249150,0,0
111053,0,0
19266,0,0
-107060,0,0
226154,0,0
27029,0,0
-96213,0,0
-2461,0,0
15327,0,0
-43559,0,0
55400,0,0
15987,0,0
147078,0,0
344712,0,0
-205570,0,0
-145371,0,0
28084,0,0
-234824,0,0
-108260,0,0
155109,0,0
86448,0,0
15766,0,0
17623,0,0
-207374,0,0
102318,0,0
-19276,0,0
-212639,0,0
-153720,0,0
-121286,0,0
-142550,0,0
-31492,0,0
-122414,0,0
12351,0,0
196674,0,0
-250178,0,0
-122089,0,0
38332,0,0
-334542,0,0
-216502,0,0
150718,0,0
50172,0,0
-18838,0,0
-91463,0,0
-246316,0,0
112578,0,0
84327,0,0
-129504,0,0
8494,0,0
-100042,0,0
-218606,0,0
10024,0,0
2498,0,0
-7024,0,0
219255,0,0
-43892,0,0
28096,0,0
95886,0,0
-172433,0,0
-182830,0,0
183888,0,0
91450,0,0
125389,0,0
100692,0,0
-145215,0,0
236366,0,0
63433,0,0
-107102,0,0
8885,0,0
-52009,0,0
-37571,0,0
76868,0,0
-176097,0,0
-49453,0,0
340522,0,0
-2577,0,0
-56989,0,0
-24524,0,0
-326691,0,0
-124148,0,0
240299,0,0
38085,0,0
-95972,0,0
-123743,0,0
-229247,0,0
181562,0,0
54641,0,0
-169125,0,0
-318,0,0
-116600,0,0
-192985,0,0
22977,0,0
-77853,0,0
-132358,0,0
249418,0,0
-166380,0,0
-173498,0,0
30149,0,0
-308539,0,0
-204253,0,0
113502,0,0
137696,0,0
78972,0,0
-19374,0,0
-300648,0,0
33739,0,0
-117902,0,0
-207954,0,0
-25112,0,0
-77894,0,0
-180495,0,0
42884,0,0
-40476,0,0
12515,0,0
319510,0,0
-195750,0,0
-153369,0,0
67799,0,0
-263267,0,0
-107540,0,0
248914,0,0
208946,0,0
60249,0,0
19722,0,0
-146779,0,0
179762,0,0
68335,0,0
-92135,0,0
24552,0,0
-58699,0,0
-60054,0,0
53002,0,0
-44816,0,0
-21321,0,0
326739,0,0
-142825,0,0
-180481,0,0
92764,0,0
-163783,0,0
-78535,0,0
221372,0,0
42971,0,0
-283,0,0
-51743,0,0
-259693,0,0
132004,0,0
133492,0,0
-147497,0,0
-100896,0,0
-13724,0,0
42916,0,0
-58617,0,0
-145413,0,0
45600,0,0
322634,0,0
-125642,0,0
-102564,0,0
119743,0,0
-281918,0,0
-180096,0,0
200050,0,0
101414,0,0
10143,0,0
-524,0,0
-191645,0,0
122155,0,0
-51539,0,0
-215173,0,0
-10310,0,0
-109176,0,0
-107879,0,0
46180,0,0
-44721,0,0
-121264,0,0
193923,0,0
-201848,0,0
-140550,0,0
30324,0,0
-310766,0,0
-135123,0,0
236616,0,0
70342,0,0
-125207,0,0
-110530,0,0
-232230,0,0
65872,0,0
-44963,0,0
-166042,0,0
57060,0,0
-24123,0,0
-78407,0,0
19889,0,0
-195753,0,0
-74498,0,0
282545,0,0
-185464,0,0
-148448,0,0
152758,0,0
-185587,0,0
-138626,0,0
277600,0,0
107779,0,0
45279,0,0
27776,0,0
-143948,0,0
160874,0,0
16782,0,0
-136815,0,0
78663,0,0
-62176,0,0
-110146,0,0
66536,0,0
44082,0,0
15242,0,0
423989,0,0
-122677,0,0
-96550,0,0
152050,0,0
-167753,0,0
-89880,0,0
157602,0,0
135021,0,0
79398,0,0
40770,0,0
-122150,0,0
183654,0,0
46278,0,0
-179482,0,0
-31000,0,0
-42633,0,0
-47758,0,0
37232,0,0
-75349,0,0
-184814,0,0
201913,0,0
2633,0,0
-1948,0,0
53179,0,0
-476953,0,0
-320596,0,0
99860,0,0
87179,0,0
45754,0,0
68461,0,0
-352951,0,0
75664,0,0
-1895,0,0
-243621,0,0
-119712,0,0
-196819,0,0
-185144,0,0
44593,0,0
57802,0,0
-150924,0,0
158844,0,0
-102682,0,0
-89939,0,0
67642,0,0
-346764,0,0
-248889,0,0
153252,0,0
120798,0,0
10330,0,0
36033,0,0
-249389,0,0
112613,0,0
47109,0,0
-110368,0,0
32779,0,0
-86609,0,0
-202220,0,0
-56824,0,0
-54615,0,0
-30718,0,0
312879,0,0
-46786,0,0
-93434,0,0
78021,0,0
-300488,0,0
-18081,0,0
305378,0,0
98129,0,0
-42505,0,0
-27007,0,0
-233665,0,0
284256,0,0
186519,0,0
-142832,0,0
5590,0,0
-7185,0,0
-147544,0,0
83706,0,0
75569,0,0
61889,0,0
331321,0,0
-162118,0,0
-47450,0,0
128104,0,0
-311526,0,0
-122944,0,0
177017,0,0
179151,0,0
188958,0,0
167969,0,0
-182452,0,0
155063,0,0
25562,0,0
-139542,0,0
1598,0,0
-5490,0,0
-35751,0,0
61129,0,0
16081,0,0
-47677,0,0
392816,0,0
-56430,0,0
-62664,0,0
183885,0,0
-206650,0,0
-152152,0,0
167245,0,0
98100,0,0
45630,0,0
-3693,0,0
-292287,0,0
175458,0,0
128734,0,0
-206881,0,0
-11687,0,0
-31688,0,0
-124819,0,0
-10615,0,0
-9415,0,0
-140346,0,0
285185,0,0
-29290,0,0
-126729,0,0
91847,0,0
-271899,0,0
-143616,0,0
182039,0,0
170229,0,0
87005,0,0
49994,0,0
-284039,0,0
140440,0,0
60459,0,0
-200102,0,0
29632,0,0
-15887,0,0
-92084,0,0
37799,0,0
-48148,0,0
-169244,0,0
352292,0,0
-72075,0,0
-146516,0,0
146815,0,0
-288215,0,0
-172149,0,0
133424,0,0
84703,0,0
55001,0,0
68710,0,0
-245141,0,0
157737,0,0
54167,0,0
-186525,0,0
-13353,0,0
-166703,0,0
-115630,0,0
115420,0,0
831,0,0
-119887,0,0
356683,0,0
-65664,0,0
-122691,0,0
69907,0,0
-293545,0,0
-45663,0,0
207816,0,0
-22117,0,0
23336,0,0
157146,0,0
-171775,0,0
171378,0,0
98899,0,0
-147034,0,0
-13301,0,0
-167077,0,0
-141876,0,0
52341,0,0
34372,0,0
-109235,0,0
299392,0,0
-103500,0,0
-46913,0,0
171647,0,0
-387437,0,0
-278937,0,0
117839,0,0
105985,0,0
2902,0,0
12367,0,0
-206550,0,0
102946,0,0
-40726,0,0
-241451,0,0
48057,0,0
5151,0,0
-203043,0,0
-27064,0,0
-115926,0,0
-147592,0,0
269835,0,0
-86925,0,0
-74413,0,0
101317,0,0
-328849,0,0
-114023,0,0
148105,0,0
25479,0,0
-66890,0,0
-27758,0,0
-288121,0,0
140941,0,0
96931,0,0
-215920,0,0
-68577,0,0
-138345,0,0
-225324,0,0
-54845,0,0
-53993,0,0
-98456,0,0
324691,0,0
-125055,0,0
-150514,0,0
108759,0,0
-375238,0,0
-232771,0,0
161664,0,0
137463,0,0
-13724,0,0
45057,0,0
-202942,0,0
141389,0,0
-6441,0,0
-227244,0,0
84152,0,0
10256,0,0
-98839,0,0
26920,0,0
18783,0,0
-152242,0,0
444334,0,0
-4155,0,0
-61469,0,0
258751,0,0
-122140,0,0
-29068,0,0
296492,0,0
204539,0,0
132220,0,0
202827,0,0
-48807,0,0
212884,0,0
193344,0,0
29150,0,0
293087,0,0
103654,0,0
-86753,0,0
150287,0,0
120475,0,0
20388,0,0
524762,0,0
19633,0,0
-79580,0,0
233785,0,0
-94115,0,0
-97358,0,0
186133,0,0
221248,0,0
89306,0,0
133496,0,0
-164645,0,0
172423,0,0
131023,0,0
-173236,0,0
27294,0,0
-109211,0,0
-185734,0,0
71638,0,0
125893,0,0
-52956,0,0
299911,0,0
-212034,0,0
-122619,0,0
204150,0,0
-189596,0,0
-168393,0,0
74998,0,0
53468,0,0
15618,0,0
75325,0,0
-281856,0,0
156574,0,0
188188,0,0
-195347,0,0
744,0,0
-16141,0,0
-135005,0,0
-80381,0,0
-79668,0,0
-60517,0,0
381982,0,0
-45965,0,0
-112179,0,0
113297,0,0
-266068,0,0
-125485,0,0
200846,0,0
73743,0,0
-32882,0,0
146321,0,0
-78864,0,0
137070,0,0
64464,0,0
-192487,0,0
20521,0,0
-161760,0,0
-159316,0,0
125295,0,0
8270,0,0
-90012,0,0
423992,0,0
-17792,0,0
-178866,0,0
91566,0,0
-337306,0,0
-148684,0,0
260386,0,0
144323,0,0
19335,0,0
110706,0,0
-169405,0,0
198975,0,0
68795,0,0
-187606,0,0
79860,0,0
-76964,0,0
-123361,0,0
117783,0,0
75963,0,0
-29790,0,0
354720,0,0
-35699,0,0
-42672,0,0
218390,0,0
-216392,0,0
-197539,0,0
142762,0,0
139484,0,0
49598,0,0
172982,0,0
-45544,0,0
258518,0,0
138897,0,0
-206726,0,0
7672,0,0
68046,0,0
-73178,0,0
-26969,0,0
-23671,0,0
-40169,0,0
437175,0,0
-63058,0,0
-97500,0,0
303263,0,0
-206919,0,0
-254109,0,0
88328,0,0
88386,0,0
14878,0,0
137116,0,0
-135691,0,0
172159,0,0
80325,0,0
-232927,0,0
46090,0,0
-73716,0,0
-159781,0,0
32386,0,0
-3827,0,0
-144684,0,0
377312,0,0
-29868,0,0
-114626,0,0
154961,0,0
-292115,0,0
-219998,0,0
154536,0,0
166382,0,0
12984,0,0
79865,0,0
-273484,0,0
71610,0,0
84215,0,0
-231685,0,0
-12181,0,0
-54533,0,0
-89553,0,0
-57605,0,0
-91598,0,0
-154362,0,0
292119,0,0
-60418,0,0
-48430,0,0
214390,0,0
-304143,0,0
-173560,0,0
104849,0,0
112328,0,0
51199,0,0
100624,0,0
-226293,0,0
229866,0,0
104775,0,0
-181207,0,0
32409,0,0
-81967,0,0
-125940,0,0
60387,0,0
100107,0,0
-32139,0,0
396530,0,0
-68716,0,0
-49080,0,0
93486,0,0
-399410,0,0
-284156,0,0
187632,0,0
202713,0,0
63515,0,0
245280,0,0
-274763,0,0
33302,0,0
123984,0,0
-219404,0,0
-19319,0,0
-169946,0,0
-191022,0,0
4458,0,0
-49877,0,0
-231068,0,0
332767,0,0
-130195,0,0
-228729,0,0
128859,0,0
-257762,0,0
-223107,0,0
26550,0,0
-77288,0,0
-77008,0,0
51704,0,0
-247070,0,0
7817,0,0
-24445,0,0
-255546,0,0
-156005,0,0
-200943,0,0
-260052,0,0
-50063,0,0
-79565,0,0
-95425,0,0
309758,0,0
-183733,0,0
-191674,0,0
181236,0,0
-392149,0,0
-294777,0,0
40404,0,0
-26180,0,0
19526,0,0
143663,0,0
-195928,0,0
50937,0,0
44532,0,0
-164940,0,0
36642,0,0
-68257,0,0
-123057,0,0
-26702,0,0
82511,0,0
-62690,0,0
381007,0,0
-52673,0,0
-213686,0,0
252480,0,0
-102380,0,0
-110688,0,0
271168,0,0
186469,0,0
30120,0,0
169081,0,0
-133772,0,0
248714,0,0
132956,0,0
-115433,0,0
67017,0,0
-18364,0,0
23042,0,0
127188,0,0
34073,0,0
-102350,0,0
523554,0,0
46172,0,0
-114458,0,0
307730,0,0
-150537,0,0
-186360,0,0
182875,0,0
221565,0,0
62795,0,0
163731,0,0
-163516,0,0
219248,0,0
165741,0,0
-188040,0,0
6141,0,0
-73826,0,0
-133868,0,0
164759,0,0
75782,0,0
-230928,0,0
482617,0,0
-36339,0,0
-285672,0,0
102270,0,0
-212352,0,0
-133501,0,0
269366,0,0
163751,0,0
-51036,0,0
91431,0,0
-223389,0,0
172891,0,0
110817,0,0
-205886,0,0
23294,0,0
-100017,0,0
-82258,0,0
69661,0,0
9379,0,0
-142236,0,0
448967,0,0
-61786,0,0
-184528,0,0
161102,0,0
-266438,0,0
-175973,0,0
195443,0,0
163000,0,0
-16406,0,0
133160,0,0
-180189,0,0
159546,0,0
170181,0,0
-221461,0,0
41556,0,0
3856,0,0
-79673,0,0
43100,0,0
-8520,0,0
-58192,0,0
428784,0,0
-49772,0,0
-144059,0,0
292798,0,0
-100496,0,0
-232794,0,0
104437,0,0
191598,0,0
24419,0,0
105059,0,0
-166709,0,0
201981,0,0
193271,0,0
-138465,0,0
56797,0,0
-39273,0,0
-163298,0,0
10008,0,0
75015,0,0
-86154,0,0
396182,0,0
-12966,0,0
-146319,0,0
231531,0,0
-180087,0,0
-198383,0,0
60299,0,0
172878,0,0
83093,0,0
47140,0,0
-275212,0,0
210501,0,0
105409,0,0
-258925,0,0
21800,0,0
-19911,0,0
-56960,0,0
28742,0,0
-26212,0,0
-147934,0,0
347071,0,0
-28394,0,0
-166177,0,0
186425,0,0
-167266,0,0
-119511,0,0
180655,0,0
188873,0,0
-81359,0,0
5480,0,0
-268382,0,0
181797,0,0
211915,0,0
-51090,0,0
-28473,0,0
-85326,0,0
-94159,0,0
23360,0,0
-27539,0,0
-158131,0,0
418956,0,0
68390,0,0
-152430,0,0
159060,0,0
-180712,0,0
-192396,0,0
71322,0,0
177514,0,0
39779,0,0
224865,0,0
-100834,0,0
283778,0,0
157463,0,0
-245366,0,0
-39579,0,0
-31795,0,0
-40840,0,0
48321,0,0
74061,0,0
-61144,0,0
425289,0,0
-56047,0,0
-142850,0,0
247868,0,0
-148849,0,0
-142341,0,0
122985,0,0
119518,0,0
14310,0,0
134318,0,0
-236742,0,0
149661,0,0
152888,0,0
-185406,0,0
62815,0,0
-77814,0,0
-167568,0,0
32879,0,0
6432,0,0
-137452,0,0
332134,0,0
56840,0,0
-52386,0,0
183969,0,0
-181209,0,0
-229227,0,0
64456,0,0
228788,0,0
149759,0,0
149527,0,0
-263304,0,0
122402,0,0
275069,0,0
-105403,0,0
17002,0,0
-8003,0,0
-46732,0,0
-51603,0,0
27411,0,0
-54064,0,0
410243,0,0
80176,0,0
-55574,0,0
163895,0,0
-181866,0,0
-224061,0,0
31390,0,0
113267,0,0
155597,0,0
156413,0,0
-306862,0,0
114136,0,0
156739,0,0
-259024,0,0
-31408,0,0
-147810,0,0
-211738,0,0
-54733,0,0
-19064,0,0
-52461,0,0
374588,0,0
-168307,0,0
-346447,0,0
94519,0,0
-365881,0,0
-307363,0,0
109538,0,0
150151,0,0
85160,0,0
174082,0,0
-486649,0,0
-49243,0,0
144039,0,0
-249663,0,0
-74533,0,0
26603,0,0
53331,0,0
-101641,0,0
-192321,0,0
-224827,0,0
427197,0,0
9472,0,0
-205361,0,0
174999,0,0
-222856,0,0
-200803,0,0
59732,0,0
57946,0,0
-27819,0,0
53295,0,0
-241118,0,0
203258,0,0
150064,0,0
-329656,0,0
-106549,0,0
-198883,0,0
-147974,0,0
61520,0,0
61019,0,0
-164004,0,0
278059,0,0
-54025,0,0
-178995,0,0
132866,0,0
-251890,0,0
-208375,0,0
29348,0,0
136238,0,0
68604,0,0
60525,0,0
-267114,0,0
185539,0,0
259317,0,0
-249183,0,0
-101823,0,0
-132437,0,0
-133740,0,0
9557,0,0
-8966,0,0
-151108,0,0
348667,0,0
805,0,0
-185044,0,0
180101,0,0
-240869,0,0
-277342,0,0
-28621,0,0
72180,0,0
10594,0,0
91574,0,0
-251566,0,0
103042,0,0
109139,0,0
-306312,0,0
-88401,0,0
-43960,0,0
-165266,0,0
-111178,0,0
-74363,0,0
-230547,0,0
270324,0,0
-79753,0,0
-126776,0,0
92663,0,0
-277029,0,0
-322745,0,0
-46610,0,0
144105,0,0
39784,0,0
-50254,0,0
-406772,0,0
25643,0,0
51857,0,0
-211478,0,0
-63743,0,0
-208939,0,0
-271498,0,0
-65137,0,0
35199,0,0
-240820,0,0
118803,0,0
-138057,0,0
-221830,0,0
71690,0,0
-322580,0,0
-257258,0,0
72093,0,0
102532,0,0
-132592,0,0
-101427,0,0
-345561,0,0
146775,0,0
204962,0,0
-267963,0,0
-11676,0,0
-180368,0,0
-193514,0,0
-48060,0,0
-22922,0,0
-126660,0,0
403168,0,0
-60914,0,0
-314537,0,0
126090,0,0
-218544,0,0
-124129,0,0
107429,0,0
181825,0,0
13655,0,0
49078,0,0
-280382,0,0
195432,0,0
247083,0,0
-222354,0,0
-91508,0,0
-17202,0,0
-95736,0,0
5590,0,0
95042,0,0
-82064,0,0
379139,0,0
-69286,0,0
-173159,0,0
179069,0,0
-195033,0,0
-169510,0,0
141290,0,0
173413,0,0
18108,0,0
104530,0,0
-276756,0,0
135897,0,0
143608,0,0
-247789,0,0
-4624,0,0
-77497,0,0
-193924,0,0
20060,0,0
127446,0,0
-88303,0,0
342511,0,0
24049,0,0
-160775,0,0
95040,0,0
-238845,0,0
-189075,0,0
116029,0,0
151134,0,0
28736,0,0
144671,0,0
-275644,0,0
81862,0,0
186916,0,0
-186454,0,0
8830,0,0
19922,0,0
-158727,0,0
11677,0,0
30368,0,0
-209297,0,0
322180,0,0
29420,0,0
-175200,0,0
201286,0,0
-108627,0,0
-211678,0,0
121386,0,0
204848,0,0
12707,0,0
92818,0,0
-208550,0,0
186513,0,0
154594,0,0
-62390,0,0
81080,0,0
-105663,0,0
-142826,0,0
5161,0,0
59615,0,0
-68757,0,0
471829,0,0
76758,0,0
-140028,0,0
198124,0,0
-206050,0,0
-233788,0,0
113400,0,0
219250,0,0
66202,0,0
137118,0,0
-171912,0,0
240815,0,0
122322,0,0
-180104,0,0
9626,0,0
43974,0,0
-12424,0,0
107270,0,0
198703,0,0
-129857,0,0
267179,0,0
47665,0,0
71946,0,0
284433,0,0
-172126,0,0
-165453,0,0
227953,0,0
356264,0,0
96147,0,0
64687,0,0
-100860,0,0
294703,0,0
229941,0,0
-128508,0,0
34739,0,0
-52485,0,0
-38938,0,0
230822,0,0
137453,0,0
-165909,0,0
352274,0,0
158592,0,0
-151509,0,0
195844,0,0
-66098,0,0
-153322,0,0
75875,0,0
186546,0,0
90227,0,0
180324,0,0
-145962,0,0
88073,0,0
226958,0,0
-161240,0,0
-1362,0,0
-15150,0,0
-116981,0,0
-27201,0,0
33979,0,0
-99740,0,0
345513,0,0
91125,0,0
-93218,0,0
202281,0,0
-208877,0,0
-312914,0,0
30709,0,0
284766,0,0
165870,0,0
178716,0,0
-256372,0,0
134178,0,0
260914,0,0
-152598,0,0
-48434,0,0
26859,0,0
-35647,0,0
61472,0,0
89548,0,0
-8470,0,0
459103,0,0
-12358,0,0
-173218,0,0
230250,0,0
-121763,0,0
-231688,0,0
72044,0,0
271105,0,0
115817,0,0
182603,0,0
-210856,0,0
28599,0,0
273860,0,0
-58356,0,0
-109637,0,0
-60386,0,0
-42539,0,0
43528,0,0
-1121,0,0
-195039,0,0
284702,0,0
35003,0,0
-132672,0,0
160079,0,0
-170859,0,0
-147812,0,0
82713,0,0
112724,0,0
-40533,0,0
66183,0,0
-217067,0,0
83788,0,0
141730,0,0
-101993,0,0
-14357,0,0
-167991,0,0
-224811,0,0
-4680,0,0
61046,0,0
-126483,0,0
251446,0,0
-31212,0,0
-194694,0,0
136082,0,0
-173087,0,0
-245468,0,0
23899,0,0
84503,0,0
-28828,0,0
88454,0,0
-219518,0,0
30073,0,0
122354,0,0
-189621,0,0
-47597,0,0
10346,0,0
-108947,0,0
-7837,0,0
31086,0,0
-71649,0,0
282404,0,0
-5836,0,0
-158305,0,0
158635,0,0
-115261,0,0
-205832,0,0
105608,0,0
225278,0,0
48219,0,0
138688,0,0
-208517,0,0
73155,0,0
176187,0,0
-67194,0,0
23571,0,0
-6307,0,0
-66660,0,0
71462,0,0
44992,0,0
-62858,0,0
300242,0,0
65300,0,0
-78418,0,0
174389,0,0
-99954,0,0
-217300,0,0
68560,0,0
328792,0,0
163343,0,0
123135,0,0
-196967,0,0
130297,0,0
241204,0,0
-141945,0,0
-17870,0,0
46570,0,0
-39293,0,0
29427,0,0
63817,0,0
-84051,0,0
345504,0,0
63808,0,0
-160440,0,0
256104,0,0
-109658,0,0
-177820,0,0
114851,0,0
161385,0,0
6984,0,0
104867,0,0
-156494,0,0
107911,0,0
152263,0,0
-169382,0,0
-8607,0,0
12869,0,0
-91175,0,0
-45559,0,0
-14937,0,0
-147303,0,0
359883,0,0
130925,0,0
-188680,0,0
53134,0,0
-240104,0,0
-258211,0,0
95134,0,0
207652,0,0
6500,0,0
101842,0,0
-227477,0,0
-44373,0,0
87644,0,0
-221828,0,0
31329,0,0
132673,0,0
-19890,0,0
-170152,0,0
-97345,0,0
-131338,0,0
289824,0,0
73596,0,0
-171922,0,0
183967,0,0
-117755,0,0
-238978,0,0
6633,0,0
186043,0,0
118658,0,0
131509,0,0
-238640,0,0
92994,0,0
174946,0,0
-151377,0,0
7379,0,0
-82615,0,0
-206091,0,0
-48851,0,0
97376,0,0
-79048,0,0
295344,0,0
125799,0,0
-92959,0,0
56026,0,0
-222870,0,0
-237557,0,0
36827,0,0
179839,0,0
35128,0,0
82278,0,0
-188265,0,0
173980,0,0
200129,0,0
-209228,0,0
-118276,0,0
-85368,0,0
-70028,0,0
-36376,0,0
22103,0,0
-79203,0,0
250980,0,0
-25240,0,0
-205198,0,0
133541,0,0
-169146,0,0
-251787,0,0
47406,0,0
85741,0,0
-61296,0,0
104060,0,0
-111323,0,0
36918,0,0
124943,0,0
-72323,0,0
-32680,0,0
-158781,0,0
-175684,0,0
-40256,0,0
60523,0,0
-68410,0,0
202451,0,0
-54654,0,0
-41633,0,0
262928,0,0
-190781,0,0
-314754,0,0
117671,0,0
193283,0,0
8133,0,0
74399,0,0
-167437,0,0
102213,0,0
172752,0,0
-107390,0,0
-40432,0,0
-31347,0,0
-85531,0,0
42670,0,0
46012,0,0
-138274,0,0
269246,0,0
58186,0,0
-184759,0,0
201235,0,0
34428,0,0
-319899,0,0
-166207,0,0
79845,0,0
73147,0,0
133219,0,0
-138628,0,0
80374,0,0
132750,0,0
-200252,0,0
-63578,0,0
-83470,0,0
-169673,0,0
9064,0,0
50041,0,0
-211518,0,0
169100,0,0
74159,0,0
-54279,0,0
116171,0,0
-225925,0,0
-298515,0,0
40975,0,0
121738,0,0
46440,0,0
116904,0,0
-238632,0,0
-3681,0,0
164837,0,0
-108025,0,0
14523,0,0
-34315,0,0
-142253,0,0
-77291,0,0
33838,0,0
-96600,0,0
258200,0,0
68281,0,0
-165474,0,0
130936,0,0
-42640,0,0
-233062,0,0
42923,0,0
174267,0,0
-30455,0,0
88991,0,0
-149595,0,0
172785,0,0
241260,0,0
-220146,0,0
-127695,0,0
-25242,0,0
-41869,0,0
76053,0,0
93725,0,0
-102552,0,0
200457,0,0
95993,0,0
-110523,0,0
212875,0,0
12404,0,0
-236751,0,0
-35693,0,0
143949,0,0
34987,0,0
118898,0,0
-106927,0,0
84663,0,0
133041,0,0
-72911,0,0
12357,0,0
-101168,0,0
-126751,0,0
12160,0,0
42581,0,0
-133670,0,0
230936,0,0
45882,0,0
-135949,0,0
77248,0,0
-201310,0,0
-338012,0,0
-41892,0,0
255935,0,0
197275,0,0
224073,0,0
-152206,0,0
-33153,0,0
83801,0,0
-86155,0,0
-17319,0,0
-91827,0,0
-43861,0,0
73578,0,0
163777,0,0
-25936,0,0
283726,0,0
81836,0,0
-122802,0,0
152062,0,0
14911,0,0
-129682,0,0
133970,0,0
171200,0,0
-976,0,0
84893,0,0
-119115,0,0
127939,0,0
271184,0,0
-29029,0,0
80908,0,0
49058,0,0
-131511,0,0
-13828,0,0
125015,0,0
-42432,0,0
293049,0,0
113388,0,0
-139943,0,0
152099,0,0
-121445,0,0
-183801,0,0
196196,0,0
278960,0,0
115942,0,0
29909,0,0
-154633,0,0
117302,0,0
178512,0,0
-117968,0,0
-16057,0,0
78847,0,0
-11318,0,0
-66448,0,0
40421,0,0
-83151,0,0
229149,0,0
188155,0,0
-7644,0,0
94277,0,0
-28645,0,0
-171176,0,0
-62752,0,0
61523,0,0
105329,0,0
194142,0,0
-58394,0,0
81147,0,0
151068,0,0
-105482,0,0
-45917,0,0
-63075,0,0
-82606,0,0
34189,0,0
37721,0,0
-125662,0,0
261286,0,0
154369,0,0
-102083,0,0
120624,0,0
-77197,0,0
-327170,0,0
-41254,0,0
241142,0,0
117729,0,0
77802,0,0
-152966,0,0
70571,0,0
204101,0,0
-200606,0,0
-161642,0,0
4759,0,0
50161,0,0
38987,0,0
58715,0,0
-93123,0,0
189099,0,0
129573,0,0
-50745,0,0
148964,0,0
-75962,0,0
-243696,0,0
50158,0,0
305799,0,0
98115,0,0
50931,0,0
-19140,0,0
152017,0,0
168495,0,0
-80921,0,0
-30231,0,0
-11948,0,0
-54569,0,0
-7792,0,0
73534,0,0
17837,0,0
356683,0,0
134481,0,0
-120341,0,0
95198,0,0
-73228,0,0
-112864,0,0
11665,0,0
152603,0,0
64415,0,0
112658,0,0
-84350,0,0
82808,0,0
191968,0,0
-50383,0,0
-58965,0,0
-48321,0,0
-58191,0,0
-32405,0,0
91939,0,0
-86153,0,0
125444,0,0
22880,0,0
-110315,0,0
125980,0,0
-66475,0,0
-292510,0,0
-36903,0,0
132410,0,0
11019,0,0
141713,0,0
-33704,0,0
-5235,0,0
117170,0,0
-145155,0,0
-213454,0,0
-77824,0,0
-90000,0,0
31642,0,0
158436,0,0
-41223,0,0
62918,0,0
336,0,0
-157113,0,0
134734,0,0
33070,0,0
-285672,0,0
-53041,0,0
313541,0,0
114043,0,0
21047,0,0
-186437,0,0
5443,0,0
164696,0,0
-115904,0,0
-102105,0,0
56790,0,0
123475,0,0
-52357,0,0
-49711,0,0
-151540,0,0
267021,0,0
168227,0,0
-140692,0,0
131185,0,0
-33049,0,0
-305175,0,0
-116526,0,0
164022,0,0
122595,0,0
76808,0,0
-35162,0,0
71957,0,0
217601,0,0
-45016,0,0
-175841,0,0
-131989,0,0
-84347,0,0
-58707,0,0
9270,0,0
-61228,0,0
203397,0,0
120169,0,0
-45993,0,0
79476,0,0
-168074,0,0
-319297,0,0
-39910,0,0
152561,0,0
60627,0,0
102007,0,0
-114410,0,0
-42363,0,0
103035,0,0
-136236,0,0
-109462,0,0
39625,0,0
-61147,0,0
-113539,0,0
-21254,0,0
-182475,0,0
109491,0,0
143834,0,0
-122918,0,0
3899,0,0
-128042,0,0
-279448,0,0
-22009,0,0
119118,0,0
-56154,0,0
36177,0,0
-118642,0,0
-31617,0,0
124451,0,0
-125262,0,0
-119300,0,0
-139739,0,0
-160137,0,0
-83514,0,0
12349,0,0
-56315,0,0
233853,0,0
103723,0,0
-228017,0,0
-14702,0,0
-191431,0,0
-378536,0,0
38219,0,0
367956,0,0
106868,0,0
-15514,0,0
-167607,0,0
86459,0,0
120402,0,0
-178659,0,0
41227,0,0
11600,0,0
-90066,0,0
-9785,0,0
111731,0,0
-32733,0,0
255338,0,0
169235,0,0
-152243,0,0
78406,0,0
-591,0,0
-188632,0,0
62312,0,0
184216,0,0
80280,0,0
44501,0,0
-116629,0,0
-17336,0,0
176002,0,0
-94257,0,0
28248,0,0
302,0,0
-103316,0,0
4622,0,0
172592,0,0
-78269,0,0
41362,0,0
189874,0,0
-24530,0,0
139594,0,0
-6549,0,0
-233061,0,0
39748,0,0
283464,0,0
102372,0,0
78806,0,0
-52662,0,0
26481,0,0
162751,0,0
-121673,0,0
-77662,0,0
105713,0,0
-21179,0,0
-109733,0,0
96349,0,0
-25380,0,0
58932,0,0
184717,0,0
-90243,0,0
33601,0,0
-21739,0,0
-266974,0,0
-51465,0,0
211769,0,0
57390,0,0
104893,0,0
-25626,0,0
-25314,0,0
92773,0,0
-48552,0,0
-38033,0,0
19542,0,0
-179388,0,0
-107500,0,0
178108,0,0
-41597,0,0
73570,0,0
153381,0,0
-132484,0,0
12136,0,0
-46872,0,0
-317065,0,0
-60373,0,0
237042,0,0
69713,0,0
101243,0,0
-86776,0,0
-47862,0,0
124087,0,0
-134503,0,0
-121385,0,0
-11569,0,0
-69585,0,0
-49826,0,0
76475,0,0
-122274,0,0
21714,0,0
28058,0,0
-123354,0,0
156290,0,0
-30557,0,0
-344185,0,0
8623,0,0
275196,0,0
26396,0,0
57759,0,0
-189994,0,0
-59678,0,0
201889,0,0
-112535,0,0
-68845,0,0
89105,0,0
-30637,0,0
-157421,0,0
67915,0,0
-28989,0,0
74977,0,0
152125,0,0
28170,0,0
166293,0,0
-77596,0,0
-294630,0,0
-62605,0,0
158804,0,0
69412,0,0
206873,0,0
43619,0,0
65805,0,0
180544,0,0
-81154,0,0
-20323,0,0
94258,0,0
-38371,0,0
-46866,0,0
143703,0,0
35915,0,0
191989,0,0
211678,0,0
-175157,0,0
45986,0,0
69776,0,0
-187183,0,0
-34481,0,0
189871,0,0
225437,0,0
135324,0,0
-125667,0,0
-55011,0,0
178886,0,0
-81450,0,0
-120822,0,0
59520,0,0
22618,0,0
-77726,0,0
44334,0,0
-121921,0,0
30279,0,0
217505,0,0
-73474,0,0
74343,0,0
13336,0,0
-333008,0,0
-140523,0,0
249666,0,0
106397,0,0
69445,0,0
-128368,0,0
-99722,0,0
172559,0,0
14356,0,0
-51124,0,0
-34746,0,0
-187056,0,0
-132259,0,0
6506,0,0
24296,0,0
129581,0,0
181767,0,0
-112805,0,0
-32341,0,0
-50922,0,0
-341176,0,0
-194626,0,0
132979,0,0
70205,0,0
5444,0,0
-161666,0,0
-132013,0,0
169480,0,0
-82017,0,0
-186149,0,0
-126625,0,0
-223895,0,0
-183179,0,0
58120,0,0
-168600,0,0
-40757,0,0
92123,0,0
-224422,0,0
29930,0,0
239279,0,0
-234419,0,0
-190600,0,0
128699,0,0
-43919,0,0
-5907,0,0
-42845,0,0
23798,0,0
295880,0,0
81821,0,0
1198,0,0
19339,0,0
-40759,0,0
27526,0,0
110447,0,0
35270,0,0
231033,0,0
340871,0,0
-104906,0,0
41008,0,0
128846,0,0
-116198,0,0
100379,0,0
368691,0,0
163396,0,0
37302,0,0
-56518,0,0
39386,0,0
248239,0,0
7466,0,0
-45563,0,0
142945,0,0
59199,0,0
-18275,0,0
29149,0,0
-78210,0,0
116649,0,0
238741,0,0
6232,0,0
164746,0,0
47938,0,0
-295591,0,0
-136744,0,0
296515,0,0
190150,0,0
26686,0,0
17222,0,0
54576,0,0
76027,0,0
-114532,0,0
-60701,0,0
102569,0,0
106317,0,0
-13079,0,0
-26246,0,0
-95855,0,0
38314,0,0
186288,0,0
-29493,0,0
128958,0,0
81420,0,0
-230629,0,0
-104410,0,0
207474,0,0
138361,0,0
80765,0,0
-17253,0,0
8795,0,0
146191,0,0
3348,0,0
-6238,0,0
74054,0,0
-45759,0,0
-115288,0,0
59391,0,0
-97203,0,0
196,0,0
401437,0,0
-15960,0,0
-92048,0,0
94166,0,0
-118050,0,0
28,0,0
169221,0,0
8266,0,0
40177,0,0
17223,0,0
69707,0,0
224006,0,0
10761,0,0
-75787,0,0
51332,0,0
-29538,0,0
-69706,0,0
146167,0,0
103185,0,0
157314,0,0
240465,0,0
-128137,0,0
35411,0,0
27792,0,0
-260517,0,0
38862,0,0
315289,0,0
105160,0,0
30614,0,0
-55408,0,0
-128671,0,0
256896,0,0
35178,0,0
-32971,0,0
-39868,0,0
-85096,0,0
-130440,0,0
-28273,0,0
29911,0,0
120867,0,0
183221,0,0
-117990,0,0
104618,0,0
30417,0,0
-352536,0,0
-77424,0,0
176445,0,0
56801,0,0
53464,0,0
-67046,0,0
-79852,0,0
269845,0,0
-29467,0,0
-119745,0,0
-27389,0,0
-105040,0,0
-62193,0,0
32352,0,0
-6639,0,0
117149,0,0
266172,0,0
-58340,0,0
-51570,0,0
-38231,0,0
-310316,0,0
-147412,0,0
332025,0,0
203944,0,0
62705,0,0
-80605,0,0
-155871,0,0
124418,0,0
-64966,0,0
-159096,0,0
54698,0,0
-22744,0,0
-98242,0,0
-61825,0,0
-131628,0,0
-47718,0,0
125583,0,0
-104472,0,0
36095,0,0
32394,0,0
-439607,0,0
-164467,0,0
180719,0,0
72302,0,0
-53631,0,0
-70365,0,0
-123117,0,0
97548,0,0
-1273,0,0
-25003,0,0
-10879,0,0
-123622,0,0
-132082,0,0
-50966,0,0
-54783,0,0
56820,0,0
294112,0,0
-72682,0,0
-12024,0,0
72996,0,0
-214850,0,0
-97750,0,0
179837,0,0
137347,0,0
24928,0,0
-38411,0,0
-32357,0,0
253709,0,0
-4098,0,0
-88253,0,0
85503,0,0
-86549,0,0
-75751,0,0
144162,0,0
110092,0,0
38692,0,0
218413,0,0
-72577,0,0
56820,0,0
45845,0,0
-258228,0,0
-28146,0,0
246654,0,0
190330,0,0
230608,0,0
-22667,0,0
-240957,0,0
295642,0,0
225473,0,0
-83429,0,0
-113906,0,0
-40925,0,0
42882,0,0
119215,0,0
24766,0,0
53924,0,0
312514,0,0
-123094,0,0
-9233,0,0
54988,0,0
-312053,0,0
-6028,0,0
278455,0,0
30452,0,0
-60581,0,0
17968,0,0
-123786,0,0
87248,0,0
-72932,0,0
-145957,0,0
-6209,0,0
-118908,0,0
-136148,0,0
-56161,0,0
-167609,0,0
-71470,0,0
226093,0,0
-206592,0,0
-68577,0,0
58980,0,0
-311918,0,0
-165894,0,0
78111,0,0
-13026,0,0
11431,0,0
-3201,0,0
-199476,0,0
127149,0,0
-61177,0,0
-212352,0,0
-36170,0,0
-96292,0,0
-46642,0,0
-1914,0,0
-162902,0,0
-22668,0,0
286607,0,0
-156918,0,0
-42161,0,0
65866,0,0
-350117,0,0
-218812,0,0
277201,0,0
132603,0,0
13911,0,0
29032,0,0
-157653,0,0
170505,0,0
-30583,0,0
-92421,0,0
47499,0,0
-62142,0,0
-90960,0,0
131484,0,0
-19709,0,0
72673,0,0
391377,0,0
-5414,0,0
-17067,0,0
-20223,0,0
-284174,0,0
-62584,0,0
289028,0,0
271526,0,0
96008,0,0
16309,0,0
-52637,0,0
335188,0,0
78536,0,0
-185791,0,0
29843,0,0
-27781,0,0
-150932,0,0
168765,0,0
142229,0,0
122756,0,0
323354,0,0
-136961,0,0
233,0,0
234083,0,0
-113645,0,0
-49242,0,0
247421,0,0
94779,0,0
82510,0,0
84357,0,0
-9965,0,0
399861,0,0
184464,0,0
-82856,0,0
47622,0,0
1649,0,0
-75425,0,0
108219,0,0
79500,0,0
90802,0,0
449361,0,0
78808,0,0
8601,0,0
100440,0,0
-260882,0,0
-76203,0,0
308737,0,0
241661,0,0
88384,0,0
32712,0,0
-151749,0,0
257685,0,0
62582,0,0
-105889,0,0
28449,0,0
-46860,0,0
-92799,0,0
27114,0,0
35102,0,0
53040,0,0
314985,0,0
-73097,0,0
-2248,0,0
25290,0,0
-295894,0,0
-36306,0,0
174379,0,0
116411,0,0
109915,0,0
108920,0,0
-127965,0,0
167251,0,0
51520,0,0
-77851,0,0
44414,0,0
64483,0,0
-53914,0,0
-23547,0,0
98592,0,0
76728,0,0
326542,0,0
-98273,0,0
-54067,0,0
128267,0,0
-214766,0,0
-93492,0,0
242770,0,0
94483,0,0
90485,0,0
104290,0,0
-113510,0,0
150315,0,0
49033,0,0
-88491,0,0
-48383,0,0
-62463,0,0
10814,0,0
19368,0,0
-58028,0,0
68708,0,0
445212,0,0
-22460,0,0
-91646,0,0
71547,0,0
-140478,0,0
-45001,0,0
184133,0,0
49175,0,0
34773,0,0
136964,0,0
-6876,0,0
176886,0,0
87,0,0
-123399,0,0
-4809,0,0
-131237,0,0
-76924,0,0
-5341,0,0
-22785,0,0
-466,0,0
206396,0,0
-189164,0,0
-22144,0,0
113226,0,0
-335492,0,0
-284444,0,0
62896,0,0
133687,0,0
-22085,0,0
-49703,0,0
-84917,0,0
226952,0,0
-34064,0,0
-156995,0,0
-68079,0,0
-157867,0,0
-113192,0,0
63817,0,0
23115,0,0
90620,0,0
283760,0,0
-164659,0,0
-88214,0,0
118880,0,0
-203293,0,0
-131552,0,0
250345,0,0
171989,0,0
-44937,0,0
-37135,0,0
-199639,0,0
158827,0,0
50076,0,0
-102165,0,0
-26455,0,0
-55597,0,0
-23679,0,0
50552,0,0
-87151,0,0
-131890,0,0
293386,0,0
-65732,0,0
-79372,0,0
23838,0,0
-340132,0,0
-138911,0,0
156982,0,0
101035,0,0
31212,0,0
26777,0,0
-164377,0,0
142791,0,0
59964,0,0
-167494,0,0
-54705,0,0
-156029,0,0
-155075,0,0
59920,0,0
-5762,0,0
-62267,0,0
247035,0,0
-113997,0,0
-49324,0,0
229299,0,0
-184194,0,0
-240359,0,0
125826,0,0
133731,0,0
-53993,0,0
1310,0,0
-158188,0,0
261462,0,0
52038,0,0
-232132,0,0
76531,0,0
92838,0,0
-100880,0,0
-80914,0,0
-97027,0,0
-39410,0,0
413174,0,0
-32325,0,0
-109205,0,0
119381,0,0
-189864,0,0
-189430,0,0
116382,0,0
98346,0,0
38776,0,0
16152,0,0
-229129,0,0
123153,0,0
47259,0,0
-30375,0,0
156514,0,0
-151384,0,0
-204520,0,0
-40548,0,0
-28144,0,0
-76714,0,0
322086,0,0
-34657,0,0
-66224,0,0
127602,0,0
-213033,0,0
-162847,0,0
180178,0,0
319746,0,0
164038,0,0
6765,0,0
-231248,0,0
133458,0,0
140840,0,0
-89337,0,0
46392,0,0
-51111,0,0
-91076,0,0
72951,0,0
23937,0,0
-80864,0,0
350862,0,0
-27201,0,0
-179434,0,0
14460,0,0
-287059,0,0
-143673,0,0
295720,0,0
157633,0,0
-102273,0,0
125286,0,0
22028,0,0
157123,0,0
-68246,0,0
-249077,0,0
25939,0,0
-85668,0,0
-98242,0,0
58978,0,0
103717,0,0
84920,0,0
324806,0,0
-35975,0,0
19445,0,0
82927,0,0
-250376,0,0
-85045,0,0
269037,0,0
232006,0,0
24785,0,0
-9448,0,0
-102187,0,0
308945,0,0
187438,0,0
-176734,0,0
-34084,0,0
5034,0,0
363,0,0
7124,0,0
93269,0,0
154461,0,0
361313,0,0
-105125,0,0
-208931,0,0
77982,0,0
-191989,0,0
-52542,0,0
264570,0,0
185288,0,0
-61503,0,0
17115,0,0
-204291,0,0
133158,0,0
98434,0,0
-143414,0,0
-14102,0,0
-161592,0,0
-91859,0,0
75736,0,0
-55790,0,0
-153994,0,0
398653,0,0
-147912,0,0
-138748,0,0
117656,0,0
-273727,0,0
-164425,0,0
215790,0,0
142959,0,0
74132,0,0
35207,0,0
-253833,0,0
100423,0,0
50970,0,0
-197291,0,0
12210,0,0
-14375,0,0
-108763,0,0
4444,0,0
13928,0,0
-22756,0,0
257195,0,0
-160506,0,0
-76091,0,0
87793,0,0
-300679,0,0
-251133,0,0
159708,0,0
82175,0,0
-42834,0,0
50798,0,0
-236026,0,0
139859,0,0
118726,0,0
-190281,0,0
-68324,0,0
-168833,0,0
-241447,0,0
-50525,0,0
113388,0,0
-43221,0,0
404516,0,0
13662,0,0
-206029,0,0
48632,0,0
-115680,0,0
-124119,0,0
172667,0,0
137351,0,0
40940,0,0
90628,0,0
-190384,0,0
342758,0,0
147339,0,0
-247663,0,0
-20608,0,0
-69093,0,0
-39107,0,0
58700,0,0
-35918,0,0
-81498,0,0
409467,0,0
-52992,0,0
-165037,0,0
6268,0,0
-299039,0,0
-125894,0,0
197951,0,0
113150,0,0
102791,0,0
151476,0,0
-345619,0,0
83714,0,0
112970,0,0
-175916,0,0
3825,0,0
-51573,0,0
-106439,0,0
-9935,0,0
-88801,0,0
-129045,0,0
440776,0,0
-84783,0,0
-221689,0,0
74846,0,0
-128577,0,0
-189865,0,0
12648,0,0
32872,0,0
-26196,0,0
55819,0,0
-266468,0,0
145503,0,0
39774,0,0
-208802,0,0
-75857,0,0
-88559,0,0
-82405,0,0
4068,0,0
-115631,0,0
-183831,0,0
391436,0,0
-53680,0,0
-122720,0,0
78656,0,0
-321228,0,0
-318222,0,0
127093,0,0
172821,0,0
96138,0,0
48640,0,0
-265798,0,0
107044,0,0
61253,0,0
-151188,0,0
-28212,0,0
-173744,0,0
-167448,0,0
20895,0,0
-97195,0,0
-128327,0,0
534357,0,0
101990,0,0
-163391,0,0
-28554,0,0
-189151,0,0
-99359,0,0
215624,0,0
152340,0,0
152522,0,0
126222,0,0
-261716,0,0
203787,0,0
213576,0,0
-104587,0,0
132313,0,0
-6358,0,0
-86234,0,0
73813,0,0
11607,0,0
-223404,0,0
398996,0,0
96918,0,0
-34868,0,0
141609,0,0
-159696,0,0
-190852,0,0
97163,0,0
92427,0,0
25767,0,0
123362,0,0
-226962,0,0
92581,0,0
6800,0,0
-184996,0,0
71605,0,0
-36418,0,0
-152174,0,0
-55143,0,0
-19331,0,0
-192459,0,0
280527,0,0
-51218,0,0
-141697,0,0
49868,0,0
-344764,0,0
-282868,0,0
-3613,0,0
52973,0,0
12819,0,0
51653,0,0
-266420,0,0
142572,0,0
-54675,0,0
-368580,0,0
-110971,0,0
-72846,0,0
-128124,0,0
-28734,0,0
-19297,0,0
-220098,0,0
233628,0,0
-131202,0,0
-148681,0,0
123867,0,0
-314138,0,0
-206790,0,0
66090,0,0
24628,0,0
91012,0,0
204910,0,0
-225349,0,0
1353,0,0
-34202,0,0
-202578,0,0
25562,0,0
-4631,0,0
-232402,0,0
-90670,0,0
-14323,0,0
-80865,0,0
440787,0,0
43191,0,0
-133206,0,0
38380,0,0
-236468,0,0
-164221,0,0
173403,0,0
171906,0,0
46641,0,0
84589,0,0
-179212,0,0
205953,0,0
150143,0,0
-167014,0,0
-4795,0,0
-123699,0,0
-59211,0,0
55981,0,0
62413,0,0
113345,0,0
371199,0,0
-141776,0,0
-95344,0,0
111067,0,0
-164929,0,0
-181979,0,0
105889,0,0
165725,0,0
14770,0,0
159216,0,0
-180516,0,0
182146,0,0
53314,0,0
-209111,0,0
135162,0,0
-63422,0,0
-181141,0,0
53237,0,0
-14045,0,0
-154788,0,0
409504,0,0
-4991,0,0
-130155,0,0
123896,0,0
-156412,0,0
-110079,0,0
61681,0,0
83486,0,0
5630,0,0
67822,0,0
-206955,0,0
237199,0,0
160951,0,0
-264552,0,0
-90139,0,0
-30626,0,0
-96278,0,0
10446,0,0
177108,0,0
51381,0,0
290901,0,0
-192582,0,0
-176882,0,0
146062,0,0
-139670,0,0
-134467,0,0
203370,0,0
177778,0,0
14531,0,0
103394,0,0
-162646,0,0
206283,0,0
143802,0,0
-168063,0,0
-24033,0,0
-91211,0,0
-123380,0,0
126828,0,0
113749,0,0
-97016,0,0
370792,0,0
-39211,0,0
-152220,0,0
125414,0,0
-141869,0,0
-178528,0,0
234265,0,0
269677,0,0
89003,0,0
165680,0,0
-301763,0,0
149948,0,0
214255,0,0
-120867,0,0
32154,0,0
920,0,0
-1432,0,0
48424,0,0
18646,0,0
32337,0,0
525683,0,0
-99085,0,0
-172630,0,0
121673,0,0
-13823,0,0
-104016,0,0
172261,0,0
212374,0,0
8172,0,0
55544,0,0
-121969,0,0
248587,0,0
207622,0,0
-96769,0,0
28195,0,0
-145110,0,0
-210621,0,0
102446,0,0
47115,0,0
-133193,0,0
387068,0,0
-9458,0,0
-146937,0,0
109779,0,0
-207709,0,0
-200177,0,0
134502,0,0
187426,0,0
-5696,0,0
113857,0,0
-247892,0,0
56104,0,0
108809,0,0
-125626,0,0
-24537,0,0
-99194,0,0
-79063,0,0
-15154,0,0
-80823,0,0
-158433,0,0
373247,0,0
-89746,0,0
-196966,0,0
86955,0,0
-228758,0,0
-223929,0,0
68092,0,0
132178,0,0
30841,0,0
6507,0,0
-356015,0,0
64551,0,0
26992,0,0
-320533,0,0
-93310,0,0
-158770,0,0
-153483,0,0
-8639,0,0
-106354,0,0
-235245,0,0
504481,0,0
-24650,0,0
-311515,0,0
-32707,0,0
-324689,0,0
-217046,0,0
112550,0,0
122591,0,0
17333,0,0
141981,0,0
-265846,0,0
75421,0,0
182554,0,0
-193003,0,0
9047,0,0
-79454,0,0
-200834,0,0
17685,0,0
109129,0,0
-2292,0,0
439126,0,0
-61500,0,0
-174344,0,0
69544,0,0
-174368,0,0
-112949,0,0
248707,0,0
252802,0,0
-42332,0,0
-42526,0,0
-232648,0,0
318079,0,0
267674,0,0
-168744,0,0
-8282,0,0
7368,0,0
-77333,0,0
-29005,0,0
47351,0,0
-42934,0,0
458385,0,0
19349,0,0
-153947,0,0
102078,0,0
-96784,0,0
-130470,0,0
136104,0,0
145478,0,0
67304,0,0
98904,0,0
-242369,0,0
194124,0,0
123287,0,0
-216792,0,0
21983,0,0
-26519,0,0
-171462,0,0
-37462,0,0
1272,0,0
-119468,0,0
364332,0,0
-50708,0,0
-199535,0,0
47988,0,0
-288810,0,0
-186622,0,0
212392,0,0
266842,0,0
-80399,0,0
-50349,0,0
-371944,0,0
60964,0,0
204812,0,0
-69204,0,0
-65230,0,0
-232166,0,0
-199180,0,0
-46779,0,0
8008,0,0
-92720,0,0
323978,0,0
-120892,0,0
-194769,0,0
89668,0,0
-254220,0,0
-254507,0,0
-1576,0,0
60063,0,0
-3845,0,0
95271,0,0
-198002,0,0
201557,0,0
102836,0,0
-230903,0,0
-64984,0,0
-116447,0,0
-105677,0,0
32597,0,0
31554,0,0
-166574,0,0
389408,0,0
-19203,0,0
-90406,0,0
170542,0,0
-42917,0,0
-120383,0,0
67858,0,0
129250,0,0
29178,0,0
189266,0,0
-230848,0,0
108721,0,0
233355,0,0
-39437,0,0
90169,0,0
-51846,0,0
-200374,0,0
19540,0,0
110667,0,0
12399,0,0
422603,0,0
-72487,0,0
-213666,0,0
146685,0,0
-123569,0,0
-145852,0,0
119601,0,0
165471,0,0
17581,0,0
149284,0,0
-214980,0,0
116548,0,0
116411,0,0
-244624,0,0
-54215,0,0
-97517,0,0
-126798,0,0
28103,0,0
70946,0,0
-102747,0,0
290154,0,0
-51062,0,0
-168424,0,0
48519,0,0
-191861,0,0
-217592,0,0
54467,0,0
110821,0,0
-15500,0,0
119330,0,0
-228078,0,0
150452,0,0
127837,0,0
-288582,0,0
-159593,0,0
-129016,0,0
-108351,0,0
43212,0,0
197340,0,0
-189551,0,0
213986,0,0
22100,0,0
-137936,0,0
30556,0,0
-130386,0,0
-192852,0,0
13293,0,0
229601,0,0
93224,0,0
183256,0,0
-193053,0,0
269142,0,0
146934,0,0
-239724,0,0
-2303,0,0
63765,0,0
-76433,0,0
-66667,0,0
-15270,0,0
-111279,0,0
427786,0,0
74029,0,0
-262349,0,0
261029,0,0
1000,0,0
-184344,0,0
48150,0,0
115849,0,0
-36995,0,0
65113,0,0
-268131,0,0
191359,0,0
323815,0,0
-133184,0,0
8005,0,0
-79946,0,0
-119013,0,0
-16075,0,0
42969,0,0
-85854,0,0
367491,0,0
99319,0,0
-91276,0,0
65210,0,0
-31431,0,0
-89904,0,0
29710,0,0
113989,0,0
48843,0,0
135626,0,0
-195841,0,0
149471,0,0
146200,0,0
-143600,0,0
21817,0,0
79141,0,0
-129282,0,0
-71747,0,0
57306,0,0
-149569,0,0
361172,0,0
9399,0,0
-217431,0,0
118150,0,0
-48628,0,0
-87504,0,0
11640,0,0
71468,0,0
-44373,0,0
94633,0,0
-194445,0,0
187423,0,0
244896,0,0
-129118,0,0
-62040,0,0
-107781,0,0
-133186,0,0
23468,0,0
170639,0,0
-91746,0,0
276041,0,0
18045,0,0
-120454,0,0
79261,0,0
-107675,0,0
-177293,0,0
94845,0,0
158972,0,0
51241,0,0
128589,0,0
-270539,0,0
52640,0,0
104693,0,0
-263208,0,0
-38325,0,0
-46869,0,0
-86586,0,0
4159,0,0
19529,0,0
-247555,0,0
261167,0,0
-58977,0,0
-229169,0,0
32881,0,0
-175799,0,0
-272018,0,0
-40632,0,0
70775,0,0
-4778,0,0
125804,0,0
-269387,0,0
-1272,0,0
16218,0,0
-257120,0,0
-681,0,0
-176172,0,0
-254432,0,0
-67549,0,0
-30071,0,0
-241719,0,0
293809,0,0
-4515,0,0
-184853,0,0
53299,0,0
-193636,0,0
-137277,0,0
25763,0,0
38114,0,0
-79617,0,0
121845,0,0
-182084,0,0
133437,0,0
147305,0,0
-162660,0,0
-20790,0,0
-93818,0,0
-110599,0,0
-32244,0,0
5062,0,0
14142,0,0
338101,0,0
31116,0,0
-148300,0,0
77640,0,0
-98534,0,0
-116566,0,0
67330,0,0
66614,0,0
-73143,0,0
155231,0,0
-125102,0,0
156335,0,0
228411,0,0
-161567,0,0
-47758,0,0
-70306,0,0
-81388,0,0
55804,0,0
22821,0,0
-83289,0,0
365976,0,0
67889,0,0
-157929,0,0
61139,0,0
-52283,0,0
-175717,0,0
34141,0,0
258600,0,0
105643,0,0
182322,0,0
-194582,0,0
88322,0,0
169052,0,0
-192207,0,0
-5446,0,0
56854,0,0
26534,0,0
40109,0,0
9421,0,0
-144726,0,0
314797,0,0
83457,0,0
-85121,0,0
23503,0,0
-153789,0,0
-138415,0,0
146739,0,0
204628,0,0
-42682,0,0
141718,0,0
-203868,0,0
52541,0,0
57597,0,0
-165340,0,0
27361,0,0
-84913,0,0
-153275,0,0
34900,0,0
33835,0,0
-149121,0,0
310364,0,0
-33811,0,0
-295491,0,0
97327,0,0
-63561,0,0
-123182,0,0
10515,0,0
75258,0,0
-19613,0,0
37453,0,0
-287351,0,0
159361,0,0
381024,0,0
-82471,0,0
-145821,0,0
-126531,0,0
-123147,0,0
49340,0,0
78585,0,0
-141051,0,0
286633,0,0
76575,0,0
-81837,0,0
130285,0,0
17058,0,0
-174387,0,0
-43837,0,0
196367,0,0
136548,0,0
101876,0,0
-224893,0,0
144798,0,0
184152,0,0
-132788,0,0
36513,0,0
-18523,0,0
-81198,0,0
15975,0,0
91224,0,0
-141437,0,0
339449,0,0
78629,0,0
-190479,0,0
36253,0,0
-129142,0,0
-110312,0,0
158227,0,0
192478,0,0
33285,0,0
40466,0,0
-264599,0,0
75404,0,0
101956,0,0
-197126,0,0
-59589,0,0
-112060,0,0
-49107,0,0
-15656,0,0
-98641,0,0
-199404,0,0
328800,0,0
77525,0,0
-191199,0,0
2613,0,0
-191061,0,0
-222526,0,0
-2115,0,0
99289,0,0
-14398,0,0
-3026,0,0
-239281,0,0
24496,0,0
76534,0,0
-147601,0,0
-33020,0,0
-150878,0,0
-227095,0,0
-53219,0,0
11222,0,0
-163117,0,0
231524,0,0
-101156,0,0
-300237,0,0
60575,0,0
-182138,0,0
-321757,0,0
-96563,0,0
47749,0,0
-18854,0,0
74870,0,0
-322395,0,0
-9656,0,0
109728,0,0
-278338,0,0
-172851,0,0
-65934,0,0
-142391,0,0
-103765,0,0
-34307,0,0
-205773,0,0
160981,0,0
-40954,0,0
-151630,0,0
145327,0,0
-125899,0,0
-315402,0,0
-90388,0,0
132863,0,0
11140,0,0
70535,0,0
-167148,0,0
104815,0,0
81262,0,0
-237073,0,0
-86002,0,0
-81033,0,0
-170129,0,0
-82854,0,0
-2781,0,0
-164599,0,0
317259,0,0
135708,0,0
-148057,0,0
-7230,0,0
-142682,0,0
-153326,0,0
35151,0,0
210837,0,0
42935,0,0
52236,0,0
-219503,0,0
106869,0,0
201141,0,0
-81237,0,0
-2498,0,0
-18546,0,0
15076,0,0
72270,0,0
58562,0,0
-78762,0,0
299228,0,0
67706,0,0
-109430,0,0
102482,0,0
-99031,0,0
-251952,0,0
50888,0,0
248551,0,0
-7952,0,0
81875,0,0
-76436,0,0
173101,0,0
99044,0,0
-167710,0,0
41573,0,0
-43373,0,0
-145469,0,0
-59375,0,0
123063,0,0
-82962,0,0
208209,0,0
25981,0,0
-159241,0,0
146057,0,0
-100027,0,0
-254892,0,0
397,0,0
313353,0,0
117282,0,0
-38958,0,0
-298260,0,0
16299,0,0
154829,0,0
-129064,0,0
9186,0,0
-67684,0,0
-142298,0,0
-99242,0,0
69855,0,0
-124001,0,0
212618,0,0
63745,0,0
-150028,0,0
60998,0,0
-126853,0,0
-230311,0,0
32086,0,0
81714,0,0
49927,0,0
180587,0,0
-276997,0,0
23541,0,0
185839,0,0
-141645,0,0
-13942,0,0
-42444,0,0
-188751,0,0
-80880,0,0
60201,0,0
-152702,0,0
257770,0,0
72499,0,0
-86319,0,0
168537,0,0
-100711,0,0
-272033,0,0
-64934,0,0
204191,0,0
35278,0,0
67662,0,0
-219330,0,0
52932,0,0
192027,0,0
-133953,0,0
-52786,0,0
89305,0,0
-148285,0,0
-51990,0,0
83773,0,0
-155197,0,0
166899,0,0
151420,0,0
-71081,0,0
66473,0,0
-118544,0,0
-174782,0,0
7300,0,0
81425,0,0
43151,0,0
234140,0,0
-23369,0,0
131190,0,0
153238,0,0
-197492,0,0
-122642,0,0
9371,0,0
-25066,0,0
49348,0,0
114841,0,0
-32944,0,0
346514,0,0
175781,0,0
-156940,0,0
55966,0,0
31262,0,0
-37475,0,0
96715,0,0
219666,0,0
78800,0,0
152951,0,0
-101322,0,0
78812,0,0
202415,0,0
18598,0,0
127695,0,0
19688,0,0
-94795,0,0
-63887,0,0
38007,0,0
-105652,0,0
276008,0,0
104971,0,0
-89062,0,0
125556,0,0
-139281,0,0
-267608,0,0
-71622,0,0
154911,0,0
82100,0,0
91018,0,0
-205253,0,0
35477,0,0
145024,0,0
-211349,0,0
-75784,0,0
35034,0,0
-43313,0,0
-101247,0,0
47978,0,0
-53455,0,0
211985,0,0
40551,0,0
-128687,0,0
64341,0,0
-26645,0,0
-138280,0,0
58996,0,0
199586,0,0
22201,0,0
55739,0,0
-179951,0,0
58894,0,0
166906,0,0
-88664,0,0
-1456,0,0
41076,0,0
-95298,0,0
4195,0,0
47521,0,0
-126622,0,0
316774,0,0
170345,0,0
-225949,0,0
11168,0,0
-769,0,0
-139331,0,0
20051,0,0
262918,0,0
100755,0,0
111552,0,0
-161719,0,0
42912,0,0
299792,0,0
40868,0,0
15824,0,0
-99521,0,0
-139520,0,0
26505,0,0
155229,0,0
-82914,0,0
155444,0,0
152983,0,0
-87269,0,0
117008,0,0
25162,0,0
-177148,0,0
-74437,0,0
88562,0,0
-15681,0,0
60525,0,0
-85308,0,0
176799,0,0
166980,0,0
-277534,0,0
-223731,0,0
-102418,0,0
-86371,0,0
-132247,0,0
40678,0,0
-53680,0,0
184679,0,0
44806,0,0
-161521,0,0
80802,0,0
-146356,0,0
-399973,0,0
-78538,0,0
163347,0,0
53847,0,0
104786,0,0
-181618,0,0
-36913,0,0
44549,0,0
-195277,0,0
-3398,0,0
25521,0,0
-112362,0,0
-46159,0,0
46536,0,0
-130594,0,0
192480,0,0
-7072,0,0
-146085,0,0
109850,0,0
-64412,0,0
-248342,0,0
31096,0,0
267331,0,0
55286,0,0
59660,0,0
-108179,0,0
67963,0,0
165368,0,0
-98013,0,0
-13164,0,0
-31475,0,0
-54165,0,0
31205,0,0
110839,0,0
-41856,0,0
219058,0,0
122544,0,0
-95215,0,0
66455,0,0
-2823,0,0
-151473,0,0
-2858,0,0
191293,0,0
18625,0,0
114486,0,0
18056,0,0
89982,0,0
141340,0,0
-104695,0,0
72071,0,0
53607,0,0
-169447,0,0
-11913,0,0
193011,0,0
31314,0,0
261814,0,0
75978,0,0
-176448,0,0
48617,0,0
-3166,0,0
-178560,0,0
-5986,0,0
312242,0,0
104689,0,0
63079,0,0
-92119,0,0
84085,0,0
154208,0,0
-145539,0,0
-77662,0,0
-12262,0,0
-134809,0,0
-10728,0,0
108780,0,0
-46221,0,0
179995,0,0
116924,0,0
-117944,0,0
43232,0,0
-36450,0,0
-182697,0,0
-37727,0,0
175635,0,0
15303,0,0
38504,0,0
-109692,0,0
9111,0,0
41068,0,0
-190809,0,0
-24768,0,0
98428,0,0
-16981,0,0
-140821,0,0
-78143,0,0
-104626,0,0
157012,0,0
83685,0,0
-185747,0,0
-10220,0,0
-59527,0,0
-229286,0,0
-7127,0,0
187528,0,0
21737,0,0
89911,0,0
-96268,0,0
-33219,0,0
103287,0,0
-104418,0,0
-60139,0,0
-79685,0,0
-127233,0,0
-24024,0,0
72215,0,0
-56960,0,0
261623,0,0
82030,0,0
-243427,0,0
13248,0,0
20797,0,0
-229783,0,0
-145827,0,0
126340,0,0
37964,0,0
116818,0,0
-7867,0,0
26085,0,0
74238,0,0
-189043,0,0
-180982,0,0
-95823,0,0
-65234,0,0
-91477,0,0
41805,0,0
-115586,0,0
75646,0,0
18029,0,0
-101227,0,0
30998,0,0
-122323,0,0
-362706,0,0
-71734,0,0
236822,0,0
104647,0,0
65556,0,0
-179859,0,0
-93483,0,0
169426,0,0
-59365,0,0
-78249,0,0
-56618,0,0
-120524,0,0
-130994,0,0
31055,0,0
44902,0,0
334698,0,0
202651,0,0
-130252,0,0
-77647,0,0
-138520,0,0
-324688,0,0
-9666,0,0
290302,0,0
67734,0,0
-107047,0,0
-143842,0,0
146301,0,0
217674,0,0
-200143,0,0
-188435,0,0
-60466,0,0
-83859,0,0
-58984,0,0
-3021,0,0
-182922,0,0
65269,0,0
142163,0,0
-97168,0,0
34240,0,0
-143586,0,0
-354892,0,0
-104064,0,0
202275,0,0
-3917,0,0
37429,0,0
-106129,0,0
-74393,0,0
92625,0,0
-118378,0,0
-8419,0,0
-32284,0,0
-88306,0,0
-100864,0,0
15314,0,0
-29059,0,0
235183,0,0
161873,0,0
-135639,0,0
-14314,0,0
19418,0,0
-120533,0,0
-12766,0,0
230681,0,0
124758,0,0
117418,0,0
-22944,0,0
74474,0,0
207220,0,0
-39202,0,0
-26754,0,0
57453,0,0
-39426,0,0
-28484,0,0
108896,0,0
24770,0,0
250181,0,0
226285,0,0
-42295,0,0
26794,0,0
31498,0,0
-166467,0,0
4521,0,0
266230,0,0
81759,0,0
91821,0,0
39858,0,0
93264,0,0
290736,0,0
74626,0,0
-40709,0,0
-60676,0,0
-95100,0,0
-33706,0,0
146046,0,0
120301,0,0
284356,0,0
207144,0,0
-143392,0,0
-31559,0,0
-5960,0,0
-215418,0,0
14666,0,0
240723,0,0
23816,0,0
110738,0,0
26148,0,0
-84705,0,0
92730,0,0
-113639,0,0
-135087,0,0
-4032,0,0
-93279,0,0
-145953,0,0
26717,0,0
-119710,0,0
88778,0,0
296877,0,0
-123363,0,0
-41825,0,0
-31553,0,0
-268115,0,0
-140574,0,0
172893,0,0
60711,0,0
97326,0,0
-82226,0,0
-132836,0,0
56851,0,0
-96134,0,0
-9486,0,0
133976,0,0
39992,0,0
-126250,0,0
-17116,0,0
-205422,0,0
58518,0,0
197161,0,0
-27809,0,0
107534,0,0
141431,0,0
-165560,0,0
-85602,0,0
253414,0,0
136226,0,0
46363,0,0
-72014,0,0
76657,0,0
348157,0,0
-8732,0,0
-66017,0,0
128615,0,0
53837,0,0
-26576,0,0
131395,0,0
-15084,0,0
76593,0,0
226013,0,0
-50395,0,0
54884,0,0
79597,0,0
-104571,0,0
-97856,0,0
188164,0,0
98014,0,0
56698,0,0
-80359,0,0
-47976,0,0
110058,0,0
-64049,0,0
-89595,0,0
-43367,0,0
-85215,0,0
-124502,0,0
-48949,0,0
-128253,0,0
20772,0,0
74497,0,0
-181786,0,0
-21031,0,0
-96818,0,0
-416542,0,0
-242325,0,0
37246,0,0
41911,0,0
26642,0,0
-179139,0,0
-193631,0,0
89388,0,0
-123702,0,0
-203707,0,0
-105304,0,0
-173761,0,0
-177059,0,0
-32597,0,0
-85926,0,0
47403,0,0
75313,0,0
-159614,0,0
23260,0,0
32154,0,0
-368801,0,0
-168351,0,0
223791,0,0
114413,0,0
12566,0,0
-121478,0,0
-9953,0,0
186609,0,0
-76519,0,0
-125698,0,0
6800,0,0
-69905,0,0
-111694,0,0
141211,0,0
37452,0,0
98949,0,0
250500,0,0
-88775,0,0
8,0,0
1155,0,0
-286857,0,0
-85197,0,0
277464,0,0
156434,0,0
53765,0,0
-28190,0,0
10795,0,0
87880,0,0
-186734,0,0
-88147,0,0
89650,0,0
-104179,0,0
-86525,0,0
34481,0,0
-87033,0,0
-35275,0,0
110125,0,0
-103381,0,0
-36466,0,0
-46503,0,0
-356174,0,0
-93979,0,0
244461,0,0
117393,0,0
67699,0,0
-140298,0,0
-224314,0,0
83516,0,0
-58590,0,0
-36133,0,0
-31512,0,0
-118743,0,0
-132455,0,0
39348,0,0
-121486,0,0
36561,0,0
266806,0,0
-183163,0,0
-106305,0,0
3989,0,0
-299464,0,0
-12822,0,0
301820,0,0
14891,0,0
-124291,0,0
-76386,0,0
-119907,0,0
98686,0,0
71439,0,0
-24618,0,0
-24043,0,0
-147722,0,0
-118839,0,0
21880,0,0
13501,0,0
98784,0,0
233952,0,0
-120755,0,0
-53120,0,0
-9999,0,0
-278625,0,0
14404,0,0
245002,0,0
96161,0,0
45822,0,0
-15439,0,0
-54138,0,0
290944,0,0
67534,0,0
-88822,0,0
29316,0,0
-13977,0,0
-63946,0,0
46759,0,0
-27408,0,0
168860,0,0
269651,0,0
16277,0,0
94900,0,0
28002,0,0
-256129,0,0
2753,0,0
257596,0,0
62620,0,0
-7511,0,0
-27417,0,0
-110250,0,0
215111,0,0
76947,0,0
-221592,0,0
-115676,0,0
417,0,0
-56142,0,0
11033,0,0
-61598,0,0
76143,0,0
173119,0,0
-153927,0,0
-45696,0,0
-54194,0,0
-316395,0,0
-104559,0,0
212584,0,0
69275,0,0
44835,0,0
-60602,0,0
-160642,0,0
90514,0,0
-15650,0,0
-127008,0,0
-7537,0,0
-58341,0,0
-121126,0,0
-19705,0,0
-156374,0,0
-35927,0,0
209209,0,0
-87843,0,0
-52018,0,0
55625,0,0
-255515,0,0
-172942,0,0
154372,0,0
56414,0,0
-5132,0,0
-106532,0,0
-166631,0,0
136545,0,0
-27431,0,0
-116652,0,0
74759,0,0
49754,0,0
-152052,0,0
-47497,0,0
-61098,0,0
38135,0,0
232241,0,0
-106598,0,0
-41360,0,0
-11658,0,0
-273997,0,0
66357,0,0
356830,0,0
41583,0,0
-40096,0,0
51003,0,0
-80209,0,0
147389,0,0
52319,0,0
-111596,0,0
277,0,0
-21224,0,0
-3888,0,0
42598,0,0
-58696,0,0
-22584,0,0
359201,0,0
10959,0,0
-87257,0,0
-12289,0,0
-290476,0,0
-56320,0,0
302959,0,0
69138,0,0
58825,0,0
112316,0,0
-137325,0,0
104970,0,0
-62057,0,0
-166210,0,0
64476,0,0
92420,0,0
32372,0,0
32061,0,0
-82010,0,0
-34952,0,0
274970,0,0
262,0,0
76013,0,0
107341,0,0
-206134,0,0
-85434,0,0
189190,0,0
53445,0,0
114,0,0
97530,0,0
-46856,0,0
252369,0,0
7678,0,0
-117999,0,0
26367,0,0
-32993,0,0
-88500,0,0
41054,0,0
15928,0,0
49934,0,0
281367,0,0
-145940,0,0
-9484,0,0
67391,0,0
-256948,0,0
-33656,0,0
171881,0,0
13685,0,0
-3255,0,0
23572,0,0
-228917,0,0
191159,0,0
59910,0,0
-231752,0,0
-58341,0,0
-16902,0,0
-120804,0,0
21450,0,0
-102130,0,0
-80523,0,0
253981,0,0
-127887,0,0
-37622,0,0
91179,0,0
-258848,0,0
-118776,0,0
185551,0,0
77568,0,0
43153,0,0
34194,0,0
-140619,0,0
186873,0,0
62940,0,0
-165763,0,0
-39779,0,0
-62893,0,0
-85606,0,0
63512,0,0
-88908,0,0
-19276,0,0
323620,0,0
-120511,0,0
-63407,0,0
82109,0,0
-330971,0,0
-139279,0,0
165028,0,0
105233,0,0
40984,0,0
30715,0,0
-112342,0,0
127275,0,0
-29507,0,0
-188743,0,0
-2186,0,0
-37341,0,0
-100678,0,0
