278221,0,0
-35011,0,0
-140068,0,0
-20249,0,0
-306952,0,0
-55861,0,0
-174631,0,0
-152542,0,0
10531,0,0
160564,0,0
-40056,0,0
-125200,0,0
-257117,0,0
-100039,0,0
582623,0,0
327992,0,0
146790,0,0
-43332,0,0
-132420,0,0
-79912,0,0
451641,0,0
38538,0,0
150261,0,0
297082,0,0
215473,0,0
219868,0,0
255820,0,0
180054,0,0
292473,0,0
463484,0,0
135857,0,0
226447,0,0
261065,0,0
107011,0,0
369414,0,0
214268,0,0
261184,0,0
264498,0,0
318342,0,0
235351,0,0
409141,0,0
-63977,0,0
14631,0,0
333820,0,0
250265,0,0
499369,0,0
239520,0,0
-60009,0,0
-58083,0,0
186680,0,0
-21556,0,0
484377,0,0
264586,0,0
-53005,0,0
118124,0,0
26049,0,0
78922,0,0
-31503,0,0
-41722,0,0
-181802,0,0
206154,0,0
-150112,0,0
-134029,0,0
89296,0,0
-181615,0,0
73751,0,0
-186441,0,0
-108488,0,0
39628,0,0
-241846,0,0
-441993,0,0
13940,0,0
-38131,0,0
27024,0,0
100326,0,0
-369897,0,0
-374398,0,0
-208915,0,0
-2549,0,0
32530,0,0
438983,0,0
-76981,0,0
-85089,0,0
-89816,0,0
-431053,0,0
250091,0,0
168661,0,0
36644,0,0
85803,0,0
-4480,0,0
-400332,0,0
-39548,0,0
-56336,0,0
-44259,0,0
255875,0,0
-70421,0,0
-21620,0,0
-71683,0,0
59665,0,0
131282,0,0
170716,0,0
-214023,0,0
36472,0,0
135362,0,0
-227820,0,0
-44530,0,0
74442,0,0
109499,0,0
39235,0,0
20441,0,0
-246073,0,0
169947,0,0
139972,0,0
126132,0,0
397781,0,0
15981,0,0
349,0,0
-19553,0,0
-10182,0,0
97703,0,0
361506,0,0
-48894,0,0
-14607,0,0
155369,0,0
-154305,0,0
217170,0,0
214023,0,0
168514,0,0
-18059,0,0
4732,0,0
-127400,0,0
370761,0,0
107572,0,0
29173,0,0
275072,0,0
-232249,0,0
-91250,0,0
-98671,0,0
34040,0,0
145051,0,0
126168,0,0
-271999,0,0
103551,0,0
484699,0,0
236607,0,0
219894,0,0
-132096,0,0
-266345,0,0
-9865,0,0
88967,0,0
-256702,0,0
-46921,0,0
31821,0,0
-254847,0,0
173679,0,0
-92852,0,0
207475,0,0
109909,0,0
-205275,0,0
-461257,0,0
70486,0,0
-326777,0,0
-273800,0,0
-161359,0,0
-555661,0,0
7888,0,0
133901,0,0
-10140,0,0
-70598,0,0
-94972,0,0
-438598,0,0
111845,0,0
-84917,0,0
-422856,0,0
-5691,0,0
-225125,0,0
15435,0,0
69563,0,0
224498,0,0
-60936,0,0
152602,0,0
-427280,0,0
-131837,0,0
144997,0,0
-156417,0,0
24853,0,0
-100759,0,0
-154614,0,0
-34733,0,0
11417,0,0
-279498,0,0
-31722,0,0
-307722,0,0
-179287,0,0
284505,0,0
60206,0,0
-227898,0,0
-166216,0,0
31853,0,0
148187,0,0
97654,0,0
-468700,0,0
-225334,0,0
30096,0,0
-181097,0,0
160480,0,0
306816,0,0
162106,0,0
-103625,0,0
27663,0,0
-239873,0,0
173964,0,0
141056,0,0
-53569,0,0
71556,0,0
-111109,0,0
142260,0,0
233104,0,0
163299,0,0
-149331,0,0
108280,0,0
-176031,0,0
87577,0,0
411674,0,0
77107,0,0
125591,0,0
-57881,0,0
76669,0,0
195413,0,0
324011,0,0
-94481,0,0
257705,0,0
98679,0,0
-300418,0,0
37531,0,0
-116077,0,0
83690,0,0
54942,0,0
148817,0,0
-27028,0,0
30875,0,0
-403732,0,0
96692,0,0
652202,0,0
225486,0,0
325410,0,0
-4047,0,0
-187208,0,0
-179585,0,0
-1331,0,0
15201,0,0
261167,0,0
216088,0,0
156409,0,0
545855,0,0
179046,0,0
109879,0,0
3720,0,0
-150234,0,0
-334063,0,0
49640,0,0
136925,0,0
480743,0,0
434390,0,0
-18688,0,0
6798,0,0
-245865,0,0
-201121,0,0
-91193,0,0
79269,0,0
-118094,0,0
240125,0,0
106288,0,0
-54204,0,0
81098,0,0
-242693,0,0
-183296,0,0
-190451,0,0
-118455,0,0
-219500,0,0
-19524,0,0
-356727,0,0
-297630,0,0
128941,0,0
-139913,0,0
-126907,0,0
-253676,0,0
-373346,0,0
-296179,0,0
-175928,0,0
-362752,0,0
50278,0,0
6020,0,0
-291375,0,0
-54067,0,0
-197680,0,0
-215998,0,0
-72699,0,0
129479,0,0
-127600,0,0
219499,0,0
7786,0,0
-100761,0,0
53615,0,0
-327871,0,0
-167571,0,0
140157,0,0
270721,0,0
230774,0,0
342632,0,0
-114738,0,0
-66606,0,0
-222817,0,0
-96406,0,0
305036,0,0
-127780,0,0
-168979,0,0
24638,0,0
287457,0,0
158060,0,0
558918,0,0
122951,0,0
-5937,0,0
-267139,0,0
-635925,0,0
-360503,0,0
-139981,0,0
334447,0,0
653387,0,0
445150,0,0
-192156,0,0
-110815,0,0
-142055,0,0
20351,0,0
375761,0,0
117217,0,0
76806,0,0
-68697,0,0
-127802,0,0
-97316,0,0
284712,0,0
124771,0,0
133513,0,0
308360,0,0
-32883,0,0
-42604,0,0
-32954,0,0
-68825,0,0
67634,0,0
109044,0,0
21558,0,0
181910,0,0
149877,0,0
48591,0,0
61700,0,0
-163787,0,0
-123132,0,0
-179754,0,0
-11021,0,0
248042,0,0
633570,0,0
426648,0,0
256841,0,0
143004,0,0
-292047,0,0
-98373,0,0
144101,0,0
315172,0,0
96867,0,0
276515,0,0
69120,0,0
134910,0,0
35499,0,0
-232891,0,0
235258,0,0
-38123,0,0
30809,0,0
-92872,0,0
-118582,0,0
-287700,0,0
24625,0,0
-209021,0,0
-50795,0,0
-164570,0,0
-421547,0,0
-185624,0,0
-174610,0,0
-264862,0,0
-281064,0,0
-133570,0,0
-376998,0,0
-100304,0,0
-205252,0,0
-202961,0,0
101976,0,0
-202120,0,0
-241768,0,0
-425270,0,0
-277811,0,0
-334826,0,0
94156,0,0
170793,0,0
-29968,0,0
-113603,0,0
-308897,0,0
-118687,0,0
-328912,0,0
-274488,0,0
-267893,0,0
22537,0,0
71697,0,0
92829,0,0
-2153,0,0
-236635,0,0
75764,0,0
-108274,0,0
-120970,0,0
-391913,0,0
-358091,0,0
-242927,0,0
232853,0,0
392577,0,0
142266,0,0
276359,0,0
-80143,0,0
42626,0,0
85011,0,0
137308,0,0
-63075,0,0
217143,0,0
47754,0,0
159091,0,0
214539,0,0
179203,0,0
305913,0,0
19790,0,0
346805,0,0
210900,0,0
129536,0,0
126235,0,0
522555,0,0
264545,0,0
-47848,0,0
144351,0,0
-85333,0,0
240034,0,0
519868,0,0
574050,0,0
500355,0,0
357484,0,0
-21211,0,0
114398,0,0
146741,0,0
201351,0,0
580247,0,0
511923,0,0
505518,0,0
160668,0,0
56685,0,0
310517,0,0
543956,0,0
362221,0,0
193610,0,0
169693,0,0
-82047,0,0
-10376,0,0
236149,0,0
273085,0,0
294201,0,0
384737,0,0
-189443,0,0
-35758,0,0
-30055,0,0
12894,0,0
230564,0,0
-171900,0,0
-74584,0,0
-192462,0,0
49168,0,0
-70903,0,0
245406,0,0
211247,0,0
134503,0,0
116618,0,0
-417907,0,0
-248149,0,0
65694,0,0
35258,0,0
71859,0,0
241773,0,0
-152873,0,0
106317,0,0
-32895,0,0
-133919,0,0
-66731,0,0
-11281,0,0
189006,0,0
-4846,0,0
79371,0,0
-146717,0,0
22013,0,0
-258836,0,0
-264502,0,0
-21758,0,0
-330207,0,0
-326827,0,0
-163645,0,0
-33008,0,0
-30830,0,0
422455,0,0
-190700,0,0
-18149,0,0
-43770,0,0
-97608,0,0
-67823,0,0
-179009,0,0
-22976,0,0
-78824,0,0
167630,0,0
62841,0,0
107717,0,0
24335,0,0
6230,0,0
-11275,0,0
-193802,0,0
77378,0,0
184747,0,0
288368,0,0
-98788,0,0
-21631,0,0
-330125,0,0
-241225,0,0
-130108,0,0
-71216,0,0
265079,0,0
11497,0,0
-212712,0,0
-285094,0,0
24263,0,0
-343984,0,0
-146588,0,0
-262034,0,0
-85377,0,0
469340,0,0
8087,0,0
-261924,0,0
-247463,0,0
-366805,0,0
-479078,0,0
-147825,0,0
-285713,0,0
-336453,0,0
-124489,0,0
-78228,0,0
155787,0,0
-256429,0,0
-533312,0,0
-542285,0,0
-182408,0,0
-256906,0,0
-13567,0,0
-183029,0,0
-263313,0,0
-67412,0,0
-227657,0,0
-489575,0,0
-351219,0,0
-171251,0,0
-4114,0,0
184194,0,0
-189229,0,0
-130641,0,0
-20955,0,0
-268148,0,0
-148329,0,0
-140027,0,0
-131822,0,0
138640,0,0
66322,0,0
-209698,0,0
-74335,0,0
-154742,0,0
-98308,0,0
110943,0,0
-53191,0,0
-30130,0,0
42552,0,0
142344,0,0
-58602,0,0
-123298,0,0
-325859,0,0
-58926,0,0
103965,0,0
18009,0,0
102044,0,0
-27200,0,0
-183241,0,0
-329480,0,0
-61823,0,0
-173538,0,0
166413,0,0
-45720,0,0
-125251,0,0
-45928,0,0
-378880,0,0
-363231,0,0
-129823,0,0
60550,0,0
114976,0,0
192425,0,0
-284672,0,0
-344406,0,0
-328757,0,0
-300183,0,0
-512,0,0
122094,0,0
184370,0,0
-17882,0,0
83200,0,0
-86636,0,0
102967,0,0
17179,0,0
-102513,0,0
34987,0,0
-167283,0,0
-124077,0,0
259126,0,0
350261,0,0
-106619,0,0
159698,0,0
42963,0,0
60434,0,0
23526,0,0
-127385,0,0
-29974,0,0
157735,0,0
-34451,0,0
-226481,0,0
-190814,0,0
-265284,0,0
284648,0,0
129328,0,0
-424670,0,0
-311447,0,0
-46770,0,0
36855,0,0
230263,0,0
58292,0,0
39979,0,0
-21384,0,0
-264172,0,0
-211342,0,0
259456,0,0
86310,0,0
145651,0,0
88481,0,0
-55662,0,0
-59628,0,0
128909,0,0
82680,0,0
316224,0,0
211281,0,0
84392,0,0
189130,0,0
18442,0,0
74616,0,0
8856,0,0
164235,0,0
-56693,0,0
40325,0,0
-131271,0,0
22936,0,0
288810,0,0
57898,0,0
117883,0,0
175442,0,0
-87268,0,0
69252,0,0
289602,0,0
-121145,0,0
196073,0,0
116999,0,0
4643,0,0
311258,0,0
15035,0,0
60200,0,0
256890,0,0
86259,0,0
59974,0,0
308605,0,0
99595,0,0
141666,0,0
66599,0,0
-43413,0,0
3485,0,0
175661,0,0
181944,0,0
-137942,0,0
67998,0,0
63069,0,0
215920,0,0
-37233,0,0
-150194,0,0
-225201,0,0
-393477,0,0
58672,0,0
241746,0,0
373702,0,0
59669,0,0
-91862,0,0
-461112,0,0
-129133,0,0
-95423,0,0
-279137,0,0
-108344,0,0
64191,0,0
56228,0,0
-27757,0,0
122080,0,0
91910,0,0
140287,0,0
-106519,0,0
-400046,0,0
-119012,0,0
-270379,0,0
-197950,0,0
47258,0,0
165993,0,0
162732,0,0
427401,0,0
193024,0,0
212351,0,0
43360,0,0
-314953,0,0
-253238,0,0
26129,0,0
77114,0,0
142594,0,0
356622,0,0
144273,0,0
165732,0,0
108941,0,0
-101005,0,0
-48424,0,0
-263748,0,0
-128024,0,0
38785,0,0
217102,0,0
-39166,0,0
103080,0,0
-94439,0,0
-75877,0,0
200947,0,0
-81708,0,0
-87820,0,0
-158307,0,0
-100472,0,0
29021,0,0
9433,0,0
-129075,0,0
11348,0,0
99461,0,0
2828,0,0
172875,0,0
-52093,0,0
-205426,0,0
-69913,0,0
-11332,0,0
-75995,0,0
112357,0,0
-286841,0,0
-258274,0,0
-93782,0,0
-132498,0,0
8426,0,0
-22393,0,0
-193235,0,0
-27495,0,0
313900,0,0
104007,0,0
60196,0,0
64150,0,0
-276689,0,0
-181453,0,0
-62626,0,0
19046,0,0
137300,0,0
164999,0,0
108462,0,0
377259,0,0
12802,0,0
-84472,0,0
-146873,0,0
63070,0,0
151535,0,0
-128184,0,0
3313,0,0
117875,0,0
433400,0,0
158252,0,0
6481,0,0
-18057,0,0
-107507,0,0
144561,0,0
-126886,0,0
-135732,0,0
387578,0,0
498993,0,0
304097,0,0
-62451,0,0
-218594,0,0
33776,0,0
439192,0,0
47957,0,0
87953,0,0
150156,0,0
9202,0,0
-71263,0,0
346188,0,0
111676,0,0
260674,0,0
104583,0,0
-203623,0,0
-10257,0,0
261743,0,0
70569,0,0
221267,0,0
153622,0,0
-26595,0,0
38410,0,0
-24654,0,0
115665,0,0
338773,0,0
213971,0,0
246021,0,0
212411,0,0
-62844,0,0
144383,0,0
429470,0,0
1391,0,0
33498,0,0
188017,0,0
136493,0,0
151124,0,0
161880,0,0
106519,0,0
299311,0,0
163607,0,0
121730,0,0
95637,0,0
33749,0,0
-76016,0,0
144642,0,0
-275824,0,0
-19994,0,0
204463,0,0
24399,0,0
-9163,0,0
23666,0,0
-281302,0,0
-95301,0,0
-292299,0,0
-350125,0,0
-87530,0,0
104764,0,0
80685,0,0
21209,0,0
35214,0,0
-54597,0,0
-130926,0,0
-219443,0,0
-316317,0,0
-57727,0,0
-114301,0,0
-121854,0,0
81811,0,0
162134,0,0
-55469,0,0
-40053,0,0
-210894,0,0
14640,0,0
-24989,0,0
58363,0,0
196602,0,0
-44364,0,0
-77143,0,0
125246,0,0
63669,0,0
-66334,0,0
127692,0,0
-86208,0,0
-120863,0,0
-53634,0,0
-88941,0,0
104384,0,0
293335,0,0
259663,0,0
291604,0,0
87180,0,0
-153053,0,0
1581,0,0
162001,0,0
-178519,0,0
13010,0,0
94698,0,0
697,0,0
56442,0,0
300279,0,0
252766,0,0
306575,0,0
125151,0,0
-155084,0,0
85857,0,0
9333,0,0
12567,0,0
293464,0,0
237050,0,0
34423,0,0
78510,0,0
-130543,0,0
227148,0,0
340553,0,0
-3119,0,0
140965,0,0
233074,0,0
-48351,0,0
34658,0,0
32225,0,0
-55865,0,0
138516,0,0
-4827,0,0
23667,0,0
343968,0,0
-59947,0,0
-291515,0,0
-32811,0,0
-297647,0,0
-48001,0,0
-76607,0,0
-142975,0,0
101187,0,0
163624,0,0
-58964,0,0
-74009,0,0
-99913,0,0
-427211,0,0
-414895,0,0
-282389,0,0
-316586,0,0
162845,0,0
237828,0,0
463081,0,0
104839,0,0
-416006,0,0
-182719,0,0
-42628,0,0
-388084,0,0
-188681,0,0
298860,0,0
498948,0,0
348692,0,0
82407,0,0
-491661,0,0
-480775,0,0
-260706,0,0
82674,0,0
430392,0,0
392042,0,0
294972,0,0
338929,0,0
30530,0,0
-375610,0,0
-277589,0,0
-231727,0,0
-6106,0,0
384288,0,0
23155,0,0
-26026,0,0
-34760,0,0
14761,0,0
313867,0,0
214768,0,0
-143149,0,0
-4630,0,0
60722,0,0
-114598,0,0
15526,0,0
-66605,0,0
-76624,0,0
723,0,0
-73019,0,0
-188291,0,0
127925,0,0
114465,0,0
158241,0,0
287672,0,0
-95208,0,0
-297854,0,0
-194162,0,0
-389967,0,0
-131104,0,0
85114,0,0
-27713,0,0
125948,0,0
130258,0,0
-293179,0,0
78908,0,0
-6203,0,0
-270650,0,0
41953,0,0
-164977,0,0
-275929,0,0
-66751,0,0
-181763,0,0
42255,0,0
265916,0,0
18318,0,0
-62900,0,0
26972,0,0
-91417,0,0
-161575,0,0
-60102,0,0
-216982,0,0
249418,0,0
315524,0,0
-14407,0,0
53416,0,0
-145762,0,0
-130843,0,0
57798,0,0
19293,0,0
-90691,0,0
474838,0,0
339177,0,0
26379,0,0
95758,0,0
-163977,0,0
10804,0,0
124919,0,0
24064,0,0
209933,0,0
265052,0,0
-97398,0,0
40035,0,0
34370,0,0
-171293,0,0
-82923,0,0
162065,0,0
-75286,0,0
142946,0,0
149150,0,0
90302,0,0
-39903,0,0
48207,0,0
91641,0,0
-39076,0,0
-417569,0,0
-237076,0,0
-47825,0,0
67492,0,0
540377,0,0
508651,0,0
87651,0,0
21656,0,0
-5947,0,0
-181583,0,0
30466,0,0
-92265,0,0
21781,0,0
151952,0,0
-4115,0,0
-157177,0,0
292437,0,0
473592,0,0
179841,0,0
137104,0,0
-416424,0,0
-497939,0,0
-122289,0,0
-141875,0,0
-76852,0,0
-24856,0,0
-243380,0,0
130997,0,0
325451,0,0
-27643,0,0
-159405,0,0
-246503,0,0
-353641,0,0
-196406,0,0
-335357,0,0
-258580,0,0
-24297,0,0
-130081,0,0
-141266,0,0
127318,0,0
-287454,0,0
-296235,0,0
-108983,0,0
-346737,0,0
-109363,0,0
80710,0,0
-423339,0,0
-264060,0,0
-90470,0,0
-405655,0,0
-251712,0,0
-293136,0,0
-192097,0,0
-31875,0,0
-93861,0,0
-220220,0,0
21495,0,0
-278204,0,0
-421009,0,0
-44079,0,0
-135848,0,0
-117063,0,0
19559,0,0
-232763,0,0
-93691,0,0
157081,0,0
19525,0,0
39328,0,0
6392,0,0
-448508,0,0
-35089,0,0
59541,0,0
79573,0,0
203275,0,0
114050,0,0
68344,0,0
124788,0,0
-80357,0,0
-205813,0,0
17030,0,0
-139340,0,0
31660,0,0
89428,0,0
191702,0,0
196904,0,0
222879,0,0
-160366,0,0
-55470,0,0
-31969,0,0
-113006,0,0
253308,0,0
253405,0,0
93306,0,0
-89781,0,0
90345,0,0
-93857,0,0
84911,0,0
-91551,0,0
-232992,0,0
238314,0,0
11632,0,0
81921,0,0
229295,0,0
-19338,0,0
-196024,0,0
-217176,0,0
-137320,0,0
150164,0,0
193789,0,0
-177786,0,0
227314,0,0
29655,0,0
-189731,0,0
-145756,0,0
-40504,0,0
13280,0,0
243659,0,0
-103858,0,0
-320641,0,0
35288,0,0
-119018,0,0
-109414,0,0
41146,0,0
-126009,0,0
-103342,0,0
-62602,0,0
-434037,0,0
-262879,0,0
-257939,0,0
-230407,0,0
98928,0,0
-4052,0,0
-260650,0,0
-437693,0,0
-614880,0,0
-768663,0,0
-212513,0,0
-58482,0,0
44075,0,0
308901,0,0
-143244,0,0
-427166,0,0
-374021,0,0
-234533,0,0
-350994,0,0
834,0,0
-368720,0,0
-124974,0,0
113442,0,0
-321247,0,0
-74635,0,0
-42358,0,0
-60204,0,0
-180234,0,0
-21133,0,0
-54419,0,0
310865,0,0
162865,0,0
165854,0,0
-16669,0,0
-353246,0,0
-155418,0,0
51615,0,0
138881,0,0
151955,0,0
405369,0,0
154265,0,0
188439,0,0
264441,0,0
-184213,0,0
-27471,0,0
-31255,0,0
113235,0,0
65533,0,0
133562,0,0
-239724,0,0
137293,0,0
-66124,0,0
-76747,0,0
190761,0,0
-159379,0,0
-203405,0,0
50264,0,0
-209116,0,0
-183111,0,0
131927,0,0
-196142,0,0
-5166,0,0
230805,0,0
-173959,0,0
71037,0,0
44314,0,0
-311654,0,0
76518,0,0
84373,0,0
-73442,0,0
136352,0,0
-85039,0,0
-177056,0,0
127148,0,0
6900,0,0
115548,0,0
31793,0,0
-146933,0,0
-98944,0,0
12331,0,0
-99558,0,0
137927,0,0
151876,0,0
-227947,0,0
15172,0,0
73372,0,0
-144210,0,0
61853,0,0
-63146,0,0
-153007,0,0
152940,0,0
-36262,0,0
-215680,0,0
84084,0,0
-175170,0,0
-84678,0,0
59088,0,0
-95221,0,0
-173253,0,0
-78794,0,0
-329467,0,0
283646,0,0
433286,0,0
-347192,0,0
-195833,0,0
-118171,0,0
-104647,0,0
38285,0,0
8500,0,0
-103187,0,0
229446,0,0
-35069,0,0
-276549,0,0
74098,0,0
54238,0,0
211888,0,0
329075,0,0
271353,0,0
22550,0,0
162953,0,0
-134484,0,0
198314,0,0
260202,0,0
-132518,0,0
206205,0,0
229969,0,0
254120,0,0
236939,0,0
481445,0,0
206338,0,0
186340,0,0
-59529,0,0
-215106,0,0
202868,0,0
102499,0,0
159221,0,0
508599,0,0
484875,0,0
272701,0,0
222098,0,0
-254427,0,0
-103073,0,0
239753,0,0
111527,0,0
221523,0,0
250684,0,0
120991,0,0
189535,0,0
248051,0,0
-216498,0,0
19811,0,0
-35660,0,0
-93809,0,0
372625,0,0
340869,0,0
182275,0,0
-106289,0,0
-97291,0,0
112557,0,0
246146,0,0
-197607,0,0
-17776,0,0
306294,0,0
51939,0,0
118805,0,0
13526,0,0
201752,0,0
287181,0,0
190819,0,0
-34550,0,0
333752,0,0
296754,0,0
62911,0,0
323490,0,0
-134765,0,0
-15727,0,0
119619,0,0
458104,0,0
413509,0,0
243881,0,0
-28933,0,0
94429,0,0
258592,0,0
-71694,0,0
259768,0,0
79546,0,0
67534,0,0
257545,0,0
216741,0,0
-128205,0,0
396236,0,0
207743,0,0
-99710,0,0
219561,0,0
-177405,0,0
160811,0,0
80452,0,0
-85973,0,0
-51014,0,0
261786,0,0
-169931,0,0
-100386,0,0
168823,0,0
-89613,0,0
108329,0,0
10554,0,0
97776,0,0
109047,0,0
-147105,0,0
52497,0,0
184654,0,0
-216105,0,0
-408358,0,0
284252,0,0
130409,0,0
254036,0,0
253993,0,0
85688,0,0
-68980,0,0
125287,0,0
-182688,0,0
330349,0,0
561758,0,0
-76646,0,0
39497,0,0
-3104,0,0
212962,0,0
207464,0,0
185031,0,0
-141103,0,0
285488,0,0
225249,0,0
-120517,0,0
243667,0,0
96154,0,0
327598,0,0
210282,0,0
63140,0,0
-43936,0,0
177831,0,0
-272411,0,0
-65341,0,0
437427,0,0
98013,0,0
66715,0,0
-135958,0,0
-150259,0,0
-6436,0,0
-167783,0,0
-432080,0,0
184935,0,0
171547,0,0
-238405,0,0
-89210,0,0
-320248,0,0
-97421,0,0
-75563,0,0
-313392,0,0
-373849,0,0
-98571,0,0
-286133,0,0
-145094,0,0
-75426,0,0
-518911,0,0
-234671,0,0
-152223,0,0
-186515,0,0
-53470,0,0
-255133,0,0
-419626,0,0
-179945,0,0
-280686,0,0
-326538,0,0
-192094,0,0
-476091,0,0
-71598,0,0
-268839,0,0
-354283,0,0
-93238,0,0
159014,0,0
-309958,0,0
-273456,0,0
164495,0,0
-228011,0,0
-49853,0,0
-228485,0,0
-246419,0,0
53517,0,0
237747,0,0
-84834,0,0
124852,0,0
-60964,0,0
-151209,0,0
70871,0,0
46937,0,0
138748,0,0
108152,0,0
189767,0,0
-44673,0,0
-9535,0,0
-195444,0,0
12602,0,0
413128,0,0
72514,0,0
-44720,0,0
122691,0,0
201134,0,0
190289,0,0
219500,0,0
-17735,0,0
101834,0,0
73853,0,0
-20770,0,0
252948,0,0
-66919,0,0
70631,0,0
95178,0,0
135497,0,0
77887,0,0
217969,0,0
-206572,0,0
-116755,0,0
-83464,0,0
-362542,0,0
103872,0,0
107379,0,0
20277,0,0
45315,0,0
-69729,0,0
-236753,0,0
49747,0,0
-119865,0,0
-330609,0,0
-121944,0,0
-369154,0,0
-18999,0,0
219332,0,0
117575,0,0
-183075,0,0
-108704,0,0
-271788,0,0
-204406,0,0
-48694,0,0
-510191,0,0
-34735,0,0
-19189,0,0
-67923,0,0
-154562,0,0
-67421,0,0
-282205,0,0
114312,0,0
52773,0,0
-322586,0,0
-144292,0,0
-310053,0,0
-43985,0,0
-138561,0,0
-3706,0,0
10828,0,0
335385,0,0
-90304,0,0
175432,0,0
229568,0,0
-146786,0,0
122541,0,0
15760,0,0
190516,0,0
194123,0,0
257962,0,0
-8906,0,0
218621,0,0
-33164,0,0
-188198,0,0
244856,0,0
385951,0,0
508621,0,0
194446,0,0
122115,0,0
30613,0,0
354180,0,0
-64887,0,0
57773,0,0
277179,0,0
18443,0,0
174531,0,0
203776,0,0
227982,0,0
99482,0,0
336544,0,0
-91574,0,0
149966,0,0
141149,0,0
58220,0,0
216273,0,0
-174319,0,0
18013,0,0
164280,0,0
357276,0,0
45306,0,0
81558,0,0
-281142,0,0
28463,0,0
458343,0,0
-2705,0,0
29122,0,0
-78197,0,0
9660,0,0
61941,0,0
-9248,0,0
-178264,0,0
314971,0,0
-21042,0,0
-246819,0,0
24081,0,0
-337766,0,0
-219561,0,0
-66437,0,0
26755,0,0
-197800,0,0
30935,0,0
-414940,0,0
-267627,0,0
-373748,0,0
-365523,0,0
-12097,0,0
-132666,0,0
-207457,0,0
-202611,0,0
-71769,0,0
-476210,0,0
-133121,0,0
-126327,0,0
-369599,0,0
-133234,0,0
-230386,0,0
75105,0,0
134954,0,0
-169388,0,0
-197569,0,0
119482,0,0
-283667,0,0
-165828,0,0
-190361,0,0
-338480,0,0
347730,0,0
138400,0,0
-206772,0,0
-66726,0,0
-48319,0,0
-383712,0,0
-17332,0,0
-198060,0,0
-204575,0,0
470463,0,0
285819,0,0
264216,0,0
-75513,0,0
-246351,0,0
-259279,0,0
12057,0,0
-114918,0,0
141321,0,0
342624,0,0
133979,0,0
155568,0,0
-95363,0,0
-76776,0,0
62888,0,0
90433,0,0
-238378,0,0
110651,0,0
146177,0,0
-341023,0,0
-176229,0,0
-201524,0,0
-20415,0,0
-90300,0,0
58321,0,0
-139088,0,0
-136067,0,0
-582270,0,0
-224170,0,0
302357,0,0
-54510,0,0
128650,0,0
-45264,0,0
-83889,0,0
-137459,0,0
57066,0,0
-335740,0,0
94420,0,0
-101305,0,0
-216432,0,0
113389,0,0
-3595,0,0
37870,0,0
35759,0,0
119908,0,0
113452,0,0
13447,0,0
-330053,0,0
-239977,0,0
161905,0,0
-121472,0,0
-51842,0,0
-49346,0,0
-70579,0,0
175918,0,0
136382,0,0
-260109,0,0
75341,0,0
-82144,0,0
-301198,0,0
48372,0,0
-157683,0,0
108601,0,0
-3064,0,0
86187,0,0
-281719,0,0
-75504,0,0
-286906,0,0
-40862,0,0
238841,0,0
-214074,0,0
-174735,0,0
-278608,0,0
-261779,0,0
-181850,0,0
142013,0,0
-298747,0,0
-11942,0,0
-10274,0,0
-228152,0,0
204740,0,0
-198088,0,0
-222753,0,0
-275309,0,0
-133912,0,0
-162799,0,0
84164,0,0
-130144,0,0
-249001,0,0
-109366,0,0
-431034,0,0
-134639,0,0
-140033,0,0
-77950,0,0
-27629,0,0
-67434,0,0
-486358,0,0
-213935,0,0
-374743,0,0
-446284,0,0
79782,0,0
-208379,0,0
-165421,0,0
-116376,0,0
50035,0,0
-58859,0,0
-22025,0,0
-604284,0,0
-277415,0,0
17039,0,0
-451645,0,0
-143365,0,0
174265,0,0
152226,0,0
21213,0,0
203681,0,0
-189139,0,0
-106257,0,0
-151241,0,0
-184244,0,0
90087,0,0
-31510,0,0
-77209,0,0
-18538,0,0
91137,0,0
10314,0,0
348817,0,0
-202922,0,0
-204756,0,0
73751,0,0
18751,0,0
380380,0,0
420310,0,0
277049,0,0
200682,0,0
95278,0,0
-462528,0,0
63035,0,0
86610,0,0
143165,0,0
337314,0,0
206554,0,0
220553,0,0
154290,0,0
4054,0,0
76366,0,0
609568,0,0
141139,0,0
149838,0,0
288121,0,0
29599,0,0
85029,0,0
113220,0,0
40306,0,0
70170,0,0
162916,0,0
-106947,0,0
399656,0,0
486311,0,0
-15750,0,0
259446,0,0
247843,0,0
238429,0,0
185316,0,0
51822,0,0
-14989,0,0
501541,0,0
-32821,0,0
5396,0,0
150491,0,0
-96989,0,0
270509,0,0
354288,0,0
341294,0,0
273874,0,0
251916,0,0
-89670,0,0
246168,0,0
46190,0,0
-127705,0,0
414882,0,0
352014,0,0
288587,0,0
68508,0,0
172622,0,0
56360,0,0
167854,0,0
-116650,0,0
186702,0,0
223026,0,0
-244151,0,0
12295,0,0
77422,0,0
80493,0,0
224515,0,0
551876,0,0
26847,0,0
-72868,0,0
-156299,0,0
-256057,0,0
105771,0,0
-121430,0,0
71309,0,0
32490,0,0
177313,0,0
-74938,0,0
77299,0,0
-228333,0,0
-257786,0,0
146202,0,0
-129578,0,0
83885,0,0
185810,0,0
-183871,0,0
-310179,0,0
-88150,0,0
-241732,0,0
225729,0,0
96831,0,0
-194655,0,0
88714,0,0
-169752,0,0
60286,0,0
37457,0,0
129087,0,0
42016,0,0
346293,0,0
-62425,0,0
638,0,0
258817,0,0
104597,0,0
230181,0,0
183954,0,0
46911,0,0
-13255,0,0
193618,0,0
-131709,0,0
197445,0,0
141833,0,0
-279136,0,0
112548,0,0
-30739,0,0
-122469,0,0
-118686,0,0
182019,0,0
151650,0,0
212443,0,0
-90608,0,0
-137862,0,0
77144,0,0
-108165,0,0
-232232,0,0
-132160,0,0
-48676,0,0
21017,0,0
129984,0,0
-128085,0,0
70555,0,0
76845,0,0
-67331,0,0
7748,0,0
-256086,0,0
-265530,0,0
-38479,0,0
81449,0,0
-101986,0,0
238426,0,0
-37905,0,0
-221311,0,0
-35754,0,0
-329648,0,0
-141844,0,0
178555,0,0
15000,0,0
-2490,0,0
-20081,0,0
-357492,0,0
-227817,0,0
-108517,0,0
203102,0,0
663566,0,0
225265,0,0
-49464,0,0
-211278,0,0
-17097,0,0
-30168,0,0
222746,0,0
15365,0,0
210886,0,0
133585,0,0
-28746,0,0
14533,0,0
171515,0,0
157342,0,0
92988,0,0
274811,0,0
2974,0,0
71273,0,0
201655,0,0
119156,0,0
333624,0,0
76429,0,0
-172000,0,0
-236636,0,0
3374,0,0
-63522,0,0
229886,0,0
140226,0,0
183851,0,0
226486,0,0
14643,0,0
-44216,0,0
-131506,0,0
149463,0,0
-148587,0,0
32439,0,0
-252440,0,0
64636,0,0
-111848,0,0
-206064,0,0
77328,0,0
-39139,0,0
-46459,0,0
-187202,0,0
-168691,0,0
-389494,0,0
109958,0,0
-311349,0,0
-358261,0,0
-75368,0,0
-142829,0,0
126370,0,0
-234798,0,0
-384244,0,0
-315313,0,0
-179439,0,0
-263008,0,0
-141076,0,0
-118887,0,0
-56012,0,0
110546,0,0
-38469,0,0
158115,0,0
-131924,0,0
-75030,0,0
-394504,0,0
-302957,0,0
-219411,0,0
-131592,0,0
93686,0,0
221448,0,0
249760,0,0
187285,0,0
-117957,0,0
-247752,0,0
18382,0,0
-147046,0,0
142085,0,0
-110100,0,0
-187630,0,0
266617,0,0
171652,0,0
60958,0,0
-96155,0,0
2595,0,0
-212399,0,0
178762,0,0
84707,0,0
18942,0,0
-6359,0,0
-241341,0,0
49621,0,0
89213,0,0
-3499,0,0
-33515,0,0
68064,0,0
-223359,0,0
-70770,0,0
-68673,0,0
-227612,0,0
-82843,0,0
-238888,0,0
-98318,0,0
-188071,0,0
72286,0,0
-156063,0,0
83217,0,0
-165875,0,0
-236336,0,0
-79560,0,0
-277697,0,0
-308347,0,0
-253763,0,0
-8457,0,0
-109161,0,0
-934,0,0
-298122,0,0
-279253,0,0
-128408,0,0
-147915,0,0
-30477,0,0
-264006,0,0
-257356,0,0
-263982,0,0
-149955,0,0
-104307,0,0
162545,0,0
-112650,0,0
-393726,0,0
-315608,0,0
-366600,0,0
-318231,0,0
-18581,0,0
245248,0,0
-155367,0,0
98186,0,0
11843,0,0
-115078,0,0
-304605,0,0
-491941,0,0
-211006,0,0
-142331,0,0
62039,0,0
348581,0,0
585039,0,0
-107771,0,0
-6179,0,0
-327993,0,0
-250932,0,0
-38811,0,0
-186099,0,0
363593,0,0
523642,0,0
545358,0,0
277875,0,0
53545,0,0
-107829,0,0
-46835,0,0
154241,0,0
270683,0,0
558984,0,0
455841,0,0
234737,0,0
56301,0,0
359839,0,0
209427,0,0
264035,0,0
510752,0,0
498193,0,0
338346,0,0
-93856,0,0
94673,0,0
8418,0,0
99590,0,0
39351,0,0
359869,0,0
59419,0,0
10561,0,0
103858,0,0
-181377,0,0
-110786,0,0
-96187,0,0
162385,0,0
338633,0,0
29224,0,0
-351473,0,0
-312835,0,0
-433499,0,0
-138704,0,0
150713,0,0
-98154,0,0
145032,0,0
233940,0,0
-212211,0,0
-420394,0,0
-77065,0,0
-58347,0,0
15357,0,0
-32541,0,0
-122065,0,0
-30600,0,0
-129900,0,0
-168478,0,0
41482,0,0
248321,0,0
-136933,0,0
71864,0,0
-49329,0,0
-51483,0,0
51441,0,0
162220,0,0
146859,0,0
72234,0,0
-139991,0,0
-115627,0,0
91457,0,0
-182478,0,0
147471,0,0
166714,0,0
-28547,0,0
166803,0,0
-21337,0,0
-117246,0,0
-254170,0,0
220359,0,0
-43948,0,0
136199,0,0
-40442,0,0
32034,0,0
55482,0,0
-237792,0,0
-108086,0,0
-32821,0,0
85909,0,0
206899,0,0
589499,0,0
214839,0,0
78162,0,0
-89847,0,0
-389313,0,0
-58630,0,0
183472,0,0
196766,0,0
207790,0,0
195327,0,0
84538,0,0
329067,0,0
62621,0,0
113886,0,0
168682,0,0
-166630,0,0
-171023,0,0
28383,0,0
100897,0,0
158323,0,0
263037,0,0
-107125,0,0
30833,0,0
146286,0,0
-47631,0,0
-90337,0,0
-26313,0,0
-40946,0,0
-144176,0,0
-44718,0,0
-202819,0,0
-88010,0,0
-106726,0,0
-143807,0,0
-69930,0,0
-387804,0,0
-361732,0,0
-95598,0,0
-295970,0,0
-243982,0,0
255773,0,0
-28051,0,0
-259336,0,0
26272,0,0
-322029,0,0
-50152,0,0
-144908,0,0
1518,0,0
100858,0,0
-5919,0,0
-120633,0,0
123965,0,0
183779,0,0
103313,0,0
187149,0,0
-47628,0,0
-21557,0,0
226434,0,0
178665,0,0
129343,0,0
212446,0,0
-58128,0,0
-129999,0,0
212519,0,0
-32340,0,0
264879,0,0
414272,0,0
274803,0,0
-42531,0,0
-9623,0,0
-195836,0,0
168197,0,0
114092,0,0
518930,0,0
814939,0,0
462412,0,0
323921,0,0
170179,0,0
-41186,0,0
52207,0,0
828707,0,0
543825,0,0
418388,0,0
469992,0,0
159598,0,0
243402,0,0
414903,0,0
544726,0,0
665161,0,0
442733,0,0
183051,0,0
329622,0,0
343248,0,0
245735,0,0
224170,0,0
198341,0,0
164629,0,0
210008,0,0
235717,0,0
-145003,0,0
23777,0,0
-12578,0,0
85193,0,0
194718,0,0
-194050,0,0
-140593,0,0
-177466,0,0
-5525,0,0
-174044,0,0
29009,0,0
-343727,0,0
-117994,0,0
-229907,0,0
-415010,0,0
-208075,0,0
-181260,0,0
-384084,0,0
-74679,0,0
75344,0,0
142995,0,0
176277,0,0
-380105,0,0
-487586,0,0
-260189,0,0
-383922,0,0
-193715,0,0
-43915,0,0
-47378,0,0
-132125,0,0
54852,0,0
-298167,0,0
-164738,0,0
-24490,0,0
-86210,0,0
-98577,0,0
-170353,0,0
-99334,0,0
51539,0,0
-104283,0,0
-267018,0,0
-136563,0,0
-316504,0,0
73599,0,0
397310,0,0
-145805,0,0
-155212,0,0
-25031,0,0
-88507,0,0
24906,0,0
108754,0,0
15786,0,0
186620,0,0
32459,0,0
-302177,0,0
-92965,0,0
-28317,0,0
-34386,0,0
14250,0,0
-26742,0,0
14915,0,0
33030,0,0
-80988,0,0
-229447,0,0
87454,0,0
-115035,0,0
52295,0,0
301991,0,0
-33032,0,0
-96421,0,0
99420,0,0
-209462,0,0
-193345,0,0
-116187,0,0
-12883,0,0
359004,0,0
253830,0,0
-103203,0,0
-17588,0,0
36295,0,0
233266,0,0
5615,0,0
-122085,0,0
72112,0,0
225622,0,0
-27917,0,0
-41471,0,0
-79014,0,0
-161728,0,0
122792,0,0
324502,0,0
184373,0,0
136475,0,0
-102949,0,0
-292283,0,0
-89058,0,0
37862,0,0
26184,0,0
20453,0,0
-200699,0,0
-168518,0,0
359,0,0
-79137,0,0
70041,0,0
110068,0,0
-119945,0,0
-107690,0,0
-1128,0,0
-158657,0,0
-240961,0,0
44673,0,0
-82042,0,0
96585,0,0
24064,0,0
-38173,0,0
137517,0,0
-48814,0,0
-65103,0,0
-39400,0,0
9836,0,0
-189220,0,0
180959,0,0
-59322,0,0
-108226,0,0
17927,0,0
-223868,0,0
-85143,0,0
-92227,0,0
-160165,0,0
-179777,0,0
-57281,0,0
-314977,0,0
-74740,0,0
-225146,0,0
-462717,0,0
-164469,0,0
-130365,0,0
-215907,0,0
-51198,0,0
-9787,0,0
-223438,0,0
-116446,0,0
-164830,0,0
-228918,0,0
2465,0,0
-153601,0,0
-187268,0,0
48043,0,0
-72007,0,0
-182894,0,0
97771,0,0
66844,0,0
283981,0,0
142323,0,0
-116729,0,0
172065,0,0
138139,0,0
323115,0,0
433076,0,0
177922,0,0
35268,0,0
220182,0,0
169368,0,0
134821,0,0
395784,0,0
342151,0,0
280320,0,0
463285,0,0
185330,0,0
128189,0,0
354191,0,0
351662,0,0
362686,0,0
321125,0,0
188113,0,0
405778,0,0
97059,0,0
-44542,0,0
262128,0,0
278281,0,0
-28439,0,0
-83091,0,0
-19633,0,0
180337,0,0
569294,0,0
303557,0,0
265229,0,0
93043,0,0
-255235,0,0
-265100,0,0
-101918,0,0
-260488,0,0
-59156,0,0
126528,0,0
112009,0,0
18058,0,0
-143263,0,0
-240788,0,0
33217,0,0
-81578,0,0
-221613,0,0
-38044,0,0
-311446,0,0
-367777,0,0
144093,0,0
264614,0,0
194396,0,0
74958,0,0
-225981,0,0
-263609,0,0
-103081,0,0
-194994,0,0
24602,0,0
215319,0,0
24146,0,0
152572,0,0
165409,0,0
4403,0,0
147998,0,0
95579,0,0
-140144,0,0
56131,0,0
-51569,0,0
-87560,0,0
43265,0,0
-115064,0,0
-163783,0,0
154302,0,0
-36802,0,0
-38275,0,0
37460,0,0
-191334,0,0
-333023,0,0
-82207,0,0
79332,0,0
297377,0,0
111392,0,0
-257365,0,0
-191373,0,0
-285414,0,0
-207701,0,0
-48529,0,0
-246245,0,0
-213067,0,0
105327,0,0
17954,0,0
117545,0,0
42673,0,0
-359813,0,0
-364753,0,0
-217131,0,0
-265550,0,0
-111184,0,0
86856,0,0
-121950,0,0
180272,0,0
-48704,0,0
-470749,0,0
-36142,0,0
2122,0,0
-328491,0,0
-132133,0,0
-246827,0,0
-358369,0,0
96042,0,0
30185,0,0
-9136,0,0
-36574,0,0
-343494,0,0
-67841,0,0
22997,0,0
-106193,0,0
-166955,0,0
-210352,0,0
-353307,0,0
-115965,0,0
-57997,0,0
14773,0,0
-58588,0,0
19599,0,0
-21925,0,0
70494,0,0
-291156,0,0
-247483,0,0
-9408,0,0
-10515,0,0
-57959,0,0
186315,0,0
-79645,0,0
-171424,0,0
-73016,0,0
-99114,0,0
-33580,0,0
88765,0,0
-16769,0,0
199244,0,0
305489,0,0
-43664,0,0
59799,0,0
-206206,0,0
-100839,0,0
172031,0,0
131857,0,0
222374,0,0
449766,0,0
17030,0,0
2682,0,0
219544,0,0
23566,0,0
61884,0,0
246883,0,0
262770,0,0
291936,0,0
582395,0,0
53595,0,0
13360,0,0
225442,0,0
209897,0,0
294419,0,0
189119,0,0
-41207,0,0
164330,0,0
147807,0,0
26782,0,0
156594,0,0
136483,0,0
524529,0,0
456922,0,0
-184608,0,0
-325631,0,0
-113628,0,0
-127235,0,0
66493,0,0
124037,0,0
-142225,0,0
-133258,0,0
-202397,0,0
-400456,0,0
-105373,0,0
-102178,0,0
-178198,0,0
192543,0,0
-26278,0,0
-394220,0,0
-476839,0,0
-578164,0,0
-414389,0,0
-149298,0,0
-299318,0,0
-324335,0,0
-163735,0,0
-201546,0,0
157509,0,0
118115,0,0
-119381,0,0
-108819,0,0
-395343,0,0
-512080,0,0
-420362,0,0
-260550,0,0
-89880,0,0
178751,0,0
214922,0,0
329139,0,0
462489,0,0
-70125,0,0
-352239,0,0
-154103,0,0
-206685,0,0
74186,0,0
236086,0,0
-15929,0,0
112461,0,0
175929,0,0
-19192,0,0
128405,0,0
319703,0,0
117785,0,0
187803,0,0
9250,0,0
-162343,0,0
49102,0,0
119698,0,0
229579,0,0
286718,0,0
199293,0,0
152081,0,0
167739,0,0
-89789,0,0
-39704,0,0
321350,0,0
281347,0,0
157140,0,0
300125,0,0
-100686,0,0
24233,0,0
234698,0,0
59833,0,0
399346,0,0
328504,0,0
46889,0,0
55487,0,0
-97406,0,0
-55023,0,0
298503,0,0
75193,0,0
-28624,0,0
323479,0,0
38605,0,0
81211,0,0
32763,0,0
-171056,0,0
-198186,0,0
-65907,0,0
-161693,0,0
301913,0,0
260664,0,0
-53668,0,0
-197093,0,0
-290229,0,0
-210014,0,0
-171995,0,0
-159529,0,0
-389748,0,0
-139925,0,0
-186812,0,0
-340683,0,0
14801,0,0
-205655,0,0
-381013,0,0
-447054,0,0
-497559,0,0
-207740,0,0
-26876,0,0
-431806,0,0
-302615,0,0
-300921,0,0
-455915,0,0
-296757,0,0
-219576,0,0
-334115,0,0
-250665,0,0
-245812,0,0
-481317,0,0
-191780,0,0
-169723,0,0
-44971,0,0
384080,0,0
-136063,0,0
-412972,0,0
-439149,0,0
-450541,0,0
-385487,0,0
-171548,0,0
-250885,0,0
91109,0,0
-4239,0,0
-234865,0,0
130026,0,0
-127739,0,0
-527299,0,0
-428768,0,0
-154548,0,0
-284103,0,0
223722,0,0
108637,0,0
-393004,0,0
-159012,0,0
-405873,0,0
-227714,0,0
81530,0,0
71241,0,0
-16270,0,0
216387,0,0
-73139,0,0
244064,0,0
-50249,0,0
-445737,0,0
214755,0,0
424727,0,0
334144,0,0
-23177,0,0
1134,0,0
180542,0,0
426764,0,0
16692,0,0
-71629,0,0
421263,0,0
235753,0,0
326906,0,0
346985,0,0
111937,0,0
139848,0,0
258367,0,0
-48361,0,0
200404,0,0
286817,0,0
-99478,0,0
-90178,0,0
84276,0,0
401653,0,0
794754,0,0
197797,0,0
-314082,0,0
-9533,0,0
-164098,0,0
-252897,0,0
302810,0,0
124137,0,0
132021,0,0
132278,0,0
75194,0,0
-63371,0,0
219631,0,0
137940,0,0
420519,0,0
-21115,0,0
-334116,0,0
88961,0,0
168420,0,0
63301,0,0
278570,0,0
87765,0,0
-172562,0,0
35699,0,0
51429,0,0
160243,0,0
280346,0,0
39231,0,0
7105,0,0
30582,0,0
-168513,0,0
-191074,0,0
192712,0,0
-148963,0,0
-120843,0,0
87306,0,0
-258931,0,0
-65455,0,0
-142677,0,0
-45942,0,0
-62785,0,0
-123990,0,0
-305754,0,0
-57218,0,0
-165171,0,0
-141506,0,0
63888,0,0
-347920,0,0
-224730,0,0
-245888,0,0
-157181,0,0
37014,0,0
445352,0,0
-93884,0,0
-158447,0,0
8561,0,0
-313003,0,0
-141220,0,0
-199100,0,0
-266119,0,0
119352,0,0
579214,0,0
331967,0,0
519494,0,0
-223670,0,0
-327744,0,0
138665,0,0
-199754,0,0
39575,0,0
264198,0,0
267880,0,0
307217,0,0
344850,0,0
-12774,0,0
227964,0,0
224827,0,0
-59283,0,0
302134,0,0
215807,0,0
69734,0,0
131383,0,0
56108,0,0
-76591,0,0
259300,0,0
133513,0,0
199,0,0
308082,0,0
41888,0,0
-39979,0,0
-68186,0,0
124449,0,0
218340,0,0
468556,0,0
-110757,0,0
-2857,0,0
214403,0,0
29776,0,0
406695,0,0
368028,0,0
108896,0,0
38822,0,0
98781,0,0
61426,0,0
504070,0,0
309248,0,0
154179,0,0
207063,0,0
42531,0,0
228087,0,0
376921,0,0
271314,0,0
-114411,0,0
-39094,0,0
-118512,0,0
300502,0,0
459107,0,0
-122871,0,0
-27573,0,0
-9917,0,0
-27325,0,0
28339,0,0
-107947,0,0
-234110,0,0
44273,0,0
-7753,0,0
63697,0,0
364032,0,0
-34881,0,0
-163755,0,0
-164917,0,0
-132820,0,0
-41965,0,0
69904,0,0
-178540,0,0
-52287,0,0
228414,0,0
-115068,0,0
330876,0,0
301204,0,0
-84029,0,0
-176675,0,0
30587,0,0
-201651,0,0
348524,0,0
80815,0,0
-14583,0,0
232952,0,0
58392,0,0
7602,0,0
213447,0,0
160602,0,0
-42668,0,0
59479,0,0
-162043,0,0
165068,0,0
247603,0,0
84842,0,0
259471,0,0
250497,0,0
25976,0,0
308429,0,0
245393,0,0
-119105,0,0
177945,0,0
166986,0,0
-90341,0,0
160276,0,0
121562,0,0
110506,0,0
121207,0,0
172070,0,0
273876,0,0
371299,0,0
-43291,0,0
313085,0,0
170707,0,0
-190048,0,0
11010,0,0
26963,0,0
48228,0,0
149267,0,0
50732,0,0
-98026,0,0
295329,0,0
110259,0,0
-176696,0,0
84735,0,0
-111265,0,0
-134362,0,0
-59655,0,0
72588,0,0
-165495,0,0
71122,0,0
-244168,0,0
-52383,0,0
-68294,0,0
-339053,0,0
-162211,0,0
-253896,0,0
-280873,0,0
-197428,0,0
-139309,0,0
-525271,0,0
-366563,0,0
-308845,0,0
-221676,0,0
167274,0,0
-269005,0,0
-146687,0,0
-706101,0,0
-759456,0,0
-578558,0,0
-7845,0,0
-148909,0,0
257085,0,0
162289,0,0
-504710,0,0
-255329,0,0
-181430,0,0
-212851,0,0
-130620,0,0
-67321,0,0
-232773,0,0
127916,0,0
-47794,0,0
-192004,0,0
119351,0,0
-26059,0,0
138388,0,0
127185,0,0
70323,0,0
-174412,0,0
127672,0,0
-165270,0,0
-32230,0,0
212090,0,0
107095,0,0
233197,0,0
109172,0,0
-135592,0,0
58999,0,0
185168,0,0
72096,0,0
373230,0,0
126062,0,0
-110117,0,0
326496,0,0
190560,0,0
266997,0,0
127131,0,0
101671,0,0
169444,0,0
348747,0,0
-46071,0,0
121433,0,0
314351,0,0
-22050,0,0
75703,0,0
188966,0,0
121300,0,0
141838,0,0
209488,0,0
-147826,0,0
302557,0,0
249315,0,0
-31017,0,0
187139,0,0
-151856,0,0
-109434,0,0
29570,0,0
32619,0,0
24311,0,0
367189,0,0
-28804,0,0
-60826,0,0
155534,0,0
-192572,0,0
-12214,0,0
-61032,0,0
-87606,0,0
137228,0,0
34274,0,0
-366201,0,0
23689,0,0
6134,0,0
-193801,0,0
-13713,0,0
-108700,0,0
-62997,0,0
-267551,0,0
-125477,0,0
-177356,0,0
462,0,0
-498115,0,0
39755,0,0
319986,0,0
-268825,0,0
8896,0,0
-171741,0,0
-173015,0,0
-304458,0,0
-153504,0,0
-328022,0,0
-224070,0,0
-462934,0,0
-318202,0,0
280491,0,0
-47332,0,0
24080,0,0
-204076,0,0
-28177,0,0
-227984,0,0
7613,0,0
-538999,0,0
-399838,0,0
-91359,0,0
-282613,0,0
44417,0,0
53076,0,0
11435,0,0
-1542,0,0
23481,0,0
-211825,0,0
200465,0,0
72862,0,0
-134264,0,0
12178,0,0
-145106,0,0
58213,0,0
93758,0,0
81596,0,0
-151979,0,0
276032,0,0
-103936,0,0
86249,0,0
176064,0,0
-408549,0,0
-4499,0,0
146470,0,0
375315,0,0
372520,0,0
165948,0,0
-174191,0,0
105184,0,0
-52530,0,0
77915,0,0
535555,0,0
-24882,0,0
-4357,0,0
-31663,0,0
21317,0,0
103362,0,0
642150,0,0
356294,0,0
226665,0,0
255291,0,0
17120,0,0
124446,0,0
-110567,0,0
-33523,0,0
165983,0,0
353556,0,0
137725,0,0
365185,0,0
53858,0,0
-361276,0,0
25172,0,0
-79204,0,0
-69570,0,0
89689,0,0
169567,0,0
56204,0,0
-6363,0,0
-212516,0,0
-272295,0,0
-81847,0,0
-362900,0,0
-120057,0,0
-223563,0,0
-237534,0,0
-152299,0,0
-115694,0,0
-326825,0,0
4811,0,0
-50272,0,0
-259597,0,0
-62841,0,0
-279179,0,0
4227,0,0
2843,0,0
-235290,0,0
-328604,0,0
32665,0,0
-380157,0,0
-256744,0,0
-188773,0,0
-382884,0,0
72030,0,0
35143,0,0
-84307,0,0
170845,0,0
161731,0,0
-546828,0,0
-237592,0,0
-265279,0,0
-463818,0,0
-65042,0,0
-338796,0,0
-21248,0,0
-6181,0,0
175538,0,0
260968,0,0
262459,0,0
-437914,0,0
-220643,0,0
128131,0,0
-185826,0,0
116891,0,0
-613,0,0
-5509,0,0
28822,0,0
39807,0,0
-96340,0,0
504529,0,0
243828,0,0
-143598,0,0
-64424,0,0
-470911,0,0
-241073,0,0
136481,0,0
564158,0,0
315132,0,0
333480,0,0
-64355,0,0
51748,0,0
-49436,0,0
-329161,0,0
125963,0,0
298586,0,0
60324,0,0
97589,0,0
358686,0,0
55678,0,0
467945,0,0
286086,0,0
-90905,0,0
159770,0,0
-42392,0,0
121627,0,0
13417,0,0
245803,0,0
100667,0,0
334111,0,0
-21453,0,0
15423,0,0
255882,0,0
-264211,0,0
57776,0,0
199124,0,0
399035,0,0
72082,0,0
86337,0,0
-212805,0,0
133077,0,0
-74965,0,0
24438,0,0
242905,0,0
-6551,0,0
99666,0,0
123018,0,0
199005,0,0
167134,0,0
462174,0,0
31102,0,0
29469,0,0
42852,0,0
-54558,0,0
164026,0,0
259139,0,0
60198,0,0
-11958,0,0
76142,0,0
-112996,0,0
200337,0,0
174202,0,0
-88505,0,0
250786,0,0
-174604,0,0
-139429,0,0
-238645,0,0
-127617,0,0
92875,0,0
421817,0,0
-181350,0,0
9288,0,0
114332,0,0
-220296,0,0
-31982,0,0
-50184,0,0
100332,0,0
113909,0,0
161184,0,0
-16641,0,0
196464,0,0
105179,0,0
-31300,0,0
163111,0,0
-16879,0,0
88260,0,0
14579,0,0
-37300,0,0
-251371,0,0
87437,0,0
-144438,0,0
446725,0,0
472254,0,0
-85951,0,0
-117357,0,0
-360111,0,0
-148807,0,0
-119785,0,0
40024,0,0
-321467,0,0
11781,0,0
144801,0,0
133398,0,0
48657,0,0
-410284,0,0
-302550,0,0
-417733,0,0
34533,0,0
-34358,0,0
229121,0,0
-173381,0,0
-186852,0,0
14103,0,0
-415930,0,0
113504,0,0
314901,0,0
-32465,0,0
-96532,0,0
2556,0,0
-116039,0,0
227075,0,0
211387,0,0
102065,0,0
229218,0,0
23815,0,0
63559,0,0
69671,0,0
475611,0,0
584803,0,0
603828,0,0
65625,0,0
-48428,0,0
147211,0,0
-63492,0,0
258372,0,0
160262,0,0
122228,0,0
326625,0,0
578477,0,0
197726,0,0
249307,0,0
124426,0,0
78621,0,0
235127,0,0
37401,0,0
276350,0,0
217282,0,0
287628,0,0
-32795,0,0
24103,0,0
-113069,0,0
6468,0,0
345535,0,0
-60812,0,0
200842,0,0
299857,0,0
-34953,0,0
-27204,0,0
403532,0,0
12910,0,0
64882,0,0
-133550,0,0
-83823,0,0
71152,0,0
-39217,0,0
42914,0,0
13891,0,0
216477,0,0
-33615,0,0
-20515,0,0
-327350,0,0
24385,0,0
126232,0,0
-193034,0,0
-24468,0,0
28363,0,0
-4816,0,0
-74221,0,0
-88740,0,0
-329809,0,0
-163720,0,0
-308601,0,0
-230087,0,0
310063,0,0
-71091,0,0
-62002,0,0
-263347,0,0
-256590,0,0
-341022,0,0
-31251,0,0
-458379,0,0
-242979,0,0
94288,0,0
-185964,0,0
268272,0,0
219228,0,0
-121709,0,0
-440763,0,0
-268540,0,0
-480286,0,0
-7679,0,0
156525,0,0
113152,0,0
287643,0,0
-180994,0,0
-204583,0,0
-88925,0,0
19919,0,0
10027,0,0
-16545,0,0
-145556,0,0
143126,0,0
271591,0,0
-134621,0,0
-22455,0,0
-53494,0,0
112500,0,0
2978,0,0
99500,0,0
-152679,0,0
111017,0,0
145789,0,0
38338,0,0
363343,0,0
167798,0,0
-9745,0,0
-50869,0,0
166324,0,0
82248,0,0
266200,0,0
82056,0,0
128546,0,0
306688,0,0
-17793,0,0
41485,0,0
248184,0,0
318246,0,0
119131,0,0
184045,0,0
-114543,0,0
12898,0,0
120158,0,0
28919,0,0
322758,0,0
21060,0,0
248777,0,0
142531,0,0
309118,0,0
45055,0,0
246473,0,0
-82349,0,0
-206572,0,0
227835,0,0
8706,0,0
72852,0,0
27092,0,0
56649,0,0
-47525,0,0
151219,0,0
-106966,0,0
-15677,0,0
-126298,0,0
-202930,0,0
215568,0,0
-20873,0,0
-316543,0,0
-104726,0,0
292883,0,0
-8843,0,0
126077,0,0
-419776,0,0
-397129,0,0
-64339,0,0
-40960,0,0
183223,0,0
111173,0,0
-17533,0,0
-125762,0,0
-158559,0,0
-119492,0,0
182585,0,0
41780,0,0
-341085,0,0
-46351,0,0
-222362,0,0
134164,0,0
-108928,0,0
-8599,0,0
-257743,0,0
-25119,0,0
-234578,0,0
-237742,0,0
-99626,0,0
-256323,0,0
-28365,0,0
256433,0,0
215289,0,0
-216792,0,0
-306974,0,0
-376419,0,0
5158,0,0
-54386,0,0
-171157,0,0
41317,0,0
90755,0,0
37372,0,0
-46529,0,0
84243,0,0
-27951,0,0
141459,0,0
-95443,0,0
36292,0,0
286680,0,0
-275292,0,0
-9403,0,0
-8474,0,0
-36699,0,0
-100387,0,0
228863,0,0
-53986,0,0
61373,0,0
-198857,0,0
-179947,0,0
35629,0,0
-235823,0,0
-310468,0,0
-101604,0,0
-8999,0,0
-200263,0,0
1272,0,0
-263097,0,0
-242426,0,0
-86179,0,0
-174964,0,0
-251379,0,0
-164241,0,0
-256123,0,0
-199200,0,0
-76488,0,0
-236808,0,0
-94552,0,0
-170029,0,0
-280199,0,0
-42838,0,0
-62801,0,0
8863,0,0
2362,0,0
-116621,0,0
-405382,0,0
-97748,0,0
-126605,0,0
58055,0,0
286413,0,0
-178445,0,0
-77794,0,0
40905,0,0
91329,0,0
-138757,0,0
-89585,0,0
-268835,0,0
-115604,0,0
-85507,0,0
27405,0,0
94195,0,0
-229310,0,0
-246682,0,0
-247672,0,0
-190974,0,0
-53267,0,0
213625,0,0
-249895,0,0
-406319,0,0
-301860,0,0
-479525,0,0
-317904,0,0
125566,0,0
147044,0,0
-66833,0,0
-201155,0,0
-427915,0,0
-76441,0,0
37826,0,0
-166604,0,0
5147,0,0
-275567,0,0
-199978,0,0
41132,0,0
335399,0,0
22594,0,0
-2382,0,0
-269434,0,0
-239732,0,0
-79213,0,0
-352702,0,0
-40688,0,0
242808,0,0
38494,0,0
-227546,0,0
98517,0,0
-213129,0,0
1912,0,0
-142589,0,0
-302877,0,0
19230,0,0
432791,0,0
280837,0,0
-352619,0,0
-170121,0,0
-185907,0,0
14203,0,0
-229541,0,0
-147248,0,0
318301,0,0
217605,0,0
287028,0,0
275327,0,0
-126418,0,0
-144727,0,0
130166,0,0
-50229,0,0
-58521,0,0
-44790,0,0
-144473,0,0
308685,0,0
293287,0,0
-459,0,0
-154050,0,0
94143,0,0
-1984,0,0
213027,0,0
-153346,0,0
-225380,0,0
-147580,0,0
-79540,0,0
220675,0,0
320232,0,0
-74000,0,0
-107648,0,0
15051,0,0
-383051,0,0
-35818,0,0
-25109,0,0
-283678,0,0
-29504,0,0
51906,0,0
39322,0,0
-249065,0,0
7840,0,0
-103568,0,0
238253,0,0
35019,0,0
-177876,0,0
9240,0,0
-147635,0,0
20891,0,0
140782,0,0
-32680,0,0
-116044,0,0
-93384,0,0
-268076,0,0
1902,0,0
-741,0,0
-234768,0,0
-40332,0,0
-144079,0,0
-83286,0,0
-153468,0,0
-49125,0,0
-409688,0,0
-21028,0,0
-319002,0,0
-286505,0,0
-200183,0,0
-419919,0,0
-406896,0,0
-242539,0,0
6930,0,0
-300697,0,0
-228546,0,0
-564046,0,0
-367804,0,0
-316123,0,0
-278952,0,0
28683,0,0
-29829,0,0
-271984,0,0
-264673,0,0
-266938,0,0
-444302,0,0
-151011,0,0
-201852,0,0
-26731,0,0
76375,0,0
-36041,0,0
156039,0,0
142714,0,0
-113538,0,0
-134469,0,0
158596,0,0
79893,0,0
304965,0,0
487355,0,0
207837,0,0
180056,0,0
246110,0,0
325032,0,0
386137,0,0
350691,0,0
266534,0,0
400655,0,0
337148,0,0
320077,0,0
537491,0,0
271640,0,0
129310,0,0
251359,0,0
300156,0,0
151178,0,0
161245,0,0
-70230,0,0
185437,0,0
333221,0,0
41725,0,0
255449,0,0
278959,0,0
74300,0,0
-15333,0,0
-18000,0,0
-408140,0,0
-24243,0,0
-10187,0,0
40851,0,0
282026,0,0
17574,0,0
-199761,0,0
-127714,0,0
-211808,0,0
-93257,0,0
-3364,0,0
-187321,0,0
-210650,0,0
-257890,0,0
-154787,0,0
-133756,0,0
-119144,0,0
-240535,0,0
-374235,0,0
-318506,0,0
-204157,0,0
-188889,0,0
-511167,0,0
-361200,0,0
-30978,0,0
-147750,0,0
-153044,0,0
27494,0,0
-8151,0,0
-257911,0,0
-202301,0,0
-198400,0,0
-148822,0,0
-108319,0,0
-449788,0,0
-98474,0,0
8139,0,0
68472,0,0
-103554,0,0
294959,0,0
215618,0,0
-1658,0,0
69420,0,0
-9644,0,0
119825,0,0
-79082,0,0
-58888,0,0
115371,0,0
61205,0,0
138886,0,0
316202,0,0
283256,0,0
322684,0,0
242932,0,0
24583,0,0
197452,0,0
264470,0,0
-33601,0,0
-5060,0,0
154039,0,0
-74731,0,0
144158,0,0
354414,0,0
103785,0,0
164920,0,0
-103741,0,0
-22656,0,0
2721,0,0
50244,0,0
-56956,0,0
266742,0,0
-81240,0,0
-18558,0,0
260983,0,0
167632,0,0
154988,0,0
46988,0,0
-24333,0,0
157144,0,0
289274,0,0
-92908,0,0
-5137,0,0
61199,0,0
207824,0,0
417568,0,0
380872,0,0
246173,0,0
130914,0,0
93421,0,0
-9404,0,0
191475,0,0
-62295,0,0
159870,0,0
355148,0,0
86905,0,0
203999,0,0
109529,0,0
-83174,0,0
-149100,0,0
34686,0,0
49343,0,0
102745,0,0
192985,0,0
63956,0,0
-33919,0,0
-246080,0,0
-418421,0,0
-238823,0,0
-60980,0,0
-102398,0,0
276982,0,0
-202538,0,0
-206909,0,0
-136724,0,0
-242493,0,0
-56048,0,0
32844,0,0
13052,0,0
-223971,0,0
-237985,0,0
-263584,0,0
-87517,0,0
38516,0,0
-920,0,0
166956,0,0
9753,0,0
-256154,0,0
-246667,0,0
-106147,0,0
-283278,0,0
65566,0,0
-203101,0,0
-69305,0,0
102025,0,0
-108016,0,0
-201842,0,0
-207303,0,0
-396307,0,0
-432968,0,0
-158127,0,0
-226599,0,0
-59794,0,0
41961,0,0
48228,0,0
-22805,0,0
-182580,0,0
-60417,0,0
-64393,0,0
-272980,0,0
-214145,0,0
387153,0,0
265836,0,0
207089,0,0
129968,0,0
54630,0,0
221856,0,0
348791,0,0
277159,0,0
396814,0,0
463329,0,0
248568,0,0
447578,0,0
407251,0,0
352508,0,0
568407,0,0
349542,0,0
156936,0,0
419229,0,0
447763,0,0
445788,0,0
537358,0,0
509252,0,0
365099,0,0
308470,0,0
-71561,0,0
-67823,0,0
485969,0,0
506351,0,0
389094,0,0
341796,0,0
54834,0,0
190581,0,0
245158,0,0
-105860,0,0
238955,0,0
30788,0,0
-226846,0,0
-45740,0,0
40117,0,0
-30424,0,0
176104,0,0
-14878,0,0
24367,0,0
59488,0,0
-332228,0,0
-398521,0,0
-135854,0,0
-177803,0,0
-322247,0,0
-218378,0,0
-320047,0,0
-214472,0,0
-332525,0,0
-448805,0,0
-135473,0,0
-196104,0,0
-590547,0,0
-518443,0,0
-454298,0,0
-340103,0,0
-96310,0,0
-283985,0,0
-360032,0,0
-322969,0,0
-532689,0,0
-274286,0,0
-145384,0,0
-324183,0,0
-405784,0,0
-202062,0,0
-338503,0,0
-333366,0,0
-193218,0,0
-94989,0,0
222015,0,0
296140,0,0
-70818,0,0
-237645,0,0
-339045,0,0
-216708,0,0
9271,0,0
-78588,0,0
-44367,0,0
200407,0,0
434452,0,0
451241,0,0
205055,0,0
-82486,0,0
-101712,0,0
132790,0,0
139019,0,0
278814,0,0
253899,0,0
165967,0,0
400447,0,0
249785,0,0
290773,0,0
482055,0,0
302303,0,0
235659,0,0
241189,0,0
160707,0,0
39913,0,0
246635,0,0
289837,0,0
389461,0,0
424070,0,0
274307,0,0
44080,0,0
231379,0,0
99937,0,0
226643,0,0
540590,0,0
202969,0,0
159262,0,0
140898,0,0
7907,0,0
96327,0,0
138223,0,0
42568,0,0
324761,0,0
150137,0,0
2702,0,0
215767,0,0
122480,0,0
61430,0,0
-27853,0,0
-218773,0,0
-90725,0,0
43050,0,0
-201433,0,0
5185,0,0
70448,0,0
-230121,0,0
-158000,0,0
-298883,0,0
-635923,0,0
-299865,0,0
-396237,0,0
-395553,0,0
181692,0,0
132698,0,0
-188306,0,0
-328893,0,0
-713660,0,0
-312656,0,0
17112,0,0
-109864,0,0
-148978,0,0
-212902,0,0
-341842,0,0
-220608,0,0
-221158,0,0
-161293,0,0
43877,0,0
90350,0,0
-150691,0,0
-151999,0,0
-173517,0,0
-391387,0,0
-86164,0,0
169345,0,0
256523,0,0
-61052,0,0
-521130,0,0
-341198,0,0
-141761,0,0
-133997,0,0
-212165,0,0
-40681,0,0
148302,0,0
248513,0,0
-86399,0,0
-280500,0,0
37174,0,0
-66433,0,0
-106293,0,0
264391,0,0
166725,0,0
-51834,0,0
-30494,0,0
23377,0,0
-79434,0,0
272124,0,0
20908,0,0
84222,0,0
239690,0,0
-144006,0,0
-46013,0,0
174246,0,0
92774,0,0
259146,0,0
109635,0,0
-176045,0,0
-173507,0,0
47282,0,0
-68013,0,0
93937,0,0
40770,0,0
184836,0,0
211692,0,0
203938,0,0
-59291,0,0
-804,0,0
-307972,0,0
-154657,0,0
179193,0,0
-19308,0,0
-19160,0,0
73590,0,0
100172,0,0
296521,0,0
337608,0,0
178689,0,0
155374,0,0
32683,0,0
-483769,0,0
-70644,0,0
-63433,0,0
150039,0,0
285205,0,0
157265,0,0
61152,0,0
149655,0,0
-58684,0,0
8304,0,0
-25810,0,0
-53447,0,0
-54240,0,0
60168,0,0
-118238,0,0
-169957,0,0
-84499,0,0
-191176,0,0
30481,0,0
198689,0,0
-118195,0,0
-231186,0,0
-225056,0,0
-133183,0,0
28224,0,0
-38448,0,0
-265239,0,0
-60469,0,0
-321821,0,0
-317676,0,0
30262,0,0
-102947,0,0
-78857,0,0
-40353,0,0
-313978,0,0
-103868,0,0
-93410,0,0
-104434,0,0
-85172,0,0
-172476,0,0
-272411,0,0
108177,0,0
-10422,0,0
-216180,0,0
-52626,0,0
-116264,0,0
-175311,0,0
-160921,0,0
-403791,0,0
-210925,0,0
227123,0,0
46215,0,0
38636,0,0
218524,0,0
-22,0,0
-31901,0,0
-9369,0,0
-277128,0,0
42357,0,0
41984,0,0
-120319,0,0
281030,0,0
289997,0,0
10399,0,0
-13593,0,0
124756,0,0
94049,0,0
447701,0,0
164898,0,0
-82363,0,0
160990,0,0
-124593,0,0
-27716,0,0
231571,0,0
37205,0,0
117033,0,0
281687,0,0
-91423,0,0
-9884,0,0
300271,0,0
-92314,0,0
183402,0,0
84930,0,0
-105421,0,0
-165994,0,0
-67141,0,0
88084,0,0
234945,0,0
137667,0,0
-12512,0,0
107491,0,0
-290748,0,0
-209817,0,0
-66317,0,0
15825,0,0
167730,0,0
304795,0,0
-127648,0,0
-156865,0,0
-66663,0,0
-199445,0,0
-49942,0,0
-40466,0,0
-61165,0,0
50899,0,0
-71845,0,0
-160655,0,0
37735,0,0
-110275,0,0
-41233,0,0
-2018,0,0
-139086,0,0
-88126,0,0
-176778,0,0
-293093,0,0
-135581,0,0
23933,0,0
-181496,0,0
92455,0,0
-162384,0,0
-393534,0,0
-137062,0,0
-238564,0,0
-257520,0,0
134288,0,0
44789,0,0
-311919,0,0
-114903,0,0
-106505,0,0
-151814,0,0
-4521,0,0
-238284,0,0
-39230,0,0
82436,0,0
-49054,0,0
11860,0,0
11858,0,0
2322,0,0
191359,0,0
222744,0,0
-152929,0,0
19426,0,0
147767,0,0
-32067,0,0
151155,0,0
92676,0,0
15505,0,0
305223,0,0
222554,0,0
94317,0,0
68201,0,0
-204860,0,0
63155,0,0
203064,0,0
-69058,0,0
-32251,0,0
219360,0,0
-41273,0,0
36984,0,0
89416,0,0
23791,0,0
278071,0,0
491741,0,0
215227,0,0
-48280,0,0
-178575,0,0
-262819,0,0
101058,0,0
141040,0,0
304281,0,0
564547,0,0
249506,0,0
118441,0,0
154767,0,0
16575,0,0
260630,0,0
466400,0,0
129322,0,0
286343,0,0
222370,0,0
-153683,0,0
110765,0,0
57864,0,0
-27791,0,0
186951,0,0
326588,0,0
59042,0,0
207685,0,0
-40907,0,0
-130106,0,0
138798,0,0
-104975,0,0
-63972,0,0
-2643,0,0
154993,0,0
34026,0,0
-61661,0,0
-426257,0,0
30749,0,0
325861,0,0
-74961,0,0
88655,0,0
-117560,0,0
-26008,0,0
67499,0,0
-52075,0,0
-197714,0,0
218682,0,0
234456,0,0
-78721,0,0
159590,0,0
-102094,0,0
-119016,0,0
-7979,0,0
-43647,0,0
-114419,0,0
69583,0,0
-11799,0,0
103657,0,0
131878,0,0
-339596,0,0
108698,0,0
-4736,0,0
-18504,0,0
133856,0,0
18048,0,0
-306590,0,0
-295673,0,0
-287030,0,0
-104536,0,0
501751,0,0
177066,0,0
-22779,0,0
26947,0,0
-133785,0,0
-206058,0,0
-58973,0,0
-326981,0,0
-16837,0,0
164634,0,0
-151999,0,0
142675,0,0
77249,0,0
-46733,0,0
6018,0,0
-136646,0,0
-357698,0,0
79762,0,0
143414,0,0
162440,0,0
258042,0,0
208761,0,0
60474,0,0
28836,0,0
-24781,0,0
131588,0,0
336905,0,0
112506,0,0
307092,0,0
344792,0,0
92595,0,0
338395,0,0
186245,0,0
8098,0,0
285159,0,0
441225,0,0
264184,0,0
312431,0,0
127797,0,0
-97936,0,0
173782,0,0
69034,0,0
215256,0,0
285411,0,0
423845,0,0
277622,0,0
212675,0,0
-181036,0,0
-58122,0,0
64137,0,0
-156919,0,0
163812,0,0
271539,0,0
539191,0,0
473343,0,0
51203,0,0
-228387,0,0
202305,0,0
-67336,0,0
-358427,0,0
9317,0,0
-36389,0,0
159851,0,0
89534,0,0
283569,0,0
230768,0,0
220096,0,0
-415148,0,0
-72618,0,0
222658,0,0
191360,0,0
190483,0,0
-73481,0,0
-223213,0,0
-54099,0,0
71498,0,0
-255684,0,0
68605,0,0
133532,0,0
286142,0,0
645630,0,0
17323,0,0
-304812,0,0
-325960,0,0
-373782,0,0
-320051,0,0
30377,0,0
-216529,0,0
16920,0,0
337825,0,0
-6083,0,0
-177362,0,0
-403123,0,0
-490688,0,0
-262573,0,0
-124252,0,0
-292214,0,0
12179,0,0
-238175,0,0
-524098,0,0
-160197,0,0
-239079,0,0
4526,0,0
139229,0,0
-100768,0,0
-75029,0,0
-143686,0,0
-607901,0,0
-172230,0,0
48323,0,0
-57343,0,0
245297,0,0
136994,0,0
43327,0,0
67950,0,0
41979,0,0
-241302,0,0
94689,0,0
-21703,0,0
-469,0,0
250077,0,0
-73090,0,0
14397,0,0
5899,0,0
12278,0,0
-141715,0,0
273278,0,0
-125329,0,0
-78255,0,0
65165,0,0
-342928,0,0
4404,0,0
-90712,0,0
-187373,0,0
3216,0,0
-98625,0,0
-358578,0,0
-781,0,0
25990,0,0
-109992,0,0
42321,0,0
-151805,0,0
-189423,0,0
13722,0,0
197178,0,0
-102232,0,0
130605,0,0
-128741,0,0
-61949,0,0
115691,0,0
-23459,0,0
399747,0,0
99632,0,0
32103,0,0
139481,0,0
101894,0,0
-167094,0,0
41346,0,0
-3977,0,0
59274,0,0
133351,0,0
-180753,0,0
141423,0,0
252100,0,0
145611,0,0
-331256,0,0
-169320,0,0
-257520,0,0
223412,0,0
238193,0,0
-317645,0,0
30982,0,0
50568,0,0
-149610,0,0
-161926,0,0
-134445,0,0
-532463,0,0
-66191,0,0
158208,0,0
-170032,0,0
-74720,0,0
-218174,0,0
-211198,0,0
-249305,0,0
-268464,0,0
-402946,0,0
-360039,0,0
-443016,0,0
-329817,0,0
-234484,0,0
-499002,0,0
-74234,0,0
-63894,0,0
-420846,0,0
-353977,0,0
-349387,0,0
-514608,0,0
-172015,0,0
-248797,0,0
-526655,0,0
-306677,0,0
-258309,0,0
-113716,0,0
-22711,0,0
-99109,0,0
-218078,0,0
-116982,0,0
-361594,0,0
-269849,0,0
42181,0,0
-267688,0,0
19312,0,0
-92555,0,0
27048,0,0
40539,0,0
-10916,0,0
-163941,0,0
239190,0,0
39161,0,0
-231965,0,0
59390,0,0
-165529,0,0
88912,0,0
242842,0,0
134609,0,0
129606,0,0
458841,0,0
132936,0,0
229226,0,0
91263,0,0
-130971,0,0
128775,0,0
122426,0,0
229716,0,0
347574,0,0
464644,0,0
223734,0,0
501929,0,0
151431,0,0
-117026,0,0
131109,0,0
47158,0,0
315599,0,0
367402,0,0
466013,0,0
312467,0,0
505961,0,0
-16947,0,0
-27014,0,0
151386,0,0
164383,0,0
368207,0,0
413876,0,0
347069,0,0
393146,0,0
400207,0,0
-45918,0,0
253991,0,0
94557,0,0
-21977,0,0
280554,0,0
86155,0,0
185330,0,0
165708,0,0
105139,0,0
66472,0,0
162560,0,0
-128607,0,0
81677,0,0
226675,0,0
-183438,0,0
-113779,0,0
-40955,0,0
-57627,0,0
123972,0,0
108559,0,0
-302546,0,0
68623,0,0
41905,0,0
-51958,0,0
331529,0,0
3681,0,0
-133283,0,0
-173626,0,0
92780,0,0
-139664,0,0
-10384,0,0
-134251,0,0
102568,0,0
216458,0,0
-246042,0,0
-34718,0,0
110095,0,0
66853,0,0
97770,0,0
90113,0,0
-223290,0,0
68137,0,0
60242,0,0
-45899,0,0
52935,0,0
-225908,0,0
-806,0,0
52007,0,0
97349,0,0
38208,0,0
72559,0,0
-64575,0,0
-17078,0,0
232351,0,0
44066,0,0
137336,0,0
-97962,0,0
-11159,0,0
218297,0,0
159992,0,0
-261758,0,0
84120,0,0
105167,0,0
-159791,0,0
319731,0,0
5802,0,0
139912,0,0
230080,0,0
120554,0,0
-132491,0,0
239561,0,0
8420,0,0
27465,0,0
-5789,0,0
-505202,0,0
-277522,0,0
-43699,0,0
344555,0,0
383543,0,0
241571,0,0
-130184,0,0
10384,0,0
-23444,0,0
-79586,0,0
216138,0,0
-248296,0,0
-219643,0,0
-113527,0,0
105368,0,0
177677,0,0
458758,0,0
62280,0,0
62333,0,0
-59557,0,0
-275653,0,0
-32207,0,0
-51862,0,0
-69415,0,0
-110886,0,0
-76860,0,0
-506073,0,0
1010,0,0
-93120,0,0
-250090,0,0
-76104,0,0
-107823,0,0
31574,0,0
-244305,0,0
-287503,0,0
-113324,0,0
183793,0,0
-208508,0,0
-214605,0,0
122887,0,0
-376046,0,0
-91368,0,0
-126251,0,0
-29454,0,0
17737,0,0
205752,0,0
-120957,0,0
120726,0,0
-135564,0,0
-329972,0,0
-23483,0,0
-116147,0,0
245718,0,0
207827,0,0
132937,0,0
-234217,0,0
-41686,0,0
-424186,0,0
-71102,0,0
66332,0,0
-244856,0,0
-159048,0,0
184376,0,0
248990,0,0
280615,0,0
141489,0,0
-252706,0,0
56622,0,0
-255871,0,0
-369470,0,0
82856,0,0
-245971,0,0
-66426,0,0
196501,0,0
272890,0,0
210546,0,0
167257,0,0
-212337,0,0
-70098,0,0
154838,0,0
-83697,0,0
94077,0,0
172315,0,0
158808,0,0
91455,0,0
213505,0,0
-51329,0,0
201327,0,0
47670,0,0
-144571,0,0
267237,0,0
7438,0,0
155368,0,0
233415,0,0
113509,0,0
-21115,0,0
166445,0,0
-193057,0,0
-63903,0,0
87109,0,0
-283337,0,0
84468,0,0
14608,0,0
345374,0,0
451579,0,0
156419,0,0
-326509,0,0
-223983,0,0
-115545,0,0
-66896,0,0
223983,0,0
-196790,0,0
-20858,0,0
274756,0,0
49592,0,0
216773,0,0
410772,0,0
-81122,0,0
-277470,0,0
-147307,0,0
-160238,0,0
80776,0,0
71053,0,0
-4030,0,0
170163,0,0
381222,0,0
-92226,0,0
221455,0,0
-25214,0,0
-207844,0,0
175023,0,0
-76311,0,0
21021,0,0
-26419,0,0
14804,0,0
260688,0,0
564889,0,0
86004,0,0
145908,0,0
142039,0,0
102389,0,0
278810,0,0
79244,0,0
-182277,0,0
36767,0,0
78519,0,0
-146470,0,0
505975,0,0
613739,0,0
282017,0,0
544727,0,0
50760,0,0
89620,0,0
160599,0,0
152658,0,0
237155,0,0
505102,0,0
23115,0,0
278360,0,0
485713,0,0
235095,0,0
423666,0,0
324672,0,0
158015,0,0
131643,0,0
292415,0,0
-56067,0,0
341695,0,0
158922,0,0
151982,0,0
610929,0,0
113694,0,0
-88809,0,0
-261699,0,0
-228811,0,0
-251470,0,0
366766,0,0
42452,0,0
79655,0,0
250746,0,0
-17731,0,0
-137585,0,0
194280,0,0
286876,0,0
222851,0,0
121084,0,0
-361691,0,0
-92784,0,0
-132252,0,0
114391,0,0
563790,0,0
525394,0,0
353294,0,0
211361,0,0
64207,0,0
-98630,0,0
203886,0,0
-60066,0,0
220132,0,0
477038,0,0
85538,0,0
126488,0,0
99809,0,0
-14269,0,0
2753,0,0
126368,0,0
-150945,0,0
61518,0,0
129528,0,0
-157764,0,0
64585,0,0
275798,0,0
436827,0,0
-20220,0,0
-317429,0,0
-278387,0,0
118429,0,0
-132480,0,0
6057,0,0
164756,0,0
-94725,0,0
-82452,0,0
31451,0,0
47302,0,0
-17782,0,0
66234,0,0
-435931,0,0
-192489,0,0
-212888,0,0
-152666,0,0
247629,0,0
-206185,0,0
-356870,0,0
-225550,0,0
-360091,0,0
-190140,0,0
249510,0,0
-212865,0,0
-194187,0,0
-9962,0,0
-220148,0,0
-25132,0,0
-237403,0,0
-142527,0,0
26710,0,0
397269,0,0
-43980,0,0
123083,0,0
-72571,0,0
-188261,0,0
285109,0,0
-48036,0,0
6577,0,0
-49614,0,0
4828,0,0
-124048,0,0
225741,0,0
-36328,0,0
73474,0,0
65904,0,0
-240431,0,0
52750,0,0
111765,0,0
105966,0,0
-102127,0,0
61521,0,0
-269238,0,0
73617,0,0
92095,0,0
-191846,0,0
284745,0,0
250889,0,0
54096,0,0
-106497,0,0
51331,0,0
-116604,0,0
321246,0,0
14165,0,0
209617,0,0
433520,0,0
15497,0,0
78873,0,0
-6083,0,0
191769,0,0
252393,0,0
250030,0,0
-169189,0,0
48427,0,0
5037,0,0
116200,0,0
540514,0,0
324120,0,0
202494,0,0
180461,0,0
24924,0,0
-51896,0,0
450839,0,0
75095,0,0
133790,0,0
212802,0,0
21948,0,0
170183,0,0
147148,0,0
180928,0,0
29713,0,0
270830,0,0
-174115,0,0
-43836,0,0
-11276,0,0
-48118,0,0
275867,0,0
-185356,0,0
-166065,0,0
-166911,0,0
-208254,0,0
-298769,0,0
127971,0,0
200604,0,0
93517,0,0
-33372,0,0
-475653,0,0
-317912,0,0
-154430,0,0
-103019,0,0
-327618,0,0
58066,0,0
-119209,0,0
-198955,0,0
-128674,0,0
-288499,0,0
-89694,0,0
-156595,0,0
-40310,0,0
-196116,0,0
-6075,0,0
-136042,0,0
-70263,0,0
-359022,0,0
-414742,0,0
2736,0,0
-250733,0,0
-66171,0,0
52238,0,0
-28430,0,0
-257804,0,0
-12333,0,0
-253174,0,0
258399,0,0
124203,0,0
-117811,0,0
120165,0,0
-153525,0,0
-328116,0,0
-263690,0,0
-15406,0,0
-110182,0,0
243654,0,0
291846,0,0
28151,0,0
42247,0,0
-292161,0,0
-228164,0,0
-144697,0,0
-74006,0,0
104137,0,0
186521,0,0
-190580,0,0
51822,0,0
-34556,0,0
-14326,0,0
83616,0,0
-207135,0,0
9291,0,0
6757,0,0
145804,0,0
-120165,0,0
87676,0,0
-220217,0,0
-37091,0,0
245560,0,0
85754,0,0
311129,0,0
105194,0,0
186925,0,0
159164,0,0
-41081,0,0
-294228,0,0
19587,0,0
42683,0,0
61206,0,0
480171,0,0
279688,0,0
257197,0,0
91856,0,0
42504,0,0
-172703,0,0
281691,0,0
381720,0,0
310824,0,0
227852,0,0
-27666,0,0
19410,0,0
57110,0,0
141165,0,0
242875,0,0
322254,0,0
-101968,0,0
39772,0,0
258821,0,0
-64618,0,0
73505,0,0
-107355,0,0
25270,0,0
-229089,0,0
-218232,0,0
-299826,0,0
248726,0,0
131763,0,0
-107700,0,0
-209311,0,0
-510608,0,0
-280954,0,0
-263604,0,0
-406716,0,0
-324831,0,0
-92113,0,0
-370346,0,0
-275790,0,0
-61600,0,0
-207534,0,0
-48193,0,0
-276210,0,0
-511383,0,0
-369580,0,0
-199607,0,0
-410652,0,0
-279791,0,0
-368575,0,0
-184787,0,0
107674,0,0
-110664,0,0
-196247,0,0
-322270,0,0
-236810,0,0
-350184,0,0
-64498,0,0
-168722,0,0
-51066,0,0
-174369,0,0
-505519,0,0
-35184,0,0
-162001,0,0
-185321,0,0
-393050,0,0
-133210,0,0
-314672,0,0
-150371,0,0
-463095,0,0
-322908,0,0
314638,0,0
-143301,0,0
-510322,0,0
-386908,0,0
-329071,0,0
-291472,0,0
-15306,0,0
-59919,0,0
12266,0,0
-207881,0,0
-293903,0,0
-115397,0,0
8645,0,0
199171,0,0
120557,0,0
-63809,0,0
-267153,0,0
118017,0,0
-65297,0,0
184895,0,0
467714,0,0
62779,0,0
27096,0,0
88863,0,0
202746,0,0
210230,0,0
396487,0,0
43642,0,0
160654,0,0
159069,0,0
-91247,0,0
203256,0,0
377288,0,0
229229,0,0
91725,0,0
392990,0,0
96793,0,0
294675,0,0
86593,0,0
209078,0,0
473153,0,0
-167147,0,0
-55813,0,0
268327,0,0
214125,0,0
63981,0,0
259481,0,0
100328,0,0
412111,0,0
172579,0,0
-127453,0,0
38613,0,0
17325,0,0
199386,0,0
214827,0,0
52787,0,0
-36186,0,0
87575,0,0
-54173,0,0
-208804,0,0
-137836,0,0
49772,0,0
179857,0,0
25778,0,0
-125831,0,0
-123750,0,0
-203442,0,0
-283393,0,0
109793,0,0
-17708,0,0
-190195,0,0
49854,0,0
-187780,0,0
-116222,0,0
-96908,0,0
-202144,0,0
-495646,0,0
-51703,0,0
-182283,0,0
-23844,0,0
301962,0,0
-250891,0,0
-359431,0,0
-84401,0,0
-322351,0,0
-356325,0,0
23905,0,0
-115660,0,0
49011,0,0
47473,0,0
-179199,0,0
-155679,0,0
-202959,0,0
-198995,0,0
-208878,0,0
-30583,0,0
-199418,0,0
255906,0,0
168427,0,0
-151915,0,0
-112400,0,0
-92686,0,0
-85398,0,0
-7345,0,0
44384,0,0
132466,0,0
146892,0,0
-149655,0,0
-80751,0,0
-36352,0,0
-27942,0,0
260118,0,0
276188,0,0
148098,0,0
-54265,0,0
215594,0,0
88791,0,0
169937,0,0
79676,0,0
-213970,0,0
124222,0,0
191721,0,0
324160,0,0
492181,0,0
441288,0,0
169925,0,0
3919,0,0
-159811,0,0
118028,0,0
413924,0,0
248924,0,0
428824,0,0
572307,0,0
310066,0,0
-38306,0,0
71527,0,0
76871,0,0
396585,0,0
371345,0,0
358299,0,0
552703,0,0
380603,0,0
91631,0,0
-56113,0,0
-2306,0,0
-6789,0,0
298530,0,0
323523,0,0
219283,0,0
203728,0,0
-11223,0,0
84251,0,0
-4357,0,0
-179170,0,0
-166228,0,0
8037,0,0
-350021,0,0
41166,0,0
69028,0,0
42999,0,0
-80389,0,0
-375469,0,0
-553654,0,0
-413787,0,0
-147314,0,0
-13355,0,0
161481,0,0
-463432,0,0
-316897,0,0
-227263,0,0
-235206,0,0
-295486,0,0
-203118,0,0
-231812,0,0
-11599,0,0
354274,0,0
16172,0,0
2830,0,0
-206939,0,0
-365186,0,0
181612,0,0
-23602,0,0
-61650,0,0
181008,0,0
213595,0,0
214810,0,0
236875,0,0
81748,0,0
36482,0,0
27441,0,0
-12012,0,0
178393,0,0
91269,0,0
52321,0,0
-99789,0,0
23694,0,0
-110525,0,0
48423,0,0
-151146,0,0
-184046,0,0
-47803,0,0
-259505,0,0
-259452,0,0
-55612,0,0
-161054,0,0
-322568,0,0
-234392,0,0
-451259,0,0
-517141,0,0
-133950,0,0
-155032,0,0
-253261,0,0
-540963,0,0
-416442,0,0
-463538,0,0
-235905,0,0
-304751,0,0
-104369,0,0
-212902,0,0
-289106,0,0
-206406,0,0
-287187,0,0
-238791,0,0
-154587,0,0
-265563,0,0
-163904,0,0
211936,0,0
7169,0,0
-33953,0,0
-169238,0,0
-73789,0,0
173415,0,0
126981,0,0
263869,0,0
192670,0,0
217499,0,0
65096,0,0
299813,0,0
357353,0,0
229469,0,0
420141,0,0
143985,0,0
116346,0,0
383119,0,0
545235,0,0
327175,0,0
348279,0,0
174850,0,0
347171,0,0
397940,0,0
136992,0,0
172547,0,0
138457,0,0
104099,0,0
222141,0,0
338558,0,0
114679,0,0
335764,0,0
208161,0,0
-9913,0,0
183257,0,0
-129975,0,0
-232252,0,0
96584,0,0
108750,0,0
-10492,0,0
155597,0,0
182092,0,0
-247363,0,0
-53725,0,0
-139616,0,0
90753,0,0
12214,0,0
-167123,0,0
-21123,0,0
-140329,0,0
-338139,0,0
-47020,0,0
-32415,0,0
-159003,0,0
-176138,0,0
-284340,0,0
-199333,0,0
56217,0,0
-75860,0,0
-337077,0,0
-136596,0,0
-153000,0,0
-266888,0,0
-164757,0,0
-269468,0,0
-234812,0,0
-213301,0,0
-222605,0,0
-199197,0,0
-199660,0,0
-34142,0,0
216024,0,0
-107106,0,0
-258373,0,0
-114391,0,0
-337590,0,0
-455302,0,0
-4090,0,0
210568,0,0
328286,0,0
149995,0,0
-40363,0,0
-244535,0,0
-25273,0,0
-268300,0,0
-94670,0,0
95781,0,0
-18101,0,0
94608,0,0
332567,0,0
37722,0,0
84151,0,0
205492,0,0
-161532,0,0
-145829,0,0
-52574,0,0
-62437,0,0
171949,0,0
235135,0,0
125622,0,0
295191,0,0
-41449,0,0
-16378,0,0
-16698,0,0
76898,0,0
268771,0,0
281685,0,0
235871,0,0
190314,0,0
218876,0,0
-79906,0,0
8773,0,0
262713,0,0
209113,0,0
328452,0,0
369976,0,0
158332,0,0
149060,0,0
229136,0,0
276169,0,0
319591,0,0
54839,0,0
280316,0,0
210844,0,0
-39445,0,0
-61980,0,0
295130,0,0
212019,0,0
-42924,0,0
293779,0,0
474809,0,0
751535,0,0
206216,0,0
-350771,0,0
-297690,0,0
-20723,0,0
30097,0,0
324943,0,0
177938,0,0
115948,0,0
214226,0,0
-116655,0,0
-16284,0,0
321183,0,0
-35115,0,0
-144220,0,0
52606,0,0
-27521,0,0
-199248,0,0
-173714,0,0
-153474,0,0
-72570,0,0
-235554,0,0
-126223,0,0
235629,0,0
157587,0,0
-37281,0,0
118970,0,0
-56514,0,0
-191502,0,0
39498,0,0
-22602,0,0
-187245,0,0
148660,0,0
29290,0,0
111467,0,0
297047,0,0
280621,0,0
139888,0,0
70328,0,0
5393,0,0
-69727,0,0
220027,0,0
88954,0,0
183238,0,0
27122,0,0
-54968,0,0
159874,0,0
24376,0,0
-15643,0,0
54451,0,0
-115883,0,0
-238897,0,0
-10873,0,0
-66498,0,0
-213641,0,0
-213003,0,0
-219614,0,0
-52762,0,0
134257,0,0
-149086,0,0
-185032,0,0
-28584,0,0
-313340,0,0
-118446,0,0
91071,0,0
-86411,0,0
73762,0,0
98310,0,0
-85068,0,0
268569,0,0
130181,0,0
63105,0,0
370529,0,0
351970,0,0
172789,0,0
356095,0,0
376837,0,0
514065,0,0
309454,0,0
72566,0,0
309840,0,0
479905,0,0
275699,0,0
384059,0,0
245040,0,0
14162,0,0
220609,0,0
170210,0,0
458855,0,0
512260,0,0
341879,0,0
305976,0,0
165003,0,0
-69042,0,0
-33530,0,0
301064,0,0
64596,0,0
96670,0,0
113200,0,0
27948,0,0
35504,0,0
77741,0,0
-81419,0,0
250791,0,0
277212,0,0
-129436,0,0
127304,0,0
-79652,0,0
-374984,0,0
-144887,0,0
-424460,0,0
-308847,0,0
190998,0,0
-113035,0,0
-177231,0,0
-91647,0,0
-359171,0,0
-318110,0,0
-408072,0,0
-406623,0,0
-105029,0,0
42800,0,0
-301144,0,0
-380559,0,0
-479063,0,0
-493912,0,0
-153288,0,0
51557,0,0
-331177,0,0
-307041,0,0
-340581,0,0
-355821,0,0
-102685,0,0
-211644,0,0
-233004,0,0
12166,0,0
-205279,0,0
-226006,0,0
-170108,0,0
-139733,0,0
-58358,0,0
-5010,0,0
-276636,0,0
50961,0,0
-75584,0,0
-220673,0,0
-6657,0,0
57362,0,0
-91346,0,0
-33009,0,0
-229910,0,0
-289211,0,0
-124788,0,0
-213658,0,0
-378764,0,0
-146317,0,0
-160588,0,0
-168763,0,0
-188605,0,0
-275303,0,0
-327926,0,0
-137518,0,0
-565449,0,0
-595177,0,0
-497264,0,0
-503580,0,0
-286661,0,0
-157510,0,0
-263571,0,0
-224964,0,0
-354781,0,0
-351696,0,0
-205534,0,0
-496371,0,0
-386648,0,0
-129609,0,0
-269039,0,0
-183135,0,0
56555,0,0
160379,0,0
369603,0,0
99229,0,0
-36511,0,0
262117,0,0
172740,0,0
-34905,0,0
187674,0,0
253047,0,0
254173,0,0
361777,0,0
280504,0,0
186986,0,0
593441,0,0
401582,0,0
244849,0,0
360292,0,0
117981,0,0
31145,0,0
188570,0,0
123463,0,0
48677,0,0
99758,0,0
81856,0,0
182299,0,0
156837,0,0
-38444,0,0
413162,0,0
378710,0,0
14853,0,0
-91624,0,0
-30720,0,0
-69829,0,0
259075,0,0
59222,0,0
-189781,0,0
126643,0,0
-48548,0,0
53811,0,0
95377,0,0
19230,0,0
146126,0,0
240720,0,0
-134719,0,0
-164962,0,0
-202435,0,0
-474476,0,0
-280045,0,0
-173530,0,0
-297225,0,0
-79076,0,0
-199113,0,0
-472092,0,0
-240969,0,0
-302515,0,0
-432919,0,0
-166869,0,0
-402504,0,0
-254134,0,0
-269949,0,0
-474532,0,0
-337377,0,0
-176267,0,0
-500007,0,0
-316018,0,0
-244753,0,0
-278435,0,0
-224294,0,0
-480981,0,0
-314322,0,0
-176114,0,0
-449797,0,0
-599122,0,0
-100119,0,0
-128902,0,0
-515408,0,0
-596973,0,0
-569189,0,0
-424067,0,0
-76098,0,0
95971,0,0
-140239,0,0
-204906,0,0
-742872,0,0
-483619,0,0
-205136,0,0
-130605,0,0
-14520,0,0
-88482,0,0
-56682,0,0
247651,0,0
338221,0,0
122814,0,0
496560,0,0
-23540,0,0
-287745,0,0
185868,0,0
356109,0,0
324817,0,0
501958,0,0
575539,0,0
648857,0,0
713186,0,0
101368,0,0
323830,0,0
392577,0,0
181720,0,0
334090,0,0
615969,0,0
782318,0,0
986743,0,0
866224,0,0
340059,0,0
349982,0,0
22485,0,0
20103,0,0
357047,0,0
159689,0,0
468742,0,0
739738,0,0
516310,0,0
187760,0,0
55434,0,0
-44825,0,0
186453,0,0
233334,0,0
-199115,0,0
43273,0,0
-38322,0,0
-234094,0,0
25605,0,0
159055,0,0
-201498,0,0
2183,0,0
-225553,0,0
-304568,0,0
61325,0,0
-96857,0,0
-157940,0,0
-65693,0,0
-173179,0,0
-180308,0,0
-86224,0,0
-376846,0,0
-213903,0,0
-89141,0,0
-169917,0,0
44567,0,0
-44098,0,0
-250659,0,0
-85613,0,0
-114654,0,0
-30910,0,0
-2118,0,0
-439355,0,0
-443887,0,0
-78856,0,0
-252869,0,0
56027,0,0
185086,0,0
-60680,0,0
-337652,0,0
-246230,0,0
-448727,0,0
-149210,0,0
153056,0,0
-156272,0,0
-51942,0,0
-106623,0,0
-169919,0,0
-97359,0,0
-72650,0,0
-439753,0,0
-165040,0,0
16140,0,0
-193567,0,0
-39889,0,0
-205255,0,0
-177079,0,0
-62204,0,0
-233982,0,0
-168228,0,0
-184583,0,0
-358269,0,0
67667,0,0
90107,0,0
-398533,0,0
-313977,0,0
-184907,0,0
-288728,0,0
-7661,0,0
71901,0,0
-237657,0,0
-38222,0,0
-31420,0,0
-144423,0,0
212431,0,0
117704,0,0
28750,0,0
-76906,0,0
-27885,0,0
214255,0,0
327529,0,0
49280,0,0
87302,0,0
472183,0,0
584100,0,0
587207,0,0
333450,0,0
118857,0,0
205215,0,0
348501,0,0
369490,0,0
696279,0,0
370990,0,0
131356,0,0
585090,0,0
424677,0,0
437846,0,0
504146,0,0
443110,0,0
343429,0,0
420334,0,0
177836,0,0
317996,0,0
259488,0,0
25637,0,0
282121,0,0
281654,0,0
375408,0,0
643729,0,0
361939,0,0
92489,0,0
291832,0,0
77359,0,0
-119916,0,0
279719,0,0
64223,0,0
291952,0,0
280305,0,0
221783,0,0
176679,0,0
312067,0,0
46864,0,0
187798,0,0
172995,0,0
-77059,0,0
-57726,0,0
-57415,0,0
159590,0,0
40135,0,0
-127499,0,0
-123032,0,0
256947,0,0
1076,0,0
-251885,0,0
42875,0,0
-263029,0,0
31947,0,0
80463,0,0
-80433,0,0
-4768,0,0
44727,0,0
-199527,0,0
-139638,0,0
106783,0,0
-222650,0,0
-65591,0,0
31221,0,0
-47708,0,0
-70117,0,0
94653,0,0
-177969,0,0
93766,0,0
-154713,0,0
-270166,0,0
147138,0,0
93949,0,0
-170247,0,0
-227039,0,0
8563,0,0
112478,0,0
245172,0,0
-259429,0,0
-137473,0,0
176952,0,0
-41121,0,0
392841,0,0
308854,0,0
84649,0,0
-82939,0,0
-51319,0,0
-90617,0,0
396500,0,0
250538,0,0
77968,0,0
430840,0,0
168728,0,0
171058,0,0
58368,0,0
194199,0,0
353681,0,0
678229,0,0
144473,0,0
206984,0,0
401888,0,0
67332,0,0
570205,0,0
-17684,0,0
-57477,0,0
492663,0,0
670392,0,0
271799,0,0
254624,0,0
142260,0,0
-277650,0,0
147576,0,0
-30286,0,0
18247,0,0
94746,0,0
139349,0,0
70933,0,0
49439,0,0
-437588,0,0
-262544,0,0
-98366,0,0
-398758,0,0
-128985,0,0
-335238,0,0
-352402,0,0
-158604,0,0
-206500,0,0
-557817,0,0
-277797,0,0
-316894,0,0
-357887,0,0
-214047,0,0
-515213,0,0
-386670,0,0
-449686,0,0
-420387,0,0
-364552,0,0
-67565,0,0
-255849,0,0
-158338,0,0
-65377,0,0
-502086,0,0
-366472,0,0
-209714,0,0
-168512,0,0
112791,0,0
107993,0,0
-190306,0,0
70182,0,0
16176,0,0
-279554,0,0
84275,0,0
-23167,0,0
45879,0,0
85379,0,0
127923,0,0
74219,0,0
65123,0,0
-287918,0,0
-243535,0,0
-60773,0,0
-255280,0,0
71483,0,0
103963,0,0
168945,0,0
-20119,0,0
-164061,0,0
-608437,0,0
-245755,0,0
-92053,0,0
-239755,0,0
37379,0,0
-258022,0,0
-159302,0,0
-60891,0,0
-124363,0,0
-282872,0,0
151992,0,0
-275554,0,0
-228327,0,0
-104616,0,0
-342882,0,0
-128067,0,0
39797,0,0
60295,0,0
156805,0,0
382123,0,0
-106188,0,0
-79094,0,0
-119704,0,0
-226242,0,0
354328,0,0
391392,0,0
324303,0,0
475444,0,0
62409,0,0
16624,0,0
694976,0,0
438793,0,0
601301,0,0
489473,0,0
-16154,0,0
187692,0,0
366575,0,0
261267,0,0
603838,0,0
652960,0,0
241070,0,0
370154,0,0
120696,0,0
-68300,0,0
288119,0,0
42491,0,0
238696,0,0
354375,0,0
138194,0,0
-20275,0,0
91050,0,0
-332093,0,0
-109301,0,0
269543,0,0
-169235,0,0
50009,0,0
-180886,0,0
-254365,0,0
-81855,0,0
-42915,0,0
-511979,0,0
-255508,0,0
-235701,0,0
-88716,0,0
253061,0,0
-303467,0,0
-334884,0,0
-347386,0,0
-354369,0,0
-290954,0,0
-76955,0,0
-439185,0,0
-369484,0,0
10296,0,0
-386178,0,0
-108870,0,0
31753,0,0
-75632,0,0
22572,0,0
-170803,0,0
-454436,0,0
-246026,0,0
-313590,0,0
-275372,0,0
214407,0,0
84452,0,0
122358,0,0
6607,0,0
-45664,0,0
11593,0,0
105127,0,0
-353209,0,0
-233125,0,0
65834,0,0
-48153,0,0
127387,0,0
183316,0,0
132607,0,0
-26891,0,0
-72428,0,0
-268965,0,0
106590,0,0
101124,0,0
86767,0,0
248949,0,0
-234926,0,0
-426038,0,0
-254643,0,0
209250,0,0
530037,0,0
872498,0,0
-328521,0,0
-414508,0,0
-194846,0,0
-82293,0,0
127460,0,0
307142,0,0
357975,0,0
312798,0,0
378752,0,0
47556,0,0
257751,0,0
128508,0,0
-140585,0,0
293555,0,0
278592,0,0
513393,0,0
533058,0,0
329168,0,0
187498,0,0
310846,0,0
176525,0,0
518831,0,0
803563,0,0
11092,0,0
202630,0,0
274698,0,0
366078,0,0
490955,0,0
548298,0,0
87144,0,0
255953,0,0
172859,0,0
94871,0,0
347945,0,0
196723,0,0
223180,0,0
141625,0,0
110027,0,0
-179528,0,0
133127,0,0
-205304,0,0
-3396,0,0
69856,0,0
-264144,0,0
-169049,0,0
-142619,0,0
-292020,0,0
-137609,0,0
-76941,0,0
-392306,0,0
-251191,0,0
-489037,0,0
-456603,0,0
-9251,0,0
-296466,0,0
-171392,0,0
-416185,0,0
-482980,0,0
-486263,0,0
-65811,0,0
-378831,0,0
-96015,0,0
179968,0,0
-203887,0,0
-290379,0,0
-333638,0,0
-308830,0,0
-81554,0,0
6921,0,0
-268180,0,0
-132958,0,0
-365869,0,0
-534937,0,0
163722,0,0
116967,0,0
170975,0,0
-13153,0,0
-237065,0,0
-212822,0,0
56796,0,0
-222513,0,0
-186017,0,0
-152479,0,0
-390431,0,0
-178462,0,0
-202674,0,0
-140630,0,0
-77313,0,0
168415,0,0
-228890,0,0
170963,0,0
-75338,0,0
-215851,0,0
30897,0,0
-103848,0,0
14747,0,0
94429,0,0
104289,0,0
-91,0,0
13522,0,0
-90357,0,0
-37724,0,0
203892,0,0
-29481,0,0
448155,0,0
422235,0,0
488659,0,0
246515,0,0
42326,0,0
-246586,0,0
220082,0,0
236865,0,0
49856,0,0
228434,0,0
165170,0,0
168718,0,0
348337,0,0
490592,0,0
151429,0,0
119517,0,0
-94788,0,0
7234,0,0
193249,0,0
153153,0,0
304842,0,0
210335,0,0
-60799,0,0
-3399,0,0
22470,0,0
21218,0,0
379225,0,0
176842,0,0
-351772,0,0
-78578,0,0
-52503,0,0
159171,0,0
32149,0,0
40297,0,0
-28439,0,0
43817,0,0
-147683,0,0
-142885,0,0
-107527,0,0
-235372,0,0
-90543,0,0
20718,0,0
28823,0,0
-81824,0,0
46235,0,0
-256565,0,0
94789,0,0
-88268,0,0
-389215,0,0
9196,0,0
-109684,0,0
126287,0,0
-75675,0,0
-188239,0,0
-117108,0,0
125158,0,0
62852,0,0
273348,0,0
275883,0,0
-204057,0,0
-47897,0,0
-92227,0,0
150547,0,0
247289,0,0
267754,0,0
-111879,0,0
208222,0,0
181513,0,0
21564,0,0
466029,0,0
150274,0,0
77787,0,0
109279,0,0
184784,0,0
3599,0,0
117316,0,0
-109458,0,0
292661,0,0
265694,0,0
-223559,0,0
-168071,0,0
-3800,0,0
-135693,0,0
63539,0,0
210759,0,0
-211472,0,0
-62342,0,0
-32704,0,0
-194531,0,0
244629,0,0
44347,0,0
-288909,0,0
-326647,0,0
-262309,0,0
-279791,0,0
-33350,0,0
-101864,0,0
-9816,0,0
92196,0,0
-306578,0,0
135959,0,0
89628,0,0
-154803,0,0
-280746,0,0
-258633,0,0
-473551,0,0
-220481,0,0
-196916,0,0
-83470,0,0
198101,0,0
-250763,0,0
-139694,0,0
144731,0,0
145857,0,0
-160175,0,0
-4866,0,0
-303043,0,0
-201500,0,0
103117,0,0
525,0,0
59707,0,0
99845,0,0
-5864,0,0
153272,0,0
204191,0,0
-81746,0,0
85879,0,0
180009,0,0
-90250,0,0
92588,0,0
6337,0,0
1806,0,0
-129318,0,0
295560,0,0
339732,0,0
483501,0,0
72405,0,0
139355,0,0
399851,0,0
78319,0,0
172587,0,0
246412,0,0
166545,0,0
163483,0,0
294749,0,0
99963,0,0
267567,0,0
354602,0,0
334019,0,0
628369,0,0
325446,0,0
151795,0,0
-160221,0,0
35853,0,0
51368,0,0
425216,0,0
312529,0,0
191776,0,0
-13005,0,0
-299041,0,0
-3399,0,0
193186,0,0
157200,0,0
119294,0,0
406773,0,0
-39250,0,0
186721,0,0
4821,0,0
-334249,0,0
74251,0,0
-101086,0,0
-165616,0,0
-109508,0,0
15069,0,0
9662,0,0
77079,0,0
-118627,0,0
169643,0,0
267502,0,0
-229190,0,0
-310662,0,0
-369909,0,0
-146407,0,0
64410,0,0
197932,0,0
-215761,0,0
116955,0,0
351338,0,0
86890,0,0
93470,0,0
-327459,0,0
-135575,0,0
-35305,0,0
87823,0,0
143397,0,0
428331,0,0
128932,0,0
-28725,0,0
262118,0,0
60280,0,0
101144,0,0
-22888,0,0
31577,0,0
75345,0,0
308133,0,0
-128265,0,0
57603,0,0
278098,0,0
52411,0,0
234040,0,0
37521,0,0
150013,0,0
187753,0,0
151306,0,0
-138818,0,0
185182,0,0
109887,0,0
310442,0,0
246199,0,0
-49180,0,0
111136,0,0
25235,0,0
21251,0,0
57182,0,0
-114756,0,0
-401967,0,0
176772,0,0
335526,0,0
250581,0,0
413195,0,0
-46274,0,0
-124673,0,0
-379860,0,0
-306379,0,0
-260005,0,0
98122,0,0
-67272,0,0
-239687,0,0
217534,0,0
-65299,0,0
40778,0,0
26028,0,0
-204921,0,0
-257494,0,0
-66505,0,0
-267089,0,0
-180364,0,0
-258827,0,0
-286670,0,0
-134364,0,0
-225736,0,0
71577,0,0
-201437,0,0
-467168,0,0
-526586,0,0
-88515,0,0
-225477,0,0
-128331,0,0
81776,0,0
-284213,0,0
-306832,0,0
-424590,0,0
-245760,0,0
62989,0,0
22187,0,0
-347772,0,0
-197142,0,0
-294527,0,0
-335802,0,0
11665,0,0
23516,0,0
69051,0,0
14863,0,0
24996,0,0
-355513,0,0
-138761,0,0
-308157,0,0
-216237,0,0
284651,0,0
274268,0,0
218336,0,0
-106327,0,0
-182021,0,0
-118602,0,0
217901,0,0
232251,0,0
390921,0,0
207904,0,0
95757,0,0
347606,0,0
336092,0,0
237657,0,0
60716,0,0
225413,0,0
408566,0,0
611119,0,0
356915,0,0
134866,0,0
394699,0,0
217561,0,0
412304,0,0
225799,0,0
-11574,0,0
97371,0,0
226788,0,0
-36850,0,0
131926,0,0
-41436,0,0
-93424,0,0
260150,0,0
327951,0,0
84829,0,0
-159442,0,0
-242372,0,0
-423938,0,0
-84189,0,0
148439,0,0
-93981,0,0
19273,0,0
-190368,0,0
-96532,0,0
110814,0,0
-139248,0,0
-125777,0,0
30625,0,0
-184461,0,0
29199,0,0
-120249,0,0
-274348,0,0
-34811,0,0
-23054,0,0
-53145,0,0
-143490,0,0
9753,0,0
20033,0,0
67603,0,0
-210701,0,0
-430899,0,0
-100158,0,0
-64627,0,0
91993,0,0
298695,0,0
147143,0,0
-34068,0,0
-83345,0,0
-409575,0,0
-72460,0,0
-21432,0,0
-131194,0,0
335447,0,0
358534,0,0
97319,0,0
-73729,0,0
134229,0,0
32435,0,0
225246,0,0
34953,0,0
-30344,0,0
244912,0,0
-110239,0,0
-212559,0,0
72897,0,0
466938,0,0
272631,0,0
338835,0,0
460,0,0
-72261,0,0
-88221,0,0
-164779,0,0
204243,0,0
204732,0,0
-3178,0,0
-172100,0,0
-40111,0,0
-33781,0,0
87807,0,0
-14524,0,0
-8162,0,0
172367,0,0
30146,0,0
102326,0,0
202455,0,0
-40002,0,0
-72907,0,0
-11437,0,0
-304359,0,0
57824,0,0
215826,0,0
160493,0,0
212689,0,0
-63282,0,0
-54662,0,0
-43885,0,0
133256,0,0
122091,0,0
34066,0,0
-338794,0,0
-253393,0,0
37757,0,0
-87213,0,0
-189617,0,0
-155617,0,0
-259708,0,0
-314834,0,0
-178778,0,0
-497212,0,0
-373335,0,0
-220283,0,0
-36177,0,0
58361,0,0
-407159,0,0
-371427,0,0
-506539,0,0
-461356,0,0
-462090,0,0
-142041,0,0
-221516,0,0
-211619,0,0
33115,0,0
-314413,0,0
-385137,0,0
-160280,0,0
-103249,0,0
-293354,0,0
-106812,0,0
-345685,0,0
-225727,0,0
-68284,0,0
-302831,0,0
-222643,0,0
-173991,0,0
-170188,0,0
-29814,0,0
201665,0,0
29540,0,0
-142445,0,0
-461463,0,0
-425170,0,0
76808,0,0
-109080,0,0
-137373,0,0
-39808,0,0
37258,0,0
-144745,0,0
20309,0,0
-24167,0,0
77858,0,0
-50209,0,0
-188004,0,0
75068,0,0
-186732,0,0
-111165,0,0
-27296,0,0
12027,0,0
-62265,0,0
-118115,0,0
-188138,0,0
-42400,0,0
228364,0,0
143343,0,0
-37109,0,0
-189616,0,0
-117370,0,0
-140424,0,0
-90254,0,0
-132433,0,0
44952,0,0
226017,0,0
-370914,0,0
-212066,0,0
58793,0,0
176543,0,0
79632,0,0
227235,0,0
-170600,0,0
-66966,0,0
-166064,0,0
-177984,0,0
25169,0,0
-45361,0,0
-32060,0,0
10913,0,0
268212,0,0
185916,0,0
53728,0,0
-192835,0,0
-280711,0,0
-92902,0,0
-134612,0,0
6025,0,0
47387,0,0
-88435,0,0
-131727,0,0
18017,0,0
-139893,0,0
40911,0,0
112217,0,0
119794,0,0
242550,0,0
-391464,0,0
-445006,0,0
-336944,0,0
-127979,0,0
-45713,0,0
365791,0,0
318395,0,0
143189,0,0
82064,0,0
-206962,0,0
42069,0,0
-38840,0,0
-16584,0,0
-81544,0,0
117756,0,0
18259,0,0
261054,0,0
412468,0,0
33048,0,0
37244,0,0
-212282,0,0
-249641,0,0
15219,0,0
219148,0,0
159945,0,0
200833,0,0
289279,0,0
51893,0,0
4248,0,0
-113104,0,0
-15419,0,0
-76657,0,0
-270264,0,0
-264709,0,0
-51241,0,0
-639,0,0
185177,0,0
89514,0,0
-142584,0,0
24651,0,0
115831,0,0
-314328,0,0
-297764,0,0
-106429,0,0
-49479,0,0
180184,0,0
-54346,0,0
-64765,0,0
26711,0,0
-123355,0,0
-23197,0,0
-28486,0,0
-91150,0,0
-175319,0,0
13954,0,0
-40914,0,0
351373,0,0
170757,0,0
-346,0,0
-80850,0,0
-103637,0,0
-191723,0,0
-59950,0,0
182850,0,0
396080,0,0
96520,0,0
-166085,0,0
-84166,0,0
106230,0,0
-17505,0,0
53652,0,0
740,0,0
-80593,0,0
-30942,0,0
-11832,0,0
-185112,0,0
-106890,0,0
-82234,0,0
-146118,0,0
158491,0,0
-172549,0,0
-335602,0,0
-196027,0,0
-197188,0,0
-157644,0,0
-56970,0,0
-314793,0,0
-463574,0,0
-347482,0,0
-525791,0,0
-42360,0,0
480703,0,0
-22665,0,0
-468433,0,0
-457384,0,0
-453030,0,0
-211556,0,0
53104,0,0
71092,0,0
325468,0,0
-46557,0,0
-372221,0,0
-197844,0,0
-155425,0,0
-58387,0,0
144498,0,0
-54070,0,0
-126689,0,0
-39614,0,0
-107489,0,0
98943,0,0
163596,0,0
111777,0,0
215654,0,0
146272,0,0
-82065,0,0
-254956,0,0
-81330,0,0
-145813,0,0
203173,0,0
185201,0,0
44608,0,0
196321,0,0
135265,0,0
-29676,0,0
-1804,0,0
81327,0,0
112205,0,0
589542,0,0
45686,0,0
-153564,0,0
138058,0,0
-6762,0,0
109037,0,0
349963,0,0
115176,0,0
-15805,0,0
-35902,0,0
-33988,0,0
365548,0,0
388578,0,0
131732,0,0
121395,0,0
89642,0,0
-83265,0,0
108175,0,0
71679,0,0
130209,0,0
273046,0,0
56148,0,0
22207,0,0
166571,0,0
-57210,0,0
-7917,0,0
163475,0,0
166870,0,0
173756,0,0
30233,0,0
-111725,0,0
16418,0,0
47211,0,0
213573,0,0
259010,0,0
63092,0,0
-89673,0,0
-60762,0,0
42,0,0
-69369,0,0
66522,0,0
-29249,0,0
229895,0,0
58764,0,0
141498,0,0
94042,0,0
-10730,0,0
-283216,0,0
-271496,0,0
-40144,0,0
161415,0,0
379453,0,0
196022,0,0
-48029,0,0
210105,0,0
37565,0,0
-185069,0,0
90189,0,0
22338,0,0
68408,0,0
205776,0,0
-65975,0,0
-101977,0,0
-52265,0,0
-69937,0,0
76651,0,0
84876,0,0
267113,0,0
364074,0,0
162069,0,0
-273618,0,0
-399481,0,0
-421735,0,0
-194877,0,0
206018,0,0
441360,0,0
127511,0,0
152987,0,0
-147670,0,0
-83292,0,0
95161,0,0
-29489,0,0
47295,0,0
232740,0,0
59247,0,0
76034,0,0
52375,0,0
-21019,0,0
168148,0,0
247649,0,0
113919,0,0
148270,0,0
101001,0,0
1389,0,0
257144,0,0
91138,0,0
-18009,0,0
124918,0,0
-84088,0,0
-240677,0,0
-120086,0,0
-96302,0,0
-44342,0,0
558869,0,0
609406,0,0
359359,0,0
1416,0,0
-122910,0,0
-31128,0,0
-160731,0,0
-140353,0,0
89911,0,0
167115,0,0
121384,0,0
310048,0,0
129964,0,0
-44285,0,0
43280,0,0
25786,0,0
-101787,0,0
16193,0,0
-74497,0,0
-83018,0,0
41357,0,0
-129625,0,0
-180408,0,0
-156809,0,0
-195193,0,0
-232647,0,0
-199664,0,0
-357502,0,0
35098,0,0
40084,0,0
-106004,0,0
134106,0,0
17181,0,0
-310171,0,0
-72466,0,0
-68249,0,0
-34316,0,0
133003,0,0
-65934,0,0
-23451,0,0
203053,0,0
219093,0,0
258900,0,0
124363,0,0
-7579,0,0
-4144,0,0
93765,0,0
8688,0,0
221392,0,0
85342,0,0
-157415,0,0
74887,0,0
232721,0,0
70762,0,0
287731,0,0
156184,0,0
-146378,0,0
-212855,0,0
-359344,0,0
-95360,0,0
197867,0,0
-108437,0,0
-271999,0,0
-15000,0,0
-78481,0,0
-206363,0,0
-134136,0,0
-111003,0,0
-71089,0,0
-246282,0,0
-228800,0,0
194592,0,0
112126,0,0
-77906,0,0
-118775,0,0
-253845,0,0
-312158,0,0
114281,0,0
36639,0,0
73303,0,0
219763,0,0
-35519,0,0
156566,0,0
51692,0,0
4148,0,0
74070,0,0
73107,0,0
49273,0,0
203409,0,0
239082,0,0
-171426,0,0
20547,0,0
-49046,0,0
-288926,0,0
174633,0,0
241059,0,0
-221578,0,0
-25726,0,0
131936,0,0
146824,0,0
198739,0,0
-314214,0,0
-278699,0,0
-239725,0,0
-205633,0,0
-136848,0,0
258888,0,0
80635,0,0
-88227,0,0
-136397,0,0
-234576,0,0
-64417,0,0
-90815,0,0
-240123,0,0
73176,0,0
80753,0,0
-74448,0,0
105466,0,0
-137525,0,0
-194858,0,0
141199,0,0
-184058,0,0
-153279,0,0
143309,0,0
-58236,0,0
-14156,0,0
42730,0,0
-65532,0,0
266840,0,0
180809,0,0
-150929,0,0
-59166,0,0
-132265,0,0
-109548,0,0
83678,0,0
92398,0,0
-22284,0,0
127946,0,0
-257659,0,0
-79502,0,0
235800,0,0
-92204,0,0
-176814,0,0
-76652,0,0
-109465,0,0
-51299,0,0
37403,0,0
-113419,0,0
-20778,0,0
-67500,0,0
-84186,0,0
55110,0,0
-223521,0,0
-351759,0,0
-259005,0,0
-52508,0,0
-287680,0,0
-50413,0,0
-227468,0,0
-29503,0,0
156406,0,0
-331213,0,0
-357064,0,0
-348824,0,0
-357098,0,0
-234978,0,0
12615,0,0
-391408,0,0
20072,0,0
-18914,0,0
-263260,0,0
-38597,0,0
-306697,0,0
-472771,0,0
-150658,0,0
103712,0,0
60232,0,0
-71843,0,0
-221855,0,0
-113756,0,0
282541,0,0
-16759,0,0
-78850,0,0
77920,0,0
-55916,0,0
-57431,0,0
142359,0,0
-100037,0,0
28266,0,0
119255,0,0
-184112,0,0
27649,0,0
177380,0,0
163974,0,0
41571,0,0
-185074,0,0
-229451,0,0
97378,0,0
-109256,0,0
-275801,0,0
25836,0,0
-5552,0,0
-197656,0,0
89234,0,0
-60660,0,0
-289752,0,0
-267717,0,0
-449610,0,0
-158897,0,0
46349,0,0
-260943,0,0
62952,0,0
-69906,0,0
-206073,0,0
-409587,0,0
-422350,0,0
-460405,0,0
-100656,0,0
-64663,0,0
-116539,0,0
-37053,0,0
-319408,0,0
-321199,0,0
-59978,0,0
-105482,0,0
-279865,0,0
-90329,0,0
-447825,0,0
-225027,0,0
-19677,0,0
-165310,0,0
35066,0,0
-121458,0,0
-249761,0,0
-19278,0,0
-227602,0,0
-498732,0,0
-162665,0,0
-303845,0,0
-248177,0,0
50283,0,0
-17719,0,0
-23969,0,0
152641,0,0
25015,0,0
-174064,0,0
-265524,0,0
-513946,0,0
-140916,0,0
122705,0,0
36564,0,0
233703,0,0
22159,0,0
-168261,0,0
2120,0,0
122128,0,0
-318518,0,0
-11571,0,0
-197826,0,0
-170442,0,0
41280,0,0
-91812,0,0
-71675,0,0
-39446,0,0
-274180,0,0
-201653,0,0
23190,0,0
-306021,0,0
-115814,0,0
-84758,0,0
-363700,0,0
-116434,0,0
-199406,0,0
-329055,0,0
-114797,0,0
-184539,0,0
-377143,0,0
214806,0,0
-20283,0,0
-450635,0,0
-278522,0,0
-383492,0,0
-214803,0,0
58765,0,0
63047,0,0
74150,0,0
3354,0,0
-503413,0,0
-327550,0,0
-163128,0,0
-217620,0,0
210785,0,0
213075,0,0
-133336,0,0
78503,0,0
-14019,0,0
-305670,0,0
-13546,0,0
-151909,0,0
-39985,0,0
524358,0,0
388091,0,0
113284,0,0
20237,0,0
-55958,0,0
-39774,0,0
289492,0,0
-20222,0,0
160680,0,0
311793,0,0
125243,0,0
383216,0,0
337093,0,0
242932,0,0
205874,0,0
18544,0,0
-236740,0,0
262401,0,0
212599,0,0
153514,0,0
364047,0,0
-6289,0,0
-53983,0,0
105924,0,0
209126,0,0
246526,0,0
300693,0,0
-362039,0,0
-409256,0,0
173891,0,0
184620,0,0
727311,0,0
517698,0,0
224868,0,0
-41698,0,0
-245163,0,0
-261997,0,0
77894,0,0
-18994,0,0
56617,0,0
458468,0,0
359746,0,0
149671,0,0
-15863,0,0
-201013,0,0
-19523,0,0
191872,0,0
-58851,0,0
155098,0,0
97063,0,0
-387512,0,0
-219522,0,0
-154654,0,0
79839,0,0
504229,0,0
150436,0,0
-240691,0,0
-36404,0,0
-6105,0,0
-59651,0,0
372983,0,0
-28265,0,0
-140246,0,0
8382,0,0
61149,0,0
246527,0,0
446299,0,0
26872,0,0
-6204,0,0
188873,0,0
-126255,0,0
147174,0,0
145484,0,0
95007,0,0
158745,0,0
499944,0,0
342157,0,0
227356,0,0
-124445,0,0
-61794,0,0
236748,0,0
204107,0,0
187074,0,0
343606,0,0
192172,0,0
-124543,0,0
186230,0,0
-84175,0,0
256083,0,0
276429,0,0
-8207,0,0
197998,0,0
131129,0,0
-53989,0,0
-81477,0,0
-235158,0,0
-426896,0,0
87834,0,0
1593,0,0
-171908,0,0
111101,0,0
-190408,0,0
-306147,0,0
-13475,0,0
-145573,0,0
-145831,0,0
-43453,0,0
-326882,0,0
-177922,0,0
135685,0,0
-293476,0,0
-146692,0,0
35365,0,0
-78951,0,0
-6611,0,0
85304,0,0
-63603,0,0
56162,0,0
88683,0,0
-115245,0,0
93064,0,0
-150188,0,0
-191349,0,0
7737,0,0
-1713,0,0
-25794,0,0
322662,0,0
136499,0,0
97423,0,0
139636,0,0
-296792,0,0
86825,0,0
46206,0,0
33563,0,0
311617,0,0
364922,0,0
100537,0,0
81252,0,0
83628,0,0
-33279,0,0
372855,0,0
-37385,0,0
-42216,0,0
42021,0,0
251351,0,0
25488,0,0
278348,0,0
12917,0,0
-36684,0,0
276427,0,0
-191538,0,0
100039,0,0
226772,0,0
105856,0,0
-107647,0,0
-208689,0,0
-376991,0,0
-146170,0,0
-49784,0,0
-34861,0,0
453314,0,0
38031,0,0
-13299,0,0
-171746,0,0
-215200,0,0
-220487,0,0
-62210,0,0
-377592,0,0
113588,0,0
243951,0,0
-72547,0,0
-76662,0,0
-17177,0,0
-66481,0,0
-154253,0,0
69939,0,0
66829,0,0
187568,0,0
-44921,0,0
-234497,0,0
93915,0,0
-135255,0,0
179251,0,0
319038,0,0
276103,0,0
-16521,0,0
167343,0,0
-130687,0,0
50462,0,0
270256,0,0
-204544,0,0
90779,0,0
-26283,0,0
-251396,0,0
-60222,0,0
92497,0,0
40443,0,0
372641,0,0
76580,0,0
-279913,0,0
-53749,0,0
-281630,0,0
-91675,0,0
238976,0,0
-111779,0,0
-320468,0,0
42482,0,0
-165401,0,0
-31333,0,0
83819,0,0
-73353,0,0
31825,0,0
-17880,0,0
-107583,0,0
17725,0,0
-109228,0,0
-441025,0,0
-109645,0,0
43914,0,0
-149453,0,0
160978,0,0
-259729,0,0
-164898,0,0
89667,0,0
67345,0,0
-108239,0,0
19364,0,0
-188489,0,0
-99214,0,0
20363,0,0
-236684,0,0
-103672,0,0
112278,0,0
117873,0,0
224647,0,0
243512,0,0
-410853,0,0
-109796,0,0
-31104,0,0
-3278,0,0
439041,0,0
464674,0,0
415369,0,0
3896,0,0
-150925,0,0
-85724,0,0
277994,0,0
45666,0,0
249994,0,0
309291,0,0
158332,0,0
840312,0,0
439328,0,0
81377,0,0
71136,0,0
185497,0,0
-67278,0,0
198000,0,0
190134,0,0
144175,0,0
567858,0,0
283586,0,0
322573,0,0
265829,0,0
214979,0,0
-7204,0,0
144155,0,0
-77396,0,0
331819,0,0
405406,0,0
-102540,0,0
250934,0,0
110737,0,0
11133,0,0
174992,0,0
216245,0,0
-24630,0,0
205266,0,0
-32759,0,0
-169230,0,0
142909,0,0
-12956,0,0
31206,0,0
152794,0,0
72639,0,0
-79100,0,0
202175,0,0
-159567,0,0
-140834,0,0
251472,0,0
-220613,0,0
-49764,0,0
82675,0,0
59615,0,0
173390,0,0
230859,0,0
-68253,0,0
319107,0,0
98836,0,0
-73691,0,0
226448,0,0
-103770,0,0
-172901,0,0
-134131,0,0
107332,0,0
57522,0,0
428561,0,0
109184,0,0
-60148,0,0
-67536,0,0
-389671,0,0
-64265,0,0
45590,0,0
-13260,0,0
-40782,0,0
76797,0,0
-172513,0,0
149787,0,0
-52114,0,0
-294024,0,0
93389,0,0
-134177,0,0
-174495,0,0
-143320,0,0
-24695,0,0
-268655,0,0
80845,0,0
-89072,0,0
162999,0,0
466338,0,0
-53628,0,0
-193795,0,0
-306521,0,0
-112705,0,0
223328,0,0
435356,0,0
-173313,0,0
185844,0,0
90807,0,0
-32059,0,0
253949,0,0
-28100,0,0
98430,0,0
179579,0,0
303396,0,0
163355,0,0
312691,0,0
-17975,0,0
113813,0,0
223403,0,0
-259842,0,0
51043,0,0
345755,0,0
532337,0,0
451280,0,0
191437,0,0
-348000,0,0
-145904,0,0
-33138,0,0
-47732,0,0
480139,0,0
385768,0,0
405081,0,0
214623,0,0
140697,0,0
-117891,0,0
225409,0,0
40240,0,0
110993,0,0
302993,0,0
-23855,0,0
121591,0,0
125776,0,0
-1873,0,0
54778,0,0
206828,0,0
112068,0,0
524935,0,0
296675,0,0
-248085,0,0
13093,0,0
-168425,0,0
32867,0,0
196112,0,0
120026,0,0
61320,0,0
289473,0,0
25422,0,0
78846,0,0
326635,0,0
-239694,0,0
46300,0,0
4187,0,0
-18152,0,0
107149,0,0
252810,0,0
-45556,0,0
55659,0,0
-194381,0,0
-190798,0,0
135029,0,0
-117895,0,0
-134786,0,0
-151530,0,0
-130045,0,0
-161655,0,0
32258,0,0
-110348,0,0
142769,0,0
122016,0,0
-682123,0,0
-558861,0,0
-507600,0,0
-405464,0,0
283914,0,0
370518,0,0
-248932,0,0
253736,0,0
177968,0,0
-442285,0,0
-187374,0,0
-417430,0,0
-59492,0,0
33207,0,0
82167,0,0
22238,0,0
277333,0,0
4866,0,0
49830,0,0
171120,0,0
-8139,0,0
98675,0,0
-39833,0,0
-98897,0,0
-16548,0,0
141553,0,0
-107749,0,0
158456,0,0
277819,0,0
-21907,0,0
226554,0,0
22896,0,0
138094,0,0
102761,0,0
-29023,0,0
-135312,0,0
150618,0,0
56811,0,0
186602,0,0
330745,0,0
14507,0,0
51236,0,0
-28702,0,0
53363,0,0
157965,0,0
15196,0,0
-105887,0,0
71295,0,0
-20068,0,0
-303572,0,0
-91197,0,0
-160758,0,0
-109523,0,0
-226774,0,0
-108276,0,0
-185600,0,0
-23442,0,0
-458673,0,0
-357974,0,0
-237199,0,0
-564064,0,0
-421987,0,0
-397269,0,0
-284872,0,0
-23394,0,0
-213983,0,0
-772835,0,0
-464502,0,0
-230878,0,0
-381042,0,0
-42273,0,0
-490147,0,0
-305805,0,0
-340084,0,0
-333462,0,0
-351628,0,0
-155327,0,0
-350451,0,0
-281500,0,0
38001,0,0
-395812,0,0
-183784,0,0
-286088,0,0
-379478,0,0
-278754,0,0
-197366,0,0
-435719,0,0
-211569,0,0
-70998,0,0
-341553,0,0
-138582,0,0
-391550,0,0
-296656,0,0
-146604,0,0
27784,0,0
-288868,0,0
-202168,0,0
-440754,0,0
-145634,0,0
13461,0,0
-141862,0,0
84922,0,0
-71347,0,0
-172998,0,0
-183910,0,0
-87843,0,0
-473504,0,0
51978,0,0
-10036,0,0
3252,0,0
560169,0,0
227873,0,0
83117,0,0
-407431,0,0
-205776,0,0
-112468,0,0
149969,0,0
-26224,0,0
128400,0,0
405334,0,0
-31826,0,0
-48970,0,0
-72622,0,0
88845,0,0
179059,0,0
244858,0,0
-190019,0,0
-90638,0,0
-87781,0,0
-89840,0,0
208063,0,0
-124352,0,0
12665,0,0
-176497,0,0
-152823,0,0
67987,0,0
298717,0,0
-12978,0,0
127890,0,0
208185,0,0
-284946,0,0
-149984,0,0
-42798,0,0
67203,0,0
55468,0,0
300758,0,0
118732,0,0
190849,0,0
-72644,0,0
-211697,0,0
103269,0,0
-98792,0,0
-43855,0,0
-38477,0,0
218449,0,0
229022,0,0
214797,0,0
-190293,0,0
-253755,0,0
-34373,0,0
-133343,0,0
82662,0,0
178815,0,0
6074,0,0
-32120,0,0
-80631,0,0
-209878,0,0
192785,0,0
133049,0,0
96986,0,0
188008,0,0
-205437,0,0
32401,0,0
249909,0,0
67444,0,0
-265475,0,0
-30865,0,0
-120678,0,0
-33889,0,0
308598,0,0
120343,0,0
327405,0,0
302655,0,0
95675,0,0
-136605,0,0
-148142,0,0
-222765,0,0
134208,0,0
104195,0,0
-7715,0,0
374351,0,0
249119,0,0
177722,0,0
-35327,0,0
-106210,0,0
-261281,0,0
2739,0,0
-223817,0,0
-32033,0,0
230293,0,0
-2274,0,0
17391,0,0
-289654,0,0
-146347,0,0
-1446,0,0
34244,0,0
-158110,0,0
279969,0,0
1950,0,0
-188523,0,0
268964,0,0
37001,0,0
-18067,0,0
-279984,0,0
-119205,0,0
3569,0,0
240446,0,0
29655,0,0
-25004,0,0
343751,0,0
151229,0,0
158561,0,0
-107909,0,0
-102537,0,0
-156521,0,0
-64835,0,0
-304502,0,0
49267,0,0
164912,0,0
-18553,0,0
159487,0,0
-199948,0,0
-219279,0,0
-200514,0,0
-92973,0,0
-115718,0,0
162872,0,0
77989,0,0
78311,0,0
65129,0,0
-321129,0,0
-279002,0,0
-148167,0,0
3552,0,0
-213899,0,0
12039,0,0
-175341,0,0
15157,0,0
-186919,0,0
-433729,0,0
-6040,0,0
23945,0,0
122639,0,0
130264,0,0
-102796,0,0
-413624,0,0
-182291,0,0
-263077,0,0
-71309,0,0
211933,0,0
-47382,0,0
139609,0,0
-145,0,0
-161396,0,0
97645,0,0
335509,0,0
148047,0,0
134665,0,0
-108910,0,0
-332694,0,0
96518,0,0
-35905,0,0
114928,0,0
73713,0,0
292313,0,0
325202,0,0
340166,0,0
-119195,0,0
10093,0,0
97187,0,0
-176984,0,0
105927,0,0
33598,0,0
336096,0,0
456547,0,0
475442,0,0
20179,0,0
113026,0,0
-11527,0,0
-92348,0,0
508641,0,0
248712,0,0
188389,0,0
253962,0,0
426430,0,0
124706,0,0
219005,0,0
64516,0,0
412927,0,0
290652,0,0
-237756,0,0
46945,0,0
469314,0,0
402996,0,0
195585,0,0
320364,0,0
88480,0,0
91924,0,0
-35224,0,0
-264439,0,0
128102,0,0
129954,0,0
277633,0,0
301985,0,0
304569,0,0
-61303,0,0
-39384,0,0
-152996,0,0
-84762,0,0
88921,0,0
-186981,0,0
-40968,0,0
115124,0,0
77251,0,0
102663,0,0
177326,0,0
-30149,0,0
87238,0,0
97769,0,0
-170599,0,0
-753,0,0
-21143,0,0
-92619,0,0
-41844,0,0
111243,0,0
130721,0,0
243799,0,0
-146537,0,0
103554,0,0
13331,0,0
-94618,0,0
103949,0,0
138296,0,0
20616,0,0
59387,0,0
-49720,0,0
-315955,0,0
-202901,0,0
-261856,0,0
-30975,0,0
532592,0,0
286341,0,0
-85081,0,0
-166372,0,0
-63538,0,0
-95132,0,0
361772,0,0
-96199,0,0
-126360,0,0
-93913,0,0
-25319,0,0
10260,0,0
-4864,0,0
-15419,0,0
24668,0,0
307320,0,0
93443,0,0
66792,0,0
-2944,0,0
-267416,0,0
114868,0,0
-75007,0,0
-189024,0,0
-138518,0,0
280889,0,0
319819,0,0
546887,0,0
-118946,0,0
-359197,0,0
-172160,0,0
-315112,0,0
91257,0,0
168641,0,0
206153,0,0
173903,0,0
254738,0,0
-117208,0,0
-71598,0,0
-55923,0,0
-300494,0,0
39958,0,0
-21685,0,0
551,0,0
-174965,0,0
58238,0,0
23250,0,0
152820,0,0
-163869,0,0
-182833,0,0
-101112,0,0
-292712,0,0
-205687,0,0
