77181,0,0
61037,0,0
267449,0,0
-186439,0,0
-355677,0,0
-196828,0,0
-6002,0,0
174564,0,0
549236,0,0
68379,0,0
-94474,0,0
-84976,0,0
-114587,0,0
324673,0,0
371783,0,0
320635,0,0
-81233,0,0
-77567,0,0
-238678,0,0
170995,0,0
216755,0,0
413812,0,0
452921,0,0
44260,0,0
84115,0,0
-92046,0,0
-40862,0,0
59050,0,0
192997,0,0
26195,0,0
-53456,0,0
41615,0,0
237337,0,0
673342,0,0
134255,0,0
171392,0,0
65480,0,0
-60429,0,0
-179626,0,0
260164,0,0
554427,0,0
514804,0,0
382514,0,0
-58609,0,0
-41691,0,0
43032,0,0
274064,0,0
369146,0,0
379359,0,0
146969,0,0
149326,0,0
-58511,0,0
-121699,0,0
253200,0,0
237667,0,0
157614,0,0
89323,0,0
-38631,0,0
-294010,0,0
-131158,0,0
-146573,0,0
88821,0,0
123558,0,0
-173618,0,0
-26263,0,0
-305867,0,0
-198394,0,0
13766,0,0
-19439,0,0
-428598,0,0
-219279,0,0
-304900,0,0
-410372,0,0
124931,0,0
-47437,0,0
-16511,0,0
-239040,0,0
-413217,0,0
-395896,0,0
-311315,0,0
-375479,0,0
158448,0,0
208580,0,0
-555316,0,0
-432409,0,0
-211611,0,0
-14876,0,0
-33635,0,0
342024,0,0
-349756,0,0
-220973,0,0
-248786,0,0
-452360,0,0
-13698,0,0
-142091,0,0
44266,0,0
-74658,0,0
57323,0,0
-174631,0,0
-8589,0,0
67541,0,0
55143,0,0
-184774,0,0
-354571,0,0
-110250,0,0
-248692,0,0
-60942,0,0
-85370,0,0
-21741,0,0
-150777,0,0
-60770,0,0
-178344,0,0
-240233,0,0
47675,0,0
-391918,0,0
-155308,0,0
-135303,0,0
-209530,0,0
-401205,0,0
-281900,0,0
-553775,0,0
-251044,0,0
102838,0,0
-119666,0,0
99387,0,0
15150,0,0
-253801,0,0
-540272,0,0
-180581,0,0
-425849,0,0
-28013,0,0
-100960,0,0
-235550,0,0
6623,0,0
-187735,0,0
-230569,0,0
-198599,0,0
-20169,0,0
56257,0,0
222480,0,0
-207232,0,0
-147533,0,0
71214,0,0
-176643,0,0
-187295,0,0
-284345,0,0
-208898,0,0
-156460,0,0
404543,0,0
219914,0,0
121669,0,0
-260903,0,0
-352468,0,0
141853,0,0
-17306,0,0
-1872,0,0
-284773,0,0
-12722,0,0
83690,0,0
612050,0,0
247725,0,0
292252,0,0
54988,0,0
-330230,0,0
-12112,0,0
86117,0,0
154345,0,0
392274,0,0
487576,0,0
259961,0,0
387707,0,0
261960,0,0
247152,0,0
428190,0,0
190961,0,0
269256,0,0
195968,0,0
335323,0,0
273297,0,0
463664,0,0
257964,0,0
393899,0,0
479262,0,0
65175,0,0
216025,0,0
275496,0,0
539179,0,0
367474,0,0
202009,0,0
3733,0,0
598413,0,0
287058,0,0
158120,0,0
301201,0,0
-72206,0,0
310788,0,0
368310,0,0
275984,0,0
179299,0,0
621858,0,0
216563,0,0
292985,0,0
348070,0,0
-54592,0,0
58520,0,0
254073,0,0
259122,0,0
167841,0,0
72556,0,0
-82076,0,0
273304,0,0
378837,0,0
205753,0,0
226209,0,0
-165440,0,0
-71791,0,0
-254757,0,0
-145738,0,0
-186419,0,0
92438,0,0
-54255,0,0
52361,0,0
-34758,0,0
-554093,0,0
-206950,0,0
-55546,0,0
-181343,0,0
-231876,0,0
20588,0,0
-259235,0,0
-181760,0,0
-326204,0,0
-280385,0,0
-66745,0,0
-50849,0,0
232307,0,0
-172461,0,0
-72338,0,0
13167,0,0
-28415,0,0
-193487,0,0
-15821,0,0
311039,0,0
107800,0,0
325030,0,0
137100,0,0
95009,0,0
-2876,0,0
295078,0,0
168921,0,0
117724,0,0
67178,0,0
45301,0,0
638898,0,0
386172,0,0
161080,0,0
69727,0,0
76718,0,0
193545,0,0
395438,0,0
149522,0,0
156158,0,0
505803,0,0
107737,0,0
156669,0,0
47403,0,0
136684,0,0
278654,0,0
376875,0,0
117156,0,0
286153,0,0
-23939,0,0
-132720,0,0
250782,0,0
12623,0,0
162186,0,0
263850,0,0
12712,0,0
-137384,0,0
-69871,0,0
-294818,0,0
-322481,0,0
247839,0,0
-227453,0,0
-58022,0,0
-171709,0,0
-345435,0,0
-371461,0,0
-363049,0,0
-423450,0,0
-23176,0,0
-78284,0,0
-247295,0,0
-168611,0,0
-439128,0,0
-383849,0,0
-242773,0,0
-153126,0,0
-211025,0,0
-106468,0,0
-376527,0,0
-413307,0,0
-284297,0,0
-412103,0,0
106635,0,0
-27528,0,0
210311,0,0
52362,0,0
-188026,0,0
-583614,0,0
-401912,0,0
-314645,0,0
-349699,0,0
73008,0,0
-24235,0,0
46120,0,0
-104648,0,0
-42045,0,0
-290288,0,0
-282455,0,0
-390109,0,0
-213305,0,0
4764,0,0
-178921,0,0
136131,0,0
81757,0,0
109444,0,0
-42021,0,0
67492,0,0
-182177,0,0
129566,0,0
-9786,0,0
-262910,0,0
295881,0,0
115423,0,0
111851,0,0
173041,0,0
458216,0,0
138973,0,0
281536,0,0
-61150,0,0
225529,0,0
396112,0,0
14836,0,0
75196,0,0
281281,0,0
358674,0,0
264048,0,0
54234,0,0
-108037,0,0
167570,0,0
215556,0,0
193166,0,0
676119,0,0
161267,0,0
73979,0,0
402627,0,0
585010,0,0
75484,0,0
-8765,0,0
-34266,0,0
231673,0,0
440936,0,0
49325,0,0
375282,0,0
317003,0,0
249677,0,0
11334,0,0
129466,0,0
-90212,0,0
226108,0,0
17661,0,0
-339594,0,0
-6156,0,0
-231674,0,0
-112173,0,0
-61954,0,0
-127867,0,0
-354597,0,0
-296371,0,0
-615280,0,0
-471328,0,0
-313242,0,0
-702817,0,0
-621750,0,0
-631116,0,0
-234154,0,0
-203071,0,0
-228864,0,0
-747246,0,0
-561838,0,0
-445318,0,0
-666921,0,0
-290845,0,0
-671515,0,0
-606345,0,0
-475897,0,0
-360410,0,0
-457856,0,0
-181710,0,0
-417433,0,0
-391944,0,0
-170056,0,0
-609247,0,0
-380096,0,0
-437728,0,0
-499442,0,0
-345326,0,0
-144816,0,0
-199731,0,0
72107,0,0
-165433,0,0
-551075,0,0
-235461,0,0
-373225,0,0
-7567,0,0
47253,0,0
153402,0,0
-128502,0,0
436811,0,0
100032,0,0
-55005,0,0
215124,0,0
18674,0,0
529369,0,0
83642,0,0
99690,0,0
256164,0,0
457535,0,0
383511,0,0
264621,0,0
211308,0,0
-23082,0,0
365777,0,0
202703,0,0
399500,0,0
247756,0,0
159015,0,0
76270,0,0
186316,0,0
53870,0,0
11466,0,0
93907,0,0
167554,0,0
326319,0,0
274030,0,0
83524,0,0
33181,0,0
256324,0,0
111751,0,0
467042,0,0
57371,0,0
-242072,0,0
74182,0,0
124166,0,0
482068,0,0
396829,0,0
309280,0,0
269661,0,0
438836,0,0
-59668,0,0
-73670,0,0
95136,0,0
89424,0,0
422761,0,0
57255,0,0
4255,0,0
98086,0,0
222893,0,0
153437,0,0
358048,0,0
176774,0,0
-71291,0,0
189525,0,0
-185314,0,0
-219979,0,0
-13355,0,0
176221,0,0
186054,0,0
343853,0,0
14100,0,0
-58161,0,0
67897,0,0
-278893,0,0
-21304,0,0
-78094,0,0
202978,0,0
176517,0,0
11810,0,0
-304107,0,0
-29743,0,0
-141573,0,0
-216881,0,0
272011,0,0
-195053,0,0
107928,0,0
82813,0,0
-103456,0,0
-281807,0,0
-194888,0,0
-199274,0,0
374414,0,0
378145,0,0
-205257,0,0
7140,0,0
251884,0,0
-10703,0,0
-95096,0,0
-255654,0,0
-462315,0,0
4219,0,0
83705,0,0
96731,0,0
929013,0,0
403656,0,0
53738,0,0
-136650,0,0
-207770,0,0
-264134,0,0
-34648,0,0
-207308,0,0
56174,0,0
238988,0,0
-88696,0,0
490763,0,0
776046,0,0
401364,0,0
122030,0,0
-24685,0,0
-336218,0,0
125587,0,0
150095,0,0
110998,0,0
484993,0,0
71189,0,0
292364,0,0
118927,0,0
210084,0,0
26165,0,0
310429,0,0
76231,0,0
-56054,0,0
-38386,0,0
-415865,0,0
5466,0,0
-94607,0,0
-8164,0,0
67617,0,0
96048,0,0
-267163,0,0
-233369,0,0
-333434,0,0
-207481,0,0
12015,0,0
-66091,0,0
-61746,0,0
-115878,0,0
-422803,0,0
-204474,0,0
40021,0,0
-201763,0,0
-100992,0,0
3366,0,0
-562891,0,0
-189279,0,0
-116530,0,0
-181918,0,0
-133976,0,0
-68359,0,0
-483816,0,0
-80883,0,0
-299051,0,0
-569688,0,0
-50924,0,0
-74483,0,0
-167718,0,0
-101169,0,0
-181898,0,0
-291735,0,0
-122320,0,0
-477829,0,0
-118210,0,0
-12462,0,0
-149339,0,0
90489,0,0
94455,0,0
261762,0,0
245049,0,0
-124387,0,0
-360951,0,0
-187810,0,0
-301395,0,0
-65113,0,0
691247,0,0
247280,0,0
126649,0,0
157489,0,0
183533,0,0
-170226,0,0
10946,0,0
-126635,0,0
205376,0,0
370587,0,0
268659,0,0
291016,0,0
-171454,0,0
-144683,0,0
-61578,0,0
141224,0,0
-111487,0,0
367336,0,0
294171,0,0
17690,0,0
232633,0,0
177630,0,0
-93286,0,0
20747,0,0
-47103,0,0
-140986,0,0
324592,0,0
153397,0,0
171364,0,0
167554,0,0
75618,0,0
152070,0,0
-113642,0,0
-143275,0,0
156063,0,0
260596,0,0
20051,0,0
245819,0,0
173457,0,0
-271052,0,0
124007,0,0
11800,0,0
186820,0,0
-51226,0,0
-48649,0,0
-280763,0,0
157354,0,0
-59391,0,0
155615,0,0
345758,0,0
-358976,0,0
-363223,0,0
-129522,0,0
22323,0,0
-40815,0,0
-104166,0,0
-426865,0,0
-177697,0,0
-102825,0,0
-248471,0,0
-116236,0,0
-567430,0,0
-104297,0,0
456782,0,0
389125,0,0
-119441,0,0
-191939,0,0
-317210,0,0
-146583,0,0
134997,0,0
38662,0,0
215403,0,0
-80942,0,0
310765,0,0
409440,0,0
259279,0,0
-127865,0,0
191651,0,0
316822,0,0
225615,0,0
638157,0,0
225804,0,0
-99568,0,0
86135,0,0
209429,0,0
-78622,0,0
343033,0,0
276206,0,0
472521,0,0
507850,0,0
32521,0,0
227562,0,0
417127,0,0
357839,0,0
242411,0,0
302025,0,0
-35780,0,0
241003,0,0
232172,0,0
431466,0,0
723434,0,0
45611,0,0
-65404,0,0
223971,0,0
201943,0,0
340610,0,0
423591,0,0
-172062,0,0
13550,0,0
333230,0,0
-85437,0,0
310226,0,0
274936,0,0
-126159,0,0
-96010,0,0
159794,0,0
187661,0,0
134768,0,0
-270047,0,0
-400429,0,0
342182,0,0
42800,0,0
138690,0,0
95741,0,0
276941,0,0
251778,0,0
15894,0,0
-207681,0,0
-175248,0,0
73404,0,0
-165750,0,0
218399,0,0
120877,0,0
-73266,0,0
-76984,0,0
-64930,0,0
-104425,0,0
-63973,0,0
-19514,0,0
-107047,0,0
-120775,0,0
-143634,0,0
322138,0,0
-32087,0,0
-238043,0,0
-485393,0,0
-24703,0,0
-602615,0,0
-130001,0,0
-69206,0,0
-507832,0,0
-116505,0,0
-70714,0,0
-78406,0,0
161375,0,0
126890,0,0
-65587,0,0
-252506,0,0
-464623,0,0
-437081,0,0
23595,0,0
-190718,0,0
-215473,0,0
303711,0,0
47271,0,0
166260,0,0
684215,0,0
336665,0,0
289282,0,0
-307161,0,0
-509095,0,0
-48363,0,0
324668,0,0
318156,0,0
624894,0,0
692532,0,0
300197,0,0
427682,0,0
42704,0,0
-264021,0,0
272299,0,0
473337,0,0
135013,0,0
332172,0,0
52248,0,0
197186,0,0
457303,0,0
168835,0,0
225064,0,0
365712,0,0
-137182,0,0
350855,0,0
417297,0,0
-23393,0,0
-55870,0,0
-60123,0,0
-176871,0,0
287113,0,0
40910,0,0
-157693,0,0
181679,0,0
30191,0,0
213487,0,0
78030,0,0
-224147,0,0
-340886,0,0
-179411,0,0
-414496,0,0
-277016,0,0
-109333,0,0
-480400,0,0
-122904,0,0
-141204,0,0
-329110,0,0
-383074,0,0
-176072,0,0
-418766,0,0
130332,0,0
-17786,0,0
-612958,0,0
-354491,0,0
-500122,0,0
-105135,0,0
43839,0,0
-289075,0,0
-440195,0,0
235311,0,0
-15959,0,0
62244,0,0
151067,0,0
-415366,0,0
-110433,0,0
-5819,0,0
42231,0,0
183707,0,0
34753,0,0
38908,0,0
-46620,0,0
-98356,0,0
108107,0,0
318382,0,0
-208561,0,0
255528,0,0
339211,0,0
-117698,0,0
-197900,0,0
262309,0,0
-57314,0,0
339502,0,0
444997,0,0
-50240,0,0
349930,0,0
81238,0,0
115431,0,0
397867,0,0
416691,0,0
-114057,0,0
34403,0,0
103841,0,0
51388,0,0
577581,0,0
298420,0,0
318400,0,0
85548,0,0
233630,0,0
85326,0,0
328754,0,0
-127817,0,0
46016,0,0
310180,0,0
153826,0,0
236713,0,0
20906,0,0
-41265,0,0
254147,0,0
50764,0,0
-281050,0,0
-9463,0,0
25509,0,0
-46537,0,0
491031,0,0
172353,0,0
-66717,0,0
57832,0,0
-136861,0,0
-158867,0,0
9083,0,0
-414888,0,0
111097,0,0
361134,0,0
-67014,0,0
57930,0,0
-114636,0,0
-64964,0,0
-17757,0,0
29097,0,0
-408996,0,0
-88723,0,0
-297440,0,0
-292798,0,0
276613,0,0
-195610,0,0
168413,0,0
137425,0,0
-108096,0,0
-375334,0,0
-230951,0,0
-347148,0,0
-262293,0,0
49926,0,0
-166973,0,0
104508,0,0
-3703,0,0
19132,0,0
-281107,0,0
-125147,0,0
-255597,0,0
-160231,0,0
-204184,0,0
-97490,0,0
147143,0,0
-91954,0,0
51652,0,0
69380,0,0
69902,0,0
-18813,0,0
-69620,0,0
-410618,0,0
-201666,0,0
-97862,0,0
-176756,0,0
84603,0,0
136559,0,0
594419,0,0
623914,0,0
348113,0,0
-214854,0,0
-2980,0,0
23079,0,0
581,0,0
571962,0,0
101561,0,0
271524,0,0
360701,0,0
474652,0,0
101458,0,0
475712,0,0
294187,0,0
279195,0,0
409260,0,0
-86724,0,0
288622,0,0
272137,0,0
34024,0,0
222287,0,0
55701,0,0
-79248,0,0
371872,0,0
157217,0,0
-131566,0,0
-106433,0,0
-373312,0,0
123804,0,0
457168,0,0
43528,0,0
-71327,0,0
30563,0,0
-264694,0,0
-300432,0,0
-26107,0,0
-193592,0,0
139403,0,0
-45450,0,0
-423465,0,0
-286803,0,0
-32667,0,0
-266184,0,0
39724,0,0
-56174,0,0
-409062,0,0
-68068,0,0
-334181,0,0
-341246,0,0
-379919,0,0
-370087,0,0
-476751,0,0
-410275,0,0
-426662,0,0
-209288,0,0
308849,0,0
-143767,0,0
-339933,0,0
-514961,0,0
-520674,0,0
-209461,0,0
-92193,0,0
-508565,0,0
-41652,0,0
-217640,0,0
-399696,0,0
-84451,0,0
-316910,0,0
-338024,0,0
-194927,0,0
-303154,0,0
-412326,0,0
-306269,0,0
-475551,0,0
-176263,0,0
-22791,0,0
-155379,0,0
-100119,0,0
-367192,0,0
-303048,0,0
-321861,0,0
-187897,0,0
-432125,0,0
-101174,0,0
-67274,0,0
-309808,0,0
57376,0,0
-174155,0,0
-77410,0,0
-110385,0,0
-237292,0,0
-150092,0,0
19662,0,0
-92621,0,0
-224267,0,0
-5139,0,0
-83551,0,0
154445,0,0
7921,0,0
-54399,0,0
-238097,0,0
-146371,0,0
-273535,0,0
197429,0,0
208260,0,0
-216471,0,0
188273,0,0
-185113,0,0
-249715,0,0
28320,0,0
-4510,0,0
78454,0,0
348577,0,0
-89828,0,0
50929,0,0
27576,0,0
-534738,0,0
-91754,0,0
59876,0,0
-136054,0,0
98309,0,0
80064,0,0
-157825,0,0
379419,0,0
-99091,0,0
-245228,0,0
449214,0,0
-16685,0,0
-234185,0,0
86193,0,0
-174093,0,0
-165928,0,0
281089,0,0
-195006,0,0
75503,0,0
398147,0,0
-212600,0,0
55503,0,0
227137,0,0
36248,0,0
2871,0,0
-73492,0,0
-325550,0,0
192366,0,0
185631,0,0
66323,0,0
154798,0,0
152872,0,0
132411,0,0
-103192,0,0
-174064,0,0
-158239,0,0
473297,0,0
144518,0,0
198609,0,0
553607,0,0
-67102,0,0
-232326,0,0
-190501,0,0
210235,0,0
524250,0,0
362663,0,0
-140865,0,0
163424,0,0
-171,0,0
43752,0,0
492171,0,0
101099,0,0
276183,0,0
388895,0,0
-81030,0,0
-29022,0,0
564610,0,0
286571,0,0
186296,0,0
312221,0,0
-242088,0,0
401166,0,0
397221,0,0
229248,0,0
243546,0,0
62502,0,0
-374826,0,0
253616,0,0
327157,0,0
95611,0,0
339441,0,0
-21971,0,0
68767,0,0
174493,0,0
260287,0,0
721,0,0
163139,0,0
-395852,0,0
35370,0,0
338816,0,0
82848,0,0
379855,0,0
121989,0,0
81228,0,0
185556,0,0
-168585,0,0
-455681,0,0
196173,0,0
234095,0,0
-23795,0,0
452488,0,0
-76531,0,0
-13513,0,0
64689,0,0
-234899,0,0
11134,0,0
222096,0,0
131019,0,0
281372,0,0
250981,0,0
-310997,0,0
-28838,0,0
55051,0,0
13500,0,0
372953,0,0
421558,0,0
-146049,0,0
296767,0,0
275631,0,0
-129856,0,0
296991,0,0
-38503,0,0
-117206,0,0
183900,0,0
424073,0,0
294187,0,0
45536,0,0
-252650,0,0
-234397,0,0
375514,0,0
122427,0,0
215570,0,0
162477,0,0
-204476,0,0
-240776,0,0
-116470,0,0
-352862,0,0
-50357,0,0
5079,0,0
-47650,0,0
318302,0,0
-115226,0,0
-405350,0,0
-351411,0,0
-284354,0,0
-208167,0,0
-263590,0,0
-575365,0,0
-129384,0,0
163338,0,0
-190676,0,0
212372,0,0
-74719,0,0
-710650,0,0
-482745,0,0
-371345,0,0
-215880,0,0
117953,0,0
-133499,0,0
-92195,0,0
297941,0,0
-213883,0,0
-461617,0,0
-476978,0,0
-463079,0,0
-28644,0,0
59546,0,0
-190862,0,0
-39450,0,0
138300,0,0
-346229,0,0
-321646,0,0
-355100,0,0
-480947,0,0
-136205,0,0
48750,0,0
254420,0,0
277894,0,0
-293496,0,0
-523927,0,0
-167403,0,0
-296767,0,0
121583,0,0
374549,0,0
-135572,0,0
-191210,0,0
103899,0,0
-163531,0,0
171362,0,0
75477,0,0
-361215,0,0
214271,0,0
64491,0,0
-288892,0,0
16499,0,0
-131948,0,0
-182074,0,0
211951,0,0
-40353,0,0
-178579,0,0
-99039,0,0
-254399,0,0
-141159,0,0
92277,0,0
11750,0,0
81087,0,0
98237,0,0
-109277,0,0
-45296,0,0
-240110,0,0
-734813,0,0
-193106,0,0
182857,0,0
292101,0,0
417136,0,0
-61904,0,0
-453358,0,0
-110777,0,0
-197819,0,0
-427663,0,0
-4904,0,0
-166907,0,0
-59616,0,0
203957,0,0
-5169,0,0
-161914,0,0
-133108,0,0
-679734,0,0
-599813,0,0
-288306,0,0
-307769,0,0
40567,0,0
43406,0,0
-383991,0,0
-281302,0,0
-162606,0,0
-273365,0,0
241283,0,0
-81993,0,0
-571311,0,0
-110228,0,0
-314007,0,0
-433064,0,0
80359,0,0
316350,0,0
537706,0,0
366473,0,0
-405338,0,0
-284516,0,0
76295,0,0
114130,0,0
575400,0,0
443816,0,0
101256,0,0
-79145,0,0
-257420,0,0
200145,0,0
506580,0,0
409404,0,0
218518,0,0
379210,0,0
-68423,0,0
149193,0,0
43691,0,0
105829,0,0
-42603,0,0
513381,0,0
213928,0,0
126761,0,0
468724,0,0
-15634,0,0
73441,0,0
-18318,0,0
27991,0,0
98682,0,0
40574,0,0
-299909,0,0
88036,0,0
99649,0,0
224838,0,0
619822,0,0
69615,0,0
-71953,0,0
-166595,0,0
-203453,0,0
-138853,0,0
115451,0,0
-73066,0,0
108547,0,0
206437,0,0
-69360,0,0
129982,0,0
184946,0,0
89481,0,0
278238,0,0
-34679,0,0
-253611,0,0
70203,0,0
-198342,0,0
43494,0,0
379044,0,0
-34744,0,0
-46335,0,0
190885,0,0
291353,0,0
231173,0,0
337465,0,0
-173063,0,0
-309826,0,0
165029,0,0
11147,0,0
428896,0,0
554788,0,0
-296019,0,0
-36852,0,0
-17683,0,0
88255,0,0
575852,0,0
99888,0,0
100947,0,0
377314,0,0
252147,0,0
27166,0,0
38826,0,0
-107815,0,0
-127031,0,0
294837,0,0
32026,0,0
9687,0,0
49008,0,0
-49563,0,0
150218,0,0
142981,0,0
-395487,0,0
82145,0,0
324244,0,0
163179,0,0
353730,0,0
68818,0,0
-207024,0,0
149145,0,0
-138807,0,0
-183116,0,0
89987,0,0
195031,0,0
199022,0,0
486101,0,0
122741,0,0
82628,0,0
178793,0,0
126351,0,0
266350,0,0
-48243,0,0
-263179,0,0
29410,0,0
190257,0,0
96055,0,0
280478,0,0
-60346,0,0
-518054,0,0
-60316,0,0
-51755,0,0
198588,0,0
299776,0,0
71269,0,0
-182553,0,0
26797,0,0
-12110,0,0
127291,0,0
384769,0,0
-10347,0,0
151590,0,0
173859,0,0
-91584,0,0
98452,0,0
27852,0,0
-88918,0,0
336118,0,0
415513,0,0
-97871,0,0
178448,0,0
-23621,0,0
-65060,0,0
298568,0,0
-228020,0,0
-45339,0,0
203837,0,0
-132879,0,0
7810,0,0
123320,0,0
-360145,0,0
-267200,0,0
-237286,0,0
-278737,0,0
93617,0,0
140382,0,0
-188278,0,0
65683,0,0
-305760,0,0
-586800,0,0
-77322,0,0
-243970,0,0
-246155,0,0
-80400,0,0
-322133,0,0
-330691,0,0
-77106,0,0
-409660,0,0
-146397,0,0
-37460,0,0
-306630,0,0
-183199,0,0
-374295,0,0
-390062,0,0
-188190,0,0
-276496,0,0
-364057,0,0
-22766,0,0
-259790,0,0
-206561,0,0
-104749,0,0
-321625,0,0
-203358,0,0
-70725,0,0
-40749,0,0
-68136,0,0
-117468,0,0
-462547,0,0
-160777,0,0
393954,0,0
-3083,0,0
142211,0,0
184138,0,0
-56727,0,0
215521,0,0
19572,0,0
-202482,0,0
434883,0,0
135069,0,0
-58283,0,0
107604,0,0
15290,0,0
210842,0,0
331368,0,0
206459,0,0
50536,0,0
-85445,0,0
-322398,0,0
-193387,0,0
-23317,0,0
-5163,0,0
121681,0,0
185564,0,0
81354,0,0
173625,0,0
60687,0,0
-272875,0,0
17520,0,0
-227299,0,0
-525600,0,0
-156219,0,0
-79204,0,0
174470,0,0
413214,0,0
35131,0,0
-270477,0,0
-84053,0,0
-292289,0,0
-118098,0,0
386882,0,0
133918,0,0
132801,0,0
-73355,0,0
-270616,0,0
-106646,0,0
13549,0,0
78599,0,0
321058,0,0
225977,0,0
140964,0,0
175761,0,0
125346,0,0
24128,0,0
196791,0,0
78137,0,0
142102,0,0
286891,0,0
-180498,0,0
112175,0,0
475175,0,0
163606,0,0
210157,0,0
177130,0,0
-57619,0,0
276563,0,0
274308,0,0
-84447,0,0
175639,0,0
-100869,0,0
-105224,0,0
276137,0,0
83932,0,0
38167,0,0
327929,0,0
221835,0,0
-66408,0,0
-19260,0,0
-108680,0,0
79681,0,0
18940,0,0
-134564,0,0
104324,0,0
328451,0,0
56706,0,0
94362,0,0
44870,0,0
-123547,0,0
-119424,0,0
-224090,0,0
-4780,0,0
364121,0,0
37678,0,0
1739,0,0
55174,0,0
-133277,0,0
-119489,0,0
167385,0,0
-202745,0,0
-94548,0,0
240069,0,0
-126753,0,0
158639,0,0
-32215,0,0
-129452,0,0
63676,0,0
128424,0,0
85681,0,0
222477,0,0
-299559,0,0
-347683,0,0
300231,0,0
297425,0,0
206615,0,0
358435,0,0
88051,0,0
-57690,0,0
-6328,0,0
-86377,0,0
253843,0,0
302881,0,0
-55988,0,0
-103089,0,0
-11408,0,0
-97057,0,0
439151,0,0
442674,0,0
286473,0,0
151033,0,0
-359163,0,0
-432371,0,0
4367,0,0
-21785,0,0
-190986,0,0
-50623,0,0
242364,0,0
721349,0,0
548944,0,0
-281473,0,0
-96479,0,0
8151,0,0
-242240,0,0
-38291,0,0
72711,0,0
35693,0,0
228384,0,0
163768,0,0
182731,0,0
231631,0,0
131668,0,0
-149645,0,0
174647,0,0
62339,0,0
-196413,0,0
-62324,0,0
-218690,0,0
34538,0,0
-53744,0,0
-372836,0,0
66776,0,0
226831,0,0
-276906,0,0
-182435,0,0
-272002,0,0
-219473,0,0
-120561,0,0
-271722,0,0
-504166,0,0
-325319,0,0
-328538,0,0
-485209,0,0
-141098,0,0
-281559,0,0
-92930,0,0
-213652,0,0
-447357,0,0
-117055,0,0
-23110,0,0
-636020,0,0
-379514,0,0
-281708,0,0
-392612,0,0
-186877,0,0
-121849,0,0
-292939,0,0
106429,0,0
-78203,0,0
-84232,0,0
74023,0,0
-83498,0,0
-193924,0,0
-59685,0,0
-204668,0,0
-239416,0,0
135746,0,0
233294,0,0
224606,0,0
134367,0,0
-161478,0,0
-19723,0,0
249187,0,0
57759,0,0
39459,0,0
59279,0,0
-39180,0,0
123931,0,0
102173,0,0
38698,0,0
264377,0,0
-70745,0,0
-106778,0,0
-30856,0,0
-190820,0,0
-130209,0,0
16240,0,0
-166072,0,0
62283,0,0
23440,0,0
7645,0,0
79356,0,0
-129742,0,0
-332725,0,0
-38608,0,0
22889,0,0
-295941,0,0
-20336,0,0
-48460,0,0
-58660,0,0
150299,0,0
63456,0,0
-252030,0,0
-21922,0,0
-107230,0,0
-170646,0,0
160669,0,0
149776,0,0
123477,0,0
147615,0,0
-143317,0,0
28481,0,0
-106906,0,0
-324539,0,0
-64346,0,0
502092,0,0
296901,0,0
100673,0,0
-163951,0,0
-23565,0,0
189149,0,0
-57367,0,0
86873,0,0
427584,0,0
192405,0,0
38344,0,0
-22177,0,0
-91524,0,0
13032,0,0
297228,0,0
-87793,0,0
46580,0,0
-13496,0,0
-59582,0,0
184326,0,0
171346,0,0
45445,0,0
83211,0,0
31449,0,0
-180528,0,0
-28607,0,0
-57924,0,0
-255975,0,0
408892,0,0
156378,0,0
-156165,0,0
-18702,0,0
-171366,0,0
116115,0,0
232611,0,0
-127648,0,0
26963,0,0
62783,0,0
-202897,0,0
-121122,0,0
-123219,0,0
-215248,0,0
23492,0,0
-101680,0,0
-472103,0,0
-60648,0,0
28554,0,0
14619,0,0
154484,0,0
-301273,0,0
-289040,0,0
72219,0,0
-172237,0,0
-162757,0,0
177488,0,0
-107433,0,0
116118,0,0
165686,0,0
-70322,0,0
164455,0,0
239119,0,0
89129,0,0
94223,0,0
3828,0,0
-5582,0,0
304110,0,0
24629,0,0
185084,0,0
392203,0,0
321538,0,0
161194,0,0
116305,0,0
-74235,0,0
90524,0,0
271656,0,0
-247,0,0
367536,0,0
246530,0,0
-32176,0,0
96223,0,0
113711,0,0
-40256,0,0
278820,0,0
402287,0,0
104223,0,0
40530,0,0
-129549,0,0
-171122,0,0
104464,0,0
85978,0,0
-33811,0,0
172786,0,0
-139816,0,0
-250107,0,0
-47199,0,0
-64788,0,0
149466,0,0
-121895,0,0
-343560,0,0
-101703,0,0
67700,0,0
-71071,0,0
-34970,0,0
-326538,0,0
-435066,0,0
-104817,0,0
-241829,0,0
-95795,0,0
16224,0,0
-8839,0,0
-58493,0,0
85943,0,0
-168293,0,0
-273325,0,0
-227385,0,0
-259156,0,0
153846,0,0
-75441,0,0
-392788,0,0
-122365,0,0
54042,0,0
-41101,0,0
-7649,0,0
-337045,0,0
-305713,0,0
-40413,0,0
209741,0,0
198297,0,0
437402,0,0
-125857,0,0
-515999,0,0
-187258,0,0
-151621,0,0
-7177,0,0
193423,0,0
49165,0,0
378603,0,0
268318,0,0
223021,0,0
162524,0,0
95861,0,0
-105036,0,0
4481,0,0
140765,0,0
91786,0,0
404953,0,0
49550,0,0
-121289,0,0
52093,0,0
-184441,0,0
-265306,0,0
-120459,0,0
-58207,0,0
-40047,0,0
75973,0,0
-218779,0,0
-256721,0,0
-156288,0,0
-506848,0,0
-222598,0,0
30219,0,0
-234456,0,0
-277599,0,0
-347459,0,0
-386144,0,0
-77686,0,0
-325236,0,0
-361790,0,0
-157214,0,0
-71363,0,0
-47558,0,0
235047,0,0
77852,0,0
-108279,0,0
-210477,0,0
-333127,0,0
-124921,0,0
-245630,0,0
-119049,0,0
133033,0,0
110207,0,0
30668,0,0
161405,0,0
-117772,0,0
-165506,0,0
-27100,0,0
-196933,0,0
1542,0,0
209514,0,0
53406,0,0
-204747,0,0
-108550,0,0
-119822,0,0
-52951,0,0
-95976,0,0
-248532,0,0
143814,0,0
299344,0,0
-3857,0,0
-230615,0,0
-98702,0,0
-165126,0,0
154262,0,0
-61341,0,0
-221230,0,0
220003,0,0
-78176,0,0
-36310,0,0
30886,0,0
-7766,0,0
14513,0,0
181075,0,0
-4734,0,0
-10670,0,0
-107873,0,0
-215007,0,0
90856,0,0
405620,0,0
590284,0,0
237879,0,0
-76826,0,0
-217400,0,0
251736,0,0
121825,0,0
84323,0,0
223229,0,0
116562,0,0
43887,0,0
291556,0,0
404494,0,0
185070,0,0
330048,0,0
-150776,0,0
-169355,0,0
122196,0,0
10312,0,0
182974,0,0
120708,0,0
-85556,0,0
-105830,0,0
-190634,0,0
-14284,0,0
174492,0,0
424716,0,0
287206,0,0
25561,0,0
-223747,0,0
-227442,0,0
-104835,0,0
158024,0,0
140420,0,0
241154,0,0
150300,0,0
219246,0,0
362263,0,0
-38261,0,0
77432,0,0
273130,0,0
82276,0,0
95447,0,0
230435,0,0
108607,0,0
124295,0,0
-102633,0,0
-176710,0,0
-38070,0,0
42701,0,0
163986,0,0
567631,0,0
69037,0,0
-300804,0,0
-89474,0,0
-220708,0,0
-58429,0,0
-70002,0,0
-111932,0,0
180656,0,0
26818,0,0
-333495,0,0
4367,0,0
360104,0,0
218902,0,0
121262,0,0
-76815,0,0
-255341,0,0
-68512,0,0
-22524,0,0
21845,0,0
224094,0,0
82854,0,0
-18017,0,0
90198,0,0
-61979,0,0
59922,0,0
17339,0,0
-96835,0,0
3089,0,0
-6680,0,0
-154984,0,0
-70079,0,0
71179,0,0
-100808,0,0
19250,0,0
-238932,0,0
-229310,0,0
2366,0,0
-99177,0,0
-61362,0,0
-58133,0,0
-182678,0,0
-337787,0,0
-76974,0,0
-271565,0,0
-54903,0,0
102705,0,0
-240882,0,0
-286420,0,0
-387175,0,0
-405926,0,0
17328,0,0
307050,0,0
-192873,0,0
-233489,0,0
-298796,0,0
-348946,0,0
-282730,0,0
-316182,0,0
-61961,0,0
212739,0,0
-100978,0,0
-120237,0,0
49421,0,0
-222756,0,0
-80424,0,0
-109376,0,0
-93105,0,0
33039,0,0
50348,0,0
-47714,0,0
25555,0,0
22100,0,0
32865,0,0
163224,0,0
141887,0,0
261687,0,0
166179,0,0
-83419,0,0
-77354,0,0
292832,0,0
352402,0,0
189470,0,0
294692,0,0
206740,0,0
194784,0,0
114750,0,0
-17753,0,0
210807,0,0
200193,0,0
47408,0,0
15383,0,0
180155,0,0
50833,0,0
234299,0,0
4457,0,0
-62099,0,0
176358,0,0
132317,0,0
-167566,0,0
-137285,0,0
-64737,0,0
-194604,0,0
61429,0,0
-330742,0,0
-319780,0,0
-24614,0,0
8459,0,0
288695,0,0
103006,0,0
-303853,0,0
-269988,0,0
73024,0,0
-67359,0,0
-216954,0,0
-452706,0,0
-341659,0,0
-39642,0,0
-73714,0,0
-16628,0,0
164226,0,0
-172223,0,0
-272137,0,0
-94549,0,0
-411722,0,0
-247682,0,0
-15802,0,0
-120522,0,0
309070,0,0
52210,0,0
-114240,0,0
-187284,0,0
-35113,0,0
-170131,0,0
116786,0,0
130102,0,0
1508,0,0
90312,0,0
-37991,0,0
25763,0,0
247928,0,0
150948,0,0
-1529,0,0
167134,0,0
-49579,0,0
99179,0,0
110174,0,0
322678,0,0
224890,0,0
61725,0,0
507,0,0
129989,0,0
157730,0,0
139831,0,0
317715,0,0
-40167,0,0
-31708,0,0
126149,0,0
-40737,0,0
142604,0,0
266047,0,0
268286,0,0
-111671,0,0
-82680,0,0
69262,0,0
107303,0,0
101519,0,0
-100104,0,0
-100913,0,0
-249738,0,0
-199551,0,0
-30279,0,0
326412,0,0
366232,0,0
104116,0,0
-335308,0,0
-294872,0,0
24423,0,0
-50652,0,0
-193373,0,0
-56918,0,0
60933,0,0
-9406,0,0
405436,0,0
230091,0,0
376175,0,0
173801,0,0
-113998,0,0
-1500,0,0
-31687,0,0
-125605,0,0
17847,0,0
242819,0,0
371813,0,0
533404,0,0
211402,0,0
24007,0,0
105093,0,0
157479,0,0
90330,0,0
180861,0,0
180107,0,0
14690,0,0
76392,0,0
-95382,0,0
119393,0,0
218631,0,0
136752,0,0
25057,0,0
-131828,0,0
-40816,0,0
226124,0,0
20040,0,0
-39897,0,0
-20786,0,0
-31590,0,0
44252,0,0
26239,0,0
-240863,0,0
-177222,0,0
-39200,0,0
-188753,0,0
-356128,0,0
-15132,0,0
-98549,0,0
-210334,0,0
-305155,0,0
-300242,0,0
-230434,0,0
-410227,0,0
-319881,0,0
-267808,0,0
-311712,0,0
-316910,0,0
-174510,0,0
-332665,0,0
-456520,0,0
-329123,0,0
-421060,0,0
-239186,0,0
-146623,0,0
-235215,0,0
-370811,0,0
-135840,0,0
-285232,0,0
-66503,0,0
-102328,0,0
-161652,0,0
-173282,0,0
-353990,0,0
-248336,0,0
-151311,0,0
-104649,0,0
-204054,0,0
-69023,0,0
-148119,0,0
-194617,0,0
-75486,0,0
-235122,0,0
-157092,0,0
-27245,0,0
-34197,0,0
-248751,0,0
-211063,0,0
-298672,0,0
-17807,0,0
-129771,0,0
-228738,0,0
-132669,0,0
-193004,0,0
104798,0,0
-68679,0,0
-197967,0,0
-291365,0,0
-85800,0,0
-133772,0,0
-340585,0,0
-189509,0,0
-315156,0,0
168580,0,0
2762,0,0
-302417,0,0
-262213,0,0
-56081,0,0
107073,0,0
92161,0,0
-202326,0,0
-282539,0,0
-51277,0,0
-89302,0,0
-175036,0,0
-161124,0,0
96576,0,0
164120,0,0
456607,0,0
267135,0,0
-12647,0,0
-258819,0,0
-244801,0,0
55521,0,0
191626,0,0
219068,0,0
36326,0,0
155620,0,0
-78954,0,0
93562,0,0
19278,0,0
-16923,0,0
217642,0,0
23228,0,0
-37239,0,0
96432,0,0
183769,0,0
-93264,0,0
152178,0,0
308481,0,0
458771,0,0
361044,0,0
14875,0,0
-24269,0,0
-31781,0,0
246006,0,0
387013,0,0
530600,0,0
396959,0,0
437337,0,0
327897,0,0
180495,0,0
348812,0,0
193170,0,0
320434,0,0
314104,0,0
305395,0,0
161022,0,0
284733,0,0
104052,0,0
165220,0,0
-28448,0,0
-29191,0,0
232289,0,0
226296,0,0
362531,0,0
105762,0,0
62484,0,0
-13799,0,0
245916,0,0
184683,0,0
-74297,0,0
10514,0,0
-27499,0,0
20446,0,0
231486,0,0
601100,0,0
76914,0,0
156441,0,0
-130199,0,0
-13659,0,0
46918,0,0
60020,0,0
443712,0,0
304150,0,0
170037,0,0
-165201,0,0
-64902,0,0
-19696,0,0
239262,0,0
174596,0,0
50375,0,0
172672,0,0
-74757,0,0
-788,0,0
13269,0,0
48212,0,0
-144846,0,0
154837,0,0
3993,0,0
54064,0,0
72943,0,0
11994,0,0
111151,0,0
-91207,0,0
-101454,0,0
-140341,0,0
27585,0,0
4191,0,0
296509,0,0
74962,0,0
-24394,0,0
91222,0,0
-157377,0,0
-21913,0,0
45826,0,0
-53958,0,0
-50427,0,0
175632,0,0
48852,0,0
56678,0,0
-141523,0,0
-242793,0,0
-122017,0,0
-149203,0,0
-95521,0,0
-233807,0,0
-10027,0,0
-64789,0,0
88434,0,0
35136,0,0
-41170,0,0
-118879,0,0
-231116,0,0
-182003,0,0
-278283,0,0
-87939,0,0
12616,0,0
173954,0,0
-161622,0,0
-7177,0,0
-176280,0,0
-212407,0,0
-92345,0,0
-71180,0,0
-68669,0,0
-276891,0,0
5036,0,0
39607,0,0
81392,0,0
-344031,0,0
-203064,0,0
-9254,0,0
-322152,0,0
-291908,0,0
-383764,0,0
44973,0,0
148840,0,0
248542,0,0
-87342,0,0
-35067,0,0
-24508,0,0
-246490,0,0
-54925,0,0
48795,0,0
-87641,0,0
-144333,0,0
27558,0,0
-87048,0,0
48737,0,0
-48898,0,0
-46572,0,0
-70895,0,0
-458927,0,0
-167006,0,0
-91919,0,0
-25393,0,0
-91197,0,0
-75598,0,0
-245428,0,0
26465,0,0
17109,0,0
-230072,0,0
73710,0,0
-218661,0,0
-116048,0,0
-209575,0,0
-68932,0,0
-128051,0,0
144132,0,0
247970,0,0
27323,0,0
-83491,0,0
-226548,0,0
-86546,0,0
-147332,0,0
106490,0,0
-4166,0,0
134359,0,0
-178989,0,0
-148385,0,0
7299,0,0
-207618,0,0
-43887,0,0
65675,0,0
203843,0,0
-11973,0,0
14563,0,0
-194452,0,0
91402,0,0
147791,0,0
188502,0,0
435979,0,0
107901,0,0
60593,0,0
68544,0,0
378724,0,0
230257,0,0
234009,0,0
87952,0,0
279984,0,0
128827,0,0
-42461,0,0
251627,0,0
233745,0,0
118242,0,0
214473,0,0
238348,0,0
-92238,0,0
-81776,0,0
38367,0,0
327299,0,0
334136,0,0
-131655,0,0
-243233,0,0
-208204,0,0
51004,0,0
45541,0,0
-4053,0,0
-147675,0,0
176660,0,0
-74443,0,0
-199348,0,0
150472,0,0
-195988,0,0
-348295,0,0
-313107,0,0
-37056,0,0
-117917,0,0
60169,0,0
-181335,0,0
-326588,0,0
-128371,0,0
-417100,0,0
-343548,0,0
-484183,0,0
-277430,0,0
-351932,0,0
-184891,0,0
-92941,0,0
50868,0,0
-202910,0,0
-283884,0,0
255169,0,0
-128463,0,0
-348812,0,0
-509703,0,0
-157611,0,0
82993,0,0
177570,0,0
51541,0,0
18639,0,0
27787,0,0
-129558,0,0
190301,0,0
25920,0,0
166012,0,0
151425,0,0
312024,0,0
57705,0,0
7949,0,0
-99979,0,0
-126655,0,0
12309,0,0
134994,0,0
218239,0,0
1105,0,0
-12028,0,0
-274591,0,0
-229536,0,0
-174488,0,0
53438,0,0
215671,0,0
-52453,0,0
-236769,0,0
-465700,0,0
-225930,0,0
59020,0,0
203951,0,0
-254957,0,0
-52248,0,0
-287573,0,0
-467386,0,0
-122138,0,0
-250315,0,0
-30583,0,0
-48520,0,0
5378,0,0
-112415,0,0
249078,0,0
-87732,0,0
-212558,0,0
-78910,0,0
-198392,0,0
-111440,0,0
-68707,0,0
-3366,0,0
38719,0,0
150432,0,0
-40368,0,0
-33610,0,0
14636,0,0
-88789,0,0
-40301,0,0
-134837,0,0
-53829,0,0
-210249,0,0
59654,0,0
314448,0,0
487566,0,0
-55643,0,0
-313594,0,0
-164336,0,0
-378939,0,0
-3662,0,0
177483,0,0
-45959,0,0
23222,0,0
254631,0,0
204147,0,0
101501,0,0
-21655,0,0
-193722,0,0
-113783,0,0
-66415,0,0
-116326,0,0
-132014,0,0
-83143,0,0
-29724,0,0
310568,0,0
91288,0,0
-84009,0,0
-25025,0,0
-338272,0,0
-402086,0,0
-325594,0,0
-70447,0,0
145331,0,0
316560,0,0
-190148,0,0
-329010,0,0
-296008,0,0
-335598,0,0
-83186,0,0
-177458,0,0
13343,0,0
-145458,0,0
171040,0,0
53736,0,0
-619,0,0
-193228,0,0
-154511,0,0
8421,0,0
-253802,0,0
50722,0,0
18546,0,0
110930,0,0
16934,0,0
137865,0,0
-61134,0,0
23582,0,0
101535,0,0
-25745,0,0
258534,0,0
106942,0,0
187342,0,0
105125,0,0
223915,0,0
-63068,0,0
412931,0,0
296407,0,0
434703,0,0
520041,0,0
41798,0,0
131810,0,0
39572,0,0
210913,0,0
283956,0,0
395055,0,0
176861,0,0
167645,0,0
95895,0,0
250521,0,0
336845,0,0
206282,0,0
282501,0,0
-13832,0,0
128383,0,0
-40563,0,0
205565,0,0
-101599,0,0
132474,0,0
224060,0,0
110140,0,0
337345,0,0
292035,0,0
160524,0,0
44861,0,0
9596,0,0
-180455,0,0
242806,0,0
159669,0,0
222591,0,0
494063,0,0
48797,0,0
181383,0,0
36253,0,0
117610,0,0
-91023,0,0
280166,0,0
48004,0,0
126369,0,0
176729,0,0
92902,0,0
553251,0,0
377713,0,0
54358,0,0
-95187,0,0
28940,0,0
-114519,0,0
152300,0,0
148413,0,0
-115504,0,0
23927,0,0
32632,0,0
243713,0,0
330629,0,0
52575,0,0
-141671,0,0
80112,0,0
97858,0,0
24315,0,0
-118991,0,0
-316419,0,0
-127050,0,0
-63502,0,0
136748,0,0
109605,0,0
127990,0,0
-77313,0,0
147994,0,0
1095,0,0
-36687,0,0
140732,0,0
-58503,0,0
-24189,0,0
53849,0,0
-40498,0,0
6514,0,0
92076,0,0
-20428,0,0
-23125,0,0
141853,0,0
-169386,0,0
48756,0,0
101125,0,0
80443,0,0
224341,0,0
206356,0,0
-187379,0,0
51824,0,0
-82324,0,0
-129541,0,0
231439,0,0
2662,0,0
211791,0,0
-40724,0,0
97179,0,0
78584,0,0
276613,0,0
-86677,0,0
-85052,0,0
127076,0,0
-46055,0,0
172931,0,0
-126963,0,0
180164,0,0
32634,0,0
50050,0,0
-207074,0,0
19144,0,0
418456,0,0
83926,0,0
235226,0,0
-47624,0,0
-155923,0,0
-1334,0,0
114545,0,0
-49927,0,0
45004,0,0
-270617,0,0
-75996,0,0
121981,0,0
-13104,0,0
281871,0,0
-62817,0,0
89760,0,0
71084,0,0
124078,0,0
-337721,0,0
72133,0,0
27990,0,0
-54463,0,0
124889,0,0
190153,0,0
165868,0,0
-41887,0,0
-61244,0,0
-138246,0,0
151945,0,0
-63731,0,0
88872,0,0
272168,0,0
-123250,0,0
163848,0,0
-48611,0,0
-95327,0,0
-89147,0,0
-417595,0,0
-691091,0,0
-232263,0,0
-211482,0,0
-97150,0,0
341976,0,0
62693,0,0
-70065,0,0
-467038,0,0
-494295,0,0
-486486,0,0
-205242,0,0
-473017,0,0
-256960,0,0
-21998,0,0
-323826,0,0
-59256,0,0
-95958,0,0
-267357,0,0
-329768,0,0
-180619,0,0
-389802,0,0
-243621,0,0
-382090,0,0
-526705,0,0
-369869,0,0
-422337,0,0
-246263,0,0
-228464,0,0
-132113,0,0
-538914,0,0
-271063,0,0
-551286,0,0
-264972,0,0
3065,0,0
-526932,0,0
-352333,0,0
-34654,0,0
-65847,0,0
-5871,0,0
-292696,0,0
-571750,0,0
-199343,0,0
-23097,0,0
117146,0,0
328350,0,0
-187421,0,0
-155044,0,0
-102149,0,0
44905,0,0
-20601,0,0
62691,0,0
-185024,0,0
-90843,0,0
-24643,0,0
-205213,0,0
-5266,0,0
12575,0,0
-46592,0,0
58941,0,0
277969,0,0
-204152,0,0
-209922,0,0
-255258,0,0
-287887,0,0
229115,0,0
-65610,0,0
-180340,0,0
-138440,0,0
-41886,0,0
-80142,0,0
258830,0,0
-90815,0,0
-229411,0,0
-11913,0,0
-367659,0,0
-3421,0,0
85633,0,0
-77269,0,0
-150253,0,0
56628,0,0
-212336,0,0
1794,0,0
-80604,0,0
-216790,0,0
154269,0,0
-9297,0,0
47652,0,0
-92672,0,0
-83877,0,0
-138842,0,0
129351,0,0
73310,0,0
268985,0,0
427797,0,0
-212323,0,0
-171656,0,0
-55393,0,0
166225,0,0
297478,0,0
185799,0,0
-134401,0,0
70696,0,0
-74027,0,0
-104943,0,0
302759,0,0
95259,0,0
245535,0,0
-25172,0,0
-214229,0,0
-225024,0,0
117886,0,0
-391187,0,0
-340067,0,0
-141073,0,0
-420880,0,0
44183,0,0
266486,0,0
-91460,0,0
-200442,0,0
-182029,0,0
-399302,0,0
-223920,0,0
-195429,0,0
-409439,0,0
61779,0,0
-242320,0,0
-300287,0,0
-155113,0,0
18143,0,0
-88045,0,0
126109,0,0
-325673,0,0
-58958,0,0
102112,0,0
-238353,0,0
-208330,0,0
-230676,0,0
-285054,0,0
-34254,0,0
134785,0,0
-106921,0,0
142156,0,0
7566,0,0
-275320,0,0
272119,0,0
128824,0,0
100223,0,0
-71068,0,0
-11388,0,0
-30459,0,0
279831,0,0
-19028,0,0
228943,0,0
331316,0,0
-82623,0,0
54182,0,0
308901,0,0
51498,0,0
178621,0,0
130867,0,0
-165495,0,0
146167,0,0
97880,0,0
62068,0,0
419189,0,0
9742,0,0
-191657,0,0
-254172,0,0
-52011,0,0
-262554,0,0
182402,0,0
270475,0,0
564680,0,0
315020,0,0
-221256,0,0
40526,0,0
-67711,0,0
-67440,0,0
91137,0,0
201415,0,0
-160014,0,0
295343,0,0
377968,0,0
205882,0,0
492986,0,0
59810,0,0
7820,0,0
30062,0,0
128500,0,0
45163,0,0
314580,0,0
-18730,0,0
56727,0,0
187908,0,0
-120182,0,0
46562,0,0
174956,0,0
21432,0,0
93243,0,0
311758,0,0
-170869,0,0
47622,0,0
-78398,0,0
-312889,0,0
-79617,0,0
-262087,0,0
-51482,0,0
-34268,0,0
46364,0,0
-25395,0,0
-105495,0,0
-427837,0,0
-165346,0,0
-5067,0,0
-205120,0,0
184409,0,0
94878,0,0
-308846,0,0
-247021,0,0
-66632,0,0
-298198,0,0
-22157,0,0
145451,0,0
-100494,0,0
128920,0,0
-41797,0,0
157416,0,0
94080,0,0
272,0,0
-63575,0,0
382344,0,0
-9067,0,0
-1553,0,0
91097,0,0
-172821,0,0
232801,0,0
49137,0,0
100822,0,0
203135,0,0
116234,0,0
-183277,0,0
192034,0,0
105076,0,0
-44462,0,0
118628,0,0
-287920,0,0
-128156,0,0
181774,0,0
229863,0,0
5141,0,0
95239,0,0
-307470,0,0
-96674,0,0
193798,0,0
160845,0,0
390708,0,0
-124561,0,0
-341816,0,0
-111530,0,0
176155,0,0
-8916,0,0
387410,0,0
114060,0,0
-22955,0,0
259589,0,0
141710,0,0
354556,0,0
113287,0,0
4505,0,0
131099,0,0
149457,0,0
9053,0,0
215767,0,0
362825,0,0
-226084,0,0
186456,0,0
132620,0,0
214134,0,0
277649,0,0
480890,0,0
134027,0,0
325829,0,0
49764,0,0
-134240,0,0
114020,0,0
4881,0,0
237713,0,0
358232,0,0
214052,0,0
239665,0,0
354731,0,0
61218,0,0
356158,0,0
664664,0,0
-12933,0,0
-51459,0,0
-86526,0,0
34242,0,0
398112,0,0
513394,0,0
130626,0,0
497998,0,0
299010,0,0
-1071,0,0
246408,0,0
22019,0,0
196527,0,0
-90469,0,0
141637,0,0
156772,0,0
609924,0,0
108173,0,0
3971,0,0
54422,0,0
-173542,0,0
-23792,0,0
-114606,0,0
39430,0,0
301648,0,0
274847,0,0
-43575,0,0
234437,0,0
-142373,0,0
-261421,0,0
70316,0,0
-203274,0,0
-55194,0,0
130145,0,0
66572,0,0
252212,0,0
479573,0,0
-161994,0,0
-11518,0,0
22831,0,0
-256133,0,0
179777,0,0
-2642,0,0
-87498,0,0
41536,0,0
-54965,0,0
-53647,0,0
364588,0,0
182108,0,0
-262307,0,0
41705,0,0
-159074,0,0
7514,0,0
-35338,0,0
-94085,0,0
-17749,0,0
337826,0,0
-22223,0,0
-23802,0,0
4936,0,0
-341619,0,0
190668,0,0
181107,0,0
124061,0,0
170325,0,0
79233,0,0
-227137,0,0
-41453,0,0
5170,0,0
-181534,0,0
188415,0,0
12879,0,0
-181940,0,0
-33540,0,0
18928,0,0
63220,0,0
169949,0,0
-115209,0,0
-27755,0,0
261049,0,0
-150193,0,0
90436,0,0
-80902,0,0
-16679,0,0
157538,0,0
180673,0,0
-53742,0,0
285712,0,0
29431,0,0
-128459,0,0
231472,0,0
-79645,0,0
-56214,0,0
588,0,0
120054,0,0
171374,0,0
210098,0,0
-3605,0,0
-51843,0,0
-14264,0,0
-413490,0,0
3012,0,0
245472,0,0
366187,0,0
189998,0,0
-116777,0,0
-307612,0,0
180792,0,0
-75983,0,0
-166254,0,0
346982,0,0
180357,0,0
160216,0,0
161591,0,0
-107253,0,0
-50379,0,0
55433,0,0
-272807,0,0
-117053,0,0
348843,0,0
-305225,0,0
-48887,0,0
-155337,0,0
-183469,0,0
-1504,0,0
303994,0,0
-32511,0,0
23303,0,0
-8908,0,0
12138,0,0
154263,0,0
-290652,0,0
-317698,0,0
75540,0,0
88133,0,0
55888,0,0
320928,0,0
180283,0,0
390798,0,0
433746,0,0
-143248,0,0
96217,0,0
-134332,0,0
-82355,0,0
151810,0,0
207506,0,0
-7072,0,0
354253,0,0
72305,0,0
-275896,0,0
241583,0,0
150043,0,0
83707,0,0
88076,0,0
-87588,0,0
-92721,0,0
120133,0,0
-255383,0,0
-47255,0,0
73652,0,0
-414846,0,0
-131488,0,0
-200097,0,0
-224999,0,0
81181,0,0
325319,0,0
-197383,0,0
-184291,0,0
-440851,0,0
-424988,0,0
-68961,0,0
-276380,0,0
-23971,0,0
20193,0,0
-265474,0,0
-172981,0,0
62710,0,0
-167125,0,0
3605,0,0
49498,0,0
-265955,0,0
-61157,0,0
2800,0,0
-68373,0,0
136651,0,0
141540,0,0
-118319,0,0
136167,0,0
27558,0,0
-133878,0,0
368273,0,0
164568,0,0
183151,0,0
56050,0,0
-88580,0,0
-169339,0,0
233057,0,0
208505,0,0
214186,0,0
285057,0,0
-184258,0,0
80063,0,0
390476,0,0
16925,0,0
-41237,0,0
166401,0,0
116396,0,0
477594,0,0
87023,0,0
-355607,0,0
230241,0,0
-93876,0,0
139191,0,0
308456,0,0
267924,0,0
126961,0,0
294220,0,0
-239616,0,0
191204,0,0
350884,0,0
-46914,0,0
94382,0,0
118295,0,0
123651,0,0
194245,0,0
10037,0,0
-243715,0,0
325371,0,0
243660,0,0
127039,0,0
144273,0,0
-153866,0,0
-141040,0,0
-184294,0,0
-132925,0,0
173179,0,0
721845,0,0
445243,0,0
214961,0,0
-94663,0,0
-535386,0,0
-33644,0,0
76858,0,0
113528,0,0
392481,0,0
312881,0,0
220270,0,0
413034,0,0
152282,0,0
112449,0,0
529242,0,0
97730,0,0
34491,0,0
247751,0,0
332448,0,0
346445,0,0
481821,0,0
139351,0,0
242238,0,0
300135,0,0
-89411,0,0
455687,0,0
288868,0,0
196331,0,0
215860,0,0
218677,0,0
-184558,0,0
342919,0,0
76316,0,0
-149259,0,0
193229,0,0
-215546,0,0
-157908,0,0
-65174,0,0
-174061,0,0
-282397,0,0
244452,0,0
-111516,0,0
-147932,0,0
-84158,0,0
-438520,0,0
-148928,0,0
-295451,0,0
-327890,0,0
-104128,0,0
-128059,0,0
-431746,0,0
-133223,0,0
-292934,0,0
-426864,0,0
-20248,0,0
-136547,0,0
-183401,0,0
-148636,0,0
-202705,0,0
-358622,0,0
-127633,0,0
-372264,0,0
-294864,0,0
25647,0,0
-216929,0,0
51412,0,0
30445,0,0
-182191,0,0
-66029,0,0
-29295,0,0
-318080,0,0
-89545,0,0
-97310,0,0
-55691,0,0
522128,0,0
103164,0,0
-124960,0,0
-66054,0,0
32821,0,0
46550,0,0
201359,0,0
-88636,0,0
141673,0,0
204750,0,0
-202941,0,0
121985,0,0
266226,0,0
114884,0,0
232401,0,0
267304,0,0
46096,0,0
214491,0,0
-22381,0,0
-169547,0,0
375907,0,0
66164,0,0
127689,0,0
147282,0,0
17526,0,0
222079,0,0
500416,0,0
106105,0,0
204115,0,0
102305,0,0
-454525,0,0
-65958,0,0
153082,0,0
68077,0,0
259673,0,0
128062,0,0
-401820,0,0
-73210,0,0
-179708,0,0
-181097,0,0
207560,0,0
42958,0,0
-181191,0,0
-281349,0,0
-347154,0,0
-265587,0,0
-167537,0,0
-599384,0,0
-368180,0,0
-256742,0,0
-260254,0,0
-105813,0,0
-145688,0,0
-167987,0,0
-273830,0,0
-452010,0,0
-832565,0,0
-483844,0,0
-535932,0,0
-581009,0,0
-181694,0,0
-459693,0,0
-270807,0,0
-69394,0,0
-422929,0,0
-660090,0,0
-478362,0,0
-600414,0,0
-438600,0,0
-373442,0,0
-633985,0,0
-422429,0,0
-346088,0,0
-405592,0,0
-177167,0,0
-142744,0,0
-444956,0,0
-232091,0,0
-446312,0,0
-399155,0,0
117663,0,0
-125270,0,0
-48814,0,0
-7745,0,0
-192710,0,0
-85373,0,0
137195,0,0
-75666,0,0
5960,0,0
86455,0,0
-124702,0,0
337438,0,0
187247,0,0
91203,0,0
382728,0,0
334927,0,0
18504,0,0
153031,0,0
242140,0,0
132435,0,0
433131,0,0
-27973,0,0
130736,0,0
238141,0,0
202655,0,0
91218,0,0
465185,0,0
176288,0,0
231228,0,0
201356,0,0
-159989,0,0
67259,0,0
64574,0,0
87567,0,0
185399,0,0
111052,0,0
31539,0,0
465348,0,0
44665,0,0
-168402,0,0
139607,0,0
-59664,0,0
-145934,0,0
55662,0,0
48857,0,0
-25423,0,0
147787,0,0
57325,0,0
117347,0,0
152104,0,0
-201624,0,0
41160,0,0
-125929,0,0
-300640,0,0
7646,0,0
47978,0,0
-243318,0,0
-30425,0,0
-135189,0,0
-222032,0,0
48271,0,0
-282630,0,0
-158427,0,0
-140162,0,0
-230109,0,0
-290359,0,0
-15288,0,0
-389564,0,0
-269804,0,0
-65570,0,0
-308275,0,0
-230530,0,0
-146468,0,0
-256741,0,0
-140332,0,0
-264630,0,0
-432801,0,0
-137017,0,0
-161399,0,0
-362469,0,0
40615,0,0
-306320,0,0
-441274,0,0
-223628,0,0
-112471,0,0
-178316,0,0
26988,0,0
-371894,0,0
-95591,0,0
43396,0,0
-204772,0,0
110885,0,0
-24618,0,0
-196239,0,0
-43440,0,0
-89804,0,0
-466116,0,0
-76633,0,0
-184560,0,0
-108085,0,0
414535,0,0
508254,0,0
191704,0,0
-53112,0,0
-206062,0,0
-29955,0,0
265408,0,0
-97312,0,0
104578,0,0
330126,0,0
44744,0,0
435077,0,0
473440,0,0
183442,0,0
263816,0,0
192455,0,0
236121,0,0
406887,0,0
401538,0,0
59307,0,0
384930,0,0
231577,0,0
95213,0,0
342372,0,0
187441,0,0
319026,0,0
648151,0,0
150308,0,0
308581,0,0
454242,0,0
159535,0,0
116824,0,0
203370,0,0
295285,0,0
436591,0,0
488668,0,0
155497,0,0
274321,0,0
109790,0,0
34528,0,0
477202,0,0
349316,0,0
313248,0,0
226067,0,0
99876,0,0
246837,0,0
258033,0,0
-8881,0,0
167725,0,0
354137,0,0
-261678,0,0
-170447,0,0
76272,0,0
372251,0,0
522043,0,0
294835,0,0
3689,0,0
33876,0,0
8368,0,0
-89716,0,0
299121,0,0
30157,0,0
63284,0,0
134803,0,0
167054,0,0
178859,0,0
71724,0,0
-278094,0,0
-126410,0,0
173216,0,0
-102368,0,0
274963,0,0
265936,0,0
-2614,0,0
-103326,0,0
-243735,0,0
-413530,0,0
28146,0,0
-81964,0,0
-61293,0,0
286702,0,0
301990,0,0
128514,0,0
-11853,0,0
-253207,0,0
-116560,0,0
411328,0,0
20973,0,0
-28158,0,0
50517,0,0
-208579,0,0
179346,0,0
145198,0,0
275734,0,0
290778,0,0
64643,0,0
-289187,0,0
-127641,0,0
-151540,0,0
17102,0,0
332530,0,0
62721,0,0
-150012,0,0
-5800,0,0
-52577,0,0
72483,0,0
205261,0,0
-206331,0,0
-141476,0,0
-104279,0,0
-292700,0,0
137738,0,0
-80254,0,0
4748,0,0
1947,0,0
94113,0,0
-167519,0,0
-135376,0,0
-238762,0,0
-420615,0,0
208398,0,0
-23105,0,0
-227900,0,0
-153766,0,0
-403153,0,0
-243708,0,0
281823,0,0
167305,0,0
-80210,0,0
-70931,0,0
-304867,0,0
154257,0,0
378971,0,0
64644,0,0
74580,0,0
-9047,0,0
-195486,0,0
240642,0,0
82237,0,0
117393,0,0
575728,0,0
137234,0,0
209738,0,0
116458,0,0
25407,0,0
43192,0,0
186279,0,0
-181043,0,0
240887,0,0
197072,0,0
3462,0,0
113570,0,0
-49672,0,0
9011,0,0
93779,0,0
156657,0,0
-241965,0,0
83462,0,0
7709,0,0
-205505,0,0
51294,0,0
-114972,0,0
-195999,0,0
74532,0,0
150517,0,0
356956,0,0
298596,0,0
-343079,0,0
-20245,0,0
92688,0,0
-153849,0,0
24472,0,0
270209,0,0
210699,0,0
340567,0,0
237644,0,0
-169904,0,0
132921,0,0
157316,0,0
38254,0,0
279258,0,0
34541,0,0
171496,0,0
363991,0,0
-86364,0,0
-37448,0,0
265912,0,0
52734,0,0
146928,0,0
221783,0,0
-127395,0,0
-11241,0,0
173028,0,0
36097,0,0
310580,0,0
412751,0,0
-50863,0,0
194196,0,0
2987,0,0
-214636,0,0
201105,0,0
141326,0,0
24866,0,0
-17142,0,0
-76553,0,0
233585,0,0
383266,0,0
-86115,0,0
88152,0,0
285503,0,0
-197765,0,0
-118582,0,0
-116460,0,0
-208394,0,0
364290,0,0
20164,0,0
-302663,0,0
27097,0,0
-80772,0,0
-240747,0,0
324853,0,0
93432,0,0
-19705,0,0
-53259,0,0
-270024,0,0
-140814,0,0
367300,0,0
171102,0,0
343574,0,0
122989,0,0
-300341,0,0
-1431,0,0
132367,0,0
-146340,0,0
123683,0,0
277742,0,0
54650,0,0
273400,0,0
142318,0,0
-139353,0,0
205371,0,0
-9492,0,0
104426,0,0
312357,0,0
124972,0,0
-153238,0,0
-5413,0,0
-64153,0,0
313358,0,0
415880,0,0
-161115,0,0
-154742,0,0
179200,0,0
154873,0,0
246747,0,0
81834,0,0
-142107,0,0
103917,0,0
-73090,0,0
-156615,0,0
292754,0,0
118830,0,0
-36428,0,0
8935,0,0
-249861,0,0
-76899,0,0
265108,0,0
-54968,0,0
-50423,0,0
8549,0,0
-262606,0,0
-251180,0,0
-248871,0,0
-352035,0,0
45360,0,0
93608,0,0
29209,0,0
70033,0,0
-70572,0,0
-230857,0,0
36222,0,0
-100008,0,0
-174416,0,0
-153550,0,0
-240889,0,0
80255,0,0
343444,0,0
187392,0,0
-50304,0,0
-79355,0,0
-244314,0,0
66641,0,0
203559,0,0
-2549,0,0
46280,0,0
33469,0,0
22426,0,0
312242,0,0
158149,0,0
-44453,0,0
146190,0,0
-151353,0,0
33665,0,0
114565,0,0
11627,0,0
-159233,0,0
96515,0,0
-10412,0,0
26883,0,0
144298,0,0
-250392,0,0
-108429,0,0
59836,0,0
-296007,0,0
-94344,0,0
-116645,0,0
-202559,0,0
-45870,0,0
-126112,0,0
-278149,0,0
13555,0,0
-150946,0,0
-309147,0,0
-204294,0,0
-283281,0,0
-76010,0,0
249508,0,0
-90889,0,0
-100724,0,0
13729,0,0
-290004,0,0
-189979,0,0
139478,0,0
-53943,0,0
-12452,0,0
-197903,0,0
-237546,0,0
22483,0,0
-2136,0,0
22233,0,0
274905,0,0
143843,0,0
66455,0,0
73161,0,0
-304146,0,0
-131561,0,0
-58556,0,0
-256813,0,0
142800,0,0
241065,0,0
9217,0,0
253336,0,0
40346,0,0
-87635,0,0
-29883,0,0
-31887,0,0
-145702,0,0
-58945,0,0
-209968,0,0
16047,0,0
202584,0,0
-89838,0,0
-352037,0,0
-370322,0,0
-237410,0,0
51846,0,0
251538,0,0
-109106,0,0
-125276,0,0
-90519,0,0
-246233,0,0
-52563,0,0
43435,0,0
-124539,0,0
50053,0,0
-27134,0,0
41070,0,0
310324,0,0
35842,0,0
-51019,0,0
184783,0,0
59245,0,0
142005,0,0
281041,0,0
157845,0,0
145592,0,0
236016,0,0
26763,0,0
188220,0,0
239026,0,0
6880,0,0
78657,0,0
147373,0,0
-71133,0,0
193690,0,0
248859,0,0
108289,0,0
209994,0,0
-116665,0,0
-99353,0,0
343018,0,0
97409,0,0
-114753,0,0
28596,0,0
-32764,0,0
-29281,0,0
61436,0,0
-80433,0,0
184156,0,0
224996,0,0
-184708,0,0
-164132,0,0
-140864,0,0
-55118,0,0
288484,0,0
-77982,0,0
-64303,0,0
79992,0,0
-103111,0,0
25180,0,0
185629,0,0
-101660,0,0
-324680,0,0
-116006,0,0
-27325,0,0
72957,0,0
127918,0,0
-34836,0,0
80867,0,0
12382,0,0
-383869,0,0
-265141,0,0
-116991,0,0
-242689,0,0
-52533,0,0
-244335,0,0
-94511,0,0
340498,0,0
107324,0,0
-379984,0,0
-427561,0,0
-633504,0,0
-516416,0,0
-240856,0,0
-255709,0,0
108671,0,0
42875,0,0
-213380,0,0
-193525,0,0
-275611,0,0
-439538,0,0
-295236,0,0
-205239,0,0
-315699,0,0
-140360,0,0
-84435,0,0
65431,0,0
69700,0,0
-336018,0,0
-572227,0,0
-209401,0,0
-233378,0,0
-106914,0,0
77323,0,0
-75356,0,0
-122341,0,0
-119409,0,0
-196906,0,0
179553,0,0
1243,0,0
-297596,0,0
-210930,0,0
-95413,0,0
-252253,0,0
-39917,0,0
-148046,0,0
-229527,0,0
-115745,0,0
-105318,0,0
-39450,0,0
140032,0,0
-90921,0,0
-65188,0,0
29666,0,0
-160668,0,0
-257391,0,0
-64927,0,0
-129366,0,0
93003,0,0
89826,0,0
-115437,0,0
-26446,0,0
155305,0,0
34816,0,0
279318,0,0
50293,0,0
-103625,0,0
59611,0,0
210521,0,0
22197,0,0
151010,0,0
-19309,0,0
139825,0,0
287862,0,0
-7135,0,0
10807,0,0
222136,0,0
-136614,0,0
-101988,0,0
-85378,0,0
-99526,0,0
11036,0,0
46418,0,0
-85840,0,0
222167,0,0
96760,0,0
-120796,0,0
-164504,0,0
-319799,0,0
-37669,0,0
261726,0,0
11124,0,0
-337114,0,0
-183667,0,0
-147840,0,0
161981,0,0
249577,0,0
-28788,0,0
-20772,0,0
-52296,0,0
-219296,0,0
-169483,0,0
-64557,0,0
-158482,0,0
81088,0,0
-80059,0,0
-260174,0,0
-135513,0,0
-270740,0,0
71027,0,0
162549,0,0
-114838,0,0
-408358,0,0
-73901,0,0
-234143,0,0
-294480,0,0
21041,0,0
-164217,0,0
108713,0,0
52126,0,0
-89531,0,0
-8811,0,0
52703,0,0
-84301,0,0
168056,0,0
-115174,0,0
-196202,0,0
176652,0,0
131981,0,0
179262,0,0
248473,0,0
-57716,0,0
-44621,0,0
267093,0,0
-39828,0,0
62119,0,0
324116,0,0
274145,0,0
206164,0,0
54826,0,0
-112065,0,0
-30897,0,0
347543,0,0
475748,0,0
545660,0,0
192471,0,0
-114428,0,0
281327,0,0
-9884,0,0
-155717,0,0
169839,0,0
155083,0,0
98389,0,0
387811,0,0
367702,0,0
385028,0,0
143634,0,0
-140153,0,0
37886,0,0
186876,0,0
-20966,0,0
240666,0,0
173884,0,0
-161142,0,0
208328,0,0
214485,0,0
40076,0,0
146738,0,0
-105761,0,0
-32200,0,0
18656,0,0
1731,0,0
374,0,0
195963,0,0
-47035,0,0
-148782,0,0
-72279,0,0
-300559,0,0
-127417,0,0
-191571,0,0
-272536,0,0
-146864,0,0
-10152,0,0
-111910,0,0
-116384,0,0
-281741,0,0
-483212,0,0
-222413,0,0
-340848,0,0
-124574,0,0
97181,0,0
91286,0,0
-292870,0,0
-195235,0,0
-349803,0,0
-233457,0,0
-108455,0,0
-157781,0,0
-88106,0,0
-69096,0,0
-231436,0,0
-8367,0,0
-130932,0,0
-210379,0,0
-54966,0,0
-187729,0,0
-104217,0,0
-2597,0,0
-137179,0,0
8349,0,0
51003,0,0
-10577,0,0
-211408,0,0
-139141,0,0
-197533,0,0
-19637,0,0
214035,0,0
-45968,0,0
137090,0,0
83291,0,0
772,0,0
80160,0,0
289190,0,0
121374,0,0
57488,0,0
-153325,0,0
-154498,0,0
185575,0,0
89593,0,0
-7568,0,0
101523,0,0
97732,0,0
-18684,0,0
137783,0,0
84795,0,0
112333,0,0
95310,0,0
27729,0,0
380728,0,0
201419,0,0
-280607,0,0
-113366,0,0
125557,0,0
169187,0,0
275419,0,0
179275,0,0
-63068,0,0
-82485,0,0
-23769,0,0
116333,0,0
174848,0,0
108323,0,0
137529,0,0
112634,0,0
-102036,0,0
-234865,0,0
-264672,0,0
-351468,0,0
-21420,0,0
258006,0,0
229363,0,0
146543,0,0
101742,0,0
-180172,0,0
-135108,0,0
-401238,0,0
-417626,0,0
-32495,0,0
-57951,0,0
67015,0,0
209977,0,0
15329,0,0
-278745,0,0
-258629,0,0
-296143,0,0
-105714,0,0
37975,0,0
-137044,0,0
14841,0,0
-230239,0,0
-402262,0,0
-394655,0,0
-108340,0,0
-68595,0,0
-198901,0,0
-327674,0,0
-206027,0,0
133090,0,0
-156223,0,0
-347492,0,0
-224219,0,0
-151279,0,0
-309695,0,0
-286849,0,0
-436811,0,0
-261256,0,0
298869,0,0
203435,0,0
66047,0,0
39012,0,0
-239747,0,0
-146303,0,0
-138859,0,0
-126335,0,0
144435,0,0
-3914,0,0
-14526,0,0
176725,0,0
138093,0,0
234838,0,0
222613,0,0
205280,0,0
95796,0,0
27685,0,0
13940,0,0
124157,0,0
159986,0,0
81129,0,0
271161,0,0
-142,0,0
-112374,0,0
37025,0,0
175997,0,0
178331,0,0
501053,0,0
69121,0,0
-34383,0,0
-101675,0,0
-24878,0,0
119027,0,0
365004,0,0
19143,0,0
-237608,0,0
-4731,0,0
85026,0,0
629348,0,0
448549,0,0
24140,0,0
-56473,0,0
-47839,0,0
-47219,0,0
308151,0,0
250573,0,0
139188,0,0
84172,0,0
49022,0,0
179977,0,0
241004,0,0
154816,0,0
220872,0,0
117257,0,0
-100875,0,0
-90242,0,0
54097,0,0
80208,0,0
338429,0,0
246749,0,0
36253,0,0
223388,0,0
-158371,0,0
-188477,0,0
-278150,0,0
163379,0,0
236384,0,0
123292,0,0
34057,0,0
-45978,0,0
3074,0,0
-138820,0,0
-73918,0,0
246791,0,0
26656,0,0
-265580,0,0
-203992,0,0
-207998,0,0
38566,0,0
-168222,0,0
-136672,0,0
-144579,0,0
-158565,0,0
-139898,0,0
-233300,0,0
-66307,0,0
-243073,0,0
-110695,0,0
-200139,0,0
-189813,0,0
-42745,0,0
-414711,0,0
-369065,0,0
-366848,0,0
-410902,0,0
-187760,0,0
195195,0,0
128834,0,0
184644,0,0
-128915,0,0
-450908,0,0
-472070,0,0
-489985,0,0
-365707,0,0
-122341,0,0
262971,0,0
283429,0,0
212152,0,0
-244195,0,0
-488135,0,0
-244599,0,0
-205459,0,0
-202665,0,0
-61550,0,0
-171045,0,0
-43350,0,0
431045,0,0
151967,0,0
-43795,0,0
-288186,0,0
-272036,0,0
144161,0,0
37522,0,0
54286,0,0
145053,0,0
85236,0,0
-33462,0,0
87196,0,0
147666,0,0
81326,0,0
60194,0,0
-65998,0,0
121159,0,0
197029,0,0
150873,0,0
116475,0,0
96019,0,0
-242460,0,0
-102524,0,0
-109870,0,0
-234895,0,0
23765,0,0
61755,0,0
71726,0,0
-93173,0,0
-17427,0,0
-13846,0,0
8841,0,0
-106988,0,0
-229898,0,0
-184937,0,0
-133770,0,0
13025,0,0
-50118,0,0
-44666,0,0
-72625,0,0
58570,0,0
-253077,0,0
-208109,0,0
-306633,0,0
-238249,0,0
-45210,0,0
47994,0,0
236667,0,0
-38596,0,0
-423787,0,0
-540812,0,0
-443644,0,0
-328644,0,0
-199258,0,0
152834,0,0
113330,0,0
7410,0,0
18117,0,0
-409194,0,0
-332426,0,0
-104528,0,0
-209094,0,0
-1891,0,0
96532,0,0
25652,0,0
478831,0,0
97473,0,0
-140219,0,0
-72801,0,0
54251,0,0
-7500,0,0
92965,0,0
-130692,0,0
58236,0,0
184761,0,0
220986,0,0
273817,0,0
51288,0,0
89100,0,0
76367,0,0
270100,0,0
89733,0,0
134629,0,0
124262,0,0
15064,0,0
339235,0,0
109511,0,0
272448,0,0
332293,0,0
479957,0,0
252606,0,0
541865,0,0
95061,0,0
172887,0,0
451675,0,0
246726,0,0
273594,0,0
379276,0,0
439830,0,0
418828,0,0
460197,0,0
139525,0,0
300533,0,0
250678,0,0
225562,0,0
264073,0,0
-24672,0,0
-5242,0,0
230440,0,0
489104,0,0
566007,0,0
294374,0,0
-99888,0,0
10560,0,0
71946,0,0
-185335,0,0
-85738,0,0
83062,0,0
-111983,0,0
-419549,0,0
-212259,0,0
-200917,0,0
231623,0,0
306216,0,0
97484,0,0
-196866,0,0
-234421,0,0
-433362,0,0
-330828,0,0
-278813,0,0
-342741,0,0
-107138,0,0
-86837,0,0
-143054,0,0
-232194,0,0
-423816,0,0
-202151,0,0
-93024,0,0
-56954,0,0
-322497,0,0
-185015,0,0
-393524,0,0
-26524,0,0
50863,0,0
-268137,0,0
-309985,0,0
-327572,0,0
-232478,0,0
-213746,0,0
40583,0,0
-168925,0,0
2917,0,0
-188926,0,0
-413083,0,0
-137394,0,0
-46867,0,0
-6131,0,0
-116478,0,0
-129938,0,0
-214709,0,0
-35807,0,0
-110392,0,0
197436,0,0
70549,0,0
-284835,0,0
-71602,0,0
-222556,0,0
-93735,0,0
-16219,0,0
244773,0,0
82170,0,0
161684,0,0
-135406,0,0
-44913,0,0
12961,0,0
-84458,0,0
259510,0,0
266113,0,0
202940,0,0
36308,0,0
56167,0,0
118614,0,0
290564,0,0
-113103,0,0
-50063,0,0
181014,0,0
100695,0,0
84438,0,0
177463,0,0
239905,0,0
111939,0,0
125697,0,0
123643,0,0
209474,0,0
9115,0,0
-171976,0,0
321712,0,0
185953,0,0
4051,0,0
-97570,0,0
173601,0,0
-90765,0,0
-53985,0,0
-88881,0,0
196331,0,0
433949,0,0
418168,0,0
216709,0,0
-199691,0,0
-215942,0,0
-201986,0,0
139863,0,0
-97762,0,0
-55753,0,0
34702,0,0
30117,0,0
232849,0,0
253376,0,0
135006,0,0
-273376,0,0
-181161,0,0
-346009,0,0
-52970,0,0
-134659,0,0
-86735,0,0
72441,0,0
3281,0,0
59360,0,0
111406,0,0
-149051,0,0
-296412,0,0
-78603,0,0
-246687,0,0
-163870,0,0
186075,0,0
268580,0,0
316253,0,0
71649,0,0
-36853,0,0
-343922,0,0
-317159,0,0
-126360,0,0
156041,0,0
184655,0,0
431758,0,0
510830,0,0
-135501,0,0
-184501,0,0
-108942,0,0
53187,0,0
-5172,0,0
19628,0,0
-52585,0,0
186860,0,0
30091,0,0
-219151,0,0
117823,0,0
229504,0,0
-21947,0,0
-133124,0,0
112025,0,0
-81958,0,0
90356,0,0
-409258,0,0
-421843,0,0
-91065,0,0
-116737,0,0
75772,0,0
16756,0,0
-96684,0,0
-117324,0,0
49821,0,0
-260471,0,0
-193765,0,0
-99983,0,0
-138250,0,0
-80252,0,0
-60043,0,0
-71211,0,0
-179032,0,0
-132962,0,0
-86981,0,0
336311,0,0
315355,0,0
211597,0,0
207528,0,0
-153576,0,0
5932,0,0
-29463,0,0
100298,0,0
137401,0,0
236355,0,0
-33876,0,0
207185,0,0
6881,0,0
-60925,0,0
172959,0,0
383057,0,0
447833,0,0
201430,0,0
23966,0,0
-112720,0,0
-64839,0,0
-146671,0,0
97504,0,0
165098,0,0
23124,0,0
-20361,0,0
-33418,0,0
63742,0,0
230633,0,0
243407,0,0
-188319,0,0
-163822,0,0
-148298,0,0
-273900,0,0
86214,0,0
117423,0,0
-3364,0,0
-154342,0,0
-129642,0,0
-138525,0,0
96971,0,0
-285699,0,0
-291597,0,0
-46754,0,0
-107051,0,0
192618,0,0
138656,0,0
-115461,0,0
-233119,0,0
-326013,0,0
-272371,0,0
-114854,0,0
-1261,0,0
63370,0,0
309444,0,0
124958,0,0
-294433,0,0
-266635,0,0
-209664,0,0
-67679,0,0
12810,0,0
-127655,0,0
-168927,0,0
-3301,0,0
-89878,0,0
-24174,0,0
-61033,0,0
75650,0,0
-127760,0,0
-936,0,0
-278866,0,0
-138753,0,0
-99943,0,0
-221514,0,0
72858,0,0
-31184,0,0
-130116,0,0
-155179,0,0
-237219,0,0
-131253,0,0
-109711,0,0
-93210,0,0
-29715,0,0
-127005,0,0
-365033,0,0
-137901,0,0
75308,0,0
-137628,0,0
-159676,0,0
-61403,0,0
-291819,0,0
40678,0,0
302071,0,0
-31278,0,0
-153858,0,0
-390987,0,0
-44531,0,0
164657,0,0
312894,0,0
40602,0,0
184623,0,0
174728,0,0
310791,0,0
93106,0,0
-208927,0,0
216641,0,0
204949,0,0
177551,0,0
76741,0,0
383931,0,0
365131,0,0
379291,0,0
-22848,0,0
-259563,0,0
126379,0,0
138163,0,0
363478,0,0
-13010,0,0
-18391,0,0
178556,0,0
253567,0,0
227427,0,0
251132,0,0
95052,0,0
-222560,0,0
-247249,0,0
-126873,0,0
5665,0,0
109519,0,0
87433,0,0
-133329,0,0
191875,0,0
150282,0,0
-78581,0,0
99857,0,0
-152709,0,0
-182285,0,0
-380684,0,0
-174515,0,0
-291173,0,0
260650,0,0
90040,0,0
-184390,0,0
-141186,0,0
-206239,0,0
-46122,0,0
-34474,0,0
-136892,0,0
-142150,0,0
-131669,0,0
-345269,0,0
-74937,0,0
-144393,0,0
-198966,0,0
185100,0,0
-8771,0,0
-52862,0,0
-145905,0,0
-125944,0,0
-194443,0,0
59056,0,0
-99337,0,0
-92134,0,0
-62369,0,0
-415809,0,0
-6371,0,0
52280,0,0
168012,0,0
47545,0,0
-115503,0,0
-401506,0,0
-173906,0,0
-86332,0,0
-184273,0,0
-33234,0,0
-374145,0,0
-238163,0,0
-240174,0,0
-290650,0,0
-281493,0,0
145834,0,0
-182024,0,0
-332341,0,0
-69309,0,0
-312384,0,0
-170685,0,0
-251025,0,0
-248695,0,0
-206285,0,0
-48857,0,0
-233200,0,0
711,0,0
-46817,0,0
-148146,0,0
-18108,0,0
-174972,0,0
-32632,0,0
15495,0,0
96884,0,0
20302,0,0
598904,0,0
574996,0,0
452227,0,0
286267,0,0
-184251,0,0
108211,0,0
175660,0,0
453786,0,0
444714,0,0
595362,0,0
371760,0,0
749524,0,0
650267,0,0
288909,0,0
629642,0,0
209698,0,0
331963,0,0
316766,0,0
443283,0,0
274947,0,0
491416,0,0
183850,0,0
228204,0,0
332511,0,0
86018,0,0
123750,0,0
218806,0,0
218149,0,0
76961,0,0
138162,0,0
-141417,0,0
221210,0,0
98524,0,0
-243849,0,0
-4873,0,0
-51086,0,0
-19624,0,0
-85936,0,0
-194622,0,0
-354957,0,0
57759,0,0
-6444,0,0
-52975,0,0
61925,0,0
-424019,0,0
-402021,0,0
-400240,0,0
-353164,0,0
-104770,0,0
-18890,0,0
-110548,0,0
-4994,0,0
-198487,0,0
-334634,0,0
-83968,0,0
-309791,0,0
-235204,0,0
-174570,0,0
-66214,0,0
-298213,0,0
148979,0,0
-19306,0,0
-97836,0,0
-17357,0,0
-349739,0,0
-48773,0,0
-69546,0,0
158739,0,0
408799,0,0
156498,0,0
-235889,0,0
-37131,0,0
-132579,0,0
-138932,0,0
240955,0,0
55488,0,0
130930,0,0
-49827,0,0
28649,0,0
-142084,0,0
-99461,0,0
-148585,0,0
24766,0,0
102039,0,0
-441941,0,0
-124333,0,0
30702,0,0
13858,0,0
-84336,0,0
-78035,0,0
-343845,0,0
-77833,0,0
-171138,0,0
-301565,0,0
158629,0,0
32777,0,0
138561,0,0
131215,0,0
172304,0,0
191878,0,0
352802,0,0
-57570,0,0
-163113,0,0
219628,0,0
224732,0,0
717343,0,0
600268,0,0
402326,0,0
254437,0,0
223468,0,0
-113459,0,0
268118,0,0
453155,0,0
676899,0,0
639845,0,0
431286,0,0
241423,0,0
303433,0,0
399806,0,0
306179,0,0
684351,0,0
477290,0,0
302949,0,0
389902,0,0
219685,0,0
285248,0,0
260845,0,0
622147,0,0
642091,0,0
589940,0,0
171215,0,0
347106,0,0
286265,0,0
44562,0,0
398923,0,0
204914,0,0
269311,0,0
362097,0,0
255129,0,0
112937,0,0
195168,0,0
-58672,0,0
41935,0,0
125048,0,0
-260586,0,0
-95991,0,0
-158592,0,0
-110944,0,0
-81438,0,0
-105402,0,0
-315657,0,0
25503,0,0
116897,0,0
-69795,0,0
164082,0,0
-251870,0,0
-316185,0,0
-455213,0,0
-231233,0,0
-211437,0,0
91082,0,0
-82337,0,0
43551,0,0
273027,0,0
-231572,0,0
-85667,0,0
-255068,0,0
-213456,0,0
-268179,0,0
90418,0,0
-259308,0,0
-127426,0,0
-355865,0,0
-443894,0,0
-43325,0,0
-329900,0,0
-117934,0,0
-109963,0,0
-347561,0,0
-575841,0,0
-296738,0,0
-368715,0,0
-189154,0,0
-42119,0,0
-578232,0,0
-426576,0,0
-584867,0,0
-372697,0,0
22080,0,0
133407,0,0
-355660,0,0
-158270,0,0
-268784,0,0
-237041,0,0
-62048,0,0
-463760,0,0
-219326,0,0
-150951,0,0
106134,0,0
20442,0,0
60921,0,0
-98762,0,0
344109,0,0
389268,0,0
-98353,0,0
34886,0,0
-6622,0,0
-40083,0,0
133081,0,0
381781,0,0
196305,0,0
371530,0,0
459027,0,0
411677,0,0
610862,0,0
240919,0,0
425122,0,0
480278,0,0
484049,0,0
215918,0,0
491861,0,0
300599,0,0
437450,0,0
754928,0,0
439012,0,0
550241,0,0
558907,0,0
274258,0,0
250907,0,0
289982,0,0
91814,0,0
465209,0,0
308202,0,0
103022,0,0
416047,0,0
68120,0,0
139405,0,0
-170637,0,0
-25361,0,0
193530,0,0
421927,0,0
3647,0,0
-84005,0,0
219886,0,0
-74035,0,0
103611,0,0
-32904,0,0
-10945,0,0
-74204,0,0
2685,0,0
-204955,0,0
159185,0,0
10605,0,0
-92867,0,0
117879,0,0
-221459,0,0
-122878,0,0
-147463,0,0
-276086,0,0
-321982,0,0
133597,0,0
-86274,0,0
-155975,0,0
-65663,0,0
-157895,0,0
-23051,0,0
-104259,0,0
-317225,0,0
-139191,0,0
152411,0,0
-253075,0,0
-274077,0,0
-271924,0,0
-81343,0,0
418101,0,0
-26051,0,0
-56737,0,0
-166747,0,0
158158,0,0
17245,0,0
90725,0,0
-276320,0,0
-196270,0,0
135821,0,0
-99619,0,0
137185,0,0
98693,0,0
-19512,0,0
20130,0,0
176893,0,0
-34585,0,0
69840,0,0
25356,0,0
-354325,0,0
289168,0,0
193346,0,0
162869,0,0
96361,0,0
198659,0,0
214947,0,0
374935,0,0
-162439,0,0
43959,0,0
284402,0,0
2998,0,0
207789,0,0
178840,0,0
184625,0,0
321246,0,0
506580,0,0
153916,0,0
333772,0,0
-109727,0,0
-186714,0,0
181256,0,0
178623,0,0
310352,0,0
280356,0,0
466637,0,0
170442,0,0
116754,0,0
-163749,0,0
-24993,0,0
213684,0,0
-36015,0,0
142360,0,0
143961,0,0
36909,0,0
-7,0,0
268823,0,0
137052,0,0
329658,0,0
95901,0,0
-276206,0,0
80157,0,0
-132992,0,0
135011,0,0
-6283,0,0
-375,0,0
-43598,0,0
300073,0,0
6933,0,0
-43497,0,0
-29637,0,0
-321609,0,0
-61474,0,0
-98673,0,0
91508,0,0
410723,0,0
237118,0,0
-398058,0,0
26867,0,0
24653,0,0
-365436,0,0
22536,0,0
-266232,0,0
-252853,0,0
-96723,0,0
-45950,0,0
73359,0,0
47464,0,0
-98244,0,0
-35965,0,0
-99638,0,0
-436835,0,0
-66376,0,0
80270,0,0
-100889,0,0
-200476,0,0
-179083,0,0
-305262,0,0
224175,0,0
-183091,0,0
-493196,0,0
-83678,0,0
-110934,0,0
-42789,0,0
-92448,0,0
-350260,0,0
-577943,0,0
-319565,0,0
-580594,0,0
-267890,0,0
121948,0,0
-337479,0,0
-318368,0,0
-668755,0,0
-795932,0,0
-398223,0,0
-139345,0,0
-384812,0,0
-366896,0,0
-459279,0,0
-504645,0,0
81971,0,0
-232034,0,0
-210908,0,0
-197195,0,0
-151101,0,0
-109840,0,0
217465,0,0
-46163,0,0
-55067,0,0
34173,0,0
-155705,0,0
428660,0,0
396428,0,0
-6963,0,0
38788,0,0
264701,0,0
139817,0,0
412836,0,0
242074,0,0
85082,0,0
413148,0,0
107456,0,0
130941,0,0
298450,0,0
224523,0,0
166558,0,0
406783,0,0
-9046,0,0
110840,0,0
149224,0,0
-138369,0,0
149642,0,0
95840,0,0
-1665,0,0
194244,0,0
187063,0,0
-176520,0,0
60568,0,0
-54400,0,0
-291027,0,0
25328,0,0
-267314,0,0
-214199,0,0
-300330,0,0
-266118,0,0
-255371,0,0
-103543,0,0
-444680,0,0
-295489,0,0
65295,0,0
-284651,0,0
-304146,0,0
-314662,0,0
-106544,0,0
-295304,0,0
-231087,0,0
-401263,0,0
-150297,0,0
-209868,0,0
-194441,0,0
129507,0,0
-238631,0,0
-186849,0,0
-46364,0,0
-129895,0,0
-164872,0,0
-29250,0,0
-438718,0,0
-277123,0,0
62095,0,0
19245,0,0
291627,0,0
-97894,0,0
-563378,0,0
-354744,0,0
25307,0,0
32064,0,0
418135,0,0
89856,0,0
-424602,0,0
-129891,0,0
-343058,0,0
-171673,0,0
157218,0,0
305173,0,0
-203717,0,0
287842,0,0
197113,0,0
19821,0,0
-70664,0,0
-424938,0,0
-137423,0,0
-253199,0,0
-35018,0,0
74373,0,0
79236,0,0
-173183,0,0
95596,0,0
-97691,0,0
-302619,0,0
111963,0,0
-156058,0,0
-15186,0,0
51811,0,0
30827,0,0
-118363,0,0
28916,0,0
-330399,0,0
-35831,0,0
247190,0,0
15834,0,0
160475,0,0
101686,0,0
184035,0,0
238629,0,0
146613,0,0
-242965,0,0
-48444,0,0
-90573,0,0
-268039,0,0
230887,0,0
84528,0,0
202943,0,0
395472,0,0
190410,0,0
-33381,0,0
-42659,0,0
-567093,0,0
-305580,0,0
59025,0,0
20023,0,0
-78583,0,0
-150524,0,0
-164492,0,0
-257,0,0
-149530,0,0
-431269,0,0
-51358,0,0
-295228,0,0
-431177,0,0
162165,0,0
-77035,0,0
-164086,0,0
-313708,0,0
-388555,0,0
-354139,0,0
68177,0,0
-77346,0,0
-104318,0,0
71243,0,0
-362012,0,0
-23856,0,0
-223632,0,0
-330374,0,0
58521,0,0
43333,0,0
-390357,0,0
167961,0,0
-12037,0,0
-216172,0,0
131369,0,0
-282734,0,0
-373041,0,0
7655,0,0
194765,0,0
328288,0,0
473095,0,0
-135649,0,0
78979,0,0
39081,0,0
-378859,0,0
-63535,0,0
143159,0,0
-25882,0,0
64674,0,0
193607,0,0
277074,0,0
580502,0,0
74791,0,0
-384618,0,0
81929,0,0
70189,0,0
265556,0,0
109845,0,0
-10216,0,0
-26560,0,0
227989,0,0
-274347,0,0
18409,0,0
375095,0,0
-41124,0,0
202385,0,0
86822,0,0
-103444,0,0
11857,0,0
35381,0,0
-132569,0,0
305395,0,0
72817,0,0
-86092,0,0
438908,0,0
-54988,0,0
-2195,0,0
235993,0,0
289684,0,0
118029,0,0
422734,0,0
8901,0,0
58056,0,0
317391,0,0
59603,0,0
554649,0,0
514755,0,0
222117,0,0
166507,0,0
211340,0,0
46552,0,0
358006,0,0
249034,0,0
-20572,0,0
182678,0,0
67126,0,0
129993,0,0
266851,0,0
82873,0,0
-52507,0,0
116793,0,0
-342429,0,0
-117318,0,0
21224,0,0
-348013,0,0
-118700,0,0
50956,0,0
189523,0,0
207653,0,0
51979,0,0
-347504,0,0
-238591,0,0
-243018,0,0
-289500,0,0
263879,0,0
21252,0,0
-508,0,0
47583,0,0
-143802,0,0
-122259,0,0
27842,0,0
-185862,0,0
-32129,0,0
430632,0,0
-109777,0,0
-89933,0,0
59063,0,0
79080,0,0
265394,0,0
198723,0,0
-71961,0,0
-146862,0,0
-140830,0,0
-307317,0,0
269405,0,0
242041,0,0
384266,0,0
305330,0,0
620,0,0
-277063,0,0
-32789,0,0
-316973,0,0
34458,0,0
700731,0,0
422591,0,0
426255,0,0
-187693,0,0
-324790,0,0
-46090,0,0
191296,0,0
51791,0,0
442524,0,0
225927,0,0
-174876,0,0
286549,0,0
100533,0,0
112894,0,0
-1996,0,0
-50587,0,0
-43132,0,0
237654,0,0
-226938,0,0
97796,0,0
286459,0,0
10789,0,0
-33863,0,0
-204876,0,0
-328449,0,0
-189913,0,0
2436,0,0
-217711,0,0
205321,0,0
86577,0,0
-276049,0,0
-16757,0,0
-275073,0,0
-233273,0,0
-148126,0,0
-40218,0,0
23860,0,0
72204,0,0
-68907,0,0
-4658,0,0
-30824,0,0
-557187,0,0
6973,0,0
127867,0,0
121969,0,0
146539,0,0
205209,0,0
-127140,0,0
107020,0,0
62498,0,0
-115949,0,0
291892,0,0
-197835,0,0
-106416,0,0
127886,0,0
206448,0,0
218994,0,0
252189,0,0
-42090,0,0
50625,0,0
59657,0,0
-254423,0,0
-70494,0,0
-116905,0,0
74775,0,0
261577,0,0
135756,0,0
-280909,0,0
130032,0,0
-101061,0,0
-292804,0,0
262906,0,0
-114139,0,0
-72431,0,0
-9021,0,0
16214,0,0
161812,0,0
382898,0,0
-205091,0,0
-101135,0,0
105202,0,0
-375297,0,0
-9466,0,0
138184,0,0
128363,0,0
471489,0,0
533729,0,0
-112105,0,0
-64582,0,0
-41370,0,0
-202503,0,0
222318,0,0
122571,0,0
150184,0,0
-110004,0,0
-198674,0,0
2979,0,0
510697,0,0
-61256,0,0
-74246,0,0
-6660,0,0
-151741,0,0
-18735,0,0
-23618,0,0
-132039,0,0
-112099,0,0
-108684,0,0
-333742,0,0
-135924,0,0
-286812,0,0
-316684,0,0
360028,0,0
-154899,0,0
-122193,0,0
28472,0,0
-137447,0,0
-255666,0,0
37184,0,0
-359575,0,0
-348889,0,0
63368,0,0
-299269,0,0
91653,0,0
171732,0,0
-219943,0,0
-112772,0,0
-9593,0,0
-59906,0,0
203801,0,0
-811,0,0
-82964,0,0
292472,0,0
-93520,0,0
-55963,0,0
98497,0,0
170846,0,0
61188,0,0
149549,0,0
-49319,0,0
178145,0,0
323520,0,0
-146186,0,0
167836,0,0
297259,0,0
200297,0,0
237692,0,0
29537,0,0
95170,0,0
627008,0,0
260901,0,0
-161623,0,0
300995,0,0
115768,0,0
263210,0,0
129244,0,0
189729,0,0
103565,0,0
335811,0,0
-60717,0,0
196577,0,0
484669,0,0
-39522,0,0
1586,0,0
-165909,0,0
-198298,0,0
150779,0,0
105223,0,0
-158170,0,0
41876,0,0
-54431,0,0
-216589,0,0
10927,0,0
-306426,0,0
-167991,0,0
-226722,0,0
-333274,0,0
-229086,0,0
140724,0,0
-230718,0,0
67461,0,0
150254,0,0
-302641,0,0
42129,0,0
-56104,0,0
-287340,0,0
-251912,0,0
-195541,0,0
-374678,0,0
-20952,0,0
98129,0,0
-120609,0,0
271164,0,0
84911,0,0
-95256,0,0
-260280,0,0
-402010,0,0
-109325,0,0
162010,0,0
23115,0,0
340236,0,0
273552,0,0
-216615,0,0
58886,0,0
77225,0,0
-75045,0,0
-13664,0,0
117867,0,0
101888,0,0
519943,0,0
126629,0,0
75277,0,0
336394,0,0
-13156,0,0
-60256,0,0
86413,0,0
60255,0,0
280404,0,0
231374,0,0
-132926,0,0
-40493,0,0
127020,0,0
-222626,0,0
35062,0,0
198760,0,0
51013,0,0
91236,0,0
48124,0,0
-396293,0,0
-21123,0,0
-150455,0,0
-359300,0,0
80344,0,0
-75435,0,0
-89909,0,0
-94598,0,0
-153608,0,0
-120334,0,0
274846,0,0
71135,0,0
-26663,0,0
-137018,0,0
-391932,0,0
11003,0,0
28045,0,0
-6317,0,0
231970,0,0
118585,0,0
-47508,0,0
259818,0,0
151631,0,0
-230233,0,0
156888,0,0
108000,0,0
159274,0,0
-32688,0,0
-208718,0,0
-225053,0,0
280102,0,0
-64771,0,0
113442,0,0
169370,0,0
-67472,0,0
-31372,0,0
-322249,0,0
-617812,0,0
-183378,0,0
-16943,0,0
16609,0,0
532664,0,0
424768,0,0
-190946,0,0
-156121,0,0
-271817,0,0
-343860,0,0
22923,0,0
121278,0,0
-47534,0,0
307052,0,0
88548,0,0
175629,0,0
311719,0,0
-5803,0,0
368526,0,0
240801,0,0
150990,0,0
65902,0,0
-39107,0,0
-316062,0,0
241484,0,0
314019,0,0
76930,0,0
467896,0,0
-22444,0,0
-36328,0,0
181300,0,0
-5358,0,0
-166813,0,0
238278,0,0
-96218,0,0
-44877,0,0
400800,0,0
-27028,0,0
101618,0,0
124657,0,0
-106899,0,0
140753,0,0
172624,0,0
-68731,0,0
207853,0,0
193179,0,0
38775,0,0
79648,0,0
20410,0,0
330610,0,0
447689,0,0
87928,0,0
12791,0,0
203258,0,0
-109623,0,0
17528,0,0
212261,0,0
55147,0,0
202434,0,0
152348,0,0
128754,0,0
75724,0,0
-207592,0,0
-310606,0,0
42498,0,0
38087,0,0
-216752,0,0
-58773,0,0
-265266,0,0
-135956,0,0
-118068,0,0
-276585,0,0
-205068,0,0
-1878,0,0
-242137,0,0
-25043,0,0
41054,0,0
-518193,0,0
-200835,0,0
-84356,0,0
-128850,0,0
153931,0,0
-24410,0,0
-145767,0,0
82158,0,0
117043,0,0
-7480,0,0
332327,0,0
-21048,0,0
-70145,0,0
147712,0,0
107759,0,0
160777,0,0
285197,0,0
-21967,0,0
284082,0,0
290190,0,0
-244622,0,0
-68267,0,0
-10444,0,0
-31377,0,0
389008,0,0
194263,0,0
-237061,0,0
43910,0,0
-291473,0,0
-256298,0,0
243579,0,0
100714,0,0
43977,0,0
146295,0,0
-115478,0,0
-231462,0,0
-197480,0,0
-338058,0,0
-14323,0,0
154648,0,0
-199433,0,0
-146693,0,0
50940,0,0
-25664,0,0
125305,0,0
-58144,0,0
-208344,0,0
222589,0,0
-362669,0,0
-494117,0,0
155318,0,0
83854,0,0
48200,0,0
27924,0,0
-288136,0,0
-261326,0,0
182178,0,0
-158970,0,0
100150,0,0
281219,0,0
18811,0,0
32456,0,0
-21193,0,0
-221680,0,0
-25298,0,0
-62225,0,0
-74138,0,0
84246,0,0
-71793,0,0
-247942,0,0
339569,0,0
124915,0,0
-52064,0,0
-51892,0,0
-141474,0,0
-120178,0,0
-36734,0,0
-268623,0,0
61693,0,0
137490,0,0
-369374,0,0
-117894,0,0
-67943,0,0
-275189,0,0
-126655,0,0
-94359,0,0
-349063,0,0
-49902,0,0
-218539,0,0
-254366,0,0
38860,0,0
-140761,0,0
-499276,0,0
-397047,0,0
-196035,0,0
-11660,0,0
89677,0,0
-269165,0,0
-7293,0,0
-51548,0,0
-409210,0,0
-83140,0,0
172061,0,0
-101723,0,0
20643,0,0
-66268,0,0
-315749,0,0
86115,0,0
57351,0,0
153759,0,0
372610,0,0
-63164,0,0
-96834,0,0
-135331,0,0
-219944,0,0
-150082,0,0
169415,0,0
-82261,0,0
210983,0,0
352168,0,0
-108616,0,0
-10546,0,0
-102963,0,0
-215776,0,0
-82613,0,0
-140500,0,0
-198195,0,0
178564,0,0
-31516,0,0
-295834,0,0
91190,0,0
-26292,0,0
27427,0,0
68896,0,0
-324526,0,0
-326254,0,0
-61838,0,0
-263971,0,0
-174417,0,0
-9722,0,0
-228615,0,0
-126544,0,0
-233449,0,0
-346938,0,0
-80074,0,0
-99104,0,0
-431246,0,0
107994,0,0
-32167,0,0
-246143,0,0
-152223,0,0
-475983,0,0
-352605,0,0
-142615,0,0
-16022,0,0
120366,0,0
273910,0,0
-129304,0,0
-109326,0,0
-103436,0,0
-398803,0,0
-70122,0,0
84514,0,0
-55012,0,0
233349,0,0
8679,0,0
-377960,0,0
-23449,0,0
-45611,0,0
-38797,0,0
307186,0,0
-23608,0,0
-304734,0,0
-176573,0,0
-206173,0,0
-157264,0,0
66775,0,0
-327114,0,0
-23993,0,0
-126112,0,0
-464934,0,0
-180109,0,0
-95782,0,0
-108899,0,0
-32079,0,0
-412369,0,0
-581969,0,0
-141597,0,0
-196678,0,0
-82157,0,0
-12329,0,0
75136,0,0
-115109,0,0
-121657,0,0
-323046,0,0
-270680,0,0
309163,0,0
233191,0,0
205035,0,0
188171,0,0
67488,0,0
217542,0,0
392169,0,0
153202,0,0
458360,0,0
608226,0,0
170754,0,0
442706,0,0
262147,0,0
329535,0,0
744678,0,0
671173,0,0
365281,0,0
465862,0,0
379215,0,0
350609,0,0
554587,0,0
285388,0,0
359407,0,0
547908,0,0
188194,0,0
218505,0,0
202076,0,0
200269,0,0
514295,0,0
311415,0,0
-74389,0,0
148859,0,0
6102,0,0
-67814,0,0
203744,0,0
105482,0,0
-110227,0,0
202445,0,0
206256,0,0
13865,0,0
168578,0,0
-172532,0,0
107982,0,0
188800,0,0
-61534,0,0
34918,0,0
97038,0,0
168586,0,0
400432,0,0
234737,0,0
-30130,0,0
171187,0,0
-55330,0,0
-173030,0,0
263777,0,0
65028,0,0
168972,0,0
130292,0,0
-219190,0,0
29322,0,0
288391,0,0
-74326,0,0
-131636,0,0
-184919,0,0
-462912,0,0
-339503,0,0
-212348,0,0
-240443,0,0
34254,0,0
-19925,0,0
-434714,0,0
-338315,0,0
-511504,0,0
-645828,0,0
-230674,0,0
-391218,0,0
-542811,0,0
-511178,0,0
-523706,0,0
-92604,0,0
-245243,0,0
-528089,0,0
-313631,0,0
-243415,0,0
-581191,0,0
-358952,0,0
-169910,0,0
-148647,0,0
-32088,0,0
-426856,0,0
-409647,0,0
-67575,0,0
-198345,0,0
-111525,0,0
230304,0,0
48441,0,0
-140952,0,0
73979,0,0
22310,0,0
109334,0,0
469960,0,0
301260,0,0
143432,0,0
26829,0,0
-29405,0,0
219986,0,0
459009,0,0
262723,0,0
490765,0,0
360919,0,0
296648,0,0
445032,0,0
341332,0,0
117056,0,0
287547,0,0
183560,0,0
184262,0,0
419935,0,0
259017,0,0
183408,0,0
220302,0,0
22451,0,0
274530,0,0
268979,0,0
124275,0,0
94505,0,0
-117158,0,0
-220929,0,0
-164208,0,0
-165794,0,0
-113811,0,0
155762,0,0
26301,0,0
-168775,0,0
28775,0,0
-52041,0,0
-199655,0,0
-407253,0,0
-557395,0,0
-366999,0,0
-34632,0,0
-259787,0,0
28855,0,0
70669,0,0
-193553,0,0
114929,0,0
-106682,0,0
-403211,0,0
-327802,0,0
-392854,0,0
-151533,0,0
282190,0,0
-53833,0,0
-171930,0,0
139542,0,0
-20721,0,0
-146310,0,0
94432,0,0
-60241,0,0
-65762,0,0
245044,0,0
-50992,0,0
-120561,0,0
21630,0,0
-137592,0,0
226418,0,0
167249,0,0
77427,0,0
21637,0,0
-13605,0,0
2826,0,0
169092,0,0
-40551,0,0
-197894,0,0
84916,0,0
-85209,0,0
-246240,0,0
46327,0,0
-131402,0,0
-31851,0,0
-71603,0,0
-327576,0,0
-226954,0,0
-213091,0,0
-313698,0,0
101419,0,0
197489,0,0
-177120,0,0
-130861,0,0
-214990,0,0
-388560,0,0
-76458,0,0
-249058,0,0
-285425,0,0
278416,0,0
10426,0,0
-78516,0,0
-1285,0,0
-326811,0,0
-13614,0,0
234032,0,0
-204481,0,0
82224,0,0
265635,0,0
-164339,0,0
-177525,0,0
29561,0,0
-64226,0,0
178883,0,0
-62661,0,0
33343,0,0
259276,0,0
81914,0,0
-101641,0,0
55957,0,0
119400,0,0
-67358,0,0
133824,0,0
213049,0,0
161373,0,0
147858,0,0
-138006,0,0
-58217,0,0
113011,0,0
514,0,0
119132,0,0
35499,0,0
-4112,0,0
145463,0,0
181827,0,0
21258,0,0
-100273,0,0
-230004,0,0
-160175,0,0
55864,0,0
-75127,0,0
-173234,0,0
100383,0,0
-176183,0,0
-287622,0,0
-313943,0,0
-385647,0,0
45124,0,0
-146780,0,0
-189098,0,0
-24863,0,0
-127157,0,0
-300740,0,0
-136797,0,0
25529,0,0
29418,0,0
-116972,0,0
-362711,0,0
-279509,0,0
11011,0,0
126681,0,0
127832,0,0
147438,0,0
8898,0,0
-37568,0,0
170916,0,0
-54233,0,0
-27531,0,0
-142145,0,0
-110695,0,0
118109,0,0
454316,0,0
221538,0,0
68549,0,0
-234385,0,0
-242769,0,0
104862,0,0
-75354,0,0
173185,0,0
325245,0,0
141787,0,0
259457,0,0
17687,0,0
-145441,0,0
112426,0,0
306472,0,0
-34519,0,0
244457,0,0
95592,0,0
139043,0,0
276372,0,0
228764,0,0
64019,0,0
191185,0,0
121330,0,0
15282,0,0
365336,0,0
92415,0,0
65970,0,0
203104,0,0
-45190,0,0
-205338,0,0
293072,0,0
97654,0,0
103269,0,0
152485,0,0
106580,0,0
80844,0,0
-106145,0,0
-277878,0,0
-9064,0,0
29001,0,0
-207610,0,0
95257,0,0
-75073,0,0
-336223,0,0
95513,0,0
151539,0,0
310153,0,0
360123,0,0
-45021,0,0
-400357,0,0
10306,0,0
-110672,0,0
-12779,0,0
97476,0,0
-116882,0,0
127114,0,0
165916,0,0
38834,0,0
52956,0,0
130489,0,0
29284,0,0
201878,0,0
-165670,0,0
-201863,0,0
268468,0,0
-3130,0,0
-92717,0,0
47389,0,0
28755,0,0
104908,0,0
285565,0,0
47396,0,0
58873,0,0
66090,0,0
44413,0,0
268962,0,0
289871,0,0
-67287,0,0
-1986,0,0
257277,0,0
8111,0,0
114600,0,0
77777,0,0
59013,0,0
183506,0,0
7859,0,0
-38481,0,0
70698,0,0
-144421,0,0
-346622,0,0
-2404,0,0
104499,0,0
146144,0,0
289119,0,0
-42622,0,0
-315664,0,0
-335853,0,0
-225928,0,0
164667,0,0
171257,0,0
298158,0,0
442826,0,0
19455,0,0
-206579,0,0
30277,0,0
-50473,0,0
-4567,0,0
334406,0,0
269695,0,0
135156,0,0
65674,0,0
-90533,0,0
289525,0,0
410151,0,0
191875,0,0
172279,0,0
191230,0,0
-59915,0,0
66172,0,0
125527,0,0
28482,0,0
85299,0,0
-14972,0,0
-85247,0,0
137174,0,0
42690,0,0
146303,0,0
69916,0,0
-42815,0,0
-409391,0,0
-152014,0,0
-136289,0,0
76897,0,0
7538,0,0
-254988,0,0
-141063,0,0
-256663,0,0
-146276,0,0
-238703,0,0
-211487,0,0
-194928,0,0
235376,0,0
-158873,0,0
-456481,0,0
72717,0,0
167962,0,0
-35875,0,0
4844,0,0
-172241,0,0
-259192,0,0
-152073,0,0
-205681,0,0
29326,0,0
260216,0,0
90738,0,0
129303,0,0
2770,0,0
-311631,0,0
-295323,0,0
-177400,0,0
-89422,0,0
157736,0,0
1495,0,0
-41115,0,0
-74030,0,0
-61062,0,0
78565,0,0
110250,0,0
-30823,0,0
-185511,0,0
-47531,0,0
-106564,0,0
39671,0,0
61896,0,0
-143422,0,0
-2753,0,0
159554,0,0
129506,0,0
214662,0,0
164708,0,0
-265935,0,0
-322176,0,0
-269590,0,0
-106072,0,0
177341,0,0
142052,0,0
151397,0,0
186437,0,0
-163861,0,0
-359958,0,0
-290794,0,0
-225790,0,0
120078,0,0
289616,0,0
214101,0,0
193791,0,0
-35275,0,0
-315039,0,0
-139232,0,0
41383,0,0
-70276,0,0
132638,0,0
-23023,0,0
48117,0,0
101949,0,0
-17743,0,0
198593,0,0
-4515,0,0
34021,0,0
-212300,0,0
-16158,0,0
-118205,0,0
-2469,0,0
129460,0,0
-163018,0,0
87763,0,0
-85575,0,0
-230344,0,0
-3409,0,0
40248,0,0
-68961,0,0
281392,0,0
-105510,0,0
-6074,0,0
-113196,0,0
-207295,0,0
-149650,0,0
-53101,0,0
26651,0,0
-173576,0,0
69032,0,0
-41128,0,0
132405,0,0
209651,0,0
35676,0,0
-37172,0,0
-133048,0,0
-211247,0,0
-33882,0,0
86243,0,0
-43323,0,0
102531,0,0
116357,0,0
-75587,0,0
-24299,0,0
-101927,0,0
-130504,0,0
-85627,0,0
98222,0,0
-134103,0,0
-156675,0,0
-196816,0,0
190347,0,0
410556,0,0
259928,0,0
60385,0,0
-149550,0,0
-380136,0,0
-174431,0,0
287839,0,0
63272,0,0
307547,0,0
198494,0,0
211588,0,0
248061,0,0
95469,0,0
109070,0,0
54505,0,0
37814,0,0
-211845,0,0
-57855,0,0
19530,0,0
161639,0,0
413450,0,0
82997,0,0
80703,0,0
35333,0,0
-174766,0,0
-227716,0,0
-18602,0,0
-244393,0,0
-210709,0,0
-197375,0,0
18688,0,0
279753,0,0
-88958,0,0
-22237,0,0
-82910,0,0
-224910,0,0
-382249,0,0
-377011,0,0
-390209,0,0
-129022,0,0
81369,0,0
-194679,0,0
-220627,0,0
-71345,0,0
131406,0,0
-387118,0,0
-417847,0,0
-391700,0,0
-104008,0,0
-204241,0,0
-60884,0,0
-76701,0,0
-233140,0,0
-4994,0,0
118744,0,0
-48237,0,0
-315502,0,0
-258976,0,0
-203784,0,0
-48302,0,0
-65770,0,0
-98156,0,0
-81293,0,0
-66269,0,0
-251217,0,0
-206853,0,0
-176934,0,0
-46871,0,0
-133272,0,0
-284241,0,0
-126748,0,0
-177621,0,0
-369145,0,0
-140233,0,0
18135,0,0
70593,0,0
-264208,0,0
-229264,0,0
-288918,0,0
-74241,0,0
-256913,0,0
-116627,0,0
5259,0,0
-313982,0,0
-256687,0,0
-97949,0,0
-79758,0,0
-228780,0,0
-127271,0,0
-131170,0,0
1748,0,0
-221824,0,0
-133223,0,0
-37299,0,0
-307249,0,0
-373481,0,0
-478963,0,0
-200581,0,0
-87696,0,0
347362,0,0
107433,0,0
-402539,0,0
-70725,0,0
-214513,0,0
-253800,0,0
-29776,0,0
27505,0,0
-95965,0,0
-2978,0,0
-286153,0,0
-359692,0,0
-238728,0,0
-228455,0,0
17356,0,0
172862,0,0
102901,0,0
139779,0,0
69706,0,0
-369337,0,0
-225975,0,0
-74791,0,0
94662,0,0
256849,0,0
36591,0,0
66895,0,0
267085,0,0
482328,0,0
257183,0,0
191658,0,0
120220,0,0
340841,0,0
255476,0,0
179119,0,0
442500,0,0
541822,0,0
821218,0,0
459318,0,0
448543,0,0
248500,0,0
420862,0,0
536357,0,0
597747,0,0
636399,0,0
439065,0,0
504574,0,0
502868,0,0
652283,0,0
410412,0,0
588741,0,0
476012,0,0
507531,0,0
634835,0,0
426220,0,0
522332,0,0
718662,0,0
684141,0,0
350144,0,0
160295,0,0
245539,0,0
457290,0,0
385272,0,0
349158,0,0
472506,0,0
480746,0,0
507988,0,0
426403,0,0
318623,0,0
290451,0,0
390623,0,0
2702,0,0
13280,0,0
183560,0,0
39771,0,0
455275,0,0
463124,0,0
379527,0,0
30656,0,0
293669,0,0
17815,0,0
45205,0,0
-32625,0,0
-26796,0,0
85133,0,0
-15401,0,0
87165,0,0
288064,0,0
169335,0,0
207227,0,0
260373,0,0
-153402,0,0
-263009,0,0
-104397,0,0
-137235,0,0
74359,0,0
187541,0,0
23891,0,0
-145693,0,0
-33150,0,0
-189085,0,0
-144756,0,0
-221327,0,0
-71244,0,0
6854,0,0
-234827,0,0
-273610,0,0
-253027,0,0
-303187,0,0
-242529,0,0
28207,0,0
-298062,0,0
-237256,0,0
-144584,0,0
-382541,0,0
-335883,0,0
-473286,0,0
-28590,0,0
11631,0,0
-134750,0,0
-408259,0,0
-416189,0,0
-36081,0,0
-211389,0,0
-110108,0,0
-252573,0,0
38689,0,0
151080,0,0
54206,0,0
-241230,0,0
-108895,0,0
-216348,0,0
-100135,0,0
75916,0,0
61020,0,0
236600,0,0
121994,0,0
269453,0,0
-21140,0,0
18043,0,0
-136293,0,0
-11877,0,0
4388,0,0
177876,0,0
294817,0,0
98031,0,0
331002,0,0
234682,0,0
51232,0,0
-122213,0,0
201976,0,0
-180921,0,0
-15612,0,0
295236,0,0
56904,0,0
250595,0,0
41435,0,0
109706,0,0
146819,0,0
369721,0,0
129975,0,0
194276,0,0
-39595,0,0
-249977,0,0
36545,0,0
4924,0,0
90708,0,0
191577,0,0
312155,0,0
87575,0,0
127957,0,0
-83194,0,0
75878,0,0
248040,0,0
-25447,0,0
102810,0,0
-97451,0,0
119610,0,0
62380,0,0
244836,0,0
139876,0,0
269772,0,0
-89685,0,0
-85212,0,0
208091,0,0
204663,0,0
35315,0,0
126577,0,0
48147,0,0
-31775,0,0
12639,0,0
-45428,0,0
-138331,0,0
161421,0,0
84189,0,0
132395,0,0
-99018,0,0
-180935,0,0
-267935,0,0
-9334,0,0
95699,0,0
220186,0,0
-211360,0,0
-257892,0,0
24230,0,0
-317776,0,0
-229765,0,0
-66965,0,0
-1026,0,0
-117380,0,0
-80404,0,0
-306881,0,0
-165227,0,0
-122615,0,0
-333425,0,0
-129625,0,0
-118699,0,0
-255110,0,0
-416944,0,0
-172193,0,0
-324849,0,0
-139898,0,0
-90272,0,0
-120646,0,0
-7420,0,0
-371376,0,0
-470989,0,0
-274557,0,0
-153580,0,0
-23745,0,0
-44787,0,0
-330811,0,0
-240507,0,0
-241990,0,0
-356725,0,0
-74906,0,0
-172412,0,0
-207630,0,0
-331216,0,0
182575,0,0
225378,0,0
311360,0,0
-257130,0,0
-382709,0,0
-59089,0,0
-326887,0,0
-128633,0,0
-50740,0,0
188324,0,0
415300,0,0
476736,0,0
-187284,0,0
141593,0,0
186547,0,0
48577,0,0
42376,0,0
-305183,0,0
-230734,0,0
-100034,0,0
131487,0,0
129744,0,0
388011,0,0
109877,0,0
247509,0,0
171649,0,0
-254811,0,0
-260893,0,0
-156038,0,0
100572,0,0
129309,0,0
213071,0,0
-145416,0,0
73753,0,0
53370,0,0
-99982,0,0
275364,0,0
-57739,0,0
-239687,0,0
-385832,0,0
-157852,0,0
-25161,0,0
370456,0,0
94993,0,0
-121662,0,0
-58591,0,0
-522867,0,0
-428805,0,0
-293088,0,0
-169925,0,0
-218235,0,0
86958,0,0
-312717,0,0
-316972,0,0
-119542,0,0
-26459,0,0
-66560,0,0
-353696,0,0
-387001,0,0
-524079,0,0
-397124,0,0
-171371,0,0
60420,0,0
-148032,0,0
60616,0,0
-43000,0,0
-399885,0,0
-416531,0,0
-339735,0,0
-314016,0,0
-29794,0,0
41946,0,0
-380366,0,0
-50947,0,0
29297,0,0
121120,0,0
326398,0,0
-154672,0,0
-328328,0,0
-441116,0,0
-176091,0,0
-127045,0,0
233775,0,0
97953,0,0
-66939,0,0
-111658,0,0
-249449,0,0
30192,0,0
-99177,0,0
-78088,0,0
13369,0,0
-244065,0,0
-305138,0,0
1033,0,0
-106799,0,0
-229382,0,0
-72549,0,0
-321180,0,0
-375556,0,0
-286142,0,0
121201,0,0
-29608,0,0
45129,0,0
-358112,0,0
-457620,0,0
-151030,0,0
-87296,0,0
-42003,0,0
-167019,0,0
-184102,0,0
-177868,0,0
-139132,0,0
-306676,0,0
165732,0,0
-55752,0,0
-351655,0,0
-199206,0,0
-241471,0,0
-37738,0,0
-17077,0,0
-117322,0,0
-239815,0,0
-178813,0,0
-175710,0,0
-173404,0,0
-17905,0,0
-267197,0,0
-111108,0,0
-314600,0,0
-194005,0,0
-51089,0,0
-147591,0,0
-385409,0,0
-103415,0,0
-44290,0,0
-410529,0,0
157826,0,0
58735,0,0
-40223,0,0
-375214,0,0
-233503,0,0
-257364,0,0
181339,0,0
-189903,0,0
-187984,0,0
80870,0,0
-226911,0,0
-126649,0,0
43677,0,0
66791,0,0
-28882,0,0
-57360,0,0
-280409,0,0
33318,0,0
1937,0,0
-36635,0,0
236251,0,0
-122731,0,0
-66922,0,0
-286690,0,0
942,0,0
49133,0,0
512553,0,0
371360,0,0
342490,0,0
96582,0,0
-288425,0,0
-54123,0,0
-7238,0,0
190200,0,0
240014,0,0
331767,0,0
170595,0,0
261182,0,0
244366,0,0
202538,0,0
27139,0,0
-43789,0,0
181604,0,0
106766,0,0
243111,0,0
65084,0,0
194347,0,0
-110123,0,0
-118899,0,0
99892,0,0
54179,0,0
112934,0,0
-80086,0,0
-12848,0,0
-23052,0,0
100531,0,0
-148693,0,0
-14850,0,0
-98730,0,0
-276272,0,0
-126695,0,0
-246041,0,0
143330,0,0
114338,0,0
-22927,0,0
-264593,0,0
-67610,0,0
-249532,0,0
-211814,0,0
-100508,0,0
-201477,0,0
-89756,0,0
-166163,0,0
-42936,0,0
7308,0,0
-114265,0,0
-411884,0,0
-214812,0,0
-245384,0,0
-384325,0,0
140401,0,0
218903,0,0
532727,0,0
307411,0,0
-142085,0,0
-303726,0,0
-1972,0,0
-113368,0,0
84337,0,0
253516,0,0
-49488,0,0
124803,0,0
428022,0,0
143400,0,0
193884,0,0
506849,0,0
299280,0,0
369516,0,0
-133874,0,0
-281269,0,0
330304,0,0
328015,0,0
320594,0,0
224583,0,0
265762,0,0
105599,0,0
329307,0,0
190619,0,0
195867,0,0
378121,0,0
178806,0,0
403759,0,0
296523,0,0
140973,0,0
168464,0,0
323290,0,0
146339,0,0
288612,0,0
144220,0,0
-171565,0,0
230745,0,0
411523,0,0
590577,0,0
96794,0,0
-136389,0,0
-165996,0,0
-82813,0,0
-53210,0,0
195745,0,0
224827,0,0
109801,0,0
279244,0,0
-12563,0,0
-196614,0,0
-179571,0,0
5423,0,0
7408,0,0
120898,0,0
-37459,0,0
-278102,0,0
-16024,0,0
-211407,0,0
-199229,0,0
-269865,0,0
-169579,0,0
-67308,0,0
80589,0,0
-179170,0,0
-247156,0,0
-116753,0,0
-646067,0,0
-278904,0,0
-161114,0,0
-142641,0,0
-76069,0,0
-62314,0,0
-401322,0,0
-253264,0,0
-37524,0,0
-159248,0,0
257665,0,0
-13277,0,0
-127638,0,0
-371508,0,0
-92547,0,0
-67789,0,0
95483,0,0
-95247,0,0
146539,0,0
88721,0,0
-232002,0,0
-647,0,0
-89689,0,0
93414,0,0
-60013,0,0
61579,0,0
-213660,0,0
-180423,0,0
-379185,0,0
-383903,0,0
170419,0,0
-52765,0,0
-43331,0,0
13390,0,0
-162374,0,0
-355194,0,0
-178783,0,0
-450010,0,0
-350950,0,0
-19996,0,0
-212013,0,0
207574,0,0
131299,0,0
-220219,0,0
-443367,0,0
-231159,0,0
-167603,0,0
187689,0,0
189694,0,0
-264936,0,0
17552,0,0
-185321,0,0
-183883,0,0
-210332,0,0
19754,0,0
188735,0,0
308749,0,0
-195315,0,0
-66860,0,0
53908,0,0
-257616,0,0
70386,0,0
71072,0,0
3552,0,0
193932,0,0
78249,0,0
-147453,0,0
144417,0,0
110064,0,0
-21803,0,0
56337,0,0
-88412,0,0
348447,0,0
347490,0,0
144514,0,0
-67789,0,0
-89368,0,0
-342822,0,0
-4944,0,0
347112,0,0
288746,0,0
249492,0,0
55639,0,0
-15416,0,0
40291,0,0
191049,0,0
-221550,0,0
-17671,0,0
-67179,0,0
-94504,0,0
226158,0,0
-24992,0,0
99359,0,0
116118,0,0
144690,0,0
25064,0,0
138042,0,0
-165924,0,0
103664,0,0
268060,0,0
-116892,0,0
100203,0,0
-25362,0,0
14631,0,0
180175,0,0
48300,0,0
-76170,0,0
211888,0,0
299049,0,0
76134,0,0
265479,0,0
-30842,0,0
5887,0,0
43234,0,0
11752,0,0
140493,0,0
263636,0,0
-116259,0,0
174250,0,0
456003,0,0
-116107,0,0
190716,0,0
267240,0,0
373494,0,0
411470,0,0
236910,0,0
-262890,0,0
141252,0,0
273887,0,0
99973,0,0
496863,0,0
174662,0,0
205229,0,0
390237,0,0
335261,0,0
49407,0,0
263878,0,0
-6827,0,0
-43618,0,0
158195,0,0
-106340,0,0
194520,0,0
137444,0,0
64982,0,0
109928,0,0
238522,0,0
13933,0,0
93770,0,0
-115226,0,0
-370431,0,0
215356,0,0
280247,0,0
293495,0,0
73909,0,0
-8409,0,0
36153,0,0
165257,0,0
33011,0,0
173213,0,0
222919,0,0
20693,0,0
524158,0,0
182502,0,0
57152,0,0
60106,0,0
124767,0,0
-210278,0,0
139502,0,0
223405,0,0
212274,0,0
514524,0,0
117528,0,0
103527,0,0
105569,0,0
-44100,0,0
-58488,0,0
175624,0,0
-100607,0,0
212016,0,0
267055,0,0
13297,0,0
196776,0,0
208336,0,0
1358,0,0
41067,0,0
-13013,0,0
-266231,0,0
133273,0,0
-4972,0,0
-129961,0,0
186114,0,0
-122023,0,0
29250,0,0
8327,0,0
-105927,0,0
-13267,0,0
296,0,0
-283735,0,0
-207340,0,0
198151,0,0
-72905,0,0
299501,0,0
26670,0,0
-47428,0,0
-45381,0,0
-154736,0,0
-310432,0,0
-6888,0,0
-1336,0,0
100617,0,0
531147,0,0
153259,0,0
177356,0,0
-10162,0,0
-140463,0,0
-62612,0,0
235012,0,0
149965,0,0
103519,0,0
130327,0,0
-2072,0,0
435184,0,0
261239,0,0
150716,0,0
78646,0,0
117716,0,0
-35524,0,0
264571,0,0
193832,0,0
106433,0,0
481349,0,0
73484,0,0
38783,0,0
29323,0,0
107996,0,0
85150,0,0
297164,0,0
-94615,0,0
166856,0,0
232122,0,0
-149569,0,0
116490,0,0
36619,0,0
-7514,0,0
83339,0,0
-21758,0,0
-324897,0,0
107981,0,0
137452,0,0
-96449,0,0
212001,0,0
-114843,0,0
-64741,0,0
-48837,0,0
135440,0,0
333157,0,0
68327,0,0
-259191,0,0
104238,0,0
460602,0,0
-151221,0,0
70726,0,0
-22055,0,0
91950,0,0
414542,0,0
521256,0,0
285914,0,0
226876,0,0
-109930,0,0
-358990,0,0
233625,0,0
253246,0,0
332227,0,0
20226,0,0
-166763,0,0
-245597,0,0
232234,0,0
92222,0,0
273803,0,0
497154,0,0
18440,0,0
-57909,0,0
-227031,0,0
-55444,0,0
92254,0,0
208809,0,0
-136298,0,0
156023,0,0
95003,0,0
-34396,0,0
107770,0,0
100913,0,0
240187,0,0
60455,0,0
10004,0,0
-34872,0,0
134707,0,0
-132037,0,0
109888,0,0
598386,0,0
31130,0,0
107095,0,0
-134635,0,0
-198537,0,0
131784,0,0
174093,0,0
-96768,0,0
297020,0,0
230299,0,0
-7691,0,0
299159,0,0
-73767,0,0
-82177,0,0
-486,0,0
-34049,0,0
-11772,0,0
65824,0,0
-150332,0,0
-11419,0,0
102771,0,0
-322868,0,0
-166986,0,0
-206306,0,0
-87079,0,0
-185083,0,0
-241970,0,0
-427114,0,0
-51131,0,0
-159081,0,0
-388446,0,0
-116719,0,0
-550460,0,0
-463307,0,0
-442521,0,0
-463859,0,0
-553824,0,0
-50196,0,0
-372096,0,0
-206846,0,0
90576,0,0
-454741,0,0
-556312,0,0
-465773,0,0
-400143,0,0
-330723,0,0
-323586,0,0
-437519,0,0
-95997,0,0
-210105,0,0
-171241,0,0
237909,0,0
-287596,0,0
-307411,0,0
-270215,0,0
-283747,0,0
-394849,0,0
26512,0,0
-262330,0,0
-66102,0,0
138383,0,0
-176444,0,0
-120022,0,0
-245253,0,0
-250151,0,0
101729,0,0
-23647,0,0
-340966,0,0
119921,0,0
-126061,0,0
-123199,0,0
381498,0,0
-16321,0,0
63032,0,0
67191,0,0
43385,0,0
-54473,0,0
84919,0,0
-75153,0,0
171405,0,0
91913,0,0
-176837,0,0
136195,0,0
129886,0,0
231921,0,0
275728,0,0
118543,0,0
-226050,0,0
28310,0,0
-63167,0,0
-99552,0,0
353400,0,0
-54014,0,0
151381,0,0
443826,0,0
360161,0,0
29603,0,0
69458,0,0
-74548,0,0
304098,0,0
792397,0,0
195515,0,0
354104,0,0
345600,0,0
329244,0,0
563783,0,0
318850,0,0
78238,0,0
500059,0,0
519219,0,0
370675,0,0
401337,0,0
195179,0,0
341153,0,0
488524,0,0
443708,0,0
237634,0,0
417148,0,0
259064,0,0
160069,0,0
340660,0,0
252509,0,0
353403,0,0
281336,0,0
159314,0,0
360510,0,0
316423,0,0
-30490,0,0
499536,0,0
505826,0,0
274753,0,0
361033,0,0
142746,0,0
301214,0,0
335230,0,0
202664,0,0
186670,0,0
416481,0,0
18002,0,0
79597,0,0
291399,0,0
176368,0,0
607559,0,0
51678,0,0
45279,0,0
224734,0,0
73702,0,0
-184973,0,0
214245,0,0
151467,0,0
50747,0,0
431580,0,0
57303,0,0
2979,0,0
-58065,0,0
-307458,0,0
-22762,0,0
356792,0,0
175216,0,0
369047,0,0
333333,0,0
-256264,0,0
-92352,0,0
-51385,0,0
-93705,0,0
152444,0,0
230712,0,0
-199758,0,0
53070,0,0
22751,0,0
-157336,0,0
95444,0,0
-56692,0,0
-80720,0,0
163781,0,0
129399,0,0
-40336,0,0
-61293,0,0
-400789,0,0
-315854,0,0
-126647,0,0
-253081,0,0
-78119,0,0
-52658,0,0
-199524,0,0
-69742,0,0
-155078,0,0
-283210,0,0
30221,0,0
-394158,0,0
-449667,0,0
-100899,0,0
-417240,0,0
112759,0,0
232294,0,0
-374227,0,0
-374544,0,0
-130348,0,0
-317154,0,0
17914,0,0
35786,0,0
-553182,0,0
-157335,0,0
-113537,0,0
-61794,0,0
256531,0,0
126732,0,0
-156537,0,0
-104444,0,0
-261414,0,0
-431611,0,0
40526,0,0
-255722,0,0
-130433,0,0
27570,0,0
-57771,0,0
-1910,0,0
19529,0,0
-286532,0,0
-77663,0,0
115570,0,0
-538858,0,0
-206941,0,0
-199974,0,0
-211966,0,0
-87186,0,0
70748,0,0
-260169,0,0
-19548,0,0
-109590,0,0
-374875,0,0
8132,0,0
-214525,0,0
-127857,0,0
-126111,0,0
-153542,0,0
-250929,0,0
94847,0,0
-90674,0,0
271555,0,0
402592,0,0
-380392,0,0
-164742,0,0
-118891,0,0
101155,0,0
311886,0,0
315056,0,0
-221884,0,0
-45623,0,0
73723,0,0
-40115,0,0
374982,0,0
-4340,0,0
-23589,0,0
90397,0,0
-74742,0,0
3961,0,0
128513,0,0
-135687,0,0
19774,0,0
89041,0,0
-354389,0,0
-19119,0,0
-257071,0,0
-399646,0,0
-68348,0,0
320555,0,0
-70507,0,0
23288,0,0
-255247,0,0
-371635,0,0
65645,0,0
-93074,0,0
-225561,0,0
-255834,0,0
-301851,0,0
-102401,0,0
273314,0,0
79850,0,0
227553,0,0
45588,0,0
-404755,0,0
-49166,0,0
-99226,0,0
-59144,0,0
108531,0,0
206652,0,0
-77281,0,0
33243,0,0
-155781,0,0
-311484,0,0
207519,0,0
-13786,0,0
-125141,0,0
-108530,0,0
-363993,0,0
-224773,0,0
-117246,0,0
-340962,0,0
-194170,0,0
27694,0,0
-337577,0,0
-40472,0,0
-266026,0,0
-544077,0,0
-409091,0,0
-293560,0,0
-358052,0,0
-81942,0,0
-173219,0,0
-418758,0,0
-163784,0,0
-379686,0,0
-182684,0,0
-67637,0,0
-206922,0,0
-291217,0,0
-250296,0,0
-470529,0,0
-220786,0,0
84267,0,0
-288147,0,0
87798,0,0
15503,0,0
-24409,0,0
85139,0,0
-148800,0,0
-441607,0,0
38230,0,0
-201990,0,0
-39387,0,0
531366,0,0
195397,0,0
227262,0,0
342853,0,0
34347,0,0
-172961,0,0
155300,0,0
-53119,0,0
225343,0,0
579311,0,0
190934,0,0
372558,0,0
341962,0,0
147053,0,0
296034,0,0
249106,0,0
-36309,0,0
165172,0,0
49651,0,0
-115726,0,0
381709,0,0
383912,0,0
392213,0,0
279718,0,0
-161070,0,0
-264428,0,0
65192,0,0
-20720,0,0
30993,0,0
132520,0,0
-319382,0,0
131690,0,0
27078,0,0
-345543,0,0
-151334,0,0
201,0,0
-45667,0,0
134699,0,0
-2292,0,0
-266991,0,0
202791,0,0
-38155,0,0
-173094,0,0
-126362,0,0
-249450,0,0
26595,0,0
342984,0,0
13522,0,0
-5877,0,0
120654,0,0
-218617,0,0
17954,0,0
31153,0,0
29516,0,0
459456,0,0
386746,0,0
-6265,0,0
190398,0,0
-8049,0,0
-93550,0,0
464591,0,0
33290,0,0
-62291,0,0
102762,0,0
296145,0,0
439514,0,0
722214,0,0
69453,0,0
-88255,0,0
294641,0,0
189776,0,0
412881,0,0
328753,0,0
258311,0,0
490748,0,0
435650,0,0
-167605,0,0
142545,0,0
163250,0,0
207954,0,0
555631,0,0
266155,0,0
209862,0,0
278156,0,0
363965,0,0
247553,0,0
236343,0,0
-139257,0,0
79190,0,0
133038,0,0
-132651,0,0
289035,0,0
299109,0,0
186333,0,0
353336,0,0
266381,0,0
-40224,0,0
205634,0,0
-19834,0,0
-198058,0,0
334123,0,0
176302,0,0
211959,0,0
307176,0,0
40551,0,0
113043,0,0
245149,0,0
-17043,0,0
447368,0,0
353581,0,0
-7004,0,0
326070,0,0
33771,0,0
-157657,0,0
157913,0,0
205576,0,0
123252,0,0
374403,0,0
69033,0,0
-36853,0,0
420263,0,0
6513,0,0
-98169,0,0
-132378,0,0
-15718,0,0
22961,0,0
308251,0,0
69036,0,0
290396,0,0
374662,0,0
-246183,0,0
-43070,0,0
104225,0,0
3175,0,0
107775,0,0
-51204,0,0
-93454,0,0
258184,0,0
96901,0,0
-51611,0,0
133233,0,0
-255557,0,0
-136378,0,0
257434,0,0
28994,0,0
4402,0,0
8360,0,0
-413952,0,0
-140651,0,0
-69280,0,0
-346438,0,0
-37004,0,0
13997,0,0
-52032,0,0
-27613,0,0
-109258,0,0
-302524,0,0
58056,0,0
-183720,0,0
-266955,0,0
-84211,0,0
-398230,0,0
-252298,0,0
-18331,0,0
