-149486,0,0
-87924,0,0
64012,0,0
-96935,0,0
50738,0,0
17329,0,0
-166525,0,0
-109604,0,0
-25674,0,0
-119771,0,0
150589,0,0
6287,0,0
-76832,0,0
58309,0,0
-59347,0,0
-150329,0,0
-88146,0,0
205685,0,0
208045,0,0
45803,0,0
-65467,0,0
-65963,0,0
-503,0,0
-50619,0,0
66675,0,0
-2412,0,0
-405,0,0
-65608,0,0
108058,0,0
8695,0,0
85184,0,0
5831,0,0
-173998,0,0
160904,0,0
205155,0,0
-191064,0,0
-89678,0,0
173317,0,0
134041,0,0
46204,0,0
-94626,0,0
84302,0,0
179149,0,0
-9897,0,0
-16022,0,0
39642,0,0
25601,0,0
-23791,0,0
76267,0,0
-39918,0,0
205219,0,0
128297,0,0
-83630,0,0
123042,0,0
17765,0,0
-184728,0,0
-174077,0,0
112804,0,0
334096,0,0
37145,0,0
-226477,0,0
48597,0,0
146913,0,0
-82830,0,0
-84709,0,0
-36021,0,0
8248,0,0
-121784,0,0
-23252,0,0
-131050,0,0
160939,0,0
99000,0,0
-74935,0,0
182801,0,0
-82822,0,0
-398308,0,0
-153691,0,0
118660,0,0
-31796,0,0
105268,0,0
-79242,0,0
-2486,0,0
77673,0,0
-189798,0,0
-6161,0,0
33966,0,0
-148310,0,0
-75580,0,0
58164,0,0
-131421,0,0
61176,0,0
71739,0,0
-77715,0,0
123059,0,0
-20446,0,0
-229499,0,0
-20922,0,0
151105,0,0
16411,0,0
123193,0,0
-82863,0,0
13704,0,0
132722,0,0
43593,0,0
-22059,0,0
-45741,0,0
-57516,0,0
-32222,0,0
132996,0,0
-96018,0,0
39288,0,0
128542,0,0
-70590,0,0
90621,0,0
10117,0,0
-229302,0,0
-212188,0,0
41376,0,0
250370,0,0
88641,0,0
-81626,0,0
-111377,0,0
-99224,0,0
134548,0,0
323775,0,0
-186537,0,0
-135831,0,0
-49600,0,0
23163,0,0
-136346,0,0
182272,0,0
243447,0,0
-38856,0,0
33411,0,0
-17979,0,0
-151246,0,0
68544,0,0
125079,0,0
-9914,0,0
88211,0,0
-19017,0,0
137523,0,0
164388,0,0
-82148,0,0
-15502,0,0
26706,0,0
-8366,0,0
-101579,0,0
19540,0,0
59101,0,0
278716,0,0
117879,0,0
-138452,0,0
57854,0,0
58005,0,0
-60965,0,0
2935,0,0
146116,0,0
71460,0,0
40315,0,0
-143345,0,0
57780,0,0
97113,0,0
-88613,0,0
5350,0,0
-43202,0,0
-64086,0,0
-43807,0,0
-18613,0,0
-120240,0,0
120825,0,0
42725,0,0
-131282,0,0
18905,0,0
-97248,0,0
-196664,0,0
-27801,0,0
98205,0,0
-12503,0,0
4924,0,0
-122195,0,0
-35386,0,0
44694,0,0
-87517,0,0
-28611,0,0
-92922,0,0
-93529,0,0
-15425,0,0
52998,0,0
-126045,0,0
22742,0,0
-45180,0,0
-90220,0,0
90183,0,0
-127056,0,0
-244574,0,0
-114597,0,0
336883,0,0
22836,0,0
-102753,0,0
-178513,0,0
63705,0,0
90782,0,0
-126622,0,0
14497,0,0
38239,0,0
-23853,0,0
-124833,0,0
7731,0,0
-23990,0,0
139601,0,0
1985,0,0
-30486,0,0
50873,0,0
-91033,0,0
-139129,0,0
1054,0,0
134016,0,0
-4296,0,0
55923,0,0
-61911,0,0
77636,0,0
14658,0,0
-116448,0,0
-20092,0,0
-75416,0,0
-46308,0,0
-56973,0,0
-33345,0,0
-97009,0,0
212988,0,0
62186,0,0
-58624,0,0
109009,0,0
-70156,0,0
-134715,0,0
-68150,0,0
67831,0,0
19903,0,0
122435,0,0
-87450,0,0
-418,0,0
99094,0,0
-52748,0,0
23701,0,0
100762,0,0
-95439,0,0
-200871,0,0
48086,0,0
-60321,0,0
247046,0,0
121379,0,0
-92360,0,0
-5132,0,0
-90347,0,0
-154297,0,0
249782,0,0
178671,0,0
-79149,0,0
90764,0,0
31310,0,0
375044,0,0
162428,0,0
-342953,0,0
-58714,0,0
93953,0,0
105410,0,0
229505,0,0
248385,0,0
-25848,0,0
159923,0,0
34549,0,0
-43503,0,0
145325,0,0
-20416,0,0
-33922,0,0
62749,0,0
125443,0,0
65398,0,0
59148,0,0
-80368,0,0
141686,0,0
222268,0,0
-80662,0,0
-102177,0,0
-28578,0,0
-62360,0,0
-2599,0,0
73573,0,0
4906,0,0
228225,0,0
46886,0,0
-67500,0,0
83413,0,0
-136743,0,0
-168389,0,0
69179,0,0
185254,0,0
9758,0,0
40498,0,0
-45742,0,0
79294,0,0
40371,0,0
-174557,0,0
-44670,0,0
-8769,0,0
-44932,0,0
-69336,0,0
40647,0,0
-191540,0,0
109930,0,0
46704,0,0
212658,0,0
-144805,0,0
-301127,0,0
-25246,0,0
141122,0,0
38863,0,0
-244420,0,0
-13276,0,0
-170615,0,0
99871,0,0
203265,0,0
-136833,0,0
-58780,0,0
-50537,0,0
-21654,0,0
-74810,0,0
-70079,0,0
-47288,0,0
167190,0,0
-81331,0,0
-180493,0,0
58408,0,0
-124570,0,0
-71710,0,0
152953,0,0
187901,0,0
54306,0,0
-46597,0,0
-248315,0,0
161666,0,0
148996,0,0
-155668,0,0
95910,0,0
78759,0,0
-50252,0,0
5888,0,0
90335,0,0
8510,0,0
214275,0,0
93364,0,0
-76481,0,0
183739,0,0
-45916,0,0
-47476,0,0
83867,0,0
183401,0,0
137664,0,0
120355,0,0
-103188,0,0
165513,0,0
181247,0,0
-84665,0,0
45170,0,0
-78216,0,0
337045,0,0
140411,0,0
-26756,0,0
-23016,0,0
318457,0,0
48731,0,0
-47792,0,0
204446,0,0
-13481,0,0
-28212,0,0
190340,0,0
381368,0,0
171413,0,0
60714,0,0
-171913,0,0
165701,0,0
250806,0,0
58751,0,0
181931,0,0
19266,0,0
-82062,0,0
-3938,0,0
153128,0,0
70407,0,0
314759,0,0
36538,0,0
-37669,0,0
248104,0,0
-88924,0,0
-257656,0,0
25165,0,0
184595,0,0
66737,0,0
114390,0,0
-108944,0,0
237165,0,0
201005,0,0
-164826,0,0
-83322,0,0
-67092,0,0
8200,0,0
40930,0,0
96137,0,0
42209,0,0
171278,0,0
-3442,0,0
-65180,0,0
169143,0,0
-31195,0,0
-90684,0,0
27794,0,0
109385,0,0
44402,0,0
26127,0,0
44719,0,0
326761,0,0
62887,0,0
-290965,0,0
-44340,0,0
65405,0,0
-41822,0,0
-18591,0,0
-9731,0,0
-113537,0,0
244981,0,0
113603,0,0
-147077,0,0
23546,0,0
-128767,0,0
-232107,0,0
-22699,0,0
24448,0,0
-43758,0,0
83310,0,0
-73691,0,0
78627,0,0
1764,0,0
-326763,0,0
-124392,0,0
-50181,0,0
-65737,0,0
-131244,0,0
-119021,0,0
-86362,0,0
246992,0,0
-64329,0,0
-277959,0,0
279435,0,0
-141813,0,0
-332422,0,0
-26745,0,0
72730,0,0
73347,0,0
5377,0,0
-194102,0,0
45369,0,0
128520,0,0
-132990,0,0
91641,0,0
-79090,0,0
-144366,0,0
18132,0,0
1545,0,0
-121854,0,0
270399,0,0
49141,0,0
-136847,0,0
47622,0,0
-187800,0,0
-126963,0,0
69309,0,0
248492,0,0
72539,0,0
-23319,0,0
-208621,0,0
117334,0,0
169104,0,0
-132605,0,0
-64347,0,0
-77719,0,0
35324,0,0
41611,0,0
-15932,0,0
-51600,0,0
190011,0,0
4517,0,0
-108875,0,0
176815,0,0
-9425,0,0
-132684,0,0
-52340,0,0
70211,0,0
6504,0,0
82474,0,0
-127238,0,0
77180,0,0
99324,0,0
-162222,0,0
-5272,0,0
-36808,0,0
-163156,0,0
-106333,0,0
28893,0,0
-71348,0,0
288562,0,0
-61670,0,0
-154958,0,0
-27859,0,0
-279104,0,0
-197167,0,0
-7750,0,0
135376,0,0
-10788,0,0
132193,0,0
-143590,0,0
-5943,0,0
107208,0,0
-166076,0,0
-52778,0,0
-117043,0,0
-65586,0,0
148563,0,0
-47738,0,0
-223781,0,0
207414,0,0
21421,0,0
-74345,0,0
120623,0,0
-155728,0,0
-200538,0,0
95202,0,0
73069,0,0
-118965,0,0
19985,0,0
191501,0,0
148585,0,0
-137326,0,0
-330809,0,0
-16163,0,0
1518,0,0
-55496,0,0
43176,0,0
-11016,0,0
-84307,0,0
309486,0,0
-56279,0,0
-99664,0,0
207047,0,0
-220003,0,0
-265814,0,0
73767,0,0
133287,0,0
73684,0,0
16868,0,0
-178476,0,0
136934,0,0
83955,0,0
-191701,0,0
19310,0,0
46323,0,0
-14770,0,0
-34407,0,0
22611,0,0
-102336,0,0
135360,0,0
-50448,0,0
-101451,0,0
184442,0,0
-89855,0,0
-108034,0,0
27057,0,0
61200,0,0
-7393,0,0
28125,0,0
-184184,0,0
190124,0,0
142139,0,0
-238469,0,0
-79301,0,0
-92064,0,0
52898,0,0
132685,0,0
-86990,0,0
-121968,0,0
177979,0,0
-54661,0,0
-59417,0,0
199787,0,0
-158340,0,0
-145926,0,0
170829,0,0
234197,0,0
24852,0,0
-4473,0,0
-119184,0,0
160915,0,0
124323,0,0
-128799,0,0
129792,0,0
-5576,0,0
-82895,0,0
139406,0,0
146076,0,0
20541,0,0
396628,0,0
-23625,0,0
-282560,0,0
119342,0,0
-40006,0,0
17053,0,0
240962,0,0
183234,0,0
22195,0,0
377369,0,0
-3271,0,0
-994,0,0
-80357,0,0
-195968,0,0
85690,0,0
234588,0,0
103393,0,0
-55616,0,0
32753,0,0
48286,0,0
200918,0,0
-53227,0,0
-97337,0,0
146749,0,0
-212471,0,0
-40501,0,0
153780,0,0
112434,0,0
100988,0,0
34566,0,0
-271128,0,0
31004,0,0
115455,0,0
-122949,0,0
18553,0,0
26450,0,0
-118837,0,0
-110850,0,0
-83746,0,0
-47274,0,0
344125,0,0
-113300,0,0
-212315,0,0
106795,0,0
-298682,0,0
-201412,0,0
100051,0,0
133752,0,0
8734,0,0
-19249,0,0
-228429,0,0
83516,0,0
45240,0,0
-185626,0,0
-105303,0,0
-102026,0,0
40939,0,0
73957,0,0
1467,0,0
-74291,0,0
235027,0,0
-69570,0,0
-75286,0,0
171138,0,0
-186103,0,0
-107282,0,0
172575,0,0
182373,0,0
44580,0,0
84490,0,0
-109844,0,0
137570,0,0
103463,0,0
-145720,0,0
350478,0,0
53953,0,0
-161492,0,0
1924,0,0
175292,0,0
2303,0,0
317496,0,0
17495,0,0
-69579,0,0
175299,0,0
-81438,0,0
-56351,0,0
154559,0,0
152312,0,0
72387,0,0
72826,0,0
-134724,0,0
222140,0,0
92600,0,0
-151154,0,0
44263,0,0
-36111,0,0
-71425,0,0
-12298,0,0
16186,0,0
-61110,0,0
253960,0,0
-90706,0,0
-196733,0,0
38037,0,0
-221702,0,0
-144898,0,0
212684,0,0
98452,0,0
-106363,0,0
-72638,0,0
-226859,0,0
92958,0,0
-60656,0,0
-268061,0,0
63380,0,0
25303,0,0
-98749,0,0
2643,0,0
-36479,0,0
-182105,0,0
195880,0,0
-85094,0,0
-110853,0,0
272061,0,0
-119788,0,0
-135704,0,0
25974,0,0
13366,0,0
118741,0,0
181943,0,0
-205257,0,0
39771,0,0
127667,0,0
13892,0,0
292950,0,0
-176951,0,0
-245945,0,0
70524,0,0
48041,0,0
22284,0,0
307154,0,0
-99812,0,0
-141124,0,0
202829,0,0
-80009,0,0
-73385,0,0
101767,0,0
-22607,0,0
60614,0,0
61294,0,0
-172880,0,0
436738,0,0
-66620,0,0
-316320,0,0
24502,0,0
-411,0,0
-130760,0,0
-7554,0,0
12373,0,0
-13262,0,0
288480,0,0
-118520,0,0
-183143,0,0
72080,0,0
-159550,0,0
-120191,0,0
85444,0,0
34280,0,0
-8057,0,0
-48950,0,0
-238448,0,0
154024,0,0
131143,0,0
-247540,0,0
-92634,0,0
-116828,0,0
-144983,0,0
578,0,0
5013,0,0
-163481,0,0
180674,0,0
-93625,0,0
-179185,0,0
25069,0,0
-206155,0,0
-110213,0,0
81574,0,0
-37713,0,0
-23914,0,0
28610,0,0
-226734,0,0
47606,0,0
23793,0,0
-146977,0,0
-21096,0,0
-47464,0,0
-38757,0,0
11050,0,0
-139236,0,0
-208925,0,0
207177,0,0
-37359,0,0
-149922,0,0
72449,0,0
-210014,0,0
-119482,0,0
48718,0,0
-98260,0,0
89136,0,0
-105130,0,0
-211129,0,0
104555,0,0
-46007,0,0
-268888,0,0
-40936,0,0
-198416,0,0
-269782,0,0
-9553,0,0
23714,0,0
-158034,0,0
193328,0,0
-175340,0,0
-274405,0,0
-22995,0,0
-284261,0,0
-64371,0,0
156892,0,0
-38933,0,0
-156587,0,0
19208,0,0
-40539,0,0
65511,0,0
35415,0,0
-174374,0,0
-55760,0,0
-171766,0,0
-156627,0,0
97000,0,0
96638,0,0
-114915,0,0
175806,0,0
-162708,0,0
-88807,0,0
228120,0,0
-232258,0,0
-89899,0,0
147121,0,0
107184,0,0
52290,0,0
-5783,0,0
-140187,0,0
198885,0,0
88576,0,0
-43488,0,0
110769,0,0
59906,0,0
-20036,0,0
116706,0,0
141305,0,0
212395,0,0
392953,0,0
-146065,0,0
-101070,0,0
108098,0,0
-39351,0,0
275146,0,0
193569,0,0
121389,0,0
78156,0,0
74785,0,0
-110340,0,0
233080,0,0
139694,0,0
-127625,0,0
69248,0,0
42996,0,0
-43982,0,0
42763,0,0
-19062,0,0
-13872,0,0
326786,0,0
-32599,0,0
-57244,0,0
106997,0,0
-179528,0,0
-93018,0,0
181914,0,0
94740,0,0
6833,0,0
32397,0,0
-132305,0,0
156249,0,0
62282,0,0
-182020,0,0
-59544,0,0
-50872,0,0
-39542,0,0
-12665,0,0
-55430,0,0
-147987,0,0
228654,0,0
-75363,0,0
-172720,0,0
134510,0,0
-213058,0,0
-179097,0,0
73834,0,0
-5033,0,0
-72931,0,0
18276,0,0
-161194,0,0
43399,0,0
64463,0,0
-129749,0,0
18513,0,0
-79995,0,0
-67151,0,0
15094,0,0
-155069,0,0
-130797,0,0
308302,0,0
7104,0,0
-197513,0,0
101959,0,0
-87734,0,0
-76407,0,0
184595,0,0
85827,0,0
1943,0,0
51974,0,0
-134879,0,0
142670,0,0
104563,0,0
-137937,0,0
32778,0,0
90045,0,0
47378,0,0
59593,0,0
33198,0,0
-173776,0,0
273167,0,0
79461,0,0
-66872,0,0
138794,0,0
-154666,0,0
-65775,0,0
199496,0,0
123867,0,0
14746,0,0
-43419,0,0
-66052,0,0
166524,0,0
58401,0,0
-103467,0,0
-36470,0,0
-61986,0,0
-116461,0,0
-36972,0,0
19097,0,0
61734,0,0
315299,0,0
15935,0,0
-135512,0,0
-82699,0,0
-309181,0,0
-84887,0,0
202096,0,0
131475,0,0
101862,0,0
6830,0,0
-186687,0,0
127315,0,0
13695,0,0
-136669,0,0
108273,0,0
37985,0,0
-143451,0,0
79416,0,0
39647,0,0
4429,0,0
198368,0,0
-49537,0,0
-74794,0,0
125342,0,0
-223297,0,0
-119250,0,0
234284,0,0
155139,0,0
19345,0,0
-8825,0,0
-152538,0,0
159643,0,0
61684,0,0
-178253,0,0
62052,0,0
-161167,0,0
-121267,0,0
90416,0,0
53459,0,0
24348,0,0
142393,0,0
-196934,0,0
-75874,0,0
175533,0,0
-219277,0,0
-107066,0,0
190962,0,0
106287,0,0
55438,0,0
9339,0,0
-121843,0,0
186047,0,0
102954,0,0
-165784,0,0
-17401,0,0
56947,0,0
-25859,0,0
61512,0,0
-14368,0,0
-24283,0,0
265930,0,0
-121520,0,0
-67113,0,0
185142,0,0
-171703,0,0
-231955,0,0
103663,0,0
152719,0,0
110070,0,0
-26746,0,0
-229033,0,0
19402,0,0
-28147,0,0
-137681,0,0
26084,0,0
43083,0,0
-18544,0,0
-37899,0,0
-87538,0,0
-27159,0,0
179185,0,0
-9775,0,0
-36697,0,0
16680,0,0
-286308,0,0
-100542,0,0
169224,0,0
-2644,0,0
68622,0,0
76406,0,0
-163349,0,0
61719,0,0
19171,0,0
-42477,0,0
48419,0,0
-271391,0,0
-232559,0,0
222409,0,0
-49226,0,0
-203028,0,0
61649,0,0
-91268,0,0
7072,0,0
98502,0,0
-324359,0,0
-186997,0,0
113563,0,0
15101,0,0
-23570,0,0
12447,0,0
-177228,0,0
150761,0,0
23680,0,0
-273087,0,0
-66917,0,0
-106384,0,0
-160069,0,0
175249,0,0
59655,0,0
-49176,0,0
152349,0,0
-124990,0,0
-60654,0,0
113691,0,0
-271388,0,0
-212793,0,0
140344,0,0
123425,0,0
129309,0,0
-27509,0,0
-155357,0,0
163405,0,0
65023,0,0
-90828,0,0
-113030,0,0
-80000,0,0
-86400,0,0
37610,0,0
-14422,0,0
-69645,0,0
196880,0,0
-44737,0,0
-37442,0,0
23927,0,0
-234814,0,0
-129048,0,0
88430,0,0
-15095,0,0
47043,0,0
132138,0,0
-151245,0,0
-4833,0,0
-5895,0,0
-121015,0,0
-7228,0,0
-26396,0,0
-130571,0,0
59797,0,0
-99980,0,0
-57628,0,0
216391,0,0
-70369,0,0
-85257,0,0
61779,0,0
-225853,0,0
-114475,0,0
113529,0,0
5968,0,0
-3566,0,0
4861,0,0
-148539,0,0
67292,0,0
-63453,0,0
-138052,0,0
-85793,0,0
-168230,0,0
-225772,0,0
29810,0,0
30706,0,0
8497,0,0
221042,0,0
-153318,0,0
-127105,0,0
9651,0,0
-310812,0,0
-190646,0,0
74447,0,0
-22242,0,0
130252,0,0
182585,0,0
-46024,0,0
41500,0,0
-46951,0,0
-242976,0,0
6700,0,0
47361,0,0
-70475,0,0
40921,0,0
49943,0,0
10106,0,0
253796,0,0
18971,0,0
-31303,0,0
-36704,0,0
-251008,0,0
64308,0,0
338087,0,0
53666,0,0
-31320,0,0
77616,0,0
37493,0,0
140959,0,0
65713,0,0
-27625,0,0
81182,0,0
34543,0,0
-43382,0,0
55601,0,0
111115,0,0
142450,0,0
256271,0,0
-57762,0,0
-42261,0,0
162296,0,0
-146861,0,0
-4529,0,0
253083,0,0
76940,0,0
66638,0,0
97241,0,0
-53434,0,0
205525,0,0
50409,0,0
-104985,0,0
54868,0,0
-3480,0,0
-91788,0,0
133756,0,0
66271,0,0
35480,0,0
196872,0,0
-75378,0,0
-9212,0,0
45405,0,0
-155804,0,0
-28178,0,0
99421,0,0
85800,0,0
120005,0,0
134050,0,0
-30342,0,0
94441,0,0
92491,0,0
-56290,0,0
-93858,0,0
-40179,0,0
113601,0,0
191792,0,0
-124703,0,0
-127775,0,0
187087,0,0
143290,0,0
225041,0,0
145714,0,0
-218304,0,0
-125591,0,0
214806,0,0
50497,0,0
-5235,0,0
33515,0,0
4736,0,0
274590,0,0
100771,0,0
-116576,0,0
30455,0,0
65959,0,0
-82365,0,0
-21621,0,0
-50775,0,0
94613,0,0
292211,0,0
56875,0,0
46411,0,0
1631,0,0
-270506,0,0
-126125,0,0
242981,0,0
145320,0,0
40309,0,0
-2508,0,0
-1983,0,0
101539,0,0
-19847,0,0
-91705,0,0
22900,0,0
49080,0,0
-47079,0,0
9924,0,0
-93593,0,0
34132,0,0
162179,0,0
-111857,0,0
-33504,0,0
15310,0,0
-217161,0,0
-74381,0,0
192971,0,0
28862,0,0
19316,0,0
-15742,0,0
-137151,0,0
58305,0,0
-81585,0,0
-202335,0,0
-192014,0,0
191847,0,0
101712,0,0
-42565,0,0
-154384,0,0
-126100,0,0
37398,0,0
-165230,0,0
-99459,0,0
43088,0,0
-233559,0,0
-181904,0,0
107250,0,0
46853,0,0
-91874,0,0
-138485,0,0
-162455,0,0
12765,0,0
-147249,0,0
-170516,0,0
-88551,0,0
-43039,0,0
-93563,0,0
-49964,0,0
-80331,0,0
12487,0,0
12241,0,0
-213712,0,0
-46847,0,0
40332,0,0
-224291,0,0
-63201,0,0
198000,0,0
36467,0,0
111038,0,0
-91739,0,0
-226180,0,0
128214,0,0
-11553,0,0
-118250,0,0
-19697,0,0
151017,0,0
11414,0,0
78093,0,0
-112427,0,0
-9398,0,0
124684,0,0
-38129,0,0
9688,0,0
121541,0,0
-59831,0,0
-97532,0,0
148539,0,0
-1185,0,0
133903,0,0
-42673,0,0
-108781,0,0
116624,0,0
-3685,0,0
-21020,0,0
-140635,0,0
-32690,0,0
129198,0,0
188447,0,0
-62248,0,0
-66962,0,0
-12678,0,0
-161503,0,0
25184,0,0
80761,0,0
-196970,0,0
-30975,0,0
242881,0,0
31858,0,0
-77657,0,0
21712,0,0
218408,0,0
37531,0,0
-153947,0,0
-198952,0,0
-41073,0,0
58174,0,0
-31891,0,0
9076,0,0
-69375,0,0
46224,0,0
89235,0,0
-147077,0,0
91525,0,0
66109,0,0
-336996,0,0
-198610,0,0
122904,0,0
-44795,0,0
-23600,0,0
-100135,0,0
-74076,0,0
150108,0,0
-91385,0,0
-133335,0,0
-86043,0,0
-56091,0,0
-77761,0,0
-12552,0,0
-5818,0,0
39845,0,0
16098,0,0
-178728,0,0
-11496,0,0
28190,0,0
-211423,0,0
23379,0,0
192175,0,0
-59860,0,0
17946,0,0
97282,0,0
22393,0,0
6205,0,0
-71895,0,0
16780,0,0
89763,0,0
26623,0,0
-55800,0,0
57143,0,0
-59219,0,0
124218,0,0
241639,0,0
41468,0,0
34173,0,0
15137,0,0
-109916,0,0
-7991,0,0
292139,0,0
102650,0,0
79863,0,0
-54734,0,0
8795,0,0
166426,0,0
66778,0,0
36551,0,0
19205,0,0
-65520,0,0
-22552,0,0
106572,0,0
-82405,0,0
-1378,0,0
124004,0,0
-15564,0,0
96405,0,0
90865,0,0
-153257,0,0
-57390,0,0
200268,0,0
75238,0,0
-22348,0,0
-74332,0,0
11704,0,0
167131,0,0
59217,0,0
-12195,0,0
120840,0,0
-4782,0,0
-115427,0,0
62175,0,0
32452,0,0
160403,0,0
167485,0,0
29822,0,0
-41679,0,0
44044,0,0
-37836,0,0
-117286,0,0
56107,0,0
103528,0,0
212539,0,0
16845,0,0
-43495,0,0
157702,0,0
-2345,0,0
-72060,0,0
-61092,0,0
123921,0,0
44069,0,0
102080,0,0
-32216,0,0
118461,0,0
109723,0,0
-128414,0,0
46937,0,0
50378,0,0
-114330,0,0
17094,0,0
262508,0,0
127890,0,0
58651,0,0
-41923,0,0
-50204,0,0
128490,0,0
-35116,0,0
-23281,0,0
57205,0,0
46763,0,0
-37853,0,0
7395,0,0
-42958,0,0
148270,0,0
47892,0,0
-76391,0,0
95302,0,0
-19009,0,0
-264117,0,0
-89052,0,0
156907,0,0
103906,0,0
55612,0,0
-121859,0,0
-62663,0,0
101569,0,0
-125485,0,0
-30230,0,0
-9737,0,0
-285088,0,0
147706,0,0
174017,0,0
-221415,0,0
120675,0,0
204991,0,0
-98278,0,0
52048,0,0
35300,0,0
-201965,0,0
-67377,0,0
224546,0,0
170915,0,0
127956,0,0
-6726,0,0
68229,0,0
152622,0,0
-34565,0,0
-33506,0,0
-29227,0,0
22597,0,0
41303,0,0
69507,0,0
-36375,0,0
169727,0,0
153007,0,0
-70270,0,0
45551,0,0
-41224,0,0
-262031,0,0
-118892,0,0
205850,0,0
72511,0,0
87499,0,0
34563,0,0
38551,0,0
14120,0,0
-75206,0,0
-18039,0,0
-3445,0,0
-12862,0,0
-32827,0,0
36484,0,0
-45866,0,0
234679,0,0
170046,0,0
-129691,0,0
17756,0,0
75289,0,0
-96325,0,0
-110032,0,0
60629,0,0
-36955,0,0
80377,0,0
-119808,0,0
31533,0,0
302171,0,0
48209,0,0
-170843,0,0
-97533,0,0
-72975,0,0
-103588,0,0
-32831,0,0
-82085,0,0
108891,0,0
30591,0,0
-81311,0,0
79279,0,0
-147639,0,0
-282194,0,0
-49999,0,0
212774,0,0
165426,0,0
68853,0,0
-210106,0,0
-102204,0,0
104002,0,0
-178564,0,0
-13882,0,0
140521,0,0
10437,0,0
-72259,0,0
-102677,0,0
-154003,0,0
437456,0,0
111916,0,0
-138820,0,0
39370,0,0
-53682,0,0
-149471,0,0
64806,0,0
296467,0,0
113572,0,0
166254,0,0
11751,0,0
16656,0,0
133215,0,0
-53585,0,0
42832,0,0
97897,0,0
63219,0,0
70273,0,0
121648,0,0
9545,0,0
197579,0,0
157214,0,0
32095,0,0
158401,0,0
27475,0,0
-205510,0,0
-7388,0,0
325469,0,0
116465,0,0
55261,0,0
-30927,0,0
78105,0,0
246126,0,0
-27255,0,0
65846,0,0
57939,0,0
44913,0,0
-59193,0,0
36525,0,0
8707,0,0
253916,0,0
142927,0,0
-29306,0,0
116965,0,0
-42350,0,0
-58299,0,0
114560,0,0
234386,0,0
-74207,0,0
-60003,0,0
-3576,0,0
68862,0,0
81704,0,0
-46369,0,0
19587,0,0
22347,0,0
-34412,0,0
-45600,0,0
-31769,0,0
-141836,0,0
68280,0,0
26358,0,0
-158567,0,0
106398,0,0
18046,0,0
-213138,0,0
-197622,0,0
-49648,0,0
-22605,0,0
201996,0,0
-7314,0,0
-19569,0,0
-42640,0,0
-148183,0,0
-5315,0,0
-96708,0,0
-161117,0,0
22718,0,0
136574,0,0
-34122,0,0
128553,0,0
117591,0,0
16234,0,0
73250,0,0
-79972,0,0
-285834,0,0
83190,0,0
625460,0,0
84410,0,0
-14970,0,0
94492,0,0
288922,0,0
188678,0,0
-98157,0,0
86151,0,0
113558,0,0
73733,0,0
166225,0,0
239054,0,0
34701,0,0
289299,0,0
222708,0,0
-183,0,0
172235,0,0
98658,0,0
-123993,0,0
19266,0,0
259303,0,0
163992,0,0
141411,0,0
-45564,0,0
99430,0,0
144257,0,0
-45389,0,0
9161,0,0
-41443,0,0
-73522,0,0
7869,0,0
116927,0,0
-60529,0,0
115712,0,0
19381,0,0
-158877,0,0
52894,0,0
-18845,0,0
-250231,0,0
-150209,0,0
22109,0,0
42131,0,0
106686,0,0
-228514,0,0
-86963,0,0
8998,0,0
-229222,0,0
-136119,0,0
-109401,0,0
-86191,0,0
-152779,0,0
-98150,0,0
-155976,0,0
83074,0,0
-100746,0,0
-282613,0,0
-25637,0,0
-71594,0,0
-253170,0,0
-291925,0,0
125973,0,0
14390,0,0
-30329,0,0
-224674,0,0
-125918,0,0
-21313,0,0
-142345,0,0
-85515,0,0
-125675,0,0
-54609,0,0
-104492,0,0
-26062,0,0
-115194,0,0
101408,0,0
-78521,0,0
-218178,0,0
21709,0,0
-135335,0,0
-159799,0,0
845,0,0
85586,0,0
14739,0,0
27791,0,0
-153889,0,0
-4972,0,0
37641,0,0
-160302,0,0
-22321,0,0
-79543,0,0
-37323,0,0
43623,0,0
-10607,0,0
-81601,0,0
227663,0,0
64101,0,0
-167538,0,0
82434,0,0
-106005,0,0
-144706,0,0
12466,0,0
227251,0,0
73621,0,0
40285,0,0
-139174,0,0
101147,0,0
112609,0,0
-140199,0,0
-16835,0,0
-27875,0,0
-19252,0,0
140872,0,0
119940,0,0
-160589,0,0
124996,0,0
15885,0,0
-200111,0,0
70422,0,0
47732,0,0
104961,0,0
14275,0,0
-23802,0,0
-37777,0,0
297639,0,0
-60344,0,0
-10194,0,0
189502,0,0
-7416,0,0
69823,0,0
-148673,0,0
60188,0,0
114693,0,0
154092,0,0
-18299,0,0
215751,0,0
39561,0,0
-35609,0,0
141029,0,0
-78472,0,0
-133590,0,0
-8570,0,0
168342,0,0
135490,0,0
51218,0,0
-221155,0,0
-34141,0,0
179348,0,0
-69520,0,0
-70269,0,0
-91512,0,0
-138206,0,0
-88857,0,0
47336,0,0
-167628,0,0
208477,0,0
-122981,0,0
-243144,0,0
107420,0,0
-152960,0,0
-215979,0,0
-60315,0,0
51498,0,0
-23051,0,0
16765,0,0
-231916,0,0
-8922,0,0
76384,0,0
-149594,0,0
-27993,0,0
-181149,0,0
-144641,0,0
-99600,0,0
23418,0,0
-24465,0,0
133561,0,0
-39817,0,0
-145123,0,0
80949,0,0
-136316,0,0
-217312,0,0
11503,0,0
162722,0,0
-46837,0,0
-14623,0,0
-162826,0,0
33821,0,0
88279,0,0
-140591,0,0
-126905,0,0
-55526,0,0
24444,0,0
-115167,0,0
-54036,0,0
-26158,0,0
215968,0,0
-12913,0,0
-120094,0,0
21742,0,0
-188728,0,0
-154880,0,0
159790,0,0
180395,0,0
37868,0,0
50866,0,0
-221927,0,0
52951,0,0
132851,0,0
-80199,0,0
-8880,0,0
-116034,0,0
-20131,0,0
80225,0,0
16257,0,0
-216396,0,0
41596,0,0
9016,0,0
-109893,0,0
141938,0,0
-50351,0,0
-232597,0,0
42167,0,0
137624,0,0
12506,0,0
36953,0,0
-209472,0,0
24313,0,0
38403,0,0
-137414,0,0
42551,0,0
78300,0,0
6795,0,0
-88363,0,0
28795,0,0
-49603,0,0
198536,0,0
-62135,0,0
-175348,0,0
85409,0,0
-119800,0,0
-184272,0,0
-5563,0,0
100621,0,0
54024,0,0
-9490,0,0
-241202,0,0
10260,0,0
60495,0,0
-184543,0,0
-44934,0,0
-87215,0,0
-94520,0,0
19161,0,0
-122459,0,0
-213521,0,0
159627,0,0
-89775,0,0
-175523,0,0
168603,0,0
-20180,0,0
-228262,0,0
-89306,0,0
3982,0,0
170250,0,0
39632,0,0
-471548,0,0
106264,0,0
430469,0,0
-21359,0,0
-34992,0,0
-213960,0,0
-164408,0,0
26124,0,0
123787,0,0
-10569,0,0
251182,0,0
80055,0,0
-97017,0,0
106923,0,0
-126432,0,0
-154312,0,0
99766,0,0
136336,0,0
15590,0,0
146157,0,0
-163283,0,0
58224,0,0
13142,0,0
-152990,0,0
-3828,0,0
-138362,0,0
-21152,0,0
11268,0,0
-160316,0,0
-98208,0,0
314882,0,0
-12094,0,0
-171968,0,0
9288,0,0
-211861,0,0
-262703,0,0
37826,0,0
99583,0,0
102813,0,0
51387,0,0
-137221,0,0
56032,0,0
76966,0,0
-177547,0,0
1870,0,0
-48790,0,0
-56803,0,0
35572,0,0
-21175,0,0
-144496,0,0
180555,0,0
43828,0,0
-109670,0,0
83377,0,0
-175448,0,0
-147586,0,0
107049,0,0
139716,0,0
-68102,0,0
-60636,0,0
-185353,0,0
96351,0,0
100304,0,0
-133780,0,0
-26351,0,0
-125787,0,0
-160980,0,0
32207,0,0
83473,0,0
-104315,0,0
147262,0,0
-46081,0,0
-121318,0,0
112882,0,0
-238020,0,0
-280363,0,0
134004,0,0
219856,0,0
-14584,0,0
-57582,0,0
-150354,0,0
78713,0,0
2614,0,0
-222675,0,0
70903,0,0
-23703,0,0
-119835,0,0
-32261,0,0
-37599,0,0
-119915,0,0
115467,0,0
-51620,0,0
-82064,0,0
155159,0,0
-81585,0,0
-232752,0,0
35506,0,0
151198,0,0
140625,0,0
55621,0,0
-257006,0,0
73669,0,0
205363,0,0
-39048,0,0
28963,0,0
22611,0,0
-24398,0,0
67027,0,0
50323,0,0
5590,0,0
304322,0,0
36548,0,0
-65333,0,0
129961,0,0
-122658,0,0
-76097,0,0
99953,0,0
135152,0,0
144689,0,0
46736,0,0
-136939,0,0
170041,0,0
116980,0,0
-139742,0,0
-11970,0,0
-47934,0,0
-33864,0,0
57270,0,0
-35888,0,0
-41577,0,0
325569,0,0
-6512,0,0
-191582,0,0
37672,0,0
-154660,0,0
-150823,0,0
107001,0,0
258876,0,0
17725,0,0
-69884,0,0
-159533,0,0
283305,0,0
90861,0,0
-167690,0,0
-8353,0,0
-140318,0,0
45687,0,0
174879,0,0
63282,0,0
-69740,0,0
197049,0,0
2538,0,0
-29581,0,0
267675,0,0
-63247,0,0
-70508,0,0
57542,0,0
38990,0,0
28796,0,0
115337,0,0
-174195,0,0
87351,0,0
258421,0,0
37970,0,0
-23433,0,0
-169350,0,0
-56554,0,0
73738,0,0
-20931,0,0
-50659,0,0
280413,0,0
66743,0,0
-38333,0,0
145240,0,0
-263185,0,0
-176121,0,0
157542,0,0
225667,0,0
191636,0,0
91157,0,0
-201333,0,0
130437,0,0
145898,0,0
-146071,0,0
37475,0,0
43035,0,0
-87794,0,0
2621,0,0
105988,0,0
91983,0,0
195893,0,0
-164365,0,0
-146904,0,0
208625,0,0
-58135,0,0
-169419,0,0
167030,0,0
199060,0,0
-60069,0,0
-13857,0,0
-139576,0,0
131850,0,0
83529,0,0
-174014,0,0
101553,0,0
24321,0,0
-147293,0,0
-46401,0,0
42221,0,0
-10847,0,0
270182,0,0
-56512,0,0
-193196,0,0
-27347,0,0
-248188,0,0
-51179,0,0
109813,0,0
77622,0,0
-35695,0,0
-98252,0,0
-201760,0,0
31373,0,0
-15517,0,0
-209232,0,0
12999,0,0
-72179,0,0
-266705,0,0
-147576,0,0
-101209,0,0
-71712,0,0
290412,0,0
-164713,0,0
-149627,0,0
176752,0,0
-242157,0,0
-284178,0,0
59721,0,0
80977,0,0
-65939,0,0
-646,0,0
-187156,0,0
46930,0,0
142540,0,0
-71229,0,0
-74872,0,0
-139042,0,0
-38115,0,0
22220,0,0
-70156,0,0
-65278,0,0
218372,0,0
-119447,0,0
-45241,0,0
181000,0,0
-177677,0,0
-191314,0,0
104624,0,0
135746,0,0
25336,0,0
50611,0,0
-181492,0,0
44604,0,0
69117,0,0
-48602,0,0
91768,0,0
-73960,0,0
-216955,0,0
-10544,0,0
93979,0,0
-11797,0,0
211809,0,0
-82302,0,0
-145949,0,0
221947,0,0
-109654,0,0
-115110,0,0
57316,0,0
18112,0,0
-56528,0,0
103917,0,0
-29018,0,0
213465,0,0
89327,0,0
-207881,0,0
-41002,0,0
11753,0,0
-63496,0,0
-14917,0,0
103393,0,0
-5775,0,0
301350,0,0
-31394,0,0
-149970,0,0
156457,0,0
-51427,0,0
-24113,0,0
97677,0,0
-55894,0,0
-4862,0,0
177796,0,0
-58810,0,0
170845,0,0
212132,0,0
-77731,0,0
-14053,0,0
-48239,0,0
-83317,0,0
28177,0,0
2114,0,0
14791,0,0
335390,0,0
5591,0,0
-71863,0,0
174866,0,0
-145904,0,0
-126504,0,0
119158,0,0
95461,0,0
157,0,0
113576,0,0
-71578,0,0
337734,0,0
93608,0,0
-190691,0,0
43281,0,0
-142105,0,0
-26582,0,0
129257,0,0
85147,0,0
50308,0,0
294663,0,0
-27688,0,0
-72485,0,0
79919,0,0
-179572,0,0
-55468,0,0
219312,0,0
135049,0,0
-10190,0,0
85274,0,0
-96020,0,0
133229,0,0
102896,0,0
-108524,0,0
121559,0,0
-6204,0,0
-89405,0,0
123834,0,0
-4943,0,0
-180477,0,0
303297,0,0
39115,0,0
-59268,0,0
164927,0,0
-158274,0,0
-6903,0,0
166918,0,0
151111,0,0
88797,0,0
122708,0,0
-172020,0,0
58290,0,0
113586,0,0
-58560,0,0
164483,0,0
37699,0,0
-89409,0,0
-22325,0,0
-3238,0,0
-9353,0,0
279656,0,0
-60884,0,0
-87678,0,0
151225,0,0
-104002,0,0
-74578,0,0
95001,0,0
3636,0,0
-14893,0,0
49103,0,0
-155023,0,0
137944,0,0
138586,0,0
-217082,0,0
-166432,0,0
65067,0,0
-95820,0,0
-44053,0,0
-83129,0,0
-18760,0,0
319707,0,0
-81622,0,0
-200764,0,0
44392,0,0
-190377,0,0
-63589,0,0
201990,0,0
36996,0,0
-61364,0,0
384,0,0
-162836,0,0
198678,0,0
239758,0,0
-156363,0,0
-21895,0,0
1382,0,0
528,0,0
74445,0,0
-61472,0,0
-108763,0,0
271617,0,0
9341,0,0
-9667,0,0
213667,0,0
-95210,0,0
-153370,0,0
143116,0,0
58947,0,0
-36387,0,0
45013,0,0
-149130,0,0
57289,0,0
31062,0,0
-134155,0,0
60408,0,0
-22162,0,0
-162029,0,0
-69318,0,0
-150186,0,0
-104283,0,0
376226,0,0
-197867,0,0
-262854,0,0
92739,0,0
-127997,0,0
-119527,0,0
118674,0,0
72806,0,0
-57781,0,0
-19285,0,0
-158767,0,0
117268,0,0
122183,0,0
-75641,0,0
-24974,0,0
-97357,0,0
-120116,0,0
93225,0,0
-60689,0,0
-170409,0,0
276383,0,0
25616,0,0
-75537,0,0
212402,0,0
-58350,0,0
-188286,0,0
-17080,0,0
31338,0,0
98229,0,0
74344,0,0
-107049,0,0
170229,0,0
133765,0,0
-128427,0,0
62114,0,0
-123769,0,0
2018,0,0
223003,0,0
36920,0,0
-68266,0,0
244023,0,0
-119341,0,0
-10997,0,0
223928,0,0
-184774,0,0
-97361,0,0
200303,0,0
45937,0,0
-14590,0,0
35665,0,0
-168937,0,0
171425,0,0
117340,0,0
-194164,0,0
-61258,0,0
-50568,0,0
-58383,0,0
9839,0,0
-46036,0,0
-168090,0,0
133026,0,0
127983,0,0
-132828,0,0
83468,0,0
-193333,0,0
-189703,0,0
93341,0,0
66090,0,0
34708,0,0
-14233,0,0
-265099,0,0
129566,0,0
91355,0,0
-138105,0,0
-494,0,0
-94792,0,0
-122045,0,0
66205,0,0
69493,0,0
-181274,0,0
29462,0,0
-143273,0,0
-63822,0,0
151568,0,0
-253523,0,0
-252265,0,0
126248,0,0
104900,0,0
-94692,0,0
-59913,0,0
-229972,0,0
164799,0,0
17584,0,0
-199527,0,0
-30692,0,0
-73640,0,0
-179379,0,0
-4328,0,0
-31552,0,0
-116911,0,0
231681,0,0
-107317,0,0
-63416,0,0
169745,0,0
-142280,0,0
-119035,0,0
149730,0,0
10829,0,0
-8778,0,0
91408,0,0
-217887,0,0
192833,0,0
157079,0,0
-126709,0,0
16119,0,0
5807,0,0
-93790,0,0
-6945,0,0
-15155,0,0
26548,0,0
318341,0,0
-32764,0,0
-7367,0,0
52345,0,0
-238598,0,0
-132144,0,0
197160,0,0
133731,0,0
135226,0,0
37918,0,0
-186867,0,0
146237,0,0
136336,0,0
-24303,0,0
7520,0,0
-90729,0,0
-137760,0,0
979,0,0
27848,0,0
34398,0,0
111022,0,0
-117081,0,0
-56733,0,0
210065,0,0
7489,0,0
-92632,0,0
-65281,0,0
-161995,0,0
-107237,0,0
54575,0,0
-9384,0,0
240830,0,0
255798,0,0
-85680,0,0
-147531,0,0
-205569,0,0
-110666,0,0
154571,0,0
73970,0,0
-849,0,0
364454,0,0
-5804,0,0
-118389,0,0
138710,0,0
-282323,0,0
-101721,0,0
223339,0,0
179845,0,0
96209,0,0
119341,0,0
-214982,0,0
100345,0,0
149239,0,0
-8655,0,0
22346,0,0
-173080,0,0
-134892,0,0
133286,0,0
15246,0,0
-37502,0,0
121854,0,0
126258,0,0
250010,0,0
-63055,0,0
-428606,0,0
-170016,0,0
310284,0,0
141124,0,0
-11965,0,0
103292,0,0
-117157,0,0
98300,0,0
135290,0,0
-118546,0,0
-9727,0,0
15221,0,0
-116884,0,0
39751,0,0
-63920,0,0
-12347,0,0
283763,0,0
-27767,0,0
-19135,0,0
108754,0,0
-174856,0,0
-90386,0,0
82056,0,0
104035,0,0
118428,0,0
81401,0,0
-124743,0,0
138108,0,0
41411,0,0
-58300,0,0
69157,0,0
152305,0,0
-63363,0,0
-15110,0,0
42578,0,0
90328,0,0
274865,0,0
-17300,0,0
22488,0,0
168543,0,0
-138986,0,0
-3951,0,0
227017,0,0
159837,0,0
111904,0,0
-6763,0,0
1849,0,0
268296,0,0
31699,0,0
-141360,0,0
136065,0,0
43197,0,0
-57958,0,0
54542,0,0
-3643,0,0
145599,0,0
293073,0,0
-164776,0,0
-109720,0,0
128100,0,0
-210499,0,0
-120152,0,0
162070,0,0
79928,0,0
97135,0,0
42322,0,0
-231259,0,0
7667,0,0
-15603,0,0
-118999,0,0
91446,0,0
22065,0,0
-152902,0,0
-9443,0,0
-5287,0,0
-5819,0,0
126009,0,0
-121088,0,0
-83575,0,0
135543,0,0
-196297,0,0
-76397,0,0
135535,0,0
38152,0,0
43112,0,0
42683,0,0
-82654,0,0
85523,0,0
-65000,0,0
-145485,0,0
16693,0,0
17858,0,0
-103648,0,0
30990,0,0
-89211,0,0
6367,0,0
178070,0,0
-56886,0,0
-33457,0,0
44818,0,0
-283275,0,0
-184588,0,0
160435,0,0
99634,0,0
59802,0,0
11781,0,0
-113723,0,0
87506,0,0
10670,0,0
-185601,0,0
-8550,0,0
-39455,0,0
-98112,0,0
48160,0,0
9823,0,0
1470,0,0
58760,0,0
-64338,0,0
140112,0,0
17790,0,0
-187056,0,0
-31224,0,0
145575,0,0
59130,0,0
479,0,0
-30637,0,0
-11821,0,0
184487,0,0
61368,0,0
-8066,0,0
58348,0,0
14685,0,0
-35558,0,0
82938,0,0
21135,0,0
25949,0,0
203499,0,0
-33529,0,0
19721,0,0
132308,0,0
-199162,0,0
-205467,0,0
166825,0,0
117358,0,0
87734,0,0
53885,0,0
-59973,0,0
49126,0,0
-10169,0,0
-89754,0,0
-61488,0,0
-80367,0,0
-164644,0,0
13469,0,0
-103813,0,0
86074,0,0
182823,0,0
-202635,0,0
-97727,0,0
25233,0,0
-252511,0,0
-75820,0,0
204047,0,0
18265,0,0
17011,0,0
-54476,0,0
-210713,0,0
7984,0,0
-22048,0,0
-87893,0,0
21875,0,0
-6034,0,0
-69083,0,0
-63641,0,0
-129692,0,0
140724,0,0
304146,0,0
-209260,0,0
-133619,0,0
66815,0,0
-282366,0,0
-103891,0,0
236455,0,0
72976,0,0
60536,0,0
103303,0,0
8562,0,0
153653,0,0
-34908,0,0
-123955,0,0
4241,0,0
-37260,0,0
-64688,0,0
16547,0,0
-81971,0,0
70818,0,0
344134,0,0
18221,0,0
-91109,0,0
81928,0,0
-271318,0,0
-91380,0,0
217679,0,0
78242,0,0
162725,0,0
14186,0,0
-160884,0,0
80922,0,0
-67586,0,0
-72778,0,0
123389,0,0
63791,0,0
-14474,0,0
117315,0,0
68845,0,0
33439,0,0
115183,0,0
-104264,0,0
-5429,0,0
120755,0,0
-139047,0,0
-44794,0,0
184969,0,0
99098,0,0
78059,0,0
12323,0,0
-63305,0,0
94531,0,0
-6086,0,0
-68621,0,0
34471,0,0
-17586,0,0
-106691,0,0
92272,0,0
18847,0,0
-10928,0,0
66707,0,0
-143110,0,0
38610,0,0
81373,0,0
-252924,0,0
-115009,0,0
138507,0,0
38892,0,0
-40882,0,0
-75551,0,0
-87893,0,0
57566,0,0
-82963,0,0
-101672,0,0
-52515,0,0
-38739,0,0
-130501,0,0
-10607,0,0
-79058,0,0
-17170,0,0
73955,0,0
-194963,0,0
-111049,0,0
4419,0,0
-151904,0,0
-130879,0,0
81516,0,0
1114,0,0
-17475,0,0
-105972,0,0
-136387,0,0
104373,0,0
-68652,0,0
-190675,0,0
-91882,0,0
-55499,0,0
-98368,0,0
-18114,0,0
-171516,0,0
25738,0,0
133403,0,0
-133266,0,0
17389,0,0
-45772,0,0
-289181,0,0
-94419,0,0
189591,0,0
-44467,0,0
-59862,0,0
-49925,0,0
-73089,0,0
120266,0,0
5695,0,0
-65272,0,0
-134147,0,0
-138416,0,0
-98712,0,0
15278,0,0
-30464,0,0
90430,0,0
120601,0,0
-250734,0,0
-184279,0,0
-162722,0,0
-126330,0,0
133748,0,0
263832,0,0
32805,0,0
-82486,0,0
-203276,0,0
-106637,0,0
208923,0,0
-59264,0,0
-89216,0,0
6436,0,0
12666,0,0
-31063,0,0
69323,0,0
-27855,0,0
73500,0,0
115894,0,0
-99475,0,0
18879,0,0
3924,0,0
-190617,0,0
-43069,0,0
338467,0,0
85977,0,0
-118656,0,0
-134053,0,0
-62910,0,0
190830,0,0
97546,0,0
-29980,0,0
-3556,0,0
30380,0,0
-80563,0,0
-14503,0,0
-5363,0,0
90118,0,0
214242,0,0
5281,0,0
23961,0,0
-27002,0,0
-221250,0,0
-28889,0,0
214981,0,0
102494,0,0
79621,0,0
-93517,0,0
-43105,0,0
124549,0,0
-14194,0,0
-75654,0,0
-24627,0,0
-3751,0,0
-1475,0,0
118876,0,0
-149763,0,0
543,0,0
166776,0,0
-19985,0,0
72381,0,0
42957,0,0
-182324,0,0
-16840,0,0
163999,0,0
88394,0,0
39682,0,0
-20383,0,0
-4717,0,0
146721,0,0
42099,0,0
-248,0,0
-29030,0,0
-26205,0,0
-37854,0,0
73704,0,0
-48416,0,0
117176,0,0
194247,0,0
-79716,0,0
21271,0,0
-6189,0,0
-175299,0,0
-53993,0,0
220046,0,0
97151,0,0
28585,0,0
-90074,0,0
-36507,0,0
167853,0,0
23840,0,0
-53947,0,0
-84848,0,0
-41234,0,0
-71231,0,0
49133,0,0
56996,0,0
151226,0,0
54552,0,0
-136147,0,0
-47324,0,0
78208,0,0
-114387,0,0
-13242,0,0
192226,0,0
50492,0,0
81539,0,0
-117088,0,0
32773,0,0
219571,0,0
16498,0,0
29620,0,0
34909,0,0
71510,0,0
-38795,0,0
-6243,0,0
-59905,0,0
185878,0,0
198481,0,0
-2758,0,0
99523,0,0
21850,0,0
-134456,0,0
13940,0,0
229745,0,0
71513,0,0
92523,0,0
-5253,0,0
51989,0,0
161668,0,0
-10601,0,0
9929,0,0
31325,0,0
-37880,0,0
-55665,0,0
43993,0,0
34676,0,0
209520,0,0
128182,0,0
-164651,0,0
17647,0,0
18035,0,0
-192620,0,0
-86440,0,0
119759,0,0
52220,0,0
13746,0,0
-113955,0,0
11621,0,0
67476,0,0
-146491,0,0
-52689,0,0
-44863,0,0
-76247,0,0
-73563,0,0
-9602,0,0
-100721,0,0
8657,0,0
176208,0,0
-76614,0,0
9486,0,0
-81650,0,0
-300886,0,0
-46153,0,0
190827,0,0
61748,0,0
-110740,0,0
-91623,0,0
96543,0,0
72906,0,0
-79827,0,0
-1093,0,0
36092,0,0
15545,0,0
-308,0,0
-7933,0,0
-79665,0,0
122198,0,0
66532,0,0
-66934,0,0
99866,0,0
98907,0,0
-103234,0,0
10283,0,0
210909,0,0
29603,0,0
37563,0,0
-21335,0,0
56142,0,0
168077,0,0
-18083,0,0
-42016,0,0
-66967,0,0
91382,0,0
78288,0,0
149057,0,0
-132152,0,0
-44304,0,0
32338,0,0
-42363,0,0
123492,0,0
-7286,0,0
-183385,0,0
-23392,0,0
173537,0,0
5706,0,0
-5468,0,0
-43286,0,0
-64764,0,0
32975,0,0
-122090,0,0
-105880,0,0
-69450,0,0
-64499,0,0
-70832,0,0
-12716,0,0
-77102,0,0
58485,0,0
-19856,0,0
-178776,0,0
-27683,0,0
-79954,0,0
-241713,0,0
-111198,0,0
109656,0,0
9031,0,0
-15144,0,0
-153010,0,0
-36484,0,0
68229,0,0
-145996,0,0
-99693,0,0
-38098,0,0
-103527,0,0
-113508,0,0
15347,0,0
-44936,0,0
128585,0,0
-358,0,0
-76479,0,0
13694,0,0
-85306,0,0
-232956,0,0
-51859,0,0
149840,0,0
17619,0,0
-6486,0,0
-98514,0,0
-18299,0,0
158744,0,0
-95207,0,0
-65989,0,0
-37229,0,0
-57576,0,0
-160736,0,0
-44041,0,0
-150282,0,0
322546,0,0
260950,0,0
-116823,0,0
-51629,0,0
-122925,0,0
-155937,0,0
-67674,0,0
118110,0,0
84290,0,0
60485,0,0
-53557,0,0
65504,0,0
88914,0,0
-17840,0,0
1105,0,0
-80347,0,0
-36970,0,0
-13088,0,0
73543,0,0
-26843,0,0
128576,0,0
146084,0,0
-71220,0,0
27789,0,0
-54528,0,0
-143301,0,0
-15171,0,0
196471,0,0
149143,0,0
116094,0,0
-83153,0,0
18453,0,0
100526,0,0
-113011,0,0
9371,0,0
62915,0,0
52509,0,0
40686,0,0
2931,0,0
-113875,0,0
113647,0,0
109523,0,0
-87971,0,0
99024,0,0
-13666,0,0
-182641,0,0
35611,0,0
191478,0,0
6696,0,0
52437,0,0
-87090,0,0
31991,0,0
151858,0,0
-86314,0,0
147,0,0
-25782,0,0
-12830,0,0
-18801,0,0
69134,0,0
-30837,0,0
142562,0,0
103915,0,0
-60139,0,0
117673,0,0
-22778,0,0
-131944,0,0
12982,0,0
178363,0,0
69583,0,0
55378,0,0
-146335,0,0
45909,0,0
196741,0,0
37110,0,0
-5772,0,0
17757,0,0
-85965,0,0
-60262,0,0
110264,0,0
54303,0,0
193402,0,0
13111,0,0
-138418,0,0
119268,0,0
13505,0,0
-98525,0,0
-101052,0,0
114113,0,0
38121,0,0
18388,0,0
-91057,0,0
144113,0,0
117810,0,0
-60503,0,0
66012,0,0
-85095,0,0
23762,0,0
6681,0,0
29826,0,0
4747,0,0
196936,0,0
67118,0,0
-65004,0,0
152720,0,0
43875,0,0
-72861,0,0
131969,0,0
207975,0,0
-38372,0,0
-55135,0,0
139500,0,0
231567,0,0
42836,0,0
-102325,0,0
-16220,0,0
-38787,0,0
94679,0,0
-16623,0,0
-3165,0,0
-81318,0,0
111480,0,0
-5770,0,0
-49747,0,0
124625,0,0
-86496,0,0
-182772,0,0
-2235,0,0
133134,0,0
-30792,0,0
87626,0,0
-124360,0,0
-39147,0,0
49095,0,0
-84674,0,0
43779,0,0
-89889,0,0
-97667,0,0
26375,0,0
-25491,0,0
-146699,0,0
124341,0,0
2906,0,0
-96361,0,0
81018,0,0
-75969,0,0
-171400,0,0
-74058,0,0
127415,0,0
139823,0,0
127567,0,0
-231612,0,0
-150469,0,0
47841,0,0
-11809,0,0
59671,0,0
-43592,0,0
-44854,0,0
-101042,0,0
-6448,0,0
-68091,0,0
153761,0,0
22925,0,0
-63793,0,0
101382,0,0
-228645,0,0
-229409,0,0
36811,0,0
184107,0,0
-20710,0,0
11203,0,0
-107509,0,0
55680,0,0
129318,0,0
-131050,0,0
74648,0,0
-112108,0,0
-101117,0,0
-48600,0,0
66896,0,0
-20697,0,0
217990,0,0
70825,0,0
-172565,0,0
-21900,0,0
-101684,0,0
-88095,0,0
131163,0,0
160522,0,0
-132971,0,0
-30594,0,0
-49788,0,0
120761,0,0
39906,0,0
-170203,0,0
-15360,0,0
-67296,0,0
-76280,0,0
38504,0,0
112028,0,0
-50080,0,0
122507,0,0
13686,0,0
-141722,0,0
68392,0,0
-100980,0,0
-111397,0,0
40100,0,0
150672,0,0
77905,0,0
52139,0,0
-131430,0,0
85360,0,0
158569,0,0
-110395,0,0
13205,0,0
-71808,0,0
-107566,0,0
-55338,0,0
17424,0,0
-43489,0,0
203559,0,0
50251,0,0
-83292,0,0
71357,0,0
-140672,0,0
-223306,0,0
-28355,0,0
211693,0,0
51772,0,0
4798,0,0
-197136,0,0
133557,0,0
190386,0,0
-129573,0,0
12430,0,0
1890,0,0
-125122,0,0
-2788,0,0
49519,0,0
-123906,0,0
186691,0,0
142350,0,0
29287,0,0
101687,0,0
-171823,0,0
-66412,0,0
104277,0,0
179921,0,0
9792,0,0
85608,0,0
-69759,0,0
80799,0,0
133408,0,0
14117,0,0
184002,0,0
46522,0,0
-24127,0,0
-94532,0,0
-26783,0,0
36330,0,0
392898,0,0
85208,0,0
-86638,0,0
170663,0,0
3690,0,0
-54425,0,0
17529,0,0
71125,0,0
65400,0,0
158055,0,0
-193208,0,0
130305,0,0
281370,0,0
-49281,0,0
138121,0,0
-102294,0,0
-102931,0,0
37524,0,0
85567,0,0
23295,0,0
255044,0,0
33290,0,0
-101254,0,0
155991,0,0
-55235,0,0
-135974,0,0
80324,0,0
135640,0,0
-8637,0,0
87000,0,0
-44594,0,0
125268,0,0
80416,0,0
-77816,0,0
110534,0,0
-109478,0,0
-43278,0,0
883,0,0
84392,0,0
-76564,0,0
179326,0,0
1855,0,0
-93778,0,0
102179,0,0
-129578,0,0
-139726,0,0
-56075,0,0
164011,0,0
173399,0,0
88680,0,0
-269531,0,0
-46348,0,0
115429,0,0
-40097,0,0
-112594,0,0
-166474,0,0
-84538,0,0
13055,0,0
44895,0,0
-61118,0,0
191262,0,0
-27071,0,0
-148837,0,0
138343,0,0
-125621,0,0
-196985,0,0
26534,0,0
129455,0,0
-8925,0,0
31041,0,0
-129366,0,0
157208,0,0
110296,0,0
-181594,0,0
2714,0,0
7930,0,0
-52607,0,0
-4934,0,0
61132,0,0
-87835,0,0
268092,0,0
-17268,0,0
-135254,0,0
156342,0,0
-69240,0,0
-85039,0,0
54363,0,0
189196,0,0
77831,0,0
44668,0,0
-205770,0,0
192983,0,0
215716,0,0
-129782,0,0
-30625,0,0
-36489,0,0
-20597,0,0
34023,0,0
87740,0,0
-119194,0,0
184456,0,0
30667,0,0
-91972,0,0
127075,0,0
-96022,0,0
-160839,0,0
-973,0,0
65889,0,0
2427,0,0
73370,0,0
-144384,0,0
71487,0,0
128351,0,0
-136010,0,0
-101116,0,0
-166324,0,0
-148751,0,0
17219,0,0
-42809,0,0
-161686,0,0
263270,0,0
36532,0,0
-31540,0,0
-12205,0,0
-328069,0,0
-189258,0,0
100586,0,0
207914,0,0
71352,0,0
2793,0,0
-309104,0,0
32446,0,0
179737,0,0
-83719,0,0
-46720,0,0
-69573,0,0
-133920,0,0
-75471,0,0
45497,0,0
-31912,0,0
283045,0,0
-105635,0,0
-285624,0,0
26975,0,0
-130496,0,0
-56046,0,0
44767,0,0
50533,0,0
-29685,0,0
-4935,0,0
-226151,0,0
108781,0,0
161313,0,0
-91087,0,0
-910,0,0
-57751,0,0
-81107,0,0
-45191,0,0
56998,0,0
-52425,0,0
211847,0,0
-57810,0,0
-59312,0,0
153071,0,0
-142732,0,0
-206981,0,0
56872,0,0
152707,0,0
-13449,0,0
3429,0,0
-137091,0,0
74453,0,0
59663,0,0
-188362,0,0
-31151,0,0
-127810,0,0
-45303,0,0
44129,0,0
-24470,0,0
-131707,0,0
156487,0,0
-26437,0,0
-111647,0,0
134452,0,0
-155824,0,0
-185219,0,0
-1219,0,0
116623,0,0
66997,0,0
23033,0,0
-204460,0,0
51179,0,0
91926,0,0
-172426,0,0
-17519,0,0
-8460,0,0
-91973,0,0
-30344,0,0
6142,0,0
-103710,0,0
221440,0,0
-16921,0,0
-158413,0,0
-12224,0,0
-228137,0,0
-136020,0,0
92344,0,0
145517,0,0
-52232,0,0
-76749,0,0
-208971,0,0
79641,0,0
17524,0,0
-257960,0,0
-63591,0,0
-109663,0,0
-159865,0,0
-107949,0,0
-45350,0,0
-183351,0,0
185937,0,0
-27215,0,0
-207218,0,0
-73876,0,0
-251667,0,0
-151877,0,0
4604,0,0
91499,0,0
39150,0,0
2695,0,0
-234526,0,0
80531,0,0
89005,0,0
-189341,0,0
-75466,0,0
-144908,0,0
-90498,0,0
43189,0,0
258724,0,0
-63175,0,0
72543,0,0
-124765,0,0
-80611,0,0
225630,0,0
-153092,0,0
-155622,0,0
114999,0,0
98109,0,0
72672,0,0
105926,0,0
-145526,0,0
176224,0,0
203760,0,0
-109629,0,0
-1204,0,0
-18444,0,0
-60248,0,0
86537,0,0
177714,0,0
61689,0,0
301227,0,0
-14396,0,0
-148510,0,0
159829,0,0
-102540,0,0
-63072,0,0
162215,0,0
172835,0,0
52090,0,0
73884,0,0
-132381,0,0
154467,0,0
145273,0,0
-126372,0,0
-6001,0,0
-118000,0,0
-41365,0,0
106908,0,0
129016,0,0
-49662,0,0
242776,0,0
-85990,0,0
-107894,0,0
177477,0,0
-159703,0,0
-123215,0,0
107601,0,0
156787,0,0
63179,0,0
54666,0,0
-208489,0,0
100608,0,0
155400,0,0
-128467,0,0
36523,0,0
-89070,0,0
-129896,0,0
38330,0,0
56407,0,0
-77813,0,0
226015,0,0
-53048,0,0
-140331,0,0
173400,0,0
-133003,0,0
-182085,0,0
10326,0,0
87507,0,0
-16292,0,0
3538,0,0
-40715,0,0
163467,0,0
-31973,0,0
-198756,0,0
193495,0,0
102786,0,0
-142749,0,0
-129675,0,0
-45146,0,0
-41540,0,0
343351,0,0
13414,0,0
-45211,0,0
158332,0,0
-236396,0,0
-100297,0,0
170135,0,0
236585,0,0
152320,0,0
-5050,0,0
-212003,0,0
119856,0,0
94931,0,0
-123020,0,0
-36820,0,0
-116968,0,0
-112271,0,0
43414,0,0
184803,0,0
102314,0,0
125669,0,0
-193020,0,0
-163330,0,0
189674,0,0
-173572,0,0
-189123,0,0
111054,0,0
155452,0,0
89290,0,0
55631,0,0
-203169,0,0
117223,0,0
119152,0,0
-169916,0,0
13607,0,0
12156,0,0
-7582,0,0
-36684,0,0
-537,0,0
-38803,0,0
298331,0,0
-55155,0,0
-139320,0,0
121189,0,0
-175986,0,0
-134074,0,0
125215,0,0
154041,0,0
-66692,0,0
18629,0,0
-105503,0,0
155383,0,0
68215,0,0
-177413,0,0
-39851,0,0
-67710,0,0
-53560,0,0
42235,0,0
-39303,0,0
-113030,0,0
235888,0,0
-91190,0,0
-121394,0,0
146723,0,0
-180156,0,0
-134660,0,0
50822,0,0
39974,0,0
34865,0,0
29272,0,0
-189371,0,0
102122,0,0
96242,0,0
-168679,0,0
-13187,0,0
-77899,0,0
-71611,0,0
27917,0,0
13933,0,0
-111530,0,0
235269,0,0
-61629,0,0
-92168,0,0
176416,0,0
-171691,0,0
-159633,0,0
113361,0,0
67925,0,0
-7618,0,0
150014,0,0
-15539,0,0
97006,0,0
-80493,0,0
-332263,0,0
-21832,0,0
51623,0,0
31847,0,0
106570,0,0
-109396,0,0
-240567,0,0
286986,0,0
25319,0,0
-189324,0,0
131575,0,0
-141437,0,0
-203320,0,0
42039,0,0
98681,0,0
52184,0,0
41219,0,0
-245698,0,0
70934,0,0
111380,0,0
-101522,0,0
-30147,0,0
5747,0,0
-50951,0,0
-36560,0,0
10669,0,0
30430,0,0
236169,0,0
-159437,0,0
-173150,0,0
140134,0,0
-160776,0,0
-156311,0,0
88779,0,0
106349,0,0
68644,0,0
38013,0,0
-261072,0,0
35612,0,0
110156,0,0
-152528,0,0
32466,0,0
-68894,0,0
-168006,0,0
-64273,0,0
-64780,0,0
-80590,0,0
243855,0,0
-56340,0,0
-125411,0,0
109406,0,0
-212948,0,0
-160451,0,0
110405,0,0
72304,0,0
3956,0,0
71271,0,0
-156579,0,0
96299,0,0
102895,0,0
-147747,0,0
29322,0,0
-86443,0,0
-98995,0,0
-7744,0,0
10067,0,0
-78698,0,0
252780,0,0
-37152,0,0
-91381,0,0
154212,0,0
-197535,0,0
-124897,0,0
98890,0,0
39784,0,0
-45949,0,0
-22762,0,0
-73855,0,0
191233,0,0
15295,0,0
-232938,0,0
-12092,0,0
-111572,0,0
-59178,0,0
90346,0,0
5936,0,0
-156077,0,0
88201,0,0
-127840,0,0
-74535,0,0
181411,0,0
-86203,0,0
-185462,0,0
20633,0,0
-9732,0,0
-19977,0,0
79156,0,0
-236443,0,0
18887,0,0
-59006,0,0
-240893,0,0
26630,0,0
-34145,0,0
109234,0,0
175782,0,0
-125696,0,0
-180827,0,0
231306,0,0
-61135,0,0
-106295,0,0
112928,0,0
-129410,0,0
-29482,0,0
153502,0,0
182463,0,0
138992,0,0
97386,0,0
-148145,0,0
177807,0,0
170725,0,0
-59481,0,0
206477,0,0
-25105,0,0
-81236,0,0
51103,0,0
77505,0,0
18880,0,0
341058,0,0
-4073,0,0
-74279,0,0
152299,0,0
-111079,0,0
-64597,0,0
175873,0,0
162877,0,0
76614,0,0
79238,0,0
-110289,0,0
180382,0,0
145826,0,0
-101011,0,0
48405,0,0
36196,0,0
70851,0,0
131333,0,0
-55023,0,0
-102177,0,0
309103,0,0
66535,0,0
7576,0,0
203129,0,0
-158476,0,0
-51884,0,0
215788,0,0
146616,0,0
47667,0,0
131915,0,0
-45001,0,0
118130,0,0
78449,0,0
-58204,0,0
86674,0,0
-32641,0,0
17355,0,0
194719,0,0
79707,0,0
-80526,0,0
273200,0,0
-395,0,0
-87718,0,0
119322,0,0
-142894,0,0
13272,0,0
224058,0,0
91650,0,0
48677,0,0
67441,0,0
-55979,0,0
188667,0,0
36905,0,0
-182479,0,0
25311,0,0
-13056,0,0
24128,0,0
77304,0,0
-129900,0,0
-105342,0,0
362536,0,0
17183,0,0
-43151,0,0
182479,0,0
-44865,0,0
5985,0,0
180782,0,0
63710,0,0
11602,0,0
77962,0,0
-56304,0,0
222559,0,0
162111,0,0
-29604,0,0
134942,0,0
-3704,0,0
-12281,0,0
93982,0,0
-38968,0,0
-72227,0,0
260094,0,0
-85186,0,0
-97326,0,0
189090,0,0
-251568,0,0
-194067,0,0
121291,0,0
85061,0,0
77080,0,0
18609,0,0
-273371,0,0
5599,0,0
2669,0,0
-149245,0,0
67658,0,0
-63573,0,0
-148243,0,0
120,0,0
-12956,0,0
-93216,0,0
213128,0,0
-96672,0,0
-110608,0,0
65694,0,0
-246247,0,0
-114967,0,0
85648,0,0
2747,0,0
-29036,0,0
-13185,0,0
-134636,0,0
106844,0,0
14732,0,0
-163108,0,0
-67444,0,0
-50039,0,0
-72186,0,0
-53178,0,0
-7891,0,0
42467,0,0
252478,0,0
-157170,0,0
-125843,0,0
126951,0,0
-174342,0,0
-84417,0,0
132832,0,0
85201,0,0
87544,0,0
43707,0,0
-163255,0,0
167927,0,0
74048,0,0
-122534,0,0
63424,0,0
-726,0,0
-61105,0,0
80501,0,0
25440,0,0
-19911,0,0
202354,0,0
-43594,0,0
-43185,0,0
239152,0,0
-200664,0,0
-133886,0,0
120318,0,0
40138,0,0
159,0,0
34337,0,0
-153356,0,0
130744,0,0
22722,0,0
-144705,0,0
147742,0,0
102964,0,0
-205861,0,0
-210417,0,0
-76464,0,0
-44704,0,0
345587,0,0
-32490,0,0
-50500,0,0
253267,0,0
-111486,0,0
-128889,0,0
47872,0,0
27666,0,0
82964,0,0
116209,0,0
-59777,0,0
162250,0,0
163910,0,0
-39747,0,0
19730,0,0
-8601,0,0
-60415,0,0
24254,0,0
-1040,0,0
50023,0,0
318211,0,0
-81864,0,0
-84807,0,0
109462,0,0
-134663,0,0
-12077,0,0
228220,0,0
100621,0,0
-21178,0,0
-89936,0,0
-118377,0,0
257980,0,0
107238,0,0
-148187,0,0
41250,0,0
-19717,0,0
-50259,0,0
36352,0,0
-38576,0,0
-75842,0,0
264672,0,0
-10717,0,0
-66919,0,0
123184,0,0
-235732,0,0
-125568,0,0
192376,0,0
35999,0,0
-174,0,0
20385,0,0
-68629,0,0
168010,0,0
16115,0,0
-207180,0,0
14942,0,0
5761,0,0
-170048,0,0
-31397,0,0
-42469,0,0
-4997,0,0
168632,0,0
-128275,0,0
-95401,0,0
47855,0,0
-283887,0,0
-123121,0,0
121272,0,0
4301,0,0
-108175,0,0
18445,0,0
-51997,0,0
97708,0,0
-69325,0,0
-229916,0,0
-26314,0,0
-96724,0,0
-100980,0,0
38180,0,0
-55348,0,0
-11843,0,0
216947,0,0
-100188,0,0
-110904,0,0
123078,0,0
-257126,0,0
-171568,0,0
113153,0,0
77782,0,0
25929,0,0
-33236,0,0
-179329,0,0
51307,0,0
19764,0,0
-61807,0,0
151026,0,0
-15669,0,0
-200056,0,0
-142144,0,0
-30681,0,0
7785,0,0
307749,0,0
-25896,0,0
-76096,0,0
168780,0,0
-184548,0,0
-66818,0,0
158901,0,0
85047,0,0
19006,0,0
85803,0,0
-13391,0,0
163507,0,0
-3501,0,0
-140491,0,0
19341,0,0
-95800,0,0
-72163,0,0
-31712,0,0
-121001,0,0
76903,0,0
390320,0,0
-142773,0,0
-172280,0,0
83376,0,0
-236974,0,0
-69864,0,0
178579,0,0
-68363,0,0
56511,0,0
61313,0,0
-140241,0,0
152856,0,0
128092,0,0
-117788,0,0
-46723,0,0
-100847,0,0
-56567,0,0
117981,0,0
-4420,0,0
-99955,0,0
122711,0,0
-119852,0,0
-74825,0,0
66522,0,0
-285839,0,0
-168351,0,0
61632,0,0
-61716,0,0
-58259,0,0
-104116,0,0
-220604,0,0
26517,0,0
-95967,0,0
-212939,0,0
-108821,0,0
-181274,0,0
-195496,0,0
22812,0,0
-129255,0,0
-151959,0,0
96379,0,0
-163300,0,0
-155180,0,0
8636,0,0
-313219,0,0
-199423,0,0
119992,0,0
-10779,0,0
-73189,0,0
-69788,0,0
-123282,0,0
87236,0,0
-55850,0,0
-176183,0,0
-6878,0,0
-62888,0,0
-129465,0,0
-23257,0,0
-6039,0,0
-16312,0,0
125703,0,0
-123922,0,0
4813,0,0
129032,0,0
-221439,0,0
-110845,0,0
179095,0,0
41199,0,0
64523,0,0
49898,0,0
-48255,0,0
150954,0,0
74401,0,0
-90628,0,0
-61707,0,0
83180,0,0
17709,0,0
81149,0,0
52996,0,0
47692,0,0
217778,0,0
-41119,0,0
44212,0,0
143288,0,0
-214275,0,0
7677,0,0
272286,0,0
70296,0,0
117306,0,0
81517,0,0
-48944,0,0
171368,0,0
111055,0,0
-46186,0,0
53271,0,0
-6303,0,0
-21984,0,0
141008,0,0
48509,0,0
39827,0,0
193104,0,0
-21743,0,0
95698,0,0
169937,0,0
-170220,0,0
-76282,0,0
113861,0,0
4000,0,0
-8694,0,0
62911,0,0
68233,0,0
242808,0,0
14981,0,0
-219644,0,0
-11323,0,0
-25130,0,0
-74734,0,0
49785,0,0
-36358,0,0
43650,0,0
145152,0,0
-124630,0,0
-35927,0,0
88593,0,0
-183759,0,0
-100948,0,0
193941,0,0
110774,0,0
45887,0,0
-40879,0,0
-77273,0,0
118667,0,0
20419,0,0
-115624,0,0
27598,0,0
-37495,0,0
-45827,0,0
75254,0,0
-27099,0,0
-4381,0,0
254333,0,0
-27535,0,0
23184,0,0
58285,0,0
-294345,0,0
-65177,0,0
127578,0,0
31208,0,0
2825,0,0
-90182,0,0
18948,0,0
228711,0,0
-7801,0,0
-205052,0,0
-51986,0,0
20733,0,0
46995,0,0
39135,0,0
-115024,0,0
-2010,0,0
169994,0,0
-178069,0,0
-196292,0,0
117649,0,0
-116870,0,0
-26463,0,0
258163,0,0
195740,0,0
-19911,0,0
-131097,0,0
-94566,0,0
175603,0,0
7669,0,0
-22314,0,0
103452,0,0
6155,0,0
-90153,0,0
68984,0,0
78459,0,0
112562,0,0
187590,0,0
-67830,0,0
63557,0,0
183475,0,0
-103195,0,0
-8586,0,0
182640,0,0
81571,0,0
108504,0,0
26904,0,0
-58605,0,0
201412,0,0
64144,0,0
-107496,0,0
27628,0,0
-19308,0,0
-12706,0,0
54253,0,0
-34926,0,0
51757,0,0
145633,0,0
-127415,0,0
-21356,0,0
36878,0,0
-252119,0,0
-67991,0,0
141466,0,0
30776,0,0
-8980,0,0
-43082,0,0
-82092,0,0
56394,0,0
-116772,0,0
-191757,0,0
-23012,0,0
-5625,0,0
-135171,0,0
-28482,0,0
-201338,0,0
-147238,0,0
129784,0,0
-146979,0,0
-161340,0,0
37390,0,0
-325344,0,0
-279344,0,0
143078,0,0
47903,0,0
-110120,0,0
-274081,0,0
-218116,0,0
14076,0,0
-98854,0,0
-28613,0,0
11886,0,0
-145140,0,0
-170186,0,0
111752,0,0
-10429,0,0
-214837,0,0
-7192,0,0
-66855,0,0
46314,0,0
29741,0,0
-234257,0,0
-117444,0,0
217910,0,0
-17053,0,0
-58340,0,0
28628,0,0
3369,0,0
111933,0,0
-47233,0,0
-131171,0,0
-2361,0,0
-91627,0,0
-118476,0,0
104164,0,0
21372,0,0
3811,0,0
158972,0,0
-113443,0,0
-32978,0,0
33063,0,0
-213602,0,0
-118171,0,0
211024,0,0
96297,0,0
8754,0,0
-131447,0,0
-65493,0,0
133542,0,0
-110443,0,0
-156722,0,0
-29193,0,0
3471,0,0
-118514,0,0
-23339,0,0
-75018,0,0
81332,0,0
106669,0,0
-103094,0,0
-148199,0,0
-108961,0,0
-245244,0,0
-43996,0,0
222742,0,0
-9083,0,0
-40407,0,0
-93842,0,0
-123031,0,0
110786,0,0
-45545,0,0
-126700,0,0
-52637,0,0
-98880,0,0
-121515,0,0
40798,0,0
-59165,0,0
26454,0,0
93752,0,0
-99927,0,0
-21036,0,0
-30070,0,0
-244947,0,0
-86939,0,0
199134,0,0
111314,0,0
9302,0,0
-139316,0,0
-138123,0,0
107453,0,0
-17630,0,0
-92673,0,0
-12469,0,0
-35520,0,0
-84801,0,0
17812,0,0
-109536,0,0
44090,0,0
114922,0,0
-103466,0,0
16996,0,0
1171,0,0
-262075,0,0
-68452,0,0
204843,0,0
10349,0,0
1680,0,0
-88454,0,0
-26189,0,0
132086,0,0
35304,0,0
-34945,0,0
-41409,0,0
41988,0,0
-77602,0,0
80144,0,0
51506,0,0
101369,0,0
89417,0,0
-41455,0,0
86771,0,0
48897,0,0
-39517,0,0
-61632,0,0
127677,0,0
51315,0,0
202147,0,0
68420,0,0
-33964,0,0
120313,0,0
-23225,0,0
8278,0,0
122641,0,0
13413,0,0
-38446,0,0
-5779,0,0
-99032,0,0
126731,0,0
284884,0,0
107458,0,0
50973,0,0
-10487,0,0
-76077,0,0
11876,0,0
216227,0,0
153954,0,0
216135,0,0
39444,0,0
75736,0,0
190980,0,0
16093,0,0
128058,0,0
144398,0,0
41959,0,0
57852,0,0
167856,0,0
35887,0,0
208567,0,0
193255,0,0
5949,0,0
142761,0,0
35461,0,0
-161419,0,0
8572,0,0
201203,0,0
50527,0,0
24176,0,0
-62575,0,0
42491,0,0
132913,0,0
-39304,0,0
-129229,0,0
-89758,0,0
-62515,0,0
-80105,0,0
13628,0,0
-143623,0,0
46114,0,0
12851,0,0
-161563,0,0
29741,0,0
-55586,0,0
-326043,0,0
-130598,0,0
144846,0,0
14545,0,0
2222,0,0
-181874,0,0
-61006,0,0
52309,0,0
-72492,0,0
-86912,0,0
-42935,0,0
-19096,0,0
-74753,0,0
39425,0,0
-59095,0,0
75024,0,0
25828,0,0
-154080,0,0
47795,0,0
7117,0,0
-152125,0,0
36964,0,0
251695,0,0
103580,0,0
51510,0,0
-29021,0,0
45352,0,0
124068,0,0
-27974,0,0
29440,0,0
119483,0,0
89587,0,0
-23760,0,0
96406,0,0
17319,0,0
148936,0,0
179668,0,0
-26716,0,0
178173,0,0
129839,0,0
-257540,0,0
-41655,0,0
242115,0,0
179125,0,0
144332,0,0
-136384,0,0
-51785,0,0
105253,0,0
-24272,0,0
20820,0,0
37847,0,0
-47390,0,0
32845,0,0
155857,0,0
-76323,0,0
110808,0,0
77553,0,0
-161073,0,0
-42798,0,0
-10325,0,0
-144654,0,0
17798,0,0
172734,0,0
-13256,0,0
-13630,0,0
-108861,0,0
-16009,0,0
100468,0,0
-152562,0,0
-118377,0,0
-29579,0,0
-90586,0,0
-192939,0,0
-8318,0,0
-102683,0,0
34156,0,0
35284,0,0
-157639,0,0
20368,0,0
12305,0,0
-185091,0,0
-172050,0,0
78554,0,0
-20834,0,0
32627,0,0
-58904,0,0
24510,0,0
118703,0,0
-97126,0,0
-133691,0,0
-8958,0,0
2011,0,0
-59329,0,0
48865,0,0
-33337,0,0
104041,0,0
79629,0,0
-93255,0,0
10488,0,0
-58755,0,0
-173923,0,0
-18189,0,0
152727,0,0
34268,0,0
94267,0,0
-110727,0,0
-67914,0,0
98302,0,0
-33683,0,0
-64022,0,0
5316,0,0
-31048,0,0
-79747,0,0
51686,0,0
-54004,0,0
42809,0,0
60891,0,0
-74659,0,0
10541,0,0
20945,0,0
-124277,0,0
-41350,0,0
125184,0,0
-32471,0,0
43546,0,0
-8753,0,0
72557,0,0
167144,0,0
-145775,0,0
-61738,0,0
-1488,0,0
-38253,0,0
-39139,0,0
119608,0,0
-53468,0,0
139593,0,0
58164,0,0
-86812,0,0
121265,0,0
-55265,0,0
-238292,0,0
-48112,0,0
177983,0,0
-4521,0,0
88098,0,0
-48280,0,0
63314,0,0
17171,0,0
-150167,0,0
13710,0,0
-56083,0,0
5606,0,0
-37380,0,0
56595,0,0
-37497,0,0
152536,0,0
32994,0,0
-132795,0,0
14631,0,0
-54276,0,0
-151233,0,0
13528,0,0
230749,0,0
102938,0,0
16280,0,0
-153324,0,0
17853,0,0
146492,0,0
-3711,0,0
-48339,0,0
-81302,0,0
-8480,0,0
-65268,0,0
50313,0,0
-100763,0,0
120132,0,0
151727,0,0
-77605,0,0
-271,0,0
-6662,0,0
-64890,0,0
-46868,0,0
121258,0,0
24149,0,0
157618,0,0
-58462,0,0
-19275,0,0
121604,0,0
-99449,0,0
-62995,0,0
19872,0,0
96376,0,0
-78692,0,0
-11970,0,0
35894,0,0
274415,0,0
28201,0,0
-186306,0,0
-3384,0,0
-37384,0,0
-166340,0,0
-18045,0,0
138205,0,0
92885,0,0
107964,0,0
-155544,0,0
-76501,0,0
59364,0,0
-140849,0,0
-58391,0,0
-72161,0,0
-41822,0,0
-75572,0,0
22533,0,0
-38370,0,0
158661,0,0
-26442,0,0
-200727,0,0
46228,0,0
-64009,0,0
-173822,0,0
-30176,0,0
137322,0,0
31166,0,0
5059,0,0
-125531,0,0
64450,0,0
170775,0,0
-42307,0,0
17400,0,0
-53081,0,0
-39312,0,0
-14420,0,0
75996,0,0
-33651,0,0
185531,0,0
126635,0,0
-28303,0,0
34606,0,0
-129888,0,0
-176226,0,0
68130,0,0
209864,0,0
9276,0,0
64171,0,0
-124297,0,0
12217,0,0
71931,0,0
-154546,0,0
-73621,0,0
32420,0,0
95544,0,0
-98000,0,0
-110389,0,0
-129429,0,0
208654,0,0
42339,0,0
-133855,0,0
89744,0,0
-120279,0,0
-179071,0,0
70904,0,0
181227,0,0
2892,0,0
21076,0,0
-128312,0,0
102572,0,0
176117,0,0
-27833,0,0
-53131,0,0
-94147,0,0
-21636,0,0
24428,0,0
-613,0,0
-45291,0,0
198301,0,0
125042,0,0
7607,0,0
-33081,0,0
-168002,0,0
-154881,0,0
63728,0,0
179012,0,0
-62852,0,0
123070,0,0
31900,0,0
13407,0,0
89232,0,0
-68538,0,0
-9745,0,0
-35911,0,0
-30996,0,0
-28585,0,0
62302,0,0
-47913,0,0
187252,0,0
29204,0,0
-67258,0,0
138597,0,0
-76669,0,0
-161390,0,0
-952,0,0
73294,0,0
-35845,0,0
75933,0,0
-58280,0,0
59434,0,0
82938,0,0
-239480,0,0
-75763,0,0
-59663,0,0
-35943,0,0
-3275,0,0
4852,0,0
-101555,0,0
160408,0,0
33201,0,0
-143326,0,0
110451,0,0
-149173,0,0
-166918,0,0
41541,0,0
206747,0,0
16039,0,0
118027,0,0
-68203,0,0
84710,0,0
97784,0,0
-133314,0,0
127255,0,0
-87827,0,0
-69099,0,0
61081,0,0
109463,0,0
-54521,0,0
262005,0,0
54211,0,0
-57150,0,0
128805,0,0
-168821,0,0
-188430,0,0
84427,0,0
186857,0,0
-47430,0,0
12394,0,0
-161272,0,0
59459,0,0
49688,0,0
-170764,0,0
29474,0,0
-38869,0,0
-173505,0,0
-180350,0,0
-52244,0,0
-150567,0,0
126326,0,0
-41487,0,0
-125511,0,0
69101,0,0
-201988,0,0
-310653,0,0
-73830,0,0
120175,0,0
-91085,0,0
-15633,0,0
-170115,0,0
20873,0,0
67483,0,0
-148654,0,0
18625,0,0
-5653,0,0
-76998,0,0
-131858,0,0
-9805,0,0
-35507,0,0
199962,0,0
2255,0,0
-91317,0,0
113416,0,0
-102093,0,0
-157690,0,0
19718,0,0
147324,0,0
58880,0,0
82187,0,0
-96093,0,0
158796,0,0
151380,0,0
-160239,0,0
4684,0,0
-42243,0,0
-73136,0,0
-62275,0,0
85908,0,0
12350,0,0
271541,0,0
-75542,0,0
-154005,0,0
99616,0,0
-77580,0,0
-183823,0,0
11139,0,0
165007,0,0
-16239,0,0
95408,0,0
-175245,0,0
-20519,0,0
69896,0,0
-165780,0,0
-68847,0,0
-82250,0,0
-72026,0,0
-56642,0,0
58022,0,0
-77593,0,0
173541,0,0
-27336,0,0
-216623,0,0
59085,0,0
-140178,0,0
-150320,0,0
49935,0,0
136016,0,0
77649,0,0
34847,0,0
-226010,0,0
-17646,0,0
88890,0,0
-116001,0,0
49748,0,0
-28815,0,0
-124580,0,0
-52605,0,0
17428,0,0
-103338,0,0
208697,0,0
-21451,0,0
-105214,0,0
97059,0,0
-166270,0,0
-167652,0,0
1337,0,0
123612,0,0
13047,0,0
59213,0,0
-75813,0,0
142498,0,0
79984,0,0
-152094,0,0
-7914,0,0
-71309,0,0
-56578,0,0
37278,0,0
108266,0,0
-7517,0,0
222144,0,0
-38114,0,0
-117241,0,0
117276,0,0
-42593,0,0
-156908,0,0
429,0,0
156617,0,0
12022,0,0
119643,0,0
-110586,0,0
77511,0,0
81033,0,0
-201339,0,0
-48428,0,0
69890,0,0
62398,0,0
80485,0,0
35789,0,0
-167499,0,0
157896,0,0
-19278,0,0
-77449,0,0
286747,0,0
-9758,0,0
-166664,0,0
58202,0,0
167161,0,0
68692,0,0
219984,0,0
-36481,0,0
61643,0,0
164249,0,0
7497,0,0
108879,0,0
-1893,0,0
-67451,0,0
87813,0,0
124186,0,0
-19710,0,0
289013,0,0
44305,0,0
5738,0,0
218476,0,0
-125483,0,0
-163928,0,0
103285,0,0
215449,0,0
19402,0,0
-7074,0,0
-128266,0,0
185785,0,0
256826,0,0
-97999,0,0
-23115,0,0
-135430,0,0
-126877,0,0
-51536,0,0
8604,0,0
-61497,0,0
293530,0,0
87174,0,0
-40317,0,0
135502,0,0
-197822,0,0
-181463,0,0
-11525,0,0
160227,0,0
57487,0,0
105791,0,0
-150713,0,0
85028,0,0
244927,0,0
-46069,0,0
30281,0,0
-48752,0,0
-94316,0,0
90383,0,0
141359,0,0
-116485,0,0
230645,0,0
13194,0,0
-80694,0,0
156409,0,0
-74660,0,0
-79965,0,0
64826,0,0
145633,0,0
-22788,0,0
24274,0,0
-188883,0,0
53291,0,0
138335,0,0
-80575,0,0
-101985,0,0
-114424,0,0
-294,0,0
-64073,0,0
9014,0,0
-26650,0,0
207355,0,0
-15335,0,0
-225513,0,0
54248,0,0
-127456,0,0
-48182,0,0
73353,0,0
56395,0,0
41514,0,0
71043,0,0
-173634,0,0
158084,0,0
120232,0,0
-136660,0,0
14832,0,0
-70184,0,0
-65724,0,0
38634,0,0
35921,0,0
-53518,0,0
236392,0,0
9745,0,0
-44060,0,0
103355,0,0
-138052,0,0
-82696,0,0
46900,0,0
158041,0,0
63661,0,0
103018,0,0
-108734,0,0
96607,0,0
127196,0,0
-64735,0,0
73595,0,0
-25055,0,0
-106910,0,0
30275,0,0
151181,0,0
-36210,0,0
266969,0,0
-11656,0,0
-93293,0,0
139309,0,0
-112800,0,0
-122368,0,0
68503,0,0
138804,0,0
79401,0,0
62655,0,0
-251575,0,0
142852,0,0
110660,0,0
-183819,0,0
27694,0,0
-22057,0,0
-6328,0,0
12173,0,0
37223,0,0
-135768,0,0
243449,0,0
31311,0,0
-115462,0,0
128735,0,0
-121700,0,0
-93503,0,0
159731,0,0
132269,0,0
31455,0,0
76517,0,0
-136093,0,0
143812,0,0
117859,0,0
-105233,0,0
75092,0,0
28489,0,0
65006,0,0
52252,0,0
-32750,0,0
-120463,0,0
319428,0,0
35569,0,0
-108438,0,0
188917,0,0
-87425,0,0
-101848,0,0
95870,0,0
200931,0,0
40367,0,0
47150,0,0
-170873,0,0
119437,0,0
79569,0,0
-203328,0,0
-59829,0,0
31063,0,0
-41091,0,0
-1131,0,0
-4089,0,0
-139933,0,0
181250,0,0
-59998,0,0
-213711,0,0
61222,0,0
-211108,0,0
-174326,0,0
54031,0,0
105427,0,0
32766,0,0
-13705,0,0
-248284,0,0
49456,0,0
96595,0,0
-160473,0,0
13758,0,0
-141870,0,0
-103299,0,0
21453,0,0
4016,0,0
-58230,0,0
249736,0,0
-52229,0,0
-161451,0,0
96683,0,0
-191645,0,0
-59182,0,0
116749,0,0
41805,0,0
5763,0,0
86422,0,0
-165698,0,0
91568,0,0
79813,0,0
-163027,0,0
6550,0,0
-58048,0,0
-54860,0,0
19373,0,0
38956,0,0
-93325,0,0
221156,0,0
-74740,0,0
-229645,0,0
114874,0,0
-108949,0,0
-69138,0,0
142326,0,0
101252,0,0
-74907,0,0
32311,0,0
-196860,0,0
115800,0,0
91630,0,0
-175945,0,0
17053,0,0
-4459,0,0
-67036,0,0
9392,0,0
45927,0,0
-76708,0,0
215324,0,0
-82848,0,0
-94777,0,0
140157,0,0
-52801,0,0
-91291,0,0
53131,0,0
102981,0,0
-25195,0,0
13781,0,0
-131507,0,0
213109,0,0
150256,0,0
-125613,0,0
69011,0,0
4342,0,0
4343,0,0
-67918,0,0
-4810,0,0
-85671,0,0
239380,0,0
101132,0,0
62566,0,0
181445,0,0
-155834,0,0
-129411,0,0
37855,0,0
121487,0,0
-11850,0,0
117475,0,0
-87274,0,0
123823,0,0
62005,0,0
-194835,0,0
-34775,0,0
-79098,0,0
-6048,0,0
22092,0,0
-84294,0,0
-125750,0,0
170973,0,0
-144002,0,0
-175719,0,0
114362,0,0
-160656,0,0
-103142,0,0
25146,0,0
8213,0,0
-48417,0,0
73194,0,0
-196109,0,0
22373,0,0
43184,0,0
-139835,0,0
47343,0,0
-81038,0,0
-146573,0,0
-47094,0,0
14022,0,0
-108789,0,0
248972,0,0
-79688,0,0
-163463,0,0
104469,0,0
-182675,0,0
-129392,0,0
90269,0,0
116970,0,0
38579,0,0
50608,0,0
-185836,0,0
66672,0,0
92427,0,0
-181326,0,0
23169,0,0
55744,0,0
-22191,0,0
23158,0,0
19952,0,0
-65412,0,0
281851,0,0
-31827,0,0
-84508,0,0
194453,0,0
-160658,0,0
-88332,0,0
172312,0,0
146139,0,0
97202,0,0
55447,0,0
-191525,0,0
102330,0,0
127404,0,0
-90690,0,0
86900,0,0
11016,0,0
-66515,0,0
-8389,0,0
14507,0,0
-71631,0,0
262729,0,0
-13981,0,0
-98836,0,0
201738,0,0
-176184,0,0
-158308,0,0
99490,0,0
148456,0,0
8428,0,0
38883,0,0
-148796,0,0
205380,0,0
104098,0,0
-227971,0,0
48382,0,0
32708,0,0
-20836,0,0
-113614,0,0
-174837,0,0
-13358,0,0
511786,0,0
21568,0,0
-214802,0,0
69003,0,0
-177307,0,0
-57557,0,0
63836,0,0
168665,0,0
80587,0,0
-49668,0,0
-138589,0,0
207344,0,0
115736,0,0
-188610,0,0
28570,0,0
-40895,0,0
-52768,0,0
66721,0,0
61251,0,0
-145627,0,0
186941,0,0
-46934,0,0
-102301,0,0
172904,0,0
-271226,0,0
-241299,0,0
162545,0,0
236503,0,0
43637,0,0
-31550,0,0
-251786,0,0
79434,0,0
89152,0,0
-180663,0,0
42114,0,0
-32566,0,0
-69093,0,0
13460,0,0
-59453,0,0
-134681,0,0
293224,0,0
-26022,0,0
-145006,0,0
139146,0,0
-210463,0,0
-133301,0,0
70776,0,0
151623,0,0
-12088,0,0
-36851,0,0
-223600,0,0
103352,0,0
85113,0,0
-169995,0,0
8381,0,0
-90166,0,0
-90830,0,0
19900,0,0
39390,0,0
-103188,0,0
219627,0,0
-41015,0,0
-117981,0,0
109718,0,0
-247368,0,0
-142069,0,0
120469,0,0
117443,0,0
-15296,0,0
38742,0,0
-151984,0,0
54204,0,0
76616,0,0
-170265,0,0
27149,0,0
-69744,0,0
-101163,0,0
-18647,0,0
-50490,0,0
-60366,0,0
361276,0,0
37872,0,0
-101177,0,0
109778,0,0
-195878,0,0
-83184,0,0
209910,0,0
155757,0,0
16362,0,0
143223,0,0
-90265,0,0
176589,0,0
148045,0,0
-49895,0,0
51854,0,0
-70267,0,0
-22984,0,0
93972,0,0
109336,0,0
-26261,0,0
303883,0,0
-62016,0,0
-139948,0,0
239955,0,0
-79443,0,0
-153059,0,0
62282,0,0
80668,0,0
-49673,0,0
42704,0,0
-84826,0,0
151193,0,0
84172,0,0
-76649,0,0
8530,0,0
-67957,0,0
-71429,0,0
-5060,0,0
-42460,0,0
-60060,0,0
284308,0,0
-33080,0,0
-69860,0,0
139455,0,0
-140536,0,0
-40624,0,0
114361,0,0
133525,0,0
84545,0,0
105764,0,0
-176141,0,0
173180,0,0
177257,0,0
-94913,0,0
103896,0,0
26470,0,0
23044,0,0
44212,0,0
22771,0,0
7784,0,0
299028,0,0
3857,0,0
-79218,0,0
182508,0,0
-47264,0,0
27187,0,0
190812,0,0
112082,0,0
41939,0,0
67377,0,0
-124533,0,0
196391,0,0
138405,0,0
-91125,0,0
39184,0,0
-62561,0,0
-41946,0,0
98217,0,0
43044,0,0
-55736,0,0
225866,0,0
-121350,0,0
-122496,0,0
170931,0,0
-219136,0,0
-201283,0,0
82790,0,0
55702,0,0
15602,0,0
-3173,0,0
-329219,0,0
41444,0,0
91920,0,0
-280611,0,0
-141041,0,0
-116187,0,0
-137015,0,0
-39373,0,0
13331,0,0
-200908,0,0
127524,0,0
-170066,0,0
-181886,0,0
32394,0,0
-238730,0,0
-154493,0,0
82231,0,0
24767,0,0
-82712,0,0
-100320,0,0
-138180,0,0
212554,0,0
142763,0,0
-143986,0,0
-60390,0,0
-113277,0,0
-83421,0,0
76133,0,0
18008,0,0
9238,0,0
253915,0,0
-199647,0,0
-115517,0,0
152976,0,0
-70477,0,0
-21154,0,0
204587,0,0
124133,0,0
-18888,0,0
75320,0,0
-133762,0,0
145064,0,0
100298,0,0
-125720,0,0
61037,0,0
59154,0,0
13948,0,0
69355,0,0
47734,0,0
-1736,0,0
318650,0,0
-11705,0,0
16933,0,0
234185,0,0
-167828,0,0
-89365,0,0
145815,0,0
212071,0,0
148976,0,0
143149,0,0
-162374,0,0
185362,0,0
135762,0,0
-142916,0,0
29492,0,0
19030,0,0
-19506,0,0
153398,0,0
-4688,0,0
-93453,0,0
270027,0,0
-58538,0,0
-55813,0,0
137170,0,0
-207850,0,0
-129785,0,0
147902,0,0
111394,0,0
49601,0,0
68153,0,0
-155715,0,0
188195,0,0
1219,0,0
-224304,0,0
17577,0,0
-24983,0,0
-133736,0,0
77639,0,0
-12200,0,0
-73549,0,0
237188,0,0
-78952,0,0
-124885,0,0
110839,0,0
-214777,0,0
-133561,0,0
111802,0,0
13559,0,0
-89390,0,0
-3656,0,0
-186638,0,0
144777,0,0
54493,0,0
-205387,0,0
-20218,0,0
-105551,0,0
-138089,0,0
13494,0,0
-21214,0,0
-97439,0,0
262237,0,0
-97676,0,0
-97332,0,0
108547,0,0
-194019,0,0
-95488,0,0
155962,0,0
83117,0,0
46158,0,0
103964,0,0
-45993,0,0
176751,0,0
51775,0,0
-128711,0,0
99449,0,0
89309,0,0
1777,0,0
83472,0,0
16789,0,0
-24393,0,0
272553,0,0
16813,0,0
68788,0,0
193683,0,0
-207541,0,0
-51256,0,0
221732,0,0
112610,0,0
88494,0,0
105958,0,0
-68406,0,0
210566,0,0
85739,0,0
-131606,0,0
48848,0,0
69328,0,0
-26582,0,0
31953,0,0
-19129,0,0
-6795,0,0
320607,0,0
-63743,0,0
-99906,0,0
23980,0,0
-197787,0,0
21761,0,0
187795,0,0
164909,0,0
17038,0,0
-87445,0,0
-156753,0,0
271306,0,0
56636,0,0
-191118,0,0
87637,0,0
161739,0,0
-27976,0,0
-69172,0,0
-43502,0,0
38908,0,0
401787,0,0
31229,0,0
17195,0,0
194145,0,0
-236596,0,0
-80512,0,0
159522,0,0
113851,0,0
103507,0,0
115838,0,0
-39984,0,0
109711,0,0
40283,0,0
-112944,0,0
3665,0,0
19167,0,0
-70992,0,0
45396,0,0
71947,0,0
-30733,0,0
255671,0,0
-97489,0,0
-126193,0,0
81377,0,0
-263730,0,0
-80663,0,0
247329,0,0
126409,0,0
14511,0,0
-29280,0,0
-141011,0,0
154342,0,0
45755,0,0
-177893,0,0
-40188,0,0
-61478,0,0
-145442,0,0
-56886,0,0
13814,0,0
527,0,0
263487,0,0
2467,0,0
-119920,0,0
68556,0,0
-219032,0,0
-107983,0,0
139652,0,0
42589,0,0
32248,0,0
3980,0,0
-132846,0,0
199106,0,0
71354,0,0
-193637,0,0
19832,0,0
20118,0,0
-63424,0,0
13287,0,0
-23890,0,0
-1636,0,0
181677,0,0
-125434,0,0
-51793,0,0
131631,0,0
-217344,0,0
-131156,0,0
80174,0,0
81138,0,0
20106,0,0
33569,0,0
-165337,0,0
106341,0,0
14475,0,0
-201981,0,0
19382,0,0
-29400,0,0
-113719,0,0
-2634,0,0
-35237,0,0
-95725,0,0
153429,0,0
-157841,0,0
-64461,0,0
72344,0,0
-269599,0,0
-51125,0,0
171866,0,0
30406,0,0
-25309,0,0
-62596,0,0
-194012,0,0
98378,0,0
14154,0,0
-168480,0,0
43853,0,0
12640,0,0
-17972,0,0
36776,0,0
-116837,0,0
-41484,0,0
252253,0,0
-107034,0,0
-52652,0,0
81555,0,0
-181536,0,0
-52390,0,0
153483,0,0
-11806,0,0
-15640,0,0
74560,0,0
-24434,0,0
142204,0,0
-59184,0,0
-166307,0,0
65849,0,0
67937,0,0
-35292,0,0
-5971,0,0
-115079,0,0
-35099,0,0
337576,0,0
-4869,0,0
-168153,0,0
21259,0,0
-190120,0,0
-76597,0,0
236623,0,0
151717,0,0
29338,0,0
-70553,0,0
-192623,0,0
108570,0,0
-26353,0,0
-210717,0,0
21808,0,0
63001,0,0
-14648,0,0
-10117,0,0
-116565,0,0
-109655,0,0
156682,0,0
-150637,0,0
-25638,0,0
46727,0,0
-278408,0,0
-84776,0,0
186598,0,0
84894,0,0
-837,0,0
-388,0,0
-179223,0,0
63482,0,0
46181,0,0
-69576,0,0
72424,0,0
-16055,0,0
-8256,0,0
12519,0,0
-37201,0,0
84288,0,0
234365,0,0
-81763,0,0
-41531,0,0
129520,0,0
-105791,0,0
-8093,0,0
215936,0,0
64437,0,0
72611,0,0
42447,0,0
-87779,0,0
94403,0,0
25594,0,0
-61901,0,0
56364,0,0
-77171,0,0
-41817,0,0
128193,0,0
-10617,0,0
-69301,0,0
142998,0,0
-117358,0,0
-40174,0,0
86785,0,0
-256801,0,0
-108977,0,0
107162,0,0
-25965,0,0
27711,0,0
-453,0,0
-116894,0,0
99365,0,0
-58693,0,0
-160484,0,0
-10842,0,0
-63914,0,0
-129025,0,0
-48242,0,0
-51655,0,0
14382,0,0
124044,0,0
-170835,0,0
-98026,0,0
16337,0,0
-272020,0,0
-116650,0,0
141563,0,0
76034,0,0
30006,0,0
-114974,0,0
-173474,0,0
46809,0,0
-6670,0,0
-168274,0,0
-55665,0,0
-42848,0,0
-45005,0,0
5501,0,0
-112433,0,0
-50010,0,0
119485,0,0
-177850,0,0
-93700,0,0
34731,0,0
-184639,0,0
-37172,0,0
157212,0,0
7230,0,0
-37705,0,0
-95703,0,0
-190934,0,0
78655,0,0
-5519,0,0
-46343,0,0
50049,0,0
-137896,0,0
-164733,0,0
-9232,0,0
-10288,0,0
17418,0,0
165760,0,0
-41328,0,0
-42644,0,0
-9699,0,0
-224350,0,0
-57908,0,0
132766,0,0
104435,0,0
69218,0,0
-14448,0,0
-49258,0,0
96493,0,0
-25307,0,0
-79484,0,0
31420,0,0
-22348,0,0
-42030,0,0
108274,0,0
35468,0,0
77748,0,0
182985,0,0
-173983,0,0
-102391,0,0
88914,0,0
-144732,0,0
-37164,0,0
146899,0,0
59375,0,0
63656,0,0
-52828,0,0
-82837,0,0
125076,0,0
-104640,0,0
-205999,0,0
41230,0,0
6490,0,0
-119667,0,0
-68334,0,0
-73869,0,0
-21752,0,0
117783,0,0
-148586,0,0
-91964,0,0
8538,0,0
-232112,0,0
-115581,0,0
119893,0,0
12581,0,0
-21464,0,0
21808,0,0
-90815,0,0
66610,0,0
-37153,0,0
-51540,0,0
50834,0,0
-1777,0,0
-98897,0,0
127964,0,0
-9926,0,0
18701,0,0
220511,0,0
14060,0,0
56725,0,0
63260,0,0
-198709,0,0
-31553,0,0
269018,0,0
118063,0,0
120830,0,0
-19946,0,0
-74634,0,0
125596,0,0
102475,0,0
65551,0,0
26006,0,0
-52708,0,0
-74862,0,0
42121,0,0
-9310,0,0
100792,0,0
216113,0,0
-81743,0,0
-76284,0,0
-6866,0,0
-243374,0,0
-9891,0,0
172130,0,0
-37663,0,0
73795,0,0
58692,0,0
-131116,0,0
3161,0,0
-115479,0,0
-146583,0,0
-8594,0,0
-4185,0,0
-32254,0,0
52179,0,0
-74570,0,0
-114773,0,0
111995,0,0
-49559,0,0
40732,0,0
21615,0,0
-179804,0,0
9929,0,0
263065,0,0
55012,0,0
19048,0,0
-25786,0,0
-13529,0,0
217398,0,0
52966,0,0
59216,0,0
124032,0,0
5504,0,0
-5690,0,0
166646,0,0
99644,0,0
164350,0,0
260409,0,0
-45108,0,0
124978,0,0
169993,0,0
-96885,0,0
3299,0,0
275440,0,0
100996,0,0
174788,0,0
106524,0,0
9518,0,0
89852,0,0
739,0,0
-21987,0,0
6806,0,0
31322,0,0
-44715,0,0
3559,0,0
-58966,0,0
93904,0,0
157815,0,0
-181127,0,0
-31399,0,0
46172,0,0
-211029,0,0
-156273,0,0
143233,0,0
17186,0,0
-35907,0,0
-102074,0,0
-109709,0,0
114795,0,0
-57672,0,0
-126353,0,0
-23456,0,0
-84776,0,0
-130434,0,0
6083,0,0
-43859,0,0
78021,0,0
38612,0,0
-192694,0,0
9266,0,0
-14063,0,0
-253242,0,0
-121510,0,0
126360,0,0
18276,0,0
43132,0,0
-27500,0,0
-151645,0,0
75356,0,0
-32827,0,0
-154244,0,0
-84323,0,0
-138425,0,0
-106145,0,0
13468,0,0
-90747,0,0
47222,0,0
56953,0,0
-207644,0,0
-121371,0,0
45397,0,0
-156219,0,0
-142124,0,0
42163,0,0
-24871,0,0
58800,0,0
-87503,0,0
-103618,0,0
120609,0,0
-11678,0,0
-11883,0,0
30740,0,0
38032,0,0
-75341,0,0
55086,0,0
-32451,0,0
83301,0,0
226364,0,0
-23899,0,0
154205,0,0
147511,0,0
-208454,0,0
5261,0,0
356391,0,0
145411,0,0
25882,0,0
82097,0,0
81368,0,0
167809,0,0
140433,0,0
135961,0,0
47857,0,0
53919,0,0
45466,0,0
180270,0,0
48089,0,0
161022,0,0
197230,0,0
9879,0,0
120483,0,0
123421,0,0
-91545,0,0
-4693,0,0
210307,0,0
76623,0,0
51374,0,0
9547,0,0
32818,0,0
112838,0,0
-55226,0,0
-96635,0,0
-32632,0,0
-65504,0,0
-110649,0,0
20030,0,0
-172398,0,0
53531,0,0
102015,0,0
-155709,0,0
-114117,0,0
-60772,0,0
-305314,0,0
-173169,0,0
80276,0,0
-64903,0,0
-35452,0,0
-113401,0,0
-98616,0,0
-5573,0,0
-151867,0,0
-182123,0,0
-127478,0,0
-72913,0,0
-107555,0,0
-60330,0,0
-134300,0,0
-23200,0,0
21904,0,0
-117219,0,0
-17262,0,0
-42050,0,0
-240844,0,0
-84440,0,0
103888,0,0
-31887,0,0
24714,0,0
-105204,0,0
-9315,0,0
93410,0,0
-100316,0,0
-59544,0,0
-36985,0,0
-53013,0,0
-34071,0,0
62305,0,0
-65849,0,0
48458,0,0
117476,0,0
-86926,0,0
22386,0,0
-27814,0,0
-176108,0,0
-13525,0,0
172083,0,0
1744,0,0
39285,0,0
-24786,0,0
-16594,0,0
47192,0,0
-361,0,0
2965,0,0
23369,0,0
-41374,0,0
-106058,0,0
84733,0,0
-102916,0,0
75607,0,0
76928,0,0
-25468,0,0
50884,0,0
-53671,0,0
-130528,0,0
25259,0,0
207577,0,0
-10296,0,0
-65203,0,0
-146669,0,0
-22973,0,0
142942,0,0
120147,0,0
113228,0,0
-1679,0,0
-88531,0,0
-94257,0,0
33417,0,0
-34507,0,0
108669,0,0
174828,0,0
-41213,0,0
19346,0,0
-6821,0,0
-188873,0,0
179047,0,0
332363,0,0
48012,0,0
54281,0,0
-14305,0,0
38728,0,0
128973,0,0
-19995,0,0
67274,0,0
90806,0,0
66011,0,0
24624,0,0
147417,0,0
8000,0,0
152692,0,0
179413,0,0
78730,0,0
159385,0,0
-14496,0,0
-160053,0,0
33333,0,0
285363,0,0
90296,0,0
72773,0,0
32771,0,0
48044,0,0
165712,0,0
-887,0,0
-57529,0,0
43656,0,0
50995,0,0
-9058,0,0
114296,0,0
-33719,0,0
151554,0,0
131580,0,0
-33191,0,0
98238,0,0
-25544,0,0
-131604,0,0
-5826,0,0
274029,0,0
153062,0,0
62880,0,0
-61831,0,0
18534,0,0
145112,0,0
16570,0,0
40322,0,0
11471,0,0
-70352,0,0
-49626,0,0
102926,0,0
-56579,0,0
155914,0,0
217291,0,0
-25590,0,0
-95396,0,0
-92878,0,0
-133185,0,0
11326,0,0
81155,0,0
-41836,0,0
21644,0,0
-113619,0,0
44879,0,0
225694,0,0
-151280,0,0
-85516,0,0
-59801,0,0
-158592,0,0
-83618,0,0
76820,0,0
-142653,0,0
91645,0,0
43429,0,0
-67670,0,0
102176,0,0
-67336,0,0
-255092,0,0
-61249,0,0
159910,0,0
16600,0,0
37121,0,0
-75030,0,0
72566,0,0
163429,0,0
-83384,0,0
-81824,0,0
-44425,0,0
12505,0,0
19152,0,0
55507,0,0
-116134,0,0
115249,0,0
120674,0,0
-55728,0,0
108424,0,0
-2294,0,0
-194091,0,0
-66563,0,0
115430,0,0
76262,0,0
97661,0,0
-100109,0,0
28182,0,0
112024,0,0
-46486,0,0
-65195,0,0
-53113,0,0
-60947,0,0
701,0,0
101050,0,0
-70617,0,0
87673,0,0
95273,0,0
-48652,0,0
107015,0,0
-20298,0,0
-232334,0,0
-39298,0,0
231294,0,0
69420,0,0
19685,0,0
-152688,0,0
1109,0,0
205258,0,0
-10422,0,0
-63441,0,0
-83507,0,0
-40613,0,0
-39851,0,0
1716,0,0
-109510,0,0
125538,0,0
45674,0,0
-172865,0,0
2415,0,0
-77452,0,0
-221238,0,0
-34949,0,0
117365,0,0
-28184,0,0
50289,0,0
-151203,0,0
-56656,0,0
41810,0,0
-145185,0,0
-24588,0,0
-113083,0,0
-31106,0,0
-67828,0,0
-32132,0,0
-32701,0,0
187562,0,0
-4820,0,0
-188054,0,0
-31543,0,0
-80827,0,0
-179361,0,0
14323,0,0
190990,0,0
-23122,0,0
44553,0,0
-126299,0,0
-64129,0,0
44391,0,0
-111502,0,0
1929,0,0
58925,0,0
-93885,0,0
-110137,0,0
84635,0,0
-31603,0,0
142215,0,0
95267,0,0
-144822,0,0
65536,0,0
-77760,0,0
-165841,0,0
12567,0,0
194704,0,0
35458,0,0
33951,0,0
-70905,0,0
94394,0,0
152591,0,0
-85113,0,0
-29133,0,0
-87995,0,0
-161292,0,0
-83350,0,0
160118,0,0
58308,0,0
118100,0,0
288,0,0
-113512,0,0
-12764,0,0
-51665,0,0
-154164,0,0
26439,0,0
125973,0,0
-11804,0,0
29414,0,0
-92383,0,0
722,0,0
79530,0,0
-94378,0,0
-46052,0,0
-52821,0,0
-25026,0,0
18934,0,0
14918,0,0
-130587,0,0
99402,0,0
31292,0,0
-132264,0,0
81395,0,0
-89003,0,0
-149499,0,0
39715,0,0
95646,0,0
-74972,0,0
43834,0,0
-119692,0,0
14685,0,0
180620,0,0
-104568,0,0
-75372,0,0
-31362,0,0
-39057,0,0
-32282,0,0
19496,0,0
-42851,0,0
138003,0,0
34677,0,0
-154591,0,0
74514,0,0
-56283,0,0
-189504,0,0
2332,0,0
150346,0,0
49174,0,0
3338,0,0
-156266,0,0
63956,0,0
132013,0,0
-142202,0,0
-10923,0,0
-64736,0,0
-115197,0,0
-70226,0,0
-36382,0,0
-76408,0,0
139337,0,0
36085,0,0
-143158,0,0
91687,0,0
-44059,0,0
-212792,0,0
-81715,0,0
34811,0,0
-99573,0,0
32519,0,0
58247,0,0
156352,0,0
68416,0,0
-241320,0,0
-146238,0,0
-158284,0,0
-18177,0,0
413,0,0
97498,0,0
54384,0,0
170828,0,0
-126048,0,0
-190341,0,0
52668,0,0
-58735,0,0
-161462,0,0
-10456,0,0
184468,0,0
134415,0,0
-11884,0,0
-231930,0,0
26207,0,0
133177,0,0
-34483,0,0
-2058,0,0
-63094,0,0
-52164,0,0
-43096,0,0
20483,0,0
46877,0,0
180148,0,0
-31588,0,0
-109646,0,0
157454,0,0
-44672,0,0
-189102,0,0
33887,0,0
147486,0,0
36071,0,0
26086,0,0
-113867,0,0
68001,0,0
183337,0,0
-71676,0,0
-45698,0,0
-75350,0,0
5069,0,0
15781,0,0
50735,0,0
-78046,0,0
143724,0,0
36303,0,0
-67114,0,0
149274,0,0
-82177,0,0
-106659,0,0
30848,0,0
96357,0,0
33522,0,0
37505,0,0
-134897,0,0
105119,0,0
168614,0,0
-62546,0,0
-72262,0,0
-89228,0,0
-50599,0,0
4034,0,0
67344,0,0
-105607,0,0
122293,0,0
-27724,0,0
-78228,0,0
119891,0,0
-81004,0,0
-161491,0,0
-33257,0,0
87399,0,0
-69878,0,0
-6210,0,0
-152866,0,0
82369,0,0
185099,0,0
-202235,0,0
-71745,0,0
-60307,0,0
-137794,0,0
-96832,0,0
-34191,0,0
-64082,0,0
253141,0,0
34598,0,0
-202102,0,0
-9333,0,0
-119506,0,0
-187980,0,0
49062,0,0
254625,0,0
-15182,0,0
-36341,0,0
-171538,0,0
46249,0,0
124919,0,0
-81085,0,0
-38179,0,0
-81199,0,0
-69574,0,0
-37516,0,0
11621,0,0
-42387,0,0
209877,0,0
-29592,0,0
-100981,0,0
82018,0,0
-171740,0,0
-251099,0,0
-293,0,0
231458,0,0
86777,0,0
103731,0,0
-196082,0,0
142253,0,0
104933,0,0
-190554,0,0
32469,0,0
23271,0,0
13014,0,0
92368,0,0
54076,0,0
-61529,0,0
239161,0,0
108885,0,0
3028,0,0
163751,0,0
-20091,0,0
-122445,0,0
22334,0,0
178883,0,0
107889,0,0
130033,0,0
-55191,0,0
97053,0,0
152347,0,0
-100795,0,0
98068,0,0
36805,0,0
-2159,0,0
-15224,0,0
15365,0,0
-80890,0,0
211255,0,0
73020,0,0
-50601,0,0
169948,0,0
-135046,0,0
-194256,0,0
51974,0,0
131049,0,0
59867,0,0
64455,0,0
-109633,0,0
102981,0,0
51656,0,0
-122492,0,0
9356,0,0
-85653,0,0
-38476,0,0
4124,0,0
46283,0,0
-69190,0,0
246530,0,0
30418,0,0
-165015,0,0
116848,0,0
-59277,0,0
-127101,0,0
39815,0,0
145712,0,0
58579,0,0
90276,0,0
-78716,0,0
86299,0,0
77202,0,0
-127988,0,0
13540,0,0
-5117,0,0
-47189,0,0
47269,0,0
31493,0,0
-107831,0,0
148958,0,0
-55153,0,0
-111574,0,0
204803,0,0
-77718,0,0
-130455,0,0
-15414,0,0
60104,0,0
20881,0,0
212216,0,0
-72893,0,0
-7800,0,0
70797,0,0
-133386,0,0
25753,0,0
12938,0,0
-31866,0,0
33004,0,0
57900,0,0
-28908,0,0
340142,0,0
24436,0,0
-69595,0,0
98146,0,0
-175040,0,0
-67387,0,0
131468,0,0
172642,0,0
37220,0,0
39803,0,0
-122928,0,0
160761,0,0
144846,0,0
-77031,0,0
18969,0,0
1785,0,0
2561,0,0
23262,0,0
8459,0,0
-137477,0,0
155543,0,0
17831,0,0
-62967,0,0
150852,0,0
-116139,0,0
-78452,0,0
135646,0,0
49837,0,0
-79825,0,0
-6939,0,0
-139453,0,0
174408,0,0
138961,0,0
-139685,0,0
-53303,0,0
-68309,0,0
-102935,0,0
34972,0,0
137238,0,0
-114035,0,0
167334,0,0
-48909,0,0
-152810,0,0
78752,0,0
-31095,0,0
-56395,0,0
-14364,0,0
108333,0,0
555,0,0
24750,0,0
-177156,0,0
135724,0,0
154755,0,0
-114161,0,0
-69148,0,0
-82096,0,0
-30095,0,0
-19429,0,0
14046,0,0
-32545,0,0
222175,0,0
-48718,0,0
-111706,0,0
163240,0,0
-152881,0,0
-193913,0,0
41522,0,0
97439,0,0
42435,0,0
47546,0,0
-224137,0,0
207046,0,0
173451,0,0
-314147,0,0
-51983,0,0
-89938,0,0
12361,0,0
197195,0,0
67126,0,0
-63743,0,0
253028,0,0
-65078,0,0
-96135,0,0
150408,0,0
-128019,0,0
-41551,0,0
120413,0,0
169561,0,0
108684,0,0
92501,0,0
-117355,0,0
172489,0,0
158857,0,0
-146626,0,0
80559,0,0
42436,0,0
-46007,0,0
3392,0,0
61309,0,0
-40773,0,0
206114,0,0
-46090,0,0
-94241,0,0
177536,0,0
-50408,0,0
-118080,0,0
30793,0,0
102712,0,0
-7150,0,0
41500,0,0
-155355,0,0
69545,0,0
89066,0,0
-177890,0,0
-33496,0,0
-74595,0,0
-90107,0,0
-42490,0,0
-66796,0,0
-110899,0,0
218813,0,0
-24073,0,0
-180904,0,0
23891,0,0
-194432,0,0
-146803,0,0
34034,0,0
3497,0,0
-20487,0,0
56028,0,0
-172947,0,0
59774,0,0
117202,0,0
-159393,0,0
-45541,0,0
-82277,0,0
-89660,0,0
-1505,0,0
-28822,0,0
-141417,0,0
209901,0,0
36979,0,0
-35667,0,0
143923,0,0
-206630,0,0
-154324,0,0
86022,0,0
155427,0,0
21945,0,0
7310,0,0
-249543,0,0
112789,0,0
246713,0,0
-73409,0,0
26752,0,0
4581,0,0
-102158,0,0
10281,0,0
71102,0,0
-44608,0,0
234917,0,0
12259,0,0
-60191,0,0
131556,0,0
-88462,0,0
-132705,0,0
138499,0,0
183647,0,0
1187,0,0
47913,0,0
-117831,0,0
108515,0,0
121051,0,0
-56686,0,0
64520,0,0
-55455,0,0
-60656,0,0
37751,0,0
-37385,0,0
-60633,0,0
277735,0,0
-68682,0,0
-197442,0,0
109660,0,0
-132192,0,0
-94608,0,0
47595,0,0
46148,0,0
-40094,0,0
-42299,0,0
-214212,0,0
54584,0,0
3180,0,0
-166813,0,0
-72808,0,0
-28394,0,0
-110316,0,0
-108185,0,0
-25982,0,0
-153827,0,0
167846,0,0
-122118,0,0
-153448,0,0
112763,0,0
-91590,0,0
-163932,0,0
9586,0,0
96118,0,0
-43053,0,0
51990,0,0
-101465,0,0
71332,0,0
56848,0,0
-113554,0,0
10656,0,0
-58718,0,0
-64020,0,0
59317,0,0
43242,0,0
-136446,0,0
218533,0,0
32726,0,0
-160563,0,0
44787,0,0
-158003,0,0
7541,0,0
157534,0,0
62505,0,0
-9379,0,0
69215,0,0
-91296,0,0
126469,0,0
86208,0,0
-200426,0,0
-33414,0,0
-65618,0,0
-58281,0,0
43792,0,0
37575,0,0
-50513,0,0
232382,0,0
-30720,0,0
-121910,0,0
39156,0,0
-185767,0,0
-63207,0,0
93912,0,0
47190,0,0
49676,0,0
53603,0,0
-197423,0,0
89241,0,0
113257,0,0
-140941,0,0
43893,0,0
-74887,0,0
-118855,0,0
13421,0,0
39918,0,0
-43239,0,0
362544,0,0
7999,0,0
-208484,0,0
88945,0,0
-141488,0,0
-111553,0,0
103481,0,0
163124,0,0
143347,0,0
37263,0,0
-183894,0,0
120892,0,0
172603,0,0
-120122,0,0
-2151,0,0
-23349,0,0
-27700,0,0
46842,0,0
56356,0,0
-45311,0,0
236832,0,0
-32173,0,0
-96460,0,0
182370,0,0
-74462,0,0
-139035,0,0
14374,0,0
78853,0,0
16091,0,0
99235,0,0
-132175,0,0
145407,0,0
146628,0,0
-171728,0,0
-18070,0,0
-21704,0,0
-110506,0,0
17976,0,0
50884,0,0
-34625,0,0
241204,0,0
13041,0,0
-186283,0,0
62667,0,0
-157342,0,0
-81368,0,0
180072,0,0
78142,0,0
-66077,0,0
-10687,0,0
-132978,0,0
183919,0,0
103547,0,0
-222242,0,0
-107751,0,0
-201854,0,0
-8699,0,0
76600,0,0
-68970,0,0
-122068,0,0
280277,0,0
-60554,0,0
-180599,0,0
93592,0,0
-148730,0,0
-105634,0,0
87627,0,0
132741,0,0
59151,0,0
17211,0,0
-216973,0,0
157646,0,0
169344,0,0
-157030,0,0
25346,0,0
-19273,0,0
-13223,0,0
54865,0,0
-22280,0,0
-68358,0,0
342070,0,0
93443,0,0
-19853,0,0
106550,0,0
-306577,0,0
-158081,0,0
181656,0,0
197637,0,0
97041,0,0
54028,0,0
-192451,0,0
169722,0,0
136878,0,0
-174861,0,0
32000,0,0
-17090,0,0
-51969,0,0
-437,0,0
-10510,0,0
-94271,0,0
222443,0,0
-80495,0,0
-61107,0,0
169084,0,0
-187893,0,0
-176656,0,0
93028,0,0
95485,0,0
-32863,0,0
-16090,0,0
-197246,0,0
85097,0,0
58037,0,0
-96000,0,0
79524,0,0
-10134,0,0
-128343,0,0
-115598,0,0
-61662,0,0
-82727,0,0
240561,0,0
22592,0,0
-8664,0,0
110470,0,0
-245126,0,0
-145571,0,0
100991,0,0
103492,0,0
91555,0,0
86425,0,0
-163901,0,0
152994,0,0
81069,0,0
-159350,0,0
38559,0,0
-27168,0,0
-76795,0,0
22747,0,0
16817,0,0
-13138,0,0
287658,0,0
-31616,0,0
-153569,0,0
138119,0,0
-53793,0,0
-169387,0,0
18092,0,0
49448,0,0
123429,0,0
179002,0,0
-84912,0,0
73802,0,0
92752,0,0
-139382,0,0
-68008,0,0
40129,0,0
-721,0,0
-13420,0,0
33216,0,0
-30494,0,0
302699,0,0
-23542,0,0
-113479,0,0
109354,0,0
-161676,0,0
-62011,0,0
109597,0,0
69254,0,0
20752,0,0
53915,0,0
-152077,0,0
110458,0,0
97411,0,0
-164834,0,0
-27094,0,0
-59185,0,0
-66547,0,0
41533,0,0
17584,0,0
-141473,0,0
177361,0,0
-77498,0,0
-150801,0,0
104980,0,0
-203025,0,0
-146836,0,0
106099,0,0
27772,0,0
-58573,0,0
56291,0,0
-236150,0,0
69991,0,0
111142,0,0
-220979,0,0
-54609,0,0
-94582,0,0
-148067,0,0
-17299,0,0
19924,0,0
-58502,0,0
240183,0,0
-158128,0,0
-172019,0,0
134980,0,0
-211880,0,0
-158045,0,0
106522,0,0
87348,0,0
2114,0,0
30905,0,0
-176696,0,0
86246,0,0
51839,0,0
-154902,0,0
31900,0,0
-61746,0,0
-128883,0,0
19946,0,0
32428,0,0
-78172,0,0
254410,0,0
-34127,0,0
-105398,0,0
87616,0,0
-180653,0,0
-71854,0,0
161171,0,0
109641,0,0
-60502,0,0
-20437,0,0
-179225,0,0
115824,0,0
204096,0,0
-136883,0,0
37501,0,0
-45267,0,0
-52711,0,0
-20568,0,0
-79412,0,0
-102965,0,0
270614,0,0
-137829,0,0
-145214,0,0
192025,0,0
-127818,0,0
-117242,0,0
96493,0,0
60441,0,0
-60799,0,0
28175,0,0
-136454,0,0
193685,0,0
109058,0,0
-157587,0,0
3086,0,0
-43101,0,0
-67744,0,0
92623,0,0
-104266,0,0
1330,0,0
315087,0,0
-29803,0,0
-103779,0,0
91581,0,0
-182898,0,0
-48864,0,0
163440,0,0
70090,0,0
76384,0,0
108835,0,0
-157116,0,0
92008,0,0
72195,0,0
-136246,0,0
42186,0,0
-27459,0,0
-84291,0,0
89228,0,0
47920,0,0
-33304,0,0
248764,0,0
-98710,0,0
-60459,0,0
167755,0,0
-179855,0,0
-109819,0,0
120563,0,0
89292,0,0
41150,0,0
57721,0,0
-163737,0,0
134108,0,0
71158,0,0
-182927,0,0
487,0,0
-21642,0,0
-63829,0,0
39200,0,0
-21711,0,0
-67429,0,0
287015,0,0
-18766,0,0
-66188,0,0
141540,0,0
-213522,0,0
-121991,0,0
214064,0,0
131852,0,0
53890,0,0
94209,0,0
-92231,0,0
201242,0,0
81909,0,0
-103655,0,0
97142,0,0
10940,0,0
-49347,0,0
121899,0,0
102510,0,0
59364,0,0
247962,0,0
-68410,0,0
-17040,0,0
305838,0,0
-157036,0,0
-82876,0,0
184799,0,0
163728,0,0
195070,0,0
141707,0,0
-121444,0,0
127319,0,0
80608,0,0
-124746,0,0
100283,0,0
63301,0,0
20312,0,0
179353,0,0
6651,0,0
-42446,0,0
263065,0,0
-49774,0,0
-15989,0,0
229987,0,0
-146442,0,0
-81035,0,0
203232,0,0
120982,0,0
96849,0,0
72373,0,0
-143916,0,0
176601,0,0
113605,0,0
-38294,0,0
81911,0,0
-26727,0,0
-51216,0,0
61991,0,0
14360,0,0
-74445,0,0
272816,0,0
-43809,0,0
-99125,0,0
150972,0,0
-131503,0,0
-70962,0,0
106474,0,0
80616,0,0
42799,0,0
-39176,0,0
-164493,0,0
105696,0,0
87107,0,0
-86154,0,0
11248,0,0
-118307,0,0
-118803,0,0
76400,0,0
-2635,0,0
-96378,0,0
232721,0,0
-74348,0,0
-109712,0,0
176534,0,0
-179912,0,0
-152355,0,0
126554,0,0
87597,0,0
48485,0,0
67524,0,0
-75301,0,0
182725,0,0
14669,0,0
-213645,0,0
32116,0,0
-5247,0,0
-67945,0,0
120741,0,0
76808,0,0
-55944,0,0
226933,0,0
-33275,0,0
-142150,0,0
73605,0,0
-132418,0,0
-31021,0,0
98323,0,0
29808,0,0
4216,0,0
89526,0,0
-104180,0,0
-11780,0,0
-2616,0,0
-132131,0,0
90685,0,0
22255,0,0
-106997,0,0
-51406,0,0
-160299,0,0
-53044,0,0
303869,0,0
-12931,0,0
-49607,0,0
100628,0,0
-283492,0,0
-127691,0,0
134371,0,0
74042,0,0
-22308,0,0
-28904,0,0
-104050,0,0
240859,0,0
105833,0,0
-186418,0,0
-18467,0,0
-9101,0,0
-156275,0,0
-50341,0,0
-16408,0,0
-92880,0,0
225757,0,0
-97296,0,0
-80194,0,0
178923,0,0
-218087,0,0
-152342,0,0
134719,0,0
84371,0,0
17098,0,0
-14958,0,0
-139315,0,0
117207,0,0
64116,0,0
-109716,0,0
4135,0,0
-9463,0,0
-5656,0,0
89309,0,0
-10515,0,0
15812,0,0
319758,0,0
-35809,0,0
-84476,0,0
133018,0,0
-116341,0,0
-25267,0,0
228897,0,0
126787,0,0
67391,0,0
117098,0,0
15088,0,0
222893,0,0
65462,0,0
-131560,0,0
64548,0,0
115407,0,0
62307,0,0
131610,0,0
11581,0,0
19126,0,0
298580,0,0
4400,0,0
-42921,0,0
197436,0,0
-78904,0,0
-24238,0,0
229602,0,0
107606,0,0
63160,0,0
69269,0,0
-32783,0,0
160402,0,0
120326,0,0
-78166,0,0
51074,0,0
42881,0,0
-6394,0,0
104093,0,0
-33409,0,0
-38082,0,0
223213,0,0
-37079,0,0
-44212,0,0
128769,0,0
-249145,0,0
-189899,0,0
143733,0,0
77996,0,0
23871,0,0
96813,0,0
-101535,0,0
45697,0,0
-120357,0,0
-232665,0,0
-7748,0,0
-41336,0,0
-149747,0,0
-29961,0,0
-93813,0,0
-122915,0,0
170347,0,0
-134102,0,0
-59222,0,0
41254,0,0
-274313,0,0
-195614,0,0
39151,0,0
5876,0,0
-58608,0,0
-49696,0,0
-190775,0,0
33602,0,0
-60738,0,0
-118578,0,0
36119,0,0
-145036,0,0
-205923,0,0
13193,0,0
-22941,0,0
50449,0,0
200127,0,0
-203621,0,0
-133724,0,0
31278,0,0
-223501,0,0
-93486,0,0
216216,0,0
83016,0,0
24629,0,0
26812,0,0
-163359,0,0
58846,0,0
58456,0,0
-131025,0,0
1232,0,0
-70939,0,0
-47067,0,0
44239,0,0
-110421,0,0
-28470,0,0
274182,0,0
-87507,0,0
-54069,0,0
101031,0,0
-185959,0,0
-101666,0,0
43093,0,0
58801,0,0
15633,0,0
-18332,0,0
-122338,0,0
127481,0,0
69600,0,0
-168201,0,0
-20801,0,0
-84572,0,0
-123669,0,0
21572,0,0
-72063,0,0
-39152,0,0
200280,0,0
-70733,0,0
-73962,0,0
31532,0,0
-366794,0,0
-169266,0,0
117753,0,0
85450,0,0
62514,0,0
-30781,0,0
-203261,0,0
64536,0,0
25226,0,0
-193858,0,0
-34976,0,0
-104789,0,0
-110459,0,0
75499,0,0
-30466,0,0
-50731,0,0
167636,0,0
-113404,0,0
-97271,0,0
77630,0,0
-232420,0,0
-105256,0,0
148302,0,0
83244,0,0
25179,0,0
6681,0,0
-125917,0,0
84460,0,0
-26794,0,0
-145897,0,0
38257,0,0
-43495,0,0
-101270,0,0
6019,0,0
-54777,0,0
-33177,0,0
205379,0,0
-110691,0,0
-89857,0,0
80340,0,0
-253425,0,0
-134545,0,0
139821,0,0
-41747,0,0
26557,0,0
-19806,0,0
-142652,0,0
144217,0,0
21037,0,0
-190009,0,0
-41988,0,0
-621,0,0
-158794,0,0
25988,0,0
-645,0,0
-5795,0,0
137580,0,0
-132231,0,0
-60205,0,0
88947,0,0
-216903,0,0
-150093,0,0
115280,0,0
60654,0,0
-1430,0,0
8264,0,0
-17783,0,0
168472,0,0
-73417,0,0
-260248,0,0
-33141,0,0
-56824,0,0
-87145,0,0
7566,0,0
13279,0,0
58219,0,0
117166,0,0
-133274,0,0
-154193,0,0
67173,0,0
-175071,0,0
-112835,0,0
224318,0,0
76336,0,0
-70716,0,0
-50743,0,0
-46401,0,0
183417,0,0
-5160,0,0
-200506,0,0
-83357,0,0
-52697,0,0
-18161,0,0
50653,0,0
-52295,0,0
18574,0,0
152782,0,0
-150718,0,0
-84614,0,0
46691,0,0
-264458,0,0
-140655,0,0
185055,0,0
25334,0,0
-13356,0,0
64080,0,0
-130059,0,0
40470,0,0
-60464,0,0
-142568,0,0
44527,0,0
-18186,0,0
-80371,0,0
61093,0,0
-1453,0,0
-54126,0,0
124760,0,0
-64809,0,0
-4477,0,0
134204,0,0
-256655,0,0
-118414,0,0
235842,0,0
77913,0,0
-47742,0,0
-31433,0,0
-24309,0,0
153742,0,0
31479,0,0
-134366,0,0
-55781,0,0
19973,0,0
-71189,0,0
5762,0,0
-67457,0,0
36351,0,0
216947,0,0
-67595,0,0
-64739,0,0
78015,0,0
-229595,0,0
-123201,0,0
150172,0,0
72483,0,0
63904,0,0
-930,0,0
-113596,0,0
115256,0,0
-5906,0,0
-66566,0,0
24397,0,0
-67439,0,0
-90672,0,0
88199,0,0
-13054,0,0
17555,0,0
162082,0,0
-89622,0,0
22631,0,0
47320,0,0
-210491,0,0
-60247,0,0
177589,0,0
63036,0,0
10616,0,0
-18819,0,0
2879,0,0
174844,0,0
-37420,0,0
-154777,0,0
-21784,0,0
-59180,0,0
-98358,0,0
105629,0,0
-55295,0,0
-41272,0,0
119270,0,0
-122058,0,0
-50198,0,0
30638,0,0
-274915,0,0
-123162,0,0
133015,0,0
27072,0,0
-49937,0,0
-98282,0,0
-91992,0,0
101416,0,0
-60745,0,0
-158640,0,0
-66181,0,0
-88229,0,0
-78031,0,0
83313,0,0
-56442,0,0
-14397,0,0
203920,0,0
-99678,0,0
-67846,0,0
36956,0,0
-180562,0,0
-18430,0,0
261132,0,0
82516,0,0
40989,0,0
-4953,0,0
-94057,0,0
188373,0,0
24239,0,0
-146677,0,0
110503,0,0
92580,0,0
-83515,0,0
26404,0,0
4996,0,0
64907,0,0
169304,0,0
-57363,0,0
104815,0,0
130344,0,0
-205773,0,0
-98684,0,0
169969,0,0
111395,0,0
62252,0,0
21900,0,0
15375,0,0
163907,0,0
-7551,0,0
-37218,0,0
8741,0,0
42893,0,0
-41895,0,0
52391,0,0
-77483,0,0
92899,0,0
246084,0,0
-69358,0,0
-64602,0,0
-3781,0,0
-168851,0,0
-129952,0,0
128168,0,0
10375,0,0
22784,0,0
646,0,0
-52830,0,0
139725,0,0
-27982,0,0
-162798,0,0
-19914,0,0
-56948,0,0
-151461,0,0
2541,0,0
-17690,0,0
-26405,0,0
105279,0,0
-146408,0,0
-34157,0,0
34326,0,0
-218557,0,0
-105690,0,0
179493,0,0
-21669,0,0
-50885,0,0
-94349,0,0
-152721,0,0
61109,0,0
-58457,0,0
-119018,0,0
-23425,0,0
-95044,0,0
-166783,0,0
-67060,0,0
-106516,0,0
23110,0,0
162926,0,0
-161652,0,0
-128508,0,0
-21923,0,0
-267815,0,0
-87847,0,0
190687,0,0
22152,0,0
-22938,0,0
-97695,0,0
-88381,0,0
101345,0,0
-35365,0,0
-117032,0,0
51302,0,0
41013,0,0
-58601,0,0
68309,0,0
-79453,0,0
49535,0,0
210012,0,0
-32214,0,0
42207,0,0
178089,0,0
-102864,0,0
-116409,0,0
253312,0,0
204041,0,0
70525,0,0
67913,0,0
64158,0,0
199128,0,0
76923,0,0
-36011,0,0
104233,0,0
103001,0,0
54682,0,0
140041,0,0
5913,0,0
91157,0,0
203682,0,0
20459,0,0
196622,0,0
169889,0,0
-196228,0,0
-71514,0,0
130495,0,0
96724,0,0
139142,0,0
79972,0,0
11368,0,0
79048,0,0
-12839,0,0
-72584,0,0
-15861,0,0
-32392,0,0
-79048,0,0
58228,0,0
-66423,0,0
-12619,0,0
145974,0,0
-32266,0,0
-39031,0,0
-59864,0,0
-253127,0,0
-125063,0,0
151519,0,0
-56011,0,0
8802,0,0
-32919,0,0
-116675,0,0
51828,0,0
-75479,0,0
-138213,0,0
-36404,0,0
-117096,0,0
-152578,0,0
58791,0,0
-72155,0,0
-73051,0,0
106073,0,0
-112235,0,0
-62266,0,0
-8037,0,0
-272601,0,0
-113585,0,0
256458,0,0
49185,0,0
-34522,0,0
-88261,0,0
-62758,0,0
74011,0,0
-36879,0,0
-103375,0,0
10387,0,0
55939,0,0
-23058,0,0
5888,0,0
-93774,0,0
57679,0,0
175126,0,0
-62466,0,0
-27063,0,0
11461,0,0
-213388,0,0
-42674,0,0
181682,0,0
-4991,0,0
31033,0,0
9036,0,0
-4817,0,0
71038,0,0
-59882,0,0
-56269,0,0
-74892,0,0
-27058,0,0
-46959,0,0
53579,0,0
-79621,0,0
82946,0,0
164864,0,0
-85317,0,0
-17652,0,0
26666,0,0
-196831,0,0
-66416,0,0
201162,0,0
-44528,0,0
8798,0,0
-34227,0,0
64106,0,0
126792,0,0
-78304,0,0
-120699,0,0
-22725,0,0
-59771,0,0
-135313,0,0
147,0,0
-78207,0,0
24470,0,0
74021,0,0
