-74819,0,0
-91792,0,0
-91513,0,0
-6545,0,0
40215,0,0
112297,0,0
162327,0,0
-187234,0,0
-7627,0,0
101277,0,0
-218266,0,0
-39814,0,0
133267,0,0
68308,0,0
31510,0,0
29627,0,0
-4798,0,0
150421,0,0
-35515,0,0
-70162,0,0
22669,0,0
-14179,0,0
-13341,0,0
72085,0,0
-39934,0,0
38374,0,0
100843,0,0
-74111,0,0
67558,0,0
146578,0,0
-261547,0,0
-117267,0,0
236362,0,0
84309,0,0
-6425,0,0
-75163,0,0
-29859,0,0
202304,0,0
23902,0,0
-138223,0,0
-2303,0,0
-2274,0,0
-13729,0,0
52832,0,0
75809,0,0
90987,0,0
69471,0,0
-26285,0,0
105982,0,0
79820,0,0
-202328,0,0
14483,0,0
207959,0,0
77793,0,0
24867,0,0
9034,0,0
62688,0,0
223791,0,0
-25774,0,0
-88677,0,0
52759,0,0
30538,0,0
20048,0,0
3448,0,0
9043,0,0
57776,0,0
139774,0,0
-5015,0,0
68053,0,0
13674,0,0
-214283,0,0
71567,0,0
226666,0,0
76162,0,0
70327,0,0
-53970,0,0
-47042,0,0
152865,0,0
8957,0,0
-57813,0,0
50501,0,0
24159,0,0
85526,0,0
-5946,0,0
-144914,0,0
50053,0,0
231616,0,0
-38442,0,0
-29267,0,0
6123,0,0
-214507,0,0
-43361,0,0
115970,0,0
24908,0,0
-41966,0,0
-72096,0,0
-33613,0,0
101348,0,0
-94448,0,0
-171083,0,0
-25523,0,0
-67532,0,0
-45485,0,0
-49774,0,0
-162780,0,0
37985,0,0
28372,0,0
-193566,0,0
-43622,0,0
-25370,0,0
-259703,0,0
86984,0,0
173013,0,0
-58537,0,0
-86553,0,0
-160669,0,0
-22253,0,0
165546,0,0
-95901,0,0
-83762,0,0
67246,0,0
-17671,0,0
-15251,0,0
4124,0,0
-14877,0,0
155627,0,0
154296,0,0
-100186,0,0
90801,0,0
68977,0,0
-186320,0,0
-1899,0,0
191418,0,0
87669,0,0
103306,0,0
32738,0,0
34073,0,0
235598,0,0
55270,0,0
-90969,0,0
50624,0,0
-4794,0,0
17653,0,0
165753,0,0
86841,0,0
155663,0,0
112625,0,0
-68726,0,0
69041,0,0
92608,0,0
-145365,0,0
81853,0,0
215765,0,0
66565,0,0
48429,0,0
-65724,0,0
108249,0,0
197979,0,0
6711,0,0
-17712,0,0
22381,0,0
-61680,0,0
-5395,0,0
23790,0,0
-87806,0,0
126370,0,0
190578,0,0
-92010,0,0
34048,0,0
20923,0,0
-233886,0,0
46159,0,0
163131,0,0
-10836,0,0
55070,0,0
-59905,0,0
-50796,0,0
114031,0,0
7033,0,0
-65302,0,0
-5572,0,0
-91260,0,0
-92143,0,0
63690,0,0
-24827,0,0
151503,0,0
75038,0,0
-146790,0,0
74540,0,0
-60516,0,0
-265511,0,0
-34815,0,0
99282,0,0
65499,0,0
18391,0,0
-152128,0,0
-13350,0,0
95152,0,0
-120779,0,0
-86782,0,0
-62514,0,0
-114931,0,0
-27671,0,0
128949,0,0
-67927,0,0
-9587,0,0
-14239,0,0
-178349,0,0
47237,0,0
-8567,0,0
-176814,0,0
-7794,0,0
192143,0,0
20209,0,0
19936,0,0
-89999,0,0
-12893,0,0
136162,0,0
-21582,0,0
-95596,0,0
41626,0,0
16340,0,0
13373,0,0
51846,0,0
-42175,0,0
138168,0,0
159566,0,0
43622,0,0
159197,0,0
24721,0,0
-216947,0,0
81796,0,0
230797,0,0
110770,0,0
101698,0,0
14109,0,0
153718,0,0
237528,0,0
26532,0,0
22189,0,0
44043,0,0
-19796,0,0
81676,0,0
163323,0,0
23385,0,0
161904,0,0
165678,0,0
-31879,0,0
130198,0,0
-4382,0,0
-206553,0,0
8535,0,0
161525,0,0
141249,0,0
154415,0,0
-39748,0,0
20003,0,0
143693,0,0
-59268,0,0
-65925,0,0
-44772,0,0
-46506,0,0
-27526,0,0
7942,0,0
-68092,0,0
149120,0,0
89130,0,0
-160585,0,0
-5142,0,0
24272,0,0
-174627,0,0
9,0,0
198698,0,0
10412,0,0
-63299,0,0
-163094,0,0
-8319,0,0
96549,0,0
-108297,0,0
-68098,0,0
32319,0,0
-48519,0,0
-40036,0,0
-5557,0,0
-96836,0,0
160552,0,0
45739,0,0
-186136,0,0
11269,0,0
-46863,0,0
-229674,0,0
-53788,0,0
98005,0,0
7531,0,0
48196,0,0
-124286,0,0
-78,0,0
108823,0,0
-120354,0,0
-145030,0,0
-80309,0,0
-110539,0,0
-57894,0,0
-15280,0,0
-87047,0,0
122397,0,0
-23171,0,0
-95487,0,0
44679,0,0
-72452,0,0
-275783,0,0
-67274,0,0
89051,0,0
4215,0,0
10220,0,0
-140778,0,0
27008,0,0
112915,0,0
-125364,0,0
-136389,0,0
-44434,0,0
-62900,0,0
-31674,0,0
33372,0,0
-31742,0,0
167598,0,0
29530,0,0
-141908,0,0
67529,0,0
-47768,0,0
-171216,0,0
87794,0,0
169825,0,0
8384,0,0
63131,0,0
-130062,0,0
6310,0,0
111321,0,0
-55532,0,0
-37866,0,0
-20769,0,0
-84373,0,0
42207,0,0
68804,0,0
-130977,0,0
51881,0,0
-46712,0,0
-134505,0,0
28756,0,0
-170465,0,0
-199167,0,0
-15891,0,0
230552,0,0
-99878,0,0
-109790,0,0
-156411,0,0
41861,0,0
69188,0,0
-112498,0,0
-92204,0,0
-90687,0,0
-119004,0,0
-85325,0,0
39399,0,0
-63778,0,0
136120,0,0
-47373,0,0
-161482,0,0
133554,0,0
-88869,0,0
-247034,0,0
15888,0,0
147980,0,0
36892,0,0
81974,0,0
-185129,0,0
21141,0,0
95258,0,0
-98485,0,0
-51550,0,0
-60475,0,0
-137780,0,0
23401,0,0
187714,0,0
-64378,0,0
99043,0,0
-36770,0,0
-141903,0,0
57870,0,0
-88342,0,0
-175899,0,0
22826,0,0
127547,0,0
12770,0,0
37750,0,0
-198767,0,0
-29013,0,0
83148,0,0
-121336,0,0
-26352,0,0
-61383,0,0
-121465,0,0
-81249,0,0
-72665,0,0
-128005,0,0
151663,0,0
-14335,0,0
-158636,0,0
36233,0,0
-146692,0,0
-222278,0,0
-12274,0,0
54853,0,0
-134959,0,0
-92551,0,0
-186253,0,0
54978,0,0
89505,0,0
-181769,0,0
-143622,0,0
-102803,0,0
-141703,0,0
-114611,0,0
-42701,0,0
-207855,0,0
102327,0,0
-5856,0,0
-191593,0,0
80466,0,0
-175036,0,0
-271470,0,0
12146,0,0
60774,0,0
-51269,0,0
-9542,0,0
-147836,0,0
7390,0,0
112731,0,0
-98796,0,0
-55474,0,0
-29951,0,0
-40310,0,0
-15934,0,0
45797,0,0
-18988,0,0
309055,0,0
88257,0,0
-30447,0,0
82472,0,0
-42201,0,0
-104778,0,0
113003,0,0
240697,0,0
121612,0,0
218694,0,0
-25908,0,0
168303,0,0
251706,0,0
13369,0,0
41836,0,0
77950,0,0
64339,0,0
136628,0,0
111189,0,0
37196,0,0
317545,0,0
128528,0,0
-3697,0,0
171380,0,0
38224,0,0
-62426,0,0
159676,0,0
251761,0,0
109088,0,0
134525,0,0
-51488,0,0
147701,0,0
193609,0,0
-33012,0,0
1000,0,0
48891,0,0
-6383,0,0
15307,0,0
32711,0,0
-21850,0,0
269894,0,0
68754,0,0
-145738,0,0
77176,0,0
-134444,0,0
-206862,0,0
80505,0,0
145997,0,0
-57641,0,0
38416,0,0
-140776,0,0
58494,0,0
90978,0,0
-234290,0,0
-135670,0,0
-101625,0,0
-93103,0,0
-28647,0,0
-77354,0,0
-193672,0,0
159571,0,0
-25826,0,0
-190460,0,0
18934,0,0
-177731,0,0
-231851,0,0
3429,0,0
-5466,0,0
-128716,0,0
-14705,0,0
-242166,0,0
17239,0,0
89591,0,0
-218577,0,0
-53622,0,0
-105341,0,0
-196648,0,0
-48600,0,0
-81555,0,0
-187100,0,0
122609,0,0
-50421,0,0
-112092,0,0
139276,0,0
-206486,0,0
-256655,0,0
62556,0,0
154682,0,0
-36978,0,0
40103,0,0
-179331,0,0
35091,0,0
122407,0,0
-121214,0,0
28962,0,0
85339,0,0
-28824,0,0
-10216,0,0
8986,0,0
-39239,0,0
352609,0,0
104150,0,0
-101151,0,0
140133,0,0
-27779,0,0
-45633,0,0
104747,0,0
176631,0,0
124794,0,0
214286,0,0
-48963,0,0
134387,0,0
200802,0,0
-61443,0,0
43481,0,0
30055,0,0
4842,0,0
112296,0,0
166719,0,0
-40227,0,0
282412,0,0
33954,0,0
-62276,0,0
171313,0,0
-19894,0,0
-130510,0,0
57770,0,0
181564,0,0
46134,0,0
62848,0,0
-148035,0,0
144074,0,0
100172,0,0
-139056,0,0
-6058,0,0
-22595,0,0
-106908,0,0
-69879,0,0
-64882,0,0
-164248,0,0
202850,0,0
14930,0,0
-144513,0,0
-7167,0,0
-261980,0,0
-225190,0,0
3031,0,0
47987,0,0
-100940,0,0
-28895,0,0
-284811,0,0
-2205,0,0
49447,0,0
-184158,0,0
-168068,0,0
-161387,0,0
-143210,0,0
-132826,0,0
-71755,0,0
-118483,0,0
227671,0,0
-199013,0,0
-246751,0,0
86924,0,0
-185929,0,0
-233146,0,0
545,0,0
30188,0,0
-99877,0,0
6004,0,0
-213782,0,0
87520,0,0
90368,0,0
-206342,0,0
-102473,0,0
-120358,0,0
-100530,0,0
-20146,0,0
3522,0,0
-143571,0,0
227240,0,0
-88580,0,0
-186405,0,0
194966,0,0
-157602,0,0
-223737,0,0
87181,0,0
195738,0,0
-9980,0,0
40630,0,0
-173195,0,0
118399,0,0
192058,0,0
-133829,0,0
-19791,0,0
9254,0,0
23121,0,0
89504,0,0
111474,0,0
-50252,0,0
271512,0,0
30555,0,0
-88539,0,0
120797,0,0
-96643,0,0
-36172,0,0
157685,0,0
201207,0,0
83445,0,0
156100,0,0
-140568,0,0
161484,0,0
148746,0,0
-149959,0,0
63707,0,0
81668,0,0
-58995,0,0
-14141,0,0
121174,0,0
-16757,0,0
281386,0,0
13702,0,0
1421,0,0
136820,0,0
-130516,0,0
-103835,0,0
170037,0,0
182059,0,0
32233,0,0
99401,0,0
-135295,0,0
143835,0,0
144096,0,0
-74546,0,0
22672,0,0
-37959,0,0
-87041,0,0
-27943,0,0
27258,0,0
-77860,0,0
304250,0,0
-60347,0,0
-176156,0,0
94927,0,0
-176072,0,0
-198920,0,0
126834,0,0
107061,0,0
-112427,0,0
-42223,0,0
-153254,0,0
180953,0,0
219632,0,0
-262507,0,0
-141012,0,0
-77841,0,0
-65734,0,0
3951,0,0
12999,0,0
-94207,0,0
248494,0,0
-57893,0,0
-89384,0,0
157470,0,0
-203695,0,0
-193452,0,0
52033,0,0
135714,0,0
-45630,0,0
106753,0,0
-116216,0,0
146723,0,0
94266,0,0
-96558,0,0
51485,0,0
-92665,0,0
-31519,0,0
101002,0,0
129805,0,0
1200,0,0
350512,0,0
77921,0,0
-93891,0,0
202586,0,0
-49527,0,0
-43617,0,0
192694,0,0
283597,0,0
169009,0,0
185652,0,0
-44355,0,0
194490,0,0
243539,0,0
-79515,0,0
-736,0,0
15309,0,0
-44589,0,0
195544,0,0
344308,0,0
-7997,0,0
301041,0,0
1005,0,0
-130180,0,0
123435,0,0
-63766,0,0
-70927,0,0
138062,0,0
141951,0,0
73614,0,0
225356,0,0
-58191,0,0
112237,0,0
76825,0,0
-172256,0,0
3395,0,0
-21062,0,0
33902,0,0
13820,0,0
25298,0,0
-7328,0,0
325140,0,0
-58138,0,0
-127947,0,0
95016,0,0
-180379,0,0
-141362,0,0
106468,0,0
143654,0,0
16657,0,0
90446,0,0
-204685,0,0
38428,0,0
90900,0,0
-150692,0,0
-47527,0,0
-93078,0,0
-70694,0,0
-48053,0,0
-46952,0,0
-167173,0,0
259538,0,0
-70756,0,0
-215780,0,0
30719,0,0
-175455,0,0
-149157,0,0
28817,0,0
71240,0,0
-14131,0,0
73776,0,0
-247619,0,0
600,0,0
48852,0,0
-176603,0,0
3594,0,0
-21933,0,0
-66433,0,0
-28341,0,0
5973,0,0
-106680,0,0
224489,0,0
-38490,0,0
-69231,0,0
125364,0,0
-163842,0,0
-146512,0,0
136103,0,0
141259,0,0
486,0,0
75714,0,0
-176276,0,0
144398,0,0
129214,0,0
-124074,0,0
48116,0,0
-27087,0,0
-96039,0,0
-20582,0,0
25943,0,0
-84056,0,0
258682,0,0
-105056,0,0
-103443,0,0
232297,0,0
-144845,0,0
-181013,0,0
11633,0,0
116923,0,0
4618,0,0
146801,0,0
-199385,0,0
77989,0,0
127543,0,0
-139910,0,0
-23049,0,0
-67663,0,0
-119213,0,0
20751,0,0
36886,0,0
-108411,0,0
229380,0,0
-71805,0,0
-113326,0,0
174160,0,0
-171159,0,0
-144742,0,0
24168,0,0
66207,0,0
-14581,0,0
45432,0,0
-204917,0,0
56105,0,0
74976,0,0
-136678,0,0
15674,0,0
-81312,0,0
-179000,0,0
-139115,0,0
-30289,0,0
8783,0,0
184920,0,0
-140522,0,0
-67102,0,0
131257,0,0
-243506,0,0
-227478,0,0
42639,0,0
36919,0,0
-60407,0,0
64700,0,0
-129472,0,0
114214,0,0
102181,0,0
-203695,0,0
7012,0,0
-85449,0,0
-115138,0,0
57541,0,0
56282,0,0
-88176,0,0
262415,0,0
-54818,0,0
-70339,0,0
147408,0,0
-121241,0,0
-107944,0,0
87240,0,0
148514,0,0
16841,0,0
70098,0,0
-139030,0,0
195587,0,0
141299,0,0
-83219,0,0
55374,0,0
-40889,0,0
-60363,0,0
51998,0,0
94669,0,0
-30143,0,0
321142,0,0
-32463,0,0
-46774,0,0
173942,0,0
-160533,0,0
-85868,0,0
152259,0,0
163884,0,0
-9270,0,0
88718,0,0
-175015,0,0
147330,0,0
116535,0,0
-136700,0,0
8862,0,0
-10007,0,0
-51478,0,0
-49191,0,0
84113,0,0
-39150,0,0
262065,0,0
-135411,0,0
-98761,0,0
192360,0,0
-167538,0,0
-55435,0,0
125285,0,0
137692,0,0
4775,0,0
75785,0,0
-155694,0,0
128312,0,0
182883,0,0
-60142,0,0
-41220,0,0
-58897,0,0
-5913,0,0
72938,0,0
-484,0,0
-138011,0,0
260561,0,0
-314,0,0
-69963,0,0
129992,0,0
-150470,0,0
-111067,0,0
34548,0,0
109485,0,0
1687,0,0
83885,0,0
-140914,0,0
121020,0,0
45802,0,0
-128460,0,0
12685,0,0
-107086,0,0
-74140,0,0
65427,0,0
58757,0,0
-54593,0,0
248497,0,0
-106397,0,0
-144781,0,0
151000,0,0
-160132,0,0
-84092,0,0
106719,0,0
94916,0,0
4703,0,0
122553,0,0
-142223,0,0
161920,0,0
109802,0,0
-141492,0,0
63741,0,0
-55805,0,0
-58592,0,0
30289,0,0
16303,0,0
-91011,0,0
323247,0,0
-20111,0,0
-68057,0,0
127014,0,0
-156234,0,0
-93723,0,0
148158,0,0
135759,0,0
-10407,0,0
76039,0,0
-97756,0,0
156722,0,0
19189,0,0
-166395,0,0
28431,0,0
-8164,0,0
-49300,0,0
71451,0,0
107092,0,0
-34100,0,0
248982,0,0
-151959,0,0
-93868,0,0
156583,0,0
-185869,0,0
-67704,0,0
114485,0,0
155919,0,0
40922,0,0
83982,0,0
-184357,0,0
84966,0,0
46788,0,0
-152216,0,0
51541,0,0
16486,0,0
-57781,0,0
-12311,0,0
-27979,0,0
-134227,0,0
251951,0,0
-76934,0,0
-94435,0,0
122225,0,0
-316216,0,0
-120552,0,0
111917,0,0
51523,0,0
-123156,0,0
-10175,0,0
-160471,0,0
120220,0,0
-22360,0,0
-274753,0,0
-71918,0,0
-137516,0,0
-145000,0,0
-64945,0,0
-84914,0,0
-183866,0,0
191152,0,0
-183123,0,0
-220456,0,0
3045,0,0
-220324,0,0
-183173,0,0
-25021,0,0
52994,0,0
-66294,0,0
-40215,0,0
-233019,0,0
91472,0,0
-38216,0,0
-193436,0,0
-59105,0,0
-81118,0,0
-109537,0,0
-18662,0,0
21256,0,0
-23287,0,0
113715,0,0
-215083,0,0
-89274,0,0
114251,0,0
-199551,0,0
35033,0,0
174398,0,0
36964,0,0
-69642,0,0
40908,0,0
-86712,0,0
131516,0,0
44834,0,0
-70469,0,0
151602,0,0
38011,0,0
-27686,0,0
12048,0,0
44595,0,0
-5188,0,0
291728,0,0
2990,0,0
6975,0,0
167131,0,0
-177552,0,0
-43878,0,0
172418,0,0
191333,0,0
50448,0,0
99588,0,0
-31017,0,0
209784,0,0
76325,0,0
-119984,0,0
5053,0,0
6575,0,0
96141,0,0
120596,0,0
58468,0,0
-39183,0,0
277228,0,0
-52287,0,0
-39177,0,0
154319,0,0
-191910,0,0
-61889,0,0
79879,0,0
197986,0,0
194969,0,0
60361,0,0
-232485,0,0
98100,0,0
79947,0,0
-120255,0,0
45521,0,0
1513,0,0
-88247,0,0
-78903,0,0
3928,0,0
-53819,0,0
245407,0,0
-53549,0,0
-89078,0,0
68879,0,0
-222132,0,0
-142749,0,0
106927,0,0
92641,0,0
-76438,0,0
-14849,0,0
-169724,0,0
80268,0,0
5663,0,0
-194710,0,0
-70663,0,0
-126188,0,0
-35602,0,0
40468,0,0
-73312,0,0
-102651,0,0
250610,0,0
-86601,0,0
-108690,0,0
53309,0,0
-238954,0,0
-53208,0,0
156314,0,0
137958,0,0
-3775,0,0
88459,0,0
-50867,0,0
180076,0,0
63673,0,0
-135689,0,0
13831,0,0
73435,0,0
66011,0,0
74321,0,0
79766,0,0
5829,0,0
219052,0,0
-60197,0,0
-7118,0,0
207212,0,0
-33371,0,0
16902,0,0
186741,0,0
153698,0,0
48922,0,0
34609,0,0
-80068,0,0
191847,0,0
59740,0,0
-56777,0,0
87071,0,0
98701,0,0
77880,0,0
124698,0,0
30708,0,0
-88284,0,0
253635,0,0
-31549,0,0
-40656,0,0
135028,0,0
-106355,0,0
-22017,0,0
130628,0,0
91012,0,0
48409,0,0
80382,0,0
-96877,0,0
182696,0,0
42941,0,0
-154810,0,0
14840,0,0
-39199,0,0
-29371,0,0
32046,0,0
-23253,0,0
-47292,0,0
175132,0,0
-131788,0,0
26929,0,0
103231,0,0
-214504,0,0
-58275,0,0
135324,0,0
32190,0,0
-59139,0,0
25500,0,0
-121777,0,0
124480,0,0
-18808,0,0
-170410,0,0
-14100,0,0
-57333,0,0
-80973,0,0
60499,0,0
50868,0,0
-53669,0,0
157811,0,0
-122040,0,0
-59402,0,0
89404,0,0
-235067,0,0
-56258,0,0
156855,0,0
142493,0,0
20239,0,0
27697,0,0
-59541,0,0
202359,0,0
49510,0,0
-75675,0,0
88436,0,0
-22411,0,0
-790,0,0
80363,0,0
36410,0,0
6940,0,0
259790,0,0
-57765,0,0
-38981,0,0
181801,0,0
-105289,0,0
-16653,0,0
149798,0,0
55699,0,0
-21342,0,0
75937,0,0
-51601,0,0
102804,0,0
-28152,0,0
-124960,0,0
27659,0,0
-11536,0,0
-15127,0,0
32251,0,0
-124786,0,0
-89623,0,0
170431,0,0
-71701,0,0
-40213,0,0
1983,0,0
-313299,0,0
-98475,0,0
69233,0,0
8359,0,0
-38524,0,0
-8557,0,0
-150495,0,0
60540,0,0
-64293,0,0
-173554,0,0
-46848,0,0
-116281,0,0
-107820,0,0
-67148,0,0
-91264,0,0
-49231,0,0
142910,0,0
-154547,0,0
-67338,0,0
-33540,0,0
-301921,0,0
34725,0,0
177942,0,0
5824,0,0
-131299,0,0
-86339,0,0
-98856,0,0
155339,0,0
18260,0,0
-49418,0,0
43213,0,0
-82624,0,0
-100651,0,0
-6371,0,0
59500,0,0
9553,0,0
170319,0,0
-92607,0,0
4640,0,0
105696,0,0
-194334,0,0
-5112,0,0
187353,0,0
99804,0,0
-18926,0,0
766,0,0
-81203,0,0
217760,0,0
107019,0,0
-67054,0,0
-22359,0,0
-47671,0,0
-5499,0,0
91649,0,0
32374,0,0
57852,0,0
255247,0,0
-66314,0,0
-39504,0,0
97998,0,0
-170654,0,0
-48314,0,0
197518,0,0
115853,0,0
40688,0,0
28285,0,0
-117310,0,0
120137,0,0
64512,0,0
-114186,0,0
1559,0,0
-61032,0,0
64938,0,0
35106,0,0
-64602,0,0
15201,0,0
233742,0,0
-73483,0,0
-36788,0,0
51111,0,0
-220961,0,0
-46346,0,0
97038,0,0
125630,0,0
73512,0,0
-38923,0,0
-29533,0,0
145386,0,0
-36748,0,0
-146759,0,0
-5022,0,0
-57108,0,0
-21541,0,0
19863,0,0
-32645,0,0
7501,0,0
134556,0,0
-192819,0,0
-50599,0,0
84345,0,0
-200854,0,0
-165073,0,0
61907,0,0
58517,0,0
-10424,0,0
-57783,0,0
-144864,0,0
65408,0,0
-27137,0,0
-206190,0,0
-73399,0,0
-122401,0,0
-112171,0,0
40862,0,0
-33231,0,0
-20323,0,0
73715,0,0
-116638,0,0
-17286,0,0
-22268,0,0
-275746,0,0
-63156,0,0
104834,0,0
98103,0,0
27768,0,0
-52573,0,0
-88307,0,0
102501,0,0
-18903,0,0
-79600,0,0
-21057,0,0
-62606,0,0
-47218,0,0
21589,0,0
20499,0,0
56259,0,0
151412,0,0
-74018,0,0
60592,0,0
37911,0,0
-245559,0,0
-1274,0,0
176924,0,0
91819,0,0
126136,0,0
15762,0,0
-46187,0,0
165526,0,0
15553,0,0
-52456,0,0
72139,0,0
5375,0,0
-2318,0,0
58273,0,0
52461,0,0
120397,0,0
204606,0,0
-99733,0,0
-29663,0,0
105618,0,0
-89094,0,0
40150,0,0
219135,0,0
144584,0,0
30051,0,0
-27140,0,0
-9562,0,0
175029,0,0
49232,0,0
-37611,0,0
108076,0,0
14533,0,0
-12612,0,0
20504,0,0
49735,0,0
154908,0,0
180890,0,0
-125308,0,0
25126,0,0
-7746,0,0
-258784,0,0
-13031,0,0
266795,0,0
179329,0,0
-97030,0,0
-124855,0,0
-73031,0,0
45634,0,0
-55571,0,0
-31625,0,0
91292,0,0
-49175,0,0
-85253,0,0
-84857,0,0
-163307,0,0
17449,0,0
147322,0,0
-151291,0,0
-32789,0,0
35535,0,0
-230636,0,0
-26830,0,0
82510,0,0
32439,0,0
11118,0,0
-92354,0,0
-73548,0,0
79502,0,0
36154,0,0
-33111,0,0
37848,0,0
-75528,0,0
-14445,0,0
14465,0,0
-114399,0,0
120479,0,0
204738,0,0
-27452,0,0
36121,0,0
96600,0,0
-113508,0,0
48551,0,0
227220,0,0
157679,0,0
67622,0,0
-27236,0,0
-18328,0,0
220817,0,0
76552,0,0
101706,0,0
196474,0,0
23413,0,0
24244,0,0
117097,0,0
26028,0,0
101173,0,0
220762,0,0
67594,0,0
169030,0,0
94042,0,0
-256508,0,0
60270,0,0
294067,0,0
156496,0,0
162589,0,0
65801,0,0
38336,0,0
115198,0,0
-8215,0,0
750,0,0
112112,0,0
-3078,0,0
-18518,0,0
87244,0,0
73495,0,0
140226,0,0
205659,0,0
-64903,0,0
-9208,0,0
-30856,0,0
-243245,0,0
63671,0,0
202132,0,0
-26432,0,0
-69743,0,0
-98921,0,0
-58472,0,0
107122,0,0
-72860,0,0
-108256,0,0
-68918,0,0
-160734,0,0
-146602,0,0
-48140,0,0
-91994,0,0
5083,0,0
8926,0,0
-220252,0,0
-61630,0,0
-38035,0,0
-272859,0,0
-123740,0,0
78267,0,0
-34516,0,0
-107744,0,0
-160338,0,0
-77782,0,0
9111,0,0
-152785,0,0
-154202,0,0
-68486,0,0
-132085,0,0
-89933,0,0
-72900,0,0
-141515,0,0
28640,0,0
73249,0,0
-229366,0,0
-101947,0,0
-49307,0,0
-272403,0,0
-98270,0,0
127283,0,0
17970,0,0
-113671,0,0
-177289,0,0
-52882,0,0
111601,0,0
-101476,0,0
-95748,0,0
-19253,0,0
-183371,0,0
-159249,0,0
-38691,0,0
-108600,0,0
-16769,0,0
84628,0,0
-134444,0,0
120998,0,0
99639,0,0
-300145,0,0
-124789,0,0
74946,0,0
-68020,0,0
-26740,0,0
-130790,0,0
-8220,0,0
210313,0,0
150283,0,0
39584,0,0
-126184,0,0
-149753,0,0
-29061,0,0
80630,0,0
-27587,0,0
101937,0,0
122477,0,0
-25609,0,0
66789,0,0
50603,0,0
-190110,0,0
24363,0,0
158862,0,0
57467,0,0
48956,0,0
-121966,0,0
-12177,0,0
161617,0,0
-6820,0,0
15836,0,0
24131,0,0
-105365,0,0
-5320,0,0
40168,0,0
-19766,0,0
165212,0,0
69803,0,0
-85621,0,0
51415,0,0
7519,0,0
-200248,0,0
59405,0,0
128770,0,0
63636,0,0
78169,0,0
-47879,0,0
39676,0,0
128572,0,0
-50970,0,0
-65479,0,0
2582,0,0
-69212,0,0
53211,0,0
49179,0,0
-37130,0,0
103463,0,0
54690,0,0
-106191,0,0
59869,0,0
-45298,0,0
-220129,0,0
9554,0,0
183353,0,0
32348,0,0
14254,0,0
-169903,0,0
21045,0,0
163538,0,0
-140054,0,0
-119705,0,0
-36381,0,0
-141569,0,0
-26688,0,0
15323,0,0
-87260,0,0
61945,0,0
38830,0,0
-132598,0,0
22425,0,0
-82908,0,0
-284352,0,0
-28623,0,0
143976,0,0
-1606,0,0
8387,0,0
-101240,0,0
-26559,0,0
120459,0,0
-99679,0,0
-145263,0,0
-10866,0,0
-98556,0,0
13027,0,0
26865,0,0
-85665,0,0
106037,0,0
58952,0,0
-95885,0,0
40161,0,0
-102391,0,0
-266962,0,0
80660,0,0
149578,0,0
-76439,0,0
4873,0,0
-110888,0,0
-32681,0,0
104824,0,0
-61577,0,0
-165666,0,0
-88432,0,0
-97962,0,0
-34260,0,0
-26104,0,0
7302,0,0
198214,0,0
36800,0,0
-226802,0,0
10204,0,0
-58920,0,0
-184601,0,0
26901,0,0
193260,0,0
573,0,0
37914,0,0
-97460,0,0
74349,0,0
111411,0,0
-92512,0,0
39595,0,0
156821,0,0
-116032,0,0
-128903,0,0
-3666,0,0
-10576,0,0
225681,0,0
92813,0,0
-147768,0,0
42287,0,0
-32423,0,0
-159182,0,0
29681,0,0
167095,0,0
-2431,0,0
20860,0,0
-107969,0,0
-20900,0,0
132859,0,0
-45367,0,0
-54092,0,0
55768,0,0
-43796,0,0
-67351,0,0
42272,0,0
-68112,0,0
133715,0,0
45405,0,0
-77428,0,0
81745,0,0
-11054,0,0
-196749,0,0
107440,0,0
282635,0,0
41503,0,0
-34668,0,0
-114866,0,0
102292,0,0
280925,0,0
-2770,0,0
-55092,0,0
14860,0,0
3929,0,0
43786,0,0
48566,0,0
-38533,0,0
199398,0,0
103236,0,0
-1635,0,0
222226,0,0
-79818,0,0
-219477,0,0
79263,0,0
194144,0,0
41003,0,0
75794,0,0
-2882,0,0
88260,0,0
119529,0,0
-136603,0,0
-73896,0,0
-20475,0,0
28681,0,0
132657,0,0
160177,0,0
-76076,0,0
91369,0,0
46897,0,0
-74683,0,0
136179,0,0
1203,0,0
-183015,0,0
52463,0,0
208349,0,0
70556,0,0
56579,0,0
-33225,0,0
127830,0,0
138272,0,0
-100648,0,0
-21909,0,0
35401,0,0
-76374,0,0
-23651,0,0
32023,0,0
8591,0,0
190389,0,0
43300,0,0
-129464,0,0
43359,0,0
-7861,0,0
-148365,0,0
57279,0,0
202472,0,0
23434,0,0
20632,0,0
-120036,0,0
79892,0,0
147448,0,0
-52019,0,0
38076,0,0
7614,0,0
-38084,0,0
-97,0,0
28774,0,0
-83282,0,0
181928,0,0
70496,0,0
-13652,0,0
187426,0,0
-61737,0,0
-193905,0,0
-10574,0,0
112254,0,0
45237,0,0
124913,0,0
-84582,0,0
20074,0,0
99695,0,0
-99604,0,0
-37636,0,0
-18944,0,0
-62489,0,0
4038,0,0
32569,0,0
-133272,0,0
60153,0,0
-38072,0,0
-129940,0,0
59873,0,0
-44380,0,0
-193404,0,0
-5850,0,0
221581,0,0
-58501,0,0
-134336,0,0
-212241,0,0
34150,0,0
95784,0,0
-95167,0,0
-28401,0,0
4012,0,0
-94609,0,0
20004,0,0
66451,0,0
-155509,0,0
48280,0,0
27015,0,0
-2505,0,0
198271,0,0
-36850,0,0
-201520,0,0
-3792,0,0
153816,0,0
34843,0,0
106107,0,0
-74614,0,0
72143,0,0
130403,0,0
-39561,0,0
42853,0,0
25798,0,0
-8570,0,0
18984,0,0
24435,0,0
-83781,0,0
249256,0,0
154348,0,0
-29726,0,0
81623,0,0
-74533,0,0
-169189,0,0
109628,0,0
162975,0,0
-870,0,0
64341,0,0
-45507,0,0
67599,0,0
100368,0,0
-82199,0,0
66298,0,0
56202,0,0
-143946,0,0
-59620,0,0
43459,0,0
-63808,0,0
170007,0,0
-31482,0,0
-142877,0,0
117972,0,0
-88451,0,0
-230416,0,0
53476,0,0
184968,0,0
-110140,0,0
-26218,0,0
-182036,0,0
23243,0,0
81295,0,0
-192635,0,0
-102271,0,0
-22682,0,0
-90629,0,0
-98870,0,0
-44344,0,0
-118750,0,0
160816,0,0
-194,0,0
-133372,0,0
34726,0,0
-192132,0,0
-247434,0,0
-1222,0,0
108673,0,0
-27148,0,0
18258,0,0
-171482,0,0
70842,0,0
133782,0,0
-127813,0,0
-28589,0,0
8750,0,0
-112181,0,0
-60062,0,0
-9052,0,0
-28300,0,0
288219,0,0
49513,0,0
-138276,0,0
46531,0,0
-94765,0,0
-183382,0,0
97236,0,0
206441,0,0
125846,0,0
25335,0,0
-168682,0,0
225958,0,0
237382,0,0
-135920,0,0
-111354,0,0
-35404,0,0
-78555,0,0
-20510,0,0
84310,0,0
-10887,0,0
255112,0,0
39237,0,0
-109263,0,0
68355,0,0
-115287,0,0
-185409,0,0
33264,0,0
55610,0,0
-53010,0,0
37766,0,0
-225434,0,0
9473,0,0
74300,0,0
-179453,0,0
-80334,0,0
-75848,0,0
-124949,0,0
-79560,0,0
-73780,0,0
-181593,0,0
120412,0,0
-51919,0,0
-223002,0,0
12008,0,0
-206854,0,0
-238987,0,0
2028,0,0
53855,0,0
-116615,0,0
29999,0,0
-240606,0,0
-61894,0,0
21329,0,0
-154498,0,0
-151086,0,0
-134682,0,0
-163169,0,0
-58580,0,0
63090,0,0
-133101,0,0
86325,0,0
-96494,0,0
-152970,0,0
100960,0,0
-83441,0,0
-168076,0,0
63091,0,0
80093,0,0
-16300,0,0
112826,0,0
-122223,0,0
104848,0,0
117528,0,0
-69072,0,0
84014,0,0
12852,0,0
-36383,0,0
92346,0,0
141054,0,0
-82482,0,0
219745,0,0
51650,0,0
-35091,0,0
244629,0,0
32121,0,0
-76731,0,0
100049,0,0
246171,0,0
120437,0,0
102550,0,0
-122937,0,0
202882,0,0
248635,0,0
-4905,0,0
120840,0,0
56556,0,0
-48328,0,0
103802,0,0
193552,0,0
-1028,0,0
294929,0,0
76692,0,0
-54999,0,0
263789,0,0
39873,0,0
-67076,0,0
152145,0,0
212968,0,0
26181,0,0
110709,0,0
-63814,0,0
169386,0,0
221160,0,0
-15474,0,0
86877,0,0
123846,0,0
-15572,0,0
-9322,0,0
52607,0,0
-16439,0,0
359311,0,0
103324,0,0
-79848,0,0
138950,0,0
-90966,0,0
-140150,0,0
94486,0,0
225289,0,0
129010,0,0
94143,0,0
-162703,0,0
118859,0,0
137462,0,0
-119943,0,0
-4669,0,0
-23243,0,0
-103425,0,0
-4316,0,0
22287,0,0
-80527,0,0
266143,0,0
27414,0,0
-188136,0,0
57938,0,0
-149006,0,0
-178391,0,0
83601,0,0
197791,0,0
5409,0,0
73070,0,0
-125165,0,0
69905,0,0
48944,0,0
-149268,0,0
-20189,0,0
-70219,0,0
-112852,0,0
43993,0,0
87034,0,0
-70028,0,0
213711,0,0
-13174,0,0
-121221,0,0
70579,0,0
-132999,0,0
-182072,0,0
68540,0,0
155760,0,0
8885,0,0
26130,0,0
-191829,0,0
62340,0,0
125259,0,0
-114591,0,0
2240,0,0
18775,0,0
-68745,0,0
-13121,0,0
1887,0,0
-150743,0,0
285725,0,0
75504,0,0
-199929,0,0
104225,0,0
-27779,0,0
-145148,0,0
108552,0,0
119415,0,0
-71682,0,0
67079,0,0
-92286,0,0
108323,0,0
137170,0,0
-140794,0,0
-84665,0,0
-13267,0,0
-97665,0,0
-76805,0,0
-18531,0,0
-99982,0,0
227975,0,0
26708,0,0
-14758,0,0
118248,0,0
-271741,0,0
-289221,0,0
33663,0,0
66772,0,0
13293,0,0
111049,0,0
-90287,0,0
105428,0,0
80342,0,0
-197744,0,0
-47446,0,0
-44839,0,0
-45029,0,0
9962,0,0
74086,0,0
-43536,0,0
229802,0,0
-71463,0,0
-147695,0,0
117319,0,0
-169243,0,0
-163719,0,0
105222,0,0
102353,0,0
-68134,0,0
15653,0,0
-217288,0,0
44084,0,0
28171,0,0
-173686,0,0
28464,0,0
-34241,0,0
-150412,0,0
6763,0,0
-48740,0,0
-153304,0,0
285409,0,0
-71098,0,0
-186886,0,0
135156,0,0
-62609,0,0
-73691,0,0
151029,0,0
187387,0,0
33055,0,0
40893,0,0
-121156,0,0
203690,0,0
158977,0,0
-131599,0,0
6535,0,0
88661,0,0
56776,0,0
89796,0,0
20835,0,0
-131589,0,0
252182,0,0
14371,0,0
-71869,0,0
144232,0,0
-41721,0,0
-103976,0,0
27674,0,0
72739,0,0
-44718,0,0
38549,0,0
-151367,0,0
119956,0,0
141024,0,0
-97015,0,0
24870,0,0
-150990,0,0
-210555,0,0
-58311,0,0
4420,0,0
-86640,0,0
211381,0,0
-67309,0,0
-192531,0,0
89937,0,0
-120510,0,0
-153729,0,0
-19295,0,0
71157,0,0
-53315,0,0
43657,0,0
-194328,0,0
34513,0,0
41598,0,0
-208954,0,0
41101,0,0
-73299,0,0
-133099,0,0
70872,0,0
37763,0,0
-183831,0,0
186422,0,0
-50736,0,0
-118666,0,0
138741,0,0
-143329,0,0
-154115,0,0
17949,0,0
100584,0,0
-17683,0,0
28406,0,0
-155474,0,0
176694,0,0
43777,0,0
-246951,0,0
-37220,0,0
-36787,0,0
-126131,0,0
-39125,0,0
17746,0,0
-166948,0,0
171174,0,0
-86302,0,0
-176751,0,0
129086,0,0
-185285,0,0
-200677,0,0
76432,0,0
88817,0,0
-99574,0,0
-10524,0,0
-182210,0,0
144264,0,0
83128,0,0
-244322,0,0
-57151,0,0
-17143,0,0
-63150,0,0
11840,0,0
26373,0,0
-154263,0,0
182324,0,0
-70100,0,0
-130591,0,0
177486,0,0
-158103,0,0
-206199,0,0
20806,0,0
74222,0,0
-30858,0,0
108099,0,0
-159988,0,0
87321,0,0
71853,0,0
-180941,0,0
43869,0,0
21612,0,0
-82180,0,0
-41536,0,0
37644,0,0
-80695,0,0
244490,0,0
-36745,0,0
-123425,0,0
188554,0,0
-131629,0,0
-64865,0,0
199661,0,0
202343,0,0
31960,0,0
76329,0,0
-181310,0,0
130251,0,0
191851,0,0
-5466,0,0
40422,0,0
-41050,0,0
19018,0,0
109662,0,0
129733,0,0
34225,0,0
375213,0,0
68044,0,0
-5105,0,0
195704,0,0
-76254,0,0
-49225,0,0
200080,0,0
265860,0,0
154474,0,0
255558,0,0
-38145,0,0
195277,0,0
215289,0,0
-16927,0,0
89879,0,0
31777,0,0
12180,0,0
111060,0,0
130908,0,0
-12080,0,0
341464,0,0
46548,0,0
8221,0,0
157395,0,0
-181660,0,0
-37803,0,0
212042,0,0
56018,0,0
-73895,0,0
53034,0,0
-121807,0,0
157805,0,0
85192,0,0
-65367,0,0
-18686,0,0
-143137,0,0
-178545,0,0
46408,0,0
136227,0,0
-173248,0,0
177883,0,0
-89032,0,0
-181188,0,0
46654,0,0
-231857,0,0
-156850,0,0
59345,0,0
178345,0,0
75644,0,0
12792,0,0
-250345,0,0
39743,0,0
2791,0,0
-156159,0,0
49175,0,0
-66792,0,0
-109498,0,0
-30473,0,0
39656,0,0
-62893,0,0
230129,0,0
-119489,0,0
-122850,0,0
136205,0,0
-212616,0,0
-157096,0,0
134237,0,0
107191,0,0
-61133,0,0
66018,0,0
-165106,0,0
91445,0,0
88236,0,0
-158311,0,0
-25643,0,0
-29268,0,0
-66416,0,0
-17754,0,0
25456,0,0
-90857,0,0
277904,0,0
-37243,0,0
-113159,0,0
128695,0,0
-180667,0,0
-67002,0,0
207242,0,0
151524,0,0
-6662,0,0
107789,0,0
-190598,0,0
118166,0,0
121161,0,0
-84738,0,0
121041,0,0
70254,0,0
26932,0,0
37916,0,0
24361,0,0
15144,0,0
351729,0,0
-15686,0,0
-55714,0,0
191441,0,0
-96456,0,0
1805,0,0
128121,0,0
150485,0,0
37539,0,0
158424,0,0
-115941,0,0
145377,0,0
177401,0,0
-101252,0,0
-19714,0,0
-57611,0,0
-2888,0,0
19489,0,0
29187,0,0
-38328,0,0
301541,0,0
41009,0,0
-56077,0,0
45436,0,0
-274726,0,0
-146062,0,0
74693,0,0
128709,0,0
35928,0,0
113045,0,0
-100652,0,0
164173,0,0
-9552,0,0
-228087,0,0
-20678,0,0
-94768,0,0
-77312,0,0
94588,0,0
110562,0,0
-128799,0,0
127685,0,0
-71090,0,0
-56030,0,0
172146,0,0
-188036,0,0
-141321,0,0
94122,0,0
125827,0,0
30355,0,0
45093,0,0
-121801,0,0
158779,0,0
74942,0,0
-109535,0,0
13727,0,0
-37763,0,0
-70020,0,0
-3490,0,0
46425,0,0
-102820,0,0
242845,0,0
-79861,0,0
-84679,0,0
139149,0,0
-141586,0,0
-67439,0,0
110756,0,0
89700,0,0
-66750,0,0
41130,0,0
-154127,0,0
140081,0,0
76165,0,0
-117205,0,0
6562,0,0
-44717,0,0
-63112,0,0
-11918,0,0
2902,0,0
-108585,0,0
259529,0,0
-117216,0,0
-54475,0,0
195039,0,0
-225375,0,0
-107316,0,0
181881,0,0
42472,0,0
-38145,0,0
11561,0,0
-135794,0,0
98933,0,0
143287,0,0
-119926,0,0
-17474,0,0
-107927,0,0
-137621,0,0
-17945,0,0
52794,0,0
-40185,0,0
252228,0,0
-104347,0,0
-168814,0,0
43028,0,0
-306133,0,0
-91911,0,0
163263,0,0
86914,0,0
-39182,0,0
-35745,0,0
-193523,0,0
126954,0,0
39260,0,0
-222619,0,0
-74089,0,0
-91330,0,0
-89818,0,0
19455,0,0
76993,0,0
19860,0,0
264025,0,0
-213318,0,0
-211869,0,0
71523,0,0
-232116,0,0
-55449,0,0
145853,0,0
56574,0,0
-42210,0,0
95490,0,0
-162920,0,0
117241,0,0
124568,0,0
-136276,0,0
6490,0,0
-119669,0,0
-77569,0,0
42742,0,0
141416,0,0
13761,0,0
223649,0,0
-123808,0,0
-62087,0,0
134452,0,0
-179719,0,0
-19736,0,0
184566,0,0
186580,0,0
-15996,0,0
41684,0,0
-119016,0,0
223536,0,0
155550,0,0
-181028,0,0
-43246,0,0
-43254,0,0
-19472,0,0
-3934,0,0
-3266,0,0
-21274,0,0
369626,0,0
-43385,0,0
-16154,0,0
47675,0,0
-321549,0,0
-84097,0,0
119309,0,0
137055,0,0
-22016,0,0
44207,0,0
-69516,0,0
143326,0,0
3663,0,0
-212486,0,0
-37365,0,0
-90911,0,0
-96760,0,0
-14193,0,0
13586,0,0
-56487,0,0
274325,0,0
-123418,0,0
-94508,0,0
38636,0,0
-316249,0,0
-206940,0,0
118803,0,0
223246,0,0
4712,0,0
-8830,0,0
-233208,0,0
101508,0,0
66568,0,0
-204123,0,0
-57977,0,0
-66737,0,0
22244,0,0
11845,0,0
-81615,0,0
-116713,0,0
209020,0,0
-69895,0,0
-21036,0,0
76732,0,0
-236211,0,0
-83511,0,0
111858,0,0
71216,0,0
-19837,0,0
14671,0,0
-154231,0,0
115795,0,0
39095,0,0
-162615,0,0
16824,0,0
-69606,0,0
-37836,0,0
181374,0,0
26923,0,0
-169869,0,0
178077,0,0
-104446,0,0
-67352,0,0
90380,0,0
-158569,0,0
-1451,0,0
133124,0,0
165177,0,0
6445,0,0
68225,0,0
-64334,0,0
117828,0,0
32685,0,0
-59364,0,0
58516,0,0
-17592,0,0
-18228,0,0
42759,0,0
72092,0,0
20026,0,0
319678,0,0
20668,0,0
-67004,0,0
106704,0,0
-157680,0,0
-63246,0,0
189143,0,0
106190,0,0
-11629,0,0
47166,0,0
-96327,0,0
217657,0,0
122813,0,0
-152047,0,0
-638,0,0
-44487,0,0
-90646,0,0
-39551,0,0
-33206,0,0
-31907,0,0
279401,0,0
-31155,0,0
-46198,0,0
141072,0,0
-269275,0,0
-159753,0,0
88235,0,0
74908,0,0
-51543,0,0
69493,0,0
-89996,0,0
128774,0,0
62567,0,0
-81902,0,0
2721,0,0
-103861,0,0
-99572,0,0
-43735,0,0
2312,0,0
24066,0,0
284649,0,0
-50611,0,0
-69403,0,0
61085,0,0
-228899,0,0
-82149,0,0
117096,0,0
105565,0,0
-92,0,0
26447,0,0
-82029,0,0
183163,0,0
24525,0,0
-123928,0,0
-34580,0,0
-85270,0,0
-58356,0,0
25177,0,0
8087,0,0
-49222,0,0
239627,0,0
-66106,0,0
4714,0,0
79214,0,0
-213805,0,0
-75235,0,0
110213,0,0
90641,0,0
-30770,0,0
75789,0,0
-46249,0,0
115210,0,0
21146,0,0
-161072,0,0
11503,0,0
-1310,0,0
-6168,0,0
16314,0,0
56131,0,0
5796,0,0
220394,0,0
-90579,0,0
-38692,0,0
114368,0,0
-184430,0,0
-36362,0,0
162651,0,0
113915,0,0
20512,0,0
85325,0,0
6296,0,0
147779,0,0
6648,0,0
-79817,0,0
47832,0,0
-50202,0,0
5990,0,0
56734,0,0
19925,0,0
-27964,0,0
209369,0,0
-111895,0,0
-75797,0,0
66175,0,0
-250725,0,0
-114684,0,0
116236,0,0
67021,0,0
-20458,0,0
-20488,0,0
-204544,0,0
62532,0,0
-49746,0,0
-131797,0,0
21330,0,0
-145545,0,0
-169627,0,0
-105631,0,0
-21306,0,0
-53544,0,0
170145,0,0
-109031,0,0
-77762,0,0
61067,0,0
-261004,0,0
-112767,0,0
90976,0,0
103147,0,0
-95696,0,0
-27602,0,0
-73570,0,0
196249,0,0
-164759,0,0
-123946,0,0
163001,0,0
10376,0,0
-131031,0,0
-43347,0,0
-40130,0,0
-38884,0,0
239685,0,0
-57358,0,0
-88910,0,0
74742,0,0
-248744,0,0
-126870,0,0
164654,0,0
129306,0,0
62870,0,0
-6731,0,0
-174271,0,0
134168,0,0
18458,0,0
-176022,0,0
11693,0,0
-22388,0,0
-102394,0,0
-7346,0,0
-8903,0,0
-58432,0,0
271321,0,0
-48840,0,0
-53358,0,0
72278,0,0
-273737,0,0
-139677,0,0
134780,0,0
126843,0,0
28301,0,0
42087,0,0
-35374,0,0
208026,0,0
-27961,0,0
-151492,0,0
29144,0,0
-33554,0,0
-31903,0,0
76586,0,0
-31737,0,0
45234,0,0
299145,0,0
-64804,0,0
-16347,0,0
85454,0,0
-216381,0,0
-69554,0,0
168257,0,0
152974,0,0
3712,0,0
-31992,0,0
-165487,0,0
76989,0,0
51154,0,0
-83601,0,0
81085,0,0
-119871,0,0
-120745,0,0
-23900,0,0
49370,0,0
44284,0,0
124653,0,0
-171892,0,0
-98109,0,0
69715,0,0
-194857,0,0
-31042,0,0
114273,0,0
8975,0,0
106427,0,0
92935,0,0
-156422,0,0
110724,0,0
-1338,0,0
-145418,0,0
19514,0,0
42011,0,0
40050,0,0
86898,0,0
27160,0,0
99,0,0
144788,0,0
-127998,0,0
34298,0,0
121595,0,0
-125685,0,0
11680,0,0
146011,0,0
66558,0,0
25119,0,0
35439,0,0
-18137,0,0
120302,0,0
2465,0,0
-77919,0,0
27013,0,0
-105112,0,0
-47409,0,0
77421,0,0
58416,0,0
66322,0,0
121496,0,0
-138854,0,0
-3465,0,0
28197,0,0
-194680,0,0
8583,0,0
159348,0,0
105129,0,0
55570,0,0
39949,0,0
-138622,0,0
69558,0,0
25912,0,0
-94078,0,0
60781,0,0
-3964,0,0
-49540,0,0
-7797,0,0
25511,0,0
23154,0,0
112688,0,0
-167216,0,0
-19993,0,0
90908,0,0
-198172,0,0
2211,0,0
168402,0,0
535,0,0
-81095,0,0
-17794,0,0
-61004,0,0
216871,0,0
-15352,0,0
-133236,0,0
-33439,0,0
-39600,0,0
-17516,0,0
5043,0,0
-25984,0,0
31970,0,0
278423,0,0
-55023,0,0
-36484,0,0
24984,0,0
-244400,0,0
-57526,0,0
194092,0,0
71940,0,0
11650,0,0
13700,0,0
-61063,0,0
56406,0,0
-22832,0,0
-99893,0,0
-8434,0,0
-92569,0,0
-49195,0,0
45356,0,0
-7205,0,0
-53521,0,0
34592,0,0
-192066,0,0
-29155,0,0
59165,0,0
-252938,0,0
-107152,0,0
88408,0,0
18875,0,0
-27959,0,0
-63650,0,0
-115948,0,0
129673,0,0
15962,0,0
-117894,0,0
-18993,0,0
-95101,0,0
-101590,0,0
2386,0,0
13919,0,0
-3823,0,0
156005,0,0
-88275,0,0
12031,0,0
404,0,0
-271190,0,0
-66448,0,0
143744,0,0
47725,0,0
-15367,0,0
-8560,0,0
-45999,0,0
114078,0,0
-61402,0,0
-142710,0,0
-16261,0,0
-111692,0,0
-110120,0,0
15340,0,0
47832,0,0
75336,0,0
76921,0,0
-94695,0,0
46037,0,0
48641,0,0
-219264,0,0
-11150,0,0
143815,0,0
104896,0,0
23590,0,0
-17065,0,0
-39954,0,0
114073,0,0
-7991,0,0
-57498,0,0
38937,0,0
1107,0,0
-50514,0,0
-31297,0,0
-44548,0,0
21423,0,0
141438,0,0
-69752,0,0
-8031,0,0
33641,0,0
-262611,0,0
-132472,0,0
111349,0,0
21570,0,0
-4968,0,0
-31103,0,0
-61764,0,0
145236,0,0
-16267,0,0
-198700,0,0
-103189,0,0
-100351,0,0
-39316,0,0
63677,0,0
914,0,0
139455,0,0
238930,0,0
-150585,0,0
-48602,0,0
54616,0,0
-223638,0,0
-30824,0,0
219727,0,0
139433,0,0
118406,0,0
15926,0,0
-36911,0,0
129217,0,0
46511,0,0
-44209,0,0
113817,0,0
45883,0,0
18951,0,0
62987,0,0
-23137,0,0
39455,0,0
203561,0,0
-746,0,0
31543,0,0
47214,0,0
-173969,0,0
-23509,0,0
200485,0,0
175532,0,0
56519,0,0
-93184,0,0
-107983,0,0
205769,0,0
25240,0,0
-26778,0,0
4657,0,0
-123395,0,0
56228,0,0
31229,0,0
-52405,0,0
94336,0,0
181966,0,0
-77968,0,0
21919,0,0
76888,0,0
-271594,0,0
-2962,0,0
155287,0,0
39816,0,0
25597,0,0
24527,0,0
20063,0,0
196917,0,0
-17536,0,0
-98286,0,0
-12180,0,0
-95383,0,0
-80995,0,0
11165,0,0
-10374,0,0
92410,0,0
122817,0,0
-120743,0,0
62223,0,0
-79348,0,0
-334435,0,0
-57285,0,0
157320,0,0
-17531,0,0
42090,0,0
-3509,0,0
-76858,0,0
29864,0,0
-143397,0,0
-119227,0,0
41277,0,0
-48574,0,0
-59099,0,0
-10057,0,0
-83651,0,0
81929,0,0
212167,0,0
-94263,0,0
10921,0,0
33770,0,0
-213245,0,0
-46998,0,0
204640,0,0
72908,0,0
60586,0,0
10888,0,0
763,0,0
111825,0,0
21913,0,0
-57695,0,0
961,0,0
-82958,0,0
-21397,0,0
37903,0,0
67522,0,0
177634,0,0
53843,0,0
-134973,0,0
57540,0,0
21066,0,0
-242751,0,0
-52371,0,0
188625,0,0
43585,0,0
-3862,0,0
-13196,0,0
19819,0,0
155517,0,0
-62352,0,0
-20345,0,0
16581,0,0
-111593,0,0
-63605,0,0
118364,0,0
83222,0,0
72220,0,0
68164,0,0
-131329,0,0
160866,0,0
132247,0,0
-202501,0,0
4286,0,0
177712,0,0
128079,0,0
56457,0,0
-12360,0,0
2823,0,0
154500,0,0
-4869,0,0
-11173,0,0
27914,0,0
-59740,0,0
-95431,0,0
36503,0,0
11707,0,0
52893,0,0
141798,0,0
-100695,0,0
-52473,0,0
-126371,0,0
-252618,0,0
1932,0,0
172940,0,0
64563,0,0
-75147,0,0
-81820,0,0
-93855,0,0
-3885,0,0
-130904,0,0
-126149,0,0
-26866,0,0
-98941,0,0
-39921,0,0
-3267,0,0
-94681,0,0
6628,0,0
69424,0,0
-128024,0,0
43160,0,0
-15075,0,0
-286400,0,0
-57260,0,0
125925,0,0
18948,0,0
-13558,0,0
-85576,0,0
-9269,0,0
161752,0,0
22684,0,0
-72836,0,0
-108238,0,0
-101278,0,0
-6829,0,0
52786,0,0
-82262,0,0
88405,0,0
70871,0,0
-185710,0,0
43544,0,0
-5367,0,0
-262011,0,0
-916,0,0
184593,0,0
46587,0,0
21585,0,0
-156259,0,0
-48159,0,0
142495,0,0
-21223,0,0
-16908,0,0
43430,0,0
-93687,0,0
-28203,0,0
65870,0,0
22627,0,0
138436,0,0
140277,0,0
-72224,0,0
73661,0,0
27956,0,0
-193581,0,0
-3350,0,0
138805,0,0
115101,0,0
91405,0,0
-76336,0,0
50806,0,0
105422,0,0
-100758,0,0
-67795,0,0
25494,0,0
-62044,0,0
-80453,0,0
-13472,0,0
-44197,0,0
64377,0,0
56997,0,0
-141049,0,0
-4656,0,0
-83120,0,0
-291954,0,0
-36558,0,0
165033,0,0
-76040,0,0
-89528,0,0
-149667,0,0
-34316,0,0
54593,0,0
-137272,0,0
-140720,0,0
-46553,0,0
-107158,0,0
-143763,0,0
-85436,0,0
-184684,0,0
47397,0,0
50038,0,0
-133137,0,0
9788,0,0
-100698,0,0
-291553,0,0
-161704,0,0
44448,0,0
24035,0,0
10317,0,0
-88550,0,0
-68940,0,0
33101,0,0
-166362,0,0
-22970,0,0
-8780,0,0
-176823,0,0
-64197,0,0
125029,0,0
27536,0,0
71713,0,0
14667,0,0
-100870,0,0
172787,0,0
19115,0,0
-191740,0,0
30384,0,0
171084,0,0
96660,0,0
76034,0,0
-103571,0,0
48158,0,0
288117,0,0
-39887,0,0
-31230,0,0
59796,0,0
70260,0,0
86245,0,0
39224,0,0
-99388,0,0
174836,0,0
175035,0,0
-27447,0,0
120366,0,0
37887,0,0
-111726,0,0
108667,0,0
289288,0,0
80764,0,0
51262,0,0
9220,0,0
125701,0,0
225513,0,0
-11653,0,0
-5867,0,0
65318,0,0
35315,0,0
89752,0,0
67554,0,0
-17768,0,0
199541,0,0
137767,0,0
-81062,0,0
83040,0,0
122303,0,0
-81500,0,0
74708,0,0
153256,0,0
96376,0,0
42037,0,0
-120127,0,0
-19721,0,0
181585,0,0
25672,0,0
55303,0,0
130729,0,0
-93647,0,0
-89667,0,0
-33842,0,0
-104178,0,0
94383,0,0
54611,0,0
-71459,0,0
62202,0,0
-62098,0,0
-250614,0,0
-36923,0,0
134486,0,0
-25055,0,0
-74364,0,0
-208364,0,0
-17927,0,0
91614,0,0
-103281,0,0
-97046,0,0
-14864,0,0
-79962,0,0
-57408,0,0
1964,0,0
-150402,0,0
120600,0,0
48244,0,0
-148213,0,0
20152,0,0
-57496,0,0
-153700,0,0
63295,0,0
119251,0,0
-74208,0,0
-21539,0,0
-143447,0,0
26244,0,0
210816,0,0
-69130,0,0
-145294,0,0
-53487,0,0
-73238,0,0
-71441,0,0
7284,0,0
34035,0,0
196581,0,0
-10619,0,0
-161651,0,0
159316,0,0
128899,0,0
-120107,0,0
-52106,0,0
137708,0,0
87910,0,0
95769,0,0
-22203,0,0
134183,0,0
219639,0,0
-38949,0,0
40477,0,0
61793,0,0
-63259,0,0
23141,0,0
131056,0,0
50978,0,0
188834,0,0
58088,0,0
20756,0,0
158155,0,0
-62393,0,0
-239179,0,0
1601,0,0
210123,0,0
130296,0,0
148492,0,0
-52233,0,0
45071,0,0
136905,0,0
-68295,0,0
-17474,0,0
-8160,0,0
-31117,0,0
28941,0,0
91024,0,0
-15615,0,0
157266,0,0
60624,0,0
-137389,0,0
70289,0,0
-28601,0,0
-190463,0,0
34876,0,0
151110,0,0
39584,0,0
21441,0,0
-129351,0,0
34697,0,0
100236,0,0
-158144,0,0
-56855,0,0
50857,0,0
-54688,0,0
-61829,0,0
-19391,0,0
-50460,0,0
173042,0,0
43219,0,0
-130439,0,0
95945,0,0
-60249,0,0
-256844,0,0
3581,0,0
188427,0,0
29434,0,0
61498,0,0
-72886,0,0
81060,0,0
133554,0,0
-93456,0,0
-18595,0,0
29620,0,0
-67471,0,0
-8964,0,0
30286,0,0
-67622,0,0
200874,0,0
75315,0,0
-130896,0,0
73735,0,0
-46907,0,0
-182247,0,0
54939,0,0
83122,0,0
-52510,0,0
99984,0,0
-35841,0,0
-96119,0,0
70693,0,0
-46854,0,0
34899,0,0
16834,0,0
-73398,0,0
-49107,0,0
24588,0,0
-108926,0,0
124825,0,0
150107,0,0
16661,0,0
74613,0,0
-104324,0,0
-166664,0,0
118332,0,0
157045,0,0
8129,0,0
30960,0,0
-22968,0,0
101917,0,0
128069,0,0
-78386,0,0
-20378,0,0
48637,0,0
29953,0,0
55543,0,0
55102,0,0
-99044,0,0
217649,0,0
119752,0,0
-53104,0,0
131295,0,0
-35052,0,0
-106308,0,0
150461,0,0
230456,0,0
91933,0,0
144919,0,0
-54049,0,0
159724,0,0
211762,0,0
-108624,0,0
49721,0,0
85461,0,0
78574,0,0
59922,0,0
123914,0,0
-36571,0,0
313503,0,0
147356,0,0
-22672,0,0
204672,0,0
2109,0,0
-160814,0,0
62832,0,0
196716,0,0
94587,0,0
105624,0,0
-100069,0,0
71879,0,0
116950,0,0
-145963,0,0
-51636,0,0
-39405,0,0
-94704,0,0
-26932,0,0
26753,0,0
-23524,0,0
69182,0,0
-127234,0,0
-143631,0,0
56147,0,0
-124936,0,0
-244444,0,0
-50260,0,0
56741,0,0
-35945,0,0
-25955,0,0
-173193,0,0
-12572,0,0
127063,0,0
-93186,0,0
-95929,0,0
-126186,0,0
-114934,0,0
17231,0,0
14466,0,0
-159043,0,0
48261,0,0
-34625,0,0
-99195,0,0
140384,0,0
-80953,0,0
-209703,0,0
24178,0,0
66139,0,0
-51433,0,0
13683,0,0
-133689,0,0
105984,0,0
96171,0,0
-150055,0,0
-67189,0,0
27801,0,0
-53037,0,0
-26564,0,0
7814,0,0
-96397,0,0
193180,0,0
4943,0,0
-71523,0,0
181330,0,0
-80986,0,0
-139820,0,0
40250,0,0
84087,0,0
-1603,0,0
90025,0,0
-11641,0,0
244853,0,0
204661,0,0
-147613,0,0
-1894,0,0
68853,0,0
-61187,0,0
-52944,0,0
71249,0,0
71948,0,0
310908,0,0
101130,0,0
-115873,0,0
94977,0,0
-70182,0,0
-181325,0,0
54942,0,0
204709,0,0
91301,0,0
108182,0,0
-174383,0,0
-7808,0,0
67121,0,0
-103950,0,0
67373,0,0
-91634,0,0
-181072,0,0
-66665,0,0
9682,0,0
-166079,0,0
162616,0,0
-56330,0,0
-175436,0,0
148442,0,0
-74466,0,0
-287046,0,0
-92270,0,0
65668,0,0
-99416,0,0
-41753,0,0
-216573,0,0
16506,0,0
47180,0,0
-227758,0,0
-157949,0,0
-76544,0,0
-49427,0,0
-25345,0,0
-44862,0,0
-157506,0,0
137421,0,0
-110405,0,0
-216064,0,0
29461,0,0
-60501,0,0
-184653,0,0
-6638,0,0
139849,0,0
-6642,0,0
-40106,0,0
-166516,0,0
68607,0,0
120381,0,0
-109564,0,0
-18450,0,0
-33063,0,0
-46615,0,0
-44954,0,0
-73303,0,0
-131331,0,0
255711,0,0
40687,0,0
-129324,0,0
162282,0,0
-110504,0,0
-198096,0,0
73080,0,0
193476,0,0
25428,0,0
53408,0,0
-120118,0,0
195105,0,0
164429,0,0
-128520,0,0
-33430,0,0
43332,0,0
17584,0,0
37967,0,0
165527,0,0
41791,0,0
254187,0,0
85172,0,0
-44620,0,0
168209,0,0
-57667,0,0
-91640,0,0
156759,0,0
374964,0,0
75376,0,0
68255,0,0
-115296,0,0
160187,0,0
203664,0,0
-8914,0,0
70760,0,0
75845,0,0
-10906,0,0
2904,0,0
77457,0,0
-47053,0,0
196226,0,0
-14775,0,0
-64751,0,0
216133,0,0
-149540,0,0
-165579,0,0
182189,0,0
118409,0,0
-72520,0,0
-30009,0,0
-140577,0,0
70749,0,0
79905,0,0
-206032,0,0
-95931,0,0
-37261,0,0
-135409,0,0
-65569,0,0
-19220,0,0
-181372,0,0
112180,0,0
-67934,0,0
-156849,0,0
55762,0,0
-182031,0,0
-285885,0,0
-72412,0,0
45005,0,0
-74252,0,0
-16159,0,0
-274242,0,0
4604,0,0
56663,0,0
-171978,0,0
-85952,0,0
-118456,0,0
-149193,0,0
-100809,0,0
-46669,0,0
-176952,0,0
234861,0,0
-68892,0,0
-231230,0,0
66945,0,0
-97984,0,0
-225703,0,0
-33460,0,0
107921,0,0
-351,0,0
23472,0,0
-181066,0,0
109934,0,0
131516,0,0
-88731,0,0
18207,0,0
-93144,0,0
-129994,0,0
73178,0,0
163799,0,0
-70651,0,0
211215,0,0
-11386,0,0
-10309,0,0
269097,0,0
-138437,0,0
-157219,0,0
130242,0,0
173317,0,0
67826,0,0
134561,0,0
-86359,0,0
201745,0,0
150103,0,0
-157567,0,0
1185,0,0
88750,0,0
3448,0,0
35597,0,0
31034,0,0
-54290,0,0
287697,0,0
-53201,0,0
-179232,0,0
222091,0,0
-31369,0,0
-196904,0,0
79028,0,0
212158,0,0
2670,0,0
-38698,0,0
-227367,0,0
84250,0,0
80984,0,0
-228381,0,0
-85881,0,0
32093,0,0
-20525,0,0
-51502,0,0
-95756,0,0
-161120,0,0
209917,0,0
-160560,0,0
-196458,0,0
73198,0,0
-197236,0,0
-211005,0,0
109949,0,0
192800,0,0
-63012,0,0
-32888,0,0
-236091,0,0
65015,0,0
101256,0,0
-161241,0,0
-28005,0,0
-9849,0,0
-43967,0,0
32321,0,0
-7453,0,0
-154670,0,0
186890,0,0
29450,0,0
-95810,0,0
129239,0,0
-103053,0,0
-176059,0,0
32454,0,0
138643,0,0
26903,0,0
45319,0,0
-178085,0,0
84911,0,0
125441,0,0
-136744,0,0
7729,0,0
3301,0,0
8827,0,0
-74744,0,0
-60810,0,0
-76929,0,0
282886,0,0
-21723,0,0
-51792,0,0
149451,0,0
-93185,0,0
-159848,0,0
69078,0,0
139724,0,0
-62708,0,0
34789,0,0
-106137,0,0
141026,0,0
235706,0,0
-23658,0,0
-41742,0,0
-35910,0,0
-35894,0,0
9153,0,0
-18197,0,0
-145356,0,0
261833,0,0
50053,0,0
-104053,0,0
216381,0,0
39360,0,0
29703,0,0
29044,0,0
-2156,0,0
-31310,0,0
140391,0,0
-54628,0,0
160192,0,0
159016,0,0
-34567,0,0
121993,0,0
12419,0,0
-66344,0,0
32125,0,0
50426,0,0
-41849,0,0
334739,0,0
108865,0,0
-61424,0,0
176469,0,0
-107405,0,0
-158389,0,0
48302,0,0
187559,0,0
132254,0,0
82953,0,0
-145935,0,0
135919,0,0
59370,0,0
-186357,0,0
39686,0,0
-62805,0,0
-76097,0,0
34806,0,0
11786,0,0
-56614,0,0
178001,0,0
-71096,0,0
-150916,0,0
51426,0,0
-151325,0,0
-164353,0,0
10443,0,0
30208,0,0
-68301,0,0
-1415,0,0
-229224,0,0
65312,0,0
46793,0,0
-213883,0,0
-68601,0,0
-160815,0,0
-165011,0,0
-31914,0,0
-58726,0,0
-140823,0,0
150779,0,0
-104081,0,0
-146976,0,0
61071,0,0
-208628,0,0
-151621,0,0
42195,0,0
64792,0,0
-17627,0,0
38697,0,0
-187495,0,0
90562,0,0
88054,0,0
-147377,0,0
-45055,0,0
-57206,0,0
-63098,0,0
114403,0,0
11220,0,0
-146564,0,0
280373,0,0
-46493,0,0
-114124,0,0
125765,0,0
-221182,0,0
-164471,0,0
106691,0,0
132706,0,0
10571,0,0
78347,0,0
-130488,0,0
171237,0,0
38890,0,0
-181810,0,0
-60013,0,0
-132812,0,0
-152337,0,0
47389,0,0
107994,0,0
35345,0,0
293754,0,0
-129499,0,0
-211221,0,0
108668,0,0
-164963,0,0
-178626,0,0
102737,0,0
160719,0,0
37850,0,0
87578,0,0
-192542,0,0
81757,0,0
108433,0,0
-93600,0,0
99462,0,0
-105703,0,0
-126953,0,0
99986,0,0
49096,0,0
-128778,0,0
247229,0,0
-12454,0,0
-87766,0,0
134429,0,0
-149176,0,0
-46069,0,0
132503,0,0
118594,0,0
46627,0,0
70967,0,0
-165011,0,0
110966,0,0
60745,0,0
-177949,0,0
92503,0,0
79313,0,0
-59068,0,0
29941,0,0
30520,0,0
-59930,0,0
269893,0,0
3980,0,0
-72677,0,0
136170,0,0
-117223,0,0
-147439,0,0
82117,0,0
144747,0,0
66182,0,0
111134,0,0
-164572,0,0
94920,0,0
131661,0,0
-106506,0,0
-26778,0,0
-63290,0,0
-101215,0,0
37693,0,0
13790,0,0
-123197,0,0
257116,0,0
-73748,0,0
-158696,0,0
155917,0,0
-167012,0,0
-132403,0,0
61605,0,0
103478,0,0
-24973,0,0
60100,0,0
-216340,0,0
73274,0,0
92542,0,0
-179625,0,0
82169,0,0
-34498,0,0
-97400,0,0
-6660,0,0
25593,0,0
-78195,0,0
228351,0,0
-76173,0,0
-89753,0,0
122008,0,0
-180834,0,0
-125388,0,0
137311,0,0
105627,0,0
-79942,0,0
28228,0,0
-125652,0,0
195373,0,0
160514,0,0
-102135,0,0
27779,0,0
-128171,0,0
-107968,0,0
63269,0,0
100511,0,0
-66943,0,0
283482,0,0
32034,0,0
-110166,0,0
208059,0,0
-44104,0,0
-97606,0,0
140359,0,0
207758,0,0
6086,0,0
100481,0,0
-43709,0,0
262276,0,0
152474,0,0
-83714,0,0
40291,0,0
-20430,0,0
-10284,0,0
113648,0,0
143209,0,0
9002,0,0
359645,0,0
31365,0,0
-87911,0,0
154176,0,0
-101496,0,0
-47534,0,0
183254,0,0
190745,0,0
99344,0,0
147593,0,0
-136279,0,0
142307,0,0
90072,0,0
-158757,0,0
46428,0,0
50410,0,0
3195,0,0
51212,0,0
-49268,0,0
-149086,0,0
301010,0,0
-8034,0,0
-51162,0,0
130152,0,0
-197388,0,0
-124287,0,0
132284,0,0
119811,0,0
-40210,0,0
49571,0,0
-147647,0,0
161746,0,0
96461,0,0
-149393,0,0
-21966,0,0
-34203,0,0
20565,0,0
74117,0,0
74371,0,0
-145064,0,0
259756,0,0
-82708,0,0
-104308,0,0
127533,0,0
-174149,0,0
-98249,0,0
138713,0,0
143803,0,0
-80889,0,0
-549,0,0
-140265,0,0
174092,0,0
129038,0,0
-226418,0,0
-38956,0,0
-57230,0,0
-63781,0,0
-18249,0,0
40013,0,0
-66018,0,0
229376,0,0
-157503,0,0
-151380,0,0
136553,0,0
-222361,0,0
-125764,0,0
123992,0,0
147579,0,0
-31432,0,0
16097,0,0
-175536,0,0
90495,0,0
46395,0,0
-228418,0,0
3864,0,0
-19279,0,0
-47028,0,0
-24805,0,0
-36565,0,0
-108338,0,0
270046,0,0
-63611,0,0
-117529,0,0
101304,0,0
-156824,0,0
-143230,0,0
78936,0,0
109150,0,0
1039,0,0
50148,0,0
-172286,0,0
131908,0,0
35800,0,0
-172603,0,0
6799,0,0
-57729,0,0
-120248,0,0
6147,0,0
13306,0,0
-68893,0,0
256873,0,0
-85723,0,0
-144348,0,0
142777,0,0
-193634,0,0
-155143,0,0
106254,0,0
118490,0,0
-59909,0,0
53184,0,0
-95722,0,0
150028,0,0
40583,0,0
-205465,0,0
-41049,0,0
-1319,0,0
-63080,0,0
40552,0,0
36869,0,0
-99609,0,0
267296,0,0
-70338,0,0
-113947,0,0
100406,0,0
-176925,0,0
-114491,0,0
105989,0,0
125611,0,0
20301,0,0
37736,0,0
-154070,0,0
148231,0,0
38250,0,0
-202798,0,0
25258,0,0
-19213,0,0
-105746,0,0
-64964,0,0
-31833,0,0
12577,0,0
213919,0,0
-164708,0,0
-119780,0,0
71765,0,0
-129723,0,0
-165851,0,0
6843,0,0
104068,0,0
-1894,0,0
37225,0,0
-142346,0,0
104331,0,0
50133,0,0
-151894,0,0
-9229,0,0
-45440,0,0
3801,0,0
5841,0,0
3348,0,0
-137154,0,0
252198,0,0
-28358,0,0
-48973,0,0
128563,0,0
-158971,0,0
-34701,0,0
137474,0,0
93124,0,0
-24281,0,0
32593,0,0
-70189,0,0
142766,0,0
6072,0,0
-138549,0,0
97666,0,0
25037,0,0
-47563,0,0
58127,0,0
58768,0,0
-27365,0,0
212836,0,0
-42012,0,0
-50651,0,0
200926,0,0
-125622,0,0
-93064,0,0
137132,0,0
173347,0,0
56244,0,0
144258,0,0
-95137,0,0
175064,0,0
92451,0,0
-74355,0,0
66194,0,0
-8948,0,0
1974,0,0
82576,0,0
97674,0,0
12479,0,0
328367,0,0
-53970,0,0
-32739,0,0
177472,0,0
-101349,0,0
-22664,0,0
160717,0,0
149311,0,0
17931,0,0
94744,0,0
-109916,0,0
181060,0,0
131815,0,0
-122184,0,0
19384,0,0
-33013,0,0
-50031,0,0
16311,0,0
39084,0,0
-82435,0,0
237019,0,0
-86149,0,0
-96044,0,0
113590,0,0
-227542,0,0
-136150,0,0
75101,0,0
66646,0,0
58403,0,0
-16764,0,0
-219015,0,0
109761,0,0
11051,0,0
-187531,0,0
-25786,0,0
-98186,0,0
-164661,0,0
-14200,0,0
-27163,0,0
-175090,0,0
120157,0,0
-141073,0,0
-119226,0,0
118549,0,0
-256905,0,0
-233136,0,0
-59388,0,0
25673,0,0
-45443,0,0
50298,0,0
-99228,0,0
49526,0,0
-79275,0,0
-256705,0,0
-88057,0,0
-102125,0,0
-22761,0,0
9010,0,0
53241,0,0
-16848,0,0
167337,0,0
-149876,0,0
-119828,0,0
63815,0,0
-252025,0,0
-60450,0,0
178837,0,0
165407,0,0
57607,0,0
37684,0,0
-244058,0,0
70777,0,0
102790,0,0
-76218,0,0
46117,0,0
29189,0,0
-9784,0,0
23813,0,0
55202,0,0
-60351,0,0
258234,0,0
-18776,0,0
-46068,0,0
135686,0,0
-194656,0,0
47208,0,0
213736,0,0
85192,0,0
883,0,0
104382,0,0
-97911,0,0
125571,0,0
47157,0,0
-105272,0,0
499,0,0
-33352,0,0
-50120,0,0
39842,0,0
-29680,0,0
-60735,0,0
336196,0,0
-114435,0,0
-76150,0,0
121309,0,0
-215336,0,0
-113573,0,0
56205,0,0
34482,0,0
6840,0,0
48147,0,0
-153838,0,0
44479,0,0
34970,0,0
-102568,0,0
-19149,0,0
-117947,0,0
-165436,0,0
-92218,0,0
-15578,0,0
-153046,0,0
120629,0,0
-175912,0,0
-92456,0,0
162281,0,0
-237462,0,0
-249625,0,0
40281,0,0
80831,0,0
9808,0,0
-32244,0,0
-266892,0,0
99106,0,0
36595,0,0
-167296,0,0
-22361,0,0
-59683,0,0
-16504,0,0
8285,0,0
-33244,0,0
-85082,0,0
227541,0,0
-93620,0,0
-89509,0,0
48817,0,0
-254281,0,0
-128759,0,0
186077,0,0
116632,0,0
-20969,0,0
-9177,0,0
-184320,0,0
47138,0,0
295,0,0
-133433,0,0
75392,0,0
16825,0,0
-93331,0,0
-41601,0,0
-66479,0,0
-53558,0,0
325997,0,0
-128236,0,0
-139312,0,0
81352,0,0
-236376,0,0
-148603,0,0
139958,0,0
139982,0,0
47975,0,0
11440,0,0
-200357,0,0
120319,0,0
30348,0,0
-167300,0,0
-45046,0,0
-50591,0,0
-84612,0,0
4570,0,0
-18889,0,0
-53256,0,0
249999,0,0
-63766,0,0
-91987,0,0
77852,0,0
-171725,0,0
-53034,0,0
111596,0,0
148042,0,0
2719,0,0
40601,0,0
-108954,0,0
197730,0,0
52036,0,0
-144645,0,0
39245,0,0
46694,0,0
-2402,0,0
42477,0,0
26331,0,0
-13898,0,0
261210,0,0
-60503,0,0
-3353,0,0
151298,0,0
-186939,0,0
-12983,0,0
242789,0,0
173313,0,0
43934,0,0
54715,0,0
-106044,0,0
189893,0,0
143069,0,0
-22609,0,0
89470,0,0
-21632,0,0
-13193,0,0
108439,0,0
116655,0,0
51785,0,0
236539,0,0
-51718,0,0
4663,0,0
174697,0,0
-151929,0,0
-11363,0,0
216787,0,0
125001,0,0
-2418,0,0
75847,0,0
-95919,0,0
134964,0,0
53249,0,0
-119232,0,0
37913,0,0
-68760,0,0
-37644,0,0
71585,0,0
63116,0,0
-63301,0,0
131583,0,0
-88905,0,0
-56005,0,0
147019,0,0
-107279,0,0
-97044,0,0
65363,0,0
48289,0,0
22242,0,0
13797,0,0
-31289,0,0
189049,0,0
46197,0,0
-130511,0,0
-4485,0,0
12059,0,0
85310,0,0
77031,0,0
-6629,0,0
-86884,0,0
258691,0,0
22971,0,0
-75260,0,0
128710,0,0
-168366,0,0
-8611,0,0
209332,0,0
103807,0,0
29018,0,0
37828,0,0
-132839,0,0
147705,0,0
70418,0,0
-97120,0,0
-15864,0,0
-37580,0,0
-58452,0,0
-17894,0,0
-34408,0,0
-5590,0,0
222938,0,0
-15488,0,0
-24,0,0
57300,0,0
-241630,0,0
-79581,0,0
114132,0,0
25947,0,0
-2194,0,0
122523,0,0
-17120,0,0
158330,0,0
-32718,0,0
-137986,0,0
49741,0,0
-50757,0,0
-976,0,0
134351,0,0
37369,0,0
-115644,0,0
120902,0,0
-61756,0,0
25246,0,0
120002,0,0
-216161,0,0
-85115,0,0
162008,0,0
117974,0,0
23598,0,0
6264,0,0
-140580,0,0
105870,0,0
-6045,0,0
-131339,0,0
7278,0,0
-38408,0,0
-49477,0,0
7688,0,0
-46259,0,0
-86896,0,0
166451,0,0
-158137,0,0
-71732,0,0
107265,0,0
-251895,0,0
-158832,0,0
96276,0,0
36064,0,0
-115246,0,0
-4673,0,0
-146795,0,0
132836,0,0
5320,0,0
-291901,0,0
-85180,0,0
-13648,0,0
-46875,0,0
-94414,0,0
-110030,0,0
-51063,0,0
152947,0,0
-171842,0,0
-142523,0,0
16965,0,0
-263185,0,0
-39446,0,0
64697,0,0
-21227,0,0
-82808,0,0
-64804,0,0
-111355,0,0
90704,0,0
-36517,0,0
-177435,0,0
5499,0,0
-51721,0,0
-76502,0,0
7401,0,0
5479,0,0
-36170,0,0
190736,0,0
-61819,0,0
-10333,0,0
100323,0,0
-203273,0,0
-3717,0,0
196123,0,0
171763,0,0
16651,0,0
39959,0,0
-76868,0,0
119849,0,0
2085,0,0
-62223,0,0
93530,0,0
7791,0,0
-5939,0,0
94021,0,0
79581,0,0
38872,0,0
217339,0,0
-99532,0,0
-21267,0,0
81899,0,0
-185141,0,0
-10741,0,0
122704,0,0
44414,0,0
31319,0,0
50870,0,0
-80154,0,0
165590,0,0
-32833,0,0
-151735,0,0
-50846,0,0
-107266,0,0
-118134,0,0
-28408,0,0
-81327,0,0
-130243,0,0
135765,0,0
-171479,0,0
-19828,0,0
-34035,0,0
-347784,0,0
-75959,0,0
102235,0,0
-76571,0,0
-117263,0,0
-47453,0,0
-49593,0,0
125631,0,0
-78115,0,0
-314700,0,0
-55553,0,0
-68023,0,0
-24845,0,0
7328,0,0
-85071,0,0
-20234,0,0
140059,0,0
-146991,0,0
-16359,0,0
77098,0,0
-301542,0,0
-148508,0,0
125867,0,0
30190,0,0
-51719,0,0
-48106,0,0
-168473,0,0
111296,0,0
-46977,0,0
-145656,0,0
20852,0,0
-15433,0,0
-40229,0,0
-41240,0,0
-112226,0,0
-31815,0,0
129551,0,0
-70000,0,0
-7558,0,0
101772,0,0
-179282,0,0
-23283,0,0
167383,0,0
171128,0,0
36779,0,0
-27856,0,0
14892,0,0
198812,0,0
69713,0,0
-48214,0,0
118338,0,0
65302,0,0
29311,0,0
150325,0,0
103586,0,0
111677,0,0
255399,0,0
-83077,0,0
7895,0,0
147444,0,0
-114422,0,0
12375,0,0
250250,0,0
148854,0,0
101177,0,0
42485,0,0
-34923,0,0
159904,0,0
-48957,0,0
-143397,0,0
9116,0,0
3815,0,0
80393,0,0
48499,0,0
-99206,0,0
-12893,0,0
136423,0,0
-143343,0,0
-60736,0,0
41763,0,0
-276207,0,0
-120842,0,0
153984,0,0
149487,0,0
59304,0,0
-116237,0,0
-141424,0,0
88605,0,0
-53895,0,0
-95080,0,0
60008,0,0
-139074,0,0
-104482,0,0
14321,0,0
-36454,0,0
69903,0,0
192910,0,0
-120307,0,0
-4865,0,0
59237,0,0
-257801,0,0
-10169,0,0
170224,0,0
26329,0,0
-57008,0,0
15465,0,0
-63995,0,0
127727,0,0
-9743,0,0
-135005,0,0
-15579,0,0
-43678,0,0
-75368,0,0
-10778,0,0
-18257,0,0
87579,0,0
153127,0,0
-146008,0,0
-62617,0,0
-5343,0,0
-287462,0,0
-76769,0,0
178483,0,0
113081,0,0
10201,0,0
-34154,0,0
-134959,0,0
82799,0,0
-18244,0,0
-64320,0,0
56857,0,0
-42471,0,0
-81719,0,0
-10729,0,0
-27352,0,0
48648,0,0
172509,0,0
-58294,0,0
36939,0,0
-526,0,0
-187158,0,0
-38001,0,0
151125,0,0
166779,0,0
112621,0,0
-10641,0,0
-89302,0,0
144117,0,0
75205,0,0
32290,0,0
35733,0,0
-60754,0,0
-10779,0,0
87256,0,0
19836,0,0
138310,0,0
231880,0,0
-40145,0,0
55631,0,0
106650,0,0
-141417,0,0
-59575,0,0
181077,0,0
170294,0,0
76607,0,0
7757,0,0
-78225,0,0
142123,0,0
11629,0,0
-77742,0,0
-37091,0,0
-134831,0,0
5927,0,0
83214,0,0
-96731,0,0
-46104,0,0
66465,0,0
-168640,0,0
-27534,0,0
79801,0,0
-236230,0,0
-70409,0,0
37434,0,0
-64480,0,0
-40898,0,0
-77790,0,0
-116579,0,0
159146,0,0
-50634,0,0
-199889,0,0
-55884,0,0
-73924,0,0
-43486,0,0
-6498,0,0
-80246,0,0
-43928,0,0
88640,0,0
-130455,0,0
-21136,0,0
15197,0,0
-279684,0,0
-72423,0,0
110407,0,0
12974,0,0
-11260,0,0
-128311,0,0
-91341,0,0
67134,0,0
-77276,0,0
-111315,0,0
18652,0,0
-80421,0,0
-69321,0,0
-32583,0,0
-71267,0,0
-15408,0,0
103788,0,0
-155661,0,0
29464,0,0
51690,0,0
-257133,0,0
-55949,0,0
78278,0,0
-21845,0,0
1055,0,0
-62002,0,0
-4359,0,0
189341,0,0
-59272,0,0
-107563,0,0
-27108,0,0
-70438,0,0
-65421,0,0
67752,0,0
-38926,0,0
-3845,0,0
196726,0,0
-21433,0,0
56514,0,0
57091,0,0
-255325,0,0
-28676,0,0
199874,0,0
130485,0,0
110297,0,0
9942,0,0
18100,0,0
223324,0,0
60358,0,0
6383,0,0
69332,0,0
9470,0,0
77050,0,0
166374,0,0
61105,0,0
184553,0,0
328869,0,0
-1538,0,0
98945,0,0
109245,0,0
-91303,0,0
112875,0,0
250772,0,0
129870,0,0
113207,0,0
62099,0,0
70294,0,0
211839,0,0
38896,0,0
-11937,0,0
100189,0,0
24020,0,0
-44490,0,0
56211,0,0
58341,0,0
184725,0,0
196023,0,0
-102027,0,0
-21921,0,0
-23364,0,0
-189750,0,0
38734,0,0
168212,0,0
59313,0,0
109931,0,0
109816,0,0
-10108,0,0
124663,0,0
-18274,0,0
-80051,0,0
-11716,0,0
-52,0,0
3701,0,0
68527,0,0
-12571,0,0
41208,0,0
152607,0,0
-89913,0,0
97244,0,0
10318,0,0
-210087,0,0
-2515,0,0
182066,0,0
37874,0,0
-83822,0,0
-135339,0,0
-109672,0,0
142862,0,0
-111756,0,0
-190981,0,0
-53622,0,0
-76678,0,0
-120460,0,0
-86511,0,0
-127011,0,0
25115,0,0
64885,0,0
-273256,0,0
-106075,0,0
-52529,0,0
-271068,0,0
-128678,0,0
60532,0,0
-2337,0,0
-61378,0,0
-104414,0,0
-50943,0,0
15519,0,0
-173903,0,0
-120290,0,0
4394,0,0
-42219,0,0
-44694,0,0
52277,0,0
-91006,0,0
3343,0,0
114740,0,0
-111084,0,0
-6994,0,0
28313,0,0
-211083,0,0
-34801,0,0
209783,0,0
105015,0,0
42745,0,0
-79292,0,0
-39696,0,0
108626,0,0
-45962,0,0
-32759,0,0
21399,0,0
-468,0,0
53610,0,0
72165,0,0
-80839,0,0
28520,0,0
280503,0,0
55909,0,0
-65830,0,0
-3922,0,0
-106215,0,0
125690,0,0
147490,0,0
94831,0,0
137855,0,0
54113,0,0
88852,0,0
175430,0,0
-10227,0,0
-19934,0,0
58843,0,0
7647,0,0
23650,0,0
93285,0,0
24270,0,0
170070,0,0
193731,0,0
-88491,0,0
-10346,0,0
-37626,0,0
-191380,0,0
26622,0,0
185998,0,0
60098,0,0
20112,0,0
-75803,0,0
5040,0,0
126039,0,0
-158153,0,0
-204763,0,0
-20062,0,0
3575,0,0
8403,0,0
31718,0,0
-72254,0,0
41124,0,0
80500,0,0
-176106,0,0
-24562,0,0
-31428,0,0
-297073,0,0
-43437,0,0
109159,0,0
50513,0,0
-27760,0,0
-159250,0,0
-45104,0,0
121591,0,0
-117773,0,0
-148184,0,0
-38679,0,0
-111438,0,0
-135910,0,0
-54833,0,0
-131712,0,0
-7989,0,0
-3274,0,0
-184126,0,0
17897,0,0
-13865,0,0
-227215,0,0
-19435,0,0
-23324,0,0
-122968,0,0
-72334,0,0
-114660,0,0
32459,0,0
13069,0,0
-128009,0,0
-83031,0,0
-5145,0,0
-88323,0,0
-78834,0,0
-86412,0,0
-138035,0,0
133819,0,0
154397,0,0
-127021,0,0
34159,0,0
-1517,0,0
-204486,0,0
-85293,0,0
175733,0,0
139015,0,0
-3239,0,0
-77194,0,0
94895,0,0
220921,0,0
-55687,0,0
-42249,0,0
36118,0,0
22479,0,0
84113,0,0
66680,0,0
-21984,0,0
138649,0,0
141825,0,0
-70264,0,0
63121,0,0
18222,0,0
-141814,0,0
62246,0,0
240226,0,0
92523,0,0
64247,0,0
-100194,0,0
-8148,0,0
153987,0,0
-38285,0,0
132,0,0
82548,0,0
-77662,0,0
11974,0,0
103944,0,0
-8480,0,0
56274,0,0
29876,0,0
-66925,0,0
170719,0,0
21977,0,0
-208351,0,0
-26156,0,0
199775,0,0
18885,0,0
-41387,0,0
-70868,0,0
64703,0,0
177326,0,0
-81124,0,0
-24225,0,0
9393,0,0
-62527,0,0
6181,0,0
-36519,0,0
2695,0,0
163032,0,0
118209,0,0
-81869,0,0
38911,0,0
12519,0,0
-211647,0,0
39552,0,0
206718,0,0
20267,0,0
66759,0,0
-84107,0,0
6422,0,0
121762,0,0
-65290,0,0
-33083,0,0
1883,0,0
-71273,0,0
-57622,0,0
-44479,0,0
-63259,0,0
69077,0,0
80306,0,0
-132304,0,0
99757,0,0
-30168,0,0
-234998,0,0
-73773,0,0
139657,0,0
60996,0,0
8069,0,0
-90398,0,0
-11936,0,0
88855,0,0
-71492,0,0
-40907,0,0
25044,0,0
-121092,0,0
-78286,0,0
-8304,0,0
-38215,0,0
115021,0,0
61312,0,0
-130492,0,0
29612,0,0
-70603,0,0
-228746,0,0
-37660,0,0
162518,0,0
21949,0,0
24902,0,0
-94755,0,0
-18266,0,0
132727,0,0
-113648,0,0
-133624,0,0
-12604,0,0
22520,0,0
-64347,0,0
78814,0,0
37868,0,0
158849,0,0
36403,0,0
-175095,0,0
44376,0,0
13766,0,0
-107774,0,0
33554,0,0
170742,0,0
57715,0,0
30632,0,0
-108522,0,0
3327,0,0
114589,0,0
-65977,0,0
-7286,0,0
-5442,0,0
-130727,0,0
-66183,0,0
-3474,0,0
-54731,0,0
138457,0,0
71244,0,0
-164065,0,0
48665,0,0
-99883,0,0
-348607,0,0
-85011,0,0
94793,0,0
-27781,0,0
72679,0,0
9460,0,0
74416,0,0
58549,0,0
-173346,0,0
-89263,0,0
-27198,0,0
-120482,0,0
-11971,0,0
78460,0,0
6281,0,0
160043,0,0
72688,0,0
-103506,0,0
75798,0,0
-4763,0,0
-110622,0,0
58214,0,0
186391,0,0
69757,0,0
98369,0,0
-51549,0,0
122732,0,0
211007,0,0
-1782,0,0
12147,0,0
37996,0,0
1151,0,0
65571,0,0
135306,0,0
53764,0,0
239208,0,0
135193,0,0
-15620,0,0
117371,0,0
26107,0,0
-119416,0,0
77650,0,0
191814,0,0
70030,0,0
91324,0,0
134797,0,0
206061,0,0
36170,0,0
-145510,0,0
-52662,0,0
25433,0,0
-43080,0,0
21174,0,0
101661,0,0
-507,0,0
102153,0,0
-6739,0,0
-89006,0,0
51188,0,0
-65097,0,0
-182113,0,0
126368,0,0
233461,0,0
-75861,0,0
-87853,0,0
-178494,0,0
34490,0,0
80020,0,0
-97911,0,0
32819,0,0
150889,0,0
473,0,0
-65790,0,0
12053,0,0
-49903,0,0
157641,0,0
134534,0,0
-57456,0,0
121385,0,0
-4959,0,0
-209504,0,0
31328,0,0
195885,0,0
69701,0,0
41718,0,0
-68262,0,0
62076,0,0
142542,0,0
-64395,0,0
-92270,0,0
-34574,0,0
-71770,0,0
-11415,0,0
-3541,0,0
-139957,0,0
147821,0,0
15683,0,0
-165996,0,0
76064,0,0
-41110,0,0
-152591,0,0
-95631,0,0
16287,0,0
9810,0,0
146797,0,0
-115717,0,0
-33805,0,0
62875,0,0
-66099,0,0
72980,0,0
-123734,0,0
-174178,0,0
-56249,0,0
12701,0,0
-75914,0,0
186001,0,0
59800,0,0
-104944,0,0
159291,0,0
-85869,0,0
-274182,0,0
-29156,0,0
128456,0,0
45334,0,0
46114,0,0
-142649,0,0
22231,0,0
81385,0,0
-60853,0,0
-3849,0,0
-91201,0,0
-175714,0,0
-87286,0,0
-7284,0,0
-74028,0,0
174886,0,0
82463,0,0
-88999,0,0
-27412,0,0
-115949,0,0
-285275,0,0
-49671,0,0
145058,0,0
88261,0,0
134988,0,0
-195795,0,0
-18188,0,0
109141,0,0
-148408,0,0
-100049,0,0
6999,0,0
-27205,0,0
93351,0,0
42619,0,0
-83088,0,0
142565,0,0
94534,0,0
-118007,0,0
29437,0,0
-69631,0,0
-168866,0,0
36314,0,0
209665,0,0
110382,0,0
77756,0,0
-136759,0,0
41456,0,0
150689,0,0
-83523,0,0
6983,0,0
64584,0,0
-16667,0,0
-28771,0,0
-1076,0,0
-97464,0,0
203269,0,0
59855,0,0
-92351,0,0
127072,0,0
-54564,0,0
-139348,0,0
18851,0,0
91823,0,0
-29789,0,0
59043,0,0
-75124,0,0
43344,0,0
84360,0,0
-78353,0,0
2107,0,0
-64104,0,0
-115462,0,0
-82076,0,0
57935,0,0
-44711,0,0
131877,0,0
22437,0,0
-114525,0,0
30837,0,0
-154107,0,0
-260168,0,0
7557,0,0
158881,0,0
22098,0,0
6041,0,0
-200780,0,0
-10705,0,0
143983,0,0
160,0,0
-70264,0,0
-90176,0,0
-49993,0,0
8811,0,0
4219,0,0
-24899,0,0
177991,0,0
70390,0,0
-86213,0,0
111251,0,0
-9345,0,0
-128748,0,0
109853,0,0
169874,0,0
113814,0,0
114981,0,0
-82649,0,0
75776,0,0
174249,0,0
-66064,0,0
29128,0,0
72838,0,0
-22974,0,0
12596,0,0
106696,0,0
17242,0,0
245033,0,0
119946,0,0
-37545,0,0
164477,0,0
-39251,0,0
-152087,0,0
95965,0,0
202862,0,0
59569,0,0
106911,0,0
-53281,0,0
106921,0,0
171818,0,0
-59643,0,0
87164,0,0
118189,0,0
-78696,0,0
-109347,0,0
75868,0,0
43923,0,0
219147,0,0
33778,0,0
8705,0,0
128869,0,0
-120178,0,0
-228272,0,0
554,0,0
223528,0,0
135189,0,0
50850,0,0
-154053,0,0
105200,0,0
142509,0,0
-205447,0,0
-101695,0,0
54572,0,0
-53259,0,0
5524,0,0
19618,0,0
-89095,0,0
246526,0,0
42704,0,0
-185328,0,0
95232,0,0
-61401,0,0
-140788,0,0
13430,0,0
114825,0,0
6586,0,0
11056,0,0
-147579,0,0
76548,0,0
225613,0,0
-103716,0,0
-64475,0,0
-35534,0,0
-69121,0,0
-17258,0,0
-14134,0,0
-114192,0,0
119785,0,0
10882,0,0
-118691,0,0
50381,0,0
-140162,0,0
-215425,0,0
53403,0,0
91263,0,0
-76254,0,0
24665,0,0
-145048,0,0
58372,0,0
73214,0,0
-191980,0,0
-83885,0,0
-23557,0,0
-96805,0,0
-49619,0,0
60165,0,0
-67761,0,0
174199,0,0
8762,0,0
-113311,0,0
111227,0,0
-66133,0,0
-220379,0,0
38027,0,0
184385,0,0
89099,0,0
85295,0,0
-202718,0,0
166571,0,0
252702,0,0
-114014,0,0
-32942,0,0
-32664,0,0
-37280,0,0
16709,0,0
101656,0,0
-82134,0,0
202465,0,0
113066,0,0
-65697,0,0
132191,0,0
-44196,0,0
-131096,0,0
15526,0,0
113315,0,0
6482,0,0
36260,0,0
-124493,0,0
91649,0,0
155293,0,0
-121221,0,0
-105399,0,0
-25361,0,0
8792,0,0
26792,0,0
-3186,0,0
-84245,0,0
164330,0,0
30939,0,0
-149127,0,0
77120,0,0
-62367,0,0
-152511,0,0
28944,0,0
137320,0,0
21358,0,0
96593,0,0
-25202,0,0
104642,0,0
68840,0,0
-171730,0,0
-35075,0,0
-52199,0,0
-63049,0,0
885,0,0
152800,0,0
-4667,0,0
144972,0,0
-24940,0,0
-136784,0,0
170066,0,0
-49817,0,0
-175496,0,0
-12070,0,0
96033,0,0
39774,0,0
73352,0,0
-139057,0,0
109513,0,0
75399,0,0
-179804,0,0
-60626,0,0
-64794,0,0
-96092,0,0
-58676,0,0
-6835,0,0
-111879,0,0
180275,0,0
-90540,0,0
-196009,0,0
73303,0,0
-143743,0,0
-224040,0,0
3324,0,0
93269,0,0
30344,0,0
-356,0,0
-250811,0,0
55933,0,0
106481,0,0
-130117,0,0
5539,0,0
108257,0,0
-74771,0,0
-22378,0,0
69644,0,0
2246,0,0
351449,0,0
103857,0,0
-43633,0,0
128620,0,0
-72859,0,0
-87637,0,0
181165,0,0
301557,0,0
169101,0,0
244390,0,0
-3354,0,0
200396,0,0
214275,0,0
-24203,0,0
44377,0,0
47773,0,0
28522,0,0
220267,0,0
220495,0,0
-39435,0,0
260589,0,0
115298,0,0
16106,0,0
217074,0,0
-43746,0,0
-149148,0,0
60066,0,0
171995,0,0
83928,0,0
169550,0,0
-126013,0,0
48900,0,0
82961,0,0
-47602,0,0
22581,0,0
-53088,0,0
-29632,0,0
59242,0,0
24979,0,0
-137704,0,0
228967,0,0
59597,0,0
-114477,0,0
63554,0,0
-109822,0,0
-130448,0,0
88370,0,0
137319,0,0
-7923,0,0
138752,0,0
-102778,0,0
62709,0,0
44493,0,0
-169263,0,0
-61466,0,0
-60261,0,0
-101682,0,0
-17665,0,0
5190,0,0
-112041,0,0
307730,0,0
-94822,0,0
-260269,0,0
68924,0,0
-142739,0,0
-222604,0,0
-13108,0,0
70845,0,0
-20015,0,0
92039,0,0
-182972,0,0
37714,0,0
67793,0,0
-202727,0,0
-104073,0,0
-60181,0,0
-58815,0,0
24957,0,0
45761,0,0
-124417,0,0
88037,0,0
-60397,0,0
-93398,0,0
110251,0,0
-139466,0,0
-131172,0,0
1520,0,0
16607,0,0
-47284,0,0
64950,0,0
-135626,0,0
63526,0,0
130729,0,0
-147127,0,0
-91165,0,0
-78957,0,0
-80834,0,0
-33225,0,0
-40249,0,0
-144474,0,0
208521,0,0
-7686,0,0
-185752,0,0
121359,0,0
-190651,0,0
-206292,0,0
152450,0,0
117188,0,0
-24228,0,0
30015,0,0
-262638,0,0
40692,0,0
132342,0,0
-143319,0,0
-73850,0,0
-69773,0,0
-125470,0,0
-82834,0,0
1101,0,0
-69971,0,0
263215,0,0
-234,0,0
-234721,0,0
2800,0,0
-149423,0,0
-158080,0,0
3652,0,0
73604,0,0
32787,0,0
-48713,0,0
-211772,0,0
92347,0,0
132036,0,0
-128745,0,0
7309,0,0
-46101,0,0
-71002,0,0
-38644,0,0
111386,0,0
-37418,0,0
241263,0,0
-7138,0,0
-107410,0,0
164270,0,0
-47555,0,0
-139667,0,0
91896,0,0
195598,0,0
62660,0,0
78413,0,0
-129156,0,0
148143,0,0
226312,0,0
-45614,0,0
81175,0,0
36186,0,0
-130774,0,0
-9275,0,0
88897,0,0
-33092,0,0
275928,0,0
42254,0,0
925,0,0
194218,0,0
-98484,0,0
-102002,0,0
69165,0,0
145975,0,0
43666,0,0
51926,0,0
-120334,0,0
97282,0,0
140271,0,0
-129504,0,0
-20391,0,0
-32519,0,0
-65630,0,0
-5750,0,0
-46889,0,0
-32833,0,0
238969,0,0
-137085,0,0
-236134,0,0
88610,0,0
-114071,0,0
-180209,0,0
5160,0,0
192104,0,0
149890,0,0
-65023,0,0
-339615,0,0
23390,0,0
102613,0,0
-131268,0,0
-29290,0,0
-172129,0,0
-133508,0,0
39426,0,0
26052,0,0
-196587,0,0
207987,0,0
-26039,0,0
-202193,0,0
127278,0,0
-117964,0,0
-253790,0,0
-6234,0,0
88829,0,0
-32640,0,0
-361,0,0
-162866,0,0
107433,0,0
105483,0,0
-136635,0,0
-65592,0,0
-42171,0,0
-105431,0,0
295,0,0
22343,0,0
-135425,0,0
232749,0,0
-27343,0,0
-126480,0,0
83418,0,0
-150439,0,0
-138881,0,0
79660,0,0
71041,0,0
13144,0,0
104867,0,0
-173924,0,0
110300,0,0
74351,0,0
-187207,0,0
-17805,0,0
-26524,0,0
-50767,0,0
6875,0,0
-17758,0,0
-114302,0,0
284811,0,0
6397,0,0
-144528,0,0
74974,0,0
-189509,0,0
-104506,0,0
129897,0,0
135446,0,0
-65649,0,0
18930,0,0
-180820,0,0
110655,0,0
95763,0,0
-155893,0,0
10927,0,0
-50115,0,0
-99323,0,0
-12201,0,0
-17879,0,0
-106819,0,0
294178,0,0
-98158,0,0
-164618,0,0
-10583,0,0
-150078,0,0
-75559,0,0
111860,0,0
106175,0,0
-42348,0,0
2816,0,0
-254540,0,0
32110,0,0
76900,0,0
-228526,0,0
-61518,0,0
-70847,0,0
-121107,0,0
16870,0,0
3045,0,0
-199819,0,0
191946,0,0
-80526,0,0
-180727,0,0
31606,0,0
-222915,0,0
-186952,0,0
19094,0,0
64807,0,0
-42021,0,0
-8,0,0
-217713,0,0
83446,0,0
74075,0,0
-162078,0,0
-53200,0,0
-160745,0,0
-138831,0,0
48385,0,0
81650,0,0
-102266,0,0
206196,0,0
10922,0,0
-35763,0,0
128517,0,0
-193144,0,0
-124728,0,0
172318,0,0
222394,0,0
94605,0,0
184085,0,0
-119277,0,0
106968,0,0
192290,0,0
-66804,0,0
47235,0,0
97637,0,0
36347,0,0
93399,0,0
140064,0,0
4477,0,0
304910,0,0
20858,0,0
-91782,0,0
158701,0,0
-101776,0,0
-105615,0,0
173191,0,0
267048,0,0
81902,0,0
121752,0,0
-155752,0,0
137167,0,0
146778,0,0
-36541,0,0
70275,0,0
-81242,0,0
-81628,0,0
79561,0,0
80535,0,0
-46586,0,0
307913,0,0
40588,0,0
-103592,0,0
199939,0,0
-104618,0,0
-138270,0,0
103315,0,0
107927,0,0
84774,0,0
164477,0,0
-183698,0,0
164715,0,0
177343,0,0
-82334,0,0
-25510,0,0
-44375,0,0
-55794,0,0
55014,0,0
37444,0,0
-89152,0,0
284267,0,0
-28764,0,0
-105501,0,0
234228,0,0
-149111,0,0
-197181,0,0
49289,0,0
88492,0,0
8503,0,0
71327,0,0
-191190,0,0
116001,0,0
166490,0,0
-124202,0,0
-29050,0,0
-41218,0,0
-127881,0,0
-33787,0,0
44562,0,0
-7175,0,0
309349,0,0
-31870,0,0
-179684,0,0
152392,0,0
-121668,0,0
-84471,0,0
175776,0,0
151079,0,0
-9359,0,0
109459,0,0
-131983,0,0
130307,0,0
159542,0,0
-73186,0,0
66798,0,0
-5473,0,0
-90430,0,0
58434,0,0
113810,0,0
-13787,0,0
226305,0,0
-37980,0,0
-117674,0,0
259889,0,0
-92591,0,0
-179707,0,0
162041,0,0
183917,0,0
-11024,0,0
54395,0,0
-169604,0,0
142538,0,0
140622,0,0
-105705,0,0
53865,0,0
-33747,0,0
-68314,0,0
68693,0,0
16216,0,0
-146604,0,0
242781,0,0
-28805,0,0
-124362,0,0
113601,0,0
-150800,0,0
-108372,0,0
76567,0,0
68918,0,0
569,0,0
76924,0,0
-192469,0,0
113167,0,0
87381,0,0
-211195,0,0
-60614,0,0
24700,0,0
-29138,0,0
11775,0,0
-2906,0,0
-83407,0,0
284235,0,0
-18304,0,0
-144803,0,0
171900,0,0
-130861,0,0
-127238,0,0
93985,0,0
150853,0,0
47674,0,0
132118,0,0
-124225,0,0
174822,0,0
169138,0,0
-131096,0,0
70982,0,0
12513,0,0
-32845,0,0
58022,0,0
82642,0,0
-23879,0,0
332667,0,0
90186,0,0
53556,0,0
203005,0,0
-148319,0,0
-78022,0,0
184662,0,0
201925,0,0
85405,0,0
164506,0,0
-98235,0,0
178944,0,0
133063,0,0
-130687,0,0
65878,0,0
26102,0,0
-63961,0,0
60905,0,0
149373,0,0
-37290,0,0
105506,0,0
-82841,0,0
24079,0,0
194778,0,0
-281032,0,0
-149189,0,0
159565,0,0
105662,0,0
-10227,0,0
70938,0,0
-179453,0,0
79449,0,0
34667,0,0
-193721,0,0
-16959,0,0
-66875,0,0
-92613,0,0
33377,0,0
41811,0,0
-161471,0,0
175043,0,0
-80135,0,0
-177167,0,0
4023,0,0
-234096,0,0
-187246,0,0
108133,0,0
52519,0,0
-64489,0,0
-46746,0,0
-281445,0,0
81846,0,0
76502,0,0
-184444,0,0
-87145,0,0
-146338,0,0
-122978,0,0
-72379,0,0
-64500,0,0
-192974,0,0
195987,0,0
-16830,0,0
-141838,0,0
17790,0,0
-328211,0,0
-213137,0,0
125292,0,0
132737,0,0
-28056,0,0
76328,0,0
-196724,0,0
23944,0,0
16616,0,0
-153958,0,0
67918,0,0
-57446,0,0
-128784,0,0
37630,0,0
54166,0,0
-118216,0,0
265295,0,0
-33879,0,0
-151121,0,0
148349,0,0
-128782,0,0
-123134,0,0
139774,0,0
129963,0,0
38899,0,0
58793,0,0
-245085,0,0
93805,0,0
179026,0,0
-141837,0,0
-49843,0,0
-4772,0,0
-84424,0,0
-5864,0,0
92549,0,0
18285,0,0
278882,0,0
-146969,0,0
-127185,0,0
129889,0,0
-126908,0,0
-55627,0,0
207000,0,0
131380,0,0
-48791,0,0
83672,0,0
-159305,0,0
136655,0,0
174016,0,0
-83720,0,0
-33879,0,0
-67797,0,0
18179,0,0
101260,0,0
28921,0,0
-93359,0,0
240311,0,0
-82592,0,0
-71415,0,0
140134,0,0
-147034,0,0
-60481,0,0
180866,0,0
156481,0,0
618,0,0
77458,0,0
-151312,0,0
116435,0,0
71132,0,0
-143152,0,0
-18205,0,0
-35876,0,0
-43892,0,0
56361,0,0
60872,0,0
-64058,0,0
263529,0,0
-149492,0,0
-185943,0,0
126679,0,0
-115036,0,0
-130590,0,0
121185,0,0
78062,0,0
-16297,0,0
29664,0,0
-130214,0,0
130114,0,0
43897,0,0
-177559,0,0
-10982,0,0
-74475,0,0
-86731,0,0
70361,0,0
46956,0,0
-174303,0,0
207976,0,0
-114659,0,0
-194448,0,0
76519,0,0
-229485,0,0
-95636,0,0
224906,0,0
16305,0,0
-221372,0,0
-29877,0,0
-161310,0,0
72237,0,0
27728,0,0
-227271,0,0
-87468,0,0
-99490,0,0
-83396,0,0
33690,0,0
53781,0,0
-101745,0,0
140300,0,0
-203571,0,0
-127193,0,0
117284,0,0
-218387,0,0
-130101,0,0
197611,0,0
164186,0,0
-49833,0,0
13893,0,0
-237024,0,0
124857,0,0
161177,0,0
-93298,0,0
-27369,0,0
-109627,0,0
-80651,0,0
11143,0,0
74147,0,0
-17344,0,0
269488,0,0
-69390,0,0
-110298,0,0
206692,0,0
-138040,0,0
-116926,0,0
84661,0,0
146485,0,0
123716,0,0
138908,0,0
-190310,0,0
112539,0,0
112301,0,0
-38880,0,0
67758,0,0
-62960,0,0
-42286,0,0
101028,0,0
112113,0,0
-38392,0,0
278790,0,0
20619,0,0
-46389,0,0
119537,0,0
-174824,0,0
-126419,0,0
87534,0,0
167678,0,0
162970,0,0
96673,0,0
-126334,0,0
188230,0,0
37674,0,0
-218853,0,0
7652,0,0
-53425,0,0
-70045,0,0
92481,0,0
-426,0,0
-141030,0,0
280553,0,0
-40908,0,0
-89033,0,0
99544,0,0
-315446,0,0
-154708,0,0
142209,0,0
159321,0,0
-27665,0,0
8602,0,0
-231700,0,0
55743,0,0
111966,0,0
-124354,0,0
-83050,0,0
-121300,0,0
-44650,0,0
18565,0,0
26358,0,0
-53844,0,0
227378,0,0
-64260,0,0
-77464,0,0
41812,0,0
-266107,0,0
-93894,0,0
133756,0,0
142091,0,0
-6827,0,0
93289,0,0
-218949,0,0
101637,0,0
129893,0,0
-128542,0,0
-52936,0,0
-64800,0,0
-98596,0,0
24287,0,0
349,0,0
-120082,0,0
251047,0,0
-60865,0,0
-59469,0,0
171764,0,0
-232673,0,0
-172543,0,0
69837,0,0
99797,0,0
39000,0,0
111035,0,0
-147768,0,0
96830,0,0
92444,0,0
-184179,0,0
-34239,0,0
-53798,0,0
-96589,0,0
-8384,0,0
8103,0,0
-75546,0,0
270807,0,0
-76699,0,0
-53621,0,0
32942,0,0
-308730,0,0
-110557,0,0
154998,0,0
84064,0,0
-38184,0,0
138088,0,0
-139850,0,0
75904,0,0
60666,0,0
-171864,0,0
-26327,0,0
-20475,0,0
-26873,0,0
70550,0,0
66931,0,0
-35659,0,0
331498,0,0
-151629,0,0
-199858,0,0
146348,0,0
-181569,0,0
-99628,0,0
149281,0,0
135173,0,0
13913,0,0
-1167,0,0
-189553,0,0
173969,0,0
59507,0,0
-190723,0,0
-55282,0,0
-107290,0,0
-38710,0,0
49207,0,0
-32223,0,0
-96248,0,0
277122,0,0
-6897,0,0
-79233,0,0
13787,0,0
-227187,0,0
-93993,0,0
117106,0,0
133484,0,0
-376,0,0
89722,0,0
-146214,0,0
105834,0,0
69068,0,0
-156598,0,0
-6074,0,0
-26322,0,0
-28532,0,0
-15644,0,0
-1240,0,0
-42922,0,0
199083,0,0
-106305,0,0
-107116,0,0
95681,0,0
-249378,0,0
-147648,0,0
246553,0,0
61641,0,0
-114410,0,0
42161,0,0
-161350,0,0
86131,0,0
12847,0,0
-173629,0,0
-15357,0,0
-76317,0,0
-61532,0,0
-12462,0,0
-14967,0,0
-99176,0,0
188782,0,0
-149509,0,0
-121801,0,0
102188,0,0
-128620,0,0
-43058,0,0
90995,0,0
77171,0,0
62441,0,0
78521,0,0
-236171,0,0
127588,0,0
128769,0,0
-8572,0,0
57464,0,0
-14216,0,0
-42352,0,0
38415,0,0
58781,0,0
3180,0,0
335765,0,0
-64717,0,0
31616,0,0
195554,0,0
-205017,0,0
-25082,0,0
211405,0,0
116179,0,0
-57694,0,0
159510,0,0
3444,0,0
151868,0,0
75423,0,0
-110960,0,0
10350,0,0
-47745,0,0
24420,0,0
68524,0,0
106399,0,0
-39939,0,0
166428,0,0
-74169,0,0
-59133,0,0
126966,0,0
-220518,0,0
-83847,0,0
217450,0,0
111496,0,0
-41514,0,0
-18876,0,0
-175884,0,0
90214,0,0
30918,0,0
-175061,0,0
59863,0,0
-13613,0,0
-130741,0,0
-54805,0,0
-55365,0,0
-129081,0,0
228780,0,0
-99405,0,0
-144332,0,0
58242,0,0
-254937,0,0
-105172,0,0
139534,0,0
23121,0,0
-160747,0,0
-55305,0,0
-99279,0,0
282864,0,0
-23029,0,0
-319937,0,0
-41852,0,0
-29469,0,0
-51798,0,0
24094,0,0
-6469,0,0
-100920,0,0
201418,0,0
-49296,0,0
-71821,0,0
74098,0,0
-232302,0,0
-118382,0,0
114026,0,0
80431,0,0
10452,0,0
76012,0,0
-186327,0,0
95515,0,0
31698,0,0
-187552,0,0
-31972,0,0
-49397,0,0
-66829,0,0
31986,0,0
-27279,0,0
-81529,0,0
233727,0,0
-91385,0,0
-121389,0,0
97188,0,0
-188608,0,0
-75479,0,0
131685,0,0
94946,0,0
3928,0,0
64535,0,0
-87038,0,0
219292,0,0
111332,0,0
-156432,0,0
4967,0,0
71649,0,0
5675,0,0
10234,0,0
49795,0,0
76323,0,0
353349,0,0
-4508,0,0
-96531,0,0
169649,0,0
-177839,0,0
-45460,0,0
186383,0,0
224461,0,0
61831,0,0
39629,0,0
-136769,0,0
219177,0,0
125023,0,0
-108696,0,0
27869,0,0
-24627,0,0
-60187,0,0
50718,0,0
57419,0,0
-34862,0,0
275237,0,0
-21479,0,0
-16583,0,0
92581,0,0
-223682,0,0
-35454,0,0
180667,0,0
55090,0,0
-11672,0,0
82865,0,0
-192708,0,0
81271,0,0
81314,0,0
-49057,0,0
-975,0,0
-142988,0,0
-99554,0,0
-5260,0,0
9044,0,0
-72242,0,0
297664,0,0
-171333,0,0
-139432,0,0
59098,0,0
-255770,0,0
-73867,0,0
123141,0,0
70393,0,0
65285,0,0
65274,0,0
-209301,0,0
104750,0,0
87861,0,0
-90817,0,0
-5491,0,0
-62430,0,0
-59868,0,0
55742,0,0
58934,0,0
-31526,0,0
273102,0,0
-70007,0,0
-91438,0,0
178571,0,0
-95072,0,0
-1550,0,0
130597,0,0
144641,0,0
100407,0,0
59596,0,0
-120213,0,0
169551,0,0
84458,0,0
-51926,0,0
122514,0,0
22553,0,0
23670,0,0
131654,0,0
98853,0,0
-39659,0,0
205722,0,0
-49975,0,0
-10999,0,0
206998,0,0
-199269,0,0
377,0,0
220889,0,0
101221,0,0
-20022,0,0
-10466,0,0
-95357,0,0
133472,0,0
23705,0,0
-165012,0,0
39061,0,0
57980,0,0
-12089,0,0
-43347,0,0
-103136,0,0
-98542,0,0
175049,0,0
-137370,0,0
-48647,0,0
221803,0,0
-192833,0,0
-84673,0,0
144693,0,0
47781,0,0
-74264,0,0
48167,0,0
-75092,0,0
161632,0,0
2015,0,0
-152743,0,0
41406,0,0
-44116,0,0
-80378,0,0
5426,0,0
36490,0,0
-35952,0,0
289756,0,0
-58607,0,0
-83224,0,0
93861,0,0
-189909,0,0
-58985,0,0
118701,0,0
59331,0,0
-39853,0,0
36393,0,0
-120928,0,0
153945,0,0
115508,0,0
-125392,0,0
-40067,0,0
-58060,0,0
-36692,0,0
66525,0,0
53572,0,0
59890,0,0
305303,0,0
-104045,0,0
-104730,0,0
65915,0,0
-186557,0,0
-50327,0,0
177892,0,0
151123,0,0
157713,0,0
168155,0,0
-36755,0,0
183827,0,0
82682,0,0
-176989,0,0
77362,0,0
73847,0,0
-14321,0,0
85801,0,0
143410,0,0
21131,0,0
206406,0,0
-59833,0,0
-1528,0,0
92390,0,0
-212465,0,0
-8067,0,0
201165,0,0
139692,0,0
-69722,0,0
8137,0,0
-148293,0,0
116941,0,0
61057,0,0
-150888,0,0
9775,0,0
-101203,0,0
-143991,0,0
-37035,0,0
-52670,0,0
-52955,0,0
135570,0,0
-183072,0,0
-84399,0,0
112415,0,0
-271827,0,0
-140090,0,0
141227,0,0
60520,0,0
-86794,0,0
-96285,0,0
-168780,0,0
96787,0,0
15125,0,0
-197383,0,0
-23200,0,0
-63556,0,0
-70474,0,0
-23524,0,0
-69725,0,0
-128307,0,0
163745,0,0
-104403,0,0
-96607,0,0
50892,0,0
-276507,0,0
-76783,0,0
139976,0,0
36936,0,0
-59496,0,0
-13215,0,0
-147426,0,0
120098,0,0
42457,0,0
-111059,0,0
-2993,0,0
-61427,0,0
-28184,0,0
57325,0,0
44826,0,0
110345,0,0
390427,0,0
-64412,0,0
-37581,0,0
171416,0,0
-133618,0,0
673,0,0
243421,0,0
269318,0,0
141746,0,0
143670,0,0
-89449,0,0
151585,0,0
149832,0,0
65199,0,0
161710,0,0
38226,0,0
-9457,0,0
77223,0,0
49379,0,0
55813,0,0
294054,0,0
-18946,0,0
69209,0,0
149974,0,0
-205336,0,0
-8082,0,0
141037,0,0
49611,0,0
33328,0,0
84767,0,0
-324,0,0
243153,0,0
-34374,0,0
-216023,0,0
-71521,0,0
-76884,0,0
-33178,0,0
-3518,0,0
1640,0,0
68241,0,0
202564,0,0
-211822,0,0
-130774,0,0
6923,0,0
-211341,0,0
-14263,0,0
73717,0,0
-11659,0,0
-72407,0,0
-59899,0,0
-121076,0,0
113492,0,0
-7680,0,0
-182944,0,0
-12937,0,0
-96834,0,0
-152235,0,0
-105838,0,0
-91040,0,0
-77237,0,0
169227,0,0
-163467,0,0
-152134,0,0
-55178,0,0
-343481,0,0
-194919,0,0
61364,0,0
-15265,0,0
1145,0,0
-79473,0,0
-237904,0,0
89788,0,0
-51958,0,0
-251769,0,0
-50683,0,0
-71574,0,0
-42188,0,0
-24365,0,0
-90809,0,0
-76089,0,0
138666,0,0
-105980,0,0
-55428,0,0
96490,0,0
-236403,0,0
-37112,0,0
167114,0,0
54865,0,0
-1388,0,0
2856,0,0
-111018,0,0
166656,0,0
20383,0,0
-108014,0,0
25356,0,0
-92882,0,0
-76990,0,0
-17559,0,0
86277,0,0
57584,0,0
183659,0,0
-105798,0,0
-32475,0,0
35938,0,0
-267940,0,0
-69310,0,0
142754,0,0
55360,0,0
102403,0,0
51032,0,0
-127433,0,0
103958,0,0
41303,0,0
23758,0,0
37274,0,0
-154473,0,0
-23649,0,0
107884,0,0
39158,0,0
25955,0,0
219255,0,0
-21828,0,0
51042,0,0
111314,0,0
-198750,0,0
-69923,0,0
219352,0,0
247121,0,0
97886,0,0
-35057,0,0
-106986,0,0
169102,0,0
-11071,0,0
-98195,0,0
114922,0,0
53825,0,0
-3569,0,0
32433,0,0
-9104,0,0
-7241,0,0
206625,0,0
-54113,0,0
66785,0,0
104501,0,0
-265753,0,0
-93661,0,0
149753,0,0
89172,0,0
-11064,0,0
-38234,0,0
-61737,0,0
114466,0,0
-48090,0,0
-96414,0,0
24040,0,0
-138425,0,0
-166436,0,0
1149,0,0
-68636,0,0
-80026,0,0
164455,0,0
-90584,0,0
-76163,0,0
-33872,0,0
-296650,0,0
-127480,0,0
125778,0,0
65155,0,0
-27988,0,0
-29871,0,0
-115698,0,0
70391,0,0
-18763,0,0
-136997,0,0
-4503,0,0
-45890,0,0
-132617,0,0
-53511,0,0
-30289,0,0
85163,0,0
260635,0,0
-28143,0,0
85623,0,0
72783,0,0
-231962,0,0
-77285,0,0
195230,0,0
93288,0,0
54602,0,0
106210,0,0
21108,0,0
185391,0,0
41436,0,0
1359,0,0
149439,0,0
-22904,0,0
-34729,0,0
42954,0,0
26785,0,0
26352,0,0
226449,0,0
-59830,0,0
59134,0,0
136332,0,0
-215994,0,0
-157674,0,0
115655,0,0
44323,0,0
25005,0,0
-16453,0,0
-72831,0,0
120641,0,0
-745,0,0
-80740,0,0
-63537,0,0
-159614,0,0
-104058,0,0
983,0,0
-52147,0,0
-31642,0,0
124654,0,0
-197563,0,0
-59490,0,0
23379,0,0
-297379,0,0
-114433,0,0
140425,0,0
-19856,0,0
-109185,0,0
-139857,0,0
-130788,0,0
14945,0,0
-147157,0,0
-184579,0,0
-68899,0,0
-48597,0,0
-159963,0,0
-177159,0,0
-66223,0,0
-17198,0,0
104581,0,0
-216380,0,0
-145244,0,0
-11038,0,0
-220280,0,0
-48058,0,0
80217,0,0
-30865,0,0
-53786,0,0
-34234,0,0
-77068,0,0
139967,0,0
26963,0,0
-65910,0,0
53759,0,0
38936,0,0
-25956,0,0
39188,0,0
19951,0,0
86237,0,0
274215,0,0
32180,0,0
45974,0,0
60199,0,0
-155212,0,0
30844,0,0
255808,0,0
184636,0,0
146704,0,0
153163,0,0
-16915,0,0
172543,0,0
38495,0,0
22248,0,0
139951,0,0
27565,0,0
36106,0,0
78707,0,0
-9867,0,0
77164,0,0
283918,0,0
-38097,0,0
-34295,0,0
75366,0,0
-161895,0,0
-19431,0,0
257885,0,0
146885,0,0
-28753,0,0
-133111,0,0
-139066,0,0
114335,0,0
-125472,0,0
-105904,0,0
129362,0,0
-53902,0,0
-175104,0,0
-63949,0,0
-101117,0,0
-48319,0,0
57338,0,0
-184850,0,0
-66849,0,0
29801,0,0
-303825,0,0
-134220,0,0
87825,0,0
-23572,0,0
-95051,0,0
-83485,0,0
-78062,0,0
78654,0,0
-50787,0,0
-151592,0,0
-78538,0,0
-136615,0,0
-70117,0,0
1266,0,0
-27515,0,0
6122,0,0
116715,0,0
-70653,0,0
9951,0,0
-5543,0,0
-224900,0,0
-55466,0,0
164441,0,0
102719,0,0
20390,0,0
-5892,0,0
20807,0,0
135661,0,0
-16246,0,0
-79330,0,0
37324,0,0
1663,0,0
-35493,0,0
74799,0,0
-31994,0,0
50533,0,0
219275,0,0
-86603,0,0
37451,0,0
121426,0,0
-197196,0,0
-1459,0,0
177285,0,0
17628,0,0
-7769,0,0
-17435,0,0
-49758,0,0
74535,0,0
-28020,0,0
-85631,0,0
66155,0,0
438,0,0
-112875,0,0
-88695,0,0
-114196,0,0
-3033,0,0
124595,0,0
-57570,0,0
13557,0,0
-104747,0,0
-381638,0,0
-108942,0,0
100891,0,0
-24479,0,0
-48586,0,0
-176416,0,0
-157922,0,0
111867,0,0
-82312,0,0
-195757,0,0
-22352,0,0
-140944,0,0
-185896,0,0
-78715,0,0
-143840,0,0
-54099,0,0
65808,0,0
-128643,0,0
-72570,0,0
-94400,0,0
-305919,0,0
-95646,0,0
182725,0,0
50168,0,0
-56716,0,0
-161668,0,0
-153573,0,0
102368,0,0
-2311,0,0
-136865,0,0
-26912,0,0
-63996,0,0
2713,0,0
17589,0,0
-103846,0,0
17029,0,0
218925,0,0
-20653,0,0
22526,0,0
57142,0,0
-164768,0,0
-34238,0,0
172180,0,0
89718,0,0
96294,0,0
53533,0,0
-11165,0,0
159297,0,0
19345,0,0
-45798,0,0
48630,0,0
-23765,0,0
-7130,0,0
149142,0,0
33408,0,0
45105,0,0
153582,0,0
-572,0,0
113709,0,0
79930,0,0
-188249,0,0
-15006,0,0
268339,0,0
153879,0,0
51789,0,0
-40203,0,0
-17858,0,0
181872,0,0
20201,0,0
-98125,0,0
19276,0,0
14226,0,0
127674,0,0
45798,0,0
-176258,0,0
70624,0,0
236720,0,0
-129036,0,0
-64734,0,0
-6314,0,0
-246972,0,0
-64576,0,0
145451,0,0
30941,0,0
-39585,0,0
-92639,0,0
-46541,0,0
60177,0,0
-151309,0,0
-109114,0,0
36022,0,0
-112975,0,0
-180374,0,0
-65554,0,0
-58038,0,0
49467,0,0
83627,0,0
-175982,0,0
-110307,0,0
-100167,0,0
-277948,0,0
-87135,0,0
80975,0,0
4975,0,0
-14200,0,0
-93464,0,0
-125113,0,0
1311,0,0
-102798,0,0
-100182,0,0
-76788,0,0
-118116,0,0
-111313,0,0
-12891,0,0
-116394,0,0
-20886,0,0
74945,0,0
-106676,0,0
53514,0,0
-45946,0,0
-281568,0,0
-70214,0,0
91254,0,0
32920,0,0
34519,0,0
-77096,0,0
-47999,0,0
106230,0,0
-77442,0,0
-106361,0,0
-40578,0,0
-40580,0,0
-79202,0,0
-3112,0,0
-36625,0,0
61219,0,0
149091,0,0
-143372,0,0
-88270,0,0
9631,0,0
-231285,0,0
-60380,0,0
268507,0,0
169498,0,0
4206,0,0
-97245,0,0
2890,0,0
252634,0,0
2227,0,0
-96949,0,0
18416,0,0
62600,0,0
124562,0,0
50361,0,0
21128,0,0
164878,0,0
178738,0,0
-14020,0,0
197256,0,0
177599,0,0
-175287,0,0
71735,0,0
286726,0,0
118663,0,0
125744,0,0
50864,0,0
63956,0,0
235050,0,0
60335,0,0
37979,0,0
172106,0,0
40676,0,0
26692,0,0
98515,0,0
137718,0,0
232857,0,0
221863,0,0
-63081,0,0
98233,0,0
55909,0,0
-181890,0,0
-12087,0,0
220584,0,0
119552,0,0
134664,0,0
21333,0,0
-26783,0,0
125373,0,0
-54078,0,0
-110594,0,0
3562,0,0
-89201,0,0
-106931,0,0
-14874,0,0
-54742,0,0
42112,0,0
72369,0,0
-142279,0,0
4865,0,0
-122550,0,0
-376622,0,0
-141422,0,0
99684,0,0
-15599,0,0
-48416,0,0
-120300,0,0
-169602,0,0
-52314,0,0
-113916,0,0
-144138,0,0
-47916,0,0
-174538,0,0
-126710,0,0
12212,0,0
-194990,0,0
-102938,0,0
61610,0,0
-177048,0,0
46065,0,0
-51212,0,0
-356607,0,0
-116600,0,0
128957,0,0
-23884,0,0
-63229,0,0
-77144,0,0
-61879,0,0
125619,0,0
-101471,0,0
-195117,0,0
-77807,0,0
-81118,0,0
-50277,0,0
41615,0,0
-79327,0,0
103608,0,0
118066,0,0
-33989,0,0
88375,0,0
-101558,0,0
-285043,0,0
18854,0,0
304807,0,0
186500,0,0
142930,0,0
56855,0,0
35805,0,0
224596,0,0
29749,0,0
49401,0,0
118900,0,0
101901,0,0
129461,0,0
216656,0,0
39556,0,0
262682,0,0
298502,0,0
86194,0,0
216283,0,0
231857,0,0
-59991,0,0
51924,0,0
366409,0,0
234996,0,0
156155,0,0
105456,0,0
107539,0,0
291876,0,0
78647,0,0
37607,0,0
123955,0,0
165562,0,0
84147,0,0
114962,0,0
30100,0,0
120356,0,0
163673,0,0
67153,0,0
200970,0,0
12175,0,0
-142888,0,0
39428,0,0
217827,0,0
132778,0,0
60179,0,0
-63905,0,0
-15976,0,0
158902,0,0
-33792,0,0
-51827,0,0
27756,0,0
-47216,0,0
-46888,0,0
19378,0,0
-105942,0,0
70590,0,0
65673,0,0
-174772,0,0
-56942,0,0
-102542,0,0
-289435,0,0
-68749,0,0
73776,0,0
-60332,0,0
-13486,0,0
-131071,0,0
-178791,0,0
-2625,0,0
-123275,0,0
-127512,0,0
-101660,0,0
-190650,0,0
-141861,0,0
5215,0,0
-165644,0,0
-14208,0,0
24151,0,0
-193716,0,0
-42258,0,0
-70704,0,0
-182372,0,0
-48300,0,0
46480,0,0
-4572,0,0
7821,0,0
-159955,0,0
-11144,0,0
117544,0,0
-110434,0,0
-80599,0,0
11309,0,0
-25588,0,0
-18274,0,0
39574,0,0
-22584,0,0
154042,0,0
112765,0,0
-99948,0,0
62949,0,0
34108,0,0
-166015,0,0
-938,0,0
223480,0,0
126617,0,0
69840,0,0
-73898,0,0
62293,0,0
206647,0,0
-41350,0,0
-50290,0,0
96556,0,0
19583,0,0
14598,0,0
174551,0,0
-59045,0,0
138083,0,0
220952,0,0
63072,0,0
168371,0,0
64552,0,0
-132179,0,0
15329,0,0
265019,0,0
164527,0,0
186838,0,0
11661,0,0
36901,0,0
152245,0,0
37372,0,0
99269,0,0
112172,0,0
45348,0,0
124697,0,0
150725,0,0
-11125,0,0
32892,0,0
46464,0,0
-22895,0,0
184354,0,0
102918,0,0
-173425,0,0
24951,0,0
185423,0,0
68877,0,0
91581,0,0
-8843,0,0
35847,0,0
125694,0,0
-4029,0,0
10852,0,0
-37272,0,0
-101683,0,0
24304,0,0
135532,0,0
-9572,0,0
70514,0,0
92801,0,0
-50718,0,0
56630,0,0
17748,0,0
-192315,0,0
-6553,0,0
168467,0,0
73907,0,0
118448,0,0
-68708,0,0
-35720,0,0
104257,0,0
-32140,0,0
-45696,0,0
56877,0,0
-58969,0,0
-52721,0,0
78303,0,0
27645,0,0
49226,0,0
85689,0,0
-86425,0,0
51429,0,0
-44326,0,0
-238086,0,0
-6851,0,0
196925,0,0
37383,0,0
32635,0,0
-5724,0,0
59843,0,0
73449,0,0
-84473,0,0
6174,0,0
28458,0,0
-18301,0,0
-53010,0,0
67857,0,0
-6327,0,0
129670,0,0
110949,0,0
-26289,0,0
91746,0,0
-16024,0,0
-152844,0,0
71914,0,0
222903,0,0
27397,0,0
92830,0,0
9831,0,0
25482,0,0
134836,0,0
-1819,0,0
-42962,0,0
-170,0,0
5523,0,0
55496,0,0
94784,0,0
4210,0,0
262029,0,0
155359,0,0
-127630,0,0
28287,0,0
-45330,0,0
-182027,0,0
40043,0,0
168190,0,0
96251,0,0
100914,0,0
-73749,0,0
3606,0,0
124075,0,0
-101212,0,0
-133028,0,0
-57868,0,0
16698,0,0
23658,0,0
29705,0,0
-74885,0,0
141060,0,0
31394,0,0
-180328,0,0
80017,0,0
-33096,0,0
-265626,0,0
12805,0,0
185834,0,0
63388,0,0
104366,0,0
-23734,0,0
-716,0,0
122882,0,0
-70481,0,0
-66348,0,0
17792,0,0
-27653,0,0
30301,0,0
47238,0,0
10283,0,0
211314,0,0
62027,0,0
-83002,0,0
219414,0,0
-1122,0,0
-218410,0,0
30995,0,0
211455,0,0
100815,0,0
88032,0,0
-34617,0,0
110526,0,0
184126,0,0
-60293,0,0
-35530,0,0
97940,0,0
9998,0,0
25020,0,0
65867,0,0
-20844,0,0
149543,0,0
132142,0,0
-2547,0,0
140239,0,0
-77820,0,0
-245232,0,0
30390,0,0
176463,0,0
127103,0,0
107456,0,0
-94102,0,0
-11461,0,0
97827,0,0
-110934,0,0
-112332,0,0
-66449,0,0
-67109,0,0
38038,0,0
-44889,0,0
-160972,0,0
23350,0,0
-36556,0,0
-158342,0,0
64226,0,0
-89928,0,0
-279290,0,0
-138520,0,0
19004,0,0
-29556,0,0
-42130,0,0
-118267,0,0
-57447,0,0
-2591,0,0
-169704,0,0
-122966,0,0
-101803,0,0
-103805,0,0
-55109,0,0
-18261,0,0
-159093,0,0
124873,0,0
83986,0,0
-147799,0,0
-34148,0,0
-119338,0,0
-277593,0,0
-62986,0,0
127857,0,0
115837,0,0
160767,0,0
-86271,0,0
-43357,0,0
29505,0,0
-100534,0,0
-50689,0,0
-51927,0,0
-52122,0,0
46496,0,0
123080,0,0
-39741,0,0
174556,0,0
107347,0,0
-25943,0,0
91240,0,0
-34693,0,0
-187531,0,0
104857,0,0
227311,0,0
41275,0,0
87971,0,0
26617,0,0
54297,0,0
151847,0,0
4427,0,0
77946,0,0
29978,0,0
-86604,0,0
34338,0,0
94952,0,0
-46987,0,0
202934,0,0
137172,0,0
-98014,0,0
49693,0,0
-31517,0,0
-201405,0,0
-26596,0,0
138428,0,0
7953,0,0
55700,0,0
-168353,0,0
-30766,0,0
93339,0,0
-131629,0,0
-73863,0,0
-43,0,0
-66200,0,0
-206772,0,0
-69294,0,0
-186470,0,0
72349,0,0
54676,0,0
-153534,0,0
-51466,0,0
-126299,0,0
-260362,0,0
-115770,0,0
90004,0,0
-88771,0,0
-21975,0,0
-182340,0,0
-127250,0,0
11159,0,0
-69853,0,0
-11809,0,0
-173601,0,0
-226764,0,0
-128474,0,0
-98422,0,0
-148355,0,0
105376,0,0
23207,0,0
-180141,0,0
39280,0,0
-161044,0,0
-285096,0,0
-81578,0,0
99320,0,0
-54098,0,0
-15083,0,0
-206104,0,0
-42469,0,0
67708,0,0
-135731,0,0
-87696,0,0
-48741,0,0
-120810,0,0
-147225,0,0
-72895,0,0
-159162,0,0
66500,0,0
15262,0,0
-64255,0,0
144743,0,0
-119632,0,0
-250387,0,0
-61681,0,0
122796,0,0
13061,0,0
31489,0,0
-88247,0,0
45541,0,0
75486,0,0
-124270,0,0
-27205,0,0
53821,0,0
32215,0,0
10519,0,0
47917,0,0
-48981,0,0
116289,0,0
25355,0,0
-103199,0,0
148147,0,0
-268,0,0
-209636,0,0
38093,0,0
219447,0,0
3850,0,0
-16982,0,0
-126410,0,0
44301,0,0
118250,0,0
-154181,0,0
-125022,0,0
-62253,0,0
-78287,0,0
-41209,0,0
7220,0,0
-98137,0,0
84908,0,0
-64456,0,0
-220293,0,0
-6261,0,0
-112760,0,0
-269869,0,0
-104252,0,0
124545,0,0
41087,0,0
20127,0,0
-240648,0,0
-136954,0,0
24716,0,0
-113208,0,0
-35376,0,0
-89882,0,0
-78990,0,0
-85480,0,0
-83438,0,0
-204348,0,0
114669,0,0
46898,0,0
-161557,0,0
31633,0,0
-125080,0,0
-231247,0,0
-58579,0,0
78063,0,0
-47564,0,0
-30607,0,0
-180213,0,0
38941,0,0
67000,0,0
-106439,0,0
-85439,0,0
-26781,0,0
-107489,0,0
-114638,0,0
-14830,0,0
-133453,0,0
96162,0,0
-7843,0,0
-27932,0,0
259118,0,0
-65544,0,0
-203032,0,0
-16619,0,0
79440,0,0
64344,0,0
80189,0,0
-126136,0,0
114550,0,0
193473,0,0
-29686,0,0
71509,0,0
113531,0,0
24070,0,0
-13595,0,0
64599,0,0
23401,0,0
286612,0,0
143641,0,0
-28825,0,0
185330,0,0
1748,0,0
-133266,0,0
136040,0,0
270356,0,0
127749,0,0
172415,0,0
-45954,0,0
194645,0,0
282372,0,0
-73638,0,0
7192,0,0
73678,0,0
