37733,0,0
176284,0,0
260544,0,0
-596013,0,0
-627288,0,0
-343146,0,0
-426767,0,0
-218207,0,0
-174229,0,0
-4860,0,0
-157546,0,0
-79035,0,0
-316096,0,0
158125,0,0
-158405,0,0
-273472,0,0
115337,0,0
-315577,0,0
-336892,0,0
-407555,0,0
-46689,0,0
34061,0,0
452833,0,0
234068,0,0
-18784,0,0
-130555,0,0
-291215,0,0
-150841,0,0
-252007,0,0
-72464,0,0
121908,0,0
238251,0,0
64288,0,0
189611,0,0
-16455,0,0
-80541,0,0
244622,0,0
-116755,0,0
-23567,0,0
-226928,0,0
54001,0,0
220693,0,0
392313,0,0
-14439,0,0
-39466,0,0
-190634,0,0
-568925,0,0
-301876,0,0
-247253,0,0
87118,0,0
6908,0,0
222892,0,0
-332555,0,0
-84364,0,0
-217943,0,0
-380975,0,0
-291569,0,0
-373348,0,0
-158059,0,0
-285521,0,0
-317915,0,0
-440885,0,0
58606,0,0
-209666,0,0
-145916,0,0
-236083,0,0
-597209,0,0
-367688,0,0
-341083,0,0
-121469,0,0
-196010,0,0
-135945,0,0
-438792,0,0
-197167,0,0
-351136,0,0
-431007,0,0
-7527,0,0
-80091,0,0
-163282,0,0
-326439,0,0
-184505,0,0
-299455,0,0
-9184,0,0
-192884,0,0
-159095,0,0
129436,0,0
-106028,0,0
272028,0,0
211695,0,0
-295,0,0
-23976,0,0
92210,0,0
-283866,0,0
180027,0,0
-26661,0,0
-155620,0,0
359077,0,0
172136,0,0
475484,0,0
227350,0,0
266246,0,0
86846,0,0
340183,0,0
94209,0,0
93378,0,0
36634,0,0
-221725,0,0
-45168,0,0
221578,0,0
389673,0,0
120697,0,0
272168,0,0
-92818,0,0
195763,0,0
46506,0,0
-200387,0,0
-39189,0,0
133294,0,0
356585,0,0
-190158,0,0
-59526,0,0
-369503,0,0
91269,0,0
6470,0,0
70299,0,0
156762,0,0
-181879,0,0
-259230,0,0
-187991,0,0
43551,0,0
181852,0,0
329945,0,0
-176319,0,0
-104028,0,0
-23348,0,0
-271192,0,0
41076,0,0
-136399,0,0
87745,0,0
42600,0,0
55711,0,0
-73292,0,0
116065,0,0
-205768,0,0
26262,0,0
46468,0,0
-285311,0,0
-102000,0,0
-10030,0,0
65361,0,0
-37321,0,0
114567,0,0
-105767,0,0
-58001,0,0
-128051,0,0
-271478,0,0
94112,0,0
-48890,0,0
90102,0,0
37822,0,0
227220,0,0
-321492,0,0
-192108,0,0
-140691,0,0
3143,0,0
297005,0,0
342248,0,0
182497,0,0
-82578,0,0
-178822,0,0
-302793,0,0
63756,0,0
-133745,0,0
161121,0,0
171858,0,0
-20879,0,0
253345,0,0
131478,0,0
146296,0,0
-3860,0,0
63845,0,0
165286,0,0
623011,0,0
82345,0,0
-44681,0,0
208587,0,0
261724,0,0
276590,0,0
114922,0,0
44208,0,0
23337,0,0
510730,0,0
174264,0,0
130573,0,0
291815,0,0
258821,0,0
657781,0,0
395252,0,0
150118,0,0
-184086,0,0
294867,0,0
55610,0,0
429967,0,0
201421,0,0
210342,0,0
334316,0,0
200964,0,0
186280,0,0
403221,0,0
165731,0,0
166474,0,0
408308,0,0
-2869,0,0
-62363,0,0
-1210,0,0
31734,0,0
-96178,0,0
-92042,0,0
48057,0,0
-33338,0,0
224975,0,0
-55601,0,0
9346,0,0
-219562,0,0
-208479,0,0
-379184,0,0
-415326,0,0
-298826,0,0
29502,0,0
156778,0,0
-230829,0,0
-169449,0,0
-244641,0,0
-88810,0,0
-19404,0,0
-262413,0,0
-190130,0,0
-203288,0,0
-140511,0,0
-385624,0,0
-180874,0,0
-265993,0,0
-79712,0,0
37065,0,0
-64340,0,0
43983,0,0
27989,0,0
-30669,0,0
-139040,0,0
-220899,0,0
-328007,0,0
65028,0,0
88090,0,0
169865,0,0
155255,0,0
60620,0,0
-3857,0,0
88188,0,0
193473,0,0
28402,0,0
93995,0,0
148964,0,0
474759,0,0
208539,0,0
25632,0,0
143552,0,0
124076,0,0
73007,0,0
614395,0,0
521872,0,0
288026,0,0
435368,0,0
217721,0,0
252975,0,0
183373,0,0
156766,0,0
303758,0,0
445478,0,0
424104,0,0
312641,0,0
669177,0,0
248915,0,0
312523,0,0
328882,0,0
276925,0,0
453029,0,0
318816,0,0
390913,0,0
642592,0,0
538767,0,0
113460,0,0
213056,0,0
47063,0,0
411571,0,0
632952,0,0
236528,0,0
128121,0,0
423517,0,0
411469,0,0
429935,0,0
450793,0,0
-68743,0,0
45041,0,0
112327,0,0
98336,0,0
189398,0,0
84011,0,0
-146562,0,0
157001,0,0
270944,0,0
79624,0,0
326931,0,0
-258132,0,0
-272689,0,0
-199242,0,0
-356380,0,0
-11817,0,0
129150,0,0
-67553,0,0
-347943,0,0
-101460,0,0
-503064,0,0
-243863,0,0
-309334,0,0
-345501,0,0
-287092,0,0
-359272,0,0
-494416,0,0
-122391,0,0
-74776,0,0
-51871,0,0
193181,0,0
-269640,0,0
-248710,0,0
-500364,0,0
-649892,0,0
-414765,0,0
-64651,0,0
-27524,0,0
-50727,0,0
118054,0,0
-261100,0,0
-89963,0,0
845,0,0
-259637,0,0
20877,0,0
-187724,0,0
-431529,0,0
-101117,0,0
99042,0,0
174768,0,0
226898,0,0
-255400,0,0
-501186,0,0
117016,0,0
3301,0,0
-19229,0,0
81099,0,0
2929,0,0
-120140,0,0
77878,0,0
37824,0,0
104323,0,0
236742,0,0
88567,0,0
235015,0,0
259040,0,0
48258,0,0
104511,0,0
406693,0,0
407047,0,0
567371,0,0
210071,0,0
60390,0,0
235908,0,0
476495,0,0
623198,0,0
775031,0,0
388009,0,0
150309,0,0
473120,0,0
267122,0,0
526964,0,0
553481,0,0
113822,0,0
382986,0,0
368903,0,0
115367,0,0
411656,0,0
109070,0,0
-384456,0,0
-83022,0,0
61683,0,0
85185,0,0
302735,0,0
-152090,0,0
-253256,0,0
-74800,0,0
-204463,0,0
-264759,0,0
-273812,0,0
-270653,0,0
73272,0,0
-26742,0,0
-325006,0,0
-156918,0,0
-268365,0,0
-578218,0,0
-251644,0,0
-190353,0,0
-252053,0,0
-39793,0,0
-29232,0,0
-72395,0,0
61310,0,0
-344439,0,0
-358575,0,0
14562,0,0
-318127,0,0
-546722,0,0
-231872,0,0
-359449,0,0
-300916,0,0
-239458,0,0
-150581,0,0
287987,0,0
31221,0,0
-602357,0,0
-301427,0,0
-184222,0,0
-188781,0,0
-202264,0,0
-182912,0,0
-56705,0,0
121048,0,0
-169632,0,0
-175796,0,0
148498,0,0
42802,0,0
70717,0,0
319192,0,0
204730,0,0
136611,0,0
194908,0,0
-2750,0,0
264482,0,0
293598,0,0
13634,0,0
226570,0,0
116505,0,0
-10634,0,0
302248,0,0
211469,0,0
122109,0,0
292545,0,0
84254,0,0
-17751,0,0
377842,0,0
6030,0,0
-6382,0,0
323972,0,0
216557,0,0
115813,0,0
64263,0,0
-267923,0,0
191556,0,0
375292,0,0
257174,0,0
477170,0,0
147142,0,0
-25949,0,0
302424,0,0
161480,0,0
-101924,0,0
248428,0,0
314795,0,0
303400,0,0
605764,0,0
426221,0,0
183447,0,0
116925,0,0
176635,0,0
720218,0,0
714763,0,0
149423,0,0
315107,0,0
531267,0,0
279569,0,0
591240,0,0
528545,0,0
438179,0,0
652751,0,0
385020,0,0
90104,0,0
424171,0,0
188613,0,0
235473,0,0
920039,0,0
477964,0,0
265750,0,0
366199,0,0
204309,0,0
368482,0,0
387213,0,0
75232,0,0
274479,0,0
343031,0,0
63545,0,0
453024,0,0
399598,0,0
108952,0,0
168476,0,0
168144,0,0
-88935,0,0
199403,0,0
-67230,0,0
-23957,0,0
344867,0,0
-161569,0,0
-119114,0,0
128143,0,0
-10431,0,0
-109929,0,0
-130078,0,0
-474375,0,0
-179182,0,0
-93556,0,0
-326950,0,0
-107708,0,0
-122491,0,0
-321140,0,0
-176708,0,0
-314288,0,0
-446871,0,0
-116953,0,0
-359318,0,0
-318492,0,0
-236538,0,0
-479370,0,0
-380309,0,0
-309560,0,0
-416783,0,0
-487210,0,0
-273073,0,0
-526610,0,0
-146683,0,0
-126779,0,0
-643821,0,0
-371817,0,0
-260464,0,0
-372522,0,0
4507,0,0
-111212,0,0
-350122,0,0
-29147,0,0
-339918,0,0
-425378,0,0
-77142,0,0
-397890,0,0
-353584,0,0
-99564,0,0
-180659,0,0
-42689,0,0
102746,0,0
-233409,0,0
-225546,0,0
-89698,0,0
-406428,0,0
55711,0,0
156181,0,0
102572,0,0
202847,0,0
-71991,0,0
-375824,0,0
-154863,0,0
86557,0,0
84621,0,0
521519,0,0
458071,0,0
505710,0,0
455083,0,0
353677,0,0
99029,0,0
178122,0,0
75066,0,0
394474,0,0
443267,0,0
229888,0,0
579794,0,0
580976,0,0
700191,0,0
592308,0,0
268300,0,0
-233199,0,0
176461,0,0
218142,0,0
273259,0,0
574753,0,0
291161,0,0
368648,0,0
319483,0,0
45595,0,0
159489,0,0
513275,0,0
43626,0,0
324881,0,0
469181,0,0
-29717,0,0
39328,0,0
-36432,0,0
-84277,0,0
373417,0,0
132440,0,0
96695,0,0
349545,0,0
56438,0,0
-77628,0,0
176703,0,0
-128375,0,0
-145967,0,0
-18456,0,0
-8575,0,0
-147195,0,0
58,0,0
-376584,0,0
-20455,0,0
6114,0,0
-286922,0,0
86971,0,0
30828,0,0
-210716,0,0
-267363,0,0
-261227,0,0
-372454,0,0
82787,0,0
-69279,0,0
-262787,0,0
112579,0,0
-302237,0,0
-238048,0,0
-289226,0,0
-233170,0,0
-138853,0,0
107550,0,0
-431982,0,0
-249213,0,0
246016,0,0
-130070,0,0
265492,0,0
-104741,0,0
-400703,0,0
-273439,0,0
-359982,0,0
-326170,0,0
199019,0,0
1365,0,0
5038,0,0
334260,0,0
-88618,0,0
-220411,0,0
-283927,0,0
-441566,0,0
-62468,0,0
195292,0,0
-324248,0,0
-121533,0,0
-524,0,0
-364132,0,0
101999,0,0
82404,0,0
-15208,0,0
-200302,0,0
-420284,0,0
-558363,0,0
72456,0,0
-19596,0,0
-240230,0,0
547303,0,0
-12254,0,0
78111,0,0
-71980,0,0
27163,0,0
-31413,0,0
115690,0,0
3151,0,0
166425,0,0
170661,0,0
-157274,0,0
522289,0,0
545550,0,0
339926,0,0
284060,0,0
135327,0,0
-233496,0,0
334,0,0
97986,0,0
580734,0,0
761114,0,0
117317,0,0
90155,0,0
98512,0,0
-99128,0,0
8945,0,0
220254,0,0
-102388,0,0
168541,0,0
253428,0,0
-43084,0,0
258194,0,0
-20885,0,0
-161583,0,0
12034,0,0
-42028,0,0
-159585,0,0
209380,0,0
-124144,0,0
-476225,0,0
-85081,0,0
-284350,0,0
-178516,0,0
-195147,0,0
-162153,0,0
-139033,0,0
179191,0,0
-194176,0,0
-214131,0,0
-154074,0,0
-555637,0,0
-166824,0,0
-217704,0,0
-303023,0,0
36031,0,0
-9431,0,0
-360574,0,0
-61063,0,0
-76210,0,0
-279655,0,0
217040,0,0
-326309,0,0
-75946,0,0
-240910,0,0
-230328,0,0
-197468,0,0
24758,0,0
-281024,0,0
-105820,0,0
-35167,0,0
-313683,0,0
108250,0,0
-144780,0,0
-202186,0,0
-46869,0,0
-186160,0,0
-486527,0,0
-210800,0,0
-276509,0,0
-297498,0,0
173606,0,0
-141340,0,0
78433,0,0
30110,0,0
-156536,0,0
-173863,0,0
-66421,0,0
-293057,0,0
-122548,0,0
12499,0,0
-283724,0,0
41482,0,0
42619,0,0
234790,0,0
274960,0,0
86022,0,0
-306451,0,0
59759,0,0
102607,0,0
65326,0,0
353062,0,0
45871,0,0
140098,0,0
-71680,0,0
-332242,0,0
-120259,0,0
346810,0,0
449482,0,0
584884,0,0
351034,0,0
-118317,0,0
133286,0,0
-111061,0,0
89054,0,0
364370,0,0
250681,0,0
-180262,0,0
91459,0,0
-96459,0,0
-59173,0,0
468448,0,0
246977,0,0
43564,0,0
129727,0,0
183271,0,0
28067,0,0
116511,0,0
-398565,0,0
43543,0,0
-104690,0,0
-82784,0,0
168705,0,0
-166264,0,0
-151499,0,0
-8860,0,0
-17287,0,0
-8610,0,0
322486,0,0
32218,0,0
-193342,0,0
-94833,0,0
-137855,0,0
-107187,0,0
71315,0,0
329,0,0
-161367,0,0
291144,0,0
-257757,0,0
-198226,0,0
147139,0,0
-131686,0,0
136646,0,0
113881,0,0
39282,0,0
-19217,0,0
-88930,0,0
-391541,0,0
-116336,0,0
-213368,0,0
-535999,0,0
-38848,0,0
37760,0,0
303869,0,0
-143286,0,0
-42413,0,0
-238324,0,0
-313140,0,0
-486923,0,0
-417678,0,0
7420,0,0
-172407,0,0
273211,0,0
-5041,0,0
-108969,0,0
-231510,0,0
-116149,0,0
-443209,0,0
2308,0,0
-43754,0,0
-100481,0,0
371675,0,0
-18358,0,0
-114473,0,0
-185898,0,0
-52264,0,0
21264,0,0
344268,0,0
218505,0,0
202619,0,0
434750,0,0
-218158,0,0
76770,0,0
-17172,0,0
15834,0,0
37167,0,0
332753,0,0
-180808,0,0
244439,0,0
129373,0,0
53698,0,0
504283,0,0
242308,0,0
27258,0,0
-264520,0,0
-11352,0,0
-60452,0,0
107768,0,0
-74001,0,0
10664,0,0
-52657,0,0
-182774,0,0
39597,0,0
247073,0,0
82239,0,0
48171,0,0
-183594,0,0
-379154,0,0
105852,0,0
-44985,0,0
-173227,0,0
-107897,0,0
-145806,0,0
-230109,0,0
-36253,0,0
409216,0,0
162084,0,0
19681,0,0
-168927,0,0
-261383,0,0
-73553,0,0
-292556,0,0
4343,0,0
55219,0,0
249208,0,0
298084,0,0
228026,0,0
9619,0,0
129176,0,0
-49810,0,0
-297744,0,0
80076,0,0
-104246,0,0
161998,0,0
232720,0,0
277926,0,0
-122660,0,0
38844,0,0
-85740,0,0
-133388,0,0
91973,0,0
-155081,0,0
211220,0,0
41114,0,0
-142833,0,0
-106352,0,0
-45479,0,0
-395952,0,0
25683,0,0
-18125,0,0
-39224,0,0
313356,0,0
-92193,0,0
-60117,0,0
-67849,0,0
168570,0,0
-269211,0,0
40125,0,0
-69507,0,0
178906,0,0
352275,0,0
-93688,0,0
88514,0,0
12206,0,0
185798,0,0
180056,0,0
191960,0,0
-126432,0,0
197503,0,0
169903,0,0
-72622,0,0
259711,0,0
44318,0,0
58154,0,0
-175975,0,0
137751,0,0
246715,0,0
269550,0,0
-41271,0,0
169286,0,0
-43057,0,0
-198872,0,0
-144848,0,0
251368,0,0
340882,0,0
95389,0,0
225900,0,0
-195795,0,0
-91379,0,0
-146672,0,0
-27298,0,0
319986,0,0
58583,0,0
26307,0,0
-141229,0,0
-204853,0,0
-457579,0,0
158235,0,0
-106059,0,0
-37595,0,0
148176,0,0
-264343,0,0
-375537,0,0
-201998,0,0
38687,0,0
128930,0,0
298922,0,0
-126691,0,0
-151296,0,0
-159625,0,0
-329335,0,0
51808,0,0
48002,0,0
137070,0,0
-63102,0,0
177857,0,0
-100566,0,0
260057,0,0
-61742,0,0
35107,0,0
113715,0,0
-306896,0,0
-186595,0,0
-112860,0,0
-48579,0,0
-52116,0,0
302385,0,0
14347,0,0
22424,0,0
-242100,0,0
-504239,0,0
-244386,0,0
-36059,0,0
132600,0,0
297063,0,0
113259,0,0
-231369,0,0
-209911,0,0
-174476,0,0
291151,0,0
483247,0,0
-39362,0,0
190035,0,0
2419,0,0
-118194,0,0
21886,0,0
294790,0,0
224463,0,0
332471,0,0
86756,0,0
-10616,0,0
307225,0,0
247791,0,0
493938,0,0
407891,0,0
408478,0,0
111710,0,0
57744,0,0
58333,0,0
258378,0,0
472192,0,0
315630,0,0
179037,0,0
180944,0,0
185907,0,0
101864,0,0
377993,0,0
161377,0,0
174342,0,0
242976,0,0
-73323,0,0
219274,0,0
179228,0,0
247419,0,0
11371,0,0
25986,0,0
-231426,0,0
-39818,0,0
60021,0,0
-41638,0,0
10773,0,0
-134087,0,0
26524,0,0
-72608,0,0
-145519,0,0
-392529,0,0
-190358,0,0
-490823,0,0
-251083,0,0
-204887,0,0
-412348,0,0
-51729,0,0
-97529,0,0
-263332,0,0
-432156,0,0
-305779,0,0
-528882,0,0
-229116,0,0
-407859,0,0
-274710,0,0
-168361,0,0
-385274,0,0
-350684,0,0
-232533,0,0
-198049,0,0
-383464,0,0
-123327,0,0
-477671,0,0
-183821,0,0
23806,0,0
-334387,0,0
-100821,0,0
-165875,0,0
-222790,0,0
-552337,0,0
-406513,0,0
-287123,0,0
153292,0,0
56978,0,0
-116995,0,0
-373121,0,0
-306548,0,0
-428506,0,0
-386515,0,0
-36328,0,0
-86477,0,0
254506,0,0
-60795,0,0
139625,0,0
19764,0,0
-179783,0,0
-228880,0,0
-124163,0,0
-91803,0,0
-33586,0,0
117398,0,0
38327,0,0
179983,0,0
264646,0,0
139604,0,0
184877,0,0
91096,0,0
249231,0,0
462704,0,0
221962,0,0
29487,0,0
262756,0,0
36709,0,0
141921,0,0
239406,0,0
194942,0,0
286621,0,0
328526,0,0
315794,0,0
57285,0,0
483691,0,0
403251,0,0
291763,0,0
-62519,0,0
41139,0,0
356731,0,0
81352,0,0
-75699,0,0
196830,0,0
95961,0,0
-62942,0,0
146425,0,0
158676,0,0
89800,0,0
215104,0,0
-30643,0,0
-98055,0,0
-98517,0,0
-118258,0,0
-167045,0,0
-89410,0,0
-108721,0,0
116805,0,0
116937,0,0
33473,0,0
-23818,0,0
-113045,0,0
-134401,0,0
-39905,0,0
-25702,0,0
-98975,0,0
71183,0,0
-67472,0,0
151595,0,0
178624,0,0
-197510,0,0
-165591,0,0
-151998,0,0
-120683,0,0
-111957,0,0
74349,0,0
-169035,0,0
75476,0,0
-37614,0,0
-117726,0,0
283353,0,0
36629,0,0
-102948,0,0
-101417,0,0
-100992,0,0
-373373,0,0
309588,0,0
50065,0,0
-91401,0,0
11789,0,0
-289003,0,0
-132332,0,0
118111,0,0
-71210,0,0
-14552,0,0
364327,0,0
98687,0,0
15998,0,0
-21284,0,0
-142981,0,0
113727,0,0
-56247,0,0
-217135,0,0
115571,0,0
267420,0,0
236446,0,0
267275,0,0
59457,0,0
-192743,0,0
60934,0,0
41507,0,0
-50900,0,0
-46623,0,0
-130319,0,0
34142,0,0
204116,0,0
-53490,0,0
-47961,0,0
24047,0,0
34340,0,0
-7804,0,0
-408964,0,0
-584280,0,0
-180104,0,0
9529,0,0
-3361,0,0
196539,0,0
-192359,0,0
-123805,0,0
110741,0,0
-272284,0,0
-144409,0,0
206733,0,0
-95884,0,0
-113072,0,0
52248,0,0
-253243,0,0
-45810,0,0
28049,0,0
-118244,0,0
116026,0,0
253770,0,0
204739,0,0
136868,0,0
300602,0,0
209203,0,0
205826,0,0
-259624,0,0
-126123,0,0
181082,0,0
183135,0,0
290859,0,0
542694,0,0
291886,0,0
37772,0,0
299862,0,0
138225,0,0
268606,0,0
275547,0,0
111615,0,0
228978,0,0
245258,0,0
188895,0,0
238370,0,0
72257,0,0
-3410,0,0
145284,0,0
-66528,0,0
-57369,0,0
299197,0,0
242785,0,0
19542,0,0
119783,0,0
-315772,0,0
-386189,0,0
1075,0,0
-67728,0,0
-4371,0,0
56588,0,0
-288895,0,0
-234600,0,0
20407,0,0
-21302,0,0
334953,0,0
336472,0,0
10154,0,0
97203,0,0
-122348,0,0
-194994,0,0
82175,0,0
83925,0,0
157465,0,0
444506,0,0
124993,0,0
127495,0,0
554747,0,0
578905,0,0
440132,0,0
324388,0,0
-27297,0,0
106457,0,0
191959,0,0
-152273,0,0
445189,0,0
301174,0,0
106534,0,0
295423,0,0
117935,0,0
-68986,0,0
235798,0,0
215465,0,0
116681,0,0
375363,0,0
104561,0,0
-160387,0,0
3788,0,0
-125217,0,0
-17684,0,0
-64144,0,0
-336152,0,0
49715,0,0
229076,0,0
-102142,0,0
150029,0,0
188337,0,0
-246167,0,0
-158479,0,0
-292564,0,0
-325739,0,0
221437,0,0
17699,0,0
-27509,0,0
309445,0,0
-150140,0,0
-397993,0,0
-198418,0,0
-208186,0,0
-37135,0,0
170744,0,0
-197227,0,0
-30538,0,0
-60138,0,0
-373380,0,0
16295,0,0
-305063,0,0
-295335,0,0
108103,0,0
127659,0,0
-44329,0,0
-152779,0,0
-364485,0,0
-453225,0,0
-107483,0,0
-314310,0,0
-186369,0,0
133371,0,0
-233212,0,0
-200769,0,0
-104606,0,0
-98724,0,0
144638,0,0
116042,0,0
-374543,0,0
-259383,0,0
-227583,0,0
-67205,0,0
165491,0,0
-57721,0,0
-393009,0,0
31184,0,0
139755,0,0
-25979,0,0
270411,0,0
-104375,0,0
-210970,0,0
18667,0,0
42336,0,0
404045,0,0
339544,0,0
-174175,0,0
-3519,0,0
-2136,0,0
-160593,0,0
344518,0,0
336223,0,0
38550,0,0
240977,0,0
244618,0,0
58987,0,0
373073,0,0
128966,0,0
-124426,0,0
249835,0,0
57455,0,0
90086,0,0
344317,0,0
46578,0,0
160661,0,0
148811,0,0
-302217,0,0
-20168,0,0
-73834,0,0
-244170,0,0
468403,0,0
330111,0,0
-13373,0,0
118386,0,0
-192958,0,0
-408469,0,0
-171704,0,0
-299738,0,0
-348631,0,0
3346,0,0
-205808,0,0
154585,0,0
289974,0,0
87362,0,0
-19955,0,0
-8963,0,0
-512389,0,0
-208293,0,0
-56214,0,0
-55986,0,0
361534,0,0
-169620,0,0
-374490,0,0
158484,0,0
201987,0,0
106688,0,0
132226,0,0
-167377,0,0
-133528,0,0
118441,0,0
-192881,0,0
-265247,0,0
112768,0,0
-63387,0,0
67852,0,0
65934,0,0
-229629,0,0
29090,0,0
130962,0,0
-190516,0,0
9810,0,0
16581,0,0
-75188,0,0
183588,0,0
59706,0,0
-329001,0,0
71746,0,0
-247965,0,0
-120442,0,0
348631,0,0
82599,0,0
42266,0,0
245815,0,0
269349,0,0
32712,0,0
16317,0,0
-237142,0,0
342289,0,0
277432,0,0
-288738,0,0
396089,0,0
224192,0,0
-36266,0,0
248667,0,0
186551,0,0
-93514,0,0
122137,0,0
-200415,0,0
-195638,0,0
325503,0,0
-17747,0,0
82347,0,0
157425,0,0
-85569,0,0
-61754,0,0
-1340,0,0
-288987,0,0
-30948,0,0
108236,0,0
-425212,0,0
48457,0,0
-120084,0,0
-73795,0,0
120350,0,0
33456,0,0
-268372,0,0
186657,0,0
-119856,0,0
-320858,0,0
58316,0,0
-148257,0,0
193544,0,0
270072,0,0
-361862,0,0
-355364,0,0
-88123,0,0
-318163,0,0
41265,0,0
74049,0,0
-195864,0,0
329403,0,0
323775,0,0
-46851,0,0
-61499,0,0
-316187,0,0
-351106,0,0
22706,0,0
-67684,0,0
-126089,0,0
140763,0,0
-328643,0,0
5955,0,0
309251,0,0
13429,0,0
120295,0,0
112811,0,0
-174947,0,0
-164599,0,0
-205473,0,0
-451420,0,0
-97857,0,0
195714,0,0
153712,0,0
284604,0,0
79725,0,0
-298030,0,0
-58465,0,0
-132393,0,0
-333416,0,0
-5979,0,0
-249190,0,0
31038,0,0
10505,0,0
-56899,0,0
-504,0,0
6269,0,0
-514790,0,0
-248521,0,0
-55567,0,0
-200044,0,0
-1366,0,0
-137734,0,0
-327683,0,0
-107598,0,0
-151764,0,0
-252491,0,0
274788,0,0
-76673,0,0
-429276,0,0
-172655,0,0
-345581,0,0
-54181,0,0
-3678,0,0
124550,0,0
207483,0,0
153501,0,0
-420628,0,0
-12999,0,0
143735,0,0
-299582,0,0
41231,0,0
-103904,0,0
-132656,0,0
414299,0,0
261619,0,0
-158950,0,0
-123696,0,0
-258690,0,0
-63563,0,0
615452,0,0
320250,0,0
-46693,0,0
-213793,0,0
-39025,0,0
-58564,0,0
265480,0,0
53231,0,0
279431,0,0
214862,0,0
-141677,0,0
18189,0,0
-228670,0,0
-113827,0,0
272997,0,0
316746,0,0
9100,0,0
639752,0,0
193231,0,0
-191170,0,0
132139,0,0
-86565,0,0
347834,0,0
395651,0,0
215158,0,0
58499,0,0
317923,0,0
-14321,0,0
386286,0,0
285177,0,0
-1502,0,0
516496,0,0
204894,0,0
140904,0,0
163045,0,0
171381,0,0
45115,0,0
428961,0,0
32857,0,0
-175018,0,0
90121,0,0
-232809,0,0
-21975,0,0
255863,0,0
237075,0,0
399466,0,0
162494,0,0
-548183,0,0
-165575,0,0
-11746,0,0
-105532,0,0
243051,0,0
160133,0,0
-11577,0,0
-178587,0,0
-96747,0,0
-201024,0,0
30075,0,0
14867,0,0
-204792,0,0
203760,0,0
-421892,0,0
-153159,0,0
-89792,0,0
-124671,0,0
-17703,0,0
335907,0,0
-289504,0,0
-339295,0,0
-210852,0,0
-319143,0,0
-53014,0,0
-41319,0,0
-62731,0,0
-135584,0,0
-263597,0,0
-725170,0,0
-9455,0,0
44789,0,0
-171844,0,0
255279,0,0
-140422,0,0
-212796,0,0
-249294,0,0
-114418,0,0
-112730,0,0
84728,0,0
-183292,0,0
-37911,0,0
376059,0,0
-61920,0,0
131483,0,0
-118738,0,0
-7867,0,0
496025,0,0
698870,0,0
-84340,0,0
75362,0,0
-170772,0,0
-241973,0,0
309349,0,0
354368,0,0
408870,0,0
173441,0,0
181661,0,0
267206,0,0
360581,0,0
-263671,0,0
233797,0,0
463291,0,0
-47226,0,0
460000,0,0
322669,0,0
105026,0,0
78309,0,0
196608,0,0
-75871,0,0
413226,0,0
319790,0,0
78296,0,0
442930,0,0
291129,0,0
154057,0,0
-17350,0,0
-43420,0,0
-153252,0,0
88070,0,0
-144339,0,0
115078,0,0
305405,0,0
-215440,0,0
160054,0,0
284765,0,0
220714,0,0
90643,0,0
-165527,0,0
-579135,0,0
-77593,0,0
-174272,0,0
-341173,0,0
57750,0,0
-172745,0,0
-202324,0,0
-38569,0,0
-87125,0,0
-172951,0,0
109054,0,0
-495950,0,0
-491678,0,0
-75172,0,0
-431388,0,0
8935,0,0
-343362,0,0
-476384,0,0
-239798,0,0
-66477,0,0
-431164,0,0
-60878,0,0
-29497,0,0
-221694,0,0
-89094,0,0
-227873,0,0
-188196,0,0
-196605,0,0
19915,0,0
-42753,0,0
251265,0,0
-30639,0,0
28566,0,0
-45451,0,0
-348194,0,0
65901,0,0
173146,0,0
177579,0,0
219775,0,0
369189,0,0
-187520,0,0
327685,0,0
230480,0,0
191848,0,0
526444,0,0
211849,0,0
72469,0,0
-148629,0,0
95117,0,0
354488,0,0
693617,0,0
227169,0,0
281826,0,0
152650,0,0
-194858,0,0
320872,0,0
401736,0,0
391773,0,0
232623,0,0
342205,0,0
-105075,0,0
141523,0,0
-39869,0,0
-80293,0,0
240085,0,0
-13223,0,0
244290,0,0
373861,0,0
439268,0,0
395126,0,0
273046,0,0
-406863,0,0
-465145,0,0
-88905,0,0
-373694,0,0
45740,0,0
87576,0,0
229097,0,0
340864,0,0
370972,0,0
-339880,0,0
-304623,0,0
-428906,0,0
-298157,0,0
135780,0,0
-338803,0,0
-172632,0,0
-379838,0,0
-220750,0,0
-306487,0,0
30576,0,0
-265425,0,0
-283163,0,0
-35863,0,0
-120593,0,0
-200484,0,0
-467733,0,0
-271291,0,0
-234443,0,0
-255471,0,0
-427986,0,0
-178792,0,0
-183898,0,0
-418420,0,0
-91037,0,0
-50161,0,0
-80325,0,0
-107354,0,0
-208392,0,0
-291770,0,0
-24978,0,0
-273077,0,0
-301159,0,0
-31351,0,0
-339627,0,0
-19928,0,0
-66798,0,0
-132943,0,0
-288877,0,0
148029,0,0
-97076,0,0
227195,0,0
111608,0,0
-308150,0,0
-92166,0,0
-173756,0,0
-76275,0,0
-24329,0,0
62531,0,0
65763,0,0
429769,0,0
-48834,0,0
-114329,0,0
126432,0,0
-264158,0,0
45693,0,0
-47648,0,0
197116,0,0
209354,0,0
298162,0,0
-131317,0,0
52155,0,0
-130197,0,0
-348102,0,0
54956,0,0
-220730,0,0
-119144,0,0
-135038,0,0
255949,0,0
234727,0,0
331351,0,0
-32678,0,0
-265251,0,0
-26989,0,0
-450261,0,0
-213079,0,0
-46427,0,0
-3164,0,0
6022,0,0
148747,0,0
80564,0,0
140347,0,0
-120989,0,0
-147190,0,0
110226,0,0
-21178,0,0
333925,0,0
-51443,0,0
-136941,0,0
-75142,0,0
166383,0,0
-203118,0,0
-74491,0,0
173751,0,0
-172276,0,0
117820,0,0
116308,0,0
224477,0,0
-81859,0,0
115661,0,0
-403970,0,0
-192688,0,0
-228216,0,0
-141695,0,0
296256,0,0
-89554,0,0
-122414,0,0
-259420,0,0
-195588,0,0
-289574,0,0
-136134,0,0
-130896,0,0
-158146,0,0
-170975,0,0
-515784,0,0
-204773,0,0
-122314,0,0
-56227,0,0
-195403,0,0
-110979,0,0
-400706,0,0
-224333,0,0
-297846,0,0
-499455,0,0
-36991,0,0
-292497,0,0
-184648,0,0
-416285,0,0
-392807,0,0
-327992,0,0
-108490,0,0
43544,0,0
-112639,0,0
-183180,0,0
-480944,0,0
-319689,0,0
-349258,0,0
-332757,0,0
-155921,0,0
-60162,0,0
-347688,0,0
-15632,0,0
-196075,0,0
-411246,0,0
-250950,0,0
-120619,0,0
-63759,0,0
-186622,0,0
213451,0,0
-225936,0,0
-299948,0,0
-446478,0,0
-259141,0,0
132165,0,0
84273,0,0
84325,0,0
97551,0,0
-189392,0,0
-258482,0,0
53344,0,0
159468,0,0
38166,0,0
-12304,0,0
59834,0,0
396483,0,0
205032,0,0
58856,0,0
-78541,0,0
190382,0,0
-3619,0,0
230902,0,0
130577,0,0
21777,0,0
469499,0,0
123010,0,0
53482,0,0
139128,0,0
253343,0,0
130809,0,0
125060,0,0
-181374,0,0
85241,0,0
-15451,0,0
-318267,0,0
68613,0,0
86319,0,0
184047,0,0
-52079,0,0
94047,0,0
-93923,0,0
-263096,0,0
-352774,0,0
-283145,0,0
10283,0,0
-71366,0,0
352128,0,0
-7270,0,0
-167292,0,0
-335710,0,0
-160254,0,0
-267681,0,0
-16377,0,0
-216409,0,0
-210752,0,0
218472,0,0
321450,0,0
-62107,0,0
-409854,0,0
-197735,0,0
-279102,0,0
-159650,0,0
-167330,0,0
85078,0,0
127738,0,0
-142947,0,0
-301584,0,0
-274121,0,0
-22099,0,0
-177239,0,0
-53132,0,0
-101377,0,0
-18857,0,0
52789,0,0
-224565,0,0
-161656,0,0
25188,0,0
-15392,0,0
-47940,0,0
381697,0,0
110004,0,0
84766,0,0
-139867,0,0
-228711,0,0
38158,0,0
66492,0,0
267016,0,0
600757,0,0
482846,0,0
-128711,0,0
146572,0,0
17749,0,0
6966,0,0
286902,0,0
390357,0,0
230725,0,0
-17324,0,0
-206911,0,0
94973,0,0
517510,0,0
139233,0,0
352927,0,0
342458,0,0
175620,0,0
135450,0,0
-31572,0,0
-28721,0,0
-13108,0,0
51635,0,0
-137507,0,0
209463,0,0
-12234,0,0
33190,0,0
42092,0,0
-55260,0,0
-18334,0,0
126642,0,0
25611,0,0
3285,0,0
88469,0,0
-241007,0,0
-277194,0,0
-220392,0,0
-335196,0,0
-10467,0,0
-103696,0,0
-87329,0,0
252024,0,0
171604,0,0
-214077,0,0
-110256,0,0
-365029,0,0
-150943,0,0
-152696,0,0
-114209,0,0
-19018,0,0
272562,0,0
-18087,0,0
-127839,0,0
-62297,0,0
-156450,0,0
89234,0,0
-129404,0,0
-130855,0,0
275573,0,0
259434,0,0
-82361,0,0
-174834,0,0
-184015,0,0
-323983,0,0
202810,0,0
283185,0,0
257562,0,0
200378,0,0
-27205,0,0
105783,0,0
292562,0,0
83112,0,0
-137879,0,0
-2805,0,0
-134333,0,0
158553,0,0
358334,0,0
44947,0,0
433287,0,0
463442,0,0
-30076,0,0
67120,0,0
380994,0,0
108607,0,0
270747,0,0
199642,0,0
466467,0,0
238354,0,0
-65544,0,0
11812,0,0
182821,0,0
116274,0,0
50825,0,0
402427,0,0
83753,0,0
490523,0,0
526309,0,0
433056,0,0
219702,0,0
-58867,0,0
-64300,0,0
164678,0,0
189833,0,0
278594,0,0
294774,0,0
231156,0,0
187061,0,0
341065,0,0
-51019,0,0
22253,0,0
268256,0,0
317521,0,0
238136,0,0
32599,0,0
-146481,0,0
44053,0,0
-162330,0,0
-226159,0,0
65351,0,0
-140052,0,0
-245626,0,0
-71371,0,0
165903,0,0
172222,0,0
10640,0,0
-282753,0,0
-421368,0,0
-249132,0,0
-302647,0,0
-417761,0,0
48362,0,0
-278778,0,0
-239557,0,0
-220438,0,0
-341640,0,0
-36130,0,0
-133467,0,0
-576162,0,0
-424219,0,0
-420724,0,0
-538545,0,0
-301569,0,0
-188968,0,0
-326791,0,0
-39320,0,0
-460765,0,0
-627321,0,0
-440805,0,0
-654956,0,0
-589435,0,0
-48869,0,0
-177593,0,0
-339068,0,0
-322689,0,0
-521109,0,0
-258874,0,0
-234431,0,0
-623572,0,0
-481425,0,0
-449804,0,0
-266494,0,0
204683,0,0
10373,0,0
-255577,0,0
-313747,0,0
-276437,0,0
-544536,0,0
-214,0,0
-123233,0,0
-249163,0,0
64191,0,0
22318,0,0
-120317,0,0
-35794,0,0
47511,0,0
130162,0,0
82919,0,0
-218503,0,0
-87339,0,0
138496,0,0
-133686,0,0
327085,0,0
328189,0,0
326523,0,0
351036,0,0
2919,0,0
-132032,0,0
160731,0,0
293806,0,0
147213,0,0
393592,0,0
253364,0,0
221137,0,0
325347,0,0
306816,0,0
555409,0,0
257233,0,0
-124335,0,0
212207,0,0
516950,0,0
187532,0,0
457408,0,0
289619,0,0
1965,0,0
109773,0,0
-32151,0,0
282647,0,0
552210,0,0
211356,0,0
245494,0,0
614818,0,0
14636,0,0
-40702,0,0
130966,0,0
7928,0,0
41702,0,0
229078,0,0
75815,0,0
141960,0,0
295624,0,0
165218,0,0
157784,0,0
-175645,0,0
-498794,0,0
-262343,0,0
-229737,0,0
-160202,0,0
105211,0,0
-59271,0,0
-213279,0,0
60731,0,0
-314286,0,0
-500608,0,0
-340039,0,0
-296002,0,0
-204026,0,0
-120981,0,0
-235225,0,0
-101074,0,0
-206982,0,0
-587500,0,0
-243269,0,0
-284038,0,0
-303488,0,0
-89421,0,0
-141198,0,0
-363581,0,0
-99029,0,0
-174184,0,0
-27064,0,0
278613,0,0
-441237,0,0
-607131,0,0
-199019,0,0
-170363,0,0
266536,0,0
457813,0,0
77524,0,0
71690,0,0
191319,0,0
-175320,0,0
-36664,0,0
124004,0,0
274163,0,0
242985,0,0
204231,0,0
182880,0,0
404418,0,0
213785,0,0
73845,0,0
291018,0,0
57895,0,0
204990,0,0
178998,0,0
-242958,0,0
9104,0,0
474357,0,0
324737,0,0
443155,0,0
484419,0,0
-224619,0,0
-42547,0,0
29365,0,0
-115693,0,0
383438,0,0
122920,0,0
-137768,0,0
137151,0,0
285360,0,0
21314,0,0
470339,0,0
405787,0,0
194130,0,0
-11461,0,0
66092,0,0
114610,0,0
328094,0,0
251869,0,0
356197,0,0
244273,0,0
-25500,0,0
255715,0,0
281184,0,0
266984,0,0
404518,0,0
52576,0,0
-137467,0,0
358759,0,0
307537,0,0
191733,0,0
429091,0,0
-95137,0,0
-219939,0,0
68518,0,0
104204,0,0
233212,0,0
351756,0,0
-328982,0,0
-47879,0,0
-60001,0,0
-210516,0,0
113908,0,0
13405,0,0
-110178,0,0
211422,0,0
21143,0,0
-357084,0,0
78944,0,0
-43844,0,0
-490031,0,0
-72064,0,0
-125879,0,0
-37745,0,0
-294956,0,0
-578494,0,0
-464795,0,0
-312680,0,0
-194698,0,0
8908,0,0
155090,0,0
-607168,0,0
-306425,0,0
-506190,0,0
-319706,0,0
-190301,0,0
-398009,0,0
-736139,0,0
-261652,0,0
-187755,0,0
-241866,0,0
-584,0,0
-422247,0,0
-306912,0,0
-280700,0,0
-534541,0,0
-143793,0,0
385521,0,0
-304897,0,0
-188586,0,0
-29148,0,0
-81781,0,0
114861,0,0
87965,0,0
116994,0,0
-51797,0,0
34621,0,0
-150433,0,0
259745,0,0
-5381,0,0
-98433,0,0
239759,0,0
-81223,0,0
83524,0,0
152908,0,0
8106,0,0
-88487,0,0
301439,0,0
-120945,0,0
161343,0,0
23158,0,0
-637579,0,0
-210675,0,0
-404826,0,0
91371,0,0
552975,0,0
375001,0,0
-280713,0,0
70612,0,0
-24211,0,0
-269302,0,0
254177,0,0
73721,0,0
288445,0,0
45030,0,0
-20932,0,0
-55765,0,0
83266,0,0
131346,0,0
314737,0,0
347285,0,0
-22976,0,0
567299,0,0
649896,0,0
357914,0,0
102330,0,0
24865,0,0
-301743,0,0
244466,0,0
68280,0,0
177550,0,0
508032,0,0
98519,0,0
313902,0,0
490965,0,0
432376,0,0
374896,0,0
490641,0,0
-347352,0,0
-431332,0,0
-46609,0,0
-28222,0,0
239333,0,0
255132,0,0
154051,0,0
252029,0,0
164845,0,0
-399027,0,0
-71252,0,0
57937,0,0
-2941,0,0
220351,0,0
-112033,0,0
-128700,0,0
-94299,0,0
13129,0,0
119980,0,0
25572,0,0
-433832,0,0
-145489,0,0
18270,0,0
-324677,0,0
277693,0,0
306593,0,0
-150674,0,0
-218578,0,0
-429836,0,0
-529350,0,0
164475,0,0
354196,0,0
15567,0,0
136933,0,0
-3607,0,0
209010,0,0
-172627,0,0
-167337,0,0
-260863,0,0
34797,0,0
-164868,0,0
116599,0,0
184204,0,0
-377186,0,0
234227,0,0
116356,0,0
-115445,0,0
-105737,0,0
-155343,0,0
-363578,0,0
77607,0,0
-149843,0,0
-155642,0,0
405336,0,0
-88327,0,0
-101505,0,0
-303835,0,0
-236751,0,0
-60583,0,0
360203,0,0
14972,0,0
203342,0,0
266454,0,0
-233622,0,0
99031,0,0
-90405,0,0
33999,0,0
458390,0,0
305514,0,0
-80492,0,0
135081,0,0
-164664,0,0
-221687,0,0
257690,0,0
34682,0,0
195226,0,0
70685,0,0
-149072,0,0
-165571,0,0
33281,0,0
-231780,0,0
79630,0,0
299055,0,0
-236510,0,0
-178651,0,0
-179003,0,0
-237316,0,0
-16092,0,0
264466,0,0
44259,0,0
292770,0,0
118617,0,0
-253000,0,0
32410,0,0
-321634,0,0
-183884,0,0
-1115,0,0
472692,0,0
274557,0,0
240612,0,0
-159420,0,0
-41427,0,0
224670,0,0
-56304,0,0
127838,0,0
110692,0,0
290005,0,0
527763,0,0
244178,0,0
128907,0,0
277626,0,0
89208,0,0
-384223,0,0
199304,0,0
239080,0,0
287874,0,0
106720,0,0
25283,0,0
-124349,0,0
77002,0,0
-162881,0,0
94216,0,0
276310,0,0
264427,0,0
485628,0,0
-39202,0,0
-338969,0,0
-202289,0,0
273090,0,0
-74010,0,0
-16477,0,0
-213325,0,0
-215288,0,0
392548,0,0
287895,0,0
642339,0,0
363956,0,0
-59451,0,0
-158231,0,0
-13273,0,0
-197422,0,0
218266,0,0
531102,0,0
63102,0,0
422481,0,0
239809,0,0
235856,0,0
144223,0,0
42865,0,0
-427893,0,0
-68059,0,0
-50421,0,0
-170288,0,0
196716,0,0
205054,0,0
184489,0,0
299668,0,0
273865,0,0
233240,0,0
288800,0,0
-161353,0,0
-206852,0,0
-285214,0,0
-459360,0,0
221059,0,0
225425,0,0
90623,0,0
67393,0,0
310628,0,0
-134978,0,0
132033,0,0
-293297,0,0
-295438,0,0
-76670,0,0
-327862,0,0
-164590,0,0
-20386,0,0
102230,0,0
-210558,0,0
-25141,0,0
-422488,0,0
-170816,0,0
-78424,0,0
-527422,0,0
-143130,0,0
-196494,0,0
-21021,0,0
326223,0,0
472471,0,0
-138614,0,0
150896,0,0
-196217,0,0
-449773,0,0
86813,0,0
-168811,0,0
179737,0,0
223169,0,0
348693,0,0
244509,0,0
224107,0,0
-75025,0,0
276773,0,0
348605,0,0
-32387,0,0
164296,0,0
11847,0,0
130657,0,0
217534,0,0
182202,0,0
-477016,0,0
-121416,0,0
6555,0,0
-82748,0,0
383986,0,0
218297,0,0
216408,0,0
-117561,0,0
-153438,0,0
-383579,0,0
-121835,0,0
-450644,0,0
-498507,0,0
-187422,0,0
-427709,0,0
115032,0,0
-57469,0,0
70113,0,0
291708,0,0
-119702,0,0
-418329,0,0
108358,0,0
-100060,0,0
-364869,0,0
33,0,0
-128572,0,0
101675,0,0
117850,0,0
321155,0,0
-145154,0,0
34919,0,0
21433,0,0
90255,0,0
263413,0,0
-15512,0,0
519720,0,0
410698,0,0
94196,0,0
-39637,0,0
381582,0,0
-82940,0,0
145538,0,0
88309,0,0
-57965,0,0
154596,0,0
79857,0,0
237114,0,0
299702,0,0
366506,0,0
409429,0,0
399294,0,0
-378966,0,0
-444340,0,0
-234466,0,0
-184115,0,0
248862,0,0
680374,0,0
-25546,0,0
-266543,0,0
5997,0,0
-182377,0,0
-15467,0,0
-72019,0,0
-114566,0,0
-30909,0,0
-239550,0,0
-72167,0,0
-362724,0,0
-4805,0,0
46759,0,0
248907,0,0
-245854,0,0
-204157,0,0
-267189,0,0
-328930,0,0
-74258,0,0
-162854,0,0
-154000,0,0
-54641,0,0
238929,0,0
141933,0,0
26221,0,0
-350751,0,0
-390797,0,0
-267345,0,0
-256519,0,0
31518,0,0
-91481,0,0
-9750,0,0
-134449,0,0
146043,0,0
-243873,0,0
-243181,0,0
4339,0,0
-427426,0,0
-220779,0,0
-23201,0,0
-144072,0,0
-300228,0,0
-344549,0,0
-482831,0,0
-16325,0,0
98926,0,0
-39071,0,0
-2568,0,0
-97639,0,0
-490149,0,0
-680063,0,0
-238340,0,0
-285108,0,0
-165803,0,0
-177684,0,0
-180249,0,0
64116,0,0
-23768,0,0
-168346,0,0
-186865,0,0
73872,0,0
-420408,0,0
-402671,0,0
-184999,0,0
176090,0,0
-164052,0,0
-379683,0,0
180463,0,0
117349,0,0
241170,0,0
62000,0,0
500577,0,0
358053,0,0
119046,0,0
-145606,0,0
-73897,0,0
236169,0,0
-81046,0,0
398768,0,0
507908,0,0
657270,0,0
121903,0,0
-8161,0,0
-15063,0,0
349835,0,0
286882,0,0
82191,0,0
263202,0,0
236622,0,0
-12222,0,0
-346666,0,0
30945,0,0
-1365,0,0
85597,0,0
-189719,0,0
-85937,0,0
155215,0,0
-297595,0,0
-97026,0,0
-182206,0,0
-381509,0,0
-400908,0,0
-217517,0,0
-370992,0,0
-345732,0,0
-151391,0,0
-241511,0,0
-147247,0,0
-371701,0,0
-326150,0,0
-348233,0,0
-197455,0,0
-452687,0,0
-196341,0,0
-337947,0,0
-327642,0,0
2549,0,0
95934,0,0
-133768,0,0
-371046,0,0
-384719,0,0
-265645,0,0
234796,0,0
-92694,0,0
153147,0,0
75515,0,0
-235943,0,0
24642,0,0
64152,0,0
246849,0,0
-145461,0,0
-99654,0,0
-101427,0,0
76965,0,0
-72964,0,0
-201899,0,0
308094,0,0
457898,0,0
388541,0,0
257603,0,0
-209675,0,0
-565271,0,0
-301815,0,0
-428798,0,0
-105157,0,0
63723,0,0
182173,0,0
89282,0,0
272330,0,0
142511,0,0
-137021,0,0
-378376,0,0
-375705,0,0
201733,0,0
311865,0,0
43789,0,0
102934,0,0
-318236,0,0
-235738,0,0
-21405,0,0
25328,0,0
-146581,0,0
199598,0,0
97726,0,0
275939,0,0
183991,0,0
-258575,0,0
-296860,0,0
-157313,0,0
-289638,0,0
-308408,0,0
270726,0,0
98050,0,0
191686,0,0
-166142,0,0
-287001,0,0
-94395,0,0
236128,0,0
12115,0,0
-139837,0,0
177517,0,0
-24867,0,0
272134,0,0
173707,0,0
210398,0,0
241421,0,0
-10543,0,0
-86222,0,0
-40333,0,0
-70459,0,0
241975,0,0
335907,0,0
63555,0,0
-2137,0,0
-47909,0,0
-194431,0,0
172257,0,0
-191863,0,0
-532092,0,0
-34243,0,0
218872,0,0
107342,0,0
69167,0,0
-184067,0,0
-156677,0,0
-78520,0,0
-192877,0,0
-142604,0,0
19052,0,0
161228,0,0
143471,0,0
110283,0,0
-24637,0,0
121734,0,0
8164,0,0
-229783,0,0
-34740,0,0
30997,0,0
239391,0,0
261734,0,0
484156,0,0
150502,0,0
432269,0,0
187513,0,0
-40222,0,0
-51597,0,0
-240895,0,0
75352,0,0
515412,0,0
347027,0,0
306432,0,0
614002,0,0
28948,0,0
-334293,0,0
-112469,0,0
72906,0,0
203958,0,0
98292,0,0
57116,0,0
222710,0,0
259846,0,0
-204433,0,0
-249705,0,0
-290755,0,0
-168956,0,0
187440,0,0
106157,0,0
-102050,0,0
-141754,0,0
-171032,0,0
-260909,0,0
-136846,0,0
-129253,0,0
156808,0,0
54524,0,0
-324577,0,0
-188190,0,0
-180888,0,0
-449677,0,0
-157521,0,0
15695,0,0
-82298,0,0
192570,0,0
-143606,0,0
-410833,0,0
-50964,0,0
-327165,0,0
-151643,0,0
124669,0,0
163379,0,0
6986,0,0
86318,0,0
-108891,0,0
163330,0,0
233345,0,0
-29033,0,0
216142,0,0
272881,0,0
235557,0,0
498216,0,0
318080,0,0
191558,0,0
426736,0,0
342119,0,0
522452,0,0
555282,0,0
341633,0,0
102135,0,0
334144,0,0
152548,0,0
462371,0,0
919347,0,0
461264,0,0
520632,0,0
553415,0,0
195510,0,0
254682,0,0
85743,0,0
-13165,0,0
97772,0,0
296763,0,0
45590,0,0
520545,0,0
205926,0,0
3565,0,0
326729,0,0
-11825,0,0
-106811,0,0
131758,0,0
112366,0,0
225835,0,0
260549,0,0
-36909,0,0
-116503,0,0
35117,0,0
-72604,0,0
60884,0,0
140688,0,0
19679,0,0
317715,0,0
271340,0,0
-217679,0,0
-47894,0,0
-189682,0,0
-63660,0,0
93929,0,0
-15862,0,0
-226372,0,0
-43567,0,0
-358436,0,0
-339075,0,0
-130318,0,0
-202102,0,0
-326680,0,0
-76161,0,0
-273791,0,0
-288934,0,0
-217753,0,0
-308568,0,0
26567,0,0
-152379,0,0
-462958,0,0
-116313,0,0
-310726,0,0
-467406,0,0
-200658,0,0
-408005,0,0
-420246,0,0
44544,0,0
-179200,0,0
-177307,0,0
-183564,0,0
-437985,0,0
-275832,0,0
-28077,0,0
-243135,0,0
-254374,0,0
-88829,0,0
-323246,0,0
-282589,0,0
-278471,0,0
-213378,0,0
-2844,0,0
-18005,0,0
-213429,0,0
123714,0,0
-46543,0,0
-24879,0,0
200940,0,0
-226845,0,0
-265487,0,0
98597,0,0
88657,0,0
141553,0,0
311888,0,0
54053,0,0
185389,0,0
340457,0,0
23641,0,0
205021,0,0
133480,0,0
137856,0,0
624051,0,0
374515,0,0
-36495,0,0
313393,0,0
282285,0,0
37213,0,0
354030,0,0
337422,0,0
293006,0,0
224566,0,0
156764,0,0
304384,0,0
305019,0,0
-15739,0,0
362644,0,0
274100,0,0
-236279,0,0
-65185,0,0
34434,0,0
-35166,0,0
136717,0,0
211308,0,0
-57637,0,0
182286,0,0
-268363,0,0
-148484,0,0
334576,0,0
-231861,0,0
-416221,0,0
-45631,0,0
42958,0,0
22636,0,0
-2655,0,0
-380044,0,0
35231,0,0
44342,0,0
-121961,0,0
178573,0,0
239985,0,0
-257012,0,0
-320189,0,0
-200141,0,0
-201703,0,0
72667,0,0
34930,0,0
65788,0,0
218563,0,0
-234911,0,0
-175622,0,0
2363,0,0
-106305,0,0
62623,0,0
-18435,0,0
-149172,0,0
-97039,0,0
-40534,0,0
-386566,0,0
42746,0,0
58492,0,0
-149672,0,0
123468,0,0
8322,0,0
-207168,0,0
-100779,0,0
-495118,0,0
-508403,0,0
26476,0,0
-144320,0,0
-279565,0,0
-32878,0,0
-450920,0,0
-306627,0,0
-314059,0,0
-399884,0,0
-34929,0,0
-92036,0,0
-506568,0,0
-400705,0,0
-447255,0,0
-324582,0,0
60160,0,0
-14634,0,0
-126055,0,0
101367,0,0
-280790,0,0
-341208,0,0
-39563,0,0
-216812,0,0
69004,0,0
341361,0,0
339840,0,0
136018,0,0
125966,0,0
-269768,0,0
129932,0,0
292608,0,0
-26346,0,0
149250,0,0
292684,0,0
287814,0,0
418571,0,0
112508,0,0
-115136,0,0
194323,0,0
129159,0,0
-128594,0,0
237546,0,0
299846,0,0
419674,0,0
399076,0,0
-26065,0,0
-211153,0,0
238604,0,0
-19205,0,0
287819,0,0
261072,0,0
-76533,0,0
37415,0,0
114162,0,0
25175,0,0
249773,0,0
162927,0,0
-145510,0,0
25415,0,0
-94531,0,0
-227734,0,0
235339,0,0
-104942,0,0
-234618,0,0
-124489,0,0
-48909,0,0
312706,0,0
398794,0,0
-266450,0,0
-344300,0,0
-159353,0,0
-580041,0,0
-28268,0,0
144098,0,0
-37099,0,0
117270,0,0
37116,0,0
-335756,0,0
-158088,0,0
-381708,0,0
-417548,0,0
9295,0,0
-71593,0,0
-170148,0,0
-173938,0,0
-230608,0,0
-186223,0,0
-70823,0,0
-470328,0,0
-333872,0,0
-228781,0,0
-461844,0,0
-103976,0,0
-156516,0,0
-178144,0,0
178382,0,0
107694,0,0
-293663,0,0
-130565,0,0
-43370,0,0
-462378,0,0
53478,0,0
-341348,0,0
-107372,0,0
-220424,0,0
-46480,0,0
-30021,0,0
160131,0,0
-312292,0,0
171453,0,0
391731,0,0
-275165,0,0
38618,0,0
-373945,0,0
-351674,0,0
54281,0,0
94509,0,0
-215928,0,0
250081,0,0
33567,0,0
85666,0,0
412511,0,0
205750,0,0
75817,0,0
-10455,0,0
-1291,0,0
116146,0,0
259741,0,0
95616,0,0
453166,0,0
622368,0,0
169340,0,0
308932,0,0
220445,0,0
302503,0,0
501615,0,0
643144,0,0
267947,0,0
582305,0,0
360542,0,0
132869,0,0
433610,0,0
296571,0,0
319193,0,0
424504,0,0
338280,0,0
388406,0,0
542677,0,0
56529,0,0
328830,0,0
291828,0,0
-87872,0,0
208273,0,0
360218,0,0
194609,0,0
214295,0,0
-33065,0,0
-270342,0,0
43855,0,0
-198890,0,0
-268021,0,0
393483,0,0
324418,0,0
198321,0,0
-30911,0,0
-310843,0,0
-166872,0,0
305418,0,0
-389460,0,0
-92209,0,0
11841,0,0
-452578,0,0
-27196,0,0
-56215,0,0
-23878,0,0
129798,0,0
103189,0,0
-77697,0,0
56318,0,0
-442009,0,0
-504042,0,0
-70954,0,0
-44702,0,0
-160195,0,0
-78446,0,0
-87439,0,0
-119624,0,0
117047,0,0
-436586,0,0
-332508,0,0
-129571,0,0
-283245,0,0
21845,0,0
-30160,0,0
-3876,0,0
-278377,0,0
-248293,0,0
-547332,0,0
168917,0,0
-153599,0,0
-390991,0,0
63714,0,0
-170803,0,0
-353858,0,0
-213711,0,0
-110641,0,0
-78038,0,0
102546,0,0
-394419,0,0
-328328,0,0
-256854,0,0
-405516,0,0
114855,0,0
93250,0,0
45114,0,0
-158286,0,0
-195921,0,0
-423269,0,0
131727,0,0
-59288,0,0
105464,0,0
299658,0,0
-106670,0,0
-178169,0,0
-134832,0,0
-59133,0,0
200100,0,0
538216,0,0
194066,0,0
261559,0,0
348091,0,0
-154523,0,0
178,0,0
174376,0,0
632964,0,0
769526,0,0
395677,0,0
-147189,0,0
435845,0,0
205810,0,0
-93642,0,0
629181,0,0
247517,0,0
310596,0,0
212437,0,0
307824,0,0
205120,0,0
345773,0,0
27308,0,0
153284,0,0
305355,0,0
19466,0,0
174204,0,0
-150620,0,0
-10971,0,0
-91047,0,0
73335,0,0
-253105,0,0
29821,0,0
53054,0,0
-148724,0,0
123561,0,0
-337766,0,0
-203931,0,0
54277,0,0
-2417,0,0
-167399,0,0
16023,0,0
-416352,0,0
-242213,0,0
-5758,0,0
-324410,0,0
-60239,0,0
-81012,0,0
-123943,0,0
129208,0,0
26711,0,0
-346274,0,0
-200321,0,0
-393849,0,0
-267759,0,0
29454,0,0
-67982,0,0
-55507,0,0
-239443,0,0
-214665,0,0
-40817,0,0
158861,0,0
-223026,0,0
-44680,0,0
93025,0,0
-378535,0,0
130076,0,0
-13333,0,0
-168524,0,0
-25950,0,0
-4985,0,0
-320941,0,0
-80533,0,0
-174981,0,0
-281982,0,0
313149,0,0
-136239,0,0
-233361,0,0
-30405,0,0
147454,0,0
-19481,0,0
-22440,0,0
-294643,0,0
-340759,0,0
-154575,0,0
-302572,0,0
117703,0,0
-17561,0,0
200514,0,0
302184,0,0
-8950,0,0
-405689,0,0
130357,0,0
-55203,0,0
-106754,0,0
389037,0,0
382017,0,0
380103,0,0
-2668,0,0
232788,0,0
151119,0,0
304277,0,0
-107453,0,0
300862,0,0
508575,0,0
173869,0,0
330778,0,0
407141,0,0
695780,0,0
541759,0,0
317129,0,0
-160183,0,0
156502,0,0
195775,0,0
214293,0,0
430200,0,0
304291,0,0
210950,0,0
-32898,0,0
110907,0,0
307558,0,0
573696,0,0
-62983,0,0
-103588,0,0
239199,0,0
-153369,0,0
159435,0,0
-21658,0,0
-96656,0,0
153546,0,0
134228,0,0
-80812,0,0
173303,0,0
-66164,0,0
-310097,0,0
143080,0,0
260101,0,0
214561,0,0
-97092,0,0
-186706,0,0
-295033,0,0
-36143,0,0
-245317,0,0
29617,0,0
203963,0,0
-232135,0,0
-67906,0,0
-219470,0,0
-78636,0,0
7024,0,0
-4102,0,0
-281857,0,0
206034,0,0
174891,0,0
-137634,0,0
82478,0,0
-114686,0,0
15473,0,0
-96113,0,0
253275,0,0
69390,0,0
256338,0,0
-157527,0,0
187495,0,0
541458,0,0
-72271,0,0
256344,0,0
260616,0,0
32543,0,0
97614,0,0
511369,0,0
114096,0,0
239182,0,0
32286,0,0
1082,0,0
374230,0,0
233688,0,0
153209,0,0
71979,0,0
345528,0,0
240191,0,0
174000,0,0
-245332,0,0
-85241,0,0
191409,0,0
-279631,0,0
-38631,0,0
-80405,0,0
159230,0,0
183994,0,0
381329,0,0
-13165,0,0
22468,0,0
-261850,0,0
-282835,0,0
-71704,0,0
-143005,0,0
201550,0,0
42236,0,0
267428,0,0
44958,0,0
479195,0,0
-20142,0,0
54430,0,0
329280,0,0
-72074,0,0
-11685,0,0
154758,0,0
322966,0,0
424513,0,0
561301,0,0
151236,0,0
310627,0,0
375242,0,0
120893,0,0
404772,0,0
164319,0,0
165396,0,0
75459,0,0
307775,0,0
147015,0,0
247458,0,0
-135813,0,0
-190533,0,0
8311,0,0
-26566,0,0
384285,0,0
405367,0,0
-123140,0,0
-285317,0,0
-208545,0,0
-443163,0,0
-284771,0,0
-252318,0,0
-8593,0,0
70134,0,0
-30857,0,0
-194703,0,0
-379639,0,0
-121817,0,0
-202209,0,0
-27491,0,0
-240118,0,0
-73523,0,0
55480,0,0
-196252,0,0
206341,0,0
-199193,0,0
-98663,0,0
-137439,0,0
-74293,0,0
-495750,0,0
-250938,0,0
-228674,0,0
-257541,0,0
159734,0,0
80746,0,0
332766,0,0
-109722,0,0
-201178,0,0
-497542,0,0
-69503,0,0
-64052,0,0
-152320,0,0
42371,0,0
-176383,0,0
-51539,0,0
64186,0,0
12661,0,0
-201777,0,0
-18365,0,0
-166527,0,0
88212,0,0
-21050,0,0
10765,0,0
-73282,0,0
-399590,0,0
-371511,0,0
-283082,0,0
-100188,0,0
-369121,0,0
31687,0,0
-10212,0,0
25038,0,0
-176432,0,0
-560751,0,0
-587412,0,0
-298731,0,0
-269125,0,0
-205302,0,0
-20577,0,0
-187737,0,0
-34170,0,0
-181219,0,0
-270551,0,0
-35331,0,0
112376,0,0
208573,0,0
186263,0,0
220782,0,0
-247598,0,0
9173,0,0
-108846,0,0
-24334,0,0
378163,0,0
701456,0,0
608025,0,0
386608,0,0
133348,0,0
20863,0,0
511145,0,0
123714,0,0
143829,0,0
166463,0,0
-104549,0,0
251579,0,0
297626,0,0
411557,0,0
365867,0,0
311687,0,0
-70232,0,0
57559,0,0
-125859,0,0
-32470,0,0
77660,0,0
-16227,0,0
-68553,0,0
-90187,0,0
276621,0,0
-36777,0,0
169504,0,0
-52610,0,0
-216311,0,0
-4888,0,0
-317002,0,0
-143531,0,0
-73165,0,0
-135046,0,0
-167730,0,0
122897,0,0
207,0,0
117494,0,0
-132825,0,0
-478461,0,0
-152621,0,0
-270577,0,0
-313014,0,0
18128,0,0
93182,0,0
-87768,0,0
277027,0,0
-204064,0,0
-142574,0,0
-256793,0,0
-367754,0,0
-78336,0,0
-130870,0,0
-30930,0,0
160395,0,0
156621,0,0
64886,0,0
-10486,0,0
-54964,0,0
-213943,0,0
84163,0,0
99530,0,0
-41242,0,0
109169,0,0
40427,0,0
23061,0,0
254181,0,0
-42802,0,0
-269638,0,0
59110,0,0
117974,0,0
178746,0,0
104680,0,0
115523,0,0
53536,0,0
130821,0,0
-253850,0,0
14271,0,0
-49816,0,0
23171,0,0
49448,0,0
-94138,0,0
-178243,0,0
7210,0,0
-28865,0,0
-298773,0,0
169830,0,0
116485,0,0
113928,0,0
55142,0,0
-202747,0,0
-174807,0,0
82451,0,0
62779,0,0
118671,0,0
136231,0,0
-55507,0,0
217740,0,0
254377,0,0
119678,0,0
106472,0,0
38906,0,0
-161813,0,0
-30308,0,0
78153,0,0
306577,0,0
556849,0,0
227995,0,0
173046,0,0
122612,0,0
-264937,0,0
-362869,0,0
-259266,0,0
-130279,0,0
156154,0,0
296376,0,0
114117,0,0
139662,0,0
-50344,0,0
-205005,0,0
62660,0,0
-184659,0,0
-192411,0,0
-155044,0,0
-64410,0,0
-96753,0,0
238288,0,0
-158678,0,0
-113944,0,0
-105990,0,0
-178591,0,0
-255127,0,0
-50639,0,0
-150906,0,0
-257432,0,0
142023,0,0
51764,0,0
-220306,0,0
30468,0,0
-190193,0,0
-136261,0,0
-251143,0,0
-219118,0,0
-33126,0,0
109228,0,0
-57452,0,0
208168,0,0
103933,0,0
-146819,0,0
-1926,0,0
-221959,0,0
-144610,0,0
125726,0,0
-114403,0,0
-190213,0,0
9188,0,0
-107242,0,0
89769,0,0
185509,0,0
137056,0,0
62562,0,0
-348128,0,0
-430273,0,0
14228,0,0
127220,0,0
-6468,0,0
190754,0,0
-216070,0,0
-220999,0,0
-4151,0,0
-246416,0,0
-322061,0,0
94213,0,0
-22197,0,0
-23017,0,0
130053,0,0
-304595,0,0
-186077,0,0
-95706,0,0
-190774,0,0
53192,0,0
-133783,0,0
-146983,0,0
118587,0,0
52471,0,0
-273882,0,0
-139931,0,0
-381413,0,0
-250208,0,0
78297,0,0
119252,0,0
152338,0,0
481489,0,0
21091,0,0
-71446,0,0
-44586,0,0
-329139,0,0
-28484,0,0
280383,0,0
142072,0,0
453376,0,0
526686,0,0
19203,0,0
-9532,0,0
73393,0,0
127512,0,0
356297,0,0
182095,0,0
465891,0,0
666346,0,0
410857,0,0
83299,0,0
376181,0,0
11862,0,0
-72518,0,0
204934,0,0
280401,0,0
598208,0,0
413339,0,0
129831,0,0
157950,0,0
53864,0,0
-242888,0,0
104458,0,0
158670,0,0
50947,0,0
380658,0,0
96540,0,0
-251341,0,0
22408,0,0
-223746,0,0
-227478,0,0
-46021,0,0
-82634,0,0
-146774,0,0
14592,0,0
-146798,0,0
33332,0,0
-26380,0,0
-338704,0,0
-217908,0,0
-130421,0,0
-363732,0,0
-148534,0,0
-68767,0,0
-334581,0,0
-64094,0,0
-16236,0,0
-95202,0,0
232456,0,0
9028,0,0
-216536,0,0
-72834,0,0
-345720,0,0
-169158,0,0
65900,0,0
-50583,0,0
269495,0,0
628185,0,0
82922,0,0
61291,0,0
-4293,0,0
-255157,0,0
271406,0,0
139737,0,0
178943,0,0
186787,0,0
-49398,0,0
-46045,0,0
481438,0,0
210687,0,0
-189764,0,0
-54805,0,0
-180111,0,0
202795,0,0
481189,0,0
106053,0,0
-144688,0,0
56455,0,0
-34310,0,0
226336,0,0
165451,0,0
-122630,0,0
128306,0,0
162032,0,0
-85568,0,0
211618,0,0
169014,0,0
47271,0,0
277056,0,0
33293,0,0
-204855,0,0
229727,0,0
15250,0,0
114481,0,0
19598,0,0
-171029,0,0
257692,0,0
458356,0,0
259100,0,0
296779,0,0
12911,0,0
-408388,0,0
216682,0,0
201604,0,0
171160,0,0
371859,0,0
383420,0,0
68299,0,0
304070,0,0
-68218,0,0
-158766,0,0
304785,0,0
36844,0,0
258824,0,0
224478,0,0
-108285,0,0
-26109,0,0
281932,0,0
-230132,0,0
-45821,0,0
-103108,0,0
-385114,0,0
-49727,0,0
72496,0,0
18999,0,0
-64976,0,0
-194168,0,0
-257452,0,0
-97659,0,0
-399179,0,0
-597915,0,0
-96686,0,0
-169860,0,0
-215149,0,0
-79228,0,0
201333,0,0
72006,0,0
-211570,0,0
-931514,0,0
-609233,0,0
-289039,0,0
-546586,0,0
-172180,0,0
58255,0,0
163817,0,0
236230,0,0
-130746,0,0
-626388,0,0
-334943,0,0
-295417,0,0
-458488,0,0
31649,0,0
-169636,0,0
-49410,0,0
54587,0,0
-35367,0,0
-223980,0,0
-151393,0,0
-455520,0,0
-344693,0,0
-124175,0,0
-375493,0,0
241343,0,0
118964,0,0
-268488,0,0
-195448,0,0
-75564,0,0
-417384,0,0
-83289,0,0
-321177,0,0
-371436,0,0
165963,0,0
-169306,0,0
-219226,0,0
-161513,0,0
-204950,0,0
-183326,0,0
141962,0,0
-381645,0,0
171869,0,0
396237,0,0
-151675,0,0
-14462,0,0
-36814,0,0
-270708,0,0
12300,0,0
45569,0,0
103103,0,0
551287,0,0
110438,0,0
-138399,0,0
166483,0,0
-28603,0,0
190827,0,0
375635,0,0
259174,0,0
50730,0,0
290072,0,0
135168,0,0
315157,0,0
315384,0,0
68769,0,0
176753,0,0
330861,0,0
364209,0,0
562861,0,0
228464,0,0
-1972,0,0
385297,0,0
196038,0,0
162276,0,0
566271,0,0
267349,0,0
439895,0,0
375975,0,0
32331,0,0
58349,0,0
308412,0,0
89453,0,0
285569,0,0
289275,0,0
-293466,0,0
105961,0,0
-63240,0,0
-69397,0,0
209528,0,0
246302,0,0
-161041,0,0
291484,0,0
-106815,0,0
-399736,0,0
-58930,0,0
-519842,0,0
-415898,0,0
-315406,0,0
-386261,0,0
-477434,0,0
222800,0,0
95244,0,0
198515,0,0
-28617,0,0
-740955,0,0
-681080,0,0
-821428,0,0
-592022,0,0
-26589,0,0
214675,0,0
-38853,0,0
-1450,0,0
-431373,0,0
-610005,0,0
-203553,0,0
-185810,0,0
-204741,0,0
-168562,0,0
-120877,0,0
17607,0,0
344818,0,0
-226753,0,0
-358855,0,0
-132071,0,0
-455431,0,0
318509,0,0
-150938,0,0
-281455,0,0
173013,0,0
326202,0,0
97999,0,0
130973,0,0
-284361,0,0
-343724,0,0
-13018,0,0
-66393,0,0
236027,0,0
56022,0,0
202599,0,0
90909,0,0
173166,0,0
-121450,0,0
83021,0,0
62883,0,0
-249511,0,0
102235,0,0
56438,0,0
60639,0,0
51213,0,0
248813,0,0
160780,0,0
371291,0,0
164976,0,0
-214641,0,0
368848,0,0
-11814,0,0
160199,0,0
406661,0,0
436494,0,0
83162,0,0
419753,0,0
-32207,0,0
392781,0,0
484353,0,0
-36277,0,0
356964,0,0
343030,0,0
163843,0,0
298956,0,0
469135,0,0
14861,0,0
310515,0,0
-6712,0,0
3925,0,0
343919,0,0
-124417,0,0
-78873,0,0
-85965,0,0
295817,0,0
21322,0,0
958,0,0
-349717,0,0
215700,0,0
645932,0,0
-197795,0,0
-203682,0,0
-387472,0,0
-287482,0,0
-74754,0,0
209653,0,0
-104253,0,0
127316,0,0
50631,0,0
-86490,0,0
584992,0,0
375617,0,0
128205,0,0
-257221,0,0
-402278,0,0
-366690,0,0
345586,0,0
63423,0,0
118735,0,0
454247,0,0
62795,0,0
388938,0,0
-82637,0,0
-161706,0,0
-120861,0,0
142593,0,0
-9199,0,0
330059,0,0
202951,0,0
-160041,0,0
34913,0,0
-317868,0,0
-57563,0,0
187128,0,0
84912,0,0
40628,0,0
357532,0,0
62705,0,0
190105,0,0
186015,0,0
-369230,0,0
-91714,0,0
-40183,0,0
-9075,0,0
88967,0,0
100677,0,0
-366540,0,0
246163,0,0
25247,0,0
-319193,0,0
1415,0,0
-185966,0,0
-92855,0,0
-379379,0,0
-265917,0,0
-330143,0,0
67271,0,0
-261684,0,0
124298,0,0
131720,0,0
-448271,0,0
-318036,0,0
-326077,0,0
-259927,0,0
-139177,0,0
-84751,0,0
-183485,0,0
91837,0,0
-209934,0,0
-302126,0,0
134437,0,0
-55799,0,0
131373,0,0
-14534,0,0
264024,0,0
29234,0,0
82388,0,0
-258132,0,0
-22846,0,0
279201,0,0
194110,0,0
437132,0,0
501479,0,0
328019,0,0
263178,0,0
514515,0,0
70124,0,0
446270,0,0
219252,0,0
-50975,0,0
505688,0,0
405885,0,0
546776,0,0
277963,0,0
253363,0,0
-67377,0,0
231634,0,0
-19012,0,0
119210,0,0
286258,0,0
16831,0,0
191149,0,0
136310,0,0
-46363,0,0
-184327,0,0
53682,0,0
-458385,0,0
-135079,0,0
-223358,0,0
-356880,0,0
184822,0,0
-174667,0,0
-170542,0,0
-230143,0,0
-147647,0,0
-251008,0,0
103099,0,0
-195953,0,0
-280967,0,0
-249096,0,0
-569792,0,0
-222755,0,0
-173495,0,0
-25132,0,0
-60140,0,0
-138549,0,0
-448188,0,0
-46310,0,0
-174197,0,0
-390530,0,0
-167162,0,0
-366999,0,0
-222598,0,0
-257893,0,0
-158458,0,0
-304457,0,0
-37130,0,0
-284461,0,0
-143682,0,0
-22763,0,0
-183346,0,0
-251896,0,0
-320363,0,0
-380342,0,0
-370658,0,0
-82256,0,0
-101367,0,0
302070,0,0
199391,0,0
-226424,0,0
-40118,0,0
-267885,0,0
-105763,0,0
-215617,0,0
-55187,0,0
-282427,0,0
129644,0,0
-176450,0,0
115378,0,0
44168,0,0
-247139,0,0
-131223,0,0
-324302,0,0
-465757,0,0
-243884,0,0
211596,0,0
-359921,0,0
33939,0,0
557754,0,0
240531,0,0
99016,0,0
-275371,0,0
-189449,0,0
-237725,0,0
-137180,0,0
-119282,0,0
381699,0,0
65672,0,0
329908,0,0
646042,0,0
-10384,0,0
162864,0,0
239629,0,0
386565,0,0
266623,0,0
368955,0,0
302310,0,0
487336,0,0
52240,0,0
-53901,0,0
553238,0,0
522159,0,0
581723,0,0
407698,0,0
559206,0,0
260271,0,0
471292,0,0
165361,0,0
298992,0,0
756872,0,0
416330,0,0
291199,0,0
53358,0,0
170046,0,0
118267,0,0
200271,0,0
-24727,0,0
170449,0,0
148845,0,0
-47037,0,0
108306,0,0
-171244,0,0
-88994,0,0
-50901,0,0
-43949,0,0
-260993,0,0
-47233,0,0
-139532,0,0
-214446,0,0
-113840,0,0
-346217,0,0
-108080,0,0
-175854,0,0
-178538,0,0
-225334,0,0
-45281,0,0
-269528,0,0
-58742,0,0
-55560,0,0
-450638,0,0
-370337,0,0
-540677,0,0
-190077,0,0
-208412,0,0
-64610,0,0
-309315,0,0
-45016,0,0
-155147,0,0
-413072,0,0
-383949,0,0
-462875,0,0
-12385,0,0
-208055,0,0
-89967,0,0
68491,0,0
-16401,0,0
-339726,0,0
-176333,0,0
-332646,0,0
-506398,0,0
85771,0,0
-49642,0,0
-28649,0,0
-129689,0,0
-8620,0,0
-186694,0,0
-72077,0,0
-208386,0,0
30817,0,0
-38766,0,0
-247900,0,0
366425,0,0
532517,0,0
19642,0,0
-193003,0,0
206575,0,0
-114058,0,0
90094,0,0
101081,0,0
50869,0,0
426265,0,0
312690,0,0
328675,0,0
238446,0,0
229326,0,0
135010,0,0
347207,0,0
168706,0,0
253820,0,0
331998,0,0
151015,0,0
224492,0,0
163691,0,0
159670,0,0
111578,0,0
454467,0,0
264707,0,0
652686,0,0
305665,0,0
103669,0,0
322574,0,0
196843,0,0
164212,0,0
49938,0,0
370299,0,0
79005,0,0
265217,0,0
114774,0,0
37086,0,0
294992,0,0
-45736,0,0
-17224,0,0
-105710,0,0
-42823,0,0
-167054,0,0
9442,0,0
-444240,0,0
-139806,0,0
-159355,0,0
-422607,0,0
-76128,0,0
-197187,0,0
-186654,0,0
-410214,0,0
-245310,0,0
-438933,0,0
-285496,0,0
-506348,0,0
-469402,0,0
-206679,0,0
-567352,0,0
-274750,0,0
-77939,0,0
-217064,0,0
-682645,0,0
-570648,0,0
-387216,0,0
44617,0,0
146247,0,0
-186932,0,0
-201358,0,0
-407885,0,0
-417200,0,0
-387622,0,0
18068,0,0
4400,0,0
328493,0,0
-83178,0,0
-68926,0,0
89517,0,0
-163258,0,0
-190901,0,0
223508,0,0
590101,0,0
449798,0,0
478700,0,0
-136787,0,0
-245340,0,0
-141339,0,0
17097,0,0
372363,0,0
211039,0,0
130499,0,0
341643,0,0
464906,0,0
181766,0,0
257134,0,0
-23622,0,0
-94137,0,0
169111,0,0
117905,0,0
71986,0,0
252260,0,0
135209,0,0
-56407,0,0
41611,0,0
-195742,0,0
-135587,0,0
219648,0,0
15477,0,0
139880,0,0
187198,0,0
-75637,0,0
-103869,0,0
212581,0,0
-254004,0,0
19184,0,0
-78320,0,0
-146923,0,0
95899,0,0
11876,0,0
-145428,0,0
-54531,0,0
68917,0,0
-88747,0,0
82219,0,0
-44582,0,0
-49970,0,0
-2342,0,0
-293015,0,0
-121023,0,0
40383,0,0
-203594,0,0
-189341,0,0
-131252,0,0
-284224,0,0
-112025,0,0
-21625,0,0
-62715,0,0
-89135,0,0
-310024,0,0
-490204,0,0
-236800,0,0
75846,0,0
-68688,0,0
8896,0,0
-230988,0,0
-173360,0,0
37068,0,0
-172756,0,0
94777,0,0
52836,0,0
50907,0,0
-21002,0,0
100315,0,0
-73469,0,0
84815,0,0
33818,0,0
68528,0,0
407421,0,0
239633,0,0
56676,0,0
12442,0,0
88146,0,0
-65016,0,0
177020,0,0
20127,0,0
-33239,0,0
65142,0,0
5538,0,0
22677,0,0
222271,0,0
-39437,0,0
-91951,0,0
6205,0,0
-125040,0,0
17916,0,0
-18947,0,0
-304599,0,0
34035,0,0
-66606,0,0
-230152,0,0
-9052,0,0
93926,0,0
-236649,0,0
-125498,0,0
-206940,0,0
-241574,0,0
123963,0,0
-287870,0,0
-118761,0,0
119258,0,0
-21313,0,0
-99615,0,0
-241065,0,0
-372855,0,0
-169683,0,0
-76313,0,0
-123209,0,0
287589,0,0
308056,0,0
-140130,0,0
-2425,0,0
8883,0,0
-329966,0,0
124383,0,0
18715,0,0
-24764,0,0
377834,0,0
68852,0,0
4254,0,0
-19316,0,0
-162996,0,0
-135738,0,0
354697,0,0
153127,0,0
181381,0,0
22591,0,0
-156722,0,0
20081,0,0
-54398,0,0
-167874,0,0
139735,0,0
96883,0,0
-101612,0,0
11241,0,0
-152449,0,0
-774,0,0
171944,0,0
-356645,0,0
-244989,0,0
132393,0,0
-17144,0,0
-6529,0,0
-42116,0,0
-314186,0,0
-32582,0,0
173601,0,0
-317392,0,0
31878,0,0
222886,0,0
-123555,0,0
147843,0,0
13703,0,0
110427,0,0
221380,0,0
-161337,0,0
-190306,0,0
132220,0,0
130296,0,0
-12312,0,0
194710,0,0
168001,0,0
108284,0,0
229763,0,0
88267,0,0
86086,0,0
48059,0,0
-121795,0,0
181020,0,0
140052,0,0
-122278,0,0
198251,0,0
70774,0,0
59960,0,0
197979,0,0
154998,0,0
-229672,0,0
-62743,0,0
-192572,0,0
-35264,0,0
397681,0,0
57925,0,0
138028,0,0
116649,0,0
-229588,0,0
-126698,0,0
-236478,0,0
-313379,0,0
145031,0,0
201652,0,0
23370,0,0
169633,0,0
302538,0,0
-100036,0,0
60919,0,0
-55973,0,0
-115625,0,0
384708,0,0
34424,0,0
-159913,0,0
-62158,0,0
9878,0,0
32517,0,0
204836,0,0
141453,0,0
244361,0,0
240589,0,0
-168370,0,0
262919,0,0
163684,0,0
-160651,0,0
21745,0,0
-77381,0,0
-190871,0,0
102709,0,0
58046,0,0
-109126,0,0
290128,0,0
29507,0,0
-159165,0,0
62144,0,0
-338114,0,0
-173106,0,0
98326,0,0
-19463,0,0
-45764,0,0
174192,0,0
-200065,0,0
-92994,0,0
-33007,0,0
-276939,0,0
-15973,0,0
-35563,0,0
-82411,0,0
236080,0,0
-35342,0,0
-186199,0,0
-37269,0,0
-138846,0,0
-89420,0,0
385552,0,0
-108550,0,0
-250987,0,0
1381,0,0
117063,0,0
249959,0,0
154733,0,0
-208634,0,0
81463,0,0
-31075,0,0
-347281,0,0
51533,0,0
20811,0,0
34875,0,0
430844,0,0
274999,0,0
-135035,0,0
176271,0,0
-74970,0,0
-205883,0,0
196058,0,0
80400,0,0
112563,0,0
118791,0,0
-104505,0,0
147837,0,0
448966,0,0
72545,0,0
126219,0,0
195863,0,0
-229647,0,0
234881,0,0
160445,0,0
270545,0,0
437640,0,0
189728,0,0
-134272,0,0
250938,0,0
110558,0,0
-65791,0,0
324594,0,0
12015,0,0
132047,0,0
183065,0,0
117922,0,0
-46523,0,0
268792,0,0
-138706,0,0
69851,0,0
187742,0,0
-181108,0,0
53315,0,0
-64431,0,0
-252264,0,0
69289,0,0
-13957,0,0
-208311,0,0
41166,0,0
-165563,0,0
-206608,0,0
-59143,0,0
-276211,0,0
-151927,0,0
196099,0,0
221695,0,0
-215597,0,0
-147368,0,0
-92749,0,0
96118,0,0
-67712,0,0
-536281,0,0
77784,0,0
178259,0,0
-125880,0,0
163487,0,0
91266,0,0
-67517,0,0
147925,0,0
-182353,0,0
-316039,0,0
154963,0,0
55417,0,0
28213,0,0
-25268,0,0
-42162,0,0
-110728,0,0
138466,0,0
-208532,0,0
-97139,0,0
40315,0,0
-16867,0,0
364878,0,0
-21476,0,0
-210828,0,0
35401,0,0
-198508,0,0
-544554,0,0
295874,0,0
135631,0,0
173074,0,0
402714,0,0
-246130,0,0
-68050,0,0
193502,0,0
135362,0,0
-110316,0,0
314864,0,0
-66680,0,0
184153,0,0
143867,0,0
-101043,0,0
232421,0,0
264817,0,0
96489,0,0
410570,0,0
369412,0,0
6985,0,0
291605,0,0
25166,0,0
-129800,0,0
303475,0,0
-6599,0,0
174361,0,0
166078,0,0
119213,0,0
171733,0,0
301921,0,0
-170403,0,0
-106635,0,0
-115472,0,0
-305516,0,0
232877,0,0
163881,0,0
-97713,0,0
30519,0,0
56768,0,0
-188095,0,0
46444,0,0
-156736,0,0
-235419,0,0
22495,0,0
-221954,0,0
-123786,0,0
-64856,0,0
-55610,0,0
-170144,0,0
101153,0,0
-334408,0,0
-43294,0,0
179291,0,0
-349455,0,0
-43963,0,0
-223097,0,0
-414888,0,0
-151416,0,0
222151,0,0
-151030,0,0
88325,0,0
-343832,0,0
-239317,0,0
119709,0,0
-230715,0,0
-198976,0,0
27834,0,0
-56281,0,0
112478,0,0
222762,0,0
-379234,0,0
-216285,0,0
63318,0,0
-241735,0,0
14301,0,0
-223918,0,0
159825,0,0
377777,0,0
35619,0,0
-461277,0,0
-158836,0,0
-256990,0,0
-337233,0,0
39990,0,0
-215051,0,0
-23311,0,0
79116,0,0
297669,0,0
-1850,0,0
75831,0,0
-453753,0,0
-163443,0,0
-102507,0,0
-270012,0,0
214845,0,0
302765,0,0
411753,0,0
424778,0,0
205842,0,0
-377790,0,0
129742,0,0
176424,0,0
81784,0,0
427671,0,0
205655,0,0
179854,0,0
430767,0,0
372305,0,0
115593,0,0
479917,0,0
112353,0,0
257804,0,0
402093,0,0
-41410,0,0
171873,0,0
64273,0,0
327318,0,0
520607,0,0
452919,0,0
-24707,0,0
457278,0,0
356808,0,0
19363,0,0
180175,0,0
-67174,0,0
223001,0,0
181427,0,0
143339,0,0
201313,0,0
490156,0,0
-30650,0,0
143022,0,0
173577,0,0
-147299,0,0
-43156,0,0
-151517,0,0
-210654,0,0
-37501,0,0
360981,0,0
20010,0,0
291418,0,0
-132496,0,0
-474311,0,0
-4419,0,0
-383513,0,0
-29417,0,0
-110203,0,0
-262526,0,0
-258958,0,0
8288,0,0
-209191,0,0
-1056,0,0
-45505,0,0
-347841,0,0
93511,0,0
-267648,0,0
-239649,0,0
-242916,0,0
-16525,0,0
-546346,0,0
-171473,0,0
-152151,0,0
-329358,0,0
413160,0,0
-79308,0,0
-168315,0,0
-181559,0,0
-107115,0,0
-227371,0,0
97130,0,0
-163136,0,0
-123135,0,0
26991,0,0
-237724,0,0
41740,0,0
-130170,0,0
105319,0,0
175495,0,0
202968,0,0
-270084,0,0
324229,0,0
223782,0,0
-178419,0,0
-17505,0,0
-255321,0,0
-185529,0,0
-73354,0,0
96921,0,0
251179,0,0
483060,0,0
222290,0,0
253465,0,0
113359,0,0
-342921,0,0
-78842,0,0
-173029,0,0
-230520,0,0
-117641,0,0
164617,0,0
289821,0,0
639593,0,0
315477,0,0
-144697,0,0
-94759,0,0
-221907,0,0
-280435,0,0
-191767,0,0
-71593,0,0
-180461,0,0
286218,0,0
98337,0,0
265472,0,0
188241,0,0
-371612,0,0
-83493,0,0
-81512,0,0
-214342,0,0
-350209,0,0
104799,0,0
-270907,0,0
-48245,0,0
-200886,0,0
-225051,0,0
221579,0,0
-166540,0,0
-140705,0,0
-235508,0,0
-144231,0,0
-241915,0,0
91109,0,0
-404381,0,0
-33076,0,0
-66081,0,0
-437604,0,0
-137897,0,0
-118044,0,0
-163559,0,0
-164766,0,0
-4835,0,0
-149266,0,0
-83075,0,0
-220230,0,0
-497645,0,0
-65782,0,0
-276754,0,0
-182598,0,0
-456,0,0
153563,0,0
-348703,0,0
-160600,0,0
-295923,0,0
-90918,0,0
54597,0,0
-257940,0,0
-15909,0,0
129497,0,0
174620,0,0
156315,0,0
162590,0,0
-173050,0,0
270952,0,0
882,0,0
-71707,0,0
352065,0,0
274471,0,0
390062,0,0
342693,0,0
583404,0,0
315105,0,0
313334,0,0
-100449,0,0
252002,0,0
678870,0,0
202710,0,0
369439,0,0
316074,0,0
457109,0,0
310119,0,0
305449,0,0
-2454,0,0
346432,0,0
315337,0,0
48495,0,0
485523,0,0
405544,0,0
358682,0,0
71549,0,0
-109150,0,0
-232258,0,0
183142,0,0
-5216,0,0
141618,0,0
410503,0,0
119463,0,0
84930,0,0
-28245,0,0
-72537,0,0
-210269,0,0
136190,0,0
-237275,0,0
-40075,0,0
67219,0,0
-70183,0,0
201821,0,0
77916,0,0
191183,0,0
242685,0,0
40384,0,0
-186625,0,0
112506,0,0
-327643,0,0
-70709,0,0
176222,0,0
72390,0,0
166645,0,0
267323,0,0
236918,0,0
-46920,0,0
-78904,0,0
-120606,0,0
211656,0,0
30529,0,0
-151787,0,0
113137,0,0
-68115,0,0
100841,0,0
-176516,0,0
184307,0,0
-104098,0,0
266907,0,0
-74156,0,0
191070,0,0
175027,0,0
-221912,0,0
-109846,0,0
-83637,0,0
73864,0,0
60011,0,0
256741,0,0
-111317,0,0
-148772,0,0
-46950,0,0
-227782,0,0
238501,0,0
211564,0,0
-39765,0,0
-439794,0,0
-150998,0,0
-353678,0,0
95248,0,0
61532,0,0
-41233,0,0
186509,0,0
-230505,0,0
-147316,0,0
142803,0,0
-41092,0,0
-136074,0,0
14607,0,0
-284116,0,0
-32619,0,0
124946,0,0
141780,0,0
96445,0,0
-139941,0,0
-43295,0,0
19907,0,0
274171,0,0
-33287,0,0
2809,0,0
-193532,0,0
-204837,0,0
-169005,0,0
-244365,0,0
-3564,0,0
161992,0,0
109909,0,0
-87986,0,0
-64919,0,0
-434133,0,0
-77834,0,0
103177,0,0
-289274,0,0
-224464,0,0
-197398,0,0
-418178,0,0
-458330,0,0
-174295,0,0
-113184,0,0
253752,0,0
63062,0,0
-124012,0,0
-139194,0,0
-305465,0,0
-417125,0,0
-421830,0,0
-459436,0,0
-92498,0,0
259708,0,0
201665,0,0
111417,0,0
-137512,0,0
-475559,0,0
-113687,0,0
-54335,0,0
-123905,0,0
-182195,0,0
-12492,0,0
-77279,0,0
281186,0,0
39402,0,0
75258,0,0
-112447,0,0
-275275,0,0
-170882,0,0
253130,0,0
311852,0,0
141636,0,0
162148,0,0
-200503,0,0
-262365,0,0
-73701,0,0
-199648,0,0
-121029,0,0
70827,0,0
385518,0,0
251108,0,0
264462,0,0
-139937,0,0
-111095,0,0
-212987,0,0
-116587,0,0
18615,0,0
-177391,0,0
57218,0,0
53689,0,0
106292,0,0
-149289,0,0
100491,0,0
-149427,0,0
-257953,0,0
-116677,0,0
-250176,0,0
-94756,0,0
77329,0,0
153332,0,0
-148275,0,0
90998,0,0
-191951,0,0
-20574,0,0
-150427,0,0
-315237,0,0
44682,0,0
-37513,0,0
-24604,0,0
-22316,0,0
-126985,0,0
-232872,0,0
146718,0,0
-36812,0,0
-83300,0,0
-4868,0,0
-80298,0,0
27368,0,0
205046,0,0
-60942,0,0
-324577,0,0
-143234,0,0
-158028,0,0
48817,0,0
-41280,0,0
-64135,0,0
260242,0,0
-53217,0,0
-354890,0,0
-301908,0,0
43527,0,0
283336,0,0
342390,0,0
-250130,0,0
-460344,0,0
-129612,0,0
-137635,0,0
103756,0,0
258874,0,0
185339,0,0
-92600,0,0
49218,0,0
-236234,0,0
-14869,0,0
-75683,0,0
-144719,0,0
141125,0,0
154835,0,0
-20519,0,0
94185,0,0
-132458,0,0
-187404,0,0
-105339,0,0
-350476,0,0
-50945,0,0
143726,0,0
40198,0,0
-30352,0,0
355,0,0
-171177,0,0
-276958,0,0
20880,0,0
-129805,0,0
-163598,0,0
-164154,0,0
-229955,0,0
111518,0,0
55312,0,0
-15601,0,0
103240,0,0
-129496,0,0
-271181,0,0
151710,0,0
-85518,0,0
-92828,0,0
137388,0,0
-14048,0,0
-92549,0,0
-130951,0,0
-361027,0,0
14862,0,0
367154,0,0
316471,0,0
176575,0,0
-34276,0,0
-171332,0,0
-84899,0,0
58380,0,0
-69820,0,0
261775,0,0
188271,0,0
175781,0,0
335541,0,0
-47159,0,0
-165104,0,0
98417,0,0
77982,0,0
291749,0,0
346125,0,0
87248,0,0
-193545,0,0
55562,0,0
12260,0,0
159260,0,0
47917,0,0
-266920,0,0
-14827,0,0
82326,0,0
-191131,0,0
13325,0,0
-33641,0,0
-310239,0,0
-120894,0,0
-256544,0,0
-104657,0,0
14083,0,0
81965,0,0
-170732,0,0
-171179,0,0
-232435,0,0
-383685,0,0
-221375,0,0
-311309,0,0
-167565,0,0
-67776,0,0
-304037,0,0
-4257,0,0
32775,0,0
-141275,0,0
186141,0,0
35729,0,0
-230416,0,0
-218025,0,0
-358986,0,0
-391641,0,0
211070,0,0
121373,0,0
31334,0,0
152267,0,0
230154,0,0
245218,0,0
50825,0,0
-223277,0,0
103508,0,0
129622,0,0
-28337,0,0
170595,0,0
321609,0,0
42027,0,0
276154,0,0
226277,0,0
207315,0,0
394227,0,0
35259,0,0
36678,0,0
107847,0,0
59318,0,0
9241,0,0
390248,0,0
80582,0,0
123092,0,0
177630,0,0
-105519,0,0
49260,0,0
23026,0,0
77617,0,0
386798,0,0
127270,0,0
174091,0,0
215960,0,0
27136,0,0
-345149,0,0
15177,0,0
-140606,0,0
-68220,0,0
370226,0,0
158531,0,0
184778,0,0
442667,0,0
-6544,0,0
-76646,0,0
146597,0,0
131065,0,0
233006,0,0
87130,0,0
-77778,0,0
274118,0,0
191873,0,0
125814,0,0
362852,0,0
131136,0,0
-54569,0,0
87805,0,0
-17547,0,0
-104609,0,0
207574,0,0
59989,0,0
115544,0,0
443826,0,0
124300,0,0
-89187,0,0
-181059,0,0
-243931,0,0
-162219,0,0
131925,0,0
70756,0,0
238505,0,0
105764,0,0
-329542,0,0
-25291,0,0
43276,0,0
-54,0,0
56811,0,0
-84842,0,0
-273571,0,0
32024,0,0
-176319,0,0
-271192,0,0
-52725,0,0
-504293,0,0
-243319,0,0
140195,0,0
-106034,0,0
-422533,0,0
-268366,0,0
-147528,0,0
92559,0,0
-88756,0,0
-255773,0,0
274479,0,0
-85171,0,0
6155,0,0
400219,0,0
161577,0,0
-98529,0,0
90335,0,0
107637,0,0
337111,0,0
728133,0,0
416804,0,0
231366,0,0
264365,0,0
117949,0,0
302771,0,0
495706,0,0
277061,0,0
315032,0,0
231830,0,0
-112524,0,0
101171,0,0
67995,0,0
-12553,0,0
194739,0,0
-6214,0,0
-252347,0,0
304909,0,0
145221,0,0
-24170,0,0
226189,0,0
-173163,0,0
-102578,0,0
17668,0,0
41797,0,0
55496,0,0
146506,0,0
-392158,0,0
18447,0,0
375157,0,0
-103730,0,0
271063,0,0
73131,0,0
-149708,0,0
35852,0,0
-27470,0,0
-397946,0,0
177288,0,0
-92591,0,0
-98606,0,0
296330,0,0
-104437,0,0
-131899,0,0
22399,0,0
21898,0,0
-125422,0,0
-56257,0,0
-455658,0,0
-113545,0,0
-742,0,0
-188593,0,0
165437,0,0
188136,0,0
39180,0,0
274381,0,0
88933,0,0
-398759,0,0
-84852,0,0
-202266,0,0
-183225,0,0
207920,0,0
-24095,0,0
-195285,0,0
-100511,0,0
-174869,0,0
-206528,0,0
127819,0,0
-210756,0,0
401241,0,0
103128,0,0
-362958,0,0
-50120,0,0
-100166,0,0
-199965,0,0
-232985,0,0
-278541,0,0
-219413,0,0
267467,0,0
116129,0,0
-75554,0,0
135569,0,0
-98384,0,0
-29587,0,0
-115499,0,0
-80411,0,0
25859,0,0
273338,0,0
-193532,0,0
-197342,0,0
193688,0,0
-293222,0,0
-100641,0,0
-148908,0,0
35448,0,0
216176,0,0
323253,0,0
306111,0,0
485198,0,0
118396,0,0
-425827,0,0
-1567,0,0
-164417,0,0
250274,0,0
275969,0,0
417404,0,0
206228,0,0
328345,0,0
-17009,0,0
262185,0,0
332194,0,0
71976,0,0
427015,0,0
177571,0,0
-143601,0,0
-82568,0,0
-35073,0,0
-206490,0,0
228031,0,0
2683,0,0
-195065,0,0
259879,0,0
16233,0,0
263965,0,0
188226,0,0
-245455,0,0
-460047,0,0
53266,0,0
-256468,0,0
86676,0,0
29904,0,0
-347961,0,0
-29193,0,0
-33231,0,0
-52868,0,0
165874,0,0
175053,0,0
-271827,0,0
-23750,0,0
-134813,0,0
-379827,0,0
-54520,0,0
-404294,0,0
-33088,0,0
136354,0,0
-259735,0,0
-71012,0,0
245996,0,0
-70283,0,0
59549,0,0
113673,0,0
-209737,0,0
124171,0,0
94113,0,0
121924,0,0
89546,0,0
-55447,0,0
-206687,0,0
150757,0,0
101334,0,0
89911,0,0
375546,0,0
12727,0,0
59712,0,0
153214,0,0
15618,0,0
27763,0,0
191400,0,0
-151098,0,0
-43607,0,0
34973,0,0
-402079,0,0
-35157,0,0
51141,0,0
281034,0,0
191306,0,0
41177,0,0
-327013,0,0
23555,0,0
-245302,0,0
-261489,0,0
392485,0,0
25587,0,0
17379,0,0
27561,0,0
-98241,0,0
-67310,0,0
418057,0,0
20653,0,0
222126,0,0
158627,0,0
-382964,0,0
173594,0,0
335460,0,0
336940,0,0
278856,0,0
473912,0,0
75932,0,0
414994,0,0
128961,0,0
-81918,0,0
271220,0,0
151917,0,0
237951,0,0
229983,0,0
133609,0,0
-46269,0,0
388757,0,0
106784,0,0
214666,0,0
348903,0,0
-197863,0,0
50328,0,0
10848,0,0
11086,0,0
20993,0,0
-23122,0,0
-248157,0,0
64809,0,0
-144989,0,0
-167847,0,0
218430,0,0
-271538,0,0
-121904,0,0
-352258,0,0
-257698,0,0
-286038,0,0
57879,0,0
-242393,0,0
-130760,0,0
88036,0,0
-453088,0,0
-187174,0,0
-266544,0,0
-263319,0,0
-316818,0,0
-214452,0,0
-380623,0,0
-53567,0,0
-202853,0,0
-343544,0,0
214152,0,0
-189603,0,0
-267128,0,0
-366845,0,0
-360922,0,0
-333465,0,0
15921,0,0
-231171,0,0
-228782,0,0
96301,0,0
-162586,0,0
135247,0,0
-7427,0,0
-72148,0,0
-78040,0,0
106635,0,0
-285400,0,0
-30114,0,0
13412,0,0
-75729,0,0
295799,0,0
29663,0,0
241676,0,0
162713,0,0
209370,0,0
-69582,0,0
306135,0,0
194872,0,0
220979,0,0
385745,0,0
-27466,0,0
75937,0,0
-101364,0,0
-208916,0,0
14102,0,0
211913,0,0
120283,0,0
563693,0,0
767176,0,0
240279,0,0
78715,0,0
-304835,0,0
-338729,0,0
-88459,0,0
241619,0,0
295286,0,0
503938,0,0
-245439,0,0
-137091,0,0
174200,0,0
77512,0,0
419752,0,0
229959,0,0
55284,0,0
-170280,0,0
-36273,0,0
-281564,0,0
164593,0,0
106409,0,0
23316,0,0
311757,0,0
142482,0,0
93322,0,0
-201650,0,0
-151178,0,0
-233127,0,0
101933,0,0
-124269,0,0
-101369,0,0
-44942,0,0
-187118,0,0
150314,0,0
26981,0,0
92210,0,0
119432,0,0
87246,0,0
-521515,0,0
-96843,0,0
-274122,0,0
-197055,0,0
372493,0,0
200502,0,0
6240,0,0
-90929,0,0
-36745,0,0
-66389,0,0
318950,0,0
-72763,0,0
239899,0,0
361379,0,0
176211,0,0
273560,0,0
163073,0,0
46869,0,0
157298,0,0
129123,0,0
-77903,0,0
379719,0,0
145485,0,0
232231,0,0
649713,0,0
472563,0,0
320257,0,0
112761,0,0
230695,0,0
17556,0,0
273753,0,0
-55056,0,0
160551,0,0
548071,0,0
130714,0,0
386746,0,0
104227,0,0
23635,0,0
163913,0,0
340914,0,0
-52713,0,0
136242,0,0
42150,0,0
-36261,0,0
135893,0,0
50309,0,0
149691,0,0
-111598,0,0
-23672,0,0
-40617,0,0
56955,0,0
-422800,0,0
-2054,0,0
-4110,0,0
-143042,0,0
-83625,0,0
-164041,0,0
72236,0,0
117059,0,0
209895,0,0
-489625,0,0
-5881,0,0
191867,0,0
-42709,0,0
168755,0,0
-261921,0,0
-59607,0,0
19888,0,0
439745,0,0
150632,0,0
371484,0,0
-150175,0,0
-176152,0,0
20699,0,0
-218334,0,0
101625,0,0
-92078,0,0
5487,0,0
222408,0,0
250138,0,0
-241239,0,0
-181695,0,0
-380819,0,0
-522479,0,0
-92571,0,0
-121847,0,0
-190119,0,0
-178955,0,0
216934,0,0
-160040,0,0
-324665,0,0
-540837,0,0
-221893,0,0
-109183,0,0
-290553,0,0
-220491,0,0
-491335,0,0
-237548,0,0
-117867,0,0
-5996,0,0
-137809,0,0
74810,0,0
-34627,0,0
-422533,0,0
-221859,0,0
-290366,0,0
-222664,0,0
-155250,0,0
-42923,0,0
-138803,0,0
218511,0,0
80718,0,0
-176725,0,0
-221941,0,0
-328831,0,0
-13351,0,0
74078,0,0
191275,0,0
8672,0,0
-88136,0,0
-359766,0,0
-172447,0,0
-33901,0,0
-255905,0,0
-56226,0,0
70484,0,0
120250,0,0
-167586,0,0
-84504,0,0
-440415,0,0
-77356,0,0
-135693,0,0
-180541,0,0
-1474,0,0
-340383,0,0
-242777,0,0
-200663,0,0
84701,0,0
105051,0,0
-72183,0,0
-445030,0,0
-215851,0,0
-294449,0,0
-272852,0,0
-97760,0,0
-114217,0,0
-184017,0,0
-350226,0,0
-149279,0,0
-257158,0,0
157107,0,0
-202282,0,0
-244836,0,0
38280,0,0
-103699,0,0
-240941,0,0
-401721,0,0
-284588,0,0
-213078,0,0
149634,0,0
-15578,0,0
161090,0,0
-27169,0,0
-321347,0,0
-235109,0,0
94152,0,0
290262,0,0
73338,0,0
125505,0,0
-117795,0,0
-33605,0,0
-165218,0,0
8956,0,0
124855,0,0
-63142,0,0
50510,0,0
228946,0,0
113985,0,0
-386268,0,0
98118,0,0
-57364,0,0
217543,0,0
96766,0,0
-329296,0,0
51589,0,0
84490,0,0
-125586,0,0
-248091,0,0
16139,0,0
-102862,0,0
240347,0,0
-87037,0,0
-202887,0,0
177915,0,0
-88111,0,0
-123099,0,0
-118915,0,0
-404377,0,0
-297703,0,0
164984,0,0
-203304,0,0
-165608,0,0
201095,0,0
31786,0,0
-112428,0,0
-154157,0,0
-309613,0,0
-242356,0,0
160742,0,0
-149397,0,0
12604,0,0
-58129,0,0
-225630,0,0
-155042,0,0
-199764,0,0
-201892,0,0
-98760,0,0
-67439,0,0
79875,0,0
506312,0,0
49451,0,0
-6910,0,0
135145,0,0
-335159,0,0
-37724,0,0
42980,0,0
-47850,0,0
-12589,0,0
295428,0,0
120038,0,0
276091,0,0
237923,0,0
130289,0,0
263115,0,0
-32213,0,0
42665,0,0
653527,0,0
478083,0,0
226004,0,0
92398,0,0
-205710,0,0
-164392,0,0
135767,0,0
212965,0,0
313043,0,0
113466,0,0
-249622,0,0
-307466,0,0
-88512,0,0
-72698,0,0
126512,0,0
162672,0,0
64713,0,0
2324,0,0
-269797,0,0
-386277,0,0
-207282,0,0
-301100,0,0
-289846,0,0
73399,0,0
-152813,0,0
-120044,0,0
-251316,0,0
-351565,0,0
-44656,0,0
41949,0,0
-158266,0,0
-171707,0,0
-39566,0,0
-356544,0,0
-243592,0,0
-199519,0,0
-345703,0,0
-36362,0,0
36006,0,0
-195544,0,0
-154126,0,0
-194019,0,0
-446367,0,0
-201755,0,0
-298246,0,0
-177122,0,0
77270,0,0
42770,0,0
-45146,0,0
-53673,0,0
-171004,0,0
-85288,0,0
84423,0,0
-125859,0,0
142983,0,0
52120,0,0
-44355,0,0
107348,0,0
36915,0,0
-91561,0,0
159836,0,0
228710,0,0
-57063,0,0
309748,0,0
28814,0,0
93635,0,0
363457,0,0
39025,0,0
-33685,0,0
135671,0,0
-27184,0,0
-51147,0,0
313593,0,0
-74824,0,0
169939,0,0
97650,0,0
-33112,0,0
97407,0,0
-135064,0,0
-158947,0,0
-28984,0,0
129424,0,0
170599,0,0
488204,0,0
25954,0,0
-261137,0,0
-118929,0,0
-228698,0,0
-13298,0,0
188173,0,0
-65045,0,0
-114485,0,0
111443,0,0
32954,0,0
12598,0,0
-34344,0,0
112332,0,0
500639,0,0
-35339,0,0
-426286,0,0
-197092,0,0
-142560,0,0
-266210,0,0
-8468,0,0
24943,0,0
105020,0,0
263924,0,0
-131119,0,0
-269798,0,0
-171950,0,0
-374790,0,0
-79953,0,0
242049,0,0
-93635,0,0
-255390,0,0
-410188,0,0
-407859,0,0
26433,0,0
77984,0,0
82470,0,0
154868,0,0
-169449,0,0
-264882,0,0
-84016,0,0
-119704,0,0
-262837,0,0
35,0,0
-140937,0,0
-164806,0,0
-49287,0,0
-160267,0,0
-190261,0,0
130906,0,0
-23120,0,0
58969,0,0
101210,0,0
-171094,0,0
14963,0,0
184978,0,0
-148098,0,0
14783,0,0
8259,0,0
-72014,0,0
274891,0,0
72499,0,0
-50737,0,0
286123,0,0
47825,0,0
36004,0,0
253307,0,0
275256,0,0
296295,0,0
272729,0,0
-3328,0,0
157155,0,0
251510,0,0
65567,0,0
237562,0,0
237100,0,0
38224,0,0
349650,0,0
233583,0,0
135856,0,0
245544,0,0
356321,0,0
196667,0,0
430981,0,0
290387,0,0
102160,0,0
309847,0,0
102918,0,0
235974,0,0
253463,0,0
83232,0,0
194352,0,0
315481,0,0
49824,0,0
307976,0,0
602372,0,0
141024,0,0
75543,0,0
-47745,0,0
-175214,0,0
169136,0,0
197538,0,0
-32563,0,0
187930,0,0
68558,0,0
40256,0,0
238100,0,0
17832,0,0
-135232,0,0
-58543,0,0
-283408,0,0
-253944,0,0
-92556,0,0
-99704,0,0
311209,0,0
263859,0,0
-186681,0,0
-215014,0,0
-310447,0,0
-463281,0,0
-144393,0,0
-106000,0,0
-402065,0,0
-149989,0,0
-396479,0,0
-144639,0,0
70410,0,0
-196545,0,0
-196935,0,0
-126713,0,0
-191423,0,0
-107715,0,0
64614,0,0
-239818,0,0
-151486,0,0
23093,0,0
-218477,0,0
63253,0,0
28753,0,0
-60001,0,0
84882,0,0
111552,0,0
-68112,0,0
233358,0,0
159747,0,0
-106394,0,0
183575,0,0
-245692,0,0
-123027,0,0
259112,0,0
26717,0,0
-3235,0,0
42881,0,0
-170351,0,0
16633,0,0
12469,0,0
-166865,0,0
440616,0,0
88884,0,0
-188841,0,0
-24312,0,0
113939,0,0
66219,0,0
233434,0,0
-53921,0,0
-44384,0,0
135309,0,0
-104508,0,0
149758,0,0
199384,0,0
83584,0,0
88264,0,0
91727,0,0
-248230,0,0
32685,0,0
141400,0,0
-140883,0,0
208204,0,0
478705,0,0
280975,0,0
203605,0,0
-168855,0,0
-318758,0,0
224400,0,0
-38731,0,0
-59329,0,0
428081,0,0
90141,0,0
478,0,0
91067,0,0
97320,0,0
7572,0,0
378279,0,0
29590,0,0
231620,0,0
71779,0,0
-271592,0,0
45117,0,0
214410,0,0
48007,0,0
333454,0,0
19073,0,0
-80069,0,0
62592,0,0
-153867,0,0
-219391,0,0
386577,0,0
109884,0,0
-55204,0,0
-68963,0,0
-40838,0,0
40154,0,0
177322,0,0
-192878,0,0
-151665,0,0
21548,0,0
-274241,0,0
-39428,0,0
119598,0,0
105823,0,0
146135,0,0
-91959,0,0
-522109,0,0
-150779,0,0
-61202,0,0
-75551,0,0
239181,0,0
-71285,0,0
-70632,0,0
-237654,0,0
-214308,0,0
-121051,0,0
293612,0,0
-43912,0,0
66525,0,0
-117771,0,0
-305576,0,0
-7718,0,0
-185648,0,0
-269091,0,0
-29891,0,0
159706,0,0
-298333,0,0
-154823,0,0
-208182,0,0
-365390,0,0
33537,0,0
-219851,0,0
-164821,0,0
-315449,0,0
-386733,0,0
-463638,0,0
-385584,0,0
-576600,0,0
-96252,0,0
212399,0,0
-270879,0,0
-92892,0,0
-281146,0,0
-415584,0,0
-67675,0,0
-152916,0,0
-420331,0,0
31967,0,0
-190257,0,0
-351372,0,0
109005,0,0
-85049,0,0
110358,0,0
-58900,0,0
15816,0,0
-63182,0,0
-57762,0,0
-116138,0,0
33453,0,0
183715,0,0
-277480,0,0
67551,0,0
1101,0,0
5745,0,0
169343,0,0
128223,0,0
52493,0,0
153700,0,0
-149487,0,0
-278935,0,0
442873,0,0
146494,0,0
241126,0,0
176318,0,0
76423,0,0
3892,0,0
221029,0,0
-137716,0,0
224873,0,0
436398,0,0
-74130,0,0
70026,0,0
34748,0,0
212180,0,0
248164,0,0
57407,0,0
-195097,0,0
119527,0,0
61887,0,0
28405,0,0
551213,0,0
106678,0,0
-60486,0,0
8382,0,0
-39541,0,0
-276181,0,0
58355,0,0
-9491,0,0
301658,0,0
300446,0,0
-256106,0,0
166343,0,0
-53031,0,0
-125843,0,0
13871,0,0
233633,0,0
-175550,0,0
125895,0,0
-21500,0,0
-85891,0,0
221739,0,0
-94767,0,0
-216815,0,0
92156,0,0
-96613,0,0
-330267,0,0
-53954,0,0
-230239,0,0
96403,0,0
393387,0,0
37514,0,0
-64871,0,0
-353531,0,0
-254694,0,0
-234387,0,0
-293514,0,0
-389967,0,0
214708,0,0
143977,0,0
-169858,0,0
74164,0,0
-259357,0,0
-126689,0,0
-81854,0,0
-87069,0,0
-296054,0,0
322659,0,0
292581,0,0
29424,0,0
26428,0,0
-62623,0,0
406038,0,0
120202,0,0
-31555,0,0
-87125,0,0
87052,0,0
-33925,0,0
185488,0,0
167834,0,0
348542,0,0
642061,0,0
264224,0,0
279764,0,0
68432,0,0
-101229,0,0
-277928,0,0
167385,0,0
33330,0,0
377253,0,0
497752,0,0
6390,0,0
284853,0,0
352848,0,0
264183,0,0
338876,0,0
305686,0,0
-73519,0,0
309556,0,0
56596,0,0
-11356,0,0
404112,0,0
283530,0,0
415805,0,0
559141,0,0
355324,0,0
112899,0,0
252552,0,0
-74541,0,0
-21403,0,0
120013,0,0
-110033,0,0
245373,0,0
290163,0,0
280693,0,0
229961,0,0
171102,0,0
-156808,0,0
32449,0,0
-226348,0,0
-95489,0,0
222770,0,0
-78815,0,0
52911,0,0
-69375,0,0
31168,0,0
1819,0,0
69352,0,0
-258538,0,0
-13746,0,0
155909,0,0
-162307,0,0
2551,0,0
-251372,0,0
-141442,0,0
-219715,0,0
78388,0,0
-322356,0,0
-94424,0,0
-266340,0,0
-327098,0,0
109378,0,0
-72774,0,0
-226331,0,0
-409404,0,0
-242947,0,0
-274569,0,0
-73661,0,0
-417411,0,0
-142535,0,0
-147523,0,0
-556879,0,0
-286560,0,0
-160484,0,0
-296304,0,0
-242211,0,0
195636,0,0
-252981,0,0
-143324,0,0
-427343,0,0
-545039,0,0
-226667,0,0
-162284,0,0
-166398,0,0
-131479,0,0
-17481,0,0
-265111,0,0
-79691,0,0
-255190,0,0
-156792,0,0
101947,0,0
-252731,0,0
-185674,0,0
-194180,0,0
14671,0,0
-52505,0,0
127018,0,0
-307083,0,0
-108711,0,0
-179701,0,0
-257566,0,0
169958,0,0
19278,0,0
255,0,0
-124218,0,0
-93344,0,0
-232680,0,0
273695,0,0
-104135,0,0
-92259,0,0
131225,0,0
-134976,0,0
57045,0,0
-69210,0,0
-69230,0,0
111626,0,0
216116,0,0
-21112,0,0
122831,0,0
19311,0,0
-252400,0,0
-4441,0,0
-34400,0,0
71897,0,0
-11573,0,0
216423,0,0
-57353,0,0
176481,0,0
-153542,0,0
-45113,0,0
-43,0,0
-152387,0,0
82252,0,0
11388,0,0
-21911,0,0
54908,0,0
154906,0,0
-165313,0,0
166981,0,0
85852,0,0
32352,0,0
233540,0,0
75257,0,0
84561,0,0
20639,0,0
-25817,0,0
-51588,0,0
315758,0,0
-39752,0,0
182617,0,0
490245,0,0
23851,0,0
-164450,0,0
38741,0,0
155018,0,0
103786,0,0
386589,0,0
80493,0,0
98440,0,0
-22174,0,0
-42421,0,0
320371,0,0
126080,0,0
246924,0,0
194690,0,0
278515,0,0
-50519,0,0
396254,0,0
78822,0,0
175092,0,0
398127,0,0
111575,0,0
172572,0,0
31652,0,0
44219,0,0
82256,0,0
204113,0,0
13317,0,0
315169,0,0
288956,0,0
46200,0,0
140148,0,0
76291,0,0
252345,0,0
92021,0,0
207838,0,0
-59013,0,0
210983,0,0
-136289,0,0
-85622,0,0
94642,0,0
37889,0,0
145692,0,0
114889,0,0
382997,0,0
525788,0,0
287341,0,0
-265456,0,0
16855,0,0
-31538,0,0
3130,0,0
42034,0,0
73854,0,0
38480,0,0
-44888,0,0
47495,0,0
-39426,0,0
76651,0,0
-58905,0,0
207351,0,0
657508,0,0
449209,0,0
-72422,0,0
-283925,0,0
-120961,0,0
-129190,0,0
172965,0,0
-93074,0,0
70734,0,0
209139,0,0
116927,0,0
332589,0,0
213010,0,0
303653,0,0
288798,0,0
251066,0,0
-117798,0,0
-199154,0,0
-395839,0,0
-105918,0,0
462463,0,0
582499,0,0
542502,0,0
285806,0,0
103019,0,0
-228991,0,0
118223,0,0
-251552,0,0
116136,0,0
196698,0,0
241792,0,0
391622,0,0
151567,0,0
118182,0,0
-20500,0,0
126031,0,0
-136253,0,0
114799,0,0
-33686,0,0
-40502,0,0
203096,0,0
299926,0,0
-81292,0,0
-182703,0,0
30280,0,0
-132733,0,0
-16528,0,0
-218930,0,0
-126372,0,0
-27489,0,0
-304394,0,0
-166657,0,0
131197,0,0
-74491,0,0
-423139,0,0
-154707,0,0
-145821,0,0
-74697,0,0
-229462,0,0
-55625,0,0
-13056,0,0
-377651,0,0
-594651,0,0
-297186,0,0
-134815,0,0
-222265,0,0
120133,0,0
-125363,0,0
-224379,0,0
-234444,0,0
-409679,0,0
-366917,0,0
23263,0,0
136571,0,0
-369798,0,0
-397533,0,0
-182063,0,0
-14583,0,0
-182762,0,0
-168612,0,0
203769,0,0
-10176,0,0
-381636,0,0
-234920,0,0
-92988,0,0
-271840,0,0
173901,0,0
-126163,0,0
-133013,0,0
290213,0,0
202993,0,0
3318,0,0
-144546,0,0
-112959,0,0
-262674,0,0
142052,0,0
-293909,0,0
-33125,0,0
-35419,0,0
40349,0,0
363420,0,0
186630,0,0
-144579,0,0
-68829,0,0
3359,0,0
-173474,0,0
108350,0,0
-63888,0,0
91716,0,0
264096,0,0
25248,0,0
-19154,0,0
149843,0,0
4646,0,0
-176857,0,0
-139264,0,0
-223140,0,0
2387,0,0
-29151,0,0
31448,0,0
192358,0,0
32775,0,0
-305845,0,0
-92988,0,0
-163809,0,0
-248337,0,0
-14187,0,0
-116763,0,0
-128657,0,0
-27587,0,0
-146196,0,0
-173778,0,0
-34378,0,0
-115024,0,0
-135833,0,0
59749,0,0
-86169,0,0
142476,0,0
105508,0,0
-180724,0,0
93102,0,0
105964,0,0
15454,0,0
-39009,0,0
-57378,0,0
-169428,0,0
277400,0,0
37356,0,0
-39261,0,0
178548,0,0
-52018,0,0
5145,0,0
44562,0,0
-192882,0,0
130543,0,0
418158,0,0
-54951,0,0
64657,0,0
108447,0,0
-140476,0,0
296571,0,0
-121550,0,0
-405076,0,0
145791,0,0
274384,0,0
293062,0,0
256400,0,0
-89260,0,0
93183,0,0
461518,0,0
172444,0,0
-43851,0,0
43901,0,0
-142418,0,0
-35257,0,0
266231,0,0
194692,0,0
239250,0,0
296348,0,0
-102566,0,0
277053,0,0
104622,0,0
-73052,0,0
86262,0,0
-49029,0,0
-190346,0,0
113646,0,0
4517,0,0
-185920,0,0
96807,0,0
-3770,0,0
41023,0,0
108157,0,0
-93083,0,0
-268220,0,0
-295416,0,0
-326241,0,0
125937,0,0
127517,0,0
53631,0,0
-60156,0,0
-40129,0,0
-362795,0,0
166489,0,0
45753,0,0
-11047,0,0
4946,0,0
-191197,0,0
-260300,0,0
93585,0,0
-110205,0,0
-162494,0,0
266525,0,0
89100,0,0
-122772,0,0
-250508,0,0
-258029,0,0
152925,0,0
-26082,0,0
-325526,0,0
-145178,0,0
133668,0,0
-99702,0,0
-11643,0,0
-18547,0,0
-235790,0,0
84978,0,0
-180930,0,0
-331004,0,0
-137201,0,0
21755,0,0
15348,0,0
17247,0,0
-274592,0,0
-17864,0,0
245784,0,0
-98614,0,0
-183474,0,0
-107693,0,0
-337869,0,0
-101646,0,0
70119,0,0
-62255,0,0
63583,0,0
-187130,0,0
-335491,0,0
-46618,0,0
-12205,0,0
-138211,0,0
168771,0,0
-237833,0,0
-293862,0,0
-75600,0,0
-303305,0,0
-84174,0,0
117043,0,0
-112782,0,0
-13798,0,0
-23599,0,0
-373023,0,0
-251110,0,0
-131636,0,0
-254508,0,0
8112,0,0
-42902,0,0
-83912,0,0
-95092,0,0
-262280,0,0
-351002,0,0
198068,0,0
-179222,0,0
-291759,0,0
-1694,0,0
-331971,0,0
-97278,0,0
67534,0,0
102460,0,0
-44609,0,0
-62563,0,0
-313253,0,0
-122120,0,0
41640,0,0
-160687,0,0
54916,0,0
77762,0,0
-159605,0,0
133897,0,0
87711,0,0
-244395,0,0
114609,0,0
114126,0,0
-79190,0,0
293113,0,0
-89434,0,0
-44937,0,0
3035,0,0
-183102,0,0
-107233,0,0
168884,0,0
-51136,0,0
120540,0,0
179256,0,0
-394370,0,0
-256975,0,0
-100523,0,0
-295639,0,0
-6100,0,0
90132,0,0
-219786,0,0
-82174,0,0
-162451,0,0
-378942,0,0
-75847,0,0
-507298,0,0
-533092,0,0
-306829,0,0
-203470,0,0
-62078,0,0
163863,0,0
36487,0,0
29835,0,0
-108458,0,0
-629520,0,0
-90757,0,0
138240,0,0
294963,0,0
176725,0,0
-50160,0,0
-377827,0,0
-158056,0,0
677,0,0
-14241,0,0
362958,0,0
37227,0,0
158409,0,0
-41853,0,0
-343822,0,0
-113039,0,0
518060,0,0
377743,0,0
183318,0,0
-214819,0,0
-545978,0,0
71321,0,0
-29138,0,0
-20452,0,0
467919,0,0
498020,0,0
52596,0,0
52788,0,0
-198670,0,0
-233423,0,0
424921,0,0
8302,0,0
172541,0,0
99582,0,0
158236,0,0
-121672,0,0
231066,0,0
-7455,0,0
123411,0,0
115621,0,0
-216840,0,0
205697,0,0
95670,0,0
-22587,0,0
124604,0,0
105702,0,0
-256565,0,0
110748,0,0
94861,0,0
114428,0,0
562570,0,0
69057,0,0
160182,0,0
24632,0,0
-68932,0,0
52970,0,0
339077,0,0
161963,0,0
356803,0,0
466249,0,0
-37191,0,0
155761,0,0
144635,0,0
18065,0,0
312144,0,0
356038,0,0
37412,0,0
281541,0,0
178661,0,0
60334,0,0
536900,0,0
208815,0,0
104949,0,0
45928,0,0
-11493,0,0
-49328,0,0
355025,0,0
142950,0,0
345445,0,0
519373,0,0
-15499,0,0
184386,0,0
-49799,0,0
181,0,0
281631,0,0
239184,0,0
67162,0,0
210196,0,0
-29212,0,0
-206313,0,0
161872,0,0
-213866,0,0
-121311,0,0
-19376,0,0
-107538,0,0
-184569,0,0
141243,0,0
-162382,0,0
185805,0,0
-36967,0,0
-639397,0,0
-1883,0,0
-326979,0,0
-229145,0,0
-155280,0,0
40727,0,0
-289143,0,0
343425,0,0
286551,0,0
-205477,0,0
-105181,0,0
-236775,0,0
335924,0,0
273676,0,0
110224,0,0
-37572,0,0
242853,0,0
-69923,0,0
122382,0,0
220367,0,0
-55948,0,0
446986,0,0
226252,0,0
203224,0,0
287932,0,0
425215,0,0
-205664,0,0
60141,0,0
217707,0,0
148776,0,0
533428,0,0
158613,0,0
71488,0,0
102578,0,0
111457,0,0
-2137,0,0
497350,0,0
91940,0,0
69473,0,0
305556,0,0
132988,0,0
259226,0,0
101722,0,0
109605,0,0
169512,0,0
196542,0,0
-168166,0,0
240402,0,0
40327,0,0
-76551,0,0
401113,0,0
151240,0,0
152670,0,0
68078,0,0
76828,0,0
-228103,0,0
195535,0,0
-102683,0,0
-12305,0,0
446602,0,0
-160172,0,0
155766,0,0
157013,0,0
206845,0,0
225810,0,0
209001,0,0
-124655,0,0
131215,0,0
-42117,0,0
-102986,0,0
284426,0,0
-22781,0,0
154875,0,0
237394,0,0
423262,0,0
58180,0,0
96003,0,0
-104751,0,0
138626,0,0
83193,0,0
-297595,0,0
-135313,0,0
-264024,0,0
-159728,0,0
-291192,0,0
-304389,0,0
-233786,0,0
507481,0,0
339337,0,0
-275384,0,0
-45591,0,0
-310189,0,0
-488122,0,0
-370582,0,0
-28364,0,0
-283771,0,0
72630,0,0
-222618,0,0
-43937,0,0
4057,0,0
-259258,0,0
84140,0,0
31790,0,0
-145606,0,0
89925,0,0
162838,0,0
-493145,0,0
-151604,0,0
-255592,0,0
-438813,0,0
33379,0,0
-134528,0,0
-62495,0,0
-12348,0,0
-147190,0,0
-265639,0,0
61074,0,0
-188684,0,0
209354,0,0
211313,0,0
-251945,0,0
-107677,0,0
-312311,0,0
-192598,0,0
-136264,0,0
246310,0,0
76836,0,0
239534,0,0
95138,0,0
-280712,0,0
152474,0,0
-114512,0,0
43091,0,0
-63864,0,0
45369,0,0
-131772,0,0
51333,0,0
-282102,0,0
164286,0,0
195510,0,0
-24343,0,0
257188,0,0
-128868,0,0
-135900,0,0
-130818,0,0
-68293,0,0
-109933,0,0
312843,0,0
228334,0,0
-126796,0,0
214493,0,0
85419,0,0
91295,0,0
5348,0,0
31902,0,0
-22453,0,0
253064,0,0
-72097,0,0
69262,0,0
387620,0,0
-166016,0,0
100325,0,0
23956,0,0
11663,0,0
-25774,0,0
190194,0,0
-244820,0,0
119654,0,0
-115876,0,0
-219546,0,0
30223,0,0
-346388,0,0
-190895,0,0
-184914,0,0
-73305,0,0
-211487,0,0
84950,0,0
-405476,0,0
-325601,0,0
-264191,0,0
-440292,0,0
-223093,0,0
-213877,0,0
-236269,0,0
-361741,0,0
-332189,0,0
-619216,0,0
-313049,0,0
-348768,0,0
-161944,0,0
131638,0,0
-170418,0,0
-481979,0,0
-363610,0,0
-245971,0,0
-309786,0,0
-189538,0,0
-380633,0,0
-214513,0,0
-56424,0,0
-181302,0,0
-93735,0,0
-153205,0,0
-178839,0,0
-213244,0,0
-77190,0,0
-329060,0,0
136927,0,0
-80721,0,0
-329250,0,0
-95238,0,0
-254823,0,0
-206781,0,0
-240056,0,0
-63727,0,0
-112362,0,0
153729,0,0
-178233,0,0
-181200,0,0
-27350,0,0
-185883,0,0
-170190,0,0
-139663,0,0
-67269,0,0
-33654,0,0
102890,0,0
-262524,0,0
-20482,0,0
221311,0,0
43614,0,0
65740,0,0
-74903,0,0
-200399,0,0
66228,0,0
354931,0,0
195915,0,0
200781,0,0
29187,0,0
60460,0,0
175222,0,0
-12318,0,0
287014,0,0
194213,0,0
161058,0,0
148822,0,0
323137,0,0
34127,0,0
257302,0,0
146895,0,0
101963,0,0
682776,0,0
815955,0,0
419681,0,0
-96953,0,0
48877,0,0
-52965,0,0
315851,0,0
174759,0,0
295679,0,0
580187,0,0
355394,0,0
363687,0,0
456112,0,0
449574,0,0
-64886,0,0
-83753,0,0
-178209,0,0
127437,0,0
199046,0,0
218341,0,0
155029,0,0
4800,0,0
-252199,0,0
-257335,0,0
-71472,0,0
-342972,0,0
-3617,0,0
-145567,0,0
-148737,0,0
2270,0,0
-337563,0,0
-324458,0,0
-364399,0,0
-275604,0,0
-345336,0,0
-82230,0,0
-286300,0,0
-292228,0,0
-282674,0,0
-426439,0,0
-167701,0,0
-160142,0,0
-168002,0,0
-170308,0,0
-157110,0,0
-409134,0,0
-178192,0,0
-363850,0,0
-342699,0,0
-170848,0,0
-332221,0,0
-276049,0,0
-25292,0,0
-49122,0,0
-345791,0,0
-193803,0,0
-387334,0,0
-88783,0,0
-64946,0,0
-327261,0,0
-143856,0,0
-215181,0,0
-331579,0,0
-304249,0,0
-89079,0,0
-408582,0,0
-80882,0,0
-211726,0,0
-279561,0,0
-54817,0,0
-261137,0,0
-10587,0,0
37161,0,0
-339410,0,0
-561254,0,0
-197331,0,0
-237568,0,0
-185242,0,0
-111106,0,0
-229070,0,0
-203655,0,0
-106653,0,0
-24546,0,0
47604,0,0
380052,0,0
-146465,0,0
-37437,0,0
-183577,0,0
-85026,0,0
142039,0,0
18500,0,0
48154,0,0
217834,0,0
185858,0,0
90613,0,0
366677,0,0
199856,0,0
109685,0,0
176871,0,0
-42052,0,0
49133,0,0
235835,0,0
261750,0,0
-154307,0,0
41347,0,0
-119821,0,0
255342,0,0
434885,0,0
137834,0,0
189541,0,0
-77693,0,0
-56481,0,0
-36303,0,0
85070,0,0
-230860,0,0
170835,0,0
-9037,0,0
282034,0,0
618508,0,0
119185,0,0
-169699,0,0
-220534,0,0
-348337,0,0
-247912,0,0
-15155,0,0
-236506,0,0
16775,0,0
419910,0,0
560942,0,0
509519,0,0
-97105,0,0
-577068,0,0
-420146,0,0
-283338,0,0
-283590,0,0
193805,0,0
51905,0,0
-26464,0,0
177481,0,0
-19261,0,0
10510,0,0
77012,0,0
-136862,0,0
-141674,0,0
-120574,0,0
-444728,0,0
-213152,0,0
-10619,0,0
155174,0,0
119197,0,0
-77832,0,0
-124412,0,0
-21204,0,0
198243,0,0
51964,0,0
-108564,0,0
-251416,0,0
-223719,0,0
88054,0,0
-41465,0,0
262447,0,0
345532,0,0
20796,0,0
175217,0,0
371148,0,0
-29880,0,0
12238,0,0
-106544,0,0
-311607,0,0
2408,0,0
-5057,0,0
-42869,0,0
247342,0,0
193730,0,0
52079,0,0
174208,0,0
-130253,0,0
-311045,0,0
38360,0,0
-199153,0,0
-179408,0,0
218212,0,0
-19623,0,0
-10748,0,0
75015,0,0
-202795,0,0
-171540,0,0
67438,0,0
93790,0,0
168854,0,0
130195,0,0
-106430,0,0
60592,0,0
-59959,0,0
-68656,0,0
357850,0,0
123045,0,0
-117670,0,0
90223,0,0
33549,0,0
-72374,0,0
229098,0,0
-61872,0,0
133427,0,0
292259,0,0
-243068,0,0
-131151,0,0
-131113,0,0
-94296,0,0
341787,0,0
320790,0,0
-57703,0,0
3277,0,0
119394,0,0
-119551,0,0
-62113,0,0
-97887,0,0
-88969,0,0
163592,0,0
-2060,0,0
-30653,0,0
218309,0,0
-888,0,0
36792,0,0
219469,0,0
-231201,0,0
-40986,0,0
-115684,0,0
-180516,0,0
206973,0,0
269714,0,0
-151416,0,0
-15702,0,0
149913,0,0
18277,0,0
104338,0,0
65053,0,0
-103495,0,0
-69033,0,0
-198345,0,0
-302372,0,0
218862,0,0
69279,0,0
-131529,0,0
260586,0,0
95890,0,0
67118,0,0
134153,0,0
-99090,0,0
-37799,0,0
-65140,0,0
-446049,0,0
-104961,0,0
297276,0,0
350405,0,0
109339,0,0
-178464,0,0
-183283,0,0
47413,0,0
30372,0,0
139804,0,0
241122,0,0
-18284,0,0
-57523,0,0
55865,0,0
-58405,0,0
45037,0,0
213304,0,0
108875,0,0
341280,0,0
255514,0,0
-146587,0,0
158024,0,0
310989,0,0
31466,0,0
428810,0,0
250694,0,0
-138464,0,0
245843,0,0
158016,0,0
138505,0,0
511685,0,0
191744,0,0
197406,0,0
213838,0,0
187352,0,0
-48747,0,0
340094,0,0
156771,0,0
430413,0,0
248844,0,0
-39090,0,0
121989,0,0
204018,0,0
38567,0,0
253869,0,0
142523,0,0
-177866,0,0
319884,0,0
163707,0,0
-110294,0,0
160167,0,0
-31968,0,0
156013,0,0
129214,0,0
-72719,0,0
-129904,0,0
116570,0,0
-187619,0,0
78679,0,0
410556,0,0
-323090,0,0
-44366,0,0
-109663,0,0
37216,0,0
134659,0,0
-32999,0,0
-318712,0,0
184020,0,0
142389,0,0
-222421,0,0
252043,0,0
-26863,0,0
-37850,0,0
255172,0,0
198894,0,0
34127,0,0
159869,0,0
-224214,0,0
177919,0,0
438241,0,0
-78960,0,0
206510,0,0
120408,0,0
-2970,0,0
317537,0,0
374905,0,0
96196,0,0
153477,0,0
-39237,0,0
-98650,0,0
444123,0,0
328990,0,0
383801,0,0
304398,0,0
-7911,0,0
-15969,0,0
295931,0,0
75811,0,0
475703,0,0
292538,0,0
-76658,0,0
113198,0,0
242373,0,0
334067,0,0
677682,0,0
504710,0,0
92531,0,0
232479,0,0
100881,0,0
-42208,0,0
101100,0,0
-78470,0,0
93050,0,0
210359,0,0
418499,0,0
334276,0,0
341161,0,0
19544,0,0
170108,0,0
393590,0,0
-184990,0,0
-7987,0,0
-10817,0,0
133752,0,0
315734,0,0
311773,0,0
-9093,0,0
239271,0,0
152089,0,0
79955,0,0
622773,0,0
288294,0,0
222646,0,0
85803,0,0
96008,0,0
138882,0,0
172431,0,0
-187660,0,0
431261,0,0
429872,0,0
-33283,0,0
385474,0,0
342455,0,0
236070,0,0
192058,0,0
-109722,0,0
-283611,0,0
279140,0,0
235689,0,0
-75350,0,0
244482,0,0
-14133,0,0
21484,0,0
-52279,0,0
-280904,0,0
-225821,0,0
327278,0,0
-234510,0,0
-18419,0,0
111350,0,0
-361062,0,0
-109844,0,0
-69551,0,0
-320601,0,0
-189359,0,0
-94298,0,0
-124329,0,0
127522,0,0
-150534,0,0
-361989,0,0
40317,0,0
-208703,0,0
-192543,0,0
-81997,0,0
-79324,0,0
-220369,0,0
-22993,0,0
-437636,0,0
-316724,0,0
-71125,0,0
-468836,0,0
125131,0,0
84638,0,0
-18210,0,0
-77896,0,0
-246189,0,0
-604760,0,0
-118956,0,0
-360260,0,0
-531367,0,0
-229561,0,0
-378542,0,0
215892,0,0
296160,0,0
46889,0,0
-160533,0,0
-38018,0,0
-506724,0,0
-101197,0,0
-42481,0,0
-336123,0,0
4988,0,0
-183094,0,0
-111147,0,0
70827,0,0
-44744,0,0
-274587,0,0
41987,0,0
-96497,0,0
-231475,0,0
210458,0,0
-206472,0,0
-202225,0,0
-34898,0,0
232343,0,0
-74394,0,0
-24349,0,0
-326515,0,0
-48323,0,0
227553,0,0
-207824,0,0
126470,0,0
110871,0,0
159163,0,0
160234,0,0
213210,0,0
-241226,0,0
209092,0,0
132062,0,0
21061,0,0
383615,0,0
-16331,0,0
82464,0,0
12721,0,0
241223,0,0
116402,0,0
290019,0,0
-174299,0,0
31966,0,0
341071,0,0
-16755,0,0
292267,0,0
132988,0,0
111803,0,0
186378,0,0
116381,0,0
-283561,0,0
50136,0,0
136167,0,0
-39826,0,0
454592,0,0
244398,0,0
320518,0,0
177112,0,0
51590,0,0
-183595,0,0
227749,0,0
-19930,0,0
192294,0,0
282314,0,0
-38066,0,0
308929,0,0
111977,0,0
324217,0,0
209042,0,0
159188,0,0
-286070,0,0
47497,0,0
-29735,0,0
-276828,0,0
42720,0,0
31392,0,0
423442,0,0
57460,0,0
-151574,0,0
-279576,0,0
-27437,0,0
-392806,0,0
-231515,0,0
-204894,0,0
-244735,0,0
143620,0,0
-215536,0,0
-362244,0,0
-370673,0,0
-385501,0,0
-437449,0,0
-6981,0,0
-77138,0,0
-225696,0,0
205561,0,0
-229296,0,0
-307907,0,0
-324832,0,0
-352153,0,0
-497807,0,0
-247375,0,0
-381530,0,0
-63818,0,0
86641,0,0
-233222,0,0
233409,0,0
