-7596,0,0
64128,0,0
85495,0,0
-26655,0,0
112757,0,0
-331784,0,0
-80470,0,0
223295,0,0
-179814,0,0
-140449,0,0
-187644,0,0
-83697,0,0
52490,0,0
-23231,0,0
-157603,0,0
-89456,0,0
44092,0,0
-54030,0,0
29914,0,0
-75998,0,0
256793,0,0
-255363,0,0
-187561,0,0
-171778,0,0
251548,0,0
79046,0,0
-57626,0,0
70461,0,0
-139645,0,0
13549,0,0
103340,0,0
-89093,0,0
-86699,0,0
-66225,0,0
-249115,0,0
-272943,0,0
-283669,0,0
-356878,0,0
-718,0,0
212625,0,0
-194412,0,0
-248730,0,0
-217225,0,0
-244323,0,0
-12167,0,0
-242037,0,0
-14042,0,0
233297,0,0
-235149,0,0
-282080,0,0
-70099,0,0
-1104,0,0
-38036,0,0
141796,0,0
51441,0,0
269528,0,0
68038,0,0
-372383,0,0
23815,0,0
192921,0,0
-168777,0,0
-164094,0,0
291874,0,0
137847,0,0
398453,0,0
-47778,0,0
5787,0,0
101128,0,0
-136509,0,0
-81873,0,0
137304,0,0
66503,0,0
98809,0,0
143354,0,0
-17133,0,0
188668,0,0
135864,0,0
-80123,0,0
311007,0,0
380525,0,0
-72229,0,0
-187082,0,0
122838,0,0
23342,0,0
219610,0,0
-113435,0,0
-194650,0,0
4914,0,0
72873,0,0
-64428,0,0
78044,0,0
15047,0,0
-100870,0,0
-64425,0,0
-240881,0,0
-151198,0,0
69717,0,0
-330254,0,0
-178361,0,0
14970,0,0
-125163,0,0
-298943,0,0
-216548,0,0
-143325,0,0
165071,0,0
168214,0,0
-138074,0,0
-93250,0,0
-324031,0,0
-243338,0,0
-35790,0,0
200857,0,0
195626,0,0
389487,0,0
-9891,0,0
44660,0,0
-56375,0,0
-158252,0,0
287176,0,0
292407,0,0
131723,0,0
42905,0,0
336475,0,0
-33102,0,0
277951,0,0
82946,0,0
183398,0,0
79609,0,0
-239414,0,0
-19172,0,0
147599,0,0
-6004,0,0
203447,0,0
289452,0,0
-152402,0,0
27621,0,0
83860,0,0
-78734,0,0
15336,0,0
-22823,0,0
-201205,0,0
-175152,0,0
-101055,0,0
-206962,0,0
-50876,0,0
-27136,0,0
344937,0,0
200946,0,0
-242263,0,0
-415753,0,0
50669,0,0
83884,0,0
-27747,0,0
-37098,0,0
-226870,0,0
-15334,0,0
-128231,0,0
-400577,0,0
-52750,0,0
133750,0,0
152621,0,0
-63951,0,0
184478,0,0
-151629,0,0
34955,0,0
-230872,0,0
-65269,0,0
172140,0,0
-217628,0,0
-178637,0,0
-119780,0,0
39795,0,0
49100,0,0
-3715,0,0
-340975,0,0
-309020,0,0
-9603,0,0
-63965,0,0
54929,0,0
-19151,0,0
-52721,0,0
-104612,0,0
99492,0,0
-142196,0,0
112897,0,0
-11273,0,0
-151003,0,0
183066,0,0
-165773,0,0
-209633,0,0
78000,0,0
177861,0,0
38850,0,0
234857,0,0
70426,0,0
148122,0,0
176424,0,0
245609,0,0
423011,0,0
138382,0,0
-62133,0,0
-77554,0,0
-17720,0,0
-25397,0,0
229132,0,0
242477,0,0
146391,0,0
474398,0,0
33341,0,0
151226,0,0
29893,0,0
192807,0,0
80491,0,0
193806,0,0
-168365,0,0
-104947,0,0
29957,0,0
-50255,0,0
57414,0,0
-44547,0,0
-11864,0,0
-102639,0,0
-64366,0,0
-316254,0,0
123280,0,0
-129381,0,0
-346108,0,0
-160151,0,0
-222406,0,0
-170149,0,0
-65008,0,0
-304701,0,0
-184215,0,0
-75027,0,0
-413247,0,0
-172342,0,0
-46656,0,0
-204488,0,0
-183759,0,0
-267932,0,0
-328663,0,0
-257323,0,0
-197962,0,0
-406689,0,0
-224001,0,0
-167130,0,0
-385501,0,0
-28241,0,0
-94148,0,0
-179928,0,0
-81543,0,0
-378809,0,0
-352854,0,0
-242600,0,0
-296409,0,0
-231900,0,0
-225099,0,0
-388235,0,0
-299648,0,0
172293,0,0
253765,0,0
122324,0,0
-38334,0,0
-425295,0,0
-128990,0,0
-94188,0,0
21566,0,0
174327,0,0
-114894,0,0
-277152,0,0
-16996,0,0
107856,0,0
23745,0,0
340780,0,0
-58187,0,0
166747,0,0
94344,0,0
-164647,0,0
37452,0,0
27787,0,0
207824,0,0
204484,0,0
256728,0,0
238932,0,0
683641,0,0
202740,0,0
98438,0,0
244237,0,0
255987,0,0
328856,0,0
317131,0,0
190955,0,0
250965,0,0
546110,0,0
390610,0,0
299865,0,0
453088,0,0
303173,0,0
204533,0,0
195393,0,0
76121,0,0
135800,0,0
141756,0,0
-57998,0,0
465220,0,0
261141,0,0
23395,0,0
233727,0,0
31954,0,0
-47411,0,0
6300,0,0
-15967,0,0
6534,0,0
66126,0,0
-174247,0,0
250429,0,0
180478,0,0
-171749,0,0
-45396,0,0
27503,0,0
60406,0,0
-112370,0,0
-69470,0,0
-249694,0,0
-103708,0,0
-57733,0,0
-107370,0,0
292199,0,0
-18708,0,0
-180175,0,0
-42804,0,0
-92282,0,0
-173548,0,0
147210,0,0
-108361,0,0
-31667,0,0
-56,0,0
-177990,0,0
-9641,0,0
151898,0,0
59957,0,0
25409,0,0
-148838,0,0
-251102,0,0
72797,0,0
-12903,0,0
-227906,0,0
54200,0,0
-85333,0,0
-103067,0,0
-24903,0,0
-142121,0,0
-69554,0,0
78330,0,0
-130145,0,0
-52605,0,0
-162319,0,0
-215927,0,0
22723,0,0
-99431,0,0
-269244,0,0
-131199,0,0
-70760,0,0
-212051,0,0
96931,0,0
6856,0,0
-97856,0,0
409070,0,0
-73982,0,0
-230181,0,0
67878,0,0
10203,0,0
68716,0,0
129204,0,0
-84543,0,0
-243815,0,0
96313,0,0
174756,0,0
147348,0,0
242837,0,0
-38593,0,0
-224473,0,0
-198032,0,0
-316511,0,0
251173,0,0
397412,0,0
295948,0,0
59403,0,0
-562472,0,0
-427353,0,0
-343954,0,0
-464494,0,0
-227226,0,0
69880,0,0
72809,0,0
-127528,0,0
42728,0,0
176216,0,0
-162721,0,0
-213463,0,0
-291366,0,0
-302969,0,0
-321196,0,0
-135871,0,0
130940,0,0
204966,0,0
284112,0,0
16194,0,0
-239196,0,0
-398104,0,0
-206921,0,0
118765,0,0
387164,0,0
576121,0,0
38555,0,0
-163652,0,0
-264293,0,0
-177431,0,0
81698,0,0
112193,0,0
109132,0,0
-20660,0,0
224355,0,0
-50826,0,0
-25536,0,0
-222821,0,0
-173574,0,0
229111,0,0
6810,0,0
32052,0,0
155335,0,0
-50313,0,0
-93138,0,0
-110921,0,0
-155025,0,0
307758,0,0
37111,0,0
-226977,0,0
-11385,0,0
3190,0,0
-141220,0,0
-95179,0,0
8861,0,0
16827,0,0
146207,0,0
-110156,0,0
-254837,0,0
17779,0,0
-255523,0,0
115027,0,0
72068,0,0
-111981,0,0
-208761,0,0
-147816,0,0
-282069,0,0
-226025,0,0
65737,0,0
-204749,0,0
-30349,0,0
-26989,0,0
-271455,0,0
-272885,0,0
-193940,0,0
-273254,0,0
-19234,0,0
-122362,0,0
-398921,0,0
-84708,0,0
-360417,0,0
-349978,0,0
-187485,0,0
-187751,0,0
-273742,0,0
-96550,0,0
-261840,0,0
-332097,0,0
-241694,0,0
-388057,0,0
-224682,0,0
-198182,0,0
-257728,0,0
-320438,0,0
-67093,0,0
-497215,0,0
-261611,0,0
172633,0,0
85851,0,0
58393,0,0
60373,0,0
119402,0,0
-126808,0,0
-415389,0,0
-372048,0,0
8546,0,0
135935,0,0
216401,0,0
502662,0,0
297707,0,0
310891,0,0
234878,0,0
291673,0,0
197082,0,0
-32113,0,0
-188784,0,0
97179,0,0
461567,0,0
561071,0,0
463802,0,0
258367,0,0
249973,0,0
469169,0,0
366312,0,0
75804,0,0
302239,0,0
188999,0,0
340372,0,0
402950,0,0
29266,0,0
308836,0,0
464519,0,0
272268,0,0
312587,0,0
245190,0,0
217711,0,0
376506,0,0
228510,0,0
15648,0,0
193112,0,0
-98513,0,0
98167,0,0
315380,0,0
333445,0,0
63544,0,0
249529,0,0
-38716,0,0
-107400,0,0
194341,0,0
-3652,0,0
247572,0,0
163719,0,0
-113183,0,0
-69875,0,0
86184,0,0
-100776,0,0
73437,0,0
110676,0,0
138161,0,0
90166,0,0
-201035,0,0
-81042,0,0
-10248,0,0
241322,0,0
168064,0,0
144289,0,0
-225260,0,0
-41309,0,0
-47502,0,0
-56718,0,0
35939,0,0
90556,0,0
-132997,0,0
51369,0,0
44955,0,0
-2323,0,0
80682,0,0
-36077,0,0
-216951,0,0
939,0,0
8441,0,0
-66538,0,0
109114,0,0
125806,0,0
-129352,0,0
-50393,0,0
-306870,0,0
-152699,0,0
311809,0,0
156511,0,0
199742,0,0
207364,0,0
-64206,0,0
-154802,0,0
-15278,0,0
-10479,0,0
185694,0,0
215320,0,0
84061,0,0
141602,0,0
25759,0,0
-6103,0,0
175792,0,0
295069,0,0
26558,0,0
44701,0,0
-31423,0,0
367934,0,0
335117,0,0
32000,0,0
81722,0,0
7183,0,0
6239,0,0
50449,0,0
104801,0,0
18899,0,0
228581,0,0
379879,0,0
63778,0,0
265645,0,0
-184600,0,0
261374,0,0
87156,0,0
-16963,0,0
281577,0,0
356885,0,0
5344,0,0
-14116,0,0
-78434,0,0
-632,0,0
466821,0,0
609257,0,0
103672,0,0
-70316,0,0
-5070,0,0
-169732,0,0
199160,0,0
495225,0,0
476046,0,0
253082,0,0
-22637,0,0
-209070,0,0
35943,0,0
-30810,0,0
3817,0,0
426986,0,0
65626,0,0
-148045,0,0
75069,0,0
-118927,0,0
61297,0,0
132839,0,0
-169379,0,0
-198342,0,0
-70890,0,0
-124275,0,0
-192375,0,0
-415434,0,0
-257751,0,0
143443,0,0
19187,0,0
-148159,0,0
46962,0,0
-105261,0,0
-409301,0,0
-248203,0,0
-407012,0,0
-380629,0,0
-119024,0,0
-126918,0,0
-97290,0,0
-80207,0,0
-120567,0,0
-43233,0,0
-196239,0,0
-427637,0,0
-176351,0,0
79094,0,0
72226,0,0
99445,0,0
-337493,0,0
-294026,0,0
-3557,0,0
57987,0,0
33351,0,0
272648,0,0
-72285,0,0
40388,0,0
197198,0,0
-83773,0,0
112145,0,0
219035,0,0
15269,0,0
-5058,0,0
175125,0,0
129854,0,0
148998,0,0
214705,0,0
-102486,0,0
134570,0,0
114798,0,0
-41935,0,0
-10471,0,0
-117869,0,0
-63123,0,0
227890,0,0
86822,0,0
-11666,0,0
73803,0,0
-276437,0,0
-285027,0,0
-143975,0,0
-102064,0,0
-42539,0,0
129645,0,0
-262924,0,0
-84923,0,0
-174603,0,0
-279129,0,0
-229179,0,0
-313286,0,0
-291780,0,0
95298,0,0
166748,0,0
175298,0,0
304987,0,0
-329323,0,0
-436825,0,0
-43603,0,0
-184646,0,0
-124082,0,0
-102720,0,0
-193800,0,0
9156,0,0
357639,0,0
390303,0,0
161048,0,0
-325357,0,0
-286001,0,0
71212,0,0
-21652,0,0
-16146,0,0
288417,0,0
244346,0,0
2479,0,0
147024,0,0
158573,0,0
160149,0,0
47576,0,0
-49488,0,0
28886,0,0
217817,0,0
275121,0,0
109860,0,0
350078,0,0
388027,0,0
329526,0,0
172967,0,0
7001,0,0
99443,0,0
161098,0,0
149993,0,0
468126,0,0
264297,0,0
-96739,0,0
181060,0,0
171221,0,0
329426,0,0
258265,0,0
39408,0,0
-78543,0,0
244889,0,0
341826,0,0
212785,0,0
320799,0,0
-44898,0,0
59226,0,0
19969,0,0
-2166,0,0
346027,0,0
224113,0,0
50753,0,0
241638,0,0
185376,0,0
9227,0,0
129323,0,0
-88534,0,0
29713,0,0
443950,0,0
70864,0,0
59624,0,0
177100,0,0
-72433,0,0
-110336,0,0
28,0,0
-34063,0,0
87982,0,0
62236,0,0
-203149,0,0
52255,0,0
-101689,0,0
-134444,0,0
-87770,0,0
-42303,0,0
-143777,0,0
-105485,0,0
-157929,0,0
-34660,0,0
45110,0,0
-314541,0,0
-207010,0,0
-77284,0,0
-159462,0,0
-224276,0,0
-16818,0,0
-214458,0,0
-12597,0,0
-159918,0,0
-317756,0,0
-24443,0,0
-228029,0,0
-302450,0,0
-49758,0,0
36439,0,0
-13802,0,0
-125247,0,0
-440870,0,0
-240066,0,0
-447,0,0
-86359,0,0
-62272,0,0
-40302,0,0
-114847,0,0
-17987,0,0
336121,0,0
-153603,0,0
-1031,0,0
162833,0,0
302224,0,0
207075,0,0
26571,0,0
-42718,0,0
153555,0,0
86293,0,0
138116,0,0
258357,0,0
210336,0,0
74293,0,0
232970,0,0
136413,0,0
-7457,0,0
142890,0,0
103921,0,0
210045,0,0
112925,0,0
11492,0,0
71137,0,0
157896,0,0
-348768,0,0
-81024,0,0
-41216,0,0
140701,0,0
175743,0,0
60789,0,0
329055,0,0
427439,0,0
-6139,0,0
-227823,0,0
-143113,0,0
-37623,0,0
-159952,0,0
180992,0,0
11651,0,0
90131,0,0
232764,0,0
201882,0,0
191859,0,0
-54988,0,0
-195513,0,0
-99429,0,0
-14425,0,0
-226136,0,0
98200,0,0
-2053,0,0
-73984,0,0
18039,0,0
-169476,0,0
-34940,0,0
-79722,0,0
-27229,0,0
100547,0,0
261178,0,0
-229162,0,0
-274202,0,0
-49163,0,0
-150285,0,0
152524,0,0
17466,0,0
-242922,0,0
-213445,0,0
-163064,0,0
-221511,0,0
159500,0,0
-49739,0,0
-159329,0,0
-78704,0,0
-86435,0,0
-11858,0,0
118252,0,0
-33689,0,0
-96772,0,0
-155618,0,0
-429843,0,0
-323820,0,0
-47247,0,0
-1064,0,0
190109,0,0
196970,0,0
234536,0,0
316480,0,0
-147114,0,0
-264904,0,0
12306,0,0
89578,0,0
-104876,0,0
146436,0,0
3978,0,0
-187272,0,0
12877,0,0
-49363,0,0
-66167,0,0
100757,0,0
212542,0,0
-209347,0,0
-31625,0,0
-227523,0,0
-32375,0,0
-209889,0,0
-424963,0,0
-170088,0,0
-121670,0,0
-240877,0,0
-8268,0,0
-21335,0,0
-189515,0,0
-103564,0,0
-395727,0,0
-364949,0,0
-86192,0,0
-267978,0,0
-355353,0,0
-117573,0,0
-282033,0,0
-207045,0,0
-290807,0,0
-470690,0,0
-45169,0,0
53189,0,0
-282834,0,0
-292895,0,0
-217633,0,0
-326197,0,0
-44677,0,0
36155,0,0
-155459,0,0
-35154,0,0
-155071,0,0
-254332,0,0
-15589,0,0
-165346,0,0
-152059,0,0
159424,0,0
-2468,0,0
66294,0,0
20217,0,0
-166592,0,0
-145464,0,0
18411,0,0
147240,0,0
365123,0,0
225859,0,0
-135612,0,0
-90486,0,0
-218662,0,0
-200471,0,0
101210,0,0
100812,0,0
13982,0,0
40723,0,0
-390300,0,0
26378,0,0
451009,0,0
230893,0,0
-151702,0,0
-175485,0,0
-510893,0,0
-108131,0,0
-37016,0,0
-127771,0,0
203229,0,0
35501,0,0
-219344,0,0
-31015,0,0
-54008,0,0
-336284,0,0
-120405,0,0
-197774,0,0
-91631,0,0
223934,0,0
-120222,0,0
-109280,0,0
118042,0,0
-173483,0,0
-201812,0,0
55676,0,0
180008,0,0
179712,0,0
-42196,0,0
-271142,0,0
-7614,0,0
160866,0,0
57304,0,0
244950,0,0
275237,0,0
160827,0,0
223741,0,0
21340,0,0
-5699,0,0
194344,0,0
124329,0,0
32364,0,0
214503,0,0
-144665,0,0
191305,0,0
656907,0,0
490742,0,0
194750,0,0
-143484,0,0
-219684,0,0
-3627,0,0
108255,0,0
-8069,0,0
543364,0,0
332971,0,0
-83118,0,0
23640,0,0
-114262,0,0
113390,0,0
520156,0,0
169395,0,0
-188099,0,0
-867,0,0
158779,0,0
210650,0,0
124402,0,0
13426,0,0
50823,0,0
-92094,0,0
-38699,0,0
346952,0,0
283704,0,0
-56468,0,0
81694,0,0
-83355,0,0
34774,0,0
214055,0,0
-59685,0,0
-91570,0,0
264907,0,0
244327,0,0
16994,0,0
60828,0,0
-154772,0,0
-56023,0,0
34578,0,0
13743,0,0
206678,0,0
227947,0,0
5373,0,0
214609,0,0
-97541,0,0
-125244,0,0
66856,0,0
46453,0,0
-2223,0,0
-19239,0,0
-220965,0,0
-5191,0,0
315016,0,0
65148,0,0
-43334,0,0
-103935,0,0
-250670,0,0
-271614,0,0
12499,0,0
-310182,0,0
-4065,0,0
31217,0,0
-30855,0,0
15075,0,0
166782,0,0
-333658,0,0
-91647,0,0
-3971,0,0
-40744,0,0
530240,0,0
101332,0,0
-452521,0,0
-190689,0,0
18070,0,0
327434,0,0
389765,0,0
11782,0,0
-53756,0,0
-190144,0,0
196857,0,0
435273,0,0
471652,0,0
226262,0,0
168102,0,0
-99403,0,0
-116266,0,0
106880,0,0
128307,0,0
153702,0,0
411951,0,0
48882,0,0
106943,0,0
326971,0,0
139090,0,0
-30052,0,0
78588,0,0
-84348,0,0
-191451,0,0
62532,0,0
-33921,0,0
213659,0,0
425804,0,0
52118,0,0
-27213,0,0
-177752,0,0
-523182,0,0
-152099,0,0
62739,0,0
90455,0,0
121921,0,0
87601,0,0
-206548,0,0
-8550,0,0
-360417,0,0
-149971,0,0
137461,0,0
30536,0,0
-56868,0,0
46122,0,0
-257810,0,0
-280161,0,0
-138317,0,0
-175420,0,0
110508,0,0
26673,0,0
-241223,0,0
-113885,0,0
21649,0,0
-68976,0,0
-26634,0,0
-309342,0,0
-461131,0,0
-95457,0,0
-105954,0,0
-76441,0,0
-54318,0,0
-191952,0,0
-352996,0,0
-109656,0,0
-169638,0,0
-190669,0,0
-257273,0,0
-260579,0,0
-49936,0,0
101511,0,0
-225350,0,0
-163465,0,0
-246343,0,0
-249706,0,0
-2206,0,0
-46461,0,0
-95390,0,0
4014,0,0
-256618,0,0
-210740,0,0
56418,0,0
-109602,0,0
-142282,0,0
44540,0,0
-108634,0,0
-245497,0,0
-10903,0,0
-291711,0,0
85532,0,0
162786,0,0
-890,0,0
164702,0,0
-90291,0,0
-195723,0,0
38964,0,0
202232,0,0
-336675,0,0
128802,0,0
95643,0,0
113772,0,0
199539,0,0
68773,0,0
-684,0,0
447479,0,0
2949,0,0
123158,0,0
144253,0,0
-118921,0,0
-4720,0,0
131940,0,0
238046,0,0
325539,0,0
186633,0,0
54002,0,0
55533,0,0
-7387,0,0
-72429,0,0
367604,0,0
322840,0,0
127662,0,0
166783,0,0
-62660,0,0
-21282,0,0
182631,0,0
-89819,0,0
491696,0,0
382842,0,0
-166976,0,0
-49049,0,0
111261,0,0
-193371,0,0
58028,0,0
-75555,0,0
-169645,0,0
60116,0,0
10739,0,0
209232,0,0
119631,0,0
-371170,0,0
-159374,0,0
127697,0,0
-34724,0,0
-196661,0,0
-322547,0,0
-261863,0,0
-157319,0,0
163562,0,0
35585,0,0
39561,0,0
-170661,0,0
-471566,0,0
-211152,0,0
-109891,0,0
-147426,0,0
234635,0,0
121100,0,0
-10351,0,0
79997,0,0
-378197,0,0
-300983,0,0
-33262,0,0
-152589,0,0
-51575,0,0
123871,0,0
-238248,0,0
-108906,0,0
89471,0,0
-186138,0,0
-45102,0,0
24701,0,0
-196195,0,0
51,0,0
121023,0,0
-81234,0,0
135284,0,0
-94872,0,0
-6642,0,0
186047,0,0
-94125,0,0
-335242,0,0
32105,0,0
-40434,0,0
-96669,0,0
-3859,0,0
200490,0,0
272606,0,0
123230,0,0
-307167,0,0
2830,0,0
34439,0,0
-131001,0,0
61128,0,0
-37705,0,0
-216419,0,0
-189163,0,0
-167335,0,0
-121141,0,0
199817,0,0
-84725,0,0
174242,0,0
169090,0,0
-133120,0,0
-130873,0,0
27857,0,0
-345254,0,0
-309269,0,0
77464,0,0
92046,0,0
212201,0,0
190390,0,0
-844,0,0
199485,0,0
-209699,0,0
-472296,0,0
10145,0,0
6854,0,0
-236805,0,0
392340,0,0
97738,0,0
-157757,0,0
31128,0,0
369192,0,0
24144,0,0
107609,0,0
-40886,0,0
-139360,0,0
110868,0,0
45896,0,0
335320,0,0
230114,0,0
98869,0,0
234288,0,0
138458,0,0
13969,0,0
216231,0,0
140599,0,0
-85057,0,0
186505,0,0
-35533,0,0
-207648,0,0
310024,0,0
147099,0,0
181664,0,0
-4839,0,0
-146663,0,0
69581,0,0
87332,0,0
-173063,0,0
75469,0,0
4189,0,0
-525053,0,0
-362561,0,0
-88632,0,0
-43079,0,0
297453,0,0
292904,0,0
-134734,0,0
-53194,0,0
-420436,0,0
-505892,0,0
-253057,0,0
-397412,0,0
-35346,0,0
229401,0,0
27098,0,0
151926,0,0
135030,0,0
-514362,0,0
-584020,0,0
-390528,0,0
-252252,0,0
221220,0,0
550348,0,0
240904,0,0
45115,0,0
-142922,0,0
-396684,0,0
-142757,0,0
-250071,0,0
-31906,0,0
344788,0,0
169690,0,0
53538,0,0
39190,0,0
-177043,0,0
-163045,0,0
-184870,0,0
-293555,0,0
-212653,0,0
105562,0,0
189502,0,0
365841,0,0
302454,0,0
-42736,0,0
50956,0,0
-138343,0,0
-365113,0,0
-9848,0,0
-96432,0,0
18795,0,0
238969,0,0
-9739,0,0
204913,0,0
225469,0,0
78293,0,0
128270,0,0
164044,0,0
-94502,0,0
73656,0,0
68911,0,0
-283197,0,0
86996,0,0
-10992,0,0
156607,0,0
131027,0,0
-28305,0,0
-175216,0,0
39722,0,0
122710,0,0
226513,0,0
361947,0,0
-150550,0,0
-74622,0,0
-146733,0,0
-359605,0,0
46218,0,0
333655,0,0
184468,0,0
374053,0,0
250888,0,0
-118773,0,0
182023,0,0
79089,0,0
-220740,0,0
186632,0,0
335084,0,0
-6459,0,0
286957,0,0
46291,0,0
15777,0,0
318964,0,0
109240,0,0
75668,0,0
140175,0,0
230286,0,0
258277,0,0
299570,0,0
12255,0,0
175214,0,0
230105,0,0
-177767,0,0
26039,0,0
288133,0,0
110068,0,0
114917,0,0
-23300,0,0
-181009,0,0
240978,0,0
137200,0,0
-73809,0,0
308426,0,0
86711,0,0
15905,0,0
60016,0,0
-236624,0,0
-179217,0,0
65263,0,0
-192917,0,0
140665,0,0
84393,0,0
-442321,0,0
-157373,0,0
-40686,0,0
-35645,0,0
194621,0,0
28642,0,0
-167075,0,0
-22121,0,0
-252564,0,0
-251203,0,0
-142953,0,0
-219219,0,0
13580,0,0
73997,0,0
-72227,0,0
-184512,0,0
-117524,0,0
-71231,0,0
-42326,0,0
153945,0,0
-221519,0,0
-90439,0,0
-280382,0,0
-265130,0,0
-137693,0,0
-91557,0,0
-47900,0,0
144617,0,0
-167432,0,0
-127659,0,0
144627,0,0
-95636,0,0
-158614,0,0
-197457,0,0
-162691,0,0
-81976,0,0
26176,0,0
-97876,0,0
55709,0,0
-7172,0,0
-282533,0,0
-201574,0,0
-152876,0,0
-151052,0,0
130593,0,0
215182,0,0
-112231,0,0
23828,0,0
-195957,0,0
-188681,0,0
31773,0,0
-125470,0,0
-18376,0,0
-4398,0,0
-139805,0,0
45740,0,0
272994,0,0
8643,0,0
-19688,0,0
57704,0,0
-116241,0,0
72266,0,0
214472,0,0
160037,0,0
56401,0,0
-98651,0,0
79332,0,0
441393,0,0
-61630,0,0
-127399,0,0
301594,0,0
138217,0,0
153709,0,0
24575,0,0
-22219,0,0
14350,0,0
240027,0,0
-233997,0,0
-16082,0,0
173460,0,0
114758,0,0
419494,0,0
191489,0,0
-29462,0,0
-175557,0,0
-54251,0,0
-296930,0,0
416097,0,0
433531,0,0
-135631,0,0
107069,0,0
-195031,0,0
-94018,0,0
33948,0,0
182638,0,0
347990,0,0
106595,0,0
-263627,0,0
157006,0,0
204875,0,0
44150,0,0
515900,0,0
75522,0,0
-251704,0,0
-59722,0,0
8163,0,0
-5456,0,0
216686,0,0
9704,0,0
-147504,0,0
296031,0,0
-333934,0,0
-370237,0,0
110059,0,0
251711,0,0
90098,0,0
6091,0,0
-248353,0,0
-52460,0,0
-68536,0,0
-409328,0,0
-387789,0,0
-103338,0,0
180237,0,0
76655,0,0
185106,0,0
213179,0,0
193721,0,0
-163385,0,0
-434216,0,0
-102707,0,0
-322473,0,0
-108537,0,0
183295,0,0
240543,0,0
329582,0,0
414783,0,0
-187091,0,0
-32572,0,0
-43993,0,0
-144939,0,0
-49833,0,0
-202168,0,0
-183637,0,0
33642,0,0
181997,0,0
78125,0,0
242871,0,0
-144737,0,0
-432995,0,0
-60767,0,0
-237756,0,0
-269626,0,0
-147568,0,0
-60645,0,0
-40919,0,0
329338,0,0
-94302,0,0
-124364,0,0
-20728,0,0
-209779,0,0
330646,0,0
199265,0,0
226252,0,0
155205,0,0
-189730,0,0
-399300,0,0
46076,0,0
298099,0,0
254522,0,0
316027,0,0
177619,0,0
75947,0,0
109648,0,0
94184,0,0
810,0,0
77050,0,0
-174163,0,0
-53218,0,0
24161,0,0
-217858,0,0
107996,0,0
-115678,0,0
-84927,0,0
27040,0,0
-47748,0,0
-417825,0,0
-64281,0,0
4882,0,0
154093,0,0
247175,0,0
-195918,0,0
-262517,0,0
-176815,0,0
-144383,0,0
11511,0,0
208101,0,0
-236418,0,0
-50483,0,0
158343,0,0
-126731,0,0
95523,0,0
225718,0,0
-48275,0,0
-6736,0,0
-23304,0,0
-231984,0,0
147082,0,0
35713,0,0
-192325,0,0
186259,0,0
-92945,0,0
55020,0,0
255489,0,0
80799,0,0
-23845,0,0
-9279,0,0
-315179,0,0
69900,0,0
172495,0,0
139279,0,0
132543,0,0
-36903,0,0
-57899,0,0
-167,0,0
-156571,0,0
-74653,0,0
11849,0,0
-57346,0,0
75276,0,0
603343,0,0
-182827,0,0
-346067,0,0
-190716,0,0
-367689,0,0
-85525,0,0
-4971,0,0
-108895,0,0
382613,0,0
330058,0,0
-435172,0,0
-605314,0,0
-438153,0,0
-194887,0,0
287103,0,0
262750,0,0
24276,0,0
280919,0,0
15215,0,0
-348593,0,0
67825,0,0
-86845,0,0
69743,0,0
47026,0,0
92026,0,0
110593,0,0
49606,0,0
-346786,0,0
-231955,0,0
339480,0,0
87063,0,0
491796,0,0
370818,0,0
-55804,0,0
-365349,0,0
-321518,0,0
-467945,0,0
57239,0,0
8403,0,0
64507,0,0
337154,0,0
-22444,0,0
173056,0,0
60423,0,0
-291105,0,0
-81943,0,0
246735,0,0
148466,0,0
168715,0,0
332958,0,0
-122512,0,0
110009,0,0
-16575,0,0
7961,0,0
118621,0,0
197155,0,0
-80492,0,0
270130,0,0
-109132,0,0
-140382,0,0
185612,0,0
86111,0,0
428690,0,0
19742,0,0
-316437,0,0
-422522,0,0
117893,0,0
-160776,0,0
185087,0,0
289203,0,0
-157655,0,0
-11539,0,0
-70480,0,0
-95593,0,0
83021,0,0
1794,0,0
-268782,0,0
91153,0,0
-23393,0,0
-258300,0,0
113316,0,0
-48963,0,0
-96666,0,0
12900,0,0
-19346,0,0
-161906,0,0
-163615,0,0
-361645,0,0
-306298,0,0
-89710,0,0
-180980,0,0
335611,0,0
72930,0,0
46714,0,0
31647,0,0
-14,0,0
-152691,0,0
-110501,0,0
-137543,0,0
-208488,0,0
196254,0,0
-46136,0,0
95165,0,0
213900,0,0
34696,0,0
80521,0,0
397618,0,0
50036,0,0
-55838,0,0
111987,0,0
-188421,0,0
223949,0,0
33871,0,0
-360270,0,0
97955,0,0
601843,0,0
-95795,0,0
151496,0,0
-80069,0,0
-187198,0,0
109855,0,0
-152258,0,0
-50706,0,0
90829,0,0
-48549,0,0
-118360,0,0
-41227,0,0
-197569,0,0
166844,0,0
359456,0,0
-144297,0,0
-102477,0,0
-82977,0,0
-398335,0,0
-73049,0,0
-74267,0,0
-52115,0,0
335682,0,0
100399,0,0
-211077,0,0
50006,0,0
-298564,0,0
-15112,0,0
188656,0,0
174396,0,0
66693,0,0
59156,0,0
-207684,0,0
23389,0,0
213629,0,0
-182112,0,0
74704,0,0
-60139,0,0
-32112,0,0
525553,0,0
539968,0,0
25474,0,0
138892,0,0
-269396,0,0
-128872,0,0
343137,0,0
460354,0,0
396032,0,0
402153,0,0
447081,0,0
170146,0,0
68248,0,0
-71558,0,0
347640,0,0
484728,0,0
135687,0,0
537392,0,0
427196,0,0
294934,0,0
297473,0,0
259033,0,0
-92302,0,0
101525,0,0
27141,0,0
126252,0,0
742361,0,0
575928,0,0
198973,0,0
-110237,0,0
-212801,0,0
-43382,0,0
177379,0,0
453,0,0
150542,0,0
169867,0,0
-224186,0,0
-1171,0,0
263170,0,0
144557,0,0
47924,0,0
-115090,0,0
-389621,0,0
33447,0,0
-104834,0,0
-359130,0,0
8968,0,0
-27702,0,0
-9468,0,0
-150755,0,0
-330715,0,0
-88059,0,0
154785,0,0
-329042,0,0
-230599,0,0
-62335,0,0
-361549,0,0
-8817,0,0
-272328,0,0
-493999,0,0
-223425,0,0
-118383,0,0
-256986,0,0
12248,0,0
-334912,0,0
-537189,0,0
-115383,0,0
-422387,0,0
-250808,0,0
-252452,0,0
-198139,0,0
-224424,0,0
155390,0,0
-287578,0,0
-361034,0,0
-99504,0,0
-302688,0,0
86795,0,0
-46590,0,0
-218961,0,0
-128830,0,0
-190752,0,0
-345914,0,0
662724,0,0
461120,0,0
-208168,0,0
195067,0,0
-38784,0,0
-9728,0,0
-131359,0,0
-179237,0,0
-130042,0,0
395924,0,0
202169,0,0
261578,0,0
32593,0,0
-235718,0,0
181369,0,0
96917,0,0
-30796,0,0
95004,0,0
-27410,0,0
-100730,0,0
282212,0,0
256243,0,0
6089,0,0
292095,0,0
-40591,0,0
23132,0,0
-94617,0,0
-93473,0,0
257282,0,0
474007,0,0
200919,0,0
445430,0,0
492496,0,0
-119980,0,0
-39787,0,0
224556,0,0
90142,0,0
273456,0,0
353307,0,0
-75096,0,0
224022,0,0
52337,0,0
3753,0,0
239550,0,0
-72201,0,0
330140,0,0
428594,0,0
14555,0,0
-16928,0,0
174133,0,0
-292578,0,0
-142716,0,0
234215,0,0
-153666,0,0
-14613,0,0
-14035,0,0
91344,0,0
187904,0,0
89793,0,0
-399382,0,0
-89040,0,0
-303864,0,0
-305982,0,0
5140,0,0
89386,0,0
201302,0,0
-256560,0,0
-277585,0,0
-256351,0,0
-79639,0,0
-265294,0,0
127686,0,0
161212,0,0
-410393,0,0
-43695,0,0
-187032,0,0
-211530,0,0
30945,0,0
259534,0,0
-31176,0,0
144232,0,0
-164209,0,0
-208541,0,0
71439,0,0
-245887,0,0
53575,0,0
13165,0,0
-132366,0,0
-186459,0,0
146463,0,0
-120732,0,0
187785,0,0
-173246,0,0
-477087,0,0
-24859,0,0
124343,0,0
33619,0,0
124277,0,0
50346,0,0
-354050,0,0
134948,0,0
-263084,0,0
-306749,0,0
275085,0,0
45804,0,0
278925,0,0
119717,0,0
126762,0,0
-165420,0,0
174685,0,0
54349,0,0
173187,0,0
223493,0,0
-198514,0,0
158981,0,0
245205,0,0
67011,0,0
145423,0,0
196949,0,0
-10445,0,0
156797,0,0
9660,0,0
15674,0,0
461212,0,0
-62107,0,0
-84997,0,0
-63397,0,0
-83159,0,0
-21703,0,0
339214,0,0
-88888,0,0
147295,0,0
-36845,0,0
-36267,0,0
321303,0,0
-153560,0,0
-356974,0,0
-281873,0,0
-146553,0,0
-497389,0,0
628352,0,0
387711,0,0
31549,0,0
-62388,0,0
-419503,0,0
-455484,0,0
-375619,0,0
-106220,0,0
-218084,0,0
75876,0,0
-96737,0,0
101251,0,0
-52186,0,0
-468569,0,0
138112,0,0
-114518,0,0
-449075,0,0
-297288,0,0
-155068,0,0
-388800,0,0
41379,0,0
-179467,0,0
-319543,0,0
10954,0,0
-231757,0,0
-235387,0,0
-82867,0,0
-200816,0,0
-389734,0,0
-68888,0,0
-219306,0,0
-35610,0,0
76023,0,0
-327869,0,0
2024,0,0
-342860,0,0
-264381,0,0
-198050,0,0
88417,0,0
-114647,0,0
127605,0,0
157324,0,0
56771,0,0
255403,0,0
-162598,0,0
-159290,0,0
23073,0,0
70695,0,0
70163,0,0
250404,0,0
355674,0,0
296809,0,0
293244,0,0
-60231,0,0
500128,0,0
185188,0,0
199075,0,0
250431,0,0
196173,0,0
-103936,0,0
223389,0,0
281556,0,0
382402,0,0
615890,0,0
215410,0,0
83802,0,0
-164267,0,0
-148631,0,0
-16702,0,0
177991,0,0
-356674,0,0
-49473,0,0
130194,0,0
209273,0,0
801908,0,0
6257,0,0
-213299,0,0
72124,0,0
-118070,0,0
-582502,0,0
-187507,0,0
-107775,0,0
94466,0,0
401199,0,0
35842,0,0
-32118,0,0
-334475,0,0
-325823,0,0
-257364,0,0
207481,0,0
-261576,0,0
-268629,0,0
118539,0,0
-289535,0,0
-104068,0,0
-469915,0,0
-466233,0,0
-406121,0,0
-310319,0,0
-432786,0,0
130979,0,0
-95557,0,0
-567497,0,0
-128034,0,0
-348453,0,0
-218200,0,0
-265114,0,0
-328157,0,0
-322646,0,0
221267,0,0
-365885,0,0
-107623,0,0
-50599,0,0
-321696,0,0
-113008,0,0
-4868,0,0
-59093,0,0
-44788,0,0
-121610,0,0
-399892,0,0
-64103,0,0
-65673,0,0
-201886,0,0
35757,0,0
-285495,0,0
-255536,0,0
92324,0,0
145957,0,0
146309,0,0
94525,0,0
-307742,0,0
-273779,0,0
-60445,0,0
-343604,0,0
115466,0,0
92168,0,0
298906,0,0
305140,0,0
127044,0,0
-279584,0,0
103401,0,0
-111175,0,0
-157495,0,0
416086,0,0
-25069,0,0
191609,0,0
216428,0,0
352813,0,0
94393,0,0
346125,0,0
-152066,0,0
46860,0,0
195485,0,0
-384981,0,0
54903,0,0
53748,0,0
-5007,0,0
211713,0,0
106445,0,0
-55378,0,0
219915,0,0
-169953,0,0
-245786,0,0
80162,0,0
-139846,0,0
-147516,0,0
-137136,0,0
-185768,0,0
-271960,0,0
254269,0,0
-58231,0,0
11334,0,0
84424,0,0
-422679,0,0
-94568,0,0
-153608,0,0
-155601,0,0
-1344,0,0
19889,0,0
-13369,0,0
224195,0,0
-101118,0,0
-275484,0,0
-7374,0,0
-216335,0,0
-280036,0,0
-283428,0,0
-170466,0,0
-105003,0,0
116180,0,0
-344483,0,0
-44442,0,0
226718,0,0
-315737,0,0
-78410,0,0
80388,0,0
-70051,0,0
20304,0,0
-128577,0,0
-353894,0,0
114106,0,0
198038,0,0
62441,0,0
454037,0,0
141993,0,0
212819,0,0
240428,0,0
253554,0,0
84389,0,0
208419,0,0
60340,0,0
293709,0,0
541163,0,0
88889,0,0
308512,0,0
213852,0,0
111318,0,0
301168,0,0
386349,0,0
-159959,0,0
299559,0,0
230359,0,0
-97586,0,0
370274,0,0
40621,0,0
20286,0,0
105985,0,0
308707,0,0
111045,0,0
497827,0,0
-22280,0,0
12256,0,0
71366,0,0
-229513,0,0
78866,0,0
106733,0,0
185339,0,0
371105,0,0
71562,0,0
-482338,0,0
124273,0,0
151315,0,0
-256181,0,0
336612,0,0
77006,0,0
-123413,0,0
-485270,0,0
-100553,0,0
29254,0,0
28155,0,0
-311626,0,0
-195408,0,0
-23531,0,0
-57659,0,0
312165,0,0
126372,0,0
-1597,0,0
-197562,0,0
-147815,0,0
-373230,0,0
79099,0,0
151971,0,0
216886,0,0
468439,0,0
56101,0,0
103840,0,0
-84265,0,0
-73267,0,0
66545,0,0
573853,0,0
-41470,0,0
74943,0,0
236134,0,0
-30048,0,0
211840,0,0
284593,0,0
69911,0,0
-24060,0,0
169018,0,0
-75578,0,0
217319,0,0
134352,0,0
315650,0,0
334059,0,0
-149303,0,0
-32494,0,0
103480,0,0
135731,0,0
-10469,0,0
304700,0,0
-23613,0,0
112012,0,0
296958,0,0
-200689,0,0
95994,0,0
7869,0,0
79673,0,0
174729,0,0
17303,0,0
-170276,0,0
72227,0,0
57818,0,0
-178631,0,0
235497,0,0
81794,0,0
-50721,0,0
6134,0,0
-34197,0,0
-154576,0,0
226190,0,0
31164,0,0
266341,0,0
165174,0,0
-138053,0,0
-3410,0,0
53032,0,0
-58513,0,0
-40441,0,0
48938,0,0
-315941,0,0
107253,0,0
51893,0,0
32796,0,0
521715,0,0
-60418,0,0
-68682,0,0
-128359,0,0
-215215,0,0
-285576,0,0
67642,0,0
-252249,0,0
-103537,0,0
-36139,0,0
-248829,0,0
448829,0,0
121369,0,0
-253808,0,0
-190313,0,0
-24863,0,0
-300887,0,0
-388710,0,0
-439006,0,0
-219609,0,0
426068,0,0
178171,0,0
54555,0,0
-163740,0,0
-332398,0,0
-165505,0,0
54671,0,0
-360960,0,0
-18878,0,0
356967,0,0
-421976,0,0
-263915,0,0
-15238,0,0
361887,0,0
221489,0,0
84658,0,0
-481026,0,0
-121116,0,0
9170,0,0
-158421,0,0
141931,0,0
-182221,0,0
32244,0,0
167822,0,0
228886,0,0
-3474,0,0
97738,0,0
-133426,0,0
-92943,0,0
302173,0,0
-99787,0,0
182209,0,0
89651,0,0
110937,0,0
19248,0,0
142137,0,0
-118447,0,0
301196,0,0
92963,0,0
-218281,0,0
101644,0,0
-233485,0,0
-115157,0,0
124293,0,0
197827,0,0
-24436,0,0
102399,0,0
-335346,0,0
-77406,0,0
109132,0,0
-264138,0,0
64052,0,0
75160,0,0
180485,0,0
172979,0,0
72902,0,0
-194887,0,0
85343,0,0
17211,0,0
126747,0,0
619083,0,0
261788,0,0
84806,0,0
119624,0,0
116824,0,0
2955,0,0
271735,0,0
-114682,0,0
434301,0,0
500917,0,0
183958,0,0
350056,0,0
142998,0,0
178105,0,0
116924,0,0
305943,0,0
121646,0,0
395090,0,0
50433,0,0
-79498,0,0
438753,0,0
267145,0,0
200323,0,0
-166658,0,0
-161677,0,0
-98032,0,0
503856,0,0
-21339,0,0
320054,0,0
-116906,0,0
-705067,0,0
39879,0,0
265226,0,0
247677,0,0
213095,0,0
-173296,0,0
-768785,0,0
-554168,0,0
-563545,0,0
-394270,0,0
176085,0,0
-340051,0,0
-152268,0,0
53679,0,0
106949,0,0
212456,0,0
200079,0,0
-674142,0,0
-576931,0,0
-365103,0,0
-880642,0,0
-104322,0,0
67931,0,0
399138,0,0
525260,0,0
308852,0,0
-550170,0,0
-489287,0,0
-312229,0,0
-242743,0,0
235619,0,0
-34324,0,0
51549,0,0
-17945,0,0
-73875,0,0
-247945,0,0
78811,0,0
-237572,0,0
-48599,0,0
77176,0,0
-441749,0,0
-162131,0,0
-252076,0,0
-208240,0,0
4769,0,0
-7625,0,0
-134881,0,0
-795,0,0
-229924,0,0
-462567,0,0
18644,0,0
-79662,0,0
-46481,0,0
-73658,0,0
-222871,0,0
-394495,0,0
-198746,0,0
-378867,0,0
35817,0,0
341397,0,0
-206237,0,0
-22007,0,0
-97423,0,0
-234033,0,0
-63827,0,0
32770,0,0
-117495,0,0
99127,0,0
54340,0,0
-133501,0,0
328523,0,0
-8754,0,0
145,0,0
-74097,0,0
46092,0,0
100492,0,0
330776,0,0
-219065,0,0
-98528,0,0
159727,0,0
-92302,0,0
178095,0,0
225688,0,0
181495,0,0
125474,0,0
104307,0,0
-359436,0,0
111431,0,0
-15797,0,0
326,0,0
307473,0,0
72471,0,0
-57172,0,0
-716,0,0
-171433,0,0
-297548,0,0
169184,0,0
-240936,0,0
245019,0,0
238881,0,0
-184080,0,0
-63482,0,0
-208192,0,0
-123063,0,0
9961,0,0
-53187,0,0
-399273,0,0
-125774,0,0
-105938,0,0
-178464,0,0
377258,0,0
34161,0,0
-280806,0,0
-279950,0,0
6671,0,0
-49420,0,0
-7682,0,0
-328163,0,0
-241710,0,0
33389,0,0
-196009,0,0
249630,0,0
-22443,0,0
-211374,0,0
-200645,0,0
-1745,0,0
-394173,0,0
194637,0,0
-15436,0,0
-165875,0,0
269457,0,0
-166699,0,0
-231628,0,0
-180187,0,0
-5686,0,0
-228934,0,0
150147,0,0
-215414,0,0
116559,0,0
427858,0,0
-21016,0,0
213495,0,0
290626,0,0
-161341,0,0
-46500,0,0
106080,0,0
-153439,0,0
146126,0,0
133195,0,0
17790,0,0
217405,0,0
7342,0,0
114579,0,0
-41775,0,0
-39390,0,0
-204454,0,0
36006,0,0
-163708,0,0
47326,0,0
62135,0,0
-296943,0,0
-65810,0,0
-184909,0,0
-143919,0,0
-186921,0,0
-122828,0,0
-185719,0,0
157148,0,0
-28312,0,0
-210532,0,0
224855,0,0
71631,0,0
-15255,0,0
131572,0,0
261346,0,0
150076,0,0
444631,0,0
-10723,0,0
60683,0,0
368150,0,0
4163,0,0
477580,0,0
337897,0,0
149457,0,0
252365,0,0
209281,0,0
34502,0,0
384218,0,0
207709,0,0
333877,0,0
511666,0,0
-6404,0,0
-5299,0,0
209783,0,0
128729,0,0
208536,0,0
430646,0,0
5067,0,0
-25117,0,0
224202,0,0
22679,0,0
489109,0,0
223677,0,0
-19523,0,0
279880,0,0
85355,0,0
-305147,0,0
207791,0,0
176521,0,0
19859,0,0
242026,0,0
-112502,0,0
-157895,0,0
-153822,0,0
-58840,0,0
-38031,0,0
349475,0,0
-194524,0,0
161093,0,0
339941,0,0
-314261,0,0
-174540,0,0
-215015,0,0
-105880,0,0
-100463,0,0
-75631,0,0
-269452,0,0
50231,0,0
-155951,0,0
-333980,0,0
343661,0,0
-84991,0,0
32471,0,0
44382,0,0
59404,0,0
-515314,0,0
-220778,0,0
-276910,0,0
9983,0,0
223390,0,0
-66075,0,0
404194,0,0
396110,0,0
119632,0,0
18753,0,0
30393,0,0
-215385,0,0
175613,0,0
96168,0,0
-19790,0,0
458422,0,0
88038,0,0
172234,0,0
202335,0,0
175481,0,0
-35940,0,0
297483,0,0
-147736,0,0
97814,0,0
232626,0,0
-344108,0,0
221924,0,0
242854,0,0
253478,0,0
291333,0,0
189325,0,0
-249654,0,0
143013,0,0
69231,0,0
-49432,0,0
329605,0,0
342189,0,0
161918,0,0
405263,0,0
464567,0,0
133755,0,0
567444,0,0
13388,0,0
130882,0,0
483600,0,0
29441,0,0
309572,0,0
190844,0,0
219630,0,0
267794,0,0
318360,0,0
-78574,0,0
449923,0,0
162814,0,0
-75717,0,0
323039,0,0
57988,0,0
-65968,0,0
-243424,0,0
-62666,0,0
-85660,0,0
109535,0,0
2763,0,0
-257719,0,0
-153677,0,0
-501088,0,0
-140449,0,0
-107881,0,0
-121065,0,0
151971,0,0
63339,0,0
-537801,0,0
35451,0,0
-174465,0,0
-310889,0,0
686,0,0
-206897,0,0
-131700,0,0
-71867,0,0
47283,0,0
97911,0,0
114436,0,0
-295630,0,0
-106335,0,0
-30690,0,0
-268594,0,0
10257,0,0
-24114,0,0
-220464,0,0
-237444,0,0
-88223,0,0
-208555,0,0
154509,0,0
-227719,0,0
-245887,0,0
100436,0,0
-36871,0,0
-119259,0,0
-161333,0,0
-109647,0,0
-284288,0,0
135114,0,0
-255430,0,0
-1813,0,0
223628,0,0
43284,0,0
245546,0,0
158748,0,0
-212164,0,0
-166445,0,0
9609,0,0
-187444,0,0
257518,0,0
45867,0,0
-124588,0,0
289643,0,0
46986,0,0
100952,0,0
-345662,0,0
-202679,0,0
-171954,0,0
385669,0,0
-130616,0,0
-216280,0,0
-149289,0,0
-434896,0,0
9820,0,0
263891,0,0
191852,0,0
-164483,0,0
-148513,0,0
-422264,0,0
-139865,0,0
-121700,0,0
-435743,0,0
308508,0,0
103902,0,0
118369,0,0
334033,0,0
179065,0,0
-325737,0,0
101406,0,0
-79451,0,0
28512,0,0
213104,0,0
-16519,0,0
212869,0,0
72588,0,0
-31073,0,0
-12965,0,0
441626,0,0
275346,0,0
371918,0,0
-985,0,0
-282772,0,0
45818,0,0
-128212,0,0
349046,0,0
405677,0,0
172843,0,0
-67392,0,0
24445,0,0
-273473,0,0
133321,0,0
236478,0,0
-150247,0,0
198728,0,0
553900,0,0
153184,0,0
17255,0,0
-2985,0,0
-288555,0,0
-135100,0,0
-211323,0,0
-296509,0,0
344154,0,0
229053,0,0
47439,0,0
-165229,0,0
-403048,0,0
-411465,0,0
270654,0,0
-190281,0,0
39120,0,0
138195,0,0
-174835,0,0
-266240,0,0
-305555,0,0
-158326,0,0
-86525,0,0
180544,0,0
-119034,0,0
45367,0,0
55871,0,0
-121951,0,0
96141,0,0
-168920,0,0
-61460,0,0
-70853,0,0
-53115,0,0
26150,0,0
421892,0,0
6434,0,0
-89849,0,0
-33656,0,0
-85844,0,0
176824,0,0
35814,0,0
1809,0,0
-78069,0,0
304336,0,0
-34998,0,0
356699,0,0
36351,0,0
-237073,0,0
228413,0,0
-83182,0,0
204281,0,0
102740,0,0
81377,0,0
-187472,0,0
-50578,0,0
-323437,0,0
65890,0,0
386042,0,0
-95581,0,0
270697,0,0
41839,0,0
-125154,0,0
-56126,0,0
-11781,0,0
-331383,0,0
27414,0,0
50098,0,0
18364,0,0
359580,0,0
132734,0,0
-177307,0,0
-224980,0,0
-115526,0,0
20936,0,0
270497,0,0
39667,0,0
192905,0,0
424621,0,0
44162,0,0
54122,0,0
-79476,0,0
24341,0,0
9885,0,0
311999,0,0
148722,0,0
448862,0,0
228282,0,0
-47341,0,0
-48941,0,0
-186998,0,0
-118079,0,0
-156594,0,0
147339,0,0
286999,0,0
294040,0,0
-179941,0,0
79405,0,0
108296,0,0
-525283,0,0
-562311,0,0
-313001,0,0
-280975,0,0
-81944,0,0
335863,0,0
29904,0,0
14146,0,0
-94001,0,0
-269576,0,0
102725,0,0
-246438,0,0
-303236,0,0
-207782,0,0
93264,0,0
7716,0,0
400942,0,0
45407,0,0
120004,0,0
34166,0,0
-314270,0,0
50614,0,0
-11816,0,0
-69918,0,0
12309,0,0
350407,0,0
236404,0,0
127509,0,0
-151236,0,0
-345433,0,0
93093,0,0
-17250,0,0
158142,0,0
237213,0,0
186668,0,0
-120003,0,0
386163,0,0
14229,0,0
-33205,0,0
126166,0,0
-128103,0,0
84850,0,0
98470,0,0
195694,0,0
125605,0,0
113545,0,0
-344194,0,0
127879,0,0
257408,0,0
-113580,0,0
228652,0,0
-178015,0,0
-88664,0,0
-58968,0,0
-24665,0,0
34779,0,0
298068,0,0
-128438,0,0
-376485,0,0
-119818,0,0
-239746,0,0
-86996,0,0
29325,0,0
-98653,0,0
-58151,0,0
-38848,0,0
-321167,0,0
-102936,0,0
-161692,0,0
-289718,0,0
110416,0,0
-32197,0,0
-15284,0,0
-190283,0,0
-15959,0,0
-109390,0,0
118450,0,0
-125085,0,0
-62940,0,0
170051,0,0
58236,0,0
233452,0,0
246190,0,0
152557,0,0
196985,0,0
207922,0,0
-99783,0,0
280856,0,0
207703,0,0
40012,0,0
541161,0,0
92169,0,0
225592,0,0
140090,0,0
295932,0,0
104251,0,0
317356,0,0
-81428,0,0
199180,0,0
233804,0,0
-76768,0,0
167111,0,0
150248,0,0
110866,0,0
40316,0,0
195868,0,0
-79244,0,0
46703,0,0
68963,0,0
-122810,0,0
233984,0,0
42258,0,0
-5688,0,0
43403,0,0
136100,0,0
-132568,0,0
183664,0,0
-170393,0,0
-23436,0,0
165907,0,0
-206875,0,0
11056,0,0
39779,0,0
-60789,0,0
-71344,0,0
-23635,0,0
-336244,0,0
-65216,0,0
-45415,0,0
-388708,0,0
-61148,0,0
-203258,0,0
-380517,0,0
-359222,0,0
-274172,0,0
-260616,0,0
-232266,0,0
-769074,0,0
-933871,0,0
-957896,0,0
-1510595,0,0
-1302015,0,0
-505801,0,0
530809,0,0
897700,0,0
935690,0,0
-47700,0,0
-774869,0,0
-1304030,0,0
-1043691,0,0
-266039,0,0
-309304,0,0
213668,0,0
248315,0,0
420458,0,0
498229,0,0
901209,0,0
350807,0,0
378961,0,0
671402,0,0
-107838,0,0
-167976,0,0
-85805,0,0
107201,0,0
180631,0,0
194430,0,0
-18571,0,0
436309,0,0
317783,0,0
146054,0,0
206906,0,0
-259007,0,0
-193091,0,0
-51815,0,0
260513,0,0
156810,0,0
498993,0,0
-161247,0,0
22339,0,0
297843,0,0
175312,0,0
440585,0,0
180112,0,0
42227,0,0
134211,0,0
432143,0,0
-78758,0,0
145491,0,0
190178,0,0
10853,0,0
402895,0,0
144646,0,0
87563,0,0
26056,0,0
113219,0,0
77009,0,0
88987,0,0
-197676,0,0
83071,0,0
195228,0,0
-83341,0,0
-56466,0,0
-204729,0,0
-25189,0,0
-156086,0,0
40975,0,0
-207476,0,0
88963,0,0
-91090,0,0
-124735,0,0
132606,0,0
-16913,0,0
-208069,0,0
-460261,0,0
-330601,0,0
-410299,0,0
144295,0,0
-125267,0,0
1947,0,0
346463,0,0
-143932,0,0
-273738,0,0
-360317,0,0
-345095,0,0
-144448,0,0
266219,0,0
-139494,0,0
-134933,0,0
-316683,0,0
-297243,0,0
183814,0,0
485662,0,0
364661,0,0
-90759,0,0
-345706,0,0
-482679,0,0
-115916,0,0
-187676,0,0
392490,0,0
595183,0,0
-4968,0,0
248356,0,0
141847,0,0
-288300,0,0
-334069,0,0
58361,0,0
-187115,0,0
101163,0,0
45506,0,0
-134074,0,0
196274,0,0
-33859,0,0
-115753,0,0
-114268,0,0
-223144,0,0
-393762,0,0
-78379,0,0
-246433,0,0
-195730,0,0
37734,0,0
-358341,0,0
-352087,0,0
-406568,0,0
-400004,0,0
-196900,0,0
-33030,0,0
-250855,0,0
-164701,0,0
-260277,0,0
-336078,0,0
112304,0,0
27917,0,0
-99254,0,0
-124611,0,0
-46327,0,0
-6402,0,0
123535,0,0
65401,0,0
372379,0,0
568398,0,0
114854,0,0
421612,0,0
444088,0,0
301949,0,0
108664,0,0
364775,0,0
237897,0,0
478361,0,0
527507,0,0
354370,0,0
766449,0,0
406243,0,0
232679,0,0
150648,0,0
240294,0,0
217406,0,0
295712,0,0
101847,0,0
-26617,0,0
337479,0,0
95033,0,0
244237,0,0
238368,0,0
-4904,0,0
-211677,0,0
212028,0,0
-181433,0,0
197047,0,0
80888,0,0
-433849,0,0
116102,0,0
285815,0,0
-208004,0,0
-315100,0,0
42938,0,0
137764,0,0
383576,0,0
181562,0,0
-248775,0,0
-147760,0,0
-420495,0,0
506,0,0
-80153,0,0
-229366,0,0
-141621,0,0
135626,0,0
-27551,0,0
219840,0,0
-114088,0,0
-372181,0,0
-31998,0,0
47013,0,0
45909,0,0
-75144,0,0
-201176,0,0
-358058,0,0
-44871,0,0
-86839,0,0
-176322,0,0
97154,0,0
65602,0,0
257841,0,0
278439,0,0
90284,0,0
-67137,0,0
-59094,0,0
-287542,0,0
121806,0,0
130870,0,0
-255559,0,0
210544,0,0
189374,0,0
37320,0,0
22300,0,0
100192,0,0
-6324,0,0
185945,0,0
-182504,0,0
79243,0,0
245240,0,0
-96970,0,0
-157715,0,0
-22693,0,0
-52081,0,0
-10728,0,0
178575,0,0
-252808,0,0
187801,0,0
151548,0,0
-53172,0,0
183833,0,0
46038,0,0
-36601,0,0
-47130,0,0
110096,0,0
-110207,0,0
51811,0,0
-69639,0,0
67346,0,0
339814,0,0
2905,0,0
154713,0,0
226925,0,0
6426,0,0
-119749,0,0
993,0,0
-252516,0,0
-27373,0,0
30162,0,0
-212281,0,0
100948,0,0
85826,0,0
59827,0,0
-56391,0,0
-74273,0,0
-42177,0,0
-97577,0,0
-314563,0,0
-178344,0,0
320083,0,0
84188,0,0
-55385,0,0
-196779,0,0
-200702,0,0
-139131,0,0
124030,0,0
-223264,0,0
75233,0,0
-9351,0,0
-364895,0,0
-127035,0,0
-249641,0,0
-285773,0,0
-143964,0,0
-32821,0,0
176931,0,0
173348,0,0
-432673,0,0
-607249,0,0
-404682,0,0
-623174,0,0
-407804,0,0
-248026,0,0
119166,0,0
142334,0,0
135898,0,0
-473722,0,0
-370691,0,0
-235139,0,0
-468327,0,0
31611,0,0
-164820,0,0
-4538,0,0
-137595,0,0
-141735,0,0
-139770,0,0
115706,0,0
-5883,0,0
-96517,0,0
33438,0,0
-200159,0,0
-104162,0,0
39240,0,0
143486,0,0
139754,0,0
-63838,0,0
-226649,0,0
-76366,0,0
-38839,0,0
-45367,0,0
134560,0,0
126687,0,0
178844,0,0
68445,0,0
216603,0,0
-248760,0,0
135894,0,0
10779,0,0
60304,0,0
246497,0,0
73592,0,0
194158,0,0
302582,0,0
324539,0,0
145447,0,0
395478,0,0
27569,0,0
281747,0,0
250893,0,0
139715,0,0
327793,0,0
363893,0,0
360123,0,0
227629,0,0
337874,0,0
241699,0,0
383627,0,0
120069,0,0
212319,0,0
339002,0,0
92640,0,0
311011,0,0
286317,0,0
294966,0,0
252760,0,0
294240,0,0
-90516,0,0
209077,0,0
240230,0,0
31088,0,0
179523,0,0
-55521,0,0
-133548,0,0
-34145,0,0
129892,0,0
-26027,0,0
-99887,0,0
-326882,0,0
-351345,0,0
41820,0,0
-277016,0,0
-359812,0,0
-357004,0,0
-306321,0,0
-421924,0,0
-52526,0,0
-637142,0,0
-393004,0,0
-475568,0,0
-615651,0,0
-194644,0,0
-206249,0,0
-518682,0,0
-723606,0,0
-641229,0,0
-310137,0,0
349002,0,0
-269470,0,0
-466237,0,0
-176468,0,0
-15661,0,0
-185299,0,0
-359894,0,0
-540285,0,0
-188461,0,0
391076,0,0
35250,0,0
-160983,0,0
-180553,0,0
-294421,0,0
234693,0,0
72994,0,0
-215379,0,0
-373513,0,0
-191084,0,0
-291773,0,0
388483,0,0
527395,0,0
105794,0,0
-178557,0,0
-566059,0,0
-506155,0,0
-206923,0,0
154433,0,0
573806,0,0
408794,0,0
49140,0,0
-116069,0,0
109330,0,0
-37365,0,0
246967,0,0
349144,0,0
191485,0,0
-115856,0,0
120632,0,0
-15018,0,0
299649,0,0
52689,0,0
127573,0,0
305956,0,0
-34160,0,0
23619,0,0
11467,0,0
-44353,0,0
-215857,0,0
-146711,0,0
-397960,0,0
73078,0,0
-124102,0,0
-358839,0,0
-129826,0,0
-65584,0,0
-40976,0,0
93621,0,0
143489,0,0
-191168,0,0
-25901,0,0
-170657,0,0
-408864,0,0
-116720,0,0
-157529,0,0
55857,0,0
311196,0,0
443955,0,0
268583,0,0
309411,0,0
-96386,0,0
43784,0,0
185406,0,0
-56839,0,0
315303,0,0
209143,0,0
94991,0,0
110012,0,0
279094,0,0
54443,0,0
66045,0,0
-154059,0,0
66183,0,0
327790,0,0
-132955,0,0
216,0,0
127619,0,0
69275,0,0
-111270,0,0
444689,0,0
-120149,0,0
-188834,0,0
-197144,0,0
-394394,0,0
113707,0,0
104019,0,0
-74845,0,0
-20512,0,0
5838,0,0
-204598,0,0
-10512,0,0
-173879,0,0
-130488,0,0
-47625,0,0
-140421,0,0
-160824,0,0
-59081,0,0
-202593,0,0
-7599,0,0
90839,0,0
-323279,0,0
-251452,0,0
-217770,0,0
-510989,0,0
-259652,0,0
-7491,0,0
3463,0,0
-205827,0,0
146220,0,0
-59476,0,0
75733,0,0
-293392,0,0
-343745,0,0
156150,0,0
-175797,0,0
-330325,0,0
-124071,0,0
34962,0,0
137006,0,0
218379,0,0
-87649,0,0
-83625,0,0
-118480,0,0
-200824,0,0
31594,0,0
46795,0,0
-71238,0,0
-204605,0,0
-63001,0,0
-317481,0,0
49214,0,0
-357454,0,0
-228006,0,0
-66243,0,0
-311286,0,0
112286,0,0
111654,0,0
-247589,0,0
-318418,0,0
-96437,0,0
-446871,0,0
-131643,0,0
155476,0,0
-108574,0,0
72388,0,0
-1675,0,0
57707,0,0
173528,0,0
104441,0,0
-52290,0,0
199845,0,0
216914,0,0
219384,0,0
345896,0,0
163889,0,0
269956,0,0
579029,0,0
383849,0,0
258793,0,0
270322,0,0
-30656,0,0
12711,0,0
168784,0,0
326188,0,0
926126,0,0
1147602,0,0
579827,0,0
136388,0,0
122711,0,0
58022,0,0
289803,0,0
305681,0,0
241183,0,0
341650,0,0
233734,0,0
260532,0,0
303195,0,0
216230,0,0
248717,0,0
592265,0,0
335734,0,0
334802,0,0
-89192,0,0
-257584,0,0
-123573,0,0
11217,0,0
205762,0,0
180405,0,0
282175,0,0
147065,0,0
314013,0,0
109307,0,0
98682,0,0
122244,0,0
13893,0,0
-41401,0,0
-56743,0,0
-41460,0,0
168691,0,0
162080,0,0
-238688,0,0
-153356,0,0
-22494,0,0
-263217,0,0
58707,0,0
315264,0,0
-57358,0,0
-380933,0,0
-230786,0,0
-528394,0,0
-290728,0,0
-259387,0,0
-264706,0,0
32122,0,0
-129537,0,0
-95734,0,0
120074,0,0
127701,0,0
-32745,0,0
-170631,0,0
-448228,0,0
-173081,0,0
96523,0,0
-232639,0,0
40894,0,0
78599,0,0
55698,0,0
397252,0,0
-33300,0,0
-337307,0,0
54175,0,0
-167661,0,0
-230941,0,0
134002,0,0
22557,0,0
22150,0,0
377636,0,0
30936,0,0
-206853,0,0
-126584,0,0
-18678,0,0
202809,0,0
91616,0,0
-98890,0,0
210688,0,0
299836,0,0
302863,0,0
227827,0,0
429827,0,0
219680,0,0
339976,0,0
45015,0,0
105629,0,0
343437,0,0
174264,0,0
154873,0,0
275424,0,0
211059,0,0
103898,0,0
251803,0,0
45551,0,0
395757,0,0
507378,0,0
71888,0,0
-72403,0,0
-142187,0,0
-11133,0,0
-60321,0,0
263549,0,0
-44159,0,0
-9070,0,0
-294703,0,0
-182936,0,0
65693,0,0
-173923,0,0
46777,0,0
134264,0,0
-42419,0,0
-143132,0,0
-250176,0,0
-630480,0,0
-273113,0,0
-17691,0,0
-87839,0,0
38904,0,0
-284910,0,0
-610399,0,0
-224004,0,0
-193859,0,0
-260135,0,0
233711,0,0
80914,0,0
-171311,0,0
-108848,0,0
-472190,0,0
-377016,0,0
12872,0,0
28061,0,0
-225178,0,0
-67278,0,0
-134729,0,0
-314744,0,0
-222298,0,0
-332178,0,0
-27116,0,0
189327,0,0
93807,0,0
-92005,0,0
14717,0,0
-183659,0,0
-135508,0,0
-249989,0,0
-125703,0,0
79162,0,0
-181144,0,0
-119498,0,0
-97724,0,0
-203431,0,0
-142684,0,0
143264,0,0
-218859,0,0
-157705,0,0
-54541,0,0
-178186,0,0
-91312,0,0
-72,0,0
-203976,0,0
-225701,0,0
-73657,0,0
-35143,0,0
39750,0,0
-143397,0,0
-249689,0,0
72369,0,0
-117877,0,0
-265302,0,0
2114,0,0
60502,0,0
128753,0,0
300362,0,0
-77576,0,0
-104675,0,0
-78765,0,0
-90953,0,0
319881,0,0
377013,0,0
289662,0,0
73040,0,0
62287,0,0
4825,0,0
270290,0,0
66135,0,0
225713,0,0
434391,0,0
275140,0,0
166895,0,0
198938,0,0
382849,0,0
420457,0,0
396870,0,0
44518,0,0
98474,0,0
276752,0,0
293967,0,0
237048,0,0
365117,0,0
325489,0,0
6023,0,0
185580,0,0
31980,0,0
122552,0,0
-37461,0,0
-160300,0,0
-56949,0,0
-364832,0,0
-380449,0,0
-102300,0,0
454796,0,0
236192,0,0
-171703,0,0
-783206,0,0
-626236,0,0
-243501,0,0
80849,0,0
-208843,0,0
-183396,0,0
-382850,0,0
-359450,0,0
-291835,0,0
-598777,0,0
-53251,0,0
238915,0,0
-31706,0,0
11385,0,0
-314567,0,0
-313471,0,0
66852,0,0
-81142,0,0
-229865,0,0
98443,0,0
-75086,0,0
-138245,0,0
-188670,0,0
-445550,0,0
67622,0,0
340235,0,0
294098,0,0
-117715,0,0
-231093,0,0
-273687,0,0
-123802,0,0
-51714,0,0
-33463,0,0
176681,0,0
55996,0,0
-93046,0,0
42310,0,0
-5353,0,0
-280374,0,0
158022,0,0
-192020,0,0
24608,0,0
-12374,0,0
-147356,0,0
-90823,0,0
36048,0,0
74104,0,0
-85436,0,0
-149471,0,0
-342228,0,0
-14853,0,0
-161495,0,0
-48228,0,0
152162,0,0
-191887,0,0
-243008,0,0
-122271,0,0
-70827,0,0
-231551,0,0
-21497,0,0
-78613,0,0
435,0,0
140786,0,0
-155621,0,0
-195722,0,0
121151,0,0
342377,0,0
275060,0,0
213954,0,0
-107868,0,0
8903,0,0
39827,0,0
1059,0,0
200720,0,0
275818,0,0
413193,0,0
423866,0,0
405035,0,0
19544,0,0
85081,0,0
-52678,0,0
-97343,0,0
341833,0,0
185913,0,0
408837,0,0
535963,0,0
77359,0,0
-253219,0,0
-123412,0,0
-245396,0,0
104598,0,0
68636,0,0
130229,0,0
177469,0,0
49560,0,0
-218045,0,0
-46606,0,0
80402,0,0
-194756,0,0
-44072,0,0
-423700,0,0
-273648,0,0
-164782,0,0
-269669,0,0
-254931,0,0
-106226,0,0
-20881,0,0
222358,0,0
46221,0,0
-357092,0,0
-318189,0,0
155534,0,0
-54512,0,0
209536,0,0
-219465,0,0
-409499,0,0
-184468,0,0
-247567,0,0
-49437,0,0
105794,0,0
52575,0,0
175551,0,0
185586,0,0
-368321,0,0
-310333,0,0
-71844,0,0
-288574,0,0
-226137,0,0
-22439,0,0
-312531,0,0
-252168,0,0
-142784,0,0
-315121,0,0
-154205,0,0
206226,0,0
158412,0,0
-39072,0,0
-338677,0,0
-490261,0,0
-165886,0,0
-331660,0,0
-350582,0,0
-69358,0,0
97822,0,0
-92963,0,0
27169,0,0
-225726,0,0
-313188,0,0
-58468,0,0
-227570,0,0
-105678,0,0
-133805,0,0
-206739,0,0
-144948,0,0
-261674,0,0
-204845,0,0
-128244,0,0
-128323,0,0
-158788,0,0
71933,0,0
93702,0,0
33609,0,0
173505,0,0
8870,0,0
-76842,0,0
-8604,0,0
-221114,0,0
14639,0,0
135885,0,0
206976,0,0
482841,0,0
495777,0,0
282057,0,0
353638,0,0
-22183,0,0
-90880,0,0
189208,0,0
304445,0,0
224243,0,0
618315,0,0
392514,0,0
255422,0,0
490304,0,0
153806,0,0
407229,0,0
588696,0,0
342638,0,0
215409,0,0
234361,0,0
34332,0,0
250284,0,0
266869,0,0
314814,0,0
700955,0,0
200278,0,0
41005,0,0
186584,0,0
4997,0,0
67588,0,0
273733,0,0
54883,0,0
-32257,0,0
-146829,0,0
-311791,0,0
-32997,0,0
236531,0,0
-228936,0,0
-288599,0,0
-221702,0,0
-325262,0,0
-34772,0,0
74553,0,0
-199418,0,0
-236838,0,0
-271054,0,0
-278824,0,0
-53256,0,0
30471,0,0
-182867,0,0
-29727,0,0
-181396,0,0
-140576,0,0
-38164,0,0
-302550,0,0
-215674,0,0
-62581,0,0
-160660,0,0
222581,0,0
475001,0,0
-14501,0,0
-67249,0,0
-251894,0,0
-268150,0,0
71715,0,0
93151,0,0
-168940,0,0
-112009,0,0
87609,0,0
27327,0,0
161548,0,0
110331,0,0
-134206,0,0
31061,0,0
-200153,0,0
-173218,0,0
194470,0,0
162364,0,0
-144580,0,0
-106164,0,0
-250004,0,0
66193,0,0
226159,0,0
57676,0,0
68994,0,0
45615,0,0
-87256,0,0
-86210,0,0
-144516,0,0
71398,0,0
430232,0,0
221634,0,0
97625,0,0
167790,0,0
-4247,0,0
46751,0,0
217317,0,0
-78433,0,0
-122113,0,0
99994,0,0
315136,0,0
601632,0,0
289525,0,0
-168867,0,0
90275,0,0
62552,0,0
-8223,0,0
68494,0,0
56458,0,0
94407,0,0
549546,0,0
173176,0,0
74877,0,0
398269,0,0
19775,0,0
231173,0,0
453285,0,0
418845,0,0
114299,0,0
70062,0,0
-132414,0,0
160380,0,0
350587,0,0
162861,0,0
518852,0,0
553262,0,0
20130,0,0
129185,0,0
9562,0,0
-110167,0,0
194566,0,0
202253,0,0
51368,0,0
-10790,0,0
-167353,0,0
-209536,0,0
30812,0,0
20862,0,0
181600,0,0
222461,0,0
-240323,0,0
-147993,0,0
185365,0,0
-131593,0,0
109195,0,0
56988,0,0
-340191,0,0
-106682,0,0
-56839,0,0
-122102,0,0
58364,0,0
-41316,0,0
-124376,0,0
-26381,0,0
-387906,0,0
-367330,0,0
-4903,0,0
36256,0,0
304920,0,0
-86037,0,0
-405446,0,0
-241418,0,0
-60188,0,0
-215190,0,0
8068,0,0
-118445,0,0
-284438,0,0
-34920,0,0
143413,0,0
-62076,0,0
178813,0,0
-21260,0,0
-48781,0,0
55804,0,0
-92317,0,0
-110391,0,0
-114214,0,0
-111363,0,0
-235326,0,0
126661,0,0
-95091,0,0
91281,0,0
-80553,0,0
-296646,0,0
5359,0,0
240140,0,0
18808,0,0
57568,0,0
-32720,0,0
-99795,0,0
6029,0,0
40952,0,0
-105337,0,0
193516,0,0
64144,0,0
99201,0,0
288936,0,0
59073,0,0
169612,0,0
81851,0,0
206261,0,0
426230,0,0
230182,0,0
-5268,0,0
187648,0,0
241685,0,0
-114976,0,0
241977,0,0
248931,0,0
320573,0,0
514002,0,0
280249,0,0
-24227,0,0
273160,0,0
208265,0,0
365024,0,0
580971,0,0
67322,0,0
8525,0,0
105503,0,0
-10949,0,0
288826,0,0
39543,0,0
-249110,0,0
-73187,0,0
148971,0,0
-274677,0,0
-69788,0,0
369251,0,0
-76239,0,0
64786,0,0
264026,0,0
-241166,0,0
-280768,0,0
-594028,0,0
-581303,0,0
27230,0,0
-151767,0,0
-29896,0,0
164043,0,0
-20117,0,0
-219558,0,0
-26771,0,0
-6506,0,0
102030,0,0
-244496,0,0
-484401,0,0
-134228,0,0
62698,0,0
-94034,0,0
181480,0,0
-26435,0,0
-374245,0,0
-200636,0,0
-436493,0,0
-92814,0,0
343131,0,0
-45922,0,0
-175117,0,0
-14900,0,0
-164834,0,0
-247700,0,0
45186,0,0
-172021,0,0
-87534,0,0
-146591,0,0
-287748,0,0
94283,0,0
346849,0,0
52231,0,0
55619,0,0
-264871,0,0
-389548,0,0
-142613,0,0
-184199,0,0
-31924,0,0
46261,0,0
-203985,0,0
137969,0,0
355035,0,0
-162540,0,0
-196547,0,0
-336040,0,0
-486717,0,0
-197804,0,0
-175933,0,0
-220628,0,0
-27019,0,0
1256,0,0
-58688,0,0
45056,0,0
-293712,0,0
-373595,0,0
-126408,0,0
-354160,0,0
-434253,0,0
-49626,0,0
-115291,0,0
-18011,0,0
306753,0,0
140055,0,0
-26696,0,0
67434,0,0
-158090,0,0
23275,0,0
179138,0,0
-56046,0,0
131070,0,0
206616,0,0
94904,0,0
506445,0,0
437452,0,0
305929,0,0
458655,0,0
228157,0,0
99070,0,0
289857,0,0
150779,0,0
321194,0,0
853492,0,0
673765,0,0
52182,0,0
66150,0,0
-18096,0,0
264048,0,0
406863,0,0
239523,0,0
638400,0,0
519134,0,0
177428,0,0
150423,0,0
-82790,0,0
-179833,0,0
79661,0,0
152986,0,0
730185,0,0
986294,0,0
279485,0,0
-102152,0,0
-88973,0,0
-182094,0,0
271788,0,0
476519,0,0
187687,0,0
224905,0,0
216358,0,0
-39386,0,0
279080,0,0
146954,0,0
70985,0,0
262920,0,0
100798,0,0
-124097,0,0
81005,0,0
84973,0,0
8562,0,0
122517,0,0
-293966,0,0
-320188,0,0
-170636,0,0
3649,0,0
67029,0,0
-170584,0,0
-504677,0,0
178903,0,0
414832,0,0
-178672,0,0
-9506,0,0
-292915,0,0
-297250,0,0
-206316,0,0
-218538,0,0
-273291,0,0
15913,0,0
-177526,0,0
-192854,0,0
146000,0,0
-247954,0,0
-320717,0,0
-212840,0,0
-229082,0,0
-305202,0,0
-389977,0,0
-579515,0,0
-135029,0,0
-364932,0,0
-735220,0,0
-136318,0,0
53088,0,0
-107821,0,0
-13119,0,0
-197287,0,0
-348522,0,0
-127919,0,0
-130266,0,0
-38213,0,0
131973,0,0
62452,0,0
98564,0,0
255865,0,0
124122,0,0
499392,0,0
537520,0,0
427651,0,0
464524,0,0
544952,0,0
437632,0,0
608948,0,0
640755,0,0
362500,0,0
499077,0,0
559167,0,0
406013,0,0
754138,0,0
771202,0,0
682371,0,0
674541,0,0
308832,0,0
382433,0,0
486455,0,0
330022,0,0
388978,0,0
314215,0,0
79303,0,0
346948,0,0
469876,0,0
49959,0,0
160347,0,0
319052,0,0
-19824,0,0
-71321,0,0
-307930,0,0
-376708,0,0
29838,0,0
-185874,0,0
-227472,0,0
183133,0,0
-69806,0,0
-191603,0,0
-266149,0,0
-345878,0,0
-422775,0,0
-277090,0,0
-474840,0,0
-357537,0,0
-269571,0,0
-269345,0,0
182932,0,0
10436,0,0
-157647,0,0
-257558,0,0
-397917,0,0
-526251,0,0
-267644,0,0
-272050,0,0
-240369,0,0
229267,0,0
-283447,0,0
-239665,0,0
-153587,0,0
-250559,0,0
-238821,0,0
102886,0,0
-399267,0,0
-402799,0,0
-623939,0,0
-831841,0,0
-156416,0,0
-281264,0,0
-224607,0,0
-124844,0,0
-83484,0,0
-439631,0,0
-288035,0,0
-731108,0,0
-649921,0,0
-163738,0,0
-504914,0,0
-591390,0,0
-174765,0,0
-142982,0,0
-71494,0,0
-336309,0,0
-434171,0,0
-73059,0,0
-264576,0,0
-544626,0,0
-160736,0,0
-409563,0,0
-184087,0,0
-4645,0,0
-134054,0,0
-390098,0,0
-178479,0,0
-44086,0,0
65152,0,0
17881,0,0
-334313,0,0
-150322,0,0
143923,0,0
-195535,0,0
40344,0,0
392582,0,0
117500,0,0
254813,0,0
175391,0,0
-121502,0,0
42424,0,0
160373,0,0
117106,0,0
506334,0,0
328860,0,0
437676,0,0
352559,0,0
201755,0,0
121524,0,0
273192,0,0
11781,0,0
100380,0,0
403329,0,0
293270,0,0
220841,0,0
394868,0,0
33724,0,0
177665,0,0
200516,0,0
-44903,0,0
367565,0,0
1008,0,0
-255993,0,0
71855,0,0
71978,0,0
-45905,0,0
103498,0,0
-218705,0,0
-320193,0,0
145080,0,0
-159098,0,0
-190910,0,0
-172031,0,0
-252976,0,0
-60846,0,0
-84102,0,0
-248097,0,0
-140077,0,0
-178940,0,0
-414626,0,0
-117430,0,0
-292779,0,0
-310318,0,0
-196107,0,0
-430696,0,0
-574355,0,0
-260874,0,0
-100159,0,0
-212828,0,0
155326,0,0
-36909,0,0
-547905,0,0
-584964,0,0
-603502,0,0
-372370,0,0
-36435,0,0
-160780,0,0
-82861,0,0
-78158,0,0
-446577,0,0
-229531,0,0
-329850,0,0
-313346,0,0
131324,0,0
-174942,0,0
-489367,0,0
-246638,0,0
-305547,0,0
-383185,0,0
-166649,0,0
-447481,0,0
87984,0,0
196536,0,0
-132440,0,0
-409472,0,0
-255092,0,0
-501291,0,0
-173251,0,0
65098,0,0
-169090,0,0
-2952,0,0
-50922,0,0
-219018,0,0
73387,0,0
270012,0,0
26567,0,0
221496,0,0
14192,0,0
-74034,0,0
153482,0,0
-107344,0,0
38521,0,0
168445,0,0
244723,0,0
359394,0,0
423689,0,0
38780,0,0
27578,0,0
241248,0,0
105990,0,0
315318,0,0
234631,0,0
191674,0,0
263040,0,0
247170,0,0
91858,0,0
259331,0,0
275656,0,0
128595,0,0
450881,0,0
285871,0,0
233831,0,0
345486,0,0
145588,0,0
215083,0,0
286548,0,0
55899,0,0
159992,0,0
294287,0,0
-330184,0,0
74495,0,0
269796,0,0
60490,0,0
346141,0,0
553844,0,0
303863,0,0
-17932,0,0
-337761,0,0
-380965,0,0
119447,0,0
48872,0,0
-27210,0,0
208214,0,0
178082,0,0
213088,0,0
318010,0,0
-76374,0,0
192945,0,0
209375,0,0
-98179,0,0
128521,0,0
11892,0,0
-45756,0,0
53292,0,0
-5762,0,0
-168440,0,0
171407,0,0
-212990,0,0
-149909,0,0
103208,0,0
-143734,0,0
-134717,0,0
-96494,0,0
-190496,0,0
-94453,0,0
-345645,0,0
-378494,0,0
-270362,0,0
-384669,0,0
-412962,0,0
52589,0,0
-4776,0,0
-108951,0,0
-77647,0,0
-289165,0,0
-422498,0,0
-106955,0,0
-69728,0,0
-184293,0,0
190025,0,0
-107534,0,0
-90316,0,0
-145946,0,0
-114102,0,0
-168279,0,0
170428,0,0
-55730,0,0
95820,0,0
131874,0,0
-174775,0,0
-394719,0,0
-223607,0,0
-65809,0,0
163927,0,0
-1046,0,0
-250140,0,0
215197,0,0
19897,0,0
-188549,0,0
-247336,0,0
-619943,0,0
-248045,0,0
86181,0,0
42833,0,0
92792,0,0
-35356,0,0
-355338,0,0
-245704,0,0
107756,0,0
-187891,0,0
-16838,0,0
-224282,0,0
-79725,0,0
-59762,0,0
-174846,0,0
-371523,0,0
-76005,0,0
-196215,0,0
-277621,0,0
48950,0,0
-169180,0,0
-433311,0,0
-263869,0,0
-481794,0,0
-408876,0,0
120762,0,0
-139639,0,0
27893,0,0
-52305,0,0
-650845,0,0
-268490,0,0
-245661,0,0
-317457,0,0
3594,0,0
-10857,0,0
-335850,0,0
-81073,0,0
-363805,0,0
-322377,0,0
64706,0,0
-204021,0,0
-175448,0,0
-74485,0,0
-226836,0,0
-384278,0,0
-55747,0,0
-225782,0,0
50369,0,0
101990,0,0
-385693,0,0
-152157,0,0
-352293,0,0
-394212,0,0
139665,0,0
359525,0,0
122416,0,0
374780,0,0
-247072,0,0
-355903,0,0
68944,0,0
105411,0,0
129193,0,0
113426,0,0
152187,0,0
71438,0,0
152116,0,0
2657,0,0
272109,0,0
654017,0,0
173118,0,0
248633,0,0
-43086,0,0
-229218,0,0
280604,0,0
268782,0,0
150057,0,0
394558,0,0
129999,0,0
-82988,0,0
309885,0,0
-30983,0,0
163053,0,0
416060,0,0
416657,0,0
124531,0,0
134291,0,0
-303981,0,0
-14283,0,0
346404,0,0
105428,0,0
243205,0,0
-74928,0,0
190055,0,0
62850,0,0
125284,0,0
-192161,0,0
409833,0,0
155462,0,0
-91666,0,0
256368,0,0
204983,0,0
22656,0,0
-5432,0,0
-63483,0,0
-57761,0,0
289088,0,0
151646,0,0
169197,0,0
322376,0,0
-178909,0,0
93842,0,0
102107,0,0
55751,0,0
197264,0,0
198358,0,0
-44389,0,0
175495,0,0
-64615,0,0
-97292,0,0
375640,0,0
-11581,0,0
17869,0,0
27778,0,0
-71093,0,0
58616,0,0
278156,0,0
-244305,0,0
-19457,0,0
143430,0,0
-243103,0,0
454273,0,0
126958,0,0
12998,0,0
-45718,0,0
-23877,0,0
-164272,0,0
54329,0,0
16382,0,0
-130373,0,0
451805,0,0
-17421,0,0
97643,0,0
23160,0,0
-152518,0,0
-23415,0,0
133351,0,0
-329836,0,0
-82380,0,0
2940,0,0
-184462,0,0
-4080,0,0
-140953,0,0
125734,0,0
103654,0,0
173619,0,0
59088,0,0
326843,0,0
1140,0,0
-163931,0,0
205048,0,0
2294,0,0
100851,0,0
169048,0,0
279700,0,0
227507,0,0
700747,0,0
349448,0,0
452421,0,0
357036,0,0
-308822,0,0
162773,0,0
224358,0,0
275006,0,0
365659,0,0
312722,0,0
-87724,0,0
265826,0,0
7155,0,0
-112768,0,0
191130,0,0
122811,0,0
437974,0,0
344375,0,0
-62315,0,0
-158256,0,0
40132,0,0
-360070,0,0
56839,0,0
-12823,0,0
-320161,0,0
35130,0,0
221133,0,0
295952,0,0
557130,0,0
397412,0,0
-236639,0,0
-35001,0,0
-225896,0,0
-374183,0,0
110832,0,0
18477,0,0
241288,0,0
154866,0,0
323926,0,0
68830,0,0
197230,0,0
-88367,0,0
202958,0,0
522675,0,0
-60709,0,0
33248,0,0
-107071,0,0
40739,0,0
150637,0,0
205012,0,0
16257,0,0
266472,0,0
71591,0,0
-163267,0,0
277462,0,0
-55447,0,0
-39266,0,0
8675,0,0
71191,0,0
212061,0,0
382803,0,0
-118027,0,0
184453,0,0
235681,0,0
-326932,0,0
7643,0,0
5247,0,0
-10858,0,0
169931,0,0
274632,0,0
-161096,0,0
118142,0,0
-91391,0,0
-191499,0,0
174173,0,0
-67352,0,0
73296,0,0
-109619,0,0
-187469,0,0
-45712,0,0
174533,0,0
-252432,0,0
-109750,0,0
96106,0,0
-253449,0,0
-85168,0,0
80989,0,0
-16346,0,0
-72605,0,0
-355483,0,0
-361631,0,0
80127,0,0
-20136,0,0
-143385,0,0
122184,0,0
-192433,0,0
-78971,0,0
-95212,0,0
133505,0,0
-107110,0,0
40043,0,0
-140821,0,0
-13937,0,0
23963,0,0
-450723,0,0
158561,0,0
-137519,0,0
70998,0,0
247526,0,0
83626,0,0
-82352,0,0
69378,0,0
-150456,0,0
-229395,0,0
234800,0,0
-55599,0,0
-95946,0,0
-89712,0,0
-214526,0,0
-282994,0,0
127684,0,0
-216846,0,0
-127723,0,0
346002,0,0
-63557,0,0
-69212,0,0
-347698,0,0
-291403,0,0
-116902,0,0
84429,0,0
-254884,0,0
117159,0,0
-157370,0,0
-245294,0,0
138328,0,0
-55880,0,0
43553,0,0
97232,0,0
23040,0,0
-307169,0,0
-121562,0,0
-501852,0,0
21,0,0
198110,0,0
146150,0,0
358403,0,0
-157338,0,0
-283530,0,0
-87340,0,0
193822,0,0
-74177,0,0
302210,0,0
-127597,0,0
-173888,0,0
308639,0,0
123110,0,0
106825,0,0
11984,0,0
-42902,0,0
-155921,0,0
347464,0,0
52272,0,0
208695,0,0
471745,0,0
-38943,0,0
253884,0,0
-62635,0,0
-312051,0,0
-219951,0,0
76879,0,0
-220329,0,0
99695,0,0
257600,0,0
422752,0,0
471100,0,0
-131586,0,0
-306219,0,0
-354788,0,0
-115741,0,0
37145,0,0
14923,0,0
-392081,0,0
-169912,0,0
-131936,0,0
-439268,0,0
254458,0,0
380147,0,0
102116,0,0
19481,0,0
119070,0,0
-427758,0,0
-226369,0,0
-453711,0,0
-565171,0,0
8843,0,0
-50752,0,0
136348,0,0
559369,0,0
141086,0,0
60880,0,0
-66960,0,0
-479063,0,0
-241135,0,0
-89024,0,0
-414990,0,0
200025,0,0
136260,0,0
72632,0,0
286581,0,0
157819,0,0
-431504,0,0
-160958,0,0
-137289,0,0
-175993,0,0
306175,0,0
133513,0,0
57015,0,0
-40416,0,0
-67998,0,0
33639,0,0
202550,0,0
-162013,0,0
70020,0,0
217681,0,0
-248158,0,0
256053,0,0
49911,0,0
-54621,0,0
89371,0,0
117459,0,0
-170381,0,0
104806,0,0
-37763,0,0
-57690,0,0
230314,0,0
-208050,0,0
-184836,0,0
-188562,0,0
90702,0,0
48424,0,0
455491,0,0
303322,0,0
118764,0,0
5198,0,0
-531206,0,0
-101564,0,0
127799,0,0
129471,0,0
186308,0,0
222698,0,0
-41094,0,0
236020,0,0
119562,0,0
4937,0,0
113843,0,0
-331397,0,0
96727,0,0
352756,0,0
130122,0,0
-237637,0,0
142108,0,0
-7630,0,0
98980,0,0
280221,0,0
-342447,0,0
-153535,0,0
-284143,0,0
-214708,0,0
80761,0,0
353594,0,0
-150859,0,0
94448,0,0
-428857,0,0
-425459,0,0
193251,0,0
129706,0,0
141509,0,0
352077,0,0
5103,0,0
-371070,0,0
-249452,0,0
-413340,0,0
65593,0,0
529963,0,0
295594,0,0
243922,0,0
8456,0,0
-101497,0,0
-8637,0,0
114968,0,0
-177884,0,0
234558,0,0
146063,0,0
-183741,0,0
217646,0,0
-87287,0,0
166082,0,0
99152,0,0
-84514,0,0
-156230,0,0
124780,0,0
-199202,0,0
-87172,0,0
-48505,0,0
-434547,0,0
147491,0,0
61579,0,0
-12243,0,0
92339,0,0
116800,0,0
-272429,0,0
-86858,0,0
-138791,0,0
-297743,0,0
-83970,0,0
-156676,0,0
-43316,0,0
-25936,0,0
-15971,0,0
-39674,0,0
164845,0,0
-292262,0,0
-49024,0,0
-82316,0,0
-397099,0,0
-57300,0,0
13572,0,0
-25525,0,0
210263,0,0
142655,0,0
-389386,0,0
-74421,0,0
-123023,0,0
-261998,0,0
449739,0,0
-44767,0,0
-35990,0,0
-52552,0,0
-136849,0,0
-197465,0,0
89608,0,0
-301867,0,0
-10579,0,0
542165,0,0
266071,0,0
402815,0,0
-125699,0,0
-334748,0,0
-263445,0,0
36788,0,0
-158698,0,0
218359,0,0
64613,0,0
-100645,0,0
370933,0,0
22459,0,0
277670,0,0
67244,0,0
49515,0,0
-114182,0,0
54557,0,0
-277617,0,0
-138934,0,0
-53121,0,0
-230562,0,0
-20481,0,0
29485,0,0
30607,0,0
-165102,0,0
173458,0,0
-15990,0,0
-106122,0,0
-16670,0,0
-135681,0,0
-57747,0,0
-527348,0,0
-177340,0,0
-96230,0,0
14576,0,0
-93579,0,0
11222,0,0
-110332,0,0
179167,0,0
162205,0,0
-62639,0,0
18464,0,0
-219485,0,0
-86529,0,0
-28491,0,0
8218,0,0
-312658,0,0
-144396,0,0
-94907,0,0
-200261,0,0
150473,0,0
-64543,0,0
-197529,0,0
-104469,0,0
221326,0,0
198414,0,0
208822,0,0
-302921,0,0
-402816,0,0
-57389,0,0
-322036,0,0
20164,0,0
-73576,0,0
-108412,0,0
36504,0,0
224945,0,0
-217867,0,0
158162,0,0
220015,0,0
-194599,0,0
132217,0,0
-282208,0,0
-268098,0,0
-161919,0,0
-113378,0,0
-249897,0,0
244866,0,0
-93369,0,0
-24063,0,0
350927,0,0
-72015,0,0
-100088,0,0
-201048,0,0
-117003,0,0
-247657,0,0
-29138,0,0
-290246,0,0
260733,0,0
147423,0,0
-8709,0,0
173487,0,0
-113640,0,0
-122677,0,0
-149883,0,0
-75875,0,0
-45003,0,0
366410,0,0
-179103,0,0
-88347,0,0
360606,0,0
89947,0,0
285831,0,0
-3894,0,0
-191070,0,0
-231518,0,0
118567,0,0
-12413,0,0
383141,0,0
229314,0,0
-330423,0,0
68596,0,0
-313209,0,0
228680,0,0
338483,0,0
118570,0,0
-413470,0,0
-17100,0,0
-198843,0,0
-59485,0,0
163328,0,0
-364938,0,0
7766,0,0
-6340,0,0
7097,0,0
15612,0,0
61456,0,0
-368101,0,0
182893,0,0
-120303,0,0
-523704,0,0
243623,0,0
-150159,0,0
-153798,0,0
-165089,0,0
210346,0,0
53406,0,0
580304,0,0
-33173,0,0
-157753,0,0
-140603,0,0
-276700,0,0
48121,0,0
82633,0,0
106758,0,0
157816,0,0
107742,0,0
-100708,0,0
297305,0,0
47630,0,0
-180713,0,0
169873,0,0
-140596,0,0
12039,0,0
-58149,0,0
-20808,0,0
30435,0,0
453263,0,0
-305149,0,0
-59046,0,0
-63045,0,0
-438093,0,0
76588,0,0
-48524,0,0
15222,0,0
101828,0,0
172953,0,0
-358556,0,0
-161100,0,0
-237192,0,0
-439221,0,0
40205,0,0
-180933,0,0
-57779,0,0
56365,0,0
24137,0,0
-127574,0,0
290031,0,0
-364203,0,0
-258292,0,0
-7166,0,0
-134066,0,0
135228,0,0
108104,0,0
157223,0,0
205312,0,0
9544,0,0
-200782,0,0
17697,0,0
-7906,0,0
-173438,0,0
389008,0,0
259629,0,0
253035,0,0
91328,0,0
-19097,0,0
-106382,0,0
211537,0,0
39187,0,0
99924,0,0
355318,0,0
-226029,0,0
196480,0,0
25064,0,0
-84400,0,0
246594,0,0
242146,0,0
-128444,0,0
304886,0,0
325567,0,0
183740,0,0
277301,0,0
83343,0,0
-37271,0,0
-248265,0,0
-118721,0,0
-9846,0,0
499972,0,0
192125,0,0
152708,0,0
515215,0,0
-12640,0,0
-236665,0,0
-294689,0,0
-297095,0,0
-396619,0,0
118657,0,0
46896,0,0
209350,0,0
-101482,0,0
120863,0,0
197879,0,0
-175983,0,0
-399779,0,0
-435101,0,0
-307668,0,0
-312018,0,0
233148,0,0
-226419,0,0
-168353,0,0
181948,0,0
-170133,0,0
650,0,0
66296,0,0
-137894,0,0
-196993,0,0
-142476,0,0
-172360,0,0
269967,0,0
33335,0,0
-247676,0,0
-5777,0,0
-8684,0,0
13111,0,0
31419,0,0
173751,0,0
-16806,0,0
361228,0,0
-60392,0,0
224868,0,0
304508,0,0
-116134,0,0
83184,0,0
2990,0,0
8056,0,0
185085,0,0
405876,0,0
143578,0,0
371541,0,0
116062,0,0
-53554,0,0
292732,0,0
158861,0,0
101852,0,0
91495,0,0
292183,0,0
84020,0,0
288391,0,0
131122,0,0
144897,0,0
299630,0,0
151754,0,0
429389,0,0
244725,0,0
257337,0,0
165281,0,0
152029,0,0
-113700,0,0
410588,0,0
332459,0,0
230363,0,0
459964,0,0
69397,0,0
-29528,0,0
98599,0,0
351130,0,0
243069,0,0
431879,0,0
-238831,0,0
-31601,0,0
248574,0,0
-37286,0,0
21359,0,0
-68561,0,0
148984,0,0
242706,0,0
175662,0,0
-481755,0,0
-79357,0,0
-177824,0,0
-149077,0,0
305410,0,0
47784,0,0
-208756,0,0
-230525,0,0
-360231,0,0
-385897,0,0
-11674,0,0
-257314,0,0
39223,0,0
313462,0,0
-185314,0,0
-284810,0,0
-194055,0,0
-81652,0,0
-127800,0,0
318078,0,0
-95933,0,0
102731,0,0
97593,0,0
-154892,0,0
254573,0,0
81588,0,0
44862,0,0
-20321,0,0
341336,0,0
44735,0,0
404425,0,0
283092,0,0
271964,0,0
249456,0,0
-140262,0,0
-51002,0,0
-172194,0,0
11827,0,0
220392,0,0
267126,0,0
51127,0,0
189065,0,0
82664,0,0
-46836,0,0
127207,0,0
-148615,0,0
-192756,0,0
-110578,0,0
99741,0,0
-89221,0,0
2474,0,0
-215958,0,0
48693,0,0
103709,0,0
-32859,0,0
253889,0,0
-178799,0,0
-220796,0,0
-123654,0,0
-31407,0,0
-114635,0,0
293341,0,0
99333,0,0
-198070,0,0
119584,0,0
3600,0,0
108433,0,0
77378,0,0
63090,0,0
-123947,0,0
168374,0,0
-15768,0,0
32447,0,0
243184,0,0
180304,0,0
94226,0,0
95454,0,0
-206001,0,0
-174019,0,0
-39798,0,0
98531,0,0
495014,0,0
233232,0,0
-217249,0,0
-11598,0,0
-186547,0,0
-180939,0,0
-149533,0,0
5915,0,0
-19934,0,0
131476,0,0
28077,0,0
5405,0,0
295313,0,0
-360744,0,0
-284763,0,0
-300932,0,0
-225618,0,0
-154443,0,0
28199,0,0
-134857,0,0
-57378,0,0
-388564,0,0
-440327,0,0
19502,0,0
-331178,0,0
-85291,0,0
160208,0,0
-90191,0,0
-297154,0,0
-248555,0,0
-516867,0,0
-332743,0,0
-19321,0,0
-238406,0,0
-23151,0,0
-142985,0,0
-258551,0,0
-4926,0,0
59356,0,0
-166049,0,0
-246474,0,0
-221619,0,0
-313200,0,0
-251788,0,0
-375725,0,0
-153578,0,0
21553,0,0
276609,0,0
215336,0,0
402632,0,0
-355546,0,0
-385312,0,0
-219432,0,0
-291043,0,0
-22359,0,0
321740,0,0
556133,0,0
462092,0,0
248334,0,0
-229999,0,0
-7339,0,0
-15042,0,0
40599,0,0
442657,0,0
407504,0,0
266823,0,0
16679,0,0
2487,0,0
-19982,0,0
244219,0,0
166674,0,0
152842,0,0
229177,0,0
-143766,0,0
330406,0,0
115118,0,0
-10525,0,0
162627,0,0
96135,0,0
-378017,0,0
-47140,0,0
-183569,0,0
-150263,0,0
443468,0,0
245738,0,0
-25060,0,0
21695,0,0
102227,0,0
-241433,0,0
29724,0,0
-292003,0,0
-69412,0,0
167365,0,0
102583,0,0
357351,0,0
89623,0,0
-190194,0,0
-233842,0,0
139527,0,0
16125,0,0
219783,0,0
-26724,0,0
-237701,0,0
143146,0,0
382,0,0
197476,0,0
-6217,0,0
-178,0,0
-295099,0,0
-19126,0,0
-146793,0,0
-2011,0,0
250988,0,0
-188213,0,0
129310,0,0
156819,0,0
-254391,0,0
-300988,0,0
-15870,0,0
-109920,0,0
157686,0,0
170799,0,0
-146773,0,0
-95827,0,0
-253090,0,0
-61561,0,0
-100581,0,0
201238,0,0
-103412,0,0
8375,0,0
-367174,0,0
-471604,0,0
-234845,0,0
-429715,0,0
125278,0,0
202992,0,0
120717,0,0
330286,0,0
-75591,0,0
-764942,0,0
-414344,0,0
-101096,0,0
-163419,0,0
601921,0,0
139116,0,0
89847,0,0
-7547,0,0
111477,0,0
-106365,0,0
274815,0,0
-60065,0,0
407175,0,0
541579,0,0
37228,0,0
-88608,0,0
-127423,0,0
-96668,0,0
179088,0,0
347350,0,0
32887,0,0
277830,0,0
417956,0,0
88011,0,0
123254,0,0
-215055,0,0
-184073,0,0
75852,0,0
76993,0,0
17967,0,0
379353,0,0
206040,0,0
209897,0,0
211434,0,0
-252891,0,0
-33624,0,0
148211,0,0
114053,0,0
145806,0,0
226599,0,0
-190810,0,0
66016,0,0
-42659,0,0
-85091,0,0
359649,0,0
219971,0,0
66682,0,0
-53570,0,0
-93655,0,0
-93088,0,0
-6251,0,0
-289827,0,0
-83298,0,0
324899,0,0
-191747,0,0
160969,0,0
58761,0,0
-77320,0,0
-209295,0,0
172938,0,0
-196095,0,0
-148386,0,0
-148627,0,0
-234846,0,0
-9258,0,0
-116675,0,0
-12723,0,0
74795,0,0
-14166,0,0
-305466,0,0
-140572,0,0
-212069,0,0
-115932,0,0
65585,0,0
-256235,0,0
-228643,0,0
-74065,0,0
49401,0,0
-354477,0,0
-141521,0,0
-487656,0,0
-320930,0,0
-62888,0,0
-110721,0,0
11892,0,0
306293,0,0
494382,0,0
28358,0,0
-335548,0,0
-548182,0,0
-189740,0,0
-234244,0,0
320359,0,0
862600,0,0
166174,0,0
-37568,0,0
38450,0,0
23439,0,0
42272,0,0
252707,0,0
63171,0,0
390619,0,0
131474,0,0
8316,0,0
308779,0,0
197361,0,0
73037,0,0
104872,0,0
190232,0,0
122193,0,0
285267,0,0
-49671,0,0
-3159,0,0
218763,0,0
-35527,0,0
338089,0,0
283858,0,0
267084,0,0
159820,0,0
158364,0,0
-128006,0,0
16396,0,0
230177,0,0
254131,0,0
221826,0,0
271085,0,0
-6833,0,0
-236467,0,0
-145835,0,0
-134693,0,0
520762,0,0
-3740,0,0
4523,0,0
-15749,0,0
31337,0,0
-219156,0,0
-95578,0,0
-45765,0,0
-134851,0,0
95965,0,0
-223067,0,0
91560,0,0
-52319,0,0
-277023,0,0
-63355,0,0
193568,0,0
21000,0,0
106205,0,0
102749,0,0
-129122,0,0
133831,0,0
-79380,0,0
-133837,0,0
50987,0,0
105429,0,0
349479,0,0
259646,0,0
-238701,0,0
-79437,0,0
407823,0,0
176993,0,0
359099,0,0
-25403,0,0
-325472,0,0
3353,0,0
-111616,0,0
-74961,0,0
-159095,0,0
123979,0,0
16243,0,0
243432,0,0
-21110,0,0
143052,0,0
117163,0,0
-286384,0,0
-111148,0,0
-116415,0,0
-73350,0,0
-30887,0,0
-79906,0,0
-412387,0,0
-39803,0,0
50588,0,0
-330136,0,0
-47969,0,0
121372,0,0
375334,0,0
239092,0,0
176318,0,0
-288332,0,0
15471,0,0
-220613,0,0
-185637,0,0
27396,0,0
-101646,0,0
192201,0,0
480063,0,0
430559,0,0
381080,0,0
410755,0,0
-127574,0,0
11288,0,0
115899,0,0
-15157,0,0
300257,0,0
206928,0,0
203060,0,0
219152,0,0
252385,0,0
-17081,0,0
187089,0,0
-183723,0,0
46227,0,0
11198,0,0
-189043,0,0
-143522,0,0
19392,0,0
101890,0,0
-153035,0,0
-79509,0,0
-481532,0,0
-280972,0,0
-157234,0,0
-151492,0,0
-218246,0,0
-234581,0,0
-407753,0,0
-338186,0,0
-361524,0,0
-303346,0,0
110210,0,0
-255083,0,0
-267228,0,0
-47569,0,0
-393806,0,0
-227843,0,0
-29463,0,0
12050,0,0
-388987,0,0
-308401,0,0
-280017,0,0
-63450,0,0
-34253,0,0
-29396,0,0
381392,0,0
-61857,0,0
-227535,0,0
-215090,0,0
-25398,0,0
-82684,0,0
193657,0,0
-28129,0,0
-180002,0,0
-78387,0,0
-299450,0,0
32828,0,0
183640,0,0
125575,0,0
132439,0,0
122764,0,0
-301895,0,0
-140775,0,0
-287306,0,0
-340675,0,0
210691,0,0
99665,0,0
-147865,0,0
-293345,0,0
-105347,0,0
-202299,0,0
141700,0,0
296238,0,0
-67028,0,0
41589,0,0
-458672,0,0
-356491,0,0
25521,0,0
-40280,0,0
217106,0,0
467805,0,0
20295,0,0
208940,0,0
26012,0,0
-273978,0,0
-49156,0,0
67929,0,0
53811,0,0
6260,0,0
151666,0,0
123784,0,0
157314,0,0
-319308,0,0
-329175,0,0
74854,0,0
-92477,0,0
-32010,0,0
-69624,0,0
-74189,0,0
78885,0,0
274683,0,0
-120233,0,0
-323275,0,0
-193978,0,0
-220666,0,0
241411,0,0
286901,0,0
280322,0,0
-100733,0,0
-7645,0,0
-60860,0,0
219808,0,0
70332,0,0
-7897,0,0
129288,0,0
147487,0,0
110035,0,0
122025,0,0
28210,0,0
18888,0,0
182061,0,0
-88673,0,0
32748,0,0
-118258,0,0
-199282,0,0
234447,0,0
240819,0,0
58602,0,0
11201,0,0
211313,0,0
-35056,0,0
-15824,0,0
-163950,0,0
43380,0,0
344380,0,0
273655,0,0
216475,0,0
56101,0,0
80820,0,0
36033,0,0
293845,0,0
-211842,0,0
-259705,0,0
-80163,0,0
24616,0,0
438289,0,0
445134,0,0
185039,0,0
-233810,0,0
-141860,0,0
-257798,0,0
14752,0,0
-77207,0,0
-44727,0,0
210300,0,0
151777,0,0
121669,0,0
173051,0,0
-116123,0,0
-44760,0,0
82870,0,0
-211445,0,0
-50479,0,0
73620,0,0
-19804,0,0
343188,0,0
296516,0,0
-72066,0,0
-246055,0,0
-19635,0,0
-235841,0,0
-17528,0,0
119870,0,0
361317,0,0
266856,0,0
-145653,0,0
-189645,0,0
-310062,0,0
-290682,0,0
-359551,0,0
-4672,0,0
47145,0,0
408925,0,0
294778,0,0
-246420,0,0
-275418,0,0
-250465,0,0
-259315,0,0
-115348,0,0
226526,0,0
-148440,0,0
-116542,0,0
-381826,0,0
-277698,0,0
44715,0,0
66617,0,0
61323,0,0
139709,0,0
12258,0,0
-451860,0,0
-216926,0,0
-463937,0,0
-61589,0,0
261554,0,0
-19575,0,0
144039,0,0
-4855,0,0
-37974,0,0
-94814,0,0
167160,0,0
-210362,0,0
29981,0,0
-104003,0,0
-132571,0,0
336803,0,0
206551,0,0
69081,0,0
171930,0,0
-20913,0,0
-133263,0,0
-89072,0,0
-301410,0,0
-78586,0,0
344230,0,0
31004,0,0
298724,0,0
75204,0,0
-77338,0,0
-127500,0,0
27903,0,0
-158199,0,0
-141213,0,0
-163039,0,0
-204069,0,0
250290,0,0
-4276,0,0
23706,0,0
-359,0,0
-131860,0,0
-204343,0,0
219472,0,0
-116397,0,0
-162957,0,0
38258,0,0
-10033,0,0
-50483,0,0
-90629,0,0
-325223,0,0
-130500,0,0
11206,0,0
78390,0,0
203816,0,0
-9631,0,0
-98922,0,0
5171,0,0
-143702,0,0
-181243,0,0
-2920,0,0
117729,0,0
-20794,0,0
-126268,0,0
-160518,0,0
62044,0,0
88479,0,0
-41923,0,0
-10578,0,0
205979,0,0
95096,0,0
66113,0,0
-38210,0,0
-298192,0,0
-104306,0,0
-180115,0,0
-56155,0,0
500088,0,0
378530,0,0
116898,0,0
-178985,0,0
-229348,0,0
-268592,0,0
-91320,0,0
-122334,0,0
147244,0,0
101983,0,0
-154222,0,0
109826,0,0
-24995,0,0
-2565,0,0
-44951,0,0
-89784,0,0
-143943,0,0
108069,0,0
26234,0,0
2656,0,0
50187,0,0
-305408,0,0
-299758,0,0
-195241,0,0
-48368,0,0
333839,0,0
286624,0,0
23915,0,0
-5217,0,0
6387,0,0
-481711,0,0
-356505,0,0
8928,0,0
-59259,0,0
40010,0,0
-20792,0,0
-137163,0,0
115824,0,0
184351,0,0
118906,0,0
252114,0,0
-126235,0,0
-292629,0,0
-2587,0,0
43313,0,0
122222,0,0
513011,0,0
167903,0,0
37971,0,0
172842,0,0
-5887,0,0
140244,0,0
162541,0,0
2460,0,0
-7277,0,0
321370,0,0
-26098,0,0
202975,0,0
240601,0,0
76157,0,0
208942,0,0
-290165,0,0
-189228,0,0
30449,0,0
189795,0,0
100328,0,0
363197,0,0
130125,0,0
-60918,0,0
-7869,0,0
-202409,0,0
205,0,0
144654,0,0
-63701,0,0
29186,0,0
107307,0,0
50713,0,0
-114465,0,0
-113390,0,0
-12985,0,0
85004,0,0
-152017,0,0
-93918,0,0
191589,0,0
101728,0,0
-256405,0,0
-203860,0,0
-298608,0,0
-305491,0,0
-87944,0,0
-250531,0,0
112904,0,0
323104,0,0
-123823,0,0
-211880,0,0
-296494,0,0
-450446,0,0
-96728,0,0
6516,0,0
-256974,0,0
-118565,0,0
-30963,0,0
63063,0,0
124609,0,0
-61748,0,0
-234178,0,0
-295409,0,0
-371414,0,0
-223633,0,0
88845,0,0
122299,0,0
381101,0,0
193501,0,0
-46809,0,0
-93777,0,0
-46435,0,0
-153814,0,0
-29208,0,0
32309,0,0
-203713,0,0
-106489,0,0
-91038,0,0
-90769,0,0
251348,0,0
394534,0,0
82633,0,0
-43667,0,0
-338628,0,0
-143509,0,0
-26459,0,0
19553,0,0
66914,0,0
5225,0,0
-275209,0,0
-304843,0,0
178532,0,0
-53611,0,0
114522,0,0
376058,0,0
-6558,0,0
-2208,0,0
-66767,0,0
-17612,0,0
51831,0,0
44735,0,0
-86867,0,0
121452,0,0
-120449,0,0
-18714,0,0
31438,0,0
-213456,0,0
51254,0,0
228624,0,0
-85458,0,0
-104956,0,0
115880,0,0
-73486,0,0
49500,0,0
-24836,0,0
-327953,0,0
-182551,0,0
-100740,0,0
-202064,0,0
-49153,0,0
-5677,0,0
96766,0,0
309375,0,0
91125,0,0
9880,0,0
35791,0,0
-62370,0,0
-175485,0,0
121646,0,0
216671,0,0
75158,0,0
207008,0,0
58077,0,0
218217,0,0
128907,0,0
1027,0,0
148265,0,0
218021,0,0
84272,0,0
254589,0,0
163894,0,0
-159661,0,0
307585,0,0
170657,0,0
18159,0,0
76328,0,0
42287,0,0
109164,0,0
228353,0,0
97050,0,0
-157004,0,0
-58137,0,0
63082,0,0
282916,0,0
134290,0,0
-87819,0,0
40450,0,0
-17080,0,0
-102342,0,0
-84204,0,0
316710,0,0
4387,0,0
-22927,0,0
-416541,0,0
-385367,0,0
-21550,0,0
-48146,0,0
192545,0,0
441924,0,0
132512,0,0
-29416,0,0
-26863,0,0
-165121,0,0
90115,0,0
140339,0,0
-22781,0,0
198640,0,0
131402,0,0
-148883,0,0
187616,0,0
236665,0,0
190224,0,0
293480,0,0
250525,0,0
156715,0,0
248871,0,0
-155132,0,0
-183915,0,0
-30479,0,0
-34059,0,0
-6458,0,0
484490,0,0
347436,0,0
75163,0,0
-35932,0,0
-251008,0,0
-138749,0,0
-10115,0,0
-75371,0,0
306291,0,0
433153,0,0
213516,0,0
17125,0,0
-293991,0,0
-194924,0,0
197346,0,0
136157,0,0
-4474,0,0
201665,0,0
34757,0,0
-58332,0,0
-14381,0,0
4596,0,0
337030,0,0
413712,0,0
-72814,0,0
30623,0,0
-252279,0,0
-244092,0,0
83265,0,0
201998,0,0
91814,0,0
203942,0,0
-75163,0,0
-118354,0,0
-82319,0,0
-362746,0,0
-65920,0,0
262391,0,0
-64540,0,0
-169650,0,0
-54699,0,0
-167036,0,0
-190661,0,0
-99970,0,0
-232398,0,0
-145484,0,0
-47685,0,0
-11443,0,0
96213,0,0
-4156,0,0
-271295,0,0
129220,0,0
-155958,0,0
-217804,0,0
-197720,0,0
-271631,0,0
-103898,0,0
130098,0,0
227074,0,0
161700,0,0
-37605,0,0
-38053,0,0
324707,0,0
99689,0,0
-149215,0,0
-175860,0,0
-81331,0,0
-24981,0,0
193408,0,0
266249,0,0
329233,0,0
178982,0,0
-106398,0,0
122540,0,0
63734,0,0
-180090,0,0
89073,0,0
182535,0,0
72412,0,0
249259,0,0
310595,0,0
-41226,0,0
-80704,0,0
-152243,0,0
-338381,0,0
207380,0,0
148400,0,0
-196900,0,0
-68855,0,0
-220358,0,0
-172574,0,0
92329,0,0
-137210,0,0
-120522,0,0
-94284,0,0
141256,0,0
302616,0,0
402981,0,0
-116992,0,0
-355396,0,0
-268982,0,0
-192312,0,0
200767,0,0
393776,0,0
110711,0,0
363182,0,0
203833,0,0
-107496,0,0
190506,0,0
222951,0,0
113292,0,0
115232,0,0
-99753,0,0
-189077,0,0
132565,0,0
241639,0,0
455024,0,0
236186,0,0
-129808,0,0
-184983,0,0
-2614,0,0
-92318,0,0
67092,0,0
180276,0,0
-252143,0,0
-104576,0,0
-11876,0,0
-55790,0,0
388975,0,0
259639,0,0
184955,0,0
88932,0,0
-323121,0,0
-302139,0,0
-8406,0,0
-258960,0,0
-23628,0,0
231391,0,0
93652,0,0
42239,0,0
21980,0,0
-143332,0,0
125791,0,0
99466,0,0
-1795,0,0
218839,0,0
89890,0,0
-182764,0,0
66548,0,0
237735,0,0
159267,0,0
295121,0,0
47851,0,0
-28468,0,0
119954,0,0
-72900,0,0
155940,0,0
204994,0,0
185585,0,0
106629,0,0
58356,0,0
34706,0,0
140462,0,0
-38410,0,0
-155325,0,0
-43063,0,0
-102204,0,0
-182333,0,0
53971,0,0
64063,0,0
255590,0,0
191242,0,0
-174245,0,0
-354023,0,0
-147660,0,0
-335530,0,0
-135274,0,0
384738,0,0
69496,0,0
-118107,0,0
-212774,0,0
-252783,0,0
-163300,0,0
-118730,0,0
-46493,0,0
45873,0,0
278983,0,0
63148,0,0
202687,0,0
1522,0,0
-160226,0,0
-30077,0,0
-134995,0,0
-227480,0,0
173082,0,0
62162,0,0
-7591,0,0
470633,0,0
71433,0,0
-116380,0,0
-159298,0,0
3229,0,0
272213,0,0
167009,0,0
-117102,0,0
-204527,0,0
-456851,0,0
-92952,0,0
772145,0,0
264172,0,0
-230826,0,0
-74998,0,0
-181069,0,0
-323295,0,0
5129,0,0
142065,0,0
352080,0,0
258588,0,0
-199474,0,0
-42491,0,0
18971,0,0
-128468,0,0
-27609,0,0
276958,0,0
-47447,0,0
192815,0,0
31626,0,0
30119,0,0
329204,0,0
52295,0,0
-106210,0,0
91009,0,0
48005,0,0
-57957,0,0
222963,0,0
-21060,0,0
-36609,0,0
254204,0,0
-4769,0,0
-106840,0,0
30788,0,0
25520,0,0
115218,0,0
112143,0,0
-230453,0,0
-7316,0,0
83154,0,0
-118826,0,0
-118854,0,0
-94033,0,0
-112584,0,0
283741,0,0
141813,0,0
-189435,0,0
-32378,0,0
-365160,0,0
-154543,0,0
191823,0,0
-9408,0,0
-130959,0,0
147197,0,0
42630,0,0
-50233,0,0
130903,0,0
-52753,0,0
34717,0,0
-40241,0,0
-351050,0,0
60686,0,0
-92548,0,0
-75444,0,0
97319,0,0
-64766,0,0
-165823,0,0
228639,0,0
-181000,0,0
-247082,0,0
241847,0,0
175819,0,0
31528,0,0
-40534,0,0
-403890,0,0
-294409,0,0
-149616,0,0
-197147,0,0
192305,0,0
227973,0,0
-11517,0,0
275725,0,0
39123,0,0
-207061,0,0
-87995,0,0
-82083,0,0
-29295,0,0
479028,0,0
86324,0,0
-378979,0,0
-191664,0,0
-149741,0,0
-167153,0,0
162758,0,0
255555,0,0
158741,0,0
243754,0,0
-28954,0,0
40673,0,0
-6544,0,0
-331158,0,0
-5014,0,0
88094,0,0
158724,0,0
146594,0,0
-115666,0,0
-136234,0,0
239834,0,0
90426,0,0
49999,0,0
304781,0,0
23489,0,0
16434,0,0
45799,0,0
-162424,0,0
-104889,0,0
55058,0,0
-83497,0,0
-36303,0,0
-52714,0,0
-229612,0,0
42115,0,0
-132435,0,0
-111707,0,0
36460,0,0
5445,0,0
-333657,0,0
-102847,0,0
-179316,0,0
-248299,0,0
-102773,0,0
52857,0,0
206667,0,0
40066,0,0
-104152,0,0
-196825,0,0
-106588,0,0
-115648,0,0
174050,0,0
92235,0,0
-63788,0,0
-99380,0,0
-117970,0,0
-139062,0,0
-81798,0,0
-17964,0,0
-97521,0,0
-5062,0,0
-188185,0,0
-333113,0,0
47870,0,0
-236061,0,0
-97387,0,0
-16017,0,0
-278172,0,0
-138901,0,0
88884,0,0
-285987,0,0
-92674,0,0
77860,0,0
-395311,0,0
-152678,0,0
-97888,0,0
-107743,0,0
123649,0,0
126712,0,0
-190695,0,0
-85568,0,0
-158397,0,0
-407484,0,0
450990,0,0
186676,0,0
183780,0,0
-88362,0,0
-279716,0,0
-284797,0,0
-23015,0,0
-191465,0,0
103230,0,0
278043,0,0
143320,0,0
1794,0,0
-186717,0,0
130073,0,0
571017,0,0
247391,0,0
-182068,0,0
-52820,0,0
-409343,0,0
-357142,0,0
318782,0,0
244990,0,0
285677,0,0
889385,0,0
260792,0,0
-74809,0,0
-26320,0,0
-59318,0,0
159045,0,0
420218,0,0
277237,0,0
545393,0,0
208902,0,0
-58448,0,0
343339,0,0
301281,0,0
8361,0,0
263858,0,0
68258,0,0
171269,0,0
349329,0,0
94590,0,0
92248,0,0
103002,0,0
-168807,0,0
-112466,0,0
85390,0,0
-268090,0,0
-45764,0,0
-8175,0,0
-160760,0,0
47025,0,0
-83439,0,0
-310484,0,0
-14379,0,0
-107106,0,0
-333132,0,0
-147411,0,0
-288544,0,0
-267900,0,0
8458,0,0
-110167,0,0
-97460,0,0
-155684,0,0
-395102,0,0
-368356,0,0
-82073,0,0
-260274,0,0
-145461,0,0
-78313,0,0
-393379,0,0
-98512,0,0
-103431,0,0
-213355,0,0
-40339,0,0
-361202,0,0
-538785,0,0
-91061,0,0
-185075,0,0
-265037,0,0
52521,0,0
-233133,0,0
-272688,0,0
-237394,0,0
-261895,0,0
55767,0,0
180599,0,0
-223324,0,0
218427,0,0
265116,0,0
-459240,0,0
-245165,0,0
-123663,0,0
72196,0,0
484607,0,0
388371,0,0
219671,0,0
362316,0,0
248814,0,0
39197,0,0
458705,0,0
384427,0,0
304854,0,0
238062,0,0
205003,0,0
174088,0,0
376678,0,0
8004,0,0
453171,0,0
777629,0,0
555732,0,0
438542,0,0
100158,0,0
249623,0,0
342630,0,0
231291,0,0
-265236,0,0
19306,0,0
-54390,0,0
379226,0,0
516489,0,0
337554,0,0
303225,0,0
94596,0,0
-98882,0,0
-172831,0,0
209890,0,0
50868,0,0
302852,0,0
258212,0,0
-315753,0,0
-133437,0,0
-130775,0,0
-167667,0,0
157652,0,0
269528,0,0
4676,0,0
184551,0,0
-120926,0,0
-223096,0,0
-10623,0,0
-349686,0,0
-176761,0,0
-3259,0,0
-38191,0,0
143533,0,0
-25882,0,0
-464191,0,0
-346290,0,0
-136111,0,0
-253644,0,0
-81314,0,0
-212832,0,0
-189293,0,0
8633,0,0
-108144,0,0
-474751,0,0
-105543,0,0
-492337,0,0
-449305,0,0
204071,0,0
-67770,0,0
-177188,0,0
-62101,0,0
-110811,0,0
-6692,0,0
66214,0,0
-234260,0,0
8814,0,0
4703,0,0
-246401,0,0
7422,0,0
-6024,0,0
-59023,0,0
325185,0,0
436849,0,0
-79542,0,0
-49426,0,0
-192035,0,0
-238491,0,0
74087,0,0
120439,0,0
153858,0,0
61148,0,0
-69726,0,0
-98114,0,0
251348,0,0
-7200,0,0
153218,0,0
199936,0,0
63567,0,0
94857,0,0
67886,0,0
-121454,0,0
118960,0,0
131850,0,0
41085,0,0
360011,0,0
291577,0,0
32181,0,0
158965,0,0
-120748,0,0
-113991,0,0
44392,0,0
66952,0,0
196253,0,0
134912,0,0
-129185,0,0
-268569,0,0
-226370,0,0
-482003,0,0
-86356,0,0
-250893,0,0
-121631,0,0
223997,0,0
131651,0,0
-582095,0,0
-440326,0,0
-417396,0,0
-415344,0,0
34534,0,0
41519,0,0
-158002,0,0
-199661,0,0
-124119,0,0
248727,0,0
76172,0,0
-546806,0,0
-635932,0,0
-240632,0,0
-24427,0,0
635545,0,0
701461,0,0
183115,0,0
-3865,0,0
7745,0,0
-247720,0,0
-50030,0,0
-54509,0,0
-65972,0,0
387550,0,0
21361,0,0
126207,0,0
184599,0,0
-21362,0,0
8247,0,0
282529,0,0
41078,0,0
-57343,0,0
-15942,0,0
-345769,0,0
110020,0,0
-9752,0,0
-53614,0,0
204595,0,0
-21340,0,0
-178703,0,0
104434,0,0
-22584,0,0
-101039,0,0
136624,0,0
-207275,0,0
124908,0,0
304641,0,0
102565,0,0
53923,0,0
204095,0,0
-210740,0,0
13693,0,0
188292,0,0
16734,0,0
340196,0,0
301874,0,0
341042,0,0
369863,0,0
-38873,0,0
-397221,0,0
14855,0,0
-31630,0,0
291696,0,0
675409,0,0
280296,0,0
219755,0,0
225601,0,0
-121193,0,0
-161921,0,0
133268,0,0
21695,0,0
126801,0,0
368101,0,0
-45085,0,0
151093,0,0
118636,0,0
59003,0,0
161637,0,0
256869,0,0
-104254,0,0
143265,0,0
55161,0,0
-9715,0,0
126306,0,0
-154349,0,0
-35243,0,0
85921,0,0
-119384,0,0
-99603,0,0
291817,0,0
191338,0,0
239244,0,0
54323,0,0
-382293,0,0
-149164,0,0
-338011,0,0
-361530,0,0
182945,0,0
45467,0,0
-164137,0,0
-59245,0,0
-363268,0,0
-465411,0,0
-137856,0,0
-284210,0,0
165043,0,0
84440,0,0
-92462,0,0
-52315,0,0
-46722,0,0
-368859,0,0
-120110,0,0
-11394,0,0
-265669,0,0
-65432,0,0
87050,0,0
44581,0,0
108885,0,0
221746,0,0
-16078,0,0
177691,0,0
-65145,0,0
-363384,0,0
108933,0,0
93414,0,0
-48921,0,0
-56961,0,0
-19125,0,0
65088,0,0
189309,0,0
169792,0,0
176129,0,0
-26634,0,0
-384463,0,0
10437,0,0
39963,0,0
120739,0,0
399253,0,0
271774,0,0
-43261,0,0
118954,0,0
-81546,0,0
-80189,0,0
362368,0,0
-29890,0,0
-53193,0,0
-55138,0,0
-112570,0,0
-32723,0,0
28038,0,0
-284827,0,0
95281,0,0
139592,0,0
-176646,0,0
28549,0,0
64504,0,0
-147823,0,0
-84536,0,0
-138428,0,0
-437510,0,0
109845,0,0
-1927,0,0
48482,0,0
145953,0,0
-187225,0,0
-149229,0,0
-122759,0,0
-15314,0,0
-47875,0,0
168231,0,0
-158204,0,0
70743,0,0
169919,0,0
-333067,0,0
-137908,0,0
-173751,0,0
-77426,0,0
133905,0,0
64683,0,0
-174054,0,0
4029,0,0
-85996,0,0
-101650,0,0
267688,0,0
-154256,0,0
-94559,0,0
-267705,0,0
-252595,0,0
-111616,0,0
99887,0,0
-328804,0,0
-65791,0,0
107415,0,0
-174213,0,0
49687,0,0
-185079,0,0
-275787,0,0
-218329,0,0
-211765,0,0
-375134,0,0
11286,0,0
-69550,0,0
-205510,0,0
278393,0,0
-144648,0,0
-304755,0,0
-134324,0,0
-395134,0,0
-336858,0,0
-201775,0,0
-287130,0,0
-31628,0,0
344518,0,0
-354018,0,0
78664,0,0
342303,0,0
216983,0,0
229200,0,0
-200277,0,0
-441895,0,0
43037,0,0
-54803,0,0
27152,0,0
551378,0,0
234687,0,0
231044,0,0
271378,0,0
195443,0,0
32280,0,0
330278,0,0
43259,0,0
150236,0,0
124082,0,0
-387810,0,0
45691,0,0
-157365,0,0
-36121,0,0
400263,0,0
341644,0,0
-171119,0,0
-66601,0,0
-57852,0,0
-154018,0,0
4354,0,0
-355019,0,0
-363214,0,0
-195326,0,0
-169053,0,0
68477,0,0
289671,0,0
94432,0,0
-4667,0,0
23717,0,0
-402984,0,0
-248175,0,0
-233418,0,0
-91932,0,0
73009,0,0
217811,0,0
-131349,0,0
143278,0,0
-124990,0,0
-370413,0,0
27307,0,0
-290132,0,0
-56629,0,0
289489,0,0
217869,0,0
35199,0,0
221512,0,0
-101814,0,0
-111183,0,0
9158,0,0
-278975,0,0
125634,0,0
55543,0,0
-75570,0,0
-18142,0,0
93971,0,0
-350857,0,0
100467,0,0
37592,0,0
-103721,0,0
279074,0,0
-37610,0,0
-26451,0,0
-71254,0,0
-116908,0,0
-110457,0,0
69978,0,0
-62097,0,0
175353,0,0
138947,0,0
-386612,0,0
-42891,0,0
-67308,0,0
-174041,0,0
76806,0,0
57439,0,0
-311164,0,0
-51652,0,0
28383,0,0
2508,0,0
315471,0,0
-227308,0,0
-423663,0,0
-476555,0,0
-471400,0,0
-125972,0,0
457295,0,0
135735,0,0
-78670,0,0
-158933,0,0
-499711,0,0
-218844,0,0
-165026,0,0
-110601,0,0
75177,0,0
-130565,0,0
-354418,0,0
254391,0,0
16663,0,0
-128052,0,0
115781,0,0
-270096,0,0
-214048,0,0
-326501,0,0
-245704,0,0
159400,0,0
465510,0,0
58507,0,0
65684,0,0
-59981,0,0
-501514,0,0
-117693,0,0
-9374,0,0
-27485,0,0
26632,0,0
247996,0,0
-360183,0,0
-192091,0,0
-282443,0,0
-207079,0,0
132951,0,0
-71992,0,0
150052,0,0
216231,0,0
-111143,0,0
-386887,0,0
-162519,0,0
-277998,0,0
-138599,0,0
163723,0,0
21322,0,0
493002,0,0
123059,0,0
-230281,0,0
-160120,0,0
-110647,0,0
-132948,0,0
289814,0,0
584102,0,0
379907,0,0
330717,0,0
-235537,0,0
875,0,0
204662,0,0
229170,0,0
197101,0,0
266313,0,0
-114095,0,0
178175,0,0
539130,0,0
77592,0,0
275746,0,0
261520,0,0
116165,0,0
222409,0,0
133603,0,0
-263754,0,0
169126,0,0
269647,0,0
153642,0,0
191973,0,0
-227055,0,0
-28346,0,0
-144652,0,0
108536,0,0
222711,0,0
391390,0,0
4524,0,0
170571,0,0
126321,0,0
-173689,0,0
248840,0,0
158788,0,0
-28261,0,0
-81298,0,0
135219,0,0
-104242,0,0
402177,0,0
38955,0,0
111902,0,0
447752,0,0
-31657,0,0
48174,0,0
-133094,0,0
-59568,0,0
44536,0,0
462343,0,0
-99212,0,0
-60197,0,0
130537,0,0
-167284,0,0
150695,0,0
66759,0,0
-6743,0,0
22039,0,0
52210,0,0
-407731,0,0
44178,0,0
180737,0,0
-21696,0,0
166147,0,0
16422,0,0
89185,0,0
18638,0,0
-224311,0,0
-256653,0,0
228532,0,0
-128310,0,0
16733,0,0
185397,0,0
-150450,0,0
76156,0,0
-18711,0,0
127847,0,0
125703,0,0
224511,0,0
-257508,0,0
25289,0,0
9173,0,0
-153858,0,0
165468,0,0
-15207,0,0
-15877,0,0
83582,0,0
89188,0,0
80120,0,0
323480,0,0
-364139,0,0
-193401,0,0
86165,0,0
-113208,0,0
241206,0,0
106052,0,0
301289,0,0
387247,0,0
171581,0,0
-159974,0,0
131442,0,0
164175,0,0
-89063,0,0
392553,0,0
-20851,0,0
144419,0,0
46491,0,0
278322,0,0
216056,0,0
409889,0,0
288264,0,0
351752,0,0
421891,0,0
-76774,0,0
117992,0,0
91495,0,0
-123710,0,0
82866,0,0
247863,0,0
20379,0,0
43410,0,0
53835,0,0
-122280,0,0
473162,0,0
-22748,0,0
440599,0,0
135688,0,0
-84959,0,0
-287048,0,0
-56789,0,0
-60065,0,0
162968,0,0
145443,0,0
-232287,0,0
9129,0,0
-241544,0,0
-101773,0,0
-21652,0,0
444786,0,0
133367,0,0
211907,0,0
9038,0,0
-347131,0,0
-92741,0,0
-131745,0,0
146512,0,0
302858,0,0
154253,0,0
-164306,0,0
185046,0,0
-196686,0,0
60937,0,0
254717,0,0
-91553,0,0
258510,0,0
358226,0,0
230354,0,0
-8066,0,0
-88638,0,0
-338660,0,0
373660,0,0
318916,0,0
84247,0,0
274811,0,0
-127853,0,0
-21561,0,0
183665,0,0
72728,0,0
-196807,0,0
184224,0,0
-181934,0,0
-26120,0,0
310510,0,0
-157246,0,0
181872,0,0
159146,0,0
224390,0,0
122089,0,0
-189831,0,0
-530571,0,0
-78573,0,0
-145607,0,0
-222881,0,0
580622,0,0
172024,0,0
96324,0,0
67115,0,0
-132184,0,0
-625786,0,0
-64365,0,0
-368094,0,0
20752,0,0
287248,0,0
69683,0,0
394643,0,0
158866,0,0
-151648,0,0
-67141,0,0
-11113,0,0
-311193,0,0
332063,0,0
40252,0,0
-153209,0,0
174210,0,0
-56812,0,0
-45423,0,0
76773,0,0
352076,0,0
307872,0,0
353540,0,0
58045,0,0
32560,0,0
160054,0,0
-395585,0,0
74771,0,0
67171,0,0
86729,0,0
362771,0,0
200309,0,0
-112430,0,0
124576,0,0
-14156,0,0
-98604,0,0
401920,0,0
-64547,0,0
-116505,0,0
-7557,0,0
210750,0,0
255891,0,0
215696,0,0
-212147,0,0
-37128,0,0
37174,0,0
-321973,0,0
156555,0,0
126041,0,0
-48905,0,0
62943,0,0
114624,0,0
-304123,0,0
132877,0,0
-70889,0,0
-30894,0,0
297594,0,0
-173848,0,0
-335833,0,0
-241735,0,0
36995,0,0
-92909,0,0
294286,0,0
-224695,0,0
-37891,0,0
128451,0,0
-345920,0,0
-284498,0,0
-53956,0,0
-74186,0,0
108335,0,0
31077,0,0
-218287,0,0
533441,0,0
261563,0,0
-340603,0,0
29866,0,0
-339001,0,0
-195087,0,0
-31018,0,0
155057,0,0
-24952,0,0
264255,0,0
29025,0,0
42677,0,0
25509,0,0
-465761,0,0
39116,0,0
271469,0,0
-20153,0,0
-43165,0,0
-2741,0,0
-293988,0,0
7652,0,0
196410,0,0
-109334,0,0
31256,0,0
-221027,0,0
-98451,0,0
26325,0,0
62228,0,0
-114668,0,0
369262,0,0
-57448,0,0
-11971,0,0
97170,0,0
-180324,0,0
8076,0,0
-11541,0,0
-55287,0,0
130491,0,0
265192,0,0
-164649,0,0
200228,0,0
193747,0,0
-240052,0,0
195864,0,0
-84488,0,0
109852,0,0
125117,0,0
139499,0,0
-79539,0,0
205725,0,0
-229140,0,0
-95569,0,0
253136,0,0
-112907,0,0
178638,0,0
197349,0,0
-32097,0,0
-168423,0,0
-113763,0,0
-206049,0,0
220949,0,0
38631,0,0
-231486,0,0
222944,0,0
29045,0,0
59823,0,0
-154718,0,0
29986,0,0
-179054,0,0
228020,0,0
-126493,0,0
-259548,0,0
-10783,0,0
-360360,0,0
-86338,0,0
74373,0,0
115417,0,0
289057,0,0
49790,0,0
-523734,0,0
-377274,0,0
-214743,0,0
-285804,0,0
254678,0,0
-130724,0,0
-264867,0,0
-255825,0,0
-124909,0,0
63290,0,0
178608,0,0
-305237,0,0
-88010,0,0
97136,0,0
-329922,0,0
-145992,0,0
-123436,0,0
-240571,0,0
-121284,0,0
-102833,0,0
-65030,0,0
448496,0,0
351248,0,0
-43888,0,0
-47696,0,0
-408090,0,0
-198974,0,0
12880,0,0
442024,0,0
358736,0,0
435745,0,0
-222947,0,0
-199140,0,0
84338,0,0
-136055,0,0
345576,0,0
334549,0,0
204504,0,0
-41775,0,0
-88874,0,0
-397997,0,0
201106,0,0
26643,0,0
-246125,0,0
16859,0,0
-25247,0,0
-172070,0,0
-10612,0,0
-73915,0,0
-200778,0,0
-274065,0,0
-452002,0,0
-231228,0,0
134486,0,0
25862,0,0
89064,0,0
-270328,0,0
-248800,0,0
-195876,0,0
-144054,0,0
-489673,0,0
-47839,0,0
27766,0,0
-373897,0,0
29803,0,0
-165701,0,0
-107496,0,0
-170722,0,0
-25069,0,0
-186298,0,0
-62208,0,0
-322617,0,0
-326702,0,0
-4742,0,0
-264320,0,0
-183555,0,0
-293937,0,0
-174073,0,0
-196443,0,0
61224,0,0
-27400,0,0
163635,0,0
-233461,0,0
-638941,0,0
-183579,0,0
-390437,0,0
-88648,0,0
215425,0,0
28034,0,0
87058,0,0
325694,0,0
-256106,0,0
-161414,0,0
-14589,0,0
-355816,0,0
54895,0,0
24558,0,0
412656,0,0
416774,0,0
283744,0,0
-236928,0,0
109290,0,0
-139136,0,0
-252146,0,0
184030,0,0
510694,0,0
284052,0,0
9868,0,0
73370,0,0
-44953,0,0
333049,0,0
-168444,0,0
-123535,0,0
52930,0,0
-254480,0,0
249736,0,0
452396,0,0
180810,0,0
58520,0,0
-261389,0,0
-442197,0,0
124946,0,0
-33427,0,0
-320280,0,0
68512,0,0
-91470,0,0
-29259,0,0
-102312,0,0
-258816,0,0
-332461,0,0
8192,0,0
-162758,0,0
195586,0,0
180143,0,0
-456558,0,0
-233598,0,0
30462,0,0
-98083,0,0
-60483,0,0
77429,0,0
-283830,0,0
263138,0,0
94255,0,0
-98988,0,0
206940,0,0
-146124,0,0
116649,0,0
81608,0,0
46820,0,0
-250177,0,0
211511,0,0
-42577,0,0
-67315,0,0
102102,0,0
-322165,0,0
-27053,0,0
-137967,0,0
-52602,0,0
130406,0,0
62950,0,0
-281863,0,0
41947,0,0
-41011,0,0
-282718,0,0
101134,0,0
-348317,0,0
-136139,0,0
104967,0,0
94300,0,0
-242488,0,0
-5877,0,0
-482385,0,0
-267720,0,0
150246,0,0
-166688,0,0
-5186,0,0
-27847,0,0
-235473,0,0
-209096,0,0
-95226,0,0
-452190,0,0
150209,0,0
-245932,0,0
-438250,0,0
-43460,0,0
-112396,0,0
-203648,0,0
-141452,0,0
-54917,0,0
-89855,0,0
235156,0,0
-155724,0,0
-305324,0,0
-141565,0,0
-512067,0,0
-157822,0,0
-88548,0,0
68231,0,0
54113,0,0
269290,0,0
-302789,0,0
-3990,0,0
-259007,0,0
-456988,0,0
324523,0,0
-59513,0,0
50255,0,0
-188069,0,0
-242060,0,0
-120276,0,0
483219,0,0
-128517,0,0
161196,0,0
326445,0,0
71451,0,0
310472,0,0
35984,0,0
