312881,0,0
55768,0,0
-119842,0,0
-61283,0,0
-136185,0,0
131249,0,0
82539,0,0
-23285,0,0
87498,0,0
17556,0,0
-31757,0,0
4428,0,0
-82663,0,0
-1399,0,0
254649,0,0
-87936,0,0
-84509,0,0
53738,0,0
-172866,0,0
53662,0,0
199053,0,0
80860,0,0
-507,0,0
-39128,0,0
-234883,0,0
185786,0,0
39884,0,0
-145574,0,0
116598,0,0
40974,0,0
-110563,0,0
-77142,0,0
-70770,0,0
-8694,0,0
324595,0,0
93200,0,0
-7003,0,0
48066,0,0
-405322,0,0
-97665,0,0
234518,0,0
110888,0,0
70103,0,0
34588,0,0
-144469,0,0
117341,0,0
38130,0,0
-147249,0,0
42008,0,0
15956,0,0
-77730,0,0
20092,0,0
-2,0,0
29530,0,0
263504,0,0
-143655,0,0
-33380,0,0
157914,0,0
-225770,0,0
-56391,0,0
297949,0,0
184002,0,0
34175,0,0
90304,0,0
-27888,0,0
209092,0,0
153566,0,0
-57879,0,0
136902,0,0
65479,0,0
-67406,0,0
73450,0,0
85924,0,0
193888,0,0
342592,0,0
-79692,0,0
25916,0,0
178868,0,0
-204522,0,0
-30555,0,0
251847,0,0
84367,0,0
-4449,0,0
87434,0,0
50963,0,0
119732,0,0
-66421,0,0
-152902,0,0
-53308,0,0
-131201,0,0
-110031,0,0
5121,0,0
-30063,0,0
14791,0,0
193510,0,0
-200152,0,0
-172993,0,0
-46238,0,0
-358455,0,0
-210251,0,0
108627,0,0
-211,0,0
-69312,0,0
-126829,0,0
-235476,0,0
28530,0,0
-48945,0,0
-198802,0,0
-111477,0,0
-202175,0,0
-228087,0,0
-156197,0,0
-173344,0,0
-97529,0,0
246533,0,0
-50869,0,0
-93254,0,0
7913,0,0
-354918,0,0
-219421,0,0
108708,0,0
50467,0,0
-59152,0,0
-19923,0,0
-140663,0,0
79250,0,0
-22292,0,0
-175033,0,0
18525,0,0
-18046,0,0
-72572,0,0
-68249,0,0
-21530,0,0
7328,0,0
333472,0,0
-137686,0,0
-70351,0,0
51210,0,0
-326195,0,0
-63049,0,0
287295,0,0
161162,0,0
29715,0,0
-34529,0,0
-77382,0,0
288659,0,0
203038,0,0
-18017,0,0
-16872,0,0
-14850,0,0
-9816,0,0
124049,0,0
44899,0,0
213040,0,0
470212,0,0
5553,0,0
9086,0,0
167840,0,0
-165635,0,0
88250,0,0
298921,0,0
187059,0,0
195870,0,0
208582,0,0
-22670,0,0
352551,0,0
209996,0,0
-135341,0,0
48876,0,0
64342,0,0
-10684,0,0
193730,0,0
145047,0,0
171300,0,0
324760,0,0
-77968,0,0
31340,0,0
200105,0,0
-248304,0,0
-87254,0,0
255516,0,0
253734,0,0
86577,0,0
14434,0,0
-105212,0,0
235282,0,0
55045,0,0
-107601,0,0
124757,0,0
-12264,0,0
-119722,0,0
27018,0,0
-6474,0,0
35576,0,0
311565,0,0
-92985,0,0
-89218,0,0
107499,0,0
-202121,0,0
-15227,0,0
267785,0,0
95355,0,0
-12355,0,0
21841,0,0
-109261,0,0
182268,0,0
47600,0,0
-150583,0,0
49259,0,0
-37363,0,0
-97808,0,0
83140,0,0
11916,0,0
-9054,0,0
214745,0,0
-117309,0,0
-71536,0,0
200970,0,0
-231587,0,0
-105412,0,0
166912,0,0
23088,0,0
-5806,0,0
-63039,0,0
-210231,0,0
190106,0,0
163237,0,0
-134053,0,0
-49078,0,0
-52961,0,0
23259,0,0
21141,0,0
-46313,0,0
4365,0,0
229062,0,0
-179810,0,0
-99592,0,0
135828,0,0
-177647,0,0
-58084,0,0
179589,0,0
168437,0,0
137080,0,0
-79970,0,0
-261193,0,0
282413,0,0
170126,0,0
-155139,0,0
20702,0,0
-14538,0,0
-34043,0,0
-3087,0,0
76815,0,0
67408,0,0
237332,0,0
-99795,0,0
-4987,0,0
234403,0,0
-257417,0,0
-113423,0,0
174030,0,0
62039,0,0
19773,0,0
15018,0,0
-168332,0,0
121269,0,0
-7434,0,0
-178795,0,0
31835,0,0
-11673,0,0
-174713,0,0
-121372,0,0
-96558,0,0
-181646,0,0
166750,0,0
-152769,0,0
-213687,0,0
-10509,0,0
-126262,0,0
-36681,0,0
16860,0,0
-87545,0,0
-59294,0,0
-13935,0,0
-277876,0,0
140488,0,0
-2451,0,0
-257151,0,0
-57901,0,0
-31213,0,0
-137383,0,0
8822,0,0
-56597,0,0
6566,0,0
244292,0,0
-95059,0,0
-133963,0,0
59996,0,0
-293699,0,0
-125101,0,0
190925,0,0
213086,0,0
94129,0,0
-3084,0,0
-196744,0,0
160117,0,0
25403,0,0
-183525,0,0
72679,0,0
-19279,0,0
-102112,0,0
27229,0,0
51415,0,0
-22141,0,0
195510,0,0
-152182,0,0
89267,0,0
408675,0,0
-246138,0,0
-325831,0,0
134406,0,0
90864,0,0
50274,0,0
45613,0,0
-67525,0,0
290550,0,0
55781,0,0
-249668,0,0
-102968,0,0
-66994,0,0
-105246,0,0
73336,0,0
97813,0,0
11092,0,0
208265,0,0
-264750,0,0
-116136,0,0
100221,0,0
-346084,0,0
-206299,0,0
149450,0,0
98049,0,0
-41375,0,0
-4579,0,0
-217563,0,0
3894,0,0
-75686,0,0
-182092,0,0
-860,0,0
-103249,0,0
-223714,0,0
-108776,0,0
-46676,0,0
-63457,0,0
186156,0,0
-220023,0,0
-239123,0,0
54661,0,0
-359012,0,0
-242552,0,0
129973,0,0
-21412,0,0
-122950,0,0
-119439,0,0
-270989,0,0
3977,0,0
-119056,0,0
-207957,0,0
38237,0,0
-52978,0,0
-282090,0,0
-242358,0,0
-149777,0,0
-159355,0,0
209347,0,0
-4875,0,0
57121,0,0
51919,0,0
-430762,0,0
-245989,0,0
126644,0,0
159522,0,0
107671,0,0
-24227,0,0
-291924,0,0
95764,0,0
108941,0,0
-21575,0,0
78855,0,0
-40262,0,0
2204,0,0
21483,0,0
-77902,0,0
42227,0,0
343222,0,0
-32828,0,0
-7384,0,0
136892,0,0
-276342,0,0
-76411,0,0
315440,0,0
251955,0,0
81660,0,0
30832,0,0
-132721,0,0
228391,0,0
80025,0,0
-178192,0,0
58561,0,0
89943,0,0
-108260,0,0
-28304,0,0
120404,0,0
10550,0,0
194845,0,0
-152378,0,0
-24469,0,0
21722,0,0
-349025,0,0
-109739,0,0
215388,0,0
83795,0,0
-86366,0,0
-2723,0,0
-167622,0,0
78361,0,0
-76979,0,0
-283965,0,0
-34776,0,0
-75236,0,0
-138452,0,0
-91189,0,0
-144112,0,0
-134250,0,0
123036,0,0
-210602,0,0
-116285,0,0
62534,0,0
-328154,0,0
-290456,0,0
-8805,0,0
-27537,0,0
-143922,0,0
-49745,0,0
-190968,0,0
16930,0,0
-45887,0,0
-265500,0,0
-27064,0,0
-113972,0,0
-223016,0,0
-105085,0,0
-182796,0,0
-161379,0,0
254347,0,0
-91938,0,0
-126252,0,0
114853,0,0
-293747,0,0
-72272,0,0
194507,0,0
25227,0,0
-94561,0,0
19261,0,0
-181789,0,0
158369,0,0
118037,0,0
-114367,0,0
22377,0,0
-50362,0,0
-73745,0,0
71993,0,0
37528,0,0
4282,0,0
250103,0,0
-75827,0,0
-24844,0,0
200573,0,0
-207258,0,0
-69654,0,0
244144,0,0
188971,0,0
45351,0,0
78675,0,0
-140191,0,0
231139,0,0
231874,0,0
-117579,0,0
40353,0,0
-30422,0,0
-83442,0,0
94505,0,0
158270,0,0
36034,0,0
324171,0,0
-35723,0,0
-62147,0,0
105087,0,0
-248897,0,0
38430,0,0
229068,0,0
124488,0,0
65574,0,0
106104,0,0
-60695,0,0
216508,0,0
33013,0,0
-64460,0,0
39447,0,0
-50294,0,0
993,0,0
187306,0,0
61700,0,0
-92263,0,0
225627,0,0
-77445,0,0
-14105,0,0
138078,0,0
-226156,0,0
-24912,0,0
102400,0,0
35481,0,0
11537,0,0
-45016,0,0
-196083,0,0
202580,0,0
78294,0,0
-201660,0,0
-77697,0,0
-159703,0,0
-192727,0,0
6706,0,0
25387,0,0
-141310,0,0
262798,0,0
-110969,0,0
-104184,0,0
119029,0,0
-290030,0,0
-184805,0,0
103494,0,0
-21699,0,0
13609,0,0
124188,0,0
-161529,0,0
111832,0,0
-45212,0,0
-212162,0,0
1716,0,0
-58833,0,0
-60551,0,0
31537,0,0
2342,0,0
-37060,0,0
193734,0,0
-202084,0,0
-175521,0,0
146123,0,0
-214143,0,0
-90304,0,0
142115,0,0
-10855,0,0
-98776,0,0
6568,0,0
-145961,0,0
123923,0,0
-43077,0,0
-223410,0,0
22343,0,0
-62022,0,0
-209805,0,0
14354,0,0
-12526,0,0
-92396,0,0
194067,0,0
-158166,0,0
-152330,0,0
81275,0,0
-271057,0,0
-153357,0,0
150988,0,0
125676,0,0
168792,0,0
71807,0,0
-365174,0,0
57106,0,0
133868,0,0
-124419,0,0
29018,0,0
69596,0,0
137629,0,0
35023,0,0
-36241,0,0
38267,0,0
278389,0,0
-50769,0,0
99125,0,0
258264,0,0
-142244,0,0
-23924,0,0
332995,0,0
228386,0,0
100316,0,0
113578,0,0
22090,0,0
375893,0,0
238717,0,0
-127928,0,0
48772,0,0
51338,0,0
50391,0,0
168856,0,0
113001,0,0
135096,0,0
416322,0,0
24751,0,0
-41678,0,0
125574,0,0
-239249,0,0
-56267,0,0
251282,0,0
105210,0,0
91816,0,0
141704,0,0
-145153,0,0
242043,0,0
68023,0,0
-170661,0,0
14868,0,0
-62024,0,0
-123852,0,0
36334,0,0
77226,0,0
26152,0,0
272995,0,0
-80092,0,0
1664,0,0
170410,0,0
-227186,0,0
-68808,0,0
125975,0,0
68991,0,0
30851,0,0
80160,0,0
-95306,0,0
91921,0,0
26542,0,0
-176674,0,0
-69142,0,0
-89077,0,0
-10713,0,0
5930,0,0
-53436,0,0
-70789,0,0
229750,0,0
-143167,0,0
-140965,0,0
39880,0,0
-285330,0,0
-170772,0,0
118374,0,0
186869,0,0
37941,0,0
-44798,0,0
-219890,0,0
147087,0,0
3266,0,0
-244778,0,0
-29623,0,0
-47876,0,0
-112957,0,0
33525,0,0
55473,0,0
54772,0,0
264725,0,0
-210760,0,0
-149189,0,0
118836,0,0
-273955,0,0
-98856,0,0
230870,0,0
183812,0,0
-31646,0,0
-43394,0,0
-181080,0,0
160657,0,0
94954,0,0
-157325,0,0
103745,0,0
97620,0,0
-132051,0,0
-67451,0,0
-38769,0,0
-67887,0,0
211545,0,0
-60987,0,0
-117191,0,0
223478,0,0
-79391,0,0
-120828,0,0
112194,0,0
35481,0,0
-65140,0,0
31436,0,0
-120593,0,0
164244,0,0
81632,0,0
-114984,0,0
21171,0,0
75745,0,0
-110405,0,0
-50158,0,0
-3876,0,0
54361,0,0
391166,0,0
-119875,0,0
-162117,0,0
155383,0,0
-270097,0,0
-89444,0,0
240582,0,0
209408,0,0
170515,0,0
108879,0,0
-286785,0,0
184973,0,0
120401,0,0
-115822,0,0
74777,0,0
-15863,0,0
-56892,0,0
93298,0,0
-6829,0,0
-21223,0,0
327948,0,0
-44214,0,0
-122684,0,0
111795,0,0
-183956,0,0
134665,0,0
290457,0,0
-29276,0,0
-137914,0,0
-53775,0,0
-146411,0,0
222508,0,0
133282,0,0
-85579,0,0
-8499,0,0
-61167,0,0
-143936,0,0
-5154,0,0
-30524,0,0
-74338,0,0
292824,0,0
-90277,0,0
-87292,0,0
69719,0,0
-228430,0,0
-107986,0,0
108801,0,0
52269,0,0
14851,0,0
6648,0,0
-237210,0,0
68377,0,0
-54873,0,0
-177274,0,0
73036,0,0
-19715,0,0
-202975,0,0
-68111,0,0
-18991,0,0
-58093,0,0
261945,0,0
-176566,0,0
-226708,0,0
30619,0,0
-297541,0,0
-156061,0,0
170170,0,0
88074,0,0
21357,0,0
-16288,0,0
-259730,0,0
180341,0,0
-53320,0,0
-239458,0,0
15064,0,0
-76006,0,0
-144584,0,0
-37735,0,0
-70854,0,0
-43643,0,0
334342,0,0
-124686,0,0
-127136,0,0
122557,0,0
-205563,0,0
-193682,0,0
75579,0,0
95328,0,0
42121,0,0
28312,0,0
-222397,0,0
158326,0,0
67980,0,0
-207254,0,0
-51365,0,0
-109554,0,0
-95873,0,0
38275,0,0
-61970,0,0
-23627,0,0
335209,0,0
-124127,0,0
-179095,0,0
60350,0,0
-285860,0,0
-147540,0,0
178411,0,0
112610,0,0
-12035,0,0
30691,0,0
-41687,0,0
191594,0,0
116786,0,0
-172462,0,0
-111247,0,0
-81095,0,0
30256,0,0
123733,0,0
25572,0,0
-11641,0,0
397857,0,0
86221,0,0
36178,0,0
162760,0,0
-223373,0,0
-88259,0,0
166373,0,0
144865,0,0
229228,0,0
221847,0,0
-148948,0,0
213235,0,0
213100,0,0
-5962,0,0
109563,0,0
-3167,0,0
-93602,0,0
-4700,0,0
105691,0,0
109438,0,0
371124,0,0
23359,0,0
-41798,0,0
278962,0,0
-225327,0,0
-62985,0,0
320056,0,0
131963,0,0
33399,0,0
78573,0,0
-73644,0,0
157649,0,0
65344,0,0
-191385,0,0
7136,0,0
89470,0,0
-13562,0,0
14248,0,0
-86928,0,0
-26771,0,0
360165,0,0
-120652,0,0
-109297,0,0
161932,0,0
-330795,0,0
-141986,0,0
174576,0,0
74366,0,0
-39467,0,0
51461,0,0
-180129,0,0
197341,0,0
64238,0,0
-237368,0,0
-62917,0,0
-65827,0,0
-131181,0,0
32991,0,0
11696,0,0
-94665,0,0
208272,0,0
-143057,0,0
-135969,0,0
148970,0,0
-273515,0,0
-189495,0,0
84250,0,0
51892,0,0
-20329,0,0
56733,0,0
-167499,0,0
86416,0,0
17540,0,0
-245926,0,0
-47733,0,0
-66959,0,0
-145430,0,0
-2688,0,0
-20692,0,0
-49309,0,0
247804,0,0
-176579,0,0
-130006,0,0
125344,0,0
-303214,0,0
-89090,0,0
185753,0,0
-13283,0,0
76754,0,0
68903,0,0
-155601,0,0
98481,0,0
-46849,0,0
-165301,0,0
124101,0,0
-198831,0,0
-148091,0,0
212448,0,0
166634,0,0
-94688,0,0
159975,0,0
-7856,0,0
-59601,0,0
69218,0,0
-156927,0,0
-630,0,0
193817,0,0
99757,0,0
41743,0,0
141630,0,0
-75987,0,0
274813,0,0
123248,0,0
-137082,0,0
160429,0,0
120274,0,0
-114871,0,0
14444,0,0
112284,0,0
10464,0,0
346380,0,0
97997,0,0
-10205,0,0
154710,0,0
-173906,0,0
-90334,0,0
180136,0,0
131671,0,0
73105,0,0
128086,0,0
11946,0,0
279204,0,0
91095,0,0
-202247,0,0
36731,0,0
44701,0,0
-22147,0,0
48051,0,0
27713,0,0
26574,0,0
380275,0,0
-8637,0,0
-39327,0,0
190034,0,0
-254229,0,0
-150235,0,0
168223,0,0
151250,0,0
54223,0,0
148302,0,0
-171821,0,0
98156,0,0
55952,0,0
-225633,0,0
-18617,0,0
-70474,0,0
-93073,0,0
-26719,0,0
-57070,0,0
-33366,0,0
290884,0,0
-139421,0,0
-140287,0,0
84772,0,0
-294820,0,0
-184396,0,0
133973,0,0
142212,0,0
-25177,0,0
-51220,0,0
-233874,0,0
196317,0,0
88464,0,0
-200334,0,0
-13721,0,0
-121468,0,0
-154030,0,0
2918,0,0
44125,0,0
-100867,0,0
243086,0,0
-106613,0,0
-115228,0,0
99088,0,0
-312248,0,0
-202119,0,0
85056,0,0
128216,0,0
90451,0,0
61706,0,0
-241419,0,0
103993,0,0
1687,0,0
-257920,0,0
-60711,0,0
-44837,0,0
-103737,0,0
-54946,0,0
-162983,0,0
-127947,0,0
391147,0,0
-116080,0,0
-111984,0,0
192837,0,0
-296083,0,0
-123175,0,0
240176,0,0
124477,0,0
-117514,0,0
-48478,0,0
-93327,0,0
280271,0,0
211917,0,0
-23074,0,0
103669,0,0
-190234,0,0
-110567,0,0
137924,0,0
81221,0,0
9076,0,0
405739,0,0
-20378,0,0
-107928,0,0
199959,0,0
-91791,0,0
-2513,0,0
177163,0,0
55911,0,0
115962,0,0
66410,0,0
-153043,0,0
221133,0,0
174631,0,0
-144635,0,0
22126,0,0
-30698,0,0
73445,0,0
141296,0,0
49756,0,0
17251,0,0
396378,0,0
-67237,0,0
-149697,0,0
146926,0,0
-117178,0,0
-15560,0,0
249908,0,0
157138,0,0
76336,0,0
118274,0,0
-129899,0,0
230510,0,0
146602,0,0
-173868,0,0
76083,0,0
-32060,0,0
-32628,0,0
74821,0,0
18055,0,0
-29860,0,0
336789,0,0
-68157,0,0
-79393,0,0
104406,0,0
-321909,0,0
-130235,0,0
161165,0,0
71981,0,0
-104161,0,0
-31126,0,0
-208148,0,0
110489,0,0
68840,0,0
-148958,0,0
-27688,0,0
-135054,0,0
-198185,0,0
17404,0,0
-96117,0,0
-170063,0,0
202643,0,0
-164078,0,0
-163366,0,0
219213,0,0
-238573,0,0
-117498,0,0
128367,0,0
124783,0,0
4875,0,0
-49171,0,0
-230046,0,0
101088,0,0
96718,0,0
-139228,0,0
78387,0,0
24578,0,0
-69268,0,0
33958,0,0
-35429,0,0
-82908,0,0
303584,0,0
-57367,0,0
50501,0,0
253763,0,0
-276508,0,0
-195943,0,0
144916,0,0
40475,0,0
-24454,0,0
99627,0,0
9380,0,0
394547,0,0
65062,0,0
-372037,0,0
-181064,0,0
-109501,0,0
-36530,0,0
150226,0,0
85895,0,0
-74163,0,0
366623,0,0
-62118,0,0
-134778,0,0
159197,0,0
-197861,0,0
-106868,0,0
108432,0,0
115437,0,0
74952,0,0
100419,0,0
-194811,0,0
111960,0,0
79215,0,0
-80318,0,0
223187,0,0
-12855,0,0
-123479,0,0
-7864,0,0
-98019,0,0
-49099,0,0
342494,0,0
9323,0,0
-53428,0,0
138953,0,0
-266357,0,0
-111186,0,0
189051,0,0
118583,0,0
-10472,0,0
56440,0,0
-136886,0,0
264372,0,0
181243,0,0
-260264,0,0
-32293,0,0
-65033,0,0
-111032,0,0
104414,0,0
61542,0,0
-135452,0,0
327231,0,0
10852,0,0
-116865,0,0
116172,0,0
-247147,0,0
-79435,0,0
174833,0,0
98228,0,0
-12776,0,0
30148,0,0
-192037,0,0
183034,0,0
66113,0,0
-250954,0,0
-5016,0,0
-6893,0,0
-161802,0,0
-5610,0,0
-10473,0,0
-150322,0,0
184152,0,0
-126483,0,0
-144606,0,0
145688,0,0
-113798,0,0
-154240,0,0
66861,0,0
105480,0,0
-14674,0,0
-26559,0,0
-273437,0,0
149127,0,0
198208,0,0
-113085,0,0
-4640,0,0
13679,0,0
-54324,0,0
28871,0,0
7333,0,0
-63250,0,0
285356,0,0
-76261,0,0
-68738,0,0
240515,0,0
-173176,0,0
-153536,0,0
111669,0,0
192175,0,0
196714,0,0
235734,0,0
-175611,0,0
115319,0,0
-16509,0,0
-206442,0,0
150097,0,0
158472,0,0
17594,0,0
75621,0,0
33602,0,0
-22438,0,0
314807,0,0
-85496,0,0
-50273,0,0
356468,0,0
-159664,0,0
-187961,0,0
91425,0,0
122409,0,0
28144,0,0
30052,0,0
-112004,0,0
190630,0,0
-31611,0,0
-304590,0,0
-25932,0,0
44513,0,0
-12259,0,0
55457,0,0
-125538,0,0
-196270,0,0
282645,0,0
-44060,0,0
-156592,0,0
135402,0,0
-244084,0,0
-162982,0,0
136640,0,0
67869,0,0
21031,0,0
37468,0,0
-193448,0,0
134238,0,0
14947,0,0
-200635,0,0
38716,0,0
-94704,0,0
-125617,0,0
-29361,0,0
-74881,0,0
-106264,0,0
263914,0,0
-99985,0,0
-174633,0,0
146733,0,0
-240279,0,0
-307043,0,0
16083,0,0
115658,0,0
127640,0,0
86407,0,0
-249038,0,0
91486,0,0
110756,0,0
-227385,0,0
-29899,0,0
-96304,0,0
-115362,0,0
29587,0,0
9333,0,0
11760,0,0
446729,0,0
-36027,0,0
-236693,0,0
70437,0,0
-245261,0,0
84913,0,0
277596,0,0
73199,0,0
-40691,0,0
96238,0,0
-124847,0,0
206079,0,0
174312,0,0
-103302,0,0
100838,0,0
-31634,0,0
-153304,0,0
24091,0,0
97514,0,0
-29347,0,0
321042,0,0
-845,0,0
-63239,0,0
191220,0,0
-147491,0,0
-114636,0,0
147008,0,0
106896,0,0
-65796,0,0
68972,0,0
-157929,0,0
208129,0,0
179523,0,0
-182630,0,0
98782,0,0
-31020,0,0
-220192,0,0
25942,0,0
38445,0,0
-132478,0,0
277093,0,0
-42591,0,0
-43284,0,0
140641,0,0
-295072,0,0
-128727,0,0
98450,0,0
-42113,0,0
-45252,0,0
92851,0,0
-212350,0,0
227404,0,0
120287,0,0
-230451,0,0
-128480,0,0
-149961,0,0
-83774,0,0
-61088,0,0
-122457,0,0
-101157,0,0
400663,0,0
-104870,0,0
-143481,0,0
196638,0,0
-337415,0,0
-118186,0,0
184951,0,0
99819,0,0
-34267,0,0
-4271,0,0
-173237,0,0
172853,0,0
121513,0,0
-173976,0,0
13094,0,0
-49462,0,0
-145789,0,0
-20016,0,0
-35619,0,0
-119865,0,0
313545,0,0
-50233,0,0
35220,0,0
290487,0,0
-260183,0,0
-271131,0,0
140195,0,0
154934,0,0
-16752,0,0
96741,0,0
-100314,0,0
319824,0,0
145271,0,0
-161898,0,0
69087,0,0
66426,0,0
1893,0,0
102853,0,0
78954,0,0
-29742,0,0
337729,0,0
-17707,0,0
-34855,0,0
308466,0,0
-132377,0,0
-95289,0,0
54565,0,0
133745,0,0
109153,0,0
82145,0,0
-138602,0,0
149725,0,0
109195,0,0
-162048,0,0
50597,0,0
-56275,0,0
-81910,0,0
35170,0,0
-52991,0,0
-120924,0,0
310946,0,0
-36278,0,0
-119617,0,0
168502,0,0
-283664,0,0
-197947,0,0
73281,0,0
75201,0,0
-50162,0,0
48379,0,0
-267909,0,0
160934,0,0
59842,0,0
-375964,0,0
-81073,0,0
-110552,0,0
-98216,0,0
70805,0,0
40082,0,0
-267125,0,0
119322,0,0
-160250,0,0
-168279,0,0
108545,0,0
-300969,0,0
-160855,0,0
202398,0,0
135368,0,0
-17291,0,0
-8325,0,0
-265574,0,0
133716,0,0
123720,0,0
-200162,0,0
-32654,0,0
-114713,0,0
-93196,0,0
80158,0,0
-5614,0,0
-129099,0,0
314265,0,0
-12006,0,0
-42833,0,0
169391,0,0
-190726,0,0
-86972,0,0
114219,0,0
34980,0,0
71274,0,0
175349,0,0
-120559,0,0
209690,0,0
86113,0,0
-207763,0,0
43967,0,0
-18517,0,0
-96832,0,0
76713,0,0
131736,0,0
-64514,0,0
292849,0,0
-140640,0,0
-177255,0,0
134186,0,0
-192529,0,0
-21740,0,0
158368,0,0
6298,0,0
-76752,0,0
86434,0,0
-126156,0,0
152994,0,0
112379,0,0
-172278,0,0
48509,0,0
-100287,0,0
-123279,0,0
-18476,0,0
25550,0,0
119060,0,0
393935,0,0
-178533,0,0
-130310,0,0
209177,0,0
-202799,0,0
-181761,0,0
120052,0,0
195919,0,0
166094,0,0
184496,0,0
-246617,0,0
171567,0,0
117643,0,0
-146807,0,0
121884,0,0
-13570,0,0
-82006,0,0
13337,0,0
22514,0,0
-31827,0,0
381371,0,0
-40768,0,0
-77472,0,0
222063,0,0
-243224,0,0
-128851,0,0
140399,0,0
72742,0,0
3938,0,0
49592,0,0
-196664,0,0
102437,0,0
46337,0,0
-180356,0,0
-23157,0,0
-50758,0,0
-123423,0,0
-8765,0,0
-91803,0,0
-168196,0,0
242642,0,0
-90162,0,0
-140794,0,0
39422,0,0
-311578,0,0
-198045,0,0
78962,0,0
72249,0,0
-58466,0,0
28085,0,0
-296443,0,0
17099,0,0
107580,0,0
-147190,0,0
-116909,0,0
-202100,0,0
-121423,0,0
-54204,0,0
-192,0,0
-24037,0,0
281143,0,0
-136251,0,0
-230800,0,0
48952,0,0
-256084,0,0
-131691,0,0
117860,0,0
90515,0,0
38139,0,0
121201,0,0
-243175,0,0
-28239,0,0
-35499,0,0
-249648,0,0
-48422,0,0
-68049,0,0
-69073,0,0
82601,0,0
-9322,0,0
-188267,0,0
267223,0,0
-113884,0,0
-178050,0,0
198909,0,0
-238402,0,0
-263064,0,0
118866,0,0
230626,0,0
66157,0,0
-30075,0,0
-297061,0,0
243332,0,0
233742,0,0
-208327,0,0
84375,0,0
35354,0,0
-107577,0,0
-33808,0,0
-25317,0,0
-21323,0,0
366706,0,0
38678,0,0
-18193,0,0
164424,0,0
-249478,0,0
-136337,0,0
185535,0,0
223285,0,0
24793,0,0
68724,0,0
-106522,0,0
182185,0,0
113555,0,0
-190386,0,0
6649,0,0
21711,0,0
68641,0,0
74856,0,0
18660,0,0
-139976,0,0
255891,0,0
-53218,0,0
-99493,0,0
257498,0,0
-97872,0,0
-73080,0,0
95806,0,0
141074,0,0
106095,0,0
23272,0,0
-216714,0,0
174092,0,0
166042,0,0
-132423,0,0
75846,0,0
8177,0,0
-128076,0,0
-8340,0,0
2389,0,0
-7668,0,0
369765,0,0
-60152,0,0
-157952,0,0
228753,0,0
-207240,0,0
-89706,0,0
144056,0,0
102953,0,0
43890,0,0
133239,0,0
-203757,0,0
131199,0,0
83573,0,0
-172882,0,0
16643,0,0
8200,0,0
19244,0,0
25338,0,0
-74157,0,0
-168823,0,0
296459,0,0
-59043,0,0
-148997,0,0
160196,0,0
-269463,0,0
-144296,0,0
123358,0,0
31528,0,0
-100262,0,0
-1348,0,0
-170658,0,0
160399,0,0
61867,0,0
-199925,0,0
-73352,0,0
-141909,0,0
-174564,0,0
-21364,0,0
36801,0,0
-37161,0,0
315979,0,0
-76374,0,0
-184418,0,0
159087,0,0
-248101,0,0
-178100,0,0
102281,0,0
192882,0,0
79328,0,0
85359,0,0
-155262,0,0
205847,0,0
217114,0,0
-142878,0,0
6847,0,0
96967,0,0
-18199,0,0
49921,0,0
24665,0,0
42104,0,0
407096,0,0
5396,0,0
-52863,0,0
345077,0,0
-55616,0,0
-68471,0,0
293278,0,0
227606,0,0
50196,0,0
120725,0,0
-107100,0,0
238475,0,0
218477,0,0
-35383,0,0
135838,0,0
-36359,0,0
-130237,0,0
99976,0,0
106042,0,0
53936,0,0
358856,0,0
-90852,0,0
-68651,0,0
141954,0,0
-206736,0,0
16623,0,0
255954,0,0
68400,0,0
-125609,0,0
132773,0,0
-75122,0,0
110619,0,0
53328,0,0
-161893,0,0
41027,0,0
-60278,0,0
-36580,0,0
103395,0,0
61684,0,0
-175881,0,0
247681,0,0
-52103,0,0
-93312,0,0
196395,0,0
-240193,0,0
-184176,0,0
86363,0,0
64834,0,0
9465,0,0
59941,0,0
-141049,0,0
184579,0,0
47927,0,0
-236639,0,0
-42458,0,0
-113681,0,0
-135507,0,0
-34119,0,0
-38532,0,0
-165998,0,0
201980,0,0
-154589,0,0
-141134,0,0
153685,0,0
-333240,0,0
-245142,0,0
281168,0,0
184932,0,0
-120754,0,0
-2332,0,0
-266514,0,0
55037,0,0
48582,0,0
-165678,0,0
90957,0,0
-4550,0,0
-57174,0,0
18802,0,0
-33460,0,0
-29526,0,0
327307,0,0
-56028,0,0
-76665,0,0
228911,0,0
-136340,0,0
-103064,0,0
33635,0,0
62462,0,0
57258,0,0
147814,0,0
-102594,0,0
245243,0,0
156691,0,0
-250940,0,0
-14026,0,0
-7294,0,0
-39964,0,0
58463,0,0
94279,0,0
-105742,0,0
273303,0,0
-33625,0,0
-125727,0,0
168899,0,0
-194305,0,0
-129629,0,0
56290,0,0
63471,0,0
104986,0,0
151179,0,0
-239459,0,0
134600,0,0
116915,0,0
-216049,0,0
42640,0,0
-54066,0,0
-131731,0,0
59662,0,0
94346,0,0
-100391,0,0
335837,0,0
-15266,0,0
-83740,0,0
187202,0,0
-168378,0,0
-54084,0,0
147641,0,0
144962,0,0
93225,0,0
123232,0,0
-184252,0,0
196043,0,0
119445,0,0
-180056,0,0
-165,0,0
-28027,0,0
-56630,0,0
76,0,0
23003,0,0
-6608,0,0
392783,0,0
-166974,0,0
-308802,0,0
110528,0,0
-26601,0,0
84073,0,0
137206,0,0
-66035,0,0
-144048,0,0
6490,0,0
-107321,0,0
277568,0,0
202777,0,0
-149641,0,0
55938,0,0
-17388,0,0
-95188,0,0
30641,0,0
-2095,0,0
-39883,0,0
363883,0,0
-73858,0,0
-122957,0,0
132188,0,0
-255409,0,0
-163037,0,0
109210,0,0
179474,0,0
70901,0,0
50045,0,0
-258190,0,0
40431,0,0
2163,0,0
-212688,0,0
64974,0,0
-65271,0,0
-172548,0,0
-82841,0,0
-37311,0,0
-50339,0,0
294834,0,0
-154412,0,0
-240293,0,0
167318,0,0
-201191,0,0
-139752,0,0
179851,0,0
99932,0,0
-100229,0,0
-17671,0,0
-244357,0,0
143807,0,0
127825,0,0
-164738,0,0
-2498,0,0
-86886,0,0
-100371,0,0
29317,0,0
-50562,0,0
-133543,0,0
340270,0,0
79955,0,0
-64018,0,0
75833,0,0
-314409,0,0
-116388,0,0
126716,0,0
94047,0,0
40393,0,0
138399,0,0
-110901,0,0
133244,0,0
90734,0,0
-234444,0,0
-34962,0,0
-71176,0,0
-34555,0,0
25009,0,0
3263,0,0
-15795,0,0
273454,0,0
-109684,0,0
-224089,0,0
81088,0,0
-215574,0,0
-198961,0,0
43816,0,0
216621,0,0
195618,0,0
-6695,0,0
-343014,0,0
118824,0,0
-15055,0,0
-324141,0,0
35785,0,0
7325,0,0
-104931,0,0
31306,0,0
72171,0,0
-192233,0,0
222263,0,0
-106335,0,0
-178017,0,0
134267,0,0
-240750,0,0
-182429,0,0
55187,0,0
40924,0,0
-53310,0,0
-67182,0,0
-244857,0,0
48210,0,0
-18495,0,0
-346745,0,0
-5195,0,0
-53671,0,0
-151672,0,0
32326,0,0
45881,0,0
-250070,0,0
167697,0,0
-195465,0,0
-190080,0,0
119386,0,0
-200368,0,0
-113823,0,0
75505,0,0
46303,0,0
-40214,0,0
105561,0,0
-122039,0,0
139795,0,0
123717,0,0
-100598,0,0
-15376,0,0
-175862,0,0
-120895,0,0
114266,0,0
51201,0,0
-101584,0,0
265087,0,0
-27778,0,0
-135054,0,0
127632,0,0
-155411,0,0
-42364,0,0
319705,0,0
199295,0,0
-30219,0,0
47437,0,0
-211786,0,0
174937,0,0
132102,0,0
-138741,0,0
99511,0,0
33410,0,0
-102376,0,0
-38918,0,0
54280,0,0
-95072,0,0
392980,0,0
4701,0,0
-103907,0,0
217182,0,0
-187772,0,0
-115849,0,0
88013,0,0
92451,0,0
12479,0,0
70377,0,0
-125052,0,0
101732,0,0
123849,0,0
-180102,0,0
-4382,0,0
-66228,0,0
-15564,0,0
35687,0,0
-15058,0,0
-71954,0,0
412593,0,0
-67258,0,0
-250220,0,0
84400,0,0
-219954,0,0
-136852,0,0
139565,0,0
110523,0,0
150098,0,0
267709,0,0
-253852,0,0
14165,0,0
115764,0,0
-130397,0,0
9937,0,0
64,0,0
-27361,0,0
-5658,0,0
-4499,0,0
-65363,0,0
422434,0,0
106075,0,0
-222349,0,0
74822,0,0
-145599,0,0
-26810,0,0
120929,0,0
122586,0,0
-18189,0,0
74303,0,0
-151729,0,0
186682,0,0
209873,0,0
-150823,0,0
11508,0,0
-90644,0,0
-157654,0,0
2382,0,0
76846,0,0
-74831,0,0
354256,0,0
-45651,0,0
-227771,0,0
197897,0,0
-126903,0,0
-223573,0,0
-18177,0,0
101187,0,0
9910,0,0
39942,0,0
-199034,0,0
210371,0,0
119678,0,0
-249987,0,0
41299,0,0
-58976,0,0
-80257,0,0
-67978,0,0
-80199,0,0
-91525,0,0
390709,0,0
-61862,0,0
-157704,0,0
177495,0,0
-84275,0,0
-28798,0,0
112102,0,0
58795,0,0
5841,0,0
94933,0,0
-149205,0,0
122947,0,0
101918,0,0
-186185,0,0
4680,0,0
-29678,0,0
-70970,0,0
91449,0,0
30350,0,0
-158721,0,0
259645,0,0
-56725,0,0
-119245,0,0
66758,0,0
-276182,0,0
-80347,0,0
132926,0,0
133121,0,0
-29461,0,0
-3146,0,0
-318049,0,0
121873,0,0
151863,0,0
-146328,0,0
-3359,0,0
-63982,0,0
-71910,0,0
-17634,0,0
-66214,0,0
-121713,0,0
315957,0,0
-47030,0,0
-168855,0,0
124996,0,0
-213039,0,0
-102064,0,0
185556,0,0
174054,0,0
7869,0,0
-23483,0,0
-243161,0,0
194693,0,0
142106,0,0
-204145,0,0
-44078,0,0
-98067,0,0
-76829,0,0
132887,0,0
211228,0,0
-642,0,0
257810,0,0
-81540,0,0
-185810,0,0
169345,0,0
-162475,0,0
-75789,0,0
289424,0,0
213210,0,0
11563,0,0
69115,0,0
-143132,0,0
215368,0,0
166891,0,0
-157790,0,0
58844,0,0
107405,0,0
-44611,0,0
-57477,0,0
-12734,0,0
-114572,0,0
268307,0,0
-4552,0,0
-124331,0,0
168127,0,0
-126818,0,0
-137408,0,0
28207,0,0
56598,0,0
27017,0,0
92859,0,0
-219469,0,0
52853,0,0
98329,0,0
-175447,0,0
18612,0,0
-58089,0,0
-76916,0,0
109049,0,0
46347,0,0
-133430,0,0
295446,0,0
22955,0,0
-135240,0,0
163658,0,0
-107456,0,0
-103578,0,0
89616,0,0
173553,0,0
58029,0,0
98215,0,0
-159316,0,0
250146,0,0
160921,0,0
-185601,0,0
-13897,0,0
-118322,0,0
-48880,0,0
80902,0,0
116547,0,0
-118158,0,0
308862,0,0
44305,0,0
-102402,0,0
63225,0,0
-252924,0,0
-151754,0,0
240647,0,0
170680,0,0
-93539,0,0
85460,0,0
-61979,0,0
212249,0,0
175260,0,0
-73946,0,0
16593,0,0
-34142,0,0
-20734,0,0
10331,0,0
88767,0,0
41590,0,0
348964,0,0
-69062,0,0
-35165,0,0
305171,0,0
-155161,0,0
-81592,0,0
304390,0,0
333414,0,0
-93903,0,0
95170,0,0
-100820,0,0
208639,0,0
253129,0,0
10526,0,0
200756,0,0
91475,0,0
-32573,0,0
2512,0,0
85506,0,0
59705,0,0
444724,0,0
86636,0,0
-4421,0,0
318536,0,0
-95627,0,0
-11432,0,0
225890,0,0
177836,0,0
129598,0,0
171146,0,0
-159046,0,0
218446,0,0
209920,0,0
-139132,0,0
18341,0,0
-15074,0,0
12393,0,0
107902,0,0
98453,0,0
-20962,0,0
283931,0,0
-87882,0,0
-108220,0,0
210871,0,0
-166213,0,0
-138494,0,0
80455,0,0
184279,0,0
14408,0,0
85926,0,0
-173276,0,0
132114,0,0
121249,0,0
-203341,0,0
681,0,0
-49436,0,0
4598,0,0
20891,0,0
-40073,0,0
-90449,0,0
353304,0,0
-43693,0,0
-209400,0,0
87407,0,0
-206626,0,0
-138998,0,0
38384,0,0
99801,0,0
-22386,0,0
72242,0,0
-154482,0,0
110085,0,0
-6257,0,0
-298541,0,0
-78184,0,0
-56656,0,0
-92601,0,0
20763,0,0
-2954,0,0
-287540,0,0
256164,0,0
-41395,0,0
-128163,0,0
155370,0,0
-284692,0,0
-182484,0,0
140042,0,0
137997,0,0
-38560,0,0
12880,0,0
-325444,0,0
-48749,0,0
114977,0,0
-181952,0,0
-35838,0,0
77452,0,0
-28048,0,0
-122426,0,0
-115694,0,0
-237850,0,0
211010,0,0
-12522,0,0
-63368,0,0
221358,0,0
-250507,0,0
-364633,0,0
21289,0,0
243907,0,0
71590,0,0
112374,0,0
-201176,0,0
143316,0,0
95063,0,0
-218466,0,0
-10719,0,0
-13368,0,0
32415,0,0
9179,0,0
-42006,0,0
-132205,0,0
250580,0,0
-47121,0,0
-152863,0,0
179374,0,0
-179522,0,0
-119756,0,0
168700,0,0
209702,0,0
-12440,0,0
-4117,0,0
-235976,0,0
121867,0,0
140149,0,0
-133879,0,0
20947,0,0
-54564,0,0
-116982,0,0
19524,0,0
62236,0,0
-85588,0,0
255466,0,0
-68897,0,0
-104490,0,0
131995,0,0
-246845,0,0
-219556,0,0
-19609,0,0
93394,0,0
51115,0,0
61060,0,0
-276040,0,0
54003,0,0
182888,0,0
-176591,0,0
-109322,0,0
-157033,0,0
-127912,0,0
-1331,0,0
-31545,0,0
-152335,0,0
280778,0,0
-41206,0,0
-201470,0,0
75137,0,0
-220539,0,0
-165905,0,0
78788,0,0
53673,0,0
-81387,0,0
26817,0,0
-205255,0,0
180068,0,0
96663,0,0
-227248,0,0
-51459,0,0
-158574,0,0
30090,0,0
55686,0,0
-114761,0,0
-235828,0,0
254567,0,0
-29089,0,0
-104946,0,0
171005,0,0
-267557,0,0
-159798,0,0
195724,0,0
189527,0,0
-89791,0,0
-10236,0,0
-210742,0,0
127693,0,0
92636,0,0
-197717,0,0
37433,0,0
-52240,0,0
-97127,0,0
-42353,0,0
-45058,0,0
-142236,0,0
341719,0,0
-59513,0,0
-266226,0,0
140586,0,0
-154175,0,0
-177271,0,0
-16159,0,0
56085,0,0
-66097,0,0
35477,0,0
-213064,0,0
96873,0,0
97493,0,0
-215937,0,0
4932,0,0
-11777,0,0
-42729,0,0
-185913,0,0
-103661,0,0
-49287,0,0
345431,0,0
7759,0,0
-150039,0,0
139176,0,0
-177843,0,0
-197687,0,0
-58409,0,0
146608,0,0
61098,0,0
113561,0,0
-155647,0,0
74360,0,0
8424,0,0
-298408,0,0
-53444,0,0
-59678,0,0
-169468,0,0
-98379,0,0
84212,0,0
-59481,0,0
174186,0,0
-159415,0,0
-214754,0,0
117349,0,0
-265573,0,0
-206965,0,0
64919,0,0
158290,0,0
-36347,0,0
-52198,0,0
-258668,0,0
117549,0,0
149705,0,0
-117501,0,0
54667,0,0
11719,0,0
-131392,0,0
-47467,0,0
94538,0,0
-37932,0,0
349029,0,0
1341,0,0
-117935,0,0
205006,0,0
-100535,0,0
-109255,0,0
93893,0,0
243101,0,0
114273,0,0
166934,0,0
-182229,0,0
137469,0,0
174090,0,0
-111421,0,0
-7701,0,0
-29363,0,0
19408,0,0
75335,0,0
36692,0,0
-101026,0,0
308002,0,0
-20258,0,0
-124013,0,0
116302,0,0
-179120,0,0
-171772,0,0
100563,0,0
164432,0,0
57302,0,0
121521,0,0
-218736,0,0
60394,0,0
75569,0,0
-141081,0,0
-47764,0,0
-74098,0,0
-106002,0,0
-18612,0,0
73559,0,0
-84961,0,0
325459,0,0
-59559,0,0
-154419,0,0
195016,0,0
-132670,0,0
-190660,0,0
50651,0,0
129162,0,0
28003,0,0
138174,0,0
-134067,0,0
99836,0,0
96883,0,0
-140428,0,0
41057,0,0
-74706,0,0
-149457,0,0
21967,0,0
112487,0,0
-121728,0,0
326026,0,0
39497,0,0
-153338,0,0
128187,0,0
-225719,0,0
-94805,0,0
204088,0,0
42695,0,0
33296,0,0
145726,0,0
-118185,0,0
87925,0,0
169972,0,0
-10473,0,0
60830,0,0
-120723,0,0
-101674,0,0
66114,0,0
20265,0,0
-49803,0,0
375540,0,0
678,0,0
-113406,0,0
162160,0,0
-171702,0,0
-161742,0,0
95286,0,0
240253,0,0
76220,0,0
70009,0,0
-222144,0,0
82372,0,0
189088,0,0
-68666,0,0
56512,0,0
-112869,0,0
-182108,0,0
63855,0,0
249273,0,0
-44280,0,0
152306,0,0
-59947,0,0
-82747,0,0
153383,0,0
-183306,0,0
-180823,0,0
-4591,0,0
120675,0,0
162752,0,0
272128,0,0
-197210,0,0
11164,0,0
38891,0,0
-276620,0,0
-68859,0,0
17632,0,0
-66176,0,0
-48486,0,0
24044,0,0
-68175,0,0
244033,0,0
82386,0,0
-11785,0,0
7960,0,0
-313141,0,0
-218537,0,0
4686,0,0
123430,0,0
65101,0,0
86362,0,0
-199651,0,0
-440,0,0
53905,0,0
-124426,0,0
-4239,0,0
-169324,0,0
-98303,0,0
-12189,0,0
-94436,0,0
-119893,0,0
309051,0,0
-97606,0,0
-168840,0,0
152783,0,0
-199231,0,0
-202769,0,0
18323,0,0
21392,0,0
-22511,0,0
203808,0,0
-67723,0,0
3137,0,0
-42522,0,0
-189346,0,0
112420,0,0
9343,0,0
-67845,0,0
-43672,0,0
43466,0,0
-34003,0,0
262696,0,0
-91037,0,0
-148215,0,0
160434,0,0
-201211,0,0
-186011,0,0
176240,0,0
179784,0,0
-62476,0,0
103052,0,0
-101857,0,0
89103,0,0
99492,0,0
-185328,0,0
-99350,0,0
-50941,0,0
-110486,0,0
700,0,0
207984,0,0
-18822,0,0
200887,0,0
-16060,0,0
-90038,0,0
189774,0,0
-219252,0,0
-137879,0,0
143466,0,0
187193,0,0
136401,0,0
100210,0,0
-227434,0,0
105144,0,0
115370,0,0
-136234,0,0
17584,0,0
-63702,0,0
-74393,0,0
118617,0,0
113590,0,0
-89504,0,0
215956,0,0
-92709,0,0
-194658,0,0
72180,0,0
-259872,0,0
-145271,0,0
202406,0,0
167053,0,0
70480,0,0
110934,0,0
-332932,0,0
60366,0,0
148234,0,0
-158512,0,0
-20379,0,0
-56677,0,0
-17332,0,0
14187,0,0
82660,0,0
-34805,0,0
223170,0,0
-60872,0,0
-87807,0,0
146306,0,0
-119003,0,0
-63964,0,0
88383,0,0
151566,0,0
-9141,0,0
79040,0,0
-118373,0,0
176953,0,0
186603,0,0
-162389,0,0
31261,0,0
-66390,0,0
-115416,0,0
2432,0,0
11155,0,0
-122497,0,0
262668,0,0
351,0,0
-194776,0,0
38405,0,0
-135602,0,0
-92306,0,0
69324,0,0
132183,0,0
-16286,0,0
49096,0,0
-284942,0,0
55178,0,0
103329,0,0
-103161,0,0
-4462,0,0
-70096,0,0
-102136,0,0
-45431,0,0
-83200,0,0
-153778,0,0
242436,0,0
-27618,0,0
-122134,0,0
358726,0,0
-81584,0,0
-294664,0,0
5214,0,0
180564,0,0
-53774,0,0
6819,0,0
-239348,0,0
132011,0,0
322032,0,0
59420,0,0
69265,0,0
-69543,0,0
-182216,0,0
7101,0,0
198879,0,0
83157,0,0
259411,0,0
-45276,0,0
-71273,0,0
270667,0,0
-81369,0,0
-95574,0,0
185715,0,0
143586,0,0
58604,0,0
42329,0,0
-194886,0,0
146607,0,0
160181,0,0
-126979,0,0
85479,0,0
14159,0,0
-97708,0,0
-16500,0,0
106347,0,0
-65055,0,0
358108,0,0
57289,0,0
-141587,0,0
158346,0,0
-85730,0,0
-107212,0,0
61192,0,0
150140,0,0
81010,0,0
122817,0,0
26150,0,0
215156,0,0
119360,0,0
-173276,0,0
32951,0,0
70646,0,0
-8157,0,0
-21468,0,0
7678,0,0
-66623,0,0
301078,0,0
101439,0,0
-34879,0,0
178990,0,0
-245762,0,0
-247955,0,0
99165,0,0
174652,0,0
-588,0,0
58760,0,0
-180461,0,0
53915,0,0
91316,0,0
-114109,0,0
-14896,0,0
-63382,0,0
-183588,0,0
-12798,0,0
-31718,0,0
-151334,0,0
290930,0,0
-101622,0,0
-301999,0,0
62932,0,0
-148159,0,0
-78959,0,0
263167,0,0
-5135,0,0
-159230,0,0
56999,0,0
-186662,0,0
119550,0,0
145612,0,0
-90805,0,0
-131,0,0
-145682,0,0
-71084,0,0
55212,0,0
12837,0,0
-185932,0,0
356569,0,0
55719,0,0
-177942,0,0
137252,0,0
-57345,0,0
-53255,0,0
-24167,0,0
50517,0,0
-59262,0,0
74500,0,0
-150970,0,0
200876,0,0
195276,0,0
-194494,0,0
4678,0,0
-30622,0,0
-92967,0,0
-51876,0,0
45196,0,0
-30522,0,0
341325,0,0
-2975,0,0
-70446,0,0
168068,0,0
-207055,0,0
-249264,0,0
81603,0,0
184934,0,0
6056,0,0
45191,0,0
-169280,0,0
146153,0,0
166038,0,0
-174203,0,0
-2801,0,0
-109264,0,0
-185157,0,0
-13686,0,0
92517,0,0
-178224,0,0
145419,0,0
7191,0,0
-44568,0,0
175449,0,0
-151523,0,0
-152278,0,0
46158,0,0
177075,0,0
-21701,0,0
-10736,0,0
-260851,0,0
124234,0,0
186589,0,0
-40223,0,0
105149,0,0
-67057,0,0
-118633,0,0
-5721,0,0
69463,0,0
-70881,0,0
314903,0,0
-24159,0,0
-169698,0,0
185758,0,0
-62945,0,0
-146822,0,0
55452,0,0
201355,0,0
85615,0,0
77529,0,0
-208009,0,0
90019,0,0
136063,0,0
-193942,0,0
-51196,0,0
-23855,0,0
-43686,0,0
-81504,0,0
-28653,0,0
-162866,0,0
267501,0,0
53629,0,0
-222593,0,0
-63748,0,0
-294510,0,0
-175851,0,0
32657,0,0
101640,0,0
-30663,0,0
-4687,0,0
-300555,0,0
-32834,0,0
33621,0,0
-203604,0,0
-102615,0,0
-173478,0,0
-68767,0,0
10974,0,0
-72960,0,0
-214137,0,0
184980,0,0
1863,0,0
-186846,0,0
68230,0,0
-203303,0,0
-275318,0,0
-22708,0,0
170163,0,0
83013,0,0
49012,0,0
-211934,0,0
12175,0,0
92369,0,0
-77192,0,0
47559,0,0
-112322,0,0
-75777,0,0
25452,0,0
-34021,0,0
-209972,0,0
93878,0,0
32444,0,0
21793,0,0
206831,0,0
-109362,0,0
-282943,0,0
-53147,0,0
107207,0,0
108933,0,0
223873,0,0
-125322,0,0
76753,0,0
139757,0,0
-171318,0,0
-28997,0,0
24984,0,0
106265,0,0
42769,0,0
18827,0,0
-108246,0,0
265194,0,0
76535,0,0
-79548,0,0
165674,0,0
-138955,0,0
-137848,0,0
122760,0,0
100011,0,0
-18859,0,0
102092,0,0
-116378,0,0
73673,0,0
93743,0,0
-165081,0,0
-89997,0,0
-113012,0,0
-32086,0,0
11697,0,0
24913,0,0
-134849,0,0
332160,0,0
-21001,0,0
-237803,0,0
68515,0,0
-137871,0,0
-237084,0,0
43054,0,0
201108,0,0
-77046,0,0
-23287,0,0
-260134,0,0
44596,0,0
121898,0,0
-145635,0,0
-52926,0,0
-93442,0,0
-109369,0,0
-127920,0,0
-129740,0,0
-123102,0,0
257368,0,0
-20573,0,0
-204454,0,0
10338,0,0
-147721,0,0
-250433,0,0
13261,0,0
242511,0,0
-10349,0,0
-68668,0,0
-250297,0,0
107569,0,0
142179,0,0
-185317,0,0
-9677,0,0
-7184,0,0
-35977,0,0
-50247,0,0
50558,0,0
-55451,0,0
276891,0,0
21466,0,0
-116179,0,0
232033,0,0
-105572,0,0
-228535,0,0
36693,0,0
208197,0,0
103785,0,0
124156,0,0
-119782,0,0
117002,0,0
111988,0,0
-128065,0,0
-398,0,0
114507,0,0
31567,0,0
-68,0,0
28722,0,0
-67828,0,0
384080,0,0
31464,0,0
-160798,0,0
199166,0,0
-126674,0,0
-189430,0,0
34164,0,0
258697,0,0
97808,0,0
164146,0,0
-29242,0,0
150415,0,0
49107,0,0
-267629,0,0
-15684,0,0
3442,0,0
-39276,0,0
131258,0,0
98299,0,0
-11182,0,0
307237,0,0
42165,0,0
-96658,0,0
147070,0,0
-77720,0,0
-186581,0,0
39432,0,0
213612,0,0
50113,0,0
112556,0,0
-31627,0,0
95775,0,0
157126,0,0
-18778,0,0
-35350,0,0
-133965,0,0
10813,0,0
49074,0,0
93816,0,0
-125460,0,0
289494,0,0
47329,0,0
-83540,0,0
134107,0,0
-46503,0,0
-178037,0,0
32003,0,0
166874,0,0
62565,0,0
170400,0,0
-72619,0,0
106855,0,0
116344,0,0
-100139,0,0
131038,0,0
18802,0,0
-131285,0,0
-62521,0,0
68243,0,0
15333,0,0
298886,0,0
17717,0,0
-91712,0,0
139234,0,0
-108307,0,0
-115361,0,0
103978,0,0
220499,0,0
30566,0,0
93043,0,0
-191472,0,0
73351,0,0
165906,0,0
-138934,0,0
13443,0,0
17949,0,0
-22339,0,0
62124,0,0
-30679,0,0
-215606,0,0
210368,0,0
37032,0,0
-68523,0,0
129605,0,0
-87115,0,0
-199100,0,0
-21874,0,0
70504,0,0
-44879,0,0
84986,0,0
-171694,0,0
177260,0,0
236922,0,0
-287654,0,0
-252727,0,0
-171651,0,0
-63284,0,0
42931,0,0
165211,0,0
-117249,0,0
128238,0,0
-10631,0,0
-105924,0,0
141391,0,0
-204808,0,0
-245781,0,0
11658,0,0
173683,0,0
-10559,0,0
70459,0,0
-174153,0,0
63956,0,0
116295,0,0
-133928,0,0
42335,0,0
4068,0,0
-88712,0,0
-34770,0,0
62420,0,0
-98623,0,0
318246,0,0
66462,0,0
-38528,0,0
173942,0,0
-143299,0,0
-172999,0,0
80765,0,0
257837,0,0
133151,0,0
243837,0,0
-11803,0,0
140836,0,0
120756,0,0
-162567,0,0
176241,0,0
109600,0,0
-22004,0,0
13022,0,0
129193,0,0
10416,0,0
290194,0,0
-38439,0,0
-161151,0,0
164394,0,0
-22682,0,0
-148928,0,0
4351,0,0
164510,0,0
23902,0,0
38260,0,0
-194799,0,0
148403,0,0
157724,0,0
-184434,0,0
-90256,0,0
-90610,0,0
-99595,0,0
-78802,0,0
-9227,0,0
-66397,0,0
268488,0,0
-75544,0,0
-182118,0,0
108159,0,0
-152423,0,0
-257272,0,0
-30585,0,0
131643,0,0
35501,0,0
53229,0,0
-261964,0,0
-18179,0,0
78701,0,0
-193595,0,0
-106834,0,0
-85524,0,0
-44788,0,0
-104045,0,0
-18550,0,0
-74518,0,0
113602,0,0
-53569,0,0
-143956,0,0
191842,0,0
-114599,0,0
-236266,0,0
-45389,0,0
106555,0,0
95781,0,0
132600,0,0
-227458,0,0
46390,0,0
141490,0,0
-127662,0,0
36468,0,0
18276,0,0
-32903,0,0
4515,0,0
53731,0,0
-132781,0,0
268934,0,0
215720,0,0
62137,0,0
43055,0,0
-231720,0,0
-158036,0,0
84228,0,0
223743,0,0
59244,0,0
82607,0,0
-60297,0,0
167567,0,0
144932,0,0
-162761,0,0
194963,0,0
100019,0,0
-188205,0,0
-72219,0,0
-1982,0,0
-125367,0,0
289966,0,0
139318,0,0
-60114,0,0
150045,0,0
-81184,0,0
-118551,0,0
90510,0,0
176826,0,0
-15381,0,0
-12435,0,0
-171277,0,0
190342,0,0
225920,0,0
-119364,0,0
53719,0,0
37261,0,0
-5372,0,0
-63482,0,0
-28714,0,0
-52972,0,0
329105,0,0
90407,0,0
-98321,0,0
103909,0,0
-92248,0,0
-157762,0,0
43099,0,0
219140,0,0
129713,0,0
58026,0,0
-248937,0,0
21150,0,0
206144,0,0
-59910,0,0
-48496,0,0
61518,0,0
41778,0,0
-69795,0,0
-53216,0,0
-175502,0,0
209423,0,0
94742,0,0
-99631,0,0
108983,0,0
-117165,0,0
-171145,0,0
-55268,0,0
75892,0,0
7547,0,0
-12108,0,0
-223931,0,0
95705,0,0
202789,0,0
-198504,0,0
-154994,0,0
-81554,0,0
-38078,0,0
-117903,0,0
-22769,0,0
-84354,0,0
183115,0,0
-42897,0,0
-217573,0,0
4478,0,0
-234882,0,0
-157003,0,0
62355,0,0
232070,0,0
214983,0,0
11999,0,0
-274742,0,0
87555,0,0
153534,0,0
-155308,0,0
-38265,0,0
-82967,0,0
-46430,0,0
85994,0,0
107743,0,0
-12742,0,0
277911,0,0
67497,0,0
-146359,0,0
143427,0,0
-163338,0,0
-149698,0,0
36806,0,0
134030,0,0
3191,0,0
179071,0,0
-222910,0,0
-3873,0,0
279888,0,0
-6344,0,0
-113924,0,0
-127892,0,0
-96878,0,0
-55771,0,0
-2483,0,0
-139135,0,0
207698,0,0
57379,0,0
-42828,0,0
151294,0,0
-90393,0,0
-199528,0,0
-13458,0,0
158845,0,0
9304,0,0
35089,0,0
-151080,0,0
95233,0,0
123350,0,0
-164650,0,0
-68954,0,0
-56543,0,0
9781,0,0
88175,0,0
-16560,0,0
-138534,0,0
227921,0,0
37700,0,0
-166799,0,0
111288,0,0
-117432,0,0
-278149,0,0
-77418,0,0
167997,0,0
42175,0,0
56985,0,0
-191558,0,0
35386,0,0
134572,0,0
-144433,0,0
-128170,0,0
-112746,0,0
-41161,0,0
7228,0,0
65967,0,0
-125681,0,0
150334,0,0
-102295,0,0
-234790,0,0
58861,0,0
-108784,0,0
-174593,0,0
115879,0,0
145201,0,0
-88027,0,0
78280,0,0
-157379,0,0
166874,0,0
142561,0,0
-233945,0,0
-51860,0,0
-54827,0,0
-81072,0,0
-4588,0,0
18677,0,0
-71406,0,0
243513,0,0
31149,0,0
-66971,0,0
155478,0,0
-194554,0,0
-222132,0,0
8690,0,0
123543,0,0
-50246,0,0
132581,0,0
-51257,0,0
64524,0,0
90340,0,0
-154309,0,0
-79574,0,0
51452,0,0
-25462,0,0
-137630,0,0
-43952,0,0
-131240,0,0
245340,0,0
109357,0,0
4043,0,0
136195,0,0
-148246,0,0
-288513,0,0
-1612,0,0
227623,0,0
12568,0,0
26843,0,0
-188815,0,0
-4715,0,0
170931,0,0
-119453,0,0
-38527,0,0
5314,0,0
11490,0,0
-31499,0,0
106619,0,0
-123918,0,0
133898,0,0
7338,0,0
-98741,0,0
119799,0,0
-99858,0,0
-114673,0,0
118777,0,0
193498,0,0
24768,0,0
60263,0,0
-187461,0,0
29745,0,0
159838,0,0
-163945,0,0
-61686,0,0
41000,0,0
67530,0,0
-68221,0,0
-29692,0,0
-98393,0,0
186740,0,0
-7001,0,0
-107878,0,0
118313,0,0
-64928,0,0
-166656,0,0
-28672,0,0
119369,0,0
101744,0,0
102230,0,0
-182383,0,0
28987,0,0
118511,0,0
-109896,0,0
-5598,0,0
-57024,0,0
-125247,0,0
-84455,0,0
-38970,0,0
-97871,0,0
273491,0,0
1848,0,0
-123282,0,0
245924,0,0
38687,0,0
-338595,0,0
-97064,0,0
230575,0,0
78604,0,0
55810,0,0
-135861,0,0
80848,0,0
180125,0,0
-12340,0,0
-77919,0,0
-70274,0,0
-5390,0,0
35801,0,0
64767,0,0
-28882,0,0
369339,0,0
36387,0,0
-219122,0,0
146663,0,0
-25383,0,0
-223740,0,0
-42908,0,0
153200,0,0
25379,0,0
88690,0,0
-37269,0,0
189991,0,0
176458,0,0
-86182,0,0
-36827,0,0
-36943,0,0
-81201,0,0
6730,0,0
96122,0,0
-111039,0,0
188648,0,0
50620,0,0
-59949,0,0
100210,0,0
-135999,0,0
-185435,0,0
33812,0,0
193794,0,0
-44659,0,0
-35208,0,0
-205538,0,0
38108,0,0
153336,0,0
-111420,0,0
-114774,0,0
-45105,0,0
7590,0,0
-104182,0,0
-54475,0,0
-179151,0,0
159898,0,0
9582,0,0
-132651,0,0
68724,0,0
-128813,0,0
-237142,0,0
-28032,0,0
149204,0,0
31767,0,0
1980,0,0
-216316,0,0
132236,0,0
177729,0,0
-157262,0,0
-72234,0,0
-69428,0,0
-23555,0,0
-12940,0,0
17939,0,0
-44540,0,0
195140,0,0
66797,0,0
-156482,0,0
138158,0,0
4474,0,0
-156383,0,0
-24122,0,0
159376,0,0
47761,0,0
42895,0,0
-167784,0,0
73784,0,0
187981,0,0
-47190,0,0
9556,0,0
8089,0,0
-6730,0,0
-177441,0,0
-35065,0,0
-8993,0,0
266495,0,0
95374,0,0
-130316,0,0
96149,0,0
-79429,0,0
-227987,0,0
-9611,0,0
180724,0,0
630,0,0
111833,0,0
-69180,0,0
-6681,0,0
113587,0,0
-92329,0,0
-84003,0,0
-120484,0,0
-105289,0,0
23692,0,0
124473,0,0
-106389,0,0
184420,0,0
6349,0,0
-131640,0,0
85255,0,0
-121318,0,0
-159116,0,0
-13447,0,0
196891,0,0
-24237,0,0
32704,0,0
-121524,0,0
108711,0,0
133552,0,0
-142878,0,0
-71541,0,0
-32123,0,0
-24350,0,0
-54080,0,0
50820,0,0
-73611,0,0
149191,0,0
11569,0,0
-80104,0,0
135634,0,0
-187010,0,0
-260465,0,0
57257,0,0
241766,0,0
45371,0,0
48804,0,0
-159616,0,0
-11333,0,0
144695,0,0
-208835,0,0
-111886,0,0
23079,0,0
162004,0,0
129686,0,0
-32320,0,0
-178688,0,0
181107,0,0
74205,0,0
-100522,0,0
77293,0,0
-88166,0,0
-25048,0,0
138648,0,0
182122,0,0
63293,0,0
143092,0,0
-95827,0,0
149263,0,0
229594,0,0
-113879,0,0
-106794,0,0
-7210,0,0
104485,0,0
77607,0,0
58583,0,0
-35945,0,0
343497,0,0
123291,0,0
-103795,0,0
89679,0,0
-160803,0,0
-199833,0,0
97221,0,0
230677,0,0
-466,0,0
91648,0,0
-46140,0,0
46512,0,0
73528,0,0
-182264,0,0
-13820,0,0
-30263,0,0
-31576,0,0
-83688,0,0
-69412,0,0
-184541,0,0
162044,0,0
41585,0,0
-76739,0,0
132278,0,0
-68229,0,0
-257889,0,0
-45812,0,0
107672,0,0
-97452,0,0
-32137,0,0
-160427,0,0
100997,0,0
193589,0,0
-168091,0,0
-109008,0,0
37242,0,0
-10371,0,0
-120998,0,0
-12235,0,0
-115327,0,0
198364,0,0
63219,0,0
-182409,0,0
82482,0,0
-31810,0,0
-200874,0,0
-18015,0,0
87130,0,0
-56619,0,0
44702,0,0
17192,0,0
247006,0,0
233394,0,0
-171813,0,0
-88110,0,0
-28922,0,0
-26934,0,0
75652,0,0
151105,0,0
-13859,0,0
157802,0,0
35550,0,0
-13520,0,0
305806,0,0
25971,0,0
-128251,0,0
41046,0,0
231640,0,0
133382,0,0
91438,0,0
-134344,0,0
39869,0,0
117170,0,0
-142973,0,0
28389,0,0
278673,0,0
64636,0,0
-208408,0,0
-40902,0,0
-130942,0,0
132813,0,0
102648,0,0
-83819,0,0
83489,0,0
-65731,0,0
-103348,0,0
82964,0,0
34264,0,0
-156867,0,0
16006,0,0
-67579,0,0
94610,0,0
122813,0,0
-209270,0,0
-99176,0,0
-37641,0,0
-89858,0,0
-84786,0,0
25964,0,0
-52611,0,0
187923,0,0
-55580,0,0
-252036,0,0
55231,0,0
-85282,0,0
-315151,0,0
-130543,0,0
176787,0,0
68925,0,0
-8535,0,0
-118380,0,0
48371,0,0
47817,0,0
-238955,0,0
-161050,0,0
-117140,0,0
-93195,0,0
-43228,0,0
84654,0,0
-42331,0,0
43466,0,0
-78369,0,0
-197770,0,0
-36579,0,0
-140366,0,0
-101060,0,0
-23628,0,0
155419,0,0
195809,0,0
137549,0,0
-185094,0,0
-71344,0,0
26480,0,0
-141387,0,0
60377,0,0
212578,0,0
42966,0,0
139358,0,0
294410,0,0
-73045,0,0
117205,0,0
121189,0,0
-46636,0,0
212022,0,0
141548,0,0
35580,0,0
74392,0,0
266944,0,0
193543,0,0
160196,0,0
-89210,0,0
88011,0,0
221245,0,0
-89165,0,0
-3716,0,0
116852,0,0
69653,0,0
-42490,0,0
-74526,0,0
-62105,0,0
285600,0,0
143567,0,0
-102445,0,0
7296,0,0
-69864,0,0
-219128,0,0
-117372,0,0
117736,0,0
50259,0,0
-41573,0,0
-113616,0,0
165032,0,0
148662,0,0
-122209,0,0
-79129,0,0
-17744,0,0
-123892,0,0
-99306,0,0
19492,0,0
-20687,0,0
220262,0,0
43169,0,0
-175171,0,0
60064,0,0
-26279,0,0
-176208,0,0
-27711,0,0
211739,0,0
89801,0,0
80585,0,0
-112399,0,0
166739,0,0
158937,0,0
-215467,0,0
-62752,0,0
-3381,0,0
32616,0,0
98796,0,0
143937,0,0
-120193,0,0
50418,0,0
62497,0,0
9310,0,0
138844,0,0
37148,0,0
-120094,0,0
99678,0,0
107136,0,0
-49274,0,0
68124,0,0
-103600,0,0
39099,0,0
180807,0,0
31462,0,0
54460,0,0
-52244,0,0
-116905,0,0
-34732,0,0
119328,0,0
-17061,0,0
196015,0,0
66667,0,0
-83151,0,0
10299,0,0
-63224,0,0
-207322,0,0
151425,0,0
305817,0,0
-33056,0,0
-87061,0,0
-65867,0,0
110842,0,0
172773,0,0
-36710,0,0
-38944,0,0
-24657,0,0
-26844,0,0
2245,0,0
24071,0,0
-60440,0,0
194262,0,0
70422,0,0
-188392,0,0
76818,0,0
-46563,0,0
-283689,0,0
-56945,0,0
285596,0,0
113749,0,0
27260,0,0
-138602,0,0
-8203,0,0
38884,0,0
-151805,0,0
-100855,0,0
-53016,0,0
-34079,0,0
-30709,0,0
62630,0,0
-92155,0,0
179514,0,0
122226,0,0
-143184,0,0
100252,0,0
-85601,0,0
-277675,0,0
-42490,0,0
226922,0,0
132655,0,0
11046,0,0
-222672,0,0
-10422,0,0
160836,0,0
-146660,0,0
-64453,0,0
6351,0,0
-16867,0,0
-79465,0,0
-87317,0,0
-175893,0,0
126704,0,0
87826,0,0
-31178,0,0
88018,0,0
-179149,0,0
-331314,0,0
-44522,0,0
175960,0,0
-29746,0,0
-98665,0,0
-216211,0,0
49015,0,0
273922,0,0
-53549,0,0
-90938,0,0
-141915,0,0
-195554,0,0
-109310,0,0
87027,0,0
-75437,0,0
89133,0,0
104968,0,0
-160642,0,0
-37617,0,0
-127533,0,0
-127066,0,0
148581,0,0
169702,0,0
-114468,0,0
-66182,0,0
-15605,0,0
326609,0,0
128756,0,0
-232311,0,0
-91889,0,0
66478,0,0
86080,0,0
87720,0,0
72857,0,0
-47977,0,0
187535,0,0
160499,0,0
-126366,0,0
134002,0,0
24975,0,0
-109093,0,0
4178,0,0
109125,0,0
111876,0,0
227298,0,0
-32147,0,0
-47429,0,0
118999,0,0
-92030,0,0
-72640,0,0
57511,0,0
12095,0,0
-69232,0,0
-9341,0,0
-76670,0,0
144763,0,0
152223,0,0
-69043,0,0
39578,0,0
-55473,0,0
-192025,0,0
-12141,0,0
149093,0,0
12708,0,0
36148,0,0
-133077,0,0
-34755,0,0
168187,0,0
-113238,0,0
-180340,0,0
-13784,0,0
25581,0,0
35639,0,0
36592,0,0
-249949,0,0
64488,0,0
85714,0,0
-208972,0,0
69755,0,0
28253,0,0
-193839,0,0
-22580,0,0
94220,0,0
-37526,0,0
72601,0,0
-104707,0,0
-8827,0,0
233150,0,0
-53226,0,0
-160760,0,0
-17610,0,0
5731,0,0
-62240,0,0
15821,0,0
-116785,0,0
294846,0,0
201656,0,0
-255958,0,0
11884,0,0
-17077,0,0
-297611,0,0
-2140,0,0
322333,0,0
53394,0,0
-11849,0,0
-118959,0,0
-91345,0,0
130935,0,0
-28360,0,0
-79484,0,0
31639,0,0
29871,0,0
-59234,0,0
-22765,0,0
-73500,0,0
172144,0,0
154887,0,0
-128660,0,0
38447,0,0
-40251,0,0
-212473,0,0
-24291,0,0
172935,0,0
64119,0,0
55615,0,0
-67887,0,0
71884,0,0
179791,0,0
-211385,0,0
-146077,0,0
22506,0,0
-33986,0,0
-98204,0,0
-75966,0,0
-157213,0,0
113597,0,0
159296,0,0
28956,0,0
112609,0,0
-100225,0,0
-285849,0,0
-127199,0,0
193366,0,0
87042,0,0
118149,0,0
34923,0,0
25390,0,0
130238,0,0
-103735,0,0
-96138,0,0
-65923,0,0
-49294,0,0
11559,0,0
163763,0,0
-24539,0,0
98469,0,0
201168,0,0
-85612,0,0
69514,0,0
-113659,0,0
-302591,0,0
-66941,0,0
160213,0,0
37537,0,0
46310,0,0
-30017,0,0
1361,0,0
24259,0,0
-159505,0,0
-42282,0,0
100234,0,0
-98710,0,0
-144153,0,0
-9617,0,0
-134813,0,0
63614,0,0
53729,0,0
-120465,0,0
77332,0,0
-107978,0,0
-220967,0,0
8273,0,0
117001,0,0
-37860,0,0
-4978,0,0
-98594,0,0
-65792,0,0
13635,0,0
-138491,0,0
640,0,0
26771,0,0
-65489,0,0
1292,0,0
-3034,0,0
-152401,0,0
25765,0,0
-72709,0,0
-186719,0,0
296278,0,0
214891,0,0
-309421,0,0
-226338,0,0
69570,0,0
30216,0,0
-41340,0,0
-152580,0,0
46528,0,0
163171,0,0
67825,0,0
16914,0,0
-72261,0,0
-204563,0,0
-112932,0,0
82990,0,0
7339,0,0
151508,0,0
50151,0,0
-138052,0,0
58877,0,0
-26287,0,0
-178088,0,0
-8660,0,0
185113,0,0
2495,0,0
58014,0,0
-103159,0,0
-79361,0,0
117184,0,0
88487,0,0
39036,0,0
8743,0,0
-38261,0,0
-58565,0,0
19135,0,0
-84259,0,0
280155,0,0
243970,0,0
-95204,0,0
119538,0,0
94056,0,0
-134603,0,0
33737,0,0
311696,0,0
166931,0,0
140130,0,0
9246,0,0
92616,0,0
291368,0,0
26608,0,0
-4579,0,0
42996,0,0
36562,0,0
32902,0,0
134493,0,0
8233,0,0
200929,0,0
163789,0,0
-88631,0,0
76314,0,0
1914,0,0
-168716,0,0
90568,0,0
361936,0,0
129251,0,0
52882,0,0
-15672,0,0
-19352,0,0
99267,0,0
37395,0,0
122254,0,0
2891,0,0
-26156,0,0
27584,0,0
98957,0,0
-27545,0,0
104393,0,0
182573,0,0
-83709,0,0
104250,0,0
89359,0,0
-151983,0,0
-49295,0,0
255157,0,0
26945,0,0
10009,0,0
-102786,0,0
-3029,0,0
133711,0,0
-61564,0,0
55950,0,0
20209,0,0
23423,0,0
-66644,0,0
3137,0,0
-100322,0,0
120073,0,0
207762,0,0
-60985,0,0
14017,0,0
-12365,0,0
-249192,0,0
3455,0,0
213112,0,0
84401,0,0
61304,0,0
-41866,0,0
-54225,0,0
109918,0,0
-100871,0,0
-82274,0,0
18179,0,0
-3571,0,0
-71638,0,0
38705,0,0
-1888,0,0
206893,0,0
184993,0,0
-138899,0,0
1694,0,0
-74233,0,0
-224170,0,0
8774,0,0
270956,0,0
127793,0,0
-3401,0,0
-70106,0,0
-58013,0,0
86725,0,0
-33287,0,0
-17091,0,0
96672,0,0
39778,0,0
-81523,0,0
-51869,0,0
-92093,0,0
53480,0,0
120993,0,0
-87707,0,0
14552,0,0
19506,0,0
-75664,0,0
-64653,0,0
95801,0,0
208610,0,0
125484,0,0
-135120,0,0
-38426,0,0
136949,0,0
-85298,0,0
-140115,0,0
119258,0,0
118530,0,0
17195,0,0
14728,0,0
-90945,0,0
79679,0,0
142209,0,0
-76184,0,0
2501,0,0
21490,0,0
-138516,0,0
-99135,0,0
140781,0,0
114103,0,0
153835,0,0
-59935,0,0
-94295,0,0
92780,0,0
-134411,0,0
-133066,0,0
985,0,0
-51343,0,0
35540,0,0
184326,0,0
41634,0,0
42204,0,0
65230,0,0
-136714,0,0
33474,0,0
52666,0,0
-185143,0,0
-24079,0,0
290724,0,0
120856,0,0
97590,0,0
-29243,0,0
80619,0,0
171971,0,0
-57762,0,0
-60879,0,0
1985,0,0
-34052,0,0
20029,0,0
120193,0,0
7502,0,0
127948,0,0
150010,0,0
-129540,0,0
22346,0,0
-84304,0,0
-251822,0,0
40626,0,0
274089,0,0
-64508,0,0
-59988,0,0
-36588,0,0
34854,0,0
169662,0,0
-121259,0,0
-97730,0,0
114707,0,0
10643,0,0
-180224,0,0
59470,0,0
-133111,0,0
23889,0,0
99126,0,0
-64479,0,0
41451,0,0
7625,0,0
-222635,0,0
-88580,0,0
122983,0,0
15361,0,0
-18688,0,0
-197947,0,0
-153530,0,0
159274,0,0
-21320,0,0
-115416,0,0
-158302,0,0
-162099,0,0
-86945,0,0
-100349,0,0
-227779,0,0
39269,0,0
153287,0,0
-82239,0,0
-19966,0,0
-91750,0,0
-324460,0,0
-87682,0,0
196121,0,0
-40468,0,0
-133888,0,0
-123603,0,0
79766,0,0
166918,0,0
-47631,0,0
-203211,0,0
-164726,0,0
-116957,0,0
-92657,0,0
-11649,0,0
-122940,0,0
53566,0,0
35814,0,0
-159922,0,0
14036,0,0
-19636,0,0
-324131,0,0
-226082,0,0
94913,0,0
-56624,0,0
-37093,0,0
25171,0,0
86533,0,0
6006,0,0
-217359,0,0
-169860,0,0
-3246,0,0
-73842,0,0
-122613,0,0
29757,0,0
-4121,0,0
173793,0,0
117473,0,0
-131514,0,0
-28500,0,0
-22281,0,0
-183984,0,0
43227,0,0
192121,0,0
12038,0,0
17068,0,0
-66784,0,0
33555,0,0
174282,0,0
-26127,0,0
-51062,0,0
83687,0,0
-31317,0,0
-11481,0,0
-4286,0,0
-34740,0,0
201436,0,0
231780,0,0
-47495,0,0
39358,0,0
82525,0,0
-116441,0,0
81511,0,0
225849,0,0
136613,0,0
136268,0,0
583,0,0
61506,0,0
283296,0,0
108948,0,0
40471,0,0
171275,0,0
-34928,0,0
-56468,0,0
166640,0,0
142295,0,0
252454,0,0
222511,0,0
-76729,0,0
-13224,0,0
73000,0,0
-190305,0,0
93819,0,0
349139,0,0
78411,0,0
-23106,0,0
-112771,0,0
-5966,0,0
315109,0,0
137921,0,0
-18309,0,0
-147486,0,0
-149728,0,0
-36571,0,0
65991,0,0
-28259,0,0
15600,0,0
157287,0,0
-8747,0,0
45294,0,0
-6157,0,0
-250567,0,0
28552,0,0
192895,0,0
-99058,0,0
-88159,0,0
-146087,0,0
-44489,0,0
156546,0,0
-45476,0,0
-136541,0,0
-35604,0,0
29692,0,0
-47902,0,0
-60317,0,0
-171713,0,0
13726,0,0
132050,0,0
-121840,0,0
-57877,0,0
-40120,0,0
-257537,0,0
-72594,0,0
82108,0,0
-9243,0,0
55571,0,0
37899,0,0
-20908,0,0
25952,0,0
-145837,0,0
-164821,0,0
-57969,0,0
-74706,0,0
-57243,0,0
35738,0,0
-81235,0,0
55445,0,0
155670,0,0
-95454,0,0
11044,0,0
-40764,0,0
-264115,0,0
-114234,0,0
111285,0,0
49442,0,0
51031,0,0
24073,0,0
-17806,0,0
-10077,0,0
-110734,0,0
-126616,0,0
-27702,0,0
-80272,0,0
-82893,0,0
62497,0,0
-7391,0,0
-67683,0,0
64495,0,0
-150528,0,0
65713,0,0
32634,0,0
-301017,0,0
-182816,0,0
143387,0,0
3353,0,0
-10226,0,0
4623,0,0
-30483,0,0
150006,0,0
24692,0,0
-86852,0,0
-88424,0,0
-178988,0,0
-161353,0,0
-51288,0,0
-8453,0,0
254149,0,0
183110,0,0
-246897,0,0
-67228,0,0
-53096,0,0
-200328,0,0
19598,0,0
229743,0,0
112378,0,0
-65798,0,0
-229910,0,0
-165930,0,0
120636,0,0
26481,0,0
-44270,0,0
47517,0,0
-51083,0,0
-65008,0,0
90864,0,0
-83809,0,0
-17232,0,0
80164,0,0
-162965,0,0
23790,0,0
94752,0,0
-10478,0,0
32035,0,0
8807,0,0
-20341,0,0
2995,0,0
-60023,0,0
-26419,0,0
167327,0,0
5096,0,0
-116386,0,0
-11838,0,0
-33731,0,0
-52393,0,0
-20197,0,0
-88923,0,0
64786,0,0
127854,0,0
-68706,0,0
36289,0,0
650,0,0
-277847,0,0
-114817,0,0
131651,0,0
20795,0,0
88987,0,0
-23299,0,0
-184791,0,0
54540,0,0
-6510,0,0
-161122,0,0
-75740,0,0
-48609,0,0
-77273,0,0
28219,0,0
-188735,0,0
-126941,0,0
32278,0,0
-165386,0,0
37256,0,0
-39198,0,0
-322398,0,0
-100800,0,0
147379,0,0
-61662,0,0
-128468,0,0
-113028,0,0
-37796,0,0
50523,0,0
-140854,0,0
-149707,0,0
13365,0,0
20513,0,0
-132095,0,0
-869,0,0
1789,0,0
24023,0,0
125526,0,0
-149600,0,0
20877,0,0
101966,0,0
-200983,0,0
-127897,0,0
140887,0,0
105552,0,0
48554,0,0
-104108,0,0
-46196,0,0
231216,0,0
-20204,0,0
-80325,0,0
-19177,0,0
-109373,0,0
-77389,0,0
21707,0,0
-47573,0,0
74338,0,0
106252,0,0
-41463,0,0
-31898,0,0
2307,0,0
-183957,0,0
-101949,0,0
121638,0,0
61102,0,0
84320,0,0
-68270,0,0
-25154,0,0
211890,0,0
-164670,0,0
-224729,0,0
-37597,0,0
-48902,0,0
-46863,0,0
-9404,0,0
-144301,0,0
42115,0,0
220408,0,0
-100401,0,0
-97830,0,0
-54392,0,0
-256849,0,0
-115317,0,0
173212,0,0
191065,0,0
12055,0,0
-174013,0,0
-178251,0,0
147880,0,0
6608,0,0
-59041,0,0
-19049,0,0
-48128,0,0
-30660,0,0
-23070,0,0
-152039,0,0
45118,0,0
207186,0,0
-80419,0,0
-29056,0,0
70570,0,0
-240378,0,0
-155755,0,0
30965,0,0
-17116,0,0
84951,0,0
43462,0,0
-68109,0,0
119607,0,0
-13440,0,0
-120876,0,0
-92975,0,0
-104264,0,0
-35580,0,0
93251,0,0
-7904,0,0
-23498,0,0
134963,0,0
-41160,0,0
99012,0,0
49175,0,0
-330519,0,0
-86064,0,0
263469,0,0
92920,0,0
-8180,0,0
50000,0,0
28200,0,0
160855,0,0
6117,0,0
-120659,0,0
65050,0,0
11496,0,0
3087,0,0
128291,0,0
-24901,0,0
134782,0,0
245384,0,0
-51032,0,0
36096,0,0
74017,0,0
-196882,0,0
-54976,0,0
301414,0,0
139214,0,0
-67009,0,0
-1261,0,0
36911,0,0
203535,0,0
-55131,0,0
-187059,0,0
-25194,0,0
-36465,0,0
-118759,0,0
-30090,0,0
-42160,0,0
80705,0,0
120807,0,0
-219333,0,0
-90406,0,0
62443,0,0
-114803,0,0
-40234,0,0
9517,0,0
-170405,0,0
-97493,0,0
-461,0,0
-66444,0,0
185318,0,0
-30608,0,0
-144594,0,0
118235,0,0
-23300,0,0
-288924,0,0
-97037,0,0
20337,0,0
150901,0,0
182836,0,0
-158929,0,0
-35664,0,0
-23183,0,0
-211269,0,0
31450,0,0
254482,0,0
3454,0,0
83381,0,0
16830,0,0
-122249,0,0
120443,0,0
-40185,0,0
-132529,0,0
-25416,0,0
-14365,0,0
-69365,0,0
63849,0,0
112154,0,0
195576,0,0
80638,0,0
-219574,0,0
22807,0,0
19913,0,0
-294078,0,0
-97184,0,0
231698,0,0
115214,0,0
46005,0,0
63050,0,0
36806,0,0
212827,0,0
-26180,0,0
-137021,0,0
20813,0,0
-38888,0,0
-51341,0,0
71061,0,0
-36967,0,0
117421,0,0
287232,0,0
-107576,0,0
-79068,0,0
46158,0,0
-170768,0,0
-79009,0,0
265136,0,0
138654,0,0
-31434,0,0
-117277,0,0
-64849,0,0
150994,0,0
-106954,0,0
-212115,0,0
15661,0,0
-905,0,0
-132309,0,0
-138141,0,0
-121917,0,0
67983,0,0
232851,0,0
-262943,0,0
-157031,0,0
47053,0,0
-186479,0,0
-73411,0,0
160601,0,0
56942,0,0
-763,0,0
-124333,0,0
-90092,0,0
168393,0,0
4749,0,0
-44922,0,0
14855,0,0
-64991,0,0
-67445,0,0
161862,0,0
115211,0,0
-31564,0,0
156024,0,0
-115697,0,0
29517,0,0
91454,0,0
-193428,0,0
-139053,0,0
144163,0,0
71726,0,0
48279,0,0
-69244,0,0
-127963,0,0
120603,0,0
-63378,0,0
-119415,0,0
77735,0,0
5949,0,0
-148293,0,0
-77120,0,0
-96137,0,0
-54229,0,0
147151,0,0
6796,0,0
47182,0,0
33178,0,0
-300655,0,0
-120497,0,0
185810,0,0
16592,0,0
-39257,0,0
-8008,0,0
11200,0,0
271062,0,0
-27951,0,0
-202668,0,0
-49090,0,0
-108277,0,0
-78009,0,0
33556,0,0
-62693,0,0
9086,0,0
265206,0,0
-117103,0,0
-126407,0,0
-68475,0,0
-298429,0,0
-5435,0,0
190949,0,0
78560,0,0
-46986,0,0
-149625,0,0
-178004,0,0
121401,0,0
-41092,0,0
-257836,0,0
-103439,0,0
-69441,0,0
-106184,0,0
-3356,0,0
-13341,0,0
-42656,0,0
143179,0,0
-154002,0,0
-90533,0,0
-45900,0,0
-302498,0,0
-132959,0,0
166858,0,0
53464,0,0
86093,0,0
-77016,0,0
-170852,0,0
138770,0,0
-21339,0,0
-120017,0,0
32150,0,0
16115,0,0
27237,0,0
-27683,0,0
-106525,0,0
86895,0,0
205163,0,0
-52628,0,0
71728,0,0
259996,0,0
-44337,0,0
-20874,0,0
127101,0,0
54854,0,0
106415,0,0
217866,0,0
55800,0,0
259098,0,0
265537,0,0
43462,0,0
76397,0,0
652,0,0
9372,0,0
144634,0,0
122911,0,0
252423,0,0
417450,0,0
136170,0,0
88684,0,0
74477,0,0
-186320,0,0
3964,0,0
315761,0,0
205430,0,0
144962,0,0
82408,0,0
-6876,0,0
165330,0,0
-7349,0,0
-26109,0,0
114987,0,0
-76229,0,0
-61767,0,0
99042,0,0
-35808,0,0
18764,0,0
222041,0,0
-145341,0,0
-110571,0,0
80357,0,0
-231974,0,0
-139250,0,0
105213,0,0
122668,0,0
68892,0,0
-68960,0,0
-219817,0,0
65233,0,0
-140843,0,0
-217871,0,0
22068,0,0
50405,0,0
-32383,0,0
6401,0,0
-226920,0,0
-142014,0,0
118066,0,0
-91423,0,0
23954,0,0
147652,0,0
-278320,0,0
-236923,0,0
141900,0,0
75807,0,0
96092,0,0
10084,0,0
-116450,0,0
158342,0,0
-40323,0,0
-128562,0,0
11083,0,0
-63385,0,0
-134195,0,0
-18879,0,0
-38548,0,0
144906,0,0
371787,0,0
-122820,0,0
-124219,0,0
40466,0,0
-271710,0,0
-144944,0,0
80143,0,0
54302,0,0
86750,0,0
83580,0,0
-117795,0,0
215483,0,0
-3009,0,0
-167999,0,0
30516,0,0
-69673,0,0
-34196,0,0
58859,0,0
10660,0,0
23990,0,0
146195,0,0
-97873,0,0
48838,0,0
170213,0,0
-142186,0,0
-86035,0,0
220225,0,0
123011,0,0
66681,0,0
46108,0,0
-78410,0,0
169116,0,0
11877,0,0
-30072,0,0
56802,0,0
-33779,0,0
-30238,0,0
96871,0,0
-17723,0,0
83873,0,0
240208,0,0
-145091,0,0
-114418,0,0
65405,0,0
-190207,0,0
-7182,0,0
161241,0,0
-10571,0,0
-41445,0,0
6928,0,0
-117310,0,0
103811,0,0
-85565,0,0
-77740,0,0
-9988,0,0
-195603,0,0
-215362,0,0
-19340,0,0
58454,0,0
88834,0,0
140555,0,0
-235338,0,0
-147805,0,0
-120794,0,0
-343837,0,0
-122658,0,0
82405,0,0
-63856,0,0
47995,0,0
208025,0,0
-172485,0,0
-119731,0,0
-26062,0,0
-64187,0,0
-39030,0,0
-200701,0,0
-200444,0,0
10381,0,0
-28853,0,0
-26237,0,0
242863,0,0
-54611,0,0
-76922,0,0
114504,0,0
-204160,0,0
-259136,0,0
55132,0,0
125471,0,0
135665,0,0
38074,0,0
-121891,0,0
143992,0,0
17332,0,0
-103388,0,0
13427,0,0
-66219,0,0
-111860,0,0
55944,0,0
-7526,0,0
4239,0,0
241917,0,0
-41620,0,0
130535,0,0
73164,0,0
-277800,0,0
-47520,0,0
235272,0,0
61990,0,0
-51612,0,0
-5950,0,0
-47447,0,0
192562,0,0
-14106,0,0
-121495,0,0
100625,0,0
37037,0,0
-93002,0,0
35977,0,0
-46624,0,0
1261,0,0
226224,0,0
-153815,0,0
-22929,0,0
100072,0,0
-179045,0,0
-14802,0,0
144737,0,0
46184,0,0
50557,0,0
8836,0,0
-168293,0,0
161444,0,0
83822,0,0
-141428,0,0
-74334,0,0
-60492,0,0
-13596,0,0
77666,0,0
-107163,0,0
-62259,0,0
211097,0,0
-109076,0,0
-99268,0,0
70303,0,0
-241609,0,0
-145757,0,0
177542,0,0
-4750,0,0
-98595,0,0
-80012,0,0
-194914,0,0
122855,0,0
-42660,0,0
-228824,0,0
18459,0,0
-85748,0,0
-124133,0,0
37735,0,0
-59653,0,0
-100312,0,0
67441,0,0
-187555,0,0
-7504,0,0
147435,0,0
-219941,0,0
-55818,0,0
189239,0,0
38268,0,0
-2192,0,0
28060,0,0
-89080,0,0
271176,0,0
177996,0,0
-185771,0,0
-156126,0,0
-49474,0,0
41598,0,0
124226,0,0
86582,0,0
-13771,0,0
261831,0,0
-9343,0,0
-57719,0,0
60297,0,0
-260171,0,0
-83530,0,0
271661,0,0
163605,0,0
19143,0,0
16474,0,0
-165430,0,0
71599,0,0
16807,0,0
-183232,0,0
-69898,0,0
-10215,0,0
40449,0,0
167487,0,0
-2141,0,0
-133817,0,0
149163,0,0
-128206,0,0
28171,0,0
166189,0,0
-294883,0,0
-174766,0,0
141463,0,0
51343,0,0
50698,0,0
136318,0,0
-87895,0,0
80808,0,0
56301,0,0
-68346,0,0
-41053,0,0
-135438,0,0
-87890,0,0
1219,0,0
-21773,0,0
-6117,0,0
181458,0,0
-100346,0,0
-61503,0,0
25389,0,0
-217182,0,0
-125906,0,0
58240,0,0
-60551,0,0
-47633,0,0
13799,0,0
-3588,0,0
212986,0,0
69431,0,0
-215535,0,0
-109739,0,0
-26092,0,0
-105739,0,0
44060,0,0
40155,0,0
143964,0,0
316930,0,0
-152751,0,0
-48152,0,0
153281,0,0
-197662,0,0
-40866,0,0
269640,0,0
227458,0,0
46572,0,0
-20457,0,0
-91877,0,0
228193,0,0
12841,0,0
-181750,0,0
26456,0,0
29982,0,0
-35239,0,0
-35010,0,0
-38791,0,0
45832,0,0
312746,0,0
-143192,0,0
-120294,0,0
212834,0,0
-174781,0,0
-50938,0,0
247254,0,0
55532,0,0
10621,0,0
32338,0,0
-45400,0,0
201883,0,0
51100,0,0
-139299,0,0
9342,0,0
63297,0,0
92067,0,0
104979,0,0
-43625,0,0
76473,0,0
369605,0,0
-137537,0,0
-86089,0,0
166952,0,0
-173319,0,0
-78991,0,0
302323,0,0
248775,0,0
33402,0,0
-28710,0,0
51766,0,0
329278,0,0
58611,0,0
-174304,0,0
58158,0,0
36873,0,0
-38488,0,0
91108,0,0
70782,0,0
-7503,0,0
250219,0,0
-128974,0,0
-83929,0,0
161040,0,0
-268987,0,0
-218546,0,0
127202,0,0
46571,0,0
-62439,0,0
-39683,0,0
-196823,0,0
110026,0,0
20341,0,0
-118063,0,0
-1132,0,0
-139797,0,0
-191741,0,0
-105103,0,0
-64562,0,0
-220,0,0
286782,0,0
-105819,0,0
-13575,0,0
208940,0,0
-300374,0,0
-197647,0,0
191147,0,0
162351,0,0
27562,0,0
3198,0,0
-90426,0,0
206233,0,0
94427,0,0
35481,0,0
127034,0,0
-38216,0,0
-144373,0,0
56028,0,0
37935,0,0
60851,0,0
316847,0,0
27746,0,0
113892,0,0
240399,0,0
-261015,0,0
-204006,0,0
147676,0,0
118842,0,0
85525,0,0
175387,0,0
11144,0,0
60408,0,0
-93300,0,0
-97989,0,0
8570,0,0
-73289,0,0
-125385,0,0
-18316,0,0
-31913,0,0
-31384,0,0
293277,0,0
1015,0,0
-52618,0,0
35150,0,0
-256463,0,0
-111664,0,0
127532,0,0
46058,0,0
93402,0,0
121228,0,0
-53259,0,0
129464,0,0
10454,0,0
-92807,0,0
57431,0,0
-95060,0,0
-81310,0,0
177479,0,0
61206,0,0
-80560,0,0
222638,0,0
6,0,0
-62088,0,0
116149,0,0
-261066,0,0
-67424,0,0
206641,0,0
44008,0,0
-15595,0,0
108224,0,0
-103605,0,0
102528,0,0
12761,0,0
-111371,0,0
3166,0,0
-94229,0,0
-103066,0,0
-27634,0,0
-88451,0,0
-19472,0,0
299093,0,0
1497,0,0
-50911,0,0
26184,0,0
-354999,0,0
-214439,0,0
138766,0,0
64059,0,0
65109,0,0
150835,0,0
-33703,0,0
2463,0,0
-70258,0,0
-149176,0,0
-10058,0,0
-94216,0,0
-101257,0,0
118493,0,0
-14691,0,0
2317,0,0
188231,0,0
-101742,0,0
-29934,0,0
179417,0,0
-225536,0,0
-172597,0,0
83291,0,0
34629,0,0
137265,0,0
81882,0,0
-91695,0,0
264917,0,0
123740,0,0
-120423,0,0
42768,0,0
-64647,0,0
-180455,0,0
30383,0,0
41862,0,0
116166,0,0
329733,0,0
17119,0,0
88406,0,0
156584,0,0
-238004,0,0
-77466,0,0
199515,0,0
158025,0,0
87024,0,0
4919,0,0
-153020,0,0
200893,0,0
124654,0,0
82868,0,0
177680,0,0
-95451,0,0
-160568,0,0
-27878,0,0
-13120,0,0
63766,0,0
355724,0,0
-13261,0,0
30587,0,0
140084,0,0
-286564,0,0
-68405,0,0
220245,0,0
25762,0,0
-14067,0,0
98272,0,0
-44746,0,0
149890,0,0
24011,0,0
-200180,0,0
-81927,0,0
-78601,0,0
8869,0,0
80891,0,0
-125337,0,0
-152494,0,0
153090,0,0
-156814,0,0
-139632,0,0
35871,0,0
-277107,0,0
-158134,0,0
101517,0,0
-21002,0,0
7131,0,0
7003,0,0
-280968,0,0
27062,0,0
25556,0,0
-61410,0,0
31403,0,0
-65954,0,0
-198171,0,0
-86528,0,0
-58454,0,0
-13633,0,0
334797,0,0
-15123,0,0
-4676,0,0
90032,0,0
-308078,0,0
-91999,0,0
217738,0,0
83788,0,0
-12062,0,0
139508,0,0
-158493,0,0
94643,0,0
202702,0,0
-43185,0,0
10222,0,0
-118213,0,0
-154129,0,0
71778,0,0
144844,0,0
83833,0,0
335314,0,0
-33415,0,0
-11333,0,0
134820,0,0
-232947,0,0
-78191,0,0
235237,0,0
252685,0,0
112461,0,0
67907,0,0
-109814,0,0
169644,0,0
90980,0,0
-83367,0,0
95810,0,0
14722,0,0
2862,0,0
182842,0,0
66682,0,0
-41243,0,0
237463,0,0
-2443,0,0
13466,0,0
205476,0,0
-198169,0,0
-10817,0,0
197605,0,0
144590,0,0
169545,0,0
22493,0,0
-170368,0,0
155863,0,0
134457,0,0
-121925,0,0
66237,0,0
-68828,0,0
-176834,0,0
-27068,0,0
-47360,0,0
-87819,0,0
200136,0,0
-197146,0,0
-15470,0,0
129363,0,0
-391094,0,0
-289560,0,0
16050,0,0
-32436,0,0
36746,0,0
60925,0,0
-205206,0,0
103116,0,0
-107723,0,0
-293505,0,0
29664,0,0
-122578,0,0
-166495,0,0
11484,0,0
-1746,0,0
-70023,0,0
218091,0,0
-152493,0,0
-108047,0,0
85419,0,0
-264820,0,0
-177435,0,0
159011,0,0
116,0,0
-38996,0,0
40752,0,0
-271679,0,0
67501,0,0
-10428,0,0
-130126,0,0
103021,0,0
-115266,0,0
-164261,0,0
-35183,0,0
-92187,0,0
-90975,0,0
256283,0,0
-98632,0,0
-125063,0,0
77093,0,0
-135976,0,0
-90917,0,0
91051,0,0
101854,0,0
-66463,0,0
-46487,0,0
-215731,0,0
167260,0,0
145525,0,0
-208988,0,0
-39164,0,0
7535,0,0
-86331,0,0
-12611,0,0
78831,0,0
-13815,0,0
228821,0,0
-45026,0,0
-66497,0,0
145578,0,0
-79445,0,0
77451,0,0
352253,0,0
140322,0,0
18870,0,0
210087,0,0
-3012,0,0
217764,0,0
173315,0,0
-21206,0,0
112120,0,0
74601,0,0
58262,0,0
174691,0,0
69021,0,0
21339,0,0
452928,0,0
73291,0,0
-48110,0,0
211675,0,0
-206677,0,0
-87272,0,0
242911,0,0
131022,0,0
18497,0,0
130356,0,0
-102145,0,0
163847,0,0
201310,0,0
-72988,0,0
7764,0,0
-88076,0,0
-24985,0,0
22020,0,0
-56702,0,0
-15339,0,0
252318,0,0
-126932,0,0
-113596,0,0
94748,0,0
-199206,0,0
-112926,0,0
161447,0,0
62101,0,0
-23790,0,0
87525,0,0
-208256,0,0
92145,0,0
85281,0,0
-244612,0,0
-54772,0,0
-54324,0,0
-83964,0,0
37349,0,0
-41089,0,0
-45612,0,0
313517,0,0
-101786,0,0
-140884,0,0
92270,0,0
-298230,0,0
-160739,0,0
91108,0,0
67697,0,0
-63107,0,0
-1106,0,0
-169591,0,0
155973,0,0
-115642,0,0
-289726,0,0
2530,0,0
-56177,0,0
-95591,0,0
-11252,0,0
-181090,0,0
-257096,0,0
177750,0,0
-78897,0,0
58609,0,0
204756,0,0
-255395,0,0
-232694,0,0
33497,0,0
-15817,0,0
-3092,0,0
129283,0,0
-213736,0,0
102204,0,0
161330,0,0
-96489,0,0
10850,0,0
-15177,0,0
-60031,0,0
20219,0,0
-14539,0,0
-81180,0,0
329596,0,0
-26976,0,0
-26956,0,0
123344,0,0
-166644,0,0
66109,0,0
283783,0,0
97592,0,0
51210,0,0
120113,0,0
-163896,0,0
196547,0,0
165250,0,0
-61605,0,0
133777,0,0
69322,0,0
123931,0,0
244481,0,0
-64049,0,0
-86524,0,0
353268,0,0
43543,0,0
19393,0,0
152285,0,0
-135657,0,0
117382,0,0
371260,0,0
152203,0,0
6833,0,0
108646,0,0
-62026,0,0
151075,0,0
98406,0,0
-24214,0,0
167926,0,0
-64418,0,0
-184387,0,0
57659,0,0
98104,0,0
13590,0,0
323715,0,0
-119907,0,0
-168983,0,0
44018,0,0
-315874,0,0
-113758,0,0
149450,0,0
80415,0,0
-81270,0,0
-15735,0,0
-114287,0,0
34480,0,0
-144666,0,0
-318920,0,0
-44087,0,0
-58283,0,0
-184869,0,0
-38955,0,0
-64732,0,0
-159375,0,0
182755,0,0
-246669,0,0
-233717,0,0
56035,0,0
-208772,0,0
-50446,0,0
175937,0,0
-31821,0,0
-139716,0,0
4975,0,0
-164808,0,0
162071,0,0
23484,0,0
-118661,0,0
-921,0,0
-95266,0,0
-68906,0,0
67863,0,0
58695,0,0
12467,0,0
291798,0,0
-98310,0,0
-145630,0,0
77421,0,0
-211905,0,0
-53570,0,0
148008,0,0
86563,0,0
21304,0,0
63664,0,0
-142183,0,0
209425,0,0
125397,0,0
-53982,0,0
41560,0,0
-150072,0,0
-154780,0,0
112522,0,0
74539,0,0
14128,0,0
356757,0,0
-9688,0,0
-87962,0,0
112516,0,0
-159437,0,0
36378,0,0
296804,0,0
134479,0,0
53035,0,0
147672,0,0
-118466,0,0
236469,0,0
142262,0,0
-147008,0,0
42945,0,0
14185,0,0
32905,0,0
126127,0,0
63354,0,0
52672,0,0
307755,0,0
-43918,0,0
-125881,0,0
142047,0,0
-221840,0,0
-91939,0,0
140663,0,0
125667,0,0
36557,0,0
78527,0,0
-160609,0,0
151294,0,0
100912,0,0
-160481,0,0
-60520,0,0
-204229,0,0
-268818,0,0
-43857,0,0
-49890,0,0
-42465,0,0
336868,0,0
-193200,0,0
-170888,0,0
167790,0,0
-300678,0,0
-236108,0,0
58149,0,0
48716,0,0
-22610,0,0
-62661,0,0
-276524,0,0
68332,0,0
61196,0,0
-132022,0,0
24502,0,0
-44916,0,0
-148473,0,0
-58866,0,0
-71238,0,0
-64575,0,0
304702,0,0
-38348,0,0
-106904,0,0
86576,0,0
-270390,0,0
-70906,0,0
202691,0,0
15018,0,0
-93418,0,0
10556,0,0
-179755,0,0
208559,0,0
95154,0,0
-50838,0,0
-45314,0,0
-208773,0,0
-264398,0,0
-12857,0,0
15700,0,0
70636,0,0
356873,0,0
-155315,0,0
-143766,0,0
112207,0,0
-335508,0,0
-119148,0,0
256389,0,0
96336,0,0
-74649,0,0
58766,0,0
-158007,0,0
178287,0,0
1316,0,0
-226297,0,0
63982,0,0
-43794,0,0
-132276,0,0
7412,0,0
79088,0,0
25313,0,0
282905,0,0
-190091,0,0
-120109,0,0
146168,0,0
-289759,0,0
-93719,0,0
269518,0,0
287650,0,0
68074,0,0
83041,0,0
-212349,0,0
143906,0,0
168152,0,0
-81972,0,0
132301,0,0
7946,0,0
-85445,0,0
125469,0,0
173254,0,0
-43077,0,0
330724,0,0
-35073,0,0
-82016,0,0
218731,0,0
-190048,0,0
-22280,0,0
148535,0,0
77907,0,0
50408,0,0
36019,0,0
-160562,0,0
127906,0,0
64810,0,0
-159537,0,0
-44976,0,0
-72569,0,0
-139232,0,0
-8262,0,0
-77422,0,0
-162631,0,0
246273,0,0
-51650,0,0
-120705,0,0
136743,0,0
-297544,0,0
-219913,0,0
65822,0,0
-15078,0,0
-89505,0,0
34769,0,0
-176921,0,0
116337,0,0
34596,0,0
-223138,0,0
-91971,0,0
-168678,0,0
-156678,0,0
39395,0,0
18757,0,0
-103688,0,0
254416,0,0
-91995,0,0
-115555,0,0
85682,0,0
-341173,0,0
-176812,0,0
159632,0,0
95513,0,0
66267,0,0
101238,0,0
-193275,0,0
169837,0,0
83435,0,0
-128366,0,0
90988,0,0
13645,0,0
-24025,0,0
77996,0,0
19793,0,0
-70393,0,0
309518,0,0
-20496,0,0
-37777,0,0
243919,0,0
-177590,0,0
-48976,0,0
182585,0,0
191096,0,0
73440,0,0
48476,0,0
-224738,0,0
99976,0,0
114530,0,0
-18000,0,0
132007,0,0
-43006,0,0
-121364,0,0
37221,0,0
27346,0,0
-49334,0,0
347956,0,0
-14237,0,0
-99486,0,0
99482,0,0
-263491,0,0
-1573,0,0
253898,0,0
184474,0,0
139452,0,0
144335,0,0
-132382,0,0
145992,0,0
46216,0,0
-230809,0,0
56805,0,0
41430,0,0
123433,0,0
160336,0,0
-9530,0,0
-165858,0,0
325014,0,0
-40894,0,0
-51273,0,0
287758,0,0
-140100,0,0
-145307,0,0
73697,0,0
98733,0,0
23866,0,0
97965,0,0
-157288,0,0
145542,0,0
71156,0,0
-196580,0,0
-4192,0,0
-93446,0,0
-117369,0,0
49542,0,0
-41171,0,0
-158846,0,0
241993,0,0
-101784,0,0
-152914,0,0
150774,0,0
-350676,0,0
-298918,0,0
10740,0,0
143985,0,0
117138,0,0
147377,0,0
-182362,0,0
4465,0,0
-141572,0,0
-275556,0,0
58090,0,0
-10022,0,0
-45771,0,0
-21859,0,0
-190154,0,0
-123029,0,0
427184,0,0
-14543,0,0
-188119,0,0
88353,0,0
-256517,0,0
-145580,0,0
74451,0,0
63544,0,0
-38224,0,0
8324,0,0
-142777,0,0
194865,0,0
148615,0,0
-262625,0,0
-152692,0,0
-155106,0,0
-58468,0,0
204014,0,0
133052,0,0
-165532,0,0
203436,0,0
-115878,0,0
-127558,0,0
135261,0,0
-213383,0,0
-106413,0,0
118360,0,0
117451,0,0
83964,0,0
222371,0,0
-155817,0,0
89054,0,0
12971,0,0
-249632,0,0
5384,0,0
-25426,0,0
-20996,0,0
71276,0,0
1874,0,0
-29676,0,0
248660,0,0
-64025,0,0
-26605,0,0
99576,0,0
-280671,0,0
-97642,0,0
129003,0,0
139071,0,0
-7266,0,0
27990,0,0
-196758,0,0
175607,0,0
56776,0,0
-215968,0,0
54261,0,0
14753,0,0
-252854,0,0
-161497,0,0
8985,0,0
-16211,0,0
318349,0,0
-11722,0,0
-132483,0,0
46984,0,0
-352488,0,0
-206717,0,0
140596,0,0
151170,0,0
56774,0,0
-15640,0,0
-263136,0,0
205027,0,0
113250,0,0
-284827,0,0
9367,0,0
-81005,0,0
-204994,0,0
-13376,0,0
13579,0,0
-123579,0,0
224867,0,0
-30175,0,0
-143084,0,0
-15281,0,0
-392732,0,0
-180967,0,0
163272,0,0
91454,0,0
-12987,0,0
-31946,0,0
-295294,0,0
-4850,0,0
32543,0,0
-168834,0,0
27632,0,0
-105109,0,0
-156578,0,0
-52744,0,0
-113246,0,0
-161215,0,0
279701,0,0
-83091,0,0
-193175,0,0
179454,0,0
-102339,0,0
-73575,0,0
59866,0,0
-66377,0,0
-28319,0,0
136898,0,0
-119073,0,0
190105,0,0
143699,0,0
-171780,0,0
82401,0,0
-7544,0,0
-50115,0,0
143724,0,0
28237,0,0
-85277,0,0
306184,0,0
5437,0,0
-27640,0,0
231620,0,0
-172335,0,0
-100542,0,0
71251,0,0
180731,0,0
75251,0,0
-24054,0,0
-228470,0,0
385094,0,0
284298,0,0
-200466,0,0
-67200,0,0
-156075,0,0
-70458,0,0
90455,0,0
13320,0,0
-86255,0,0
349845,0,0
-15228,0,0
-10813,0,0
181813,0,0
-197181,0,0
-6859,0,0
238753,0,0
129420,0,0
29957,0,0
70720,0,0
-190481,0,0
222992,0,0
175958,0,0
-185454,0,0
30425,0,0
40695,0,0
-74272,0,0
56033,0,0
174880,0,0
40700,0,0
233149,0,0
-113840,0,0
-131284,0,0
206271,0,0
-25726,0,0
-31052,0,0
100394,0,0
117927,0,0
20451,0,0
85594,0,0
-145072,0,0
240927,0,0
213065,0,0
-56453,0,0
127681,0,0
11161,0,0
-150089,0,0
15692,0,0
24132,0,0
684,0,0
416135,0,0
-61209,0,0
-179255,0,0
108188,0,0
-169817,0,0
-27957,0,0
212194,0,0
158524,0,0
-51121,0,0
54723,0,0
-219747,0,0
183963,0,0
229969,0,0
-96287,0,0
59887,0,0
-110900,0,0
-125038,0,0
58853,0,0
80166,0,0
63467,0,0
414039,0,0
-11419,0,0
-54574,0,0
180814,0,0
-267176,0,0
-124813,0,0
284016,0,0
241149,0,0
173575,0,0
123285,0,0
-249554,0,0
154722,0,0
149270,0,0
-108619,0,0
117901,0,0
3653,0,0
-108761,0,0
86010,0,0
116837,0,0
-54927,0,0
270569,0,0
-43920,0,0
-18370,0,0
246588,0,0
-273189,0,0
-184459,0,0
86681,0,0
118458,0,0
124709,0,0
125008,0,0
-218964,0,0
181458,0,0
153469,0,0
-171770,0,0
-46965,0,0
-94233,0,0
-132983,0,0
114776,0,0
141240,0,0
-92074,0,0
308661,0,0
-104975,0,0
-181586,0,0
292301,0,0
-81101,0,0
-141762,0,0
74597,0,0
78025,0,0
425,0,0
91891,0,0
-162180,0,0
217118,0,0
154082,0,0
-124038,0,0
40039,0,0
-176970,0,0
-250346,0,0
-27286,0,0
33563,0,0
1238,0,0
351860,0,0
-155179,0,0
-168043,0,0
164015,0,0
-256540,0,0
-167465,0,0
152291,0,0
-30956,0,0
-84297,0,0
37105,0,0
-278398,0,0
161064,0,0
149763,0,0
-258908,0,0
-29628,0,0
-164345,0,0
-107276,0,0
82722,0,0
-72560,0,0
-182626,0,0
330332,0,0
-116550,0,0
-159785,0,0
177402,0,0
-289379,0,0
-172475,0,0
145131,0,0
40678,0,0
-50964,0,0
106355,0,0
-186687,0,0
127107,0,0
86950,0,0
-241086,0,0
-50647,0,0
-94926,0,0
-101905,0,0
-48043,0,0
-60585,0,0
-172720,0,0
282107,0,0
-23098,0,0
-114152,0,0
49020,0,0
-355480,0,0
-108024,0,0
166027,0,0
13551,0,0
-78291,0,0
31338,0,0
-116023,0,0
136167,0,0
2021,0,0
-203160,0,0
141989,0,0
13706,0,0
-160794,0,0
-59628,0,0
-82284,0,0
-119157,0,0
444576,0,0
-19622,0,0
-202913,0,0
200247,0,0
-90833,0,0
-152903,0,0
196203,0,0
244996,0,0
-8923,0,0
-38814,0,0
-227601,0,0
164772,0,0
173055,0,0
-156104,0,0
97731,0,0
35790,0,0
-42365,0,0
61542,0,0
-11722,0,0
-123337,0,0
318982,0,0
-3118,0,0
-138032,0,0
165884,0,0
-199291,0,0
-117217,0,0
179799,0,0
53030,0,0
-130861,0,0
38762,0,0
-197704,0,0
162509,0,0
111240,0,0
-189631,0,0
86402,0,0
-68027,0,0
-171611,0,0
49074,0,0
-51294,0,0
-167142,0,0
334452,0,0
-21570,0,0
-189500,0,0
143246,0,0
-144271,0,0
-33820,0,0
163764,0,0
98243,0,0
90740,0,0
175439,0,0
-205242,0,0
126352,0,0
159061,0,0
-127732,0,0
-10686,0,0
-12913,0,0
-95669,0,0
87259,0,0
127237,0,0
-58797,0,0
319869,0,0
-130883,0,0
-155187,0,0
119077,0,0
-150466,0,0
31790,0,0
199220,0,0
70863,0,0
1745,0,0
49715,0,0
-200160,0,0
95937,0,0
123477,0,0
-177430,0,0
-18506,0,0
21724,0,0
35065,0,0
24017,0,0
13103,0,0
-124818,0,0
387110,0,0
38971,0,0
-124046,0,0
129978,0,0
-198390,0,0
-147068,0,0
93363,0,0
119277,0,0
62320,0,0
163221,0,0
-156189,0,0
151388,0,0
91353,0,0
-189116,0,0
113730,0,0
-62652,0,0
-147974,0,0
107837,0,0
88068,0,0
-107422,0,0
251988,0,0
-57219,0,0
-98374,0,0
175549,0,0
-164422,0,0
-113323,0,0
111295,0,0
54699,0,0
-52848,0,0
30042,0,0
-148519,0,0
244761,0,0
126508,0,0
-181467,0,0
-3659,0,0
-136198,0,0
-207525,0,0
-25423,0,0
34760,0,0
-70287,0,0
295906,0,0
-128610,0,0
-216141,0,0
107482,0,0
-266863,0,0
-131068,0,0
250844,0,0
174882,0,0
-101501,0,0
51790,0,0
-191160,0,0
29349,0,0
112044,0,0
-69471,0,0
167135,0,0
-99890,0,0
-178798,0,0
22483,0,0
117791,0,0
72936,0,0
313049,0,0
-76321,0,0
-162448,0,0
158341,0,0
-173006,0,0
-50070,0,0
155176,0,0
51020,0,0
10505,0,0
145341,0,0
-176736,0,0
155839,0,0
109279,0,0
-153660,0,0
-99829,0,0
-190157,0,0
-13882,0,0
246099,0,0
95718,0,0
-165532,0,0
260762,0,0
-79990,0,0
-86974,0,0
256188,0,0
-161095,0,0
-179904,0,0
42976,0,0
89619,0,0
-3039,0,0
93198,0,0
-158068,0,0
216406,0,0
253465,0,0
-136520,0,0
22366,0,0
-162065,0,0
-229570,0,0
-34812,0,0
30955,0,0
-54827,0,0
379345,0,0
-46923,0,0
-163578,0,0
196346,0,0
-266156,0,0
-184853,0,0
182129,0,0
239277,0,0
89478,0,0
60170,0,0
-224142,0,0
49348,0,0
70796,0,0
-209095,0,0
-22651,0,0
23326,0,0
-71267,0,0
-6741,0,0
167424,0,0
-76262,0,0
233521,0,0
15471,0,0
-94042,0,0
31154,0,0
-336195,0,0
-150857,0,0
191312,0,0
182127,0,0
36702,0,0
61378,0,0
-212791,0,0
115033,0,0
107269,0,0
-120967,0,0
-56803,0,0
-175755,0,0
-123260,0,0
113853,0,0
-43102,0,0
-263273,0,0
314763,0,0
90103,0,0
-61005,0,0
211289,0,0
-285143,0,0
-348051,0,0
26275,0,0
147532,0,0
69865,0,0
113802,0,0
-273101,0,0
52134,0,0
233534,0,0
-108228,0,0
34167,0,0
23246,0,0
-120809,0,0
-73749,0,0
-35051,0,0
-48930,0,0
436202,0,0
-65106,0,0
-166181,0,0
191825,0,0
-121300,0,0
-99171,0,0
157011,0,0
179394,0,0
13856,0,0
105165,0,0
-178496,0,0
129619,0,0
86997,0,0
-223497,0,0
-774,0,0
-18543,0,0
-75023,0,0
126609,0,0
-16577,0,0
-182183,0,0
343586,0,0
8611,0,0
-125828,0,0
111885,0,0
-245530,0,0
-219991,0,0
14164,0,0
168320,0,0
68122,0,0
125949,0,0
-115106,0,0
134855,0,0
46780,0,0
-262216,0,0
-55461,0,0
-85253,0,0
-57520,0,0
55096,0,0
-57025,0,0
-101931,0,0
262845,0,0
-50779,0,0
-53433,0,0
135552,0,0
-210555,0,0
-136962,0,0
44189,0,0
46063,0,0
17055,0,0
83439,0,0
-207439,0,0
97914,0,0
115667,0,0
-154873,0,0
-1157,0,0
2904,0,0
-14967,0,0
-11236,0,0
-14782,0,0
-104248,0,0
280481,0,0
-50554,0,0
-64138,0,0
180090,0,0
-167300,0,0
-166393,0,0
55525,0,0
106982,0,0
54450,0,0
105168,0,0
-190771,0,0
86119,0,0
92305,0,0
-67399,0,0
3699,0,0
-111696,0,0
-47530,0,0
20070,0,0
-61409,0,0
-137201,0,0
288826,0,0
-112967,0,0
-216674,0,0
201129,0,0
-126976,0,0
-156560,0,0
65210,0,0
173912,0,0
34666,0,0
85925,0,0
-248801,0,0
101957,0,0
181098,0,0
-143434,0,0
28300,0,0
-22589,0,0
-12787,0,0
124944,0,0
190597,0,0
61298,0,0
279170,0,0
-125415,0,0
-85639,0,0
257067,0,0
-94503,0,0
-15074,0,0
157863,0,0
184918,0,0
41488,0,0
36103,0,0
-244653,0,0
248459,0,0
457413,0,0
-128184,0,0
-117485,0,0
-112319,0,0
-131531,0,0
55869,0,0
125441,0,0
-41566,0,0
189934,0,0
-60474,0,0
-94452,0,0
189436,0,0
-174050,0,0
-64956,0,0
160463,0,0
142865,0,0
-2358,0,0
98613,0,0
-255073,0,0
104127,0,0
331593,0,0
-76710,0,0
-89205,0,0
-73909,0,0
-10012,0,0
57264,0,0
-2384,0,0
-49693,0,0
438462,0,0
57700,0,0
-134620,0,0
130571,0,0
-148293,0,0
-87282,0,0
100874,0,0
210572,0,0
133998,0,0
112855,0,0
-195523,0,0
150773,0,0
148320,0,0
-164861,0,0
106946,0,0
53351,0,0
-80614,0,0
35935,0,0
68426,0,0
-75933,0,0
301561,0,0
-23235,0,0
-99390,0,0
168876,0,0
-190636,0,0
-142392,0,0
57722,0,0
70525,0,0
-53144,0,0
-28623,0,0
-194042,0,0
7751,0,0
97304,0,0
-102584,0,0
12923,0,0
-170961,0,0
-157889,0,0
-47411,0,0
-64930,0,0
-158162,0,0
293334,0,0
-69976,0,0
-248928,0,0
180155,0,0
-188174,0,0
-165419,0,0
70019,0,0
110948,0,0
108266,0,0
249119,0,0
-83254,0,0
144381,0,0
19140,0,0
-210571,0,0
-10461,0,0
-41244,0,0
-27033,0,0
145185,0,0
62166,0,0
-45285,0,0
345921,0,0
30059,0,0
-118886,0,0
72396,0,0
-200777,0,0
31698,0,0
196659,0,0
86761,0,0
-29567,0,0
97610,0,0
-199532,0,0
135590,0,0
131266,0,0
-155809,0,0
134212,0,0
16729,0,0
-252998,0,0
-65151,0,0
60155,0,0
-35320,0,0
302937,0,0
40698,0,0
-109480,0,0
102551,0,0
-218931,0,0
-165729,0,0
155989,0,0
69021,0,0
20276,0,0
152081,0,0
-250779,0,0
56599,0,0
191356,0,0
-188015,0,0
-72012,0,0
-53546,0,0
34506,0,0
178445,0,0
9837,0,0
-279223,0,0
141364,0,0
-94042,0,0
-119448,0,0
240736,0,0
-91161,0,0
-141418,0,0
30704,0,0
48903,0,0
-12332,0,0
50414,0,0
-158154,0,0
84785,0,0
-3975,0,0
-231937,0,0
3072,0,0
37636,0,0
-92741,0,0
-109331,0,0
-43011,0,0
-123329,0,0
263816,0,0
-104656,0,0
-216069,0,0
-4818,0,0
-316695,0,0
-216580,0,0
73197,0,0
175651,0,0
44593,0,0
98098,0,0
-279349,0,0
-13307,0,0
108097,0,0
-212711,0,0
-101503,0,0
-17267,0,0
-58898,0,0
-85813,0,0
-33939,0,0
-151023,0,0
222726,0,0
-79332,0,0
-93561,0,0
169819,0,0
-143747,0,0
-199250,0,0
20684,0,0
43352,0,0
-36957,0,0
63979,0,0
-230665,0,0
96816,0,0
95309,0,0
-185216,0,0
-14174,0,0
-44567,0,0
-96142,0,0
2630,0,0
-34184,0,0
-190665,0,0
245475,0,0
63275,0,0
-103488,0,0
125883,0,0
-202451,0,0
-128018,0,0
131985,0,0
144417,0,0
12318,0,0
94292,0,0
-185827,0,0
101885,0,0
88261,0,0
-329198,0,0
-92387,0,0
44744,0,0
62120,0,0
83941,0,0
230602,0,0
-95866,0,0
119724,0,0
-123254,0,0
-119402,0,0
139649,0,0
-31218,0,0
26330,0,0
128062,0,0
156887,0,0
-52171,0,0
-6314,0,0
-103229,0,0
231038,0,0
271560,0,0
-83247,0,0
122782,0,0
31037,0,0
-71409,0,0
79439,0,0
142964,0,0
1334,0,0
310330,0,0
-1521,0,0
-38872,0,0
375406,0,0
-84073,0,0
-93119,0,0
185968,0,0
196691,0,0
62841,0,0
96588,0,0
-198156,0,0
190794,0,0
161997,0,0
-128401,0,0
63622,0,0
-116569,0,0
-179847,0,0
12598,0,0
38998,0,0
-69727,0,0
194570,0,0
-117468,0,0
-211113,0,0
89381,0,0
-100831,0,0
-145979,0,0
19520,0,0
37675,0,0
-62965,0,0
2918,0,0
-145616,0,0
136865,0,0
111390,0,0
-119116,0,0
20054,0,0
-126663,0,0
-160745,0,0
4707,0,0
96551,0,0
-15563,0,0
258589,0,0
-34860,0,0
-234827,0,0
24762,0,0
-157276,0,0
-39941,0,0
60699,0,0
136195,0,0
19981,0,0
93608,0,0
-244847,0,0
48577,0,0
95297,0,0
-173485,0,0
84790,0,0
73315,0,0
-107159,0,0
-53177,0,0
-28398,0,0
-130507,0,0
282633,0,0
-35239,0,0
-125101,0,0
251735,0,0
20658,0,0
-180408,0,0
-66326,0,0
72057,0,0
-7449,0,0
59974,0,0
-169739,0,0
161884,0,0
169817,0,0
-146816,0,0
-87318,0,0
-156338,0,0
-128178,0,0
-59167,0,0
-99663,0,0
-136471,0,0
368200,0,0
60363,0,0
-99384,0,0
79562,0,0
-342064,0,0
-296444,0,0
-54204,0,0
-17078,0,0
-11439,0,0
122672,0,0
-126527,0,0
109841,0,0
203223,0,0
-147748,0,0
-209362,0,0
-257824,0,0
-157594,0,0
58636,0,0
116946,0,0
-50806,0,0
240008,0,0
-88842,0,0
-170281,0,0
100423,0,0
-227225,0,0
-218219,0,0
53681,0,0
161915,0,0
139490,0,0
91155,0,0
-327122,0,0
54677,0,0
140836,0,0
-143459,0,0
-69608,0,0
-99566,0,0
-157523,0,0
-62350,0,0
-49484,0,0
-61377,0,0
305071,0,0
23733,0,0
-166943,0,0
27582,0,0
-285532,0,0
-127875,0,0
208676,0,0
147841,0,0
58508,0,0
29450,0,0
-240707,0,0
87970,0,0
78668,0,0
-126404,0,0
79584,0,0
102331,0,0
-20172,0,0
-31085,0,0
-82258,0,0
-85460,0,0
293511,0,0
-16581,0,0
-53039,0,0
251995,0,0
-100717,0,0
-178990,0,0
34681,0,0
111779,0,0
-367,0,0
99578,0,0
-180575,0,0
155146,0,0
166067,0,0
-187707,0,0
20754,0,0
-7434,0,0
-103373,0,0
-27057,0,0
-30647,0,0
-79413,0,0
242593,0,0
-60528,0,0
-187200,0,0
128287,0,0
-118964,0,0
-251289,0,0
48893,0,0
285960,0,0
-26569,0,0
-44424,0,0
-260759,0,0
75227,0,0
194181,0,0
-146338,0,0
-62751,0,0
-102432,0,0
-131220,0,0
7170,0,0
60985,0,0
-123418,0,0
238532,0,0
-34868,0,0
-289817,0,0
53165,0,0
-116237,0,0
-140057,0,0
101105,0,0
154849,0,0
-137447,0,0
-1346,0,0
-218719,0,0
7287,0,0
155133,0,0
-111797,0,0
-75039,0,0
-62615,0,0
-35420,0,0
-8287,0,0
-36569,0,0
-170503,0,0
258976,0,0
-6918,0,0
-115434,0,0
172138,0,0
-241666,0,0
-251002,0,0
159981,0,0
179484,0,0
-31148,0,0
60561,0,0
-252116,0,0
103769,0,0
141436,0,0
-143825,0,0
101442,0,0
40750,0,0
-89599,0,0
-115472,0,0
-16396,0,0
-28561,0,0
317952,0,0
96334,0,0
-25325,0,0
199200,0,0
-168630,0,0
-155056,0,0
38478,0,0
183873,0,0
111272,0,0
111383,0,0
-209997,0,0
8632,0,0
151687,0,0
-127960,0,0
-47116,0,0
-81484,0,0
-24933,0,0
36216,0,0
-120916,0,0
-140468,0,0
294672,0,0
32929,0,0
-42786,0,0
179204,0,0
-168989,0,0
-308434,0,0
-70462,0,0
157717,0,0
129996,0,0
187496,0,0
-93986,0,0
75990,0,0
138596,0,0
-184648,0,0
-89306,0,0
-67768,0,0
-35724,0,0
44808,0,0
35791,0,0
-26197,0,0
303995,0,0
-88234,0,0
-280306,0,0
31645,0,0
-152894,0,0
-166750,0,0
35892,0,0
117576,0,0
-113582,0,0
-96046,0,0
-214674,0,0
93331,0,0
51209,0,0
-328564,0,0
-182273,0,0
-135720,0,0
-120881,0,0
32565,0,0
-114452,0,0
-304229,0,0
245491,0,0
-82863,0,0
-275674,0,0
16219,0,0
-197184,0,0
-240219,0,0
-53602,0,0
121380,0,0
37778,0,0
-26619,0,0
-352164,0,0
68711,0,0
135250,0,0
-140936,0,0
-32451,0,0
-57230,0,0
-65840,0,0
-13436,0,0
-12390,0,0
-137754,0,0
183388,0,0
-3843,0,0
-153505,0,0
127859,0,0
-100955,0,0
-116678,0,0
27288,0,0
58106,0,0
-60052,0,0
67149,0,0
-95899,0,0
184443,0,0
89127,0,0
-164970,0,0
61484,0,0
-86103,0,0
-81814,0,0
58250,0,0
100577,0,0
-41891,0,0
313991,0,0
84231,0,0
-175653,0,0
150193,0,0
-60913,0,0
27235,0,0
197424,0,0
105632,0,0
27938,0,0
170580,0,0
-34066,0,0
180225,0,0
251813,0,0
-107935,0,0
-32168,0,0
2390,0,0
-35933,0,0
-13186,0,0
68665,0,0
26662,0,0
373430,0,0
-10885,0,0
-148405,0,0
177367,0,0
-234140,0,0
-213604,0,0
146252,0,0
246849,0,0
6425,0,0
65848,0,0
-261023,0,0
-5521,0,0
184472,0,0
-83971,0,0
-59440,0,0
-121366,0,0
-82064,0,0
46349,0,0
9101,0,0
-44936,0,0
272507,0,0
-39323,0,0
-202638,0,0
139391,0,0
-42312,0,0
-169051,0,0
51509,0,0
160789,0,0
-17306,0,0
95997,0,0
-53461,0,0
166789,0,0
124846,0,0
-170686,0,0
-12792,0,0
-21130,0,0
-53259,0,0
73832,0,0
4050,0,0
-166376,0,0
298147,0,0
81212,0,0
-120156,0,0
90927,0,0
-165907,0,0
-187360,0,0
28561,0,0
115854,0,0
45945,0,0
116682,0,0
-229839,0,0
3561,0,0
90866,0,0
-176178,0,0
-81608,0,0
-3151,0,0
-48431,0,0
-10212,0,0
-49494,0,0
-93675,0,0
476121,0,0
18994,0,0
-168879,0,0
121008,0,0
-123079,0,0
-124149,0,0
149752,0,0
223262,0,0
42344,0,0
173561,0,0
24549,0,0
348544,0,0
267535,0,0
-155259,0,0
8041,0,0
-634,0,0
49544,0,0
111725,0,0
158013,0,0
-23841,0,0
325135,0,0
58047,0,0
-77836,0,0
147008,0,0
-164716,0,0
-132863,0,0
136203,0,0
275045,0,0
118516,0,0
-1802,0,0
-253775,0,0
-31005,0,0
74948,0,0
-52390,0,0
94953,0,0
-33603,0,0
-47707,0,0
-34561,0,0
2517,0,0
-172104,0,0
294213,0,0
-4235,0,0
-180769,0,0
137120,0,0
-85544,0,0
-59975,0,0
75911,0,0
141718,0,0
33928,0,0
-6651,0,0
-195260,0,0
125642,0,0
181341,0,0
-151424,0,0
-68448,0,0
-76292,0,0
-107667,0,0
-5872,0,0
48628,0,0
-225860,0,0
169631,0,0
30741,0,0
-65693,0,0
74208,0,0
-349712,0,0
-251877,0,0
-16091,0,0
101249,0,0
-124082,0,0
-147628,0,0
-150863,0,0
154246,0,0
219904,0,0
-229753,0,0
-161628,0,0
-177143,0,0
-165219,0,0
11142,0,0
113177,0,0
-62331,0,0
293000,0,0
21879,0,0
-171993,0,0
123387,0,0
-39112,0,0
-81063,0,0
11942,0,0
216687,0,0
135558,0,0
142899,0,0
-92945,0,0
177442,0,0
279020,0,0
-28636,0,0
66471,0,0
1342,0,0
-12634,0,0
23451,0,0
92362,0,0
-82199,0,0
198094,0,0
-9451,0,0
-21649,0,0
204502,0,0
-159654,0,0
-272435,0,0
5081,0,0
87277,0,0
58839,0,0
109237,0,0
-220356,0,0
49791,0,0
139271,0,0
-233023,0,0
-26502,0,0
5831,0,0
-113175,0,0
-149091,0,0
-72718,0,0
-27260,0,0
425691,0,0
66010,0,0
-129552,0,0
173924,0,0
-204288,0,0
-254943,0,0
50707,0,0
193263,0,0
26503,0,0
25994,0,0
-189081,0,0
138301,0,0
189494,0,0
-127511,0,0
-104049,0,0
-198811,0,0
-35655,0,0
48301,0,0
12634,0,0
-180860,0,0
256232,0,0
109576,0,0
-154746,0,0
18531,0,0
-239012,0,0
-211851,0,0
60904,0,0
149301,0,0
31540,0,0
77255,0,0
-202619,0,0
33658,0,0
51491,0,0
-128739,0,0
-4598,0,0
-56790,0,0
-96158,0,0
-178496,0,0
-120829,0,0
-47552,0,0
244894,0,0
-54257,0,0
-47792,0,0
367182,0,0
-123215,0,0
-499698,0,0
-209432,0,0
187133,0,0
137601,0,0
193328,0,0
-42853,0,0
127697,0,0
112117,0,0
-211966,0,0
-32415,0,0
41787,0,0
-43785,0,0
-46758,0,0
37319,0,0
-100331,0,0
257832,0,0
58151,0,0
-151747,0,0
251074,0,0
-4249,0,0
-331623,0,0
-33571,0,0
176503,0,0
6518,0,0
136838,0,0
-3634,0,0
101245,0,0
160366,0,0
-85413,0,0
27706,0,0
-15113,0,0
-31203,0,0
15572,0,0
85689,0,0
-21717,0,0
300059,0,0
135478,0,0
-46245,0,0
165958,0,0
-74753,0,0
-107940,0,0
85324,0,0
195525,0,0
-3376,0,0
54000,0,0
-95576,0,0
100771,0,0
214557,0,0
14751,0,0
51880,0,0
19339,0,0
-87053,0,0
-142557,0,0
-4199,0,0
-91677,0,0
305672,0,0
120923,0,0
-62399,0,0
174401,0,0
-142591,0,0
-179738,0,0
4284,0,0
109277,0,0
113215,0,0
139448,0,0
-66449,0,0
76265,0,0
145900,0,0
-83606,0,0
-22117,0,0
-8580,0,0
40995,0,0
30712,0,0
67435,0,0
-8580,0,0
277111,0,0
34323,0,0
-181471,0,0
128557,0,0
-35505,0,0
-145684,0,0
-351,0,0
180402,0,0
66289,0,0
3185,0,0
-250145,0,0
154915,0,0
211866,0,0
-146531,0,0
-15374,0,0
-95835,0,0
-139739,0,0
-31764,0,0
62562,0,0
45693,0,0
300014,0,0
-32574,0,0
-242111,0,0
136092,0,0
-93160,0,0
-156222,0,0
168610,0,0
331874,0,0
38503,0,0
-12064,0,0
-159858,0,0
179891,0,0
184944,0,0
-148391,0,0
-22497,0,0
-704,0,0
-18393,0,0
132975,0,0
137013,0,0
-67060,0,0
235934,0,0
54549,0,0
-30491,0,0
203905,0,0
-113573,0,0
-187356,0,0
95827,0,0
313318,0,0
59916,0,0
80444,0,0
-176895,0,0
24138,0,0
235749,0,0
-34212,0,0
34418,0,0
-80414,0,0
-20790,0,0
-57327,0,0
33344,0,0
11839,0,0
168965,0,0
70244,0,0
-134060,0,0
66397,0,0
-114510,0,0
-177563,0,0
64830,0,0
236497,0,0
58068,0,0
-9766,0,0
-221836,0,0
27470,0,0
74842,0,0
-127010,0,0
42412,0,0
99117,0,0
-32611,0,0
-53003,0,0
-109427,0,0
-90315,0,0
259491,0,0
63410,0,0
-211498,0,0
-26905,0,0
-111074,0,0
-206619,0,0
15495,0,0
223852,0,0
3890,0,0
57926,0,0
-181043,0,0
-45378,0,0
23454,0,0
-221066,0,0
-98592,0,0
-86221,0,0
-60407,0,0
32430,0,0
60227,0,0
-107537,0,0
114242,0,0
-35215,0,0
-203527,0,0
103765,0,0
-64333,0,0
-196650,0,0
-62714,0,0
184008,0,0
155685,0,0
119436,0,0
-200555,0,0
-2268,0,0
183316,0,0
-82648,0,0
10764,0,0
21606,0,0
-49679,0,0
-50257,0,0
33302,0,0
-15475,0,0
278965,0,0
-27965,0,0
-167685,0,0
60067,0,0
-156892,0,0
-229846,0,0
4711,0,0
116898,0,0
-35720,0,0
5472,0,0
-20836,0,0
135713,0,0
101580,0,0
-198022,0,0
-70373,0,0
-120375,0,0
-226181,0,0
-67741,0,0
166977,0,0
132762,0,0
214925,0,0
53476,0,0
-123500,0,0
72122,0,0
-60626,0,0
-103402,0,0
67845,0,0
206112,0,0
83010,0,0
69710,0,0
-102485,0,0
75739,0,0
217357,0,0
-87705,0,0
-80679,0,0
9066,0,0
13220,0,0
-38970,0,0
34532,0,0
-129968,0,0
95956,0,0
30529,0,0
-153459,0,0
29768,0,0
-64522,0,0
-116439,0,0
-69230,0,0
69525,0,0
-33604,0,0
39332,0,0
-175088,0,0
-8354,0,0
62682,0,0
-126373,0,0
-32251,0,0
-64093,0,0
-119121,0,0
-55582,0,0
8580,0,0
-219954,0,0
139425,0,0
65646,0,0
-155005,0,0
82558,0,0
-126594,0,0
-249290,0,0
-86932,0,0
52233,0,0
14188,0,0
128935,0,0
-148584,0,0
-139415,0,0
52004,0,0
-180559,0,0
-120781,0,0
-84467,0,0
-178169,0,0
-112724,0,0
66384,0,0
-101020,0,0
135490,0,0
-24931,0,0
-214359,0,0
24976,0,0
-102761,0,0
-301560,0,0
-141922,0,0
112322,0,0
14224,0,0
-739,0,0
-241142,0,0
-63647,0,0
138584,0,0
-38662,0,0
-52126,0,0
-173833,0,0
-282302,0,0
-153103,0,0
87749,0,0
-48657,0,0
95744,0,0
-59792,0,0
-205071,0,0
38298,0,0
-140637,0,0
-244704,0,0
-30718,0,0
157129,0,0
-64041,0,0
-2575,0,0
-225721,0,0
17071,0,0
256331,0,0
-112914,0,0
-99049,0,0
-106242,0,0
-110062,0,0
-28983,0,0
75767,0,0
-118959,0,0
139646,0,0
25346,0,0
-65790,0,0
212418,0,0
-104817,0,0
-277826,0,0
36238,0,0
191679,0,0
92374,0,0
27618,0,0
-103902,0,0
-17769,0,0
161144,0,0
-18226,0,0
-57347,0,0
23255,0,0
-62727,0,0
-70401,0,0
113658,0,0
-25080,0,0
189824,0,0
172264,0,0
62090,0,0
179172,0,0
-120198,0,0
-168905,0,0
125928,0,0
281049,0,0
91640,0,0
120845,0,0
-22066,0,0
190505,0,0
280552,0,0
13873,0,0
54138,0,0
149258,0,0
114703,0,0
15832,0,0
38499,0,0
-55506,0,0
265608,0,0
182791,0,0
13686,0,0
241364,0,0
133362,0,0
-74226,0,0
-66756,0,0
125271,0,0
88478,0,0
131371,0,0
21131,0,0
176777,0,0
204411,0,0
9897,0,0
68676,0,0
-36090,0,0
6089,0,0
48819,0,0
96184,0,0
-13136,0,0
227715,0,0
115956,0,0
-67583,0,0
150785,0,0
17804,0,0
-182431,0,0
-47375,0,0
155450,0,0
47015,0,0
45282,0,0
-111668,0,0
40840,0,0
115635,0,0
-57305,0,0
-226,0,0
-38467,0,0
-64650,0,0
-142938,0,0
-63645,0,0
-107721,0,0
208305,0,0
142608,0,0
-129840,0,0
64117,0,0
-3093,0,0
-185632,0,0
-26017,0,0
131481,0,0
-20932,0,0
3471,0,0
-148709,0,0
28744,0,0
274550,0,0
-31604,0,0
-62641,0,0
-46308,0,0
-167431,0,0
-79502,0,0
-5765,0,0
-81078,0,0
229405,0,0
174840,0,0
-182508,0,0
73396,0,0
-88899,0,0
-290565,0,0
-64979,0,0
127566,0,0
-9854,0,0
67003,0,0
-60181,0,0
33658,0,0
99090,0,0
-208103,0,0
-199828,0,0
-79357,0,0
