-304395,0,0
-148937,0,0
266000,0,0
238043,0,0
98308,0,0
16167,0,0
-123014,0,0
118076,0,0
-60676,0,0
-136795,0,0
46246,0,0
-27270,0,0
-128708,0,0
96610,0,0
-30406,0,0
-95172,0,0
189381,0,0
-112031,0,0
-83059,0,0
36738,0,0
-362919,0,0
-178438,0,0
152893,0,0
78653,0,0
-50217,0,0
-31229,0,0
-235419,0,0
118581,0,0
1027,0,0
-219648,0,0
14578,0,0
-139704,0,0
-160332,0,0
9901,0,0
-89883,0,0
-54174,0,0
226945,0,0
-156469,0,0
-163275,0,0
53674,0,0
-275032,0,0
-48857,0,0
252441,0,0
68988,0,0
-80715,0,0
-116663,0,0
-189434,0,0
136353,0,0
99203,0,0
-92062,0,0
39437,0,0
-48214,0,0
-163543,0,0
-23802,0,0
-130220,0,0
-106670,0,0
257882,0,0
-74197,0,0
-14459,0,0
291583,0,0
-250767,0,0
-224366,0,0
-18378,0,0
-86483,0,0
71111,0,0
96565,0,0
-213238,0,0
120334,0,0
147039,0,0
-220042,0,0
-181604,0,0
-117748,0,0
-117513,0,0
25160,0,0
42360,0,0
-23308,0,0
184748,0,0
-265000,0,0
-52027,0,0
191549,0,0
-326200,0,0
-228087,0,0
63021,0,0
100021,0,0
223944,0,0
45634,0,0
-352478,0,0
38777,0,0
234745,0,0
-17522,0,0
-26748,0,0
10938,0,0
-46058,0,0
-57533,0,0
-41236,0,0
-8600,0,0
257042,0,0
-19401,0,0
-15340,0,0
78367,0,0
-292975,0,0
-124364,0,0
274687,0,0
70109,0,0
-112994,0,0
-45864,0,0
-102895,0,0
121734,0,0
-3458,0,0
-204664,0,0
-70201,0,0
-169682,0,0
-218690,0,0
-432,0,0
-63185,0,0
-122218,0,0
184774,0,0
-178416,0,0
-91838,0,0
106376,0,0
-396176,0,0
-214980,0,0
117649,0,0
27225,0,0
35793,0,0
-10974,0,0
-244827,0,0
44734,0,0
-8975,0,0
-199405,0,0
-30733,0,0
5213,0,0
-169174,0,0
-108614,0,0
-90186,0,0
24612,0,0
334366,0,0
-103894,0,0
-147200,0,0
93273,0,0
-210376,0,0
-86604,0,0
149438,0,0
59436,0,0
6593,0,0
125638,0,0
-64311,0,0
195362,0,0
76758,0,0
-96479,0,0
-5544,0,0
50574,0,0
68201,0,0
189730,0,0
30486,0,0
37054,0,0
318510,0,0
-14219,0,0
-34244,0,0
157006,0,0
-137936,0,0
-5819,0,0
378420,0,0
206607,0,0
36807,0,0
58147,0,0
-98535,0,0
257509,0,0
150275,0,0
-126537,0,0
34856,0,0
-31532,0,0
-206521,0,0
21938,0,0
12830,0,0
-28123,0,0
389776,0,0
-71713,0,0
-61988,0,0
247261,0,0
-352200,0,0
-336401,0,0
124901,0,0
83314,0,0
43262,0,0
32347,0,0
-270033,0,0
172825,0,0
102987,0,0
-220204,0,0
-58081,0,0
-99997,0,0
-158233,0,0
124043,0,0
91670,0,0
54201,0,0
121269,0,0
-252527,0,0
-94682,0,0
91016,0,0
-226381,0,0
-103257,0,0
186472,0,0
54227,0,0
-46166,0,0
-7484,0,0
-128926,0,0
202999,0,0
99037,0,0
-112395,0,0
67683,0,0
-49829,0,0
-183495,0,0
19501,0,0
-67578,0,0
41621,0,0
385914,0,0
-14335,0,0
-84397,0,0
135039,0,0
-239789,0,0
-44550,0,0
223592,0,0
89976,0,0
111698,0,0
89470,0,0
-28847,0,0
222188,0,0
44863,0,0
-88234,0,0
34476,0,0
-3531,0,0
-56272,0,0
88788,0,0
51743,0,0
44665,0,0
293601,0,0
-80140,0,0
29005,0,0
206381,0,0
-221177,0,0
-97214,0,0
258986,0,0
115440,0,0
-11494,0,0
12176,0,0
-142551,0,0
281130,0,0
162716,0,0
-165791,0,0
15525,0,0
-31970,0,0
-107983,0,0
114288,0,0
-103227,0,0
-41492,0,0
271934,0,0
-48807,0,0
10469,0,0
114059,0,0
-255535,0,0
-33688,0,0
115001,0,0
36667,0,0
194951,0,0
46826,0,0
-193307,0,0
181790,0,0
52082,0,0
-225324,0,0
-73180,0,0
-64509,0,0
-138488,0,0
108299,0,0
137678,0,0
59079,0,0
222353,0,0
-136538,0,0
-199323,0,0
27207,0,0
-262356,0,0
-155988,0,0
165327,0,0
36200,0,0
28381,0,0
67246,0,0
-114540,0,0
50730,0,0
-100270,0,0
-194999,0,0
36110,0,0
-17580,0,0
-60185,0,0
15169,0,0
-172745,0,0
-104058,0,0
247340,0,0
-134459,0,0
-111244,0,0
74787,0,0
-311735,0,0
-147850,0,0
182135,0,0
161272,0,0
-74261,0,0
-176649,0,0
-207578,0,0
216498,0,0
166180,0,0
-84885,0,0
-12835,0,0
-113864,0,0
-247578,0,0
-45633,0,0
-34854,0,0
-32299,0,0
291624,0,0
114,0,0
-21050,0,0
96904,0,0
-262037,0,0
-108153,0,0
188391,0,0
187956,0,0
-668,0,0
52027,0,0
-83220,0,0
215161,0,0
54211,0,0
-72838,0,0
16145,0,0
937,0,0
-87804,0,0
119077,0,0
66899,0,0
84779,0,0
259703,0,0
-59686,0,0
11054,0,0
154929,0,0
-221854,0,0
-119502,0,0
210493,0,0
161635,0,0
169367,0,0
38328,0,0
-199592,0,0
258084,0,0
118674,0,0
-190083,0,0
-25604,0,0
10732,0,0
-91718,0,0
992,0,0
-104045,0,0
-21145,0,0
274173,0,0
34641,0,0
122289,0,0
88783,0,0
-279189,0,0
-143527,0,0
101540,0,0
48301,0,0
-15775,0,0
-13895,0,0
-14383,0,0
302959,0,0
-74291,0,0
-230205,0,0
55991,0,0
63092,0,0
-99968,0,0
22171,0,0
-48766,0,0
10579,0,0
209203,0,0
-140476,0,0
-87028,0,0
201570,0,0
-187562,0,0
-38077,0,0
194744,0,0
-28665,0,0
-47528,0,0
-38399,0,0
-125749,0,0
224927,0,0
10895,0,0
-136902,0,0
112241,0,0
64038,0,0
-110590,0,0
-9177,0,0
-82548,0,0
-63304,0,0
224452,0,0
-22563,0,0
-4686,0,0
166190,0,0
-202218,0,0
-152124,0,0
144460,0,0
105935,0,0
36325,0,0
5801,0,0
-120211,0,0
225013,0,0
-22944,0,0
-144111,0,0
13142,0,0
-9931,0,0
-92906,0,0
-26121,0,0
-89475,0,0
32922,0,0
280077,0,0
26321,0,0
-100460,0,0
-21107,0,0
-298028,0,0
-124771,0,0
248616,0,0
196790,0,0
2865,0,0
-75658,0,0
-103389,0,0
147298,0,0
-68487,0,0
-149018,0,0
69686,0,0
106019,0,0
9788,0,0
192995,0,0
-110229,0,0
-158355,0,0
214618,0,0
-68805,0,0
26642,0,0
137284,0,0
-231198,0,0
-107124,0,0
213777,0,0
94696,0,0
12478,0,0
36993,0,0
39820,0,0
220904,0,0
-103435,0,0
-230348,0,0
2595,0,0
-34530,0,0
-112484,0,0
82524,0,0
44934,0,0
-14408,0,0
173002,0,0
-140074,0,0
-126146,0,0
-6728,0,0
-302587,0,0
-103963,0,0
204272,0,0
14643,0,0
103562,0,0
195221,0,0
-97301,0,0
-82035,0,0
-128834,0,0
-166514,0,0
70344,0,0
-5428,0,0
-83328,0,0
59091,0,0
16535,0,0
63371,0,0
259416,0,0
-161574,0,0
-6240,0,0
137745,0,0
-299367,0,0
-74484,0,0
193005,0,0
123287,0,0
81089,0,0
-23148,0,0
-175740,0,0
183199,0,0
67938,0,0
-205578,0,0
-37763,0,0
-77799,0,0
-171366,0,0
-28849,0,0
-120028,0,0
-41270,0,0
189628,0,0
-106000,0,0
15749,0,0
-33213,0,0
-423590,0,0
-340147,0,0
140154,0,0
133701,0,0
-2888,0,0
-101954,0,0
-218978,0,0
126091,0,0
-75932,0,0
-277968,0,0
-51855,0,0
7975,0,0
-159638,0,0
49898,0,0
46845,0,0
-49884,0,0
136404,0,0
-130018,0,0
-21788,0,0
99107,0,0
-201105,0,0
-3396,0,0
190627,0,0
30278,0,0
-2872,0,0
-15975,0,0
-122778,0,0
399224,0,0
145738,0,0
-225076,0,0
-31098,0,0
14844,0,0
-69600,0,0
33557,0,0
55665,0,0
89567,0,0
276327,0,0
-149485,0,0
-27021,0,0
68161,0,0
-271847,0,0
-70671,0,0
300093,0,0
278699,0,0
185683,0,0
7612,0,0
-210239,0,0
131794,0,0
9326,0,0
-116140,0,0
110448,0,0
44211,0,0
-101678,0,0
116362,0,0
54345,0,0
-56780,0,0
275200,0,0
36328,0,0
110783,0,0
108837,0,0
-446205,0,0
-206591,0,0
287174,0,0
94274,0,0
-56406,0,0
156783,0,0
37022,0,0
117128,0,0
-84871,0,0
-231870,0,0
-14675,0,0
-23986,0,0
-96717,0,0
125412,0,0
-66315,0,0
-40538,0,0
218590,0,0
-192406,0,0
-84442,0,0
184835,0,0
-267428,0,0
-179022,0,0
118308,0,0
19595,0,0
-35264,0,0
-48965,0,0
-177367,0,0
123034,0,0
12735,0,0
-172433,0,0
-21470,0,0
-135179,0,0
-216158,0,0
49353,0,0
-145036,0,0
-68636,0,0
183984,0,0
-191232,0,0
-63963,0,0
70727,0,0
-303158,0,0
-136810,0,0
209364,0,0
29544,0,0
-123510,0,0
-104223,0,0
-114224,0,0
180728,0,0
137630,0,0
-93171,0,0
-20355,0,0
-117403,0,0
-151576,0,0
-17489,0,0
-122639,0,0
56661,0,0
358363,0,0
-46609,0,0
128180,0,0
145969,0,0
-350041,0,0
-192198,0,0
231647,0,0
174859,0,0
54134,0,0
11659,0,0
-58992,0,0
234995,0,0
107625,0,0
-84971,0,0
25553,0,0
8520,0,0
10523,0,0
162764,0,0
-55809,0,0
-27152,0,0
313331,0,0
-17861,0,0
-62926,0,0
56204,0,0
-211940,0,0
-32353,0,0
344663,0,0
75561,0,0
-69475,0,0
69155,0,0
2085,0,0
260400,0,0
59909,0,0
-77030,0,0
32558,0,0
-2498,0,0
50834,0,0
84499,0,0
-13519,0,0
100358,0,0
359896,0,0
25293,0,0
23567,0,0
110260,0,0
-142905,0,0
-8308,0,0
373829,0,0
183906,0,0
19811,0,0
2795,0,0
-133116,0,0
230192,0,0
105986,0,0
-216854,0,0
-69835,0,0
25905,0,0
-39126,0,0
40315,0,0
81704,0,0
214027,0,0
204194,0,0
-131743,0,0
-47310,0,0
9074,0,0
-362922,0,0
-165667,0,0
230234,0,0
236731,0,0
182226,0,0
-5903,0,0
-67376,0,0
148806,0,0
-57919,0,0
-166673,0,0
148825,0,0
135045,0,0
-66457,0,0
88232,0,0
-18773,0,0
10474,0,0
299529,0,0
-79098,0,0
30054,0,0
217963,0,0
-132606,0,0
-16285,0,0
282858,0,0
136555,0,0
71531,0,0
64023,0,0
-77793,0,0
185542,0,0
24402,0,0
-131024,0,0
102490,0,0
134908,0,0
-41929,0,0
-14253,0,0
-161834,0,0
-275,0,0
342386,0,0
-36116,0,0
12580,0,0
-38646,0,0
-396570,0,0
-113807,0,0
239835,0,0
92232,0,0
98082,0,0
14606,0,0
-240059,0,0
88189,0,0
49217,0,0
-208238,0,0
-79025,0,0
-23662,0,0
-74340,0,0
26537,0,0
55251,0,0
11707,0,0
71697,0,0
-177137,0,0
34960,0,0
177787,0,0
-297677,0,0
-188664,0,0
217772,0,0
153487,0,0
55462,0,0
-51598,0,0
-106078,0,0
153063,0,0
111438,0,0
-116394,0,0
-66018,0,0
35962,0,0
-126478,0,0
17456,0,0
-83003,0,0
-6842,0,0
172135,0,0
-198592,0,0
-25542,0,0
80481,0,0
-371293,0,0
-209774,0,0
95853,0,0
-64330,0,0
-126857,0,0
-195332,0,0
-212144,0,0
176155,0,0
-86678,0,0
-348374,0,0
-188008,0,0
-68861,0,0
-272104,0,0
-291664,0,0
-302111,0,0
-57435,0,0
185746,0,0
-215906,0,0
-11900,0,0
83152,0,0
-292577,0,0
-312458,0,0
26506,0,0
-17279,0,0
33739,0,0
42001,0,0
-212985,0,0
-15571,0,0
82529,0,0
15486,0,0
38839,0,0
2481,0,0
59975,0,0
-65302,0,0
-71953,0,0
126878,0,0
333267,0,0
-41188,0,0
130491,0,0
177576,0,0
-172206,0,0
-79414,0,0
186671,0,0
97984,0,0
120906,0,0
150481,0,0
-6842,0,0
283815,0,0
200365,0,0
-27650,0,0
-23172,0,0
101330,0,0
56662,0,0
55262,0,0
38035,0,0
48937,0,0
315841,0,0
-17278,0,0
52198,0,0
258183,0,0
-184592,0,0
-127622,0,0
240604,0,0
151423,0,0
157386,0,0
140672,0,0
-38560,0,0
149881,0,0
114119,0,0
-144123,0,0
-45929,0,0
5363,0,0
-102185,0,0
86392,0,0
36852,0,0
184968,0,0
275869,0,0
-156525,0,0
-54523,0,0
61943,0,0
-263632,0,0
-41532,0,0
281784,0,0
99086,0,0
85949,0,0
29183,0,0
-62259,0,0
137009,0,0
-43789,0,0
-187760,0,0
51279,0,0
41268,0,0
-73309,0,0
193097,0,0
-4414,0,0
-125508,0,0
154657,0,0
-106795,0,0
-17693,0,0
58277,0,0
-298001,0,0
-14969,0,0
228861,0,0
-18580,0,0
-11288,0,0
-25514,0,0
-132098,0,0
44250,0,0
-94139,0,0
-218550,0,0
-93144,0,0
-101421,0,0
-200255,0,0
948,0,0
-110257,0,0
130322,0,0
449195,0,0
-56202,0,0
-210224,0,0
-192990,0,0
-368176,0,0
-166794,0,0
255594,0,0
249249,0,0
90855,0,0
19778,0,0
-84498,0,0
80561,0,0
-5406,0,0
12119,0,0
82621,0,0
20653,0,0
-181142,0,0
2523,0,0
32853,0,0
36908,0,0
253225,0,0
-52781,0,0
-24700,0,0
132892,0,0
-235923,0,0
-28892,0,0
168221,0,0
2567,0,0
118600,0,0
54229,0,0
-104297,0,0
150674,0,0
-30100,0,0
23793,0,0
66950,0,0
-48143,0,0
-30696,0,0
48681,0,0
-79108,0,0
29298,0,0
254307,0,0
-121937,0,0
-5906,0,0
117005,0,0
-201549,0,0
-168937,0,0
144140,0,0
26523,0,0
85880,0,0
114479,0,0
-74334,0,0
-27764,0,0
39111,0,0
-190684,0,0
-69324,0,0
71294,0,0
18926,0,0
-39653,0,0
-82035,0,0
25098,0,0
287198,0,0
-145390,0,0
-64208,0,0
117273,0,0
-228952,0,0
-131056,0,0
198646,0,0
33690,0,0
-79879,0,0
-9600,0,0
-89673,0,0
155075,0,0
-57358,0,0
-89699,0,0
176568,0,0
-175568,0,0
-362561,0,0
-50598,0,0
-99664,0,0
123272,0,0
318955,0,0
-184299,0,0
-31839,0,0
119865,0,0
-401402,0,0
-209209,0,0
196223,0,0
70863,0,0
15583,0,0
-37615,0,0
-56303,0,0
202409,0,0
40323,0,0
-233059,0,0
-112745,0,0
-14216,0,0
-160631,0,0
36835,0,0
55721,0,0
-4334,0,0
131370,0,0
-252476,0,0
-37955,0,0
49924,0,0
-442639,0,0
-271842,0,0
213724,0,0
-37402,0,0
84886,0,0
122584,0,0
-89646,0,0
1784,0,0
-227291,0,0
-263904,0,0
2506,0,0
19919,0,0
-67401,0,0
-41655,0,0
-157701,0,0
-18598,0,0
278832,0,0
28661,0,0
-5513,0,0
23835,0,0
-139891,0,0
70913,0,0
290498,0,0
1615,0,0
-35497,0,0
42576,0,0
-21420,0,0
282074,0,0
84980,0,0
2126,0,0
124010,0,0
64542,0,0
-38057,0,0
100321,0,0
43471,0,0
85749,0,0
363042,0,0
-2075,0,0
-36672,0,0
182831,0,0
-103903,0,0
-90240,0,0
178963,0,0
79450,0,0
127548,0,0
84450,0,0
-22116,0,0
112819,0,0
57704,0,0
-58402,0,0
112715,0,0
-18619,0,0
-234822,0,0
-64109,0,0
6842,0,0
123544,0,0
182569,0,0
-71685,0,0
-16341,0,0
-40382,0,0
-326172,0,0
-204896,0,0
193396,0,0
-24908,0,0
114017,0,0
-3630,0,0
-138392,0,0
86223,0,0
-26477,0,0
-145460,0,0
-101237,0,0
-41148,0,0
-176719,0,0
-55126,0,0
15226,0,0
26357,0,0
242720,0,0
-133573,0,0
-131366,0,0
60857,0,0
-325105,0,0
-104292,0,0
174468,0,0
93784,0,0
103197,0,0
51201,0,0
-96479,0,0
156750,0,0
-82150,0,0
-232086,0,0
-7089,0,0
27897,0,0
17200,0,0
-59521,0,0
-155970,0,0
94750,0,0
443864,0,0
-41184,0,0
-94103,0,0
-36545,0,0
-248820,0,0
-51099,0,0
243695,0,0
93327,0,0
-22505,0,0
-53857,0,0
-43283,0,0
189677,0,0
-190892,0,0
-225622,0,0
102001,0,0
-57456,0,0
-245768,0,0
85255,0,0
-9325,0,0
-93802,0,0
277265,0,0
-23221,0,0
-37435,0,0
28635,0,0
-159359,0,0
-209007,0,0
32643,0,0
14856,0,0
35850,0,0
115624,0,0
-8891,0,0
156096,0,0
156577,0,0
-81949,0,0
-173959,0,0
-45837,0,0
-30117,0,0
106620,0,0
-44867,0,0
95893,0,0
294294,0,0
-243263,0,0
-117720,0,0
129828,0,0
-213144,0,0
-145897,0,0
170038,0,0
12575,0,0
14070,0,0
-42140,0,0
-134685,0,0
278655,0,0
-56233,0,0
-238274,0,0
64825,0,0
-84055,0,0
-315812,0,0
-30866,0,0
-24391,0,0
67313,0,0
203467,0,0
-223460,0,0
-73888,0,0
48962,0,0
-355621,0,0
-285543,0,0
43818,0,0
69398,0,0
59759,0,0
80523,0,0
26328,0,0
-5981,0,0
-304853,0,0
-112561,0,0
202791,0,0
-28712,0,0
-116092,0,0
56972,0,0
-63921,0,0
7395,0,0
289746,0,0
-49957,0,0
65495,0,0
52896,0,0
-276932,0,0
98565,0,0
240419,0,0
77295,0,0
109607,0,0
-76645,0,0
-45210,0,0
313703,0,0
114452,0,0
-145738,0,0
-54325,0,0
8052,0,0
-80167,0,0
32621,0,0
-22802,0,0
132640,0,0
123866,0,0
-109917,0,0
99847,0,0
61174,0,0
-262210,0,0
-56767,0,0
351527,0,0
58343,0,0
-81714,0,0
-66450,0,0
-106402,0,0
141433,0,0
54817,0,0
-192269,0,0
-167059,0,0
-161506,0,0
31823,0,0
161858,0,0
-43043,0,0
-65906,0,0
62384,0,0
-163899,0,0
1027,0,0
-37569,0,0
-230566,0,0
-129816,0,0
253595,0,0
5898,0,0
-75291,0,0
-58493,0,0
-38054,0,0
129077,0,0
-115986,0,0
-128487,0,0
209055,0,0
10922,0,0
-185347,0,0
-28343,0,0
-150555,0,0
7809,0,0
314041,0,0
-57455,0,0
-163592,0,0
-12022,0,0
-258678,0,0
-124437,0,0
290673,0,0
112722,0,0
-23280,0,0
-7516,0,0
-207386,0,0
-42277,0,0
-10761,0,0
20412,0,0
162009,0,0
-54476,0,0
-225290,0,0
-19234,0,0
-62934,0,0
-36888,0,0
169669,0,0
37243,0,0
129656,0,0
-62698,0,0
-309813,0,0
-146844,0,0
142315,0,0
143308,0,0
78596,0,0
62205,0,0
-112136,0,0
98581,0,0
46917,0,0
-62362,0,0
-39816,0,0
8005,0,0
-51895,0,0
95715,0,0
16818,0,0
128237,0,0
221609,0,0
-128493,0,0
88197,0,0
263989,0,0
-196911,0,0
-181182,0,0
232741,0,0
155096,0,0
115920,0,0
23197,0,0
-108,0,0
230420,0,0
-22808,0,0
-45654,0,0
52815,0,0
-22953,0,0
-89385,0,0
83939,0,0
-99959,0,0
140122,0,0
328063,0,0
-265879,0,0
-189166,0,0
97548,0,0
-249793,0,0
8116,0,0
261477,0,0
89198,0,0
102693,0,0
-242344,0,0
-228950,0,0
142885,0,0
66672,0,0
-114954,0,0
-83307,0,0
34437,0,0
-55738,0,0
-94156,0,0
-17321,0,0
65466,0,0
307307,0,0
9964,0,0
24925,0,0
-47120,0,0
-330178,0,0
-132709,0,0
285378,0,0
109749,0,0
141672,0,0
73344,0,0
-116645,0,0
66433,0,0
-19377,0,0
-53685,0,0
172784,0,0
178595,0,0
-18804,0,0
-22186,0,0
59322,0,0
39930,0,0
152711,0,0
-2382,0,0
124722,0,0
273031,0,0
-190062,0,0
-138496,0,0
249528,0,0
228241,0,0
109430,0,0
32606,0,0
-74924,0,0
207262,0,0
79314,0,0
-67981,0,0
37390,0,0
-100524,0,0
-157906,0,0
131221,0,0
27021,0,0
33246,0,0
201189,0,0
-231211,0,0
82851,0,0
64407,0,0
-437459,0,0
-115481,0,0
331064,0,0
64891,0,0
-67919,0,0
-86625,0,0
-4480,0,0
133072,0,0
-86824,0,0
-128896,0,0
-17324,0,0
60768,0,0
-96883,0,0
-36077,0,0
-141731,0,0
5742,0,0
169192,0,0
-21311,0,0
109942,0,0
-29982,0,0
-368096,0,0
-146967,0,0
267194,0,0
127781,0,0
45116,0,0
-76631,0,0
-119750,0,0
174524,0,0
41063,0,0
-99640,0,0
76032,0,0
105832,0,0
-93523,0,0
21611,0,0
-64440,0,0
97854,0,0
346543,0,0
-98691,0,0
-29440,0,0
6755,0,0
-168671,0,0
-30780,0,0
121896,0,0
68862,0,0
160968,0,0
61975,0,0
-154670,0,0
105422,0,0
11996,0,0
-109707,0,0
-42579,0,0
-51197,0,0
-108065,0,0
44930,0,0
-13827,0,0
42907,0,0
256453,0,0
-152576,0,0
-4721,0,0
201952,0,0
-237805,0,0
-150433,0,0
179403,0,0
31876,0,0
132092,0,0
-16131,0,0
-96701,0,0
322409,0,0
121832,0,0
-149331,0,0
-41535,0,0
86747,0,0
-85645,0,0
44036,0,0
41651,0,0
69179,0,0
144560,0,0
-40840,0,0
54641,0,0
34674,0,0
-269534,0,0
-68075,0,0
199771,0,0
17152,0,0
57066,0,0
-53916,0,0
-34135,0,0
150544,0,0
-90999,0,0
-130494,0,0
-87404,0,0
-71511,0,0
-26934,0,0
25696,0,0
-188515,0,0
-104033,0,0
231371,0,0
22682,0,0
26783,0,0
20399,0,0
-331802,0,0
-231893,0,0
144294,0,0
404,0,0
-18895,0,0
113145,0,0
4353,0,0
167841,0,0
-46877,0,0
-101217,0,0
67953,0,0
50054,0,0
-94887,0,0
-50595,0,0
-142339,0,0
104442,0,0
408325,0,0
-45924,0,0
-13413,0,0
32260,0,0
-205346,0,0
91560,0,0
288169,0,0
-45161,0,0
-48195,0,0
-66375,0,0
-6213,0,0
293406,0,0
65552,0,0
-76400,0,0
-22974,0,0
-76972,0,0
-65349,0,0
34669,0,0
-60764,0,0
97619,0,0
227167,0,0
-141211,0,0
7324,0,0
30051,0,0
-247576,0,0
-107656,0,0
233677,0,0
44948,0,0
-83512,0,0
-140728,0,0
-195459,0,0
110517,0,0
-73290,0,0
-170586,0,0
-13743,0,0
-150332,0,0
-326070,0,0
-60001,0,0
-213346,0,0
-66851,0,0
248258,0,0
-12993,0,0
-31946,0,0
-301169,0,0
-395794,0,0
-93176,0,0
152528,0,0
53641,0,0
12185,0,0
47312,0,0
-115750,0,0
37727,0,0
-4063,0,0
-50970,0,0
-95092,0,0
-85034,0,0
-129744,0,0
78885,0,0
-42626,0,0
-14484,0,0
230469,0,0
-126086,0,0
-77059,0,0
104560,0,0
-314719,0,0
-316775,0,0
178789,0,0
134554,0,0
-114039,0,0
-111464,0,0
-136462,0,0
13386,0,0
-50233,0,0
-82243,0,0
-30313,0,0
-59354,0,0
-166121,0,0
2954,0,0
-163251,0,0
-85522,0,0
264942,0,0
113639,0,0
-120327,0,0
-133561,0,0
-131555,0,0
2186,0,0
196565,0,0
60158,0,0
73317,0,0
26454,0,0
14732,0,0
275636,0,0
111555,0,0
-46394,0,0
-43993,0,0
-109659,0,0
-17296,0,0
133681,0,0
96821,0,0
268747,0,0
221655,0,0
-155664,0,0
-65398,0,0
171111,0,0
-200344,0,0
-144943,0,0
303531,0,0
192242,0,0
60727,0,0
-49358,0,0
-109536,0,0
290724,0,0
162528,0,0
-184377,0,0
-92288,0,0
31405,0,0
-7325,0,0
132935,0,0
-181110,0,0
73620,0,0
371010,0,0
80385,0,0
221311,0,0
1897,0,0
-240288,0,0
-48032,0,0
327908,0,0
84282,0,0
42823,0,0
65327,0,0
-1361,0,0
309268,0,0
105201,0,0
-119493,0,0
-73997,0,0
68135,0,0
-5267,0,0
39606,0,0
34006,0,0
152225,0,0
148954,0,0
-223910,0,0
43264,0,0
111237,0,0
-309422,0,0
-131987,0,0
196358,0,0
52015,0,0
1234,0,0
-66887,0,0
-55950,0,0
172778,0,0
-57469,0,0
-201644,0,0
-12090,0,0
-14807,0,0
-103825,0,0
6327,0,0
-75111,0,0
59101,0,0
190601,0,0
-89461,0,0
-17270,0,0
-11628,0,0
-303575,0,0
-28373,0,0
179970,0,0
121639,0,0
100345,0,0
24319,0,0
-64706,0,0
99925,0,0
-67412,0,0
-241968,0,0
23627,0,0
124879,0,0
-61533,0,0
75626,0,0
-15332,0,0
108655,0,0
140837,0,0
-211945,0,0
-18299,0,0
57794,0,0
-278134,0,0
-109949,0,0
216622,0,0
118789,0,0
40653,0,0
-33286,0,0
-88674,0,0
66925,0,0
-61274,0,0
-134032,0,0
-51140,0,0
-148098,0,0
-100931,0,0
205586,0,0
13228,0,0
-47424,0,0
112957,0,0
-149887,0,0
-21878,0,0
-46139,0,0
-292016,0,0
43360,0,0
252814,0,0
-85064,0,0
99420,0,0
70270,0,0
-175636,0,0
67648,0,0
10809,0,0
-47215,0,0
12135,0,0
-13855,0,0
-36374,0,0
-24269,0,0
-15273,0,0
28660,0,0
152543,0,0
-15229,0,0
235463,0,0
1245,0,0
-399968,0,0
-74832,0,0
266530,0,0
91628,0,0
68702,0,0
152492,0,0
2952,0,0
92202,0,0
-121522,0,0
-118873,0,0
23150,0,0
114262,0,0
34168,0,0
102645,0,0
-120236,0,0
61999,0,0
192706,0,0
-36236,0,0
79179,0,0
-19971,0,0
-297280,0,0
-56125,0,0
262214,0,0
98549,0,0
7648,0,0
26861,0,0
-56216,0,0
147726,0,0
-33444,0,0
-74657,0,0
-4152,0,0
-68236,0,0
-144313,0,0
19770,0,0
-109133,0,0
92167,0,0
186622,0,0
-126456,0,0
52658,0,0
-19821,0,0
-365499,0,0
-50412,0,0
296356,0,0
9192,0,0
-60235,0,0
-33214,0,0
-20555,0,0
135080,0,0
-75823,0,0
-173397,0,0
-38782,0,0
33619,0,0
-77202,0,0
53557,0,0
-7891,0,0
55454,0,0
84114,0,0
-158640,0,0
1914,0,0
81390,0,0
-169451,0,0
-77803,0,0
180521,0,0
-2166,0,0
-25709,0,0
-108511,0,0
-60257,0,0
267886,0,0
61003,0,0
17752,0,0
-108041,0,0
-131905,0,0
-93895,0,0
-21174,0,0
-60552,0,0
124820,0,0
146629,0,0
-100543,0,0
193310,0,0
257907,0,0
-81608,0,0
-300216,0,0
58612,0,0
116952,0,0
129091,0,0
76071,0,0
-81154,0,0
68704,0,0
-16669,0,0
70506,0,0
148603,0,0
26035,0,0
-52091,0,0
93620,0,0
-95980,0,0
56260,0,0
191055,0,0
-100254,0,0
-22112,0,0
6610,0,0
-174651,0,0
-57821,0,0
288495,0,0
180324,0,0
8364,0,0
-87637,0,0
-83574,0,0
118562,0,0
23620,0,0
-39163,0,0
-51635,0,0
-75,0,0
14831,0,0
-31955,0,0
-31987,0,0
151211,0,0
222447,0,0
-93384,0,0
6517,0,0
17268,0,0
-242084,0,0
-61084,0,0
265807,0,0
109702,0,0
5411,0,0
-46688,0,0
-47715,0,0
182028,0,0
2935,0,0
-103557,0,0
-1373,0,0
26922,0,0
-16092,0,0
-277,0,0
-107095,0,0
73448,0,0
216503,0,0
-59781,0,0
-592,0,0
-3191,0,0
-192264,0,0
5115,0,0
286696,0,0
57239,0,0
-30820,0,0
-31957,0,0
-4297,0,0
190440,0,0
5369,0,0
-55009,0,0
93601,0,0
7253,0,0
-143996,0,0
-40735,0,0
-65627,0,0
162495,0,0
242835,0,0
80666,0,0
121582,0,0
-99505,0,0
-378908,0,0
-113267,0,0
179514,0,0
72087,0,0
84180,0,0
25203,0,0
-151516,0,0
119875,0,0
31946,0,0
-32628,0,0
-44306,0,0
-150471,0,0
-190465,0,0
70602,0,0
-40036,0,0
-5037,0,0
72334,0,0
-183631,0,0
-39337,0,0
-145758,0,0
-326659,0,0
-145065,0,0
338365,0,0
-87554,0,0
-214834,0,0
-146807,0,0
7478,0,0
155907,0,0
-114399,0,0
-185399,0,0
-6378,0,0
13103,0,0
-182899,0,0
-95329,0,0
-138839,0,0
121025,0,0
248423,0,0
-11565,0,0
136347,0,0
-14857,0,0
-281998,0,0
-65828,0,0
289300,0,0
71769,0,0
-23908,0,0
-75291,0,0
-124942,0,0
71059,0,0
56191,0,0
88841,0,0
140394,0,0
34172,0,0
-116531,0,0
20391,0,0
-148576,0,0
-1251,0,0
200987,0,0
4703,0,0
82128,0,0
39535,0,0
-250788,0,0
-123785,0,0
250946,0,0
129260,0,0
106890,0,0
26542,0,0
-17842,0,0
151499,0,0
-14558,0,0
-193498,0,0
-47495,0,0
-17777,0,0
-47264,0,0
64519,0,0
4335,0,0
81020,0,0
255314,0,0
-54306,0,0
-46567,0,0
-69447,0,0
-255812,0,0
-65222,0,0
222811,0,0
98989,0,0
84800,0,0
-20420,0,0
-98149,0,0
117402,0,0
-39391,0,0
-122518,0,0
28506,0,0
73340,0,0
-156202,0,0
-14259,0,0
-23212,0,0
49845,0,0
127847,0,0
-101345,0,0
-13239,0,0
9464,0,0
-243322,0,0
-210759,0,0
172004,0,0
161294,0,0
293172,0,0
-47411,0,0
-223660,0,0
58681,0,0
-42899,0,0
-166605,0,0
-28754,0,0
9672,0,0
-99081,0,0
16432,0,0
-25476,0,0
54320,0,0
130066,0,0
-136946,0,0
54171,0,0
-8885,0,0
-275993,0,0
-134904,0,0
160108,0,0
63921,0,0
-19245,0,0
-103770,0,0
-40622,0,0
164571,0,0
-116511,0,0
-150523,0,0
63000,0,0
12198,0,0
-225739,0,0
-64293,0,0
-41744,0,0
79813,0,0
186106,0,0
-262311,0,0
-130752,0,0
104380,0,0
-124099,0,0
-134356,0,0
226045,0,0
88678,0,0
-142375,0,0
-196327,0,0
-28515,0,0
177164,0,0
112055,0,0
-57232,0,0
-78888,0,0
-15473,0,0
-76482,0,0
13307,0,0
-67740,0,0
64329,0,0
245574,0,0
-50694,0,0
29613,0,0
6704,0,0
-235011,0,0
-62388,0,0
246674,0,0
99954,0,0
-64620,0,0
-74109,0,0
-11420,0,0
195408,0,0
-34398,0,0
-141805,0,0
55815,0,0
45198,0,0
-63555,0,0
33783,0,0
-85636,0,0
79987,0,0
150798,0,0
-44496,0,0
101538,0,0
-44946,0,0
-271935,0,0
-73752,0,0
232497,0,0
123482,0,0
81612,0,0
-91913,0,0
-157780,0,0
206108,0,0
-14164,0,0
-102553,0,0
-15176,0,0
-53339,0,0
-139175,0,0
-12505,0,0
15264,0,0
102222,0,0
221667,0,0
-75142,0,0
-43248,0,0
-28249,0,0
-162596,0,0
-85158,0,0
172179,0,0
112431,0,0
60084,0,0
-63666,0,0
-35931,0,0
204398,0,0
37840,0,0
-95626,0,0
-18883,0,0
-36646,0,0
-112138,0,0
62298,0,0
-50907,0,0
11163,0,0
270247,0,0
-9545,0,0
-73462,0,0
-12950,0,0
-167759,0,0
-42212,0,0
122478,0,0
-4451,0,0
46942,0,0
-43925,0,0
33335,0,0
317907,0,0
120421,0,0
-114516,0,0
-131202,0,0
-7247,0,0
7230,0,0
145747,0,0
-16921,0,0
144790,0,0
226923,0,0
-78713,0,0
87028,0,0
52461,0,0
-244352,0,0
17382,0,0
297024,0,0
58963,0,0
62980,0,0
-42384,0,0
-53682,0,0
143301,0,0
-70329,0,0
-81482,0,0
-11271,0,0
-29925,0,0
-71929,0,0
2956,0,0
-80463,0,0
49752,0,0
199240,0,0
-43391,0,0
-52223,0,0
-84984,0,0
-197323,0,0
-38816,0,0
179084,0,0
75176,0,0
-13723,0,0
-59452,0,0
33582,0,0
234734,0,0
-113714,0,0
-72092,0,0
76700,0,0
-90496,0,0
-105311,0,0
85861,0,0
-36183,0,0
107470,0,0
156080,0,0
-39813,0,0
66169,0,0
-25726,0,0
-257750,0,0
-93064,0,0
175896,0,0
52367,0,0
8193,0,0
-68078,0,0
42496,0,0
216908,0,0
-121629,0,0
-195827,0,0
-18932,0,0
43279,0,0
-1183,0,0
48856,0,0
-23051,0,0
19103,0,0
97166,0,0
-142599,0,0
31937,0,0
35072,0,0
-182748,0,0
130409,0,0
318601,0,0
-14931,0,0
-109034,0,0
-167343,0,0
21783,0,0
197103,0,0
-51215,0,0
-4925,0,0
141789,0,0
-57314,0,0
-192717,0,0
-34998,0,0
-176898,0,0
27430,0,0
280873,0,0
34459,0,0
41891,0,0
-109229,0,0
-289758,0,0
-82552,0,0
52867,0,0
-34545,0,0
143466,0,0
65415,0,0
-59524,0,0
117277,0,0
-13855,0,0
-175026,0,0
-7345,0,0
-73128,0,0
-66485,0,0
164169,0,0
-44650,0,0
1240,0,0
80754,0,0
-111855,0,0
75333,0,0
18716,0,0
-243858,0,0
-197775,0,0
221608,0,0
180416,0,0
-81881,0,0
-102171,0,0
-38805,0,0
168384,0,0
-141373,0,0
-163922,0,0
-26770,0,0
-121045,0,0
-122236,0,0
17742,0,0
-66527,0,0
57181,0,0
90645,0,0
-129220,0,0
71641,0,0
-69863,0,0
-345546,0,0
-76072,0,0
196828,0,0
30045,0,0
-3186,0,0
-131284,0,0
-98057,0,0
98393,0,0
-56651,0,0
-33402,0,0
99229,0,0
-117791,0,0
-159991,0,0
-66821,0,0
-151279,0,0
78449,0,0
210488,0,0
-68206,0,0
34382,0,0
-19477,0,0
-104187,0,0
-7664,0,0
184161,0,0
10924,0,0
82480,0,0
42007,0,0
-47242,0,0
199085,0,0
57083,0,0
27577,0,0
94582,0,0
30115,0,0
-72104,0,0
99094,0,0
-9457,0,0
37079,0,0
198558,0,0
-92907,0,0
40183,0,0
136563,0,0
-142963,0,0
-71994,0,0
159048,0,0
-82791,0,0
-55457,0,0
-144965,0,0
-57797,0,0
258784,0,0
46230,0,0
-174028,0,0
-166020,0,0
14818,0,0
-59870,0,0
-68525,0,0
-155700,0,0
73042,0,0
224900,0,0
-140983,0,0
-57680,0,0
-110480,0,0
-296486,0,0
-68367,0,0
174455,0,0
40189,0,0
-67037,0,0
-178871,0,0
-32253,0,0
114570,0,0
-12914,0,0
-144224,0,0
-158928,0,0
-117109,0,0
-114866,0,0
57520,0,0
-83320,0,0
32816,0,0
179890,0,0
-152663,0,0
-81289,0,0
-14050,0,0
-286373,0,0
-108980,0,0
275140,0,0
176244,0,0
98587,0,0
-27127,0,0
-39275,0,0
139161,0,0
-85666,0,0
-124523,0,0
56498,0,0
84646,0,0
-1448,0,0
39854,0,0
11330,0,0
156864,0,0
261123,0,0
-16051,0,0
101885,0,0
43810,0,0
-259498,0,0
-95131,0,0
274832,0,0
139481,0,0
79620,0,0
-36265,0,0
95789,0,0
263031,0,0
-99407,0,0
-164423,0,0
-73584,0,0
27421,0,0
82365,0,0
101569,0,0
-107839,0,0
108135,0,0
113669,0,0
-106055,0,0
-14263,0,0
75026,0,0
-199724,0,0
-83167,0,0
170567,0,0
116883,0,0
91736,0,0
-37642,0,0
-38277,0,0
142231,0,0
-135893,0,0
-66337,0,0
31111,0,0
-59274,0,0
-20877,0,0
150804,0,0
-37276,0,0
-36605,0,0
156448,0,0
-67108,0,0
97256,0,0
56809,0,0
-442509,0,0
-94485,0,0
437243,0,0
174475,0,0
-15270,0,0
-116547,0,0
-55472,0,0
174834,0,0
-63001,0,0
-110326,0,0
-47111,0,0
29743,0,0
-37337,0,0
124180,0,0
22853,0,0
170105,0,0
183533,0,0
-124369,0,0
103891,0,0
-30061,0,0
-274401,0,0
-48183,0,0
302796,0,0
227307,0,0
141938,0,0
-505,0,0
33525,0,0
186142,0,0
81250,0,0
65355,0,0
43074,0,0
-9922,0,0
-30730,0,0
114681,0,0
7928,0,0
124834,0,0
224436,0,0
-18783,0,0
162479,0,0
41049,0,0
-231141,0,0
22146,0,0
268945,0,0
47479,0,0
-8059,0,0
-116627,0,0
-9330,0,0
257092,0,0
74126,0,0
-67551,0,0
89,0,0
-28817,0,0
-62159,0,0
143019,0,0
28224,0,0
27652,0,0
119594,0,0
-110337,0,0
47051,0,0
25540,0,0
-111055,0,0
14485,0,0
172040,0,0
-18761,0,0
-31052,0,0
11546,0,0
68647,0,0
187723,0,0
-102184,0,0
-99381,0,0
24750,0,0
-8668,0,0
-61551,0,0
54260,0,0
-35171,0,0
55875,0,0
82992,0,0
-123140,0,0
139483,0,0
-18784,0,0
-253472,0,0
-111667,0,0
196461,0,0
167178,0,0
55614,0,0
-179384,0,0
32225,0,0
136370,0,0
-238306,0,0
-249737,0,0
-30780,0,0
37392,0,0
-67011,0,0
80113,0,0
-75817,0,0
28223,0,0
83282,0,0
-18041,0,0
107457,0,0
-252110,0,0
-362234,0,0
54029,0,0
403283,0,0
60813,0,0
1097,0,0
-107175,0,0
-63385,0,0
227115,0,0
17681,0,0
58473,0,0
96587,0,0
-116020,0,0
-151588,0,0
102599,0,0
-21272,0,0
96873,0,0
174905,0,0
-119732,0,0
12227,0,0
-36249,0,0
-207491,0,0
28733,0,0
358070,0,0
33910,0,0
-92332,0,0
-123201,0,0
-156848,0,0
52034,0,0
23624,0,0
-60197,0,0
39533,0,0
222192,0,0
-20211,0,0
-144894,0,0
-150520,0,0
97653,0,0
204003,0,0
-32444,0,0
105983,0,0
14119,0,0
-292526,0,0
-100235,0,0
295644,0,0
234497,0,0
-20280,0,0
-31677,0,0
86538,0,0
132149,0,0
-50923,0,0
-25146,0,0
47782,0,0
106656,0,0
-65603,0,0
-21109,0,0
-20113,0,0
142288,0,0
221321,0,0
-35286,0,0
70922,0,0
-18952,0,0
-169726,0,0
-23086,0,0
253970,0,0
47319,0,0
57397,0,0
-43753,0,0
-41649,0,0
195243,0,0
27904,0,0
-56383,0,0
-41804,0,0
-36938,0,0
-61505,0,0
49055,0,0
-46490,0,0
109975,0,0
176661,0,0
-120454,0,0
30596,0,0
10736,0,0
-240905,0,0
-80020,0,0
182439,0,0
68876,0,0
112248,0,0
-109948,0,0
-46011,0,0
143089,0,0
-76676,0,0
-100103,0,0
-11674,0,0
-29201,0,0
-53230,0,0
44777,0,0
-46951,0,0
-1746,0,0
157877,0,0
-71182,0,0
43086,0,0
-69640,0,0
-258800,0,0
-121098,0,0
209638,0,0
58884,0,0
2243,0,0
-97378,0,0
-92700,0,0
81650,0,0
-82179,0,0
-78991,0,0
-64801,0,0
12955,0,0
-59587,0,0
-59820,0,0
-196699,0,0
-34581,0,0
52502,0,0
-149969,0,0
60142,0,0
89128,0,0
-118386,0,0
-125626,0,0
78873,0,0
-90345,0,0
-29534,0,0
-17639,0,0
-86988,0,0
181743,0,0
-27784,0,0
-113853,0,0
-112976,0,0
-34540,0,0
133445,0,0
-9857,0,0
-199837,0,0
90543,0,0
105518,0,0
-94884,0,0
176380,0,0
167394,0,0
-239664,0,0
-146421,0,0
125868,0,0
24778,0,0
59031,0,0
141394,0,0
242120,0,0
161359,0,0
-132865,0,0
11675,0,0
134533,0,0
-53400,0,0
-83374,0,0
79781,0,0
19704,0,0
182377,0,0
249161,0,0
74765,0,0
127675,0,0
71502,0,0
-202479,0,0
-140153,0,0
209292,0,0
80208,0,0
139737,0,0
20899,0,0
12261,0,0
199732,0,0
27845,0,0
44371,0,0
-5625,0,0
-105470,0,0
-109703,0,0
81240,0,0
-7509,0,0
108841,0,0
165918,0,0
-42166,0,0
4665,0,0
-63659,0,0
-222084,0,0
-115927,0,0
203038,0,0
109996,0,0
135909,0,0
-20758,0,0
-173392,0,0
91929,0,0
-136397,0,0
-103721,0,0
32685,0,0
97225,0,0
-14782,0,0
72788,0,0
-68597,0,0
-17727,0,0
176421,0,0
21660,0,0
102633,0,0
-69560,0,0
-273542,0,0
-31823,0,0
242191,0,0
42740,0,0
13425,0,0
-71195,0,0
-2966,0,0
225506,0,0
-37674,0,0
-56507,0,0
20163,0,0
-92336,0,0
-296047,0,0
-60182,0,0
-80056,0,0
19187,0,0
177791,0,0
189456,0,0
157537,0,0
-146472,0,0
-458443,0,0
-56266,0,0
363174,0,0
51859,0,0
33910,0,0
130533,0,0
126898,0,0
115057,0,0
-135491,0,0
-80010,0,0
88578,0,0
94427,0,0
114369,0,0
263874,0,0
-67664,0,0
41676,0,0
151783,0,0
22653,0,0
118493,0,0
-1775,0,0
-274252,0,0
-10733,0,0
227707,0,0
31404,0,0
-111388,0,0
-73278,0,0
35336,0,0
297999,0,0
-114209,0,0
-264142,0,0
3832,0,0
20531,0,0
-213556,0,0
-88600,0,0
-147910,0,0
56392,0,0
156841,0,0
-123660,0,0
19109,0,0
-40212,0,0
-211506,0,0
-216645,0,0
27403,0,0
-13184,0,0
-68623,0,0
-195355,0,0
16004,0,0
83562,0,0
-246476,0,0
-15467,0,0
3641,0,0
-1708,0,0
-64573,0,0
-118150,0,0
-201799,0,0
-29609,0,0
162037,0,0
-101642,0,0
-88631,0,0
-122495,0,0
-185842,0,0
102001,0,0
381239,0,0
35396,0,0
-123257,0,0
-211134,0,0
-136894,0,0
106560,0,0
28105,0,0
6026,0,0
-46226,0,0
-78582,0,0
-126837,0,0
-41231,0,0
-42367,0,0
106409,0,0
66133,0,0
-196168,0,0
23952,0,0
-103691,0,0
-185586,0,0
-35265,0,0
204199,0,0
41542,0,0
-5837,0,0
-163517,0,0
-90092,0,0
124595,0,0
-68114,0,0
-30663,0,0
-25793,0,0
-13666,0,0
-175128,0,0
-80421,0,0
-101559,0,0
178102,0,0
346371,0,0
-101564,0,0
-55659,0,0
-52317,0,0
-218846,0,0
-46412,0,0
157296,0,0
50287,0,0
64843,0,0
-48816,0,0
124997,0,0
176458,0,0
-109501,0,0
-83887,0,0
64756,0,0
68600,0,0
-77525,0,0
-18672,0,0
-85580,0,0
148512,0,0
216033,0,0
-156834,0,0
7,0,0
-60865,0,0
-306958,0,0
-57788,0,0
287334,0,0
69962,0,0
-75551,0,0
-227053,0,0
-107264,0,0
115701,0,0
-123394,0,0
-149084,0,0
12664,0,0
-44124,0,0
-243154,0,0
-92546,0,0
-126939,0,0
77640,0,0
160598,0,0
-201058,0,0
-58598,0,0
-117964,0,0
-299322,0,0
-131936,0,0
136216,0,0
-22612,0,0
-10974,0,0
-53401,0,0
-33135,0,0
67409,0,0
-115293,0,0
-223754,0,0
-81142,0,0
-9503,0,0
-97647,0,0
-16844,0,0
-101615,0,0
139061,0,0
96923,0,0
-166935,0,0
74456,0,0
-70713,0,0
-284570,0,0
-110238,0,0
174282,0,0
78490,0,0
34323,0,0
-149164,0,0
-72648,0,0
20787,0,0
-136316,0,0
-117945,0,0
-57432,0,0
40106,0,0
123560,0,0
-23177,0,0
-149075,0,0
9979,0,0
41445,0,0
-117893,0,0
83729,0,0
5913,0,0
-272077,0,0
-92866,0,0
330053,0,0
114713,0,0
29016,0,0
-57913,0,0
78656,0,0
212887,0,0
-5860,0,0
14079,0,0
-33704,0,0
-69214,0,0
-30379,0,0
108402,0,0
25022,0,0
138460,0,0
147054,0,0
-123881,0,0
-37802,0,0
29017,0,0
-68153,0,0
26108,0,0
227655,0,0
7437,0,0
-678,0,0
-165713,0,0
-28537,0,0
357251,0,0
52735,0,0
29877,0,0
-445,0,0
3067,0,0
-69869,0,0
67865,0,0
104495,0,0
322737,0,0
159545,0,0
-121002,0,0
101376,0,0
124488,0,0
-98011,0,0
51758,0,0
400586,0,0
214027,0,0
23544,0,0
-121070,0,0
30375,0,0
264922,0,0
37236,0,0
9455,0,0
42756,0,0
-27834,0,0
-19291,0,0
170116,0,0
-83663,0,0
66401,0,0
143732,0,0
-102671,0,0
46893,0,0
-57237,0,0
-212834,0,0
-11056,0,0
213326,0,0
40168,0,0
-9867,0,0
-153468,0,0
-108921,0,0
117743,0,0
-84010,0,0
-175717,0,0
-44332,0,0
-46608,0,0
-152533,0,0
110418,0,0
54102,0,0
-52457,0,0
89269,0,0
-149432,0,0
-119357,0,0
-22210,0,0
-196818,0,0
-116836,0,0
178917,0,0
88465,0,0
124037,0,0
-111603,0,0
-196716,0,0
102119,0,0
-45334,0,0
-97720,0,0
-69494,0,0
-53137,0,0
-90218,0,0
-110202,0,0
-262379,0,0
-73734,0,0
-14504,0,0
-103206,0,0
230309,0,0
30166,0,0
-408310,0,0
-160615,0,0
48321,0,0
-162281,0,0
-104680,0,0
-73154,0,0
20064,0,0
185871,0,0
-24430,0,0
-165828,0,0
-31696,0,0
22357,0,0
-129522,0,0
31715,0,0
68709,0,0
202556,0,0
57856,0,0
-158843,0,0
137266,0,0
54489,0,0
-149440,0,0
16498,0,0
197238,0,0
168611,0,0
187163,0,0
24838,0,0
85445,0,0
98982,0,0
-71778,0,0
58368,0,0
93179,0,0
27645,0,0
53462,0,0
140651,0,0
1626,0,0
212708,0,0
122418,0,0
-25331,0,0
120665,0,0
-34202,0,0
-164146,0,0
38553,0,0
220271,0,0
-21431,0,0
-45782,0,0
-24659,0,0
164970,0,0
235678,0,0
-68388,0,0
-135911,0,0
-88487,0,0
-90014,0,0
-127557,0,0
-52600,0,0
-34572,0,0
241513,0,0
133841,0,0
-203854,0,0
65162,0,0
-150437,0,0
-470798,0,0
-12635,0,0
309164,0,0
209784,0,0
49625,0,0
-184100,0,0
-131720,0,0
62000,0,0
-86127,0,0
-104571,0,0
-40009,0,0
28247,0,0
-26226,0,0
-66962,0,0
-92902,0,0
131968,0,0
46987,0,0
-188912,0,0
29084,0,0
-133778,0,0
-383112,0,0
-81129,0,0
245264,0,0
31013,0,0
-86901,0,0
-179393,0,0
-6806,0,0
136656,0,0
-280131,0,0
-249834,0,0
-18250,0,0
-93688,0,0
-136151,0,0
61679,0,0
-78714,0,0
12463,0,0
129799,0,0
-66712,0,0
69416,0,0
-161594,0,0
-315909,0,0
-102809,0,0
237594,0,0
100241,0,0
56174,0,0
-186971,0,0
606,0,0
208026,0,0
-60976,0,0
-108421,0,0
-31927,0,0
21062,0,0
-26907,0,0
23143,0,0
-64766,0,0
126384,0,0
154028,0,0
-74997,0,0
114091,0,0
-23374,0,0
-275695,0,0
-88699,0,0
279288,0,0
216981,0,0
145447,0,0
-55982,0,0
-50629,0,0
215331,0,0
17000,0,0
-42292,0,0
-2950,0,0
-3587,0,0
-33071,0,0
151347,0,0
106312,0,0
213928,0,0
109631,0,0
-63615,0,0
132853,0,0
-24318,0,0
-242851,0,0
-25668,0,0
313597,0,0
152972,0,0
-15146,0,0
-126136,0,0
22640,0,0
194328,0,0
52232,0,0
-169556,0,0
-188806,0,0
-22508,0,0
-32841,0,0
-56239,0,0
-60173,0,0
60828,0,0
-9139,0,0
-117654,0,0
179062,0,0
102079,0,0
-312092,0,0
-312807,0,0
39424,0,0
-4962,0,0
-25051,0,0
-93747,0,0
-10048,0,0
102004,0,0
-106213,0,0
-108580,0,0
-106254,0,0
-154037,0,0
-165068,0,0
-26047,0,0
-100386,0,0
-4205,0,0
117135,0,0
-70381,0,0
33579,0,0
-185259,0,0
-396115,0,0
-148298,0,0
187264,0,0
-30024,0,0
12180,0,0
-44280,0,0
132216,0,0
282246,0,0
-127484,0,0
-95640,0,0
-34651,0,0
-104351,0,0
-55405,0,0
79000,0,0
9831,0,0
196273,0,0
178868,0,0
-51904,0,0
165633,0,0
-31252,0,0
-282258,0,0
-77331,0,0
328536,0,0
252173,0,0
124747,0,0
-126668,0,0
-47923,0,0
84969,0,0
59920,0,0
29122,0,0
-59649,0,0
3800,0,0
112757,0,0
171961,0,0
-124561,0,0
77487,0,0
133272,0,0
-52467,0,0
105553,0,0
6702,0,0
-103337,0,0
-26397,0,0
228630,0,0
142451,0,0
-13436,0,0
-94361,0,0
41400,0,0
102248,0,0
-80164,0,0
33048,0,0
1766,0,0
-103081,0,0
8472,0,0
118102,0,0
-194002,0,0
22262,0,0
158706,0,0
-5642,0,0
38054,0,0
-74793,0,0
-179544,0,0
-83361,0,0
127085,0,0
-38702,0,0
-42265,0,0
-87087,0,0
-47591,0,0
248636,0,0
-19704,0,0
-342137,0,0
-184322,0,0
76542,0,0
-114934,0,0
-71161,0,0
10288,0,0
172143,0,0
91525,0,0
-188686,0,0
-47567,0,0
-179724,0,0
-290899,0,0
15853,0,0
335833,0,0
5972,0,0
-110997,0,0
-110743,0,0
33111,0,0
84530,0,0
-160489,0,0
-50031,0,0
130704,0,0
12909,0,0
-206854,0,0
-64378,0,0
52996,0,0
166400,0,0
18078,0,0
-149572,0,0
94516,0,0
3961,0,0
-182777,0,0
-78665,0,0
234111,0,0
145247,0,0
42776,0,0
-76908,0,0
15821,0,0
132958,0,0
-61499,0,0
2862,0,0
150470,0,0
53790,0,0
-178053,0,0
-54731,0,0
-56743,0,0
133962,0,0
82212,0,0
-37692,0,0
246950,0,0
-70885,0,0
-208488,0,0
-17519,0,0
197457,0,0
75956,0,0
53097,0,0
-75344,0,0
-9641,0,0
269403,0,0
6853,0,0
-79426,0,0
-30666,0,0
-25449,0,0
-26380,0,0
22858,0,0
-42855,0,0
220208,0,0
205804,0,0
-102155,0,0
5586,0,0
-193661,0,0
-193551,0,0
-44068,0,0
130793,0,0
81752,0,0
-70469,0,0
-109364,0,0
-48060,0,0
121016,0,0
-136612,0,0
-77461,0,0
-65532,0,0
-109714,0,0
-80672,0,0
-2832,0,0
-65625,0,0
35361,0,0
75873,0,0
-13969,0,0
156594,0,0
-183729,0,0
-318429,0,0
-34132,0,0
325900,0,0
118834,0,0
-41519,0,0
-136479,0,0
-24046,0,0
174621,0,0
15726,0,0
-26157,0,0
-90376,0,0
-99563,0,0
-132504,0,0
66754,0,0
58812,0,0
241693,0,0
201088,0,0
-78021,0,0
92021,0,0
-41198,0,0
-339744,0,0
-65378,0,0
313062,0,0
160223,0,0
131176,0,0
-13254,0,0
134231,0,0
279428,0,0
-51443,0,0
-135461,0,0
-30144,0,0
63021,0,0
23474,0,0
119644,0,0
-25241,0,0
210130,0,0
124844,0,0
-94868,0,0
61475,0,0
-64457,0,0
-208981,0,0
125095,0,0
359558,0,0
-54713,0,0
-38058,0,0
-31145,0,0
123143,0,0
146475,0,0
-155578,0,0
-90253,0,0
10333,0,0
140608,0,0
-124364,0,0
-65594,0,0
-45967,0,0
172156,0,0
173135,0,0
-111749,0,0
18022,0,0
-120562,0,0
-252494,0,0
-55906,0,0
181450,0,0
-20935,0,0
7584,0,0
-179839,0,0
-93550,0,0
146255,0,0
-28402,0,0
-70213,0,0
-68984,0,0
-170486,0,0
-210396,0,0
-33019,0,0
2633,0,0
181307,0,0
58111,0,0
-158662,0,0
66412,0,0
-118876,0,0
-277733,0,0
8795,0,0
230663,0,0
35764,0,0
23554,0,0
-19240,0,0
66887,0,0
158238,0,0
77651,0,0
38499,0,0
-60433,0,0
-37970,0,0
-30744,0,0
73075,0,0
45337,0,0
229937,0,0
273595,0,0
19544,0,0
21970,0,0
-38042,0,0
-145083,0,0
6782,0,0
230735,0,0
71801,0,0
76055,0,0
-32630,0,0
73872,0,0
146145,0,0
-77341,0,0
-13959,0,0
14065,0,0
-15056,0,0
-89616,0,0
67491,0,0
-71421,0,0
103901,0,0
131460,0,0
-156124,0,0
-10703,0,0
-124491,0,0
-227300,0,0
32330,0,0
160470,0,0
84104,0,0
85731,0,0
-146937,0,0
-75329,0,0
73151,0,0
-86027,0,0
-125081,0,0
-103917,0,0
-63364,0,0
-103855,0,0
78395,0,0
-19853,0,0
-3082,0,0
28103,0,0
-126684,0,0
50574,0,0
6800,0,0
-91469,0,0
1056,0,0
128679,0,0
-62534,0,0
-26004,0,0
-92413,0,0
-19802,0,0
119879,0,0
-153898,0,0
-41168,0,0
161818,0,0
57433,0,0
-217663,0,0
-49528,0,0
19273,0,0
184634,0,0
191897,0,0
-161488,0,0
32871,0,0
-29913,0,0
-186499,0,0
-50119,0,0
217834,0,0
135603,0,0
164843,0,0
-83970,0,0
-12724,0,0
171086,0,0
1045,0,0
-76,0,0
-17984,0,0
53405,0,0
-82701,0,0
-71911,0,0
-132759,0,0
178594,0,0
136320,0,0
-74430,0,0
192154,0,0
-110725,0,0
-360349,0,0
-145496,0,0
129165,0,0
57436,0,0
54103,0,0
-53648,0,0
40222,0,0
102733,0,0
-221265,0,0
-151680,0,0
-47093,0,0
-84212,0,0
-91877,0,0
161881,0,0
79936,0,0
50159,0,0
-72499,0,0
-185583,0,0
66717,0,0
-21965,0,0
-210030,0,0
-85752,0,0
126233,0,0
57127,0,0
34211,0,0
-176726,0,0
-37620,0,0
117516,0,0
-95837,0,0
-29847,0,0
-83942,0,0
-111542,0,0
-62037,0,0
15239,0,0
-49532,0,0
121981,0,0
13962,0,0
-170115,0,0
115440,0,0
-38572,0,0
-216131,0,0
-6670,0,0
188404,0,0
-58765,0,0
-31773,0,0
-32017,0,0
75285,0,0
158687,0,0
20855,0,0
-23210,0,0
-110238,0,0
-108890,0,0
-15792,0,0
94045,0,0
-101861,0,0
89111,0,0
147842,0,0
-103053,0,0
-6092,0,0
17684,0,0
-84297,0,0
55622,0,0
120602,0,0
77833,0,0
97190,0,0
-91427,0,0
93145,0,0
189344,0,0
-102164,0,0
-57618,0,0
-2158,0,0
93695,0,0
115451,0,0
203173,0,0
-11559,0,0
167639,0,0
194673,0,0
-93913,0,0
115605,0,0
18023,0,0
-180388,0,0
30242,0,0
294400,0,0
166983,0,0
94973,0,0
-110743,0,0
-40727,0,0
195324,0,0
20800,0,0
-13373,0,0
-38854,0,0
-315,0,0
-119796,0,0
-25768,0,0
14094,0,0
247336,0,0
205313,0,0
-118138,0,0
24291,0,0
-69211,0,0
-131625,0,0
65750,0,0
218910,0,0
86974,0,0
52572,0,0
-96069,0,0
24744,0,0
219946,0,0
11744,0,0
-8303,0,0
-9854,0,0
18601,0,0
54133,0,0
83002,0,0
-146015,0,0
107628,0,0
73256,0,0
-22320,0,0
181064,0,0
10054,0,0
-192855,0,0
-32385,0,0
188129,0,0
21957,0,0
-6945,0,0
-153671,0,0
23760,0,0
231986,0,0
40933,0,0
-109479,0,0
-81515,0,0
70889,0,0
387,0,0
-62242,0,0
-90423,0,0
163046,0,0
113772,0,0
-71972,0,0
93392,0,0
-4287,0,0
-238069,0,0
-48119,0,0
269418,0,0
73666,0,0
-1015,0,0
-22236,0,0
130282,0,0
291236,0,0
47001,0,0
-127409,0,0
-92252,0,0
25196,0,0
13620,0,0
137458,0,0
31577,0,0
251660,0,0
133284,0,0
-160146,0,0
77363,0,0
25568,0,0
-131979,0,0
53791,0,0
209901,0,0
73629,0,0
21909,0,0
-116737,0,0
-31052,0,0
60207,0,0
-195333,0,0
-56788,0,0
16886,0,0
-15108,0,0
-42181,0,0
-41663,0,0
-227255,0,0
15430,0,0
54756,0,0
-144128,0,0
44836,0,0
-94800,0,0
-380163,0,0
-147534,0,0
155880,0,0
57165,0,0
-3617,0,0
-143790,0,0
-83966,0,0
94758,0,0
-60946,0,0
50570,0,0
8138,0,0
-39225,0,0
-161456,0,0
-34593,0,0
-75486,0,0
165849,0,0
189292,0,0
-71644,0,0
149185,0,0
-81225,0,0
-274904,0,0
-77381,0,0
248811,0,0
112224,0,0
68450,0,0
-82131,0,0
30611,0,0
109431,0,0
-147727,0,0
-54821,0,0
-30597,0,0
-83513,0,0
-929,0,0
136401,0,0
-34522,0,0
70922,0,0
49962,0,0
-134824,0,0
149930,0,0
-42720,0,0
-180026,0,0
-94076,0,0
128452,0,0
34729,0,0
52022,0,0
-68023,0,0
-72025,0,0
166595,0,0
27449,0,0
-35010,0,0
-45172,0,0
-145930,0,0
-210436,0,0
-97910,0,0
-87541,0,0
252234,0,0
184338,0,0
-70053,0,0
-5172,0,0
-83428,0,0
-243590,0,0
-154321,0,0
157016,0,0
66966,0,0
47718,0,0
-101612,0,0
-57471,0,0
64153,0,0
-124130,0,0
-37809,0,0
75741,0,0
-49596,0,0
-152296,0,0
-14939,0,0
-119505,0,0
100588,0,0
65879,0,0
-128685,0,0
51232,0,0
-134071,0,0
-247334,0,0
87499,0,0
184248,0,0
-49458,0,0
-69760,0,0
-116979,0,0
16089,0,0
161836,0,0
-82670,0,0
-58269,0,0
-2603,0,0
-71464,0,0
-97863,0,0
22426,0,0
-57141,0,0
42083,0,0
43797,0,0
-122205,0,0
71154,0,0
20395,0,0
-220590,0,0
-142837,0,0
247369,0,0
130327,0,0
17447,0,0
-26940,0,0
45978,0,0
4722,0,0
-128884,0,0
-16276,0,0
47067,0,0
129092,0,0
1092,0,0
-48475,0,0
-78195,0,0
197336,0,0
105562,0,0
-84537,0,0
211254,0,0
-27851,0,0
-149626,0,0
15665,0,0
121560,0,0
-11194,0,0
83997,0,0
-127402,0,0
26442,0,0
258466,0,0
-34979,0,0
-50414,0,0
151815,0,0
5339,0,0
-155446,0,0
-54015,0,0
-131335,0,0
122682,0,0
122764,0,0
12240,0,0
73877,0,0
-53793,0,0
-228861,0,0
-150243,0,0
147293,0,0
35086,0,0
-5526,0,0
-192816,0,0
-37887,0,0
150397,0,0
-68121,0,0
-173339,0,0
-171061,0,0
-60212,0,0
-105163,0,0
-337,0,0
44877,0,0
52682,0,0
-96729,0,0
-195087,0,0
29736,0,0
-117729,0,0
-259234,0,0
-117034,0,0
247335,0,0
111835,0,0
-18588,0,0
-124098,0,0
-11987,0,0
122997,0,0
-136661,0,0
-128275,0,0
-120243,0,0
-81500,0,0
-42462,0,0
143451,0,0
-69790,0,0
143164,0,0
42084,0,0
-183270,0,0
23151,0,0
-79892,0,0
-178283,0,0
-64016,0,0
178395,0,0
54114,0,0
19930,0,0
-97351,0,0
-96552,0,0
60179,0,0
-122501,0,0
-68535,0,0
23146,0,0
-32287,0,0
-12352,0,0
18953,0,0
-136215,0,0
86427,0,0
169338,0,0
-86346,0,0
31961,0,0
-131302,0,0
-164812,0,0
19111,0,0
270518,0,0
3724,0,0
-26607,0,0
-60349,0,0
64093,0,0
121105,0,0
-137666,0,0
-3530,0,0
-49033,0,0
-129760,0,0
-97799,0,0
13411,0,0
6860,0,0
213090,0,0
65678,0,0
-149329,0,0
99713,0,0
-113053,0,0
-290980,0,0
-66015,0,0
222984,0,0
76620,0,0
33223,0,0
-76720,0,0
-33477,0,0
77202,0,0
-95169,0,0
39324,0,0
-34096,0,0
-15130,0,0
75096,0,0
37265,0,0
-198943,0,0
49632,0,0
121494,0,0
-23158,0,0
79363,0,0
-126072,0,0
-235732,0,0
-33210,0,0
171718,0,0
62161,0,0
80462,0,0
-23808,0,0
75061,0,0
175549,0,0
-125470,0,0
-190333,0,0
-147384,0,0
-63817,0,0
-12632,0,0
46352,0,0
-17245,0,0
383345,0,0
274002,0,0
-205745,0,0
-63959,0,0
-184958,0,0
-190481,0,0
64997,0,0
375038,0,0
3330,0,0
-28360,0,0
-9085,0,0
43959,0,0
205226,0,0
28209,0,0
-11795,0,0
-45990,0,0
-26749,0,0
-62405,0,0
28693,0,0
-49527,0,0
219181,0,0
244192,0,0
-6719,0,0
8790,0,0
-130932,0,0
-249005,0,0
-60882,0,0
173522,0,0
93987,0,0
147507,0,0
-105480,0,0
-22463,0,0
90111,0,0
-150802,0,0
37734,0,0
49191,0,0
-93353,0,0
-79504,0,0
79813,0,0
-127061,0,0
132264,0,0
96676,0,0
-50974,0,0
121203,0,0
-158499,0,0
-304650,0,0
27601,0,0
413078,0,0
142939,0,0
-38822,0,0
-187105,0,0
-9377,0,0
152115,0,0
-44970,0,0
-57247,0,0
-23066,0,0
-21861,0,0
15645,0,0
2177,0,0
-96447,0,0
86547,0,0
102186,0,0
-53574,0,0
282046,0,0
1252,0,0
-367507,0,0
-126456,0,0
199091,0,0
26573,0,0
-12163,0,0
-62421,0,0
145750,0,0
244943,0,0
-159621,0,0
-183585,0,0
-146278,0,0
-39050,0,0
-24252,0,0
65579,0,0
-76611,0,0
69566,0,0
28645,0,0
-204381,0,0
58,0,0
-138421,0,0
-231423,0,0
-11306,0,0
232104,0,0
3814,0,0
-25874,0,0
-202187,0,0
-12183,0,0
169992,0,0
-83785,0,0
-92294,0,0
-107827,0,0
-15522,0,0
-42741,0,0
-15149,0,0
-40863,0,0
170412,0,0
75091,0,0
-119235,0,0
157749,0,0
-94656,0,0
-286970,0,0
-7423,0,0
265004,0,0
-16225,0,0
-47765,0,0
-81501,0,0
64979,0,0
152342,0,0
-49455,0,0
40379,0,0
-51086,0,0
-50682,0,0
-90302,0,0
4834,0,0
-118657,0,0
166513,0,0
234050,0,0
-55541,0,0
5052,0,0
-124842,0,0
-191801,0,0
-41199,0,0
207760,0,0
52880,0,0
84448,0,0
-105285,0,0
-38304,0,0
117266,0,0
-31946,0,0
-20872,0,0
-18900,0,0
-31985,0,0
-63039,0,0
5404,0,0
-122444,0,0
180718,0,0
251661,0,0
-58221,0,0
-2655,0,0
-154740,0,0
-209501,0,0
-99611,0,0
224426,0,0
231184,0,0
19965,0,0
-162325,0,0
106376,0,0
188354,0,0
-53226,0,0
-27092,0,0
-602,0,0
-134882,0,0
-88959,0,0
63608,0,0
-115048,0,0
83930,0,0
208757,0,0
107000,0,0
128484,0,0
25698,0,0
-168070,0,0
-150103,0,0
75590,0,0
-10046,0,0
15881,0,0
-23676,0,0
108126,0,0
198621,0,0
-4830,0,0
-9155,0,0
-19802,0,0
50064,0,0
-21842,0,0
112260,0,0
6146,0,0
67821,0,0
135444,0,0
-46757,0,0
201270,0,0
-19784,0,0
-187973,0,0
70062,0,0
386868,0,0
110609,0,0
176225,0,0
54526,0,0
41318,0,0
175810,0,0
-34800,0,0
36330,0,0
30683,0,0
94053,0,0
37177,0,0
15503,0,0
-5894,0,0
249528,0,0
120243,0,0
-56455,0,0
174362,0,0
-15405,0,0
-165147,0,0
-3200,0,0
175978,0,0
-19892,0,0
43309,0,0
-84971,0,0
55340,0,0
116569,0,0
-109162,0,0
-45921,0,0
-39367,0,0
-90471,0,0
-129735,0,0
-41977,0,0
-156210,0,0
88395,0,0
74544,0,0
-135505,0,0
-5677,0,0
-150938,0,0
-299042,0,0
-126361,0,0
155215,0,0
26709,0,0
-18041,0,0
-250518,0,0
-92771,0,0
63230,0,0
-167459,0,0
-152303,0,0
-226349,0,0
-70323,0,0
-11196,0,0
27762,0,0
-121226,0,0
89510,0,0
-38061,0,0
-227246,0,0
40132,0,0
-25789,0,0
-307154,0,0
-288017,0,0
88294,0,0
22183,0,0
58100,0,0
-46522,0,0
-7127,0,0
114689,0,0
-212303,0,0
-107043,0,0
3447,0,0
-49970,0,0
-119051,0,0
112367,0,0
-53615,0,0
57664,0,0
-16262,0,0
-137108,0,0
150503,0,0
122508,0,0
-94192,0,0
-50995,0,0
132261,0,0
119026,0,0
73648,0,0
-130323,0,0
55435,0,0
200763,0,0
-25573,0,0
-12638,0,0
96201,0,0
88758,0,0
-48084,0,0
6073,0,0
-53150,0,0
121211,0,0
105225,0,0
20076,0,0
169659,0,0
-63804,0,0
-201685,0,0
-60309,0,0
213759,0,0
21420,0,0
9592,0,0
-93538,0,0
65428,0,0
220666,0,0
-150725,0,0
-126808,0,0
-113281,0,0
98487,0,0
-10505,0,0
-8874,0,0
-129716,0,0
32798,0,0
3339,0,0
-81252,0,0
100982,0,0
-62383,0,0
-214519,0,0
58384,0,0
230345,0,0
2739,0,0
-31776,0,0
-146436,0,0
20015,0,0
144744,0,0
-94583,0,0
-50905,0,0
-10474,0,0
-3814,0,0
-36547,0,0
29941,0,0
-59816,0,0
102728,0,0
53078,0,0
-114076,0,0
50498,0,0
-80544,0,0
-265326,0,0
66913,0,0
240558,0,0
27587,0,0
25718,0,0
-156739,0,0
-720,0,0
56543,0,0
-147833,0,0
-49003,0,0
-53546,0,0
-12246,0,0
35025,0,0
78131,0,0
-234475,0,0
-20440,0,0
41459,0,0
-65070,0,0
132710,0,0
17325,0,0
-149413,0,0
-179292,0,0
132003,0,0
83007,0,0
14613,0,0
-139444,0,0
67085,0,0
185592,0,0
-75141,0,0
-39046,0,0
53868,0,0
-40575,0,0
54228,0,0
153834,0,0
-105347,0,0
228400,0,0
193751,0,0
-36293,0,0
223362,0,0
80426,0,0
-157855,0,0
-143797,0,0
192909,0,0
137609,0,0
201752,0,0
12495,0,0
103320,0,0
227224,0,0
9117,0,0
97754,0,0
79369,0,0
94131,0,0
-137341,0,0
-7162,0,0
164120,0,0
311018,0,0
171188,0,0
-41741,0,0
147151,0,0
-26716,0,0
-44500,0,0
88282,0,0
234201,0,0
103841,0,0
63767,0,0
-47406,0,0
185189,0,0
243719,0,0
-75110,0,0
-24269,0,0
48931,0,0
-74278,0,0
-67300,0,0
32324,0,0
-14637,0,0
275107,0,0
44927,0,0
-118624,0,0
200650,0,0
-127313,0,0
-286634,0,0
-1049,0,0
338603,0,0
85376,0,0
30882,0,0
-24745,0,0
157216,0,0
182917,0,0
-92806,0,0
-31629,0,0
71898,0,0
72468,0,0
-34609,0,0
-145,0,0
-37401,0,0
297510,0,0
333017,0,0
-656,0,0
136973,0,0
40590,0,0
-300103,0,0
-153308,0,0
190801,0,0
214644,0,0
183502,0,0
445,0,0
110982,0,0
135732,0,0
-91022,0,0
-73664,0,0
-23235,0,0
-15402,0,0
-21744,0,0
119172,0,0
-11848,0,0
242104,0,0
181676,0,0
-155386,0,0
-45098,0,0
-160099,0,0
-80933,0,0
102318,0,0
229800,0,0
34045,0,0
48268,0,0
-26922,0,0
58425,0,0
33819,0,0
-176938,0,0
9453,0,0
118657,0,0
-11992,0,0
-103428,0,0
17642,0,0
-99529,0,0
137949,0,0
193571,0,0
-84301,0,0
140658,0,0
-116253,0,0
-291628,0,0
-64619,0,0
158189,0,0
41671,0,0
31615,0,0
-93521,0,0
59529,0,0
107509,0,0
-197803,0,0
-99735,0,0
-81663,0,0
-29377,0,0
-87889,0,0
-26363,0,0
-155266,0,0
47456,0,0
-1721,0,0
-112681,0,0
19658,0,0
-247307,0,0
-277424,0,0
-11164,0,0
185949,0,0
-24352,0,0
-52148,0,0
-220955,0,0
-88504,0,0
26932,0,0
-135107,0,0
-71153,0,0
-138822,0,0
-54185,0,0
-125411,0,0
-61779,0,0
-82178,0,0
269924,0,0
11249,0,0
-281104,0,0
-12633,0,0
-90478,0,0
-257288,0,0
2311,0,0
219255,0,0
73179,0,0
-14041,0,0
-175831,0,0
21652,0,0
14484,0,0
-80055,0,0
187541,0,0
93033,0,0
-147961,0,0
-163139,0,0
58327,0,0
17915,0,0
202897,0,0
124002,0,0
-118113,0,0
59385,0,0
-119243,0,0
-162083,0,0
-56835,0,0
292190,0,0
145026,0,0
-20418,0,0
-210537,0,0
81019,0,0
312733,0,0
-67330,0,0
-211270,0,0
-59013,0,0
-70150,0,0
-122795,0,0
35373,0,0
16992,0,0
114711,0,0
-20246,0,0
-59720,0,0
276069,0,0
-24068,0,0
-282617,0,0
-16746,0,0
138983,0,0
33551,0,0
61822,0,0
-51759,0,0
103427,0,0
193049,0,0
-59340,0,0
-92719,0,0
2315,0,0
62812,0,0
-12917,0,0
73208,0,0
-96117,0,0
136506,0,0
126448,0,0
-33554,0,0
65651,0,0
-139114,0,0
-192635,0,0
45693,0,0
157838,0,0
-80949,0,0
-90463,0,0
-108806,0,0
30407,0,0
70351,0,0
-159228,0,0
-104507,0,0
-73895,0,0
-165017,0,0
-207677,0,0
-59836,0,0
-129975,0,0
179867,0,0
12717,0,0
-230814,0,0
-15764,0,0
-221891,0,0
-300510,0,0
-144776,0,0
140661,0,0
77622,0,0
20064,0,0
-125407,0,0
-58727,0,0
1999,0,0
-169003,0,0
-85026,0,0
-16833,0,0
-35230,0,0
-97469,0,0
-390,0,0
-40909,0,0
109308,0,0
37231,0,0
-134703,0,0
87362,0,0
-73687,0,0
-194965,0,0
-83549,0,0
218845,0,0
124720,0,0
35294,0,0
-174990,0,0
47861,0,0
219136,0,0
-33217,0,0
13466,0,0
16678,0,0
-35,0,0
-5642,0,0
42447,0,0
-61238,0,0
162938,0,0
125667,0,0
-69421,0,0
99086,0,0
-10786,0,0
-172646,0,0
-14737,0,0
243898,0,0
169030,0,0
109617,0,0
-170093,0,0
17353,0,0
152455,0,0
-57734,0,0
128257,0,0
114227,0,0
-107938,0,0
-96180,0,0
71216,0,0
-33369,0,0
187044,0,0
99164,0,0
-47307,0,0
131614,0,0
-22739,0,0
-136878,0,0
17479,0,0
168479,0,0
-63394,0,0
-4771,0,0
-116726,0,0
8709,0,0
57670,0,0
-152838,0,0
-25315,0,0
-67613,0,0
-55816,0,0
-42203,0,0
67074,0,0
-187168,0,0
53243,0,0
26360,0,0
-193389,0,0
53113,0,0
-150137,0,0
-291159,0,0
-43221,0,0
246999,0,0
-5794,0,0
-80571,0,0
-130881,0,0
43934,0,0
78484,0,0
-175882,0,0
-34813,0,0
-169969,0,0
-169927,0,0
-56432,0,0
-11162,0,0
-81873,0,0
248877,0,0
70481,0,0
-227586,0,0
34319,0,0
-157709,0,0
-241794,0,0
-32056,0,0
47627,0,0
-19559,0,0
93661,0,0
-103671,0,0
58750,0,0
150077,0,0
-131360,0,0
-122955,0,0
-102447,0,0
4648,0,0
-159734,0,0
-53154,0,0
-84742,0,0
185250,0,0
116019,0,0
44929,0,0
235902,0,0
-158986,0,0
-238871,0,0
66694,0,0
223701,0,0
-9628,0,0
149426,0,0
49125,0,0
144547,0,0
301433,0,0
37133,0,0
2245,0,0
75436,0,0
70492,0,0
29865,0,0
185406,0,0
56901,0,0
234825,0,0
231653,0,0
91606,0,0
223765,0,0
-46411,0,0
-182028,0,0
66321,0,0
296598,0,0
97573,0,0
198460,0,0
-83349,0,0
57837,0,0
194204,0,0
27840,0,0
13862,0,0
25180,0,0
59284,0,0
213,0,0
70561,0,0
-35931,0,0
173352,0,0
65383,0,0
-88211,0,0
206997,0,0
-26458,0,0
-252661,0,0
-32756,0,0
204262,0,0
44416,0,0
-28210,0,0
-116116,0,0
63263,0,0
166183,0,0
-89053,0,0
-47025,0,0
-16806,0,0
-82433,0,0
-58012,0,0
-35007,0,0
-88308,0,0
192417,0,0
70859,0,0
-165992,0,0
82585,0,0
-158406,0,0
-272226,0,0
-29700,0,0
144464,0,0
55890,0,0
191294,0,0
-90134,0,0
-37859,0,0
131665,0,0
-184959,0,0
-147597,0,0
-92928,0,0
8261,0,0
45386,0,0
15422,0,0
-80711,0,0
148302,0,0
87715,0,0
-19383,0,0
193374,0,0
-158565,0,0
-332236,0,0
-30340,0,0
235799,0,0
129911,0,0
192654,0,0
-31022,0,0
-18899,0,0
45903,0,0
-92241,0,0
-54230,0,0
-35884,0,0
22232,0,0
-9534,0,0
42741,0,0
-45506,0,0
259947,0,0
175190,0,0
-119093,0,0
33585,0,0
-165885,0,0
-202215,0,0
-28097,0,0
186695,0,0
39193,0,0
62386,0,0
-77873,0,0
141602,0,0
120965,0,0
-176126,0,0
-116383,0,0
-34743,0,0
-37901,0,0
-51222,0,0
-25725,0,0
-149861,0,0
120606,0,0
91273,0,0
27113,0,0
136545,0,0
-232125,0,0
-329187,0,0
-25239,0,0
276688,0,0
12770,0,0
48041,0,0
-61138,0,0
-3842,0,0
91239,0,0
-85924,0,0
-29152,0,0
-90131,0,0
-127340,0,0
-22003,0,0
-251,0,0
-187729,0,0
288099,0,0
148649,0,0
-155697,0,0
124257,0,0
-96896,0,0
-203462,0,0
8715,0,0
84772,0,0
41751,0,0
142440,0,0
-89966,0,0
-83593,0,0
111027,0,0
-16831,0,0
67792,0,0
18631,0,0
-35526,0,0
-64277,0,0
-10019,0,0
-41298,0,0
239025,0,0
179616,0,0
-235318,0,0
22183,0,0
-42039,0,0
-247093,0,0
-127584,0,0
188077,0,0
-9834,0,0
54629,0,0
-66315,0,0
-268,0,0
7422,0,0
-244373,0,0
-132401,0,0
-71077,0,0
56840,0,0
87579,0,0
7588,0,0
-193197,0,0
51226,0,0
17502,0,0
-175704,0,0
186946,0,0
-37777,0,0
-228313,0,0
-66677,0,0
295392,0,0
103369,0,0
26550,0,0
-37389,0,0
139366,0,0
224516,0,0
-156538,0,0
-27933,0,0
16115,0,0
4557,0,0
-43444,0,0
127163,0,0
19240,0,0
241936,0,0
152143,0,0
-36604,0,0
226526,0,0
-81782,0,0
-275881,0,0
-38401,0,0
341011,0,0
255943,0,0
145741,0,0
-8797,0,0
125446,0,0
207853,0,0
-47800,0,0
21699,0,0
41070,0,0
102062,0,0
150744,0,0
167645,0,0
15692,0,0
274978,0,0
191754,0,0
-42252,0,0
180253,0,0
152210,0,0
8403,0,0
11785,0,0
179124,0,0
48537,0,0
93212,0,0
291,0,0
109623,0,0
251734,0,0
12841,0,0
118048,0,0
-70977,0,0
-157490,0,0
-38595,0,0
34635,0,0
20269,0,0
219579,0,0
100810,0,0
-131492,0,0
41191,0,0
-140532,0,0
-340936,0,0
-158211,0,0
400471,0,0
290060,0,0
25481,0,0
-300370,0,0
18635,0,0
126956,0,0
-198392,0,0
-62946,0,0
91632,0,0
29501,0,0
-46838,0,0
65922,0,0
-127211,0,0
126595,0,0
91784,0,0
-97982,0,0
71305,0,0
-140906,0,0
-134656,0,0
43880,0,0
99646,0,0
-64488,0,0
-13435,0,0
-48122,0,0
-13075,0,0
20991,0,0
-199024,0,0
-94176,0,0
3827,0,0
-39432,0,0
-208627,0,0
8638,0,0
-49243,0,0
137400,0,0
-3175,0,0
-106337,0,0
84743,0,0
-170875,0,0
-238307,0,0
-56161,0,0
103261,0,0
82900,0,0
88305,0,0
-201573,0,0
7190,0,0
174006,0,0
-160477,0,0
-81331,0,0
-64124,0,0
-106324,0,0
-109052,0,0
-25922,0,0
-64338,0,0
65582,0,0
-45224,0,0
-165812,0,0
99187,0,0
-82062,0,0
-210718,0,0
-91074,0,0
111908,0,0
32813,0,0
-42194,0,0
-150185,0,0
18430,0,0
115237,0,0
-160589,0,0
-130115,0,0
-62927,0,0
-20386,0,0
-36556,0,0
-8331,0,0
-133114,0,0
134854,0,0
78232,0,0
-280903,0,0
-19706,0,0
-115129,0,0
-215485,0,0
-36004,0,0
194240,0,0
-24501,0,0
-108601,0,0
-219973,0,0
10414,0,0
129479,0,0
-142929,0,0
-112134,0,0
-57832,0,0
80452,0,0
-84821,0,0
-49885,0,0
-100872,0,0
124202,0,0
-39115,0,0
-180403,0,0
258599,0,0
-100341,0,0
-355770,0,0
3538,0,0
359738,0,0
-12174,0,0
-60267,0,0
-104913,0,0
-40364,0,0
103805,0,0
-70870,0,0
50561,0,0
-13908,0,0
-347,0,0
22650,0,0
-4191,0,0
-167593,0,0
241868,0,0
149865,0,0
-5738,0,0
119695,0,0
-44349,0,0
-104304,0,0
6528,0,0
165161,0,0
92458,0,0
88354,0,0
-96304,0,0
51869,0,0
208381,0,0
-174693,0,0
-87622,0,0
9830,0,0
-60292,0,0
6506,0,0
81678,0,0
-90680,0,0
68347,0,0
-52369,0,0
-135204,0,0
107277,0,0
-160364,0,0
-202927,0,0
31712,0,0
126159,0,0
-42285,0,0
-59015,0,0
-173304,0,0
103223,0,0
248918,0,0
-165226,0,0
-139376,0,0
-97385,0,0
-50853,0,0
-19157,0,0
66770,0,0
-95673,0,0
74516,0,0
44867,0,0
-63712,0,0
62244,0,0
-145649,0,0
-170707,0,0
-33339,0,0
189003,0,0
87109,0,0
128240,0,0
-192724,0,0
-12636,0,0
103538,0,0
-71190,0,0
-9011,0,0
-112823,0,0
-70778,0,0
64541,0,0
43998,0,0
-39181,0,0
264159,0,0
85774,0,0
-105294,0,0
-1685,0,0
-159055,0,0
-108743,0,0
74263,0,0
149465,0,0
85989,0,0
119272,0,0
-153341,0,0
14755,0,0
101476,0,0
-111894,0,0
-31914,0,0
-60563,0,0
-32357,0,0
87820,0,0
5718,0,0
-225040,0,0
96792,0,0
-40512,0,0
-135887,0,0
134403,0,0
56278,0,0
-192148,0,0
-150611,0,0
164766,0,0
54775,0,0
20896,0,0
-86288,0,0
73826,0,0
132763,0,0
-109554,0,0
-92038,0,0
-77659,0,0
-2342,0,0
14071,0,0
190292,0,0
-61279,0,0
247241,0,0
157613,0,0
-104144,0,0
104352,0,0
-91042,0,0
-195542,0,0
102457,0,0
244993,0,0
70424,0,0
49902,0,0
-120722,0,0
110830,0,0
215373,0,0
-79727,0,0
-28257,0,0
-5671,0,0
-64001,0,0
-86734,0,0
82043,0,0
-13206,0,0
193870,0,0
59473,0,0
-163076,0,0
83403,0,0
-192860,0,0
-268653,0,0
-41587,0,0
160595,0,0
-138,0,0
-19268,0,0
-159065,0,0
-45389,0,0
45002,0,0
-144575,0,0
-27924,0,0
-67418,0,0
17929,0,0
-151852,0,0
-164665,0,0
-108858,0,0
202073,0,0
93736,0,0
-144418,0,0
33494,0,0
-127679,0,0
-266325,0,0
-18996,0,0
239666,0,0
96778,0,0
42023,0,0
-170864,0,0
121433,0,0
159365,0,0
-147762,0,0
-76471,0,0
-60992,0,0
-47405,0,0
-38654,0,0
211174,0,0
-49591,0,0
111526,0,0
22838,0,0
-191233,0,0
81269,0,0
-26271,0,0
-62348,0,0
166132,0,0
218606,0,0
-69772,0,0
-9484,0,0
-239632,0,0
57767,0,0
302647,0,0
61458,0,0
19322,0,0
-5596,0,0
-108454,0,0
-153050,0,0
-22982,0,0
37745,0,0
258859,0,0
76628,0,0
-77337,0,0
139373,0,0
-187601,0,0
-231479,0,0
21359,0,0
109321,0,0
78153,0,0
255063,0,0
-144091,0,0
-148575,0,0
112787,0,0
-125245,0,0
-14584,0,0
-671,0,0
-24067,0,0
-61517,0,0
76764,0,0
-107321,0,0
160554,0,0
118762,0,0
-130424,0,0
52715,0,0
-88861,0,0
-172396,0,0
-51285,0,0
157820,0,0
64678,0,0
699,0,0
-203400,0,0
41697,0,0
158110,0,0
-117382,0,0
-145739,0,0
-46996,0,0
-62832,0,0
-162462,0,0
-27844,0,0
-90014,0,0
114734,0,0
6374,0,0
-135407,0,0
49951,0,0
-148895,0,0
-304682,0,0
-76956,0,0
201509,0,0
-82412,0,0
-79046,0,0
-173594,0,0
61652,0,0
65125,0,0
-197551,0,0
-69391,0,0
-64907,0,0
-76046,0,0
-31749,0,0
-35120,0,0
-163526,0,0
158021,0,0
8194,0,0
-130470,0,0
74047,0,0
-158607,0,0
-225275,0,0
-50355,0,0
336226,0,0
206424,0,0
-36612,0,0
-220821,0,0
11928,0,0
132190,0,0
-47554,0,0
45746,0,0
-57741,0,0
-69996,0,0
71466,0,0
127933,0,0
-89821,0,0
96781,0,0
-34356,0,0
-46194,0,0
362217,0,0
100115,0,0
-239460,0,0
-122438,0,0
187784,0,0
123037,0,0
145772,0,0
-66464,0,0
140566,0,0
92135,0,0
-90106,0,0
68172,0,0
59439,0,0
25683,0,0
112450,0,0
53270,0,0
-85357,0,0
237376,0,0
63649,0,0
-33261,0,0
203281,0,0
-49936,0,0
-110169,0,0
36481,0,0
306834,0,0
53140,0,0
10528,0,0
-84628,0,0
154264,0,0
202571,0,0
-110201,0,0
48198,0,0
-64247,0,0
-75026,0,0
119694,0,0
199135,0,0
-132866,0,0
242580,0,0
298461,0,0
10646,0,0
36279,0,0
-177398,0,0
-106935,0,0
30307,0,0
179454,0,0
104079,0,0
165304,0,0
69282,0,0
144457,0,0
128540,0,0
-58338,0,0
-8760,0,0
20437,0,0
20825,0,0
-100784,0,0
31481,0,0
-2640,0,0
168917,0,0
87494,0,0
-83010,0,0
10235,0,0
-95853,0,0
-107196,0,0
38071,0,0
100000,0,0
70626,0,0
30272,0,0
-143054,0,0
40100,0,0
141269,0,0
-112543,0,0
16927,0,0
-16635,0,0
-48857,0,0
-80592,0,0
29631,0,0
-74391,0,0
217069,0,0
145760,0,0
-8641,0,0
239098,0,0
-127042,0,0
-272485,0,0
-21071,0,0
172722,0,0
136139,0,0
179982,0,0
-54295,0,0
69158,0,0
171073,0,0
-60712,0,0
-86810,0,0
1613,0,0
26417,0,0
31086,0,0
139962,0,0
-50845,0,0
216661,0,0
102521,0,0
-120156,0,0
109862,0,0
-47194,0,0
-86231,0,0
-81393,0,0
79883,0,0
45133,0,0
-53593,0,0
-118171,0,0
156126,0,0
236531,0,0
-75859,0,0
-92458,0,0
-155389,0,0
-110762,0,0
-45,0,0
11079,0,0
-114803,0,0
214785,0,0
96532,0,0
-69018,0,0
102224,0,0
-176837,0,0
-100847,0,0
51510,0,0
212085,0,0
89435,0,0
20020,0,0
-189601,0,0
72005,0,0
200296,0,0
-106103,0,0
-8648,0,0
-41890,0,0
-86878,0,0
-33078,0,0
12423,0,0
-28461,0,0
217563,0,0
85269,0,0
-90844,0,0
61252,0,0
-139063,0,0
-160705,0,0
36367,0,0
148511,0,0
19436,0,0
139074,0,0
-102492,0,0
254,0,0
224368,0,0
69079,0,0
-27460,0,0
-78288,0,0
61093,0,0
-19123,0,0
-66363,0,0
-55590,0,0
195877,0,0
101501,0,0
-115475,0,0
144332,0,0
-17897,0,0
-179250,0,0
-45422,0,0
146661,0,0
16453,0,0
46307,0,0
-103873,0,0
36532,0,0
51142,0,0
-85951,0,0
-15005,0,0
-2106,0,0
-113042,0,0
-115749,0,0
11898,0,0
-56938,0,0
241381,0,0
72247,0,0
-185524,0,0
17491,0,0
-115559,0,0
-141105,0,0
-53214,0,0
139001,0,0
82617,0,0
42030,0,0
-51588,0,0
110477,0,0
193348,0,0
-58210,0,0
-48082,0,0
24619,0,0
-963,0,0
88745,0,0
90092,0,0
-50603,0,0
344939,0,0
188485,0,0
-81921,0,0
158927,0,0
-38592,0,0
-142802,0,0
45067,0,0
231404,0,0
85546,0,0
121315,0,0
-47150,0,0
-2750,0,0
62919,0,0
-129374,0,0
-88030,0,0
-84971,0,0
-67598,0,0
64117,0,0
163386,0,0
-105821,0,0
50808,0,0
-125232,0,0
-299088,0,0
-17389,0,0
-16307,0,0
-8112,0,0
-19505,0,0
56062,0,0
-84575,0,0
-84236,0,0
-172434,0,0
66176,0,0
208015,0,0
-69258,0,0
-139428,0,0
-117676,0,0
-96778,0,0
-96251,0,0
42328,0,0
-119929,0,0
75061,0,0
98157,0,0
-55426,0,0
76160,0,0
-173260,0,0
-206771,0,0
-36383,0,0
147297,0,0
13038,0,0
42558,0,0
-179235,0,0
61827,0,0
286486,0,0
-17585,0,0
-70642,0,0
-169123,0,0
-45608,0,0
-39067,0,0
84806,0,0
-76536,0,0
126739,0,0
28731,0,0
-103654,0,0
271359,0,0
-12239,0,0
-371821,0,0
-77883,0,0
174057,0,0
131864,0,0
-13007,0,0
-260543,0,0
522,0,0
100004,0,0
-152463,0,0
-63495,0,0
-130707,0,0
-162015,0,0
15088,0,0
61472,0,0
-190376,0,0
123542,0,0
61790,0,0
-145492,0,0
-30545,0,0
-205427,0,0
-235310,0,0
-16390,0,0
196011,0,0
72170,0,0
6830,0,0
-143118,0,0
31719,0,0
142606,0,0
-202615,0,0
-126496,0,0
-117439,0,0
-21520,0,0
3244,0,0
112059,0,0
-73117,0,0
160999,0,0
53243,0,0
-110719,0,0
87767,0,0
-63870,0,0
-238966,0,0
-69639,0,0
219741,0,0
143340,0,0
38245,0,0
-179539,0,0
80005,0,0
204519,0,0
891,0,0
57988,0,0
-52473,0,0
-163188,0,0
-58264,0,0
180277,0,0
87641,0,0
201698,0,0
-15773,0,0
-128040,0,0
158335,0,0
-14662,0,0
-165390,0,0
94125,0,0
305889,0,0
41806,0,0
-2402,0,0
-168860,0,0
95347,0,0
213004,0,0
-83463,0,0
41573,0,0
67663,0,0
-843,0,0
3278,0,0
24549,0,0
-177293,0,0
174552,0,0
79971,0,0
-117228,0,0
142719,0,0
72892,0,0
-53745,0,0
-94628,0,0
150255,0,0
-14957,0,0
20031,0,0
-121813,0,0
60305,0,0
204057,0,0
-83300,0,0
-165636,0,0
-101849,0,0
-35802,0,0
-4828,0,0
67654,0,0
-99900,0,0
121132,0,0
67057,0,0
-234073,0,0
-78862,0,0
-154227,0,0
-238764,0,0
2939,0,0
324294,0,0
5600,0,0
-77339,0,0
-210033,0,0
6458,0,0
102432,0,0
-164284,0,0
-2144,0,0
14573,0,0
-39197,0,0
-37638,0,0
79372,0,0
-197841,0,0
61780,0,0
68680,0,0
-66733,0,0
207421,0,0
-109779,0,0
-95611,0,0
38038,0,0
157426,0,0
31658,0,0
53075,0,0
-158901,0,0
43240,0,0
185748,0,0
47493,0,0
18927,0,0
4212,0,0
-5408,0,0
-12122,0,0
17359,0,0
-55387,0,0
253296,0,0
114461,0,0
-47629,0,0
187176,0,0
-156329,0,0
-294476,0,0
-98123,0,0
225162,0,0
238892,0,0
153913,0,0
-337670,0,0
-37424,0,0
288536,0,0
-78865,0,0
-107191,0,0
-187082,0,0
-119715,0,0
-55392,0,0
50458,0,0
-55480,0,0
240130,0,0
20953,0,0
-168486,0,0
57972,0,0
-145505,0,0
-135621,0,0
-1368,0,0
161464,0,0
-63774,0,0
-15711,0,0
-102734,0,0
162201,0,0
174136,0,0
-158031,0,0
-114030,0,0
-99140,0,0
-94619,0,0
69398,0,0
142532,0,0
-98651,0,0
196552,0,0
137839,0,0
-114010,0,0
64875,0,0
-178995,0,0
-206714,0,0
41560,0,0
236338,0,0
115592,0,0
83941,0,0
-222218,0,0
62495,0,0
202304,0,0
-141813,0,0
12544,0,0
-48417,0,0
-117650,0,0
-103580,0,0
10832,0,0
-81069,0,0
161146,0,0
-10851,0,0
-27769,0,0
146718,0,0
-140336,0,0
-263217,0,0
-69718,0,0
120824,0,0
53234,0,0
46861,0,0
-207156,0,0
99399,0,0
186328,0,0
-153479,0,0
9175,0,0
7947,0,0
-56180,0,0
13268,0,0
105008,0,0
24508,0,0
255182,0,0
46714,0,0
-151653,0,0
84435,0,0
47565,0,0
-99383,0,0
81576,0,0
236956,0,0
85255,0,0
194776,0,0
-113504,0,0
43028,0,0
125710,0,0
-103771,0,0
14813,0,0
30068,0,0
49716,0,0
48864,0,0
43975,0,0
-65251,0,0
149908,0,0
45893,0,0
24452,0,0
77687,0,0
-190791,0,0
-117253,0,0
18129,0,0
129416,0,0
6530,0,0
71961,0,0
-181110,0,0
24717,0,0
99120,0,0
-83946,0,0
-79073,0,0
-167119,0,0
-81818,0,0
-51218,0,0
-57305,0,0
-181741,0,0
134767,0,0
57795,0,0
-123504,0,0
17113,0,0
-130250,0,0
-194938,0,0
-141736,0,0
36378,0,0
-92610,0,0
-8209,0,0
-38395,0,0
105775,0,0
81346,0,0
-150782,0,0
-108801,0,0
-165358,0,0
-90831,0,0
8725,0,0
177119,0,0
-77791,0,0
29320,0,0
88175,0,0
-133227,0,0
-43747,0,0
-29298,0,0
15190,0,0
-39231,0,0
135439,0,0
65102,0,0
133526,0,0
-60081,0,0
110573,0,0
97872,0,0
-16706,0,0
49456,0,0
-20437,0,0
-151272,0,0
-59371,0,0
154359,0,0
7774,0,0
235315,0,0
1457,0,0
-18365,0,0
171212,0,0
-233374,0,0
-214468,0,0
95294,0,0
163410,0,0
-14530,0,0
35747,0,0
-149719,0,0
91598,0,0
154739,0,0
-162988,0,0
-108654,0,0
-76428,0,0
-13023,0,0
58087,0,0
55345,0,0
-204841,0,0
115525,0,0
29505,0,0
23546,0,0
182473,0,0
-211082,0,0
-247374,0,0
19564,0,0
176226,0,0
99830,0,0
170232,0,0
-60108,0,0
14984,0,0
103560,0,0
-135279,0,0
32195,0,0
11316,0,0
-25378,0,0
27292,0,0
101976,0,0
53989,0,0
176113,0,0
-55171,0,0
-159511,0,0
158417,0,0
-39787,0,0
-26711,0,0
56588,0,0
11142,0,0
-47771,0,0
143133,0,0
-148583,0,0
14294,0,0
90903,0,0
-82777,0,0
83528,0,0
-49915,0,0
-143199,0,0
-73479,0,0
50747,0,0
-174379,0,0
160933,0,0
22819,0,0
-138383,0,0
127947,0,0
-122568,0,0
-194345,0,0
8794,0,0
180006,0,0
62697,0,0
-27823,0,0
-226662,0,0
-4951,0,0
12694,0,0
-138772,0,0
150081,0,0
22300,0,0
-63607,0,0
30907,0,0
1578,0,0
-151622,0,0
271970,0,0
67261,0,0
-170541,0,0
130037,0,0
-55142,0,0
-100654,0,0
18817,0,0
183355,0,0
98647,0,0
68635,0,0
-85404,0,0
120342,0,0
214221,0,0
-82784,0,0
-32951,0,0
-6861,0,0
-57334,0,0
-39332,0,0
90650,0,0
-55213,0,0
148646,0,0
85769,0,0
-55574,0,0
58813,0,0
-135016,0,0
-214910,0,0
8854,0,0
226754,0,0
95443,0,0
5904,0,0
-230872,0,0
91903,0,0
179072,0,0
-145086,0,0
-106553,0,0
-38342,0,0
-6463,0,0
-99808,0,0
-28347,0,0
-75179,0,0
212669,0,0
55801,0,0
-112465,0,0
135267,0,0
-112629,0,0
-208722,0,0
-20026,0,0
209714,0,0
27142,0,0
-49462,0,0
-148268,0,0
101440,0,0
83096,0,0
-145127,0,0
26473,0,0
20811,0,0
-33928,0,0
29937,0,0
27210,0,0
-82292,0,0
180772,0,0
75866,0,0
-92147,0,0
156430,0,0
-149275,0,0
-145357,0,0
55496,0,0
187730,0,0
115921,0,0
71160,0,0
-150853,0,0
71439,0,0
170142,0,0
-77961,0,0
-60169,0,0
-70549,0,0
-155492,0,0
-120516,0,0
98602,0,0
-28406,0,0
96714,0,0
-9991,0,0
-32967,0,0
169560,0,0
-222676,0,0
-335654,0,0
-43698,0,0
155555,0,0
-1377,0,0
163346,0,0
33939,0,0
69586,0,0
24678,0,0
-318513,0,0
-54382,0,0
144785,0,0
83371,0,0
-18823,0,0
57312,0,0
-28933,0,0
184221,0,0
19848,0,0
-163295,0,0
173232,0,0
-76369,0,0
-110435,0,0
162128,0,0
128880,0,0
-8007,0,0
69329,0,0
-157516,0,0
73220,0,0
212059,0,0
-96367,0,0
-133361,0,0
-94216,0,0
1418,0,0
-46724,0,0
45303,0,0
-15755,0,0
101415,0,0
-66923,0,0
-146799,0,0
68272,0,0
-244194,0,0
-202698,0,0
-37710,0,0
51657,0,0
-11306,0,0
108455,0,0
-147835,0,0
-98843,0,0
-28867,0,0
-131647,0,0
-30497,0,0
-112757,0,0
-87550,0,0
-65975,0,0
-23480,0,0
-64000,0,0
227986,0,0
-44328,0,0
-121209,0,0
122979,0,0
-154646,0,0
-241810,0,0
81103,0,0
291394,0,0
35553,0,0
50860,0,0
-144685,0,0
13817,0,0
101408,0,0
-107734,0,0
5418,0,0
102795,0,0
141718,0,0
-90105,0,0
-64738,0,0
-230137,0,0
197341,0,0
106078,0,0
-243905,0,0
99874,0,0
-8295,0,0
-186573,0,0
98307,0,0
239914,0,0
71952,0,0
34792,0,0
-191582,0,0
-19540,0,0
54058,0,0
-93505,0,0
17766,0,0
-14162,0,0
-15608,0,0
117705,0,0
-3934,0,0
-149701,0,0
222215,0,0
99084,0,0
-46069,0,0
101779,0,0
-113780,0,0
-201397,0,0
-215975,0,0
62315,0,0
29837,0,0
162488,0,0
-58256,0,0
97592,0,0
119428,0,0
-167167,0,0
-135553,0,0
-111042,0,0
-70541,0,0
-21615,0,0
66088,0,0
-56509,0,0
201501,0,0
15909,0,0
-116118,0,0
132154,0,0
-100281,0,0
-135286,0,0
38296,0,0
177180,0,0
-13709,0,0
56107,0,0
-48586,0,0
109990,0,0
151137,0,0
-108558,0,0
51999,0,0
11642,0,0
-90573,0,0
-102742,0,0
26704,0,0
33261,0,0
275651,0,0
-1746,0,0
-75925,0,0
137475,0,0
-145118,0,0
-203872,0,0
30930,0,0
167827,0,0
48225,0,0
49314,0,0
-108754,0,0
65585,0,0
114436,0,0
-103976,0,0
-40627,0,0
-109104,0,0
-57092,0,0
-12513,0,0
93536,0,0
-116943,0,0
273988,0,0
134888,0,0
-116135,0,0
121391,0,0
-124676,0,0
-109764,0,0
55657,0,0
160435,0,0
122951,0,0
43066,0,0
-155662,0,0
111440,0,0
153378,0,0
61283,0,0
138133,0,0
-68541,0,0
-133033,0,0
5782,0,0
176237,0,0
51708,0,0
348523,0,0
115638,0,0
-121183,0,0
116771,0,0
-77590,0,0
-155076,0,0
-7171,0,0
230561,0,0
92581,0,0
62320,0,0
-70130,0,0
203562,0,0
146555,0,0
-59392,0,0
88465,0,0
-108532,0,0
-187563,0,0
-39319,0,0
23130,0,0
-119513,0,0
152671,0,0
72905,0,0
-113377,0,0
110252,0,0
-150751,0,0
-358255,0,0
-89902,0,0
156776,0,0
47595,0,0
35744,0,0
-244727,0,0
10963,0,0
139160,0,0
-237709,0,0
-208127,0,0
-132030,0,0
-39315,0,0
-122297,0,0
-126436,0,0
-110434,0,0
272937,0,0
100226,0,0
-186546,0,0
97145,0,0
-191564,0,0
-294654,0,0
-110368,0,0
103670,0,0
26724,0,0
83288,0,0
-187957,0,0
60778,0,0
87537,0,0
-70818,0,0
20211,0,0
-15502,0,0
-71898,0,0
-740,0,0
26779,0,0
-148043,0,0
158541,0,0
77578,0,0
-139369,0,0
178190,0,0
-17609,0,0
-32842,0,0
74914,0,0
169509,0,0
43265,0,0
42691,0,0
-13237,0,0
171606,0,0
51521,0,0
-155732,0,0
94997,0,0
162689,0,0
160345,0,0
70608,0,0
-54345,0,0
-197506,0,0
306855,0,0
145451,0,0
-52972,0,0
134460,0,0
-104921,0,0
-85654,0,0
84429,0,0
134931,0,0
17891,0,0
17408,0,0
-197464,0,0
100130,0,0
162895,0,0
9875,0,0
127095,0,0
-209443,0,0
-327678,0,0
-77853,0,0
33564,0,0
-35384,0,0
269808,0,0
-3400,0,0
-194474,0,0
26678,0,0
-248104,0,0
-291666,0,0
-34609,0,0
224418,0,0
99715,0,0
30421,0,0
-281663,0,0
-153288,0,0
-42395,0,0
-171610,0,0
-13156,0,0
-29955,0,0
-80933,0,0
23477,0,0
29014,0,0
-242116,0,0
98214,0,0
5688,0,0
-177573,0,0
-26138,0,0
-210127,0,0
-204393,0,0
56385,0,0
208307,0,0
38877,0,0
-8493,0,0
-116289,0,0
29607,0,0
25172,0,0
-222728,0,0
-67181,0,0
-53269,0,0
-30782,0,0
54056,0,0
162437,0,0
-142356,0,0
113993,0,0
27461,0,0
-151666,0,0
184374,0,0
-21865,0,0
-223143,0,0
-45289,0,0
175564,0,0
151068,0,0
135668,0,0
-86774,0,0
43112,0,0
88106,0,0
-153834,0,0
-67831,0,0
-71205,0,0
-61702,0,0
31072,0,0
202380,0,0
32686,0,0
185206,0,0
-27148,0,0
-94225,0,0
154930,0,0
-125152,0,0
-159885,0,0
7394,0,0
250126,0,0
211428,0,0
123024,0,0
-129948,0,0
138469,0,0
126969,0,0
-53296,0,0
146096,0,0
32811,0,0
-44194,0,0
52319,0,0
68193,0,0
-63534,0,0
234420,0,0
94279,0,0
38729,0,0
202551,0,0
-110525,0,0
-210307,0,0
-64480,0,0
263645,0,0
224017,0,0
41764,0,0
-123732,0,0
59476,0,0
86053,0,0
-154386,0,0
-39056,0,0
47110,0,0
130090,0,0
-58559,0,0
4736,0,0
7446,0,0
269987,0,0
14912,0,0
-153283,0,0
119880,0,0
-121288,0,0
-98124,0,0
161046,0,0
194888,0,0
-6037,0,0
-8041,0,0
-105123,0,0
197068,0,0
198556,0,0
-111463,0,0
36317,0,0
-29818,0,0
-80666,0,0
-6318,0,0
34054,0,0
-5064,0,0
189120,0,0
-18479,0,0
-136147,0,0
176633,0,0
-29014,0,0
-185365,0,0
-53309,0,0
46727,0,0
34268,0,0
170760,0,0
-8216,0,0
81514,0,0
75510,0,0
-215541,0,0
-75361,0,0
-63582,0,0
-67103,0,0
15562,0,0
106999,0,0
-15529,0,0
173339,0,0
-56609,0,0
-67003,0,0
227725,0,0
-144891,0,0
-218575,0,0
-4908,0,0
134819,0,0
13839,0,0
74800,0,0
-100295,0,0
151649,0,0
135768,0,0
-231133,0,0
-159914,0,0
-103869,0,0
11549,0,0
-36994,0,0
-69497,0,0
-135270,0,0
375513,0,0
115221,0,0
-159008,0,0
57058,0,0
-232704,0,0
-335240,0,0
-19601,0,0
178569,0,0
62038,0,0
113478,0,0
-12006,0,0
121270,0,0
147215,0,0
-182243,0,0
-7718,0,0
-28980,0,0
-13203,0,0
43139,0,0
108125,0,0
-23081,0,0
237666,0,0
133644,0,0
-58939,0,0
162405,0,0
-102226,0,0
-172275,0,0
94853,0,0
223955,0,0
81291,0,0
51740,0,0
-183508,0,0
67351,0,0
139717,0,0
-114194,0,0
-6090,0,0
-32892,0,0
-86451,0,0
8249,0,0
133199,0,0
-178453,0,0
93982,0,0
69808,0,0
-67613,0,0
68280,0,0
-233631,0,0
-241439,0,0
-24179,0,0
139664,0,0
-2934,0,0
141259,0,0
-102871,0,0
4884,0,0
-36961,0,0
-263441,0,0
-11798,0,0
19658,0,0
-99889,0,0
-74919,0,0
-19972,0,0
-89466,0,0
280324,0,0
70914,0,0
-296383,0,0
-10280,0,0
-134406,0,0
-86153,0,0
79523,0,0
287289,0,0
59098,0,0
457,0,0
-173832,0,0
75261,0,0
169585,0,0
-146467,0,0
-52700,0,0
-84645,0,0
-28113,0,0
6477,0,0
27625,0,0
13586,0,0
190755,0,0
-38755,0,0
-184156,0,0
146892,0,0
-129307,0,0
-221883,0,0
-80556,0,0
96608,0,0
-5164,0,0
-25113,0,0
-192694,0,0
87154,0,0
241734,0,0
-75624,0,0
-115279,0,0
-246693,0,0
-162254,0,0
-66778,0,0
-65140,0,0
-75191,0,0
334365,0,0
7178,0,0
-145781,0,0
177624,0,0
-205620,0,0
-276063,0,0
-103772,0,0
115285,0,0
30769,0,0
103648,0,0
29893,0,0
209047,0,0
71866,0,0
-244873,0,0
-163649,0,0
-104781,0,0
-42129,0,0
109957,0,0
119379,0,0
-48963,0,0
209070,0,0
34130,0,0
-158421,0,0
134579,0,0
-119516,0,0
-229205,0,0
-24506,0,0
177220,0,0
80864,0,0
13822,0,0
-178762,0,0
143363,0,0
221487,0,0
-116442,0,0
-96036,0,0
-928,0,0
-20956,0,0
-55744,0,0
34451,0,0
-43403,0,0
233303,0,0
26640,0,0
-61283,0,0
269216,0,0
-32031,0,0
-150470,0,0
15868,0,0
196896,0,0
129461,0,0
88393,0,0
-126312,0,0
147440,0,0
212818,0,0
-163327,0,0
-40353,0,0
11047,0,0
44999,0,0
9632,0,0
78185,0,0
6898,0,0
226235,0,0
-49181,0,0
-117147,0,0
215590,0,0
-52599,0,0
-167966,0,0
-23818,0,0
187476,0,0
106634,0,0
109538,0,0
-188582,0,0
109275,0,0
213578,0,0
-144212,0,0
-32686,0,0
-20306,0,0
53212,0,0
-2699,0,0
77943,0,0
-99945,0,0
93215,0,0
19696,0,0
-104639,0,0
76599,0,0
-225861,0,0
-190838,0,0
21588,0,0
150611,0,0
24740,0,0
68451,0,0
-136245,0,0
-10370,0,0
94246,0,0
-129081,0,0
-8117,0,0
-38155,0,0
-204547,0,0
-35959,0,0
68969,0,0
-79359,0,0
195448,0,0
-2921,0,0
-181268,0,0
268454,0,0
-73034,0,0
-196093,0,0
-92893,0,0
170868,0,0
103387,0,0
-65347,0,0
-294741,0,0
-40168,0,0
110866,0,0
-41703,0,0
86128,0,0
6441,0,0
-65805,0,0
-64028,0,0
-42478,0,0
-141485,0,0
154458,0,0
1869,0,0
-204930,0,0
154238,0,0
-95649,0,0
-174447,0,0
-23979,0,0
96141,0,0
84098,0,0
177837,0,0
-165860,0,0
-59228,0,0
72685,0,0
-169986,0,0
-56959,0,0
-24544,0,0
-11188,0,0
102195,0,0
21262,0,0
-240288,0,0
168138,0,0
53486,0,0
-119724,0,0
134919,0,0
-143356,0,0
-165068,0,0
51936,0,0
164886,0,0
37037,0,0
75951,0,0
-183029,0,0
34391,0,0
127965,0,0
-104445,0,0
-42744,0,0
-148137,0,0
-153970,0,0
85773,0,0
195047,0,0
-149395,0,0
8508,0,0
59417,0,0
-75984,0,0
144716,0,0
-43534,0,0
-179150,0,0
-86779,0,0
125684,0,0
74337,0,0
67787,0,0
-123192,0,0
96250,0,0
117361,0,0
-170339,0,0
-28738,0,0
-11065,0,0
59307,0,0
-29680,0,0
-60720,0,0
-155823,0,0
250269,0,0
51880,0,0
-84988,0,0
43603,0,0
-214191,0,0
-256583,0,0
43140,0,0
93720,0,0
-67655,0,0
99533,0,0
3620,0,0
41725,0,0
3420,0,0
-278852,0,0
-98693,0,0
-104361,0,0
-111152,0,0
31905,0,0
53703,0,0
-221158,0,0
173444,0,0
88503,0,0
-89666,0,0
6099,0,0
-199339,0,0
-174518,0,0
15237,0,0
181342,0,0
-119912,0,0
-22670,0,0
-173071,0,0
134843,0,0
275682,0,0
-7372,0,0
-100490,0,0
-186035,0,0
-124286,0,0
7547,0,0
140814,0,0
-2579,0,0
192681,0,0
400,0,0
-93760,0,0
101543,0,0
-76424,0,0
-10244,0,0
97578,0,0
187686,0,0
58634,0,0
121046,0,0
-131179,0,0
113059,0,0
206823,0,0
-55786,0,0
8059,0,0
4565,0,0
-36282,0,0
8340,0,0
74718,0,0
8664,0,0
376672,0,0
61334,0,0
-260151,0,0
45565,0,0
-61142,0,0
-71723,0,0
152882,0,0
298785,0,0
-79994,0,0
-17141,0,0
-153603,0,0
113111,0,0
175155,0,0
-103185,0,0
23648,0,0
-6600,0,0
-75617,0,0
31250,0,0
112681,0,0
-113088,0,0
209552,0,0
165347,0,0
-66743,0,0
58144,0,0
-157710,0,0
-156123,0,0
38025,0,0
208451,0,0
50016,0,0
18801,0,0
-54342,0,0
105904,0,0
83489,0,0
-137631,0,0
-26239,0,0
3740,0,0
-132521,0,0
-98324,0,0
38537,0,0
-79631,0,0
215660,0,0
-39053,0,0
-156745,0,0
2244,0,0
-239273,0,0
-356159,0,0
-127573,0,0
120326,0,0
248128,0,0
76893,0,0
-344205,0,0
-66760,0,0
24247,0,0
-279864,0,0
-33200,0,0
-113111,0,0
-188011,0,0
62600,0,0
27500,0,0
-176112,0,0
225716,0,0
-39600,0,0
-194429,0,0
207199,0,0
-116659,0,0
-212613,0,0
-24568,0,0
212936,0,0
43139,0,0
42219,0,0
-115325,0,0
28547,0,0
108784,0,0
-57602,0,0
23725,0,0
-62923,0,0
-85896,0,0
-6484,0,0
23723,0,0
-83494,0,0
233087,0,0
13389,0,0
-175777,0,0
201715,0,0
-61284,0,0
-139375,0,0
-11003,0,0
90996,0,0
-49726,0,0
81286,0,0
-117540,0,0
257476,0,0
279424,0,0
-223204,0,0
-74571,0,0
-84225,0,0
-98671,0,0
42978,0,0
87462,0,0
13085,0,0
272799,0,0
134624,0,0
-29306,0,0
27768,0,0
-216581,0,0
-149378,0,0
137169,0,0
275331,0,0
142872,0,0
-14975,0,0
-237416,0,0
129999,0,0
166120,0,0
-78524,0,0
106805,0,0
-73161,0,0
-103015,0,0
2405,0,0
28957,0,0
-122755,0,0
218893,0,0
35059,0,0
-185743,0,0
117839,0,0
-159279,0,0
-145931,0,0
31390,0,0
125277,0,0
-66212,0,0
97226,0,0
-197454,0,0
-35949,0,0
60557,0,0
-104445,0,0
-6914,0,0
-16167,0,0
-92514,0,0
-65530,0,0
-69470,0,0
-87575,0,0
356295,0,0
18335,0,0
-204088,0,0
179498,0,0
10685,0,0
-267334,0,0
-71650,0,0
203329,0,0
107430,0,0
16497,0,0
-147449,0,0
130497,0,0
233543,0,0
-67399,0,0
-124227,0,0
-104772,0,0
-80389,0,0
26990,0,0
74100,0,0
-117005,0,0
366082,0,0
67555,0,0
-284544,0,0
135752,0,0
-12799,0,0
-127168,0,0
-92280,0,0
128801,0,0
91332,0,0
55727,0,0
-93280,0,0
180848,0,0
159011,0,0
-41643,0,0
41780,0,0
-91364,0,0
-53752,0,0
22178,0,0
23384,0,0
-65762,0,0
240755,0,0
80598,0,0
-62868,0,0
237761,0,0
-91574,0,0
-161011,0,0
-29968,0,0
131730,0,0
-25650,0,0
-6813,0,0
-154040,0,0
135925,0,0
269204,0,0
-125536,0,0
15561,0,0
-55937,0,0
-76491,0,0
-104052,0,0
-6928,0,0
-50636,0,0
327611,0,0
52796,0,0
-110236,0,0
166360,0,0
-194178,0,0
-234979,0,0
-4707,0,0
231031,0,0
146540,0,0
24818,0,0
-195418,0,0
47460,0,0
21377,0,0
-103774,0,0
74698,0,0
-40548,0,0
-88753,0,0
-113014,0,0
-77879,0,0
-45599,0,0
307191,0,0
-84483,0,0
-144553,0,0
137632,0,0
-161960,0,0
-192196,0,0
25848,0,0
195063,0,0
16140,0,0
78936,0,0
-129635,0,0
16528,0,0
116916,0,0
-154827,0,0
-22439,0,0
13765,0,0
65892,0,0
-26048,0,0
-34515,0,0
-173959,0,0
189414,0,0
-6109,0,0
-144157,0,0
145844,0,0
-48351,0,0
-73471,0,0
76102,0,0
70435,0,0
-149976,0,0
-18714,0,0
48208,0,0
123242,0,0
12266,0,0
-172782,0,0
60337,0,0
44933,0,0
-117672,0,0
-138495,0,0
-9154,0,0
-36885,0,0
319442,0,0
92212,0,0
-192115,0,0
-7537,0,0
-243792,0,0
-179739,0,0
-52959,0,0
161269,0,0
178427,0,0
77542,0,0
-192541,0,0
20050,0,0
63019,0,0
-144100,0,0
-149857,0,0
-124971,0,0
-16556,0,0
-17685,0,0
24136,0,0
-167700,0,0
199018,0,0
53412,0,0
-185183,0,0
51899,0,0
-61844,0,0
-110292,0,0
27965,0,0
70749,0,0
-55363,0,0
45976,0,0
-75622,0,0
112706,0,0
165979,0,0
-113505,0,0
14622,0,0
-106888,0,0
-58588,0,0
58983,0,0
56647,0,0
-23709,0,0
319801,0,0
23463,0,0
-137063,0,0
107758,0,0
-19470,0,0
-88999,0,0
7112,0,0
124285,0,0
-1302,0,0
145485,0,0
-67333,0,0
98389,0,0
126355,0,0
-40823,0,0
47120,0,0
40768,0,0
90516,0,0
-101596,0,0
-123294,0,0
-51989,0,0
304091,0,0
107015,0,0
-37960,0,0
216371,0,0
-143242,0,0
-189423,0,0
25521,0,0
223940,0,0
49205,0,0
13840,0,0
-183566,0,0
76487,0,0
148412,0,0
-135239,0,0
-6069,0,0
-27299,0,0
-117854,0,0
-105598,0,0
-77571,0,0
-132965,0,0
284253,0,0
119883,0,0
-170179,0,0
55324,0,0
-267117,0,0
-307718,0,0
-96,0,0
185985,0,0
17923,0,0
120526,0,0
-161799,0,0
-18520,0,0
105438,0,0
-152876,0,0
-42272,0,0
-174826,0,0
-177319,0,0
-36757,0,0
72263,0,0
-43089,0,0
278252,0,0
72714,0,0
-169807,0,0
3185,0,0
-213672,0,0
-156106,0,0
29269,0,0
77983,0,0
-5981,0,0
132998,0,0
-208542,0,0
72740,0,0
147053,0,0
-198230,0,0
-64681,0,0
1467,0,0
-4698,0,0
-23226,0,0
-9455,0,0
34291,0,0
264004,0,0
-50305,0,0
-188389,0,0
146365,0,0
-113996,0,0
-208320,0,0
65015,0,0
242209,0,0
97379,0,0
154603,0,0
-124137,0,0
-12678,0,0
125578,0,0
-56511,0,0
36791,0,0
-49933,0,0
-88261,0,0
-60477,0,0
28634,0,0
-90169,0,0
193414,0,0
56248,0,0
44432,0,0
152068,0,0
-334329,0,0
-231323,0,0
76338,0,0
295630,0,0
146893,0,0
-37591,0,0
-278498,0,0
44934,0,0
141004,0,0
5803,0,0
117763,0,0
33404,0,0
-94026,0,0
-80777,0,0
69905,0,0
-69187,0,0
268726,0,0
95242,0,0
-74243,0,0
134964,0,0
-163306,0,0
-164133,0,0
6852,0,0
111979,0,0
24842,0,0
162755,0,0
-10447,0,0
33766,0,0
47258,0,0
-244638,0,0
-58674,0,0
-28010,0,0
-153882,0,0
-78205,0,0
130200,0,0
-41261,0,0
217063,0,0
-78675,0,0
-177988,0,0
160998,0,0
-136634,0,0
-165016,0,0
11912,0,0
110052,0,0
57251,0,0
18575,0,0
-175714,0,0
127111,0,0
229535,0,0
-109336,0,0
-107858,0,0
-51917,0,0
-53033,0,0
119212,0,0
206919,0,0
-61697,0,0
133774,0,0
-7417,0,0
24731,0,0
204095,0,0
-139986,0,0
-113825,0,0
69849,0,0
177228,0,0
85850,0,0
81795,0,0
-101131,0,0
278599,0,0
199171,0,0
-206831,0,0
-54258,0,0
125269,0,0
-11476,0,0
-2073,0,0
68205,0,0
30654,0,0
255719,0,0
45236,0,0
-111932,0,0
171081,0,0
-101796,0,0
-42617,0,0
94269,0,0
112834,0,0
-15504,0,0
131647,0,0
-205127,0,0
106010,0,0
228778,0,0
32316,0,0
39009,0,0
-92759,0,0
-38994,0,0
-62131,0,0
-91312,0,0
-132562,0,0
325578,0,0
107934,0,0
-28034,0,0
168014,0,0
-156150,0,0
-256190,0,0
-16983,0,0
138228,0,0
79837,0,0
112623,0,0
-175288,0,0
-6342,0,0
37023,0,0
-169183,0,0
-22103,0,0
-125087,0,0
-87970,0,0
30160,0,0
-64090,0,0
-218216,0,0
216662,0,0
2658,0,0
-87308,0,0
131289,0,0
-186895,0,0
-318804,0,0
14807,0,0
204240,0,0
-83430,0,0
-55712,0,0
-143250,0,0
142086,0,0
239686,0,0
-170236,0,0
-92801,0,0
-178948,0,0
-147394,0,0
45453,0,0
138877,0,0
61784,0,0
244766,0,0
19603,0,0
-191398,0,0
58403,0,0
-139130,0,0
-114237,0,0
50595,0,0
220121,0,0
146746,0,0
46680,0,0
-154959,0,0
251673,0,0
302065,0,0
-85068,0,0
-83903,0,0
-49357,0,0
2666,0,0
13908,0,0
33894,0,0
53228,0,0
259913,0,0
141094,0,0
24727,0,0
77025,0,0
-230183,0,0
-155381,0,0
57288,0,0
235203,0,0
102275,0,0
40134,0,0
-236661,0,0
80409,0,0
213638,0,0
-155045,0,0
-110730,0,0
-89640,0,0
-82940,0,0
-47540,0,0
1088,0,0
-126497,0,0
279397,0,0
-79377,0,0
-213911,0,0
174074,0,0
-151181,0,0
-333116,0,0
-101727,0,0
106691,0,0
2813,0,0
-19580,0,0
-164299,0,0
43091,0,0
102532,0,0
-177206,0,0
-24714,0,0
-130611,0,0
-157627,0,0
-67782,0,0
-27830,0,0
-142465,0,0
119965,0,0
53371,0,0
-76972,0,0
69077,0,0
-213411,0,0
-185802,0,0
-74367,0,0
50642,0,0
21770,0,0
185171,0,0
2617,0,0
105084,0,0
-564,0,0
-132266,0,0
51421,0,0
-55974,0,0
-106105,0,0
40731,0,0
121779,0,0
-49309,0,0
327044,0,0
167027,0,0
-100962,0,0
98670,0,0
-183012,0,0
-136800,0,0
63868,0,0
215987,0,0
160069,0,0
80907,0,0
-207587,0,0
116993,0,0
280758,0,0
-111908,0,0
-127466,0,0
-35966,0,0
-90712,0,0
-37151,0,0
112519,0,0
-36961,0,0
192636,0,0
33298,0,0
-120959,0,0
111776,0,0
-146018,0,0
-204018,0,0
15264,0,0
161399,0,0
106501,0,0
13427,0,0
-313915,0,0
21212,0,0
197303,0,0
-103063,0,0
-86162,0,0
10495,0,0
-79879,0,0
-77049,0,0
-46736,0,0
-193694,0,0
235506,0,0
88112,0,0
-160942,0,0
64938,0,0
-249691,0,0
-264849,0,0
29545,0,0
259044,0,0
27377,0,0
-39686,0,0
-232670,0,0
29587,0,0
43701,0,0
-186487,0,0
36321,0,0
-29786,0,0
-84992,0,0
-99677,0,0
-90204,0,0
-206144,0,0
145215,0,0
-15331,0,0
-82839,0,0
203558,0,0
-178005,0,0
-218597,0,0
-82802,0,0
112352,0,0
6370,0,0
-14810,0,0
-147651,0,0
26661,0,0
84792,0,0
-146056,0,0
-51571,0,0
-51615,0,0
10127,0,0
-87021,0,0
-90772,0,0
-153619,0,0
274724,0,0
94828,0,0
-63570,0,0
121298,0,0
-245455,0,0
-210127,0,0
11759,0,0
72367,0,0
-658,0,0
111672,0,0
16247,0,0
268966,0,0
192803,0,0
-262333,0,0
-90942,0,0
-87893,0,0
-95888,0,0
-30844,0,0
85743,0,0
13980,0,0
251714,0,0
48967,0,0
-58184,0,0
253327,0,0
-241831,0,0
-318797,0,0
-34500,0,0
204140,0,0
50393,0,0
45944,0,0
-94570,0,0
220710,0,0
173210,0,0
-286634,0,0
-124389,0,0
-28791,0,0
14568,0,0
7820,0,0
16204,0,0
37174,0,0
231825,0,0
-66752,0,0
-95969,0,0
147738,0,0
-158363,0,0
-122407,0,0
107887,0,0
225499,0,0
44155,0,0
54521,0,0
-122511,0,0
91774,0,0
178379,0,0
-104096,0,0
-32,0,0
-29821,0,0
11240,0,0
25692,0,0
57671,0,0
50929,0,0
269000,0,0
139375,0,0
-35884,0,0
138201,0,0
-126125,0,0
-91708,0,0
75185,0,0
270533,0,0
187448,0,0
81769,0,0
-56699,0,0
247114,0,0
234117,0,0
-23874,0,0
159334,0,0
127559,0,0
5276,0,0
11505,0,0
143699,0,0
87534,0,0
338099,0,0
170337,0,0
15960,0,0
223400,0,0
-37575,0,0
-48806,0,0
113557,0,0
232537,0,0
82242,0,0
92751,0,0
-66088,0,0
108385,0,0
160468,0,0
1979,0,0
12472,0,0
-65337,0,0
-54639,0,0
-9056,0,0
35492,0,0
-162176,0,0
188446,0,0
19928,0,0
-91971,0,0
212424,0,0
-86444,0,0
-276391,0,0
-139706,0,0
80997,0,0
59278,0,0
63432,0,0
-111618,0,0
61070,0,0
-9086,0,0
-329183,0,0
-89926,0,0
-85972,0,0
-43229,0,0
-45010,0,0
-57796,0,0
-170307,0,0
115460,0,0
-75241,0,0
-166632,0,0
114076,0,0
-213905,0,0
-271100,0,0
-112137,0,0
-10728,0,0
-23293,0,0
144012,0,0
-126517,0,0
-4536,0,0
-34674,0,0
-250434,0,0
-84546,0,0
-90914,0,0
-8008,0,0
94473,0,0
36769,0,0
-185500,0,0
119191,0,0
-21755,0,0
-198052,0,0
225228,0,0
-38567,0,0
-88426,0,0
-6246,0,0
103149,0,0
-5671,0,0
90458,0,0
-107630,0,0
122276,0,0
244200,0,0
-57038,0,0
99655,0,0
23636,0,0
-103810,0,0
-82608,0,0
54686,0,0
-40292,0,0
265288,0,0
14998,0,0
-74009,0,0
207440,0,0
-131350,0,0
-260996,0,0
-33323,0,0
82905,0,0
131605,0,0
222383,0,0
-55041,0,0
-30458,0,0
37571,0,0
-240819,0,0
-77597,0,0
-120153,0,0
-64793,0,0
34602,0,0
-47487,0,0
-159056,0,0
237851,0,0
90105,0,0
-115274,0,0
-19934,0,0
-255633,0,0
-226223,0,0
-57914,0,0
23933,0,0
61601,0,0
62297,0,0
-166348,0,0
-14367,0,0
-40179,0,0
-225055,0,0
-65817,0,0
-124438,0,0
-185228,0,0
54964,0,0
-9055,0,0
-359448,0,0
66756,0,0
24040,0,0
-49901,0,0
143492,0,0
-234353,0,0
-246953,0,0
75009,0,0
179176,0,0
-52073,0,0
-16179,0,0
-200663,0,0
54743,0,0
200516,0,0
-31537,0,0
88881,0,0
-51112,0,0
-90690,0,0
13656,0,0
124724,0,0
5676,0,0
317553,0,0
58462,0,0
-85754,0,0
206858,0,0
-69197,0,0
-169938,0,0
54313,0,0
252354,0,0
138154,0,0
229286,0,0
-62487,0,0
75343,0,0
96784,0,0
-150882,0,0
71853,0,0
138411,0,0
36901,0,0
99105,0,0
140878,0,0
-6402,0,0
258658,0,0
39155,0,0
-89755,0,0
183812,0,0
-84564,0,0
-98218,0,0
99701,0,0
215834,0,0
72759,0,0
50428,0,0
-157354,0,0
103901,0,0
274309,0,0
-69861,0,0
-30146,0,0
-108104,0,0
-46143,0,0
118642,0,0
-31015,0,0
-97658,0,0
306682,0,0
111451,0,0
-77411,0,0
153190,0,0
-134592,0,0
-127821,0,0
85494,0,0
207376,0,0
102971,0,0
137488,0,0
-109816,0,0
139934,0,0
70536,0,0
-135163,0,0
75684,0,0
64310,0,0
-10225,0,0
-76305,0,0
-37075,0,0
-64708,0,0
298601,0,0
131772,0,0
-98686,0,0
193841,0,0
-190384,0,0
-193850,0,0
71058,0,0
202693,0,0
-31116,0,0
-11564,0,0
-183485,0,0
110409,0,0
279056,0,0
91197,0,0
33364,0,0
-192822,0,0
-158237,0,0
-29930,0,0
69461,0,0
-152686,0,0
234146,0,0
41641,0,0
-252749,0,0
113168,0,0
-151066,0,0
-132223,0,0
55998,0,0
96441,0,0
44164,0,0
-15073,0,0
-266013,0,0
132373,0,0
134613,0,0
-256827,0,0
-138535,0,0
-80296,0,0
-76562,0,0
-106021,0,0
21652,0,0
-68993,0,0
145750,0,0
-43550,0,0
-62455,0,0
141023,0,0
-227488,0,0
-307232,0,0
-82505,0,0
88964,0,0
60265,0,0
34822,0,0
-250281,0,0
47636,0,0
132480,0,0
-142623,0,0
-56282,0,0
-94964,0,0
-157526,0,0
-75038,0,0
19233,0,0
-18798,0,0
269926,0,0
21749,0,0
-180822,0,0
16748,0,0
-235543,0,0
-181862,0,0
-38081,0,0
102997,0,0
4069,0,0
188228,0,0
-91517,0,0
17134,0,0
164834,0,0
-132053,0,0
-134527,0,0
-155403,0,0
-112377,0,0
-11373,0,0
124291,0,0
52642,0,0
194508,0,0
-100969,0,0
-171716,0,0
134957,0,0
-116768,0,0
-128377,0,0
50035,0,0
130868,0,0
1464,0,0
78409,0,0
-214332,0,0
48963,0,0
180434,0,0
-144480,0,0
-70684,0,0
-53612,0,0
-28637,0,0
-49169,0,0
-59408,0,0
-267130,0,0
194362,0,0
59328,0,0
-144302,0,0
254409,0,0
-167777,0,0
-293059,0,0
-43490,0,0
46568,0,0
-77257,0,0
-55948,0,0
-150010,0,0
142604,0,0
118916,0,0
-160555,0,0
-18444,0,0
-124382,0,0
-145494,0,0
-69870,0,0
47655,0,0
-157458,0,0
176394,0,0
-40944,0,0
-102062,0,0
251046,0,0
-123906,0,0
-262515,0,0
-71469,0,0
161235,0,0
50215,0,0
32002,0,0
-179678,0,0
57641,0,0
116610,0,0
-115805,0,0
-26243,0,0
24476,0,0
138296,0,0
-65332,0,0
-73838,0,0
-92920,0,0
242507,0,0
-4453,0,0
-164785,0,0
210893,0,0
-73209,0,0
20076,0,0
282656,0,0
230300,0,0
-75572,0,0
14421,0,0
-105215,0,0
147439,0,0
286494,0,0
-5944,0,0
-29130,0,0
-71920,0,0
-34412,0,0
97578,0,0
118594,0,0
39042,0,0
236448,0,0
-33187,0,0
-109427,0,0
198681,0,0
-125109,0,0
-79527,0,0
29752,0,0
122290,0,0
87831,0,0
40153,0,0
-151409,0,0
105815,0,0
130998,0,0
-136222,0,0
-95108,0,0
-15452,0,0
28413,0,0
75116,0,0
21538,0,0
-129593,0,0
198926,0,0
10559,0,0
-71066,0,0
102291,0,0
-205986,0,0
-209971,0,0
9886,0,0
119529,0,0
-21383,0,0
104688,0,0
-174200,0,0
-6606,0,0
142620,0,0
-167501,0,0
-82072,0,0
-102875,0,0
-214415,0,0
-153110,0,0
-26365,0,0
-82387,0,0
162135,0,0
35070,0,0
-147952,0,0
17908,0,0
-307503,0,0
-277816,0,0
-59898,0,0
113218,0,0
95418,0,0
110031,0,0
-257909,0,0
-56822,0,0
121186,0,0
-68598,0,0
-125852,0,0
-163265,0,0
-110422,0,0
-42171,0,0
104243,0,0
36273,0,0
196958,0,0
-118728,0,0
-170872,0,0
236576,0,0
-86825,0,0
-235916,0,0
-69893,0,0
168719,0,0
37003,0,0
28915,0,0
-133339,0,0
118948,0,0
55602,0,0
-131175,0,0
93238,0,0
68070,0,0
-50352,0,0
-15245,0,0
646,0,0
-150404,0,0
255782,0,0
36637,0,0
-132255,0,0
200099,0,0
-36313,0,0
-108898,0,0
145608,0,0
171487,0,0
-3676,0,0
31765,0,0
-94810,0,0
225132,0,0
114280,0,0
-118897,0,0
59369,0,0
-62745,0,0
50635,0,0
157156,0,0
92145,0,0
-121518,0,0
202324,0,0
60707,0,0
-16272,0,0
239422,0,0
-82379,0,0
-142995,0,0
-592,0,0
203615,0,0
109132,0,0
153668,0,0
-36221,0,0
145210,0,0
82491,0,0
-118161,0,0
4948,0,0
-61983,0,0
-41306,0,0
10737,0,0
166,0,0
-29274,0,0
292573,0,0
19458,0,0
-113891,0,0
63580,0,0
-209192,0,0
-130294,0,0
153918,0,0
112331,0,0
-131128,0,0
49280,0,0
-113360,0,0
155760,0,0
112120,0,0
-138369,0,0
119240,0,0
-50703,0,0
-227985,0,0
-63043,0,0
101000,0,0
3267,0,0
366412,0,0
-26564,0,0
-280131,0,0
126130,0,0
-60009,0,0
-109891,0,0
116425,0,0
321613,0,0
19360,0,0
-65127,0,0
-254304,0,0
83902,0,0
95686,0,0
-147031,0,0
37228,0,0
-16917,0,0
-74377,0,0
44215,0,0
86023,0,0
-61729,0,0
155977,0,0
-143358,0,0
-273834,0,0
143276,0,0
-51320,0,0
4542,0,0
64759,0,0
99675,0,0
-64630,0,0
110078,0,0
-46142,0,0
187195,0,0
84404,0,0
-144469,0,0
49842,0,0
29398,0,0
-38534,0,0
46261,0,0
