-3713532,0,0
3283013,0,0
-1866916,0,0
238946,0,0
1033127,0,0
-3582289,0,0
3548401,0,0
-3235650,0,0
180938,0,0
1387972,0,0
-3322519,0,0
3747956,0,0
-3247544,0,0
1741171,0,0
291167,0,0
-1486056,0,0
2784924,0,0
-3602668,0,0
3160647,0,0
-1557419,0,0
-20527,0,0
2292853,0,0
-3905146,0,0
3503658,0,0
-2497248,0,0
-605361,0,0
1757709,0,0
-3836880,0,0
3055238,0,0
-2180338,0,0
-41318,0,0
1377183,0,0
-2571868,0,0
3629138,0,0
-3533087,0,0
2468088,0,0
-480698,0,0
-870670,0,0
2706282,0,0
-3776934,0,0
3301059,0,0
-1104158,0,0
-1360453,0,0
2768985,0,0
-4046500,0,0
2824831,0,0
-1922022,0,0
-1062859,0,0
2037554,0,0
-3776850,0,0
3473134,0,0
-2951804,0,0
1362662,0,0
654253,0,0
-2324013,0,0
3473372,0,0
-3226572,0,0
2260423,0,0
-33143,0,0
-1840693,0,0
3342003,0,0
-3683192,0,0
2693324,0,0
-1112002,0,0
-987722,0,0
1783994,0,0
-3819801,0,0
3173999,0,0
-2417282,0,0
-173728,0,0
1614223,0,0
-3427114,0,0
3855858,0,0
-2753803,0,0
1223257,0,0
1114107,0,0
-2731439,0,0
3429100,0,0
-3285954,0,0
2467090,0,0
-245963,0,0
-1247857,0,0
2260012,0,0
-3826591,0,0
3491067,0,0
-2849842,0,0
42176,0,0
823682,0,0
-3358771,0,0
3619920,0,0
-3171035,0,0
991700,0,0
1430803,0,0
-2958369,0,0
3698529,0,0
-2830436,0,0
1428801,0,0
537746,0,0
-2121923,0,0
3319118,0,0
-3628114,0,0
2921085,0,0
-1522918,0,0
-177898,0,0
1485459,0,0
-3796382,0,0
3314478,0,0
-2863146,0,0
-326388,0,0
2003718,0,0
-3786583,0,0
3583404,0,0
-2549128,0,0
869041,0,0
1174996,0,0
-2477967,0,0
3307833,0,0
-3328517,0,0
2431233,0,0
-372649,0,0
-1295955,0,0
3181596,0,0
-3945714,0,0
2829413,0,0
-1548913,0,0
-1470139,0,0
2656959,0,0
-4090839,0,0
2608667,0,0
-1501026,0,0
-750162,0,0
2043092,0,0
-3249079,0,0
3813958,0,0
-2951951,0,0
1788888,0,0
185030,0,0
-1605815,0,0
3058012,0,0
-3634493,0,0
2856979,0,0
-758193,0,0
-1578542,0,0
2914506,0,0
-4077236,0,0
2538841,0,0
-1591074,0,0
-1391752,0,0
2467334,0,0
-3939945,0,0
3211309,0,0
-2343615,0,0
898699,0,0
1049374,0,0
-2725739,0,0
3608802,0,0
-2878649,0,0
1668107,0,0
748586,0,0
-2691296,0,0
3667287,0,0
-3257984,0,0
1710637,0,0
48385,0,0
-2079680,0,0
2937046,0,0
-4096824,0,0
2413263,0,0
-1387417,0,0
-995768,0,0
2351080,0,0
-3919968,0,0
3607761,0,0
-1950999,0,0
379484,0,0
1860913,0,0
-3486404,0,0
3567723,0,0
-2454455,0,0
1115495,0,0
1140378,0,0
-2692354,0,0
3522124,0,0
-3773169,0,0
2395053,0,0
-1551266,0,0
-1031771,0,0
1905606,0,0
-3924415,0,0
3079699,0,0
-1995270,0,0
-69904,0,0
2475724,0,0
-3746052,0,0
3689856,0,0
-1736402,0,0
64276,0,0
1668758,0,0
-3128097,0,0
3624269,0,0
-2797948,0,0
1624840,0,0
-325073,0,0
-1223588,0,0
2596434,0,0
-4084619,0,0
2579030,0,0
-1729624,0,0
-1451586,0,0
2988923,0,0
-4117424,0,0
2958777,0,0
-1234676,0,0
-682219,0,0
2701090,0,0
-3645291,0,0
3351786,0,0
-2374122,0,0
1012452,0,0
1073514,0,0
-2644742,0,0
3780888,0,0
-3294514,0,0
1687014,0,0
-208067,0,0
-2669849,0,0
3463774,0,0
-4025742,0,0
1642532,0,0
-280441,0,0
-1868788,0,0
3110295,0,0
-3881550,0,0
3530322,0,0
-1825543,0,0
594062,0,0
1205733,0,0
-2589432,0,0
3485914,0,0
-3123131,0,0
1931641,0,0
344869,0,0
-2503774,0,0
3552316,0,0
-3815216,0,0
1717338,0,0
-550910,0,0
-2324403,0,0
3223728,0,0
-4072540,0,0
2603368,0,0
-1527246,0,0
72297,0,0
1775728,0,0
-3319160,0,0
3754827,0,0
-2459787,0,0
1141878,0,0
1213727,0,0
-3056317,0,0
3753571,0,0
-2943015,0,0
1350066,0,0
349770,0,0
-2344523,0,0
3113151,0,0
-4068058,0,0
2142352,0,0
-1081831,0,0
-1394522,0,0
2643385,0,0
-4074730,0,0
3359702,0,0
-1700670,0,0
99200,0,0
2029300,0,0
-3584199,0,0
3592456,0,0
-2097997,0,0
650175,0,0
1212716,0,0
-2667171,0,0
3495582,0,0
-3816838,0,0
2329523,0,0
-1477116,0,0
-1099018,0,0
2067581,0,0
-3983576,0,0
3142427,0,0
-2165256,0,0
-65240,0,0
2503739,0,0
-3756488,0,0
3716072,0,0
-1770298,0,0
120494,0,0
1774004,0,0
-3104393,0,0
3611304,0,0
-2895648,0,0
1750816,0,0
-466825,0,0
-1195162,0,0
2482345,0,0
-4075984,0,0
2606681,0,0
-1716582,0,0
-1518652,0,0
2945826,0,0
-4126327,0,0
2980843,0,0
-1384333,0,0
-456793,0,0
2528783,0,0
-3581993,0,0
3374342,0,0
-2454504,0,0
938824,0,0
1015059,0,0
-2477383,0,0
3745924,0,0
-3409168,0,0
1722573,0,0
-251551,0,0
-2684197,0,0
3477146,0,0
-4039883,0,0
1580596,0,0
-326719,0,0
-1902342,0,0
3089964,0,0
-3888199,0,0
3517270,0,0
-1742707,0,0
448360,0,0
1188546,0,0
-2525837,0,0
3540604,0,0
-3192788,0,0
1991885,0,0
125767,0,0
-2509264,0,0
3559467,0,0
-3882671,0,0
1651081,0,0
-531263,0,0
-2522672,0,0
3292623,0,0
-4002138,0,0
2596860,0,0
-1385718,0,0
-136494,0,0
2096075,0,0
-3558351,0,0
3717964,0,0
-2262824,0,0
847421,0,0
1718235,0,0
-3389245,0,0
3730253,0,0
-2556876,0,0
763834,0,0
854846,0,0
-2908281,0,0
3500839,0,0
-3934153,0,0
1634187,0,0
-484350,0,0
-2113577,0,0
3261021,0,0
-4122635,0,0
2890491,0,0
-911230,0,0
-766625,0,0
2736799,0,0
-3686190,0,0
3181992,0,0
-1503621,0,0
-103091,0,0
2047395,0,0
-3457828,0,0
3757079,0,0
-3084353,0,0
1213236,0,0
-404483,0,0
-2328243,0,0
3096184,0,0
-4109717,0,0
2355213,0,0
-1094193,0,0
-1351916,0,0
3393340,0,0
-3943077,0,0
3017636,0,0
-194506,0,0
-1789769,0,0
2756558,0,0
-3372702,0,0
2938228,0,0
-1423260,0,0
3815,0,0
1293829,0,0
-2877104,0,0
3655832,0,0
-3837146,0,0
1243159,0,0
-416034,0,0
-2674705,0,0
3681218,0,0
-3624395,0,0
1757607,0,0
321297,0,0
-1967675,0,0
3345120,0,0
-3603855,0,0
2776235,0,0
-1125688,0,0
-571238,0,0
2527708,0,0
-3673318,0,0
3687324,0,0
-2280398,0,0
798758,0,0
688851,0,0
-3497883,0,0
3577796,0,0
-3193836,0,0
419888,0,0
1062339,0,0
-3058330,0,0
3684651,0,0
-3661882,0,0
2604969,0,0
-676740,0,0
-509369,0,0
2240695,0,0
-3395305,0,0
3588798,0,0
-2472375,0,0
1102117,0,0
1148256,0,0
-3329191,0,0
3808143,0,0
-3164416,0,0
349309,0,0
988373,0,0
-3516276,0,0
3416748,0,0
-3195879,0,0
940814,0,0
360007,0,0
-1558128,0,0
3194481,0,0
-3889094,0,0
3136011,0,0
-1207335,0,0
-368792,0,0
2487055,0,0
-3703758,0,0
3396580,0,0
-1593477,0,0
-264173,0,0
1899987,0,0
-3618054,0,0
3560212,0,0
-3146304,0,0
422584,0,0
677963,0,0
-3032389,0,0
3682914,0,0
-3694895,0,0
1954254,0,0
163860,0,0
-1772262,0,0
3147148,0,0
-3597668,0,0
2580550,0,0
-177534,0,0
-1674863,0,0
3167926,0,0
-3722639,0,0
3120679,0,0
-1765100,0,0
-212225,0,0
1036543,0,0
-3413851,0,0
3530244,0,0
-3427832,0,0
686544,0,0
743126,0,0
-2666950,0,0
3834724,0,0
-3314948,0,0
1968913,0,0
707135,0,0
-2559503,0,0
3195047,0,0
-3175735,0,0
2467771,0,0
-586850,0,0
-968859,0,0
1917623,0,0
-3540475,0,0
3729909,0,0
-3053865,0,0
247484,0,0
570919,0,0
-3370523,0,0
3613992,0,0
-3135852,0,0
1018805,0,0
1205695,0,0
-2793641,0,0
3705994,0,0
-3146893,0,0
1994592,0,0
-211460,0,0
-1475840,0,0
3098672,0,0
-3758966,0,0
3168847,0,0
-1490371,0,0
-148917,0,0
1397658,0,0
-3780367,0,0
3273184,0,0
-2790690,0,0
65955,0,0
1391104,0,0
-3442887,0,0
3713812,0,0
-3302465,0,0
2005318,0,0
14148,0,0
-1170909,0,0
2627554,0,0
-3572348,0,0
3367947,0,0
-1776272,0,0
83640,0,0
2062566,0,0
-3789080,0,0
3624068,0,0
-2584871,0,0
-459360,0,0
1754673,0,0
-3851708,0,0
3031478,0,0
-2387280,0,0
90920,0,0
1215426,0,0
-2394386,0,0
3575423,0,0
-3619700,0,0
2515447,0,0
-373844,0,0
-1180516,0,0
2868894,0,0
-3755699,0,0
3109005,0,0
-984241,0,0
-1091545,0,0
2652661,0,0
-3952496,0,0
3207793,0,0
-2658539,0,0
-157613,0,0
1265434,0,0
-3367773,0,0
3711315,0,0
-3354869,0,0
1551405,0,0
391915,0,0
-1966185,0,0
3374348,0,0
-3399687,0,0
2294035,0,0
-138375,0,0
-1634189,0,0
3208081,0,0
-3707856,0,0
3073796,0,0
-1813586,0,0
-94578,0,0
856522,0,0
-3326196,0,0
3519701,0,0
-3620300,0,0
1243582,0,0
65348,0,0
-2132008,0,0
3683462,0,0
-3667645,0,0
2559662,0,0
-95438,0,0
-1651561,0,0
3037364,0,0
-3412579,0,0
3000880,0,0
-1265285,0,0
-140551,0,0
1258326,0,0
-2995435,0,0
3709994,0,0
-3626526,0,0
1070718,0,0
-126800,0,0
-2909863,0,0
3676289,0,0
-3569069,0,0
1550560,0,0
438714,0,0
-2143451,0,0
3448129,0,0
-3574739,0,0
2745618,0,0
-1081930,0,0
-597559,0,0
2418447,0,0
-3664160,0,0
3724895,0,0
-2147075,0,0
397252,0,0
858664,0,0
-3566091,0,0
3503831,0,0
-2993425,0,0
272753,0,0
1090598,0,0
-3194238,0,0
3701124,0,0
-3573817,0,0
2345710,0,0
-128407,0,0
-1069937,0,0
2577604,0,0
-3476438,0,0
3279881,0,0
-2016226,0,0
496670,0,0
1651427,0,0
-3621302,0,0
3734797,0,0
-2878563,0,0
131561,0,0
1289072,0,0
-3747575,0,0
3218079,0,0
-2651415,0,0
434436,0,0
820415,0,0
-1974381,0,0
3473616,0,0
-3698632,0,0
2619224,0,0
-303740,0,0
-1186317,0,0
2766186,0,0
-3582900,0,0
2978441,0,0
-746841,0,0
-1302009,0,0
2882540,0,0
-3982862,0,0
2984055,0,0
-2016485,0,0
-692722,0,0
1711887,0,0
-3610099,0,0
3625972,0,0
-2918805,0,0
1203295,0,0
831237,0,0
-2378122,0,0
3487214,0,0
-3112004,0,0
1977352,0,0
96381,0,0
-1674171,0,0
3230522,0,0
-3620213,0,0
2996272,0,0
-1578957,0,0
-287963,0,0
1109961,0,0
-3311100,0,0
3521049,0,0
-3603511,0,0
1182762,0,0
208600,0,0
-2292368,0,0
3757975,0,0
-3505352,0,0
2294110,0,0
325780,0,0
-2024261,0,0
3133873,0,0
-3365438,0,0
2982101,0,0
-1044285,0,0
-288023,0,0
1414357,0,0
-3030386,0,0
3689532,0,0
-3574080,0,0
997903,0,0
-9763,0,0
-2993961,0,0
3673033,0,0
-3608688,0,0
1573710,0,0
413839,0,0
-2081485,0,0
3378388,0,0
-3593007,0,0
2831072,0,0
-1088080,0,0
-630076,0,0
2477271,0,0
-3640248,0,0
3646056,0,0
-2032548,0,0
324458,0,0
1057540,0,0
-3498076,0,0
3596056,0,0
-3222727,0,0
429567,0,0
879675,0,0
-2950552,0,0
3627691,0,0
-3784195,0,0
2854368,0,0
-878682,0,0
-349346,0,0
2202804,0,0
-3280258,0,0
3539122,0,0
-2415262,0,0
937604,0,0
1373238,0,0
-3374651,0,0
3771989,0,0
-3026995,0,0
702891,0,0
486767,0,0
-3182676,0,0
3524732,0,0
-3579746,0,0
1612321,0,0
-308178,0,0
-1171279,0,0
2940811,0,0
-3869181,0,0
3358205,0,0
-1259622,0,0
-396383,0,0
2434514,0,0
-3582171,0,0
3327438,0,0
-1491500,0,0
-299744,0,0
1931417,0,0
-3503700,0,0
3594172,0,0
-3290746,0,0
646663,0,0
563707,0,0
-2889775,0,0
3670531,0,0
-3754207,0,0
1987537,0,0
138351,0,0
-1704626,0,0
3192105,0,0
-3553219,0,0
2643187,0,0
-521303,0,0
-1286888,0,0
2876962,0,0
-3751822,0,0
3386842,0,0
-2228204,0,0
462955,0,0
445953,0,0
-2959919,0,0
3468812,0,0
-3940387,0,0
1654509,0,0
-320281,0,0
-1898243,0,0
3660784,0,0
-3661874,0,0
2437065,0,0
187300,0,0
-2067813,0,0
3164539,0,0
-3314880,0,0
2882867,0,0
-955215,0,0
-413123,0,0
1587960,0,0
-3075567,0,0
3767140,0,0
-3405044,0,0
704326,0,0
373710,0,0
-3214252,0,0
3664538,0,0
-3229005,0,0
1236424,0,0
751804,0,0
-2483854,0,0
3544783,0,0
-3449930,0,0
2585833,0,0
-624326,0,0
-1145985,0,0
2663183,0,0
-3674130,0,0
3539748,0,0
-1745670,0,0
111178,0,0
1255731,0,0
-3647005,0,0
3422532,0,0
-2738150,0,0
-190312,0,0
1690111,0,0
-3561709,0,0
3682049,0,0
-3138600,0,0
1859401,0,0
183294,0,0
-1473157,0,0
2907151,0,0
-3538030,0,0
3196416,0,0
-1591821,0,0
69396,0,0
2062007,0,0
-3756835,0,0
3583984,0,0
-2468588,0,0
-432987,0,0
1705681,0,0
-3704412,0,0
3089180,0,0
-2819710,0,0
504971,0,0
778452,0,0
-2133530,0,0
3479734,0,0
-3723212,0,0
2662723,0,0
-571750,0,0
-1046651,0,0
2756906,0,0
-3627603,0,0
2941141,0,0
-1029998,0,0
-1020485,0,0
2593988,0,0
-3914289,0,0
3302068,0,0
-2739528,0,0
-53106,0,0
1193863,0,0
-3422425,0,0
3686530,0,0
-3328260,0,0
1492713,0,0
605192,0,0
-2193214,0,0
3402856,0,0
-3249179,0,0
2050844,0,0
-118961,0,0
-1587775,0,0
3097991,0,0
-3751589,0,0
3261444,0,0
-2166010,0,0
261533,0,0
570373,0,0
-3059381,0,0
3505253,0,0
-3937750,0,0
1629347,0,0
-212252,0,0
-1962581,0,0
3700071,0,0
-3609407,0,0
2462264,0,0
28660,0,0
-1731857,0,0
2978395,0,0
-3305817,0,0
2784341,0,0
-1036041,0,0
-299708,0,0
1512244,0,0
-3040145,0,0
3756795,0,0
-3479955,0,0
803786,0,0
202647,0,0
-3118250,0,0
3647646,0,0
-3400990,0,0
1269650,0,0
633721,0,0
-2337925,0,0
3527019,0,0
-3466885,0,0
2511611,0,0
-936435,0,0
-787816,0,0
2600605,0,0
-3728139,0,0
3575982,0,0
-1851991,0,0
45897,0,0
1300277,0,0
-3699041,0,0
3409315,0,0
-2899050,0,0
-74564,0,0
1528760,0,0
-3431124,0,0
3715658,0,0
-3355518,0,0
2147596,0,0
-192071,0,0
-1012297,0,0
2532370,0,0
-3594339,0,0
3607245,0,0
-1951888,0,0
403861,0,0
1821824,0,0
-3752615,0,0
3619634,0,0
-2655799,0,0
-72223,0,0
1298405,0,0
-3668293,0,0
3190251,0,0
-2796269,0,0
478377,0,0
749416,0,0
-2128872,0,0
3467245,0,0
-3778827,0,0
2659391,0,0
-283609,0,0
-1291280,0,0
2860091,0,0
-3634374,0,0
2997107,0,0
-820216,0,0
-1170327,0,0
2807244,0,0
-3998779,0,0
3109190,0,0
-2453684,0,0
-253034,0,0
1500377,0,0
-3531677,0,0
3646054,0,0
-3126325,0,0
1152103,0,0
773683,0,0
-2231481,0,0
3467543,0,0
-3249178,0,0
2063611,0,0
92823,0,0
-1892177,0,0
3221901,0,0
-3663698,0,0
2976697,0,0
-1632509,0,0
-320389,0,0
1124381,0,0
-3354022,0,0
3547172,0,0
-3638093,0,0
1155311,0,0
228260,0,0
-2371818,0,0
3788336,0,0
-3458308,0,0
2146172,0,0
398769,0,0
-2254949,0,0
3343064,0,0
-3038594,0,0
2383098,0,0
-753009,0,0
-703714,0,0
2073587,0,0
-3366905,0,0
3731730,0,0
-3171283,0,0
269669,0,0
795699,0,0
-3464682,0,0
3518727,0,0
-2746528,0,0
647017,0,0
1514782,0,0
-3201109,0,0
3736778,0,0
-2995237,0,0
1851695,0,0
-29562,0,0
-1641107,0,0
3124202,0,0
-3629701,0,0
3044326,0,0
-1072787,0,0
-640317,0,0
2077151,0,0
-3926270,0,0
3007266,0,0
-2113579,0,0
-741502,0,0
2150693,0,0
-3809561,0,0
3557093,0,0
-2704901,0,0
1356038,0,0
747734,0,0
-1875868,0,0
3040271,0,0
-3482319,0,0
3060951,0,0
-1228411,0,0
-293962,0,0
2555836,0,0
-3889299,0,0
3208826,0,0
-1829358,0,0
-840910,0,0
2188462,0,0
-3928393,0,0
2715588,0,0
-2057887,0,0
-356639,0,0
1682662,0,0
-3043848,0,0
3816286,0,0
-3020226,0,0
1561424,0,0
737765,0,0
-2325691,0,0
3250030,0,0
-3060708,0,0
1906310,0,0
289617,0,0
-2358509,0,0
3594638,0,0
-3763014,0,0
1977533,0,0
-953383,0,0
-1632417,0,0
2802432,0,0
-4095441,0,0
2928913,0,0
-1879367,0,0
-88308,0,0
2017898,0,0
-3564856,0,0
3742743,0,0
-2067270,0,0
493459,0,0
1624769,0,0
-3193004,0,0
3722292,0,0
-2675433,0,0
1418087,0,0
40612,0,0
-2056151,0,0
2837640,0,0
-4053221,0,0
2588096,0,0
-1753786,0,0
-806279,0,0
2183346,0,0
-3890631,0,0
3557121,0,0
-1738302,0,0
293794,0,0
2072336,0,0
-3477203,0,0
3384332,0,0
-2178293,0,0
951502,0,0
902610,0,0
-2297883,0,0
3305205,0,0
-3846665,0,0
2814890,0,0
-1573280,0,0
-1116245,0,0
2096424,0,0
-3979759,0,0
2839153,0,0
-1588421,0,0
-542581,0,0
2728257,0,0
-3878605,0,0
3563435,0,0
-1806320,0,0
394832,0,0
1153398,0,0
-2828492,0,0
3584473,0,0
-3000430,0,0
2038301,0,0
52041,0,0
-1510399,0,0
2909847,0,0
-4031248,0,0
2395662,0,0
-1310180,0,0
-1490677,0,0
2937970,0,0
-4066952,0,0
3009991,0,0
-1754148,0,0
352293,0,0
1716915,0,0
-2809273,0,0
3406159,0,0
-3133754,0,0
2283196,0,0
-246184,0,0
-1296947,0,0
3240578,0,0
-3751018,0,0
2446777,0,0
-877648,0,0
-1855383,0,0
3115970,0,0
-4055024,0,0
1970952,0,0
-930242,0,0
-1266812,0,0
2560161,0,0
-3571226,0,0
3802083,0,0
-2574293,0,0
1032659,0,0
1153230,0,0
-2662457,0,0
3550774,0,0
-2616055,0,0
1313820,0,0
851391,0,0
-2904753,0,0
3768701,0,0
-3320514,0,0
1470123,0,0
-293139,0,0
-2449246,0,0
3346929,0,0
-4001646,0,0
2431261,0,0
-1146507,0,0
-613760,0,0
2669062,0,0
-3771456,0,0
3483703,0,0
-1748402,0,0
98098,0,0
1856746,0,0
-3210134,0,0
3761214,0,0
-2386527,0,0
1088883,0,0
331081,0,0
-2294857,0,0
3053905,0,0
-3996614,0,0
2365069,0,0
-1417353,0,0
-967259,0,0
2299442,0,0
-3893944,0,0
3528867,0,0
-1606840,0,0
187850,0,0
2126123,0,0
-3459761,0,0
3350703,0,0
-2210724,0,0
1077147,0,0
885680,0,0
-2213093,0,0
3213384,0,0
-3820029,0,0
3035410,0,0
-1660019,0,0
-1006312,0,0
1891538,0,0
-3881698,0,0
2922564,0,0
-1819796,0,0
-289430,0,0
2476608,0,0
-3775669,0,0
3642258,0,0
-2134866,0,0
702771,0,0
1071808,0,0
-2867608,0,0
3552156,0,0
-3089174,0,0
2024098,0,0
54298,0,0
-1683219,0,0
3063159,0,0
-4037779,0,0
2037633,0,0
-916122,0,0
-1885046,0,0
3180777,0,0
-4074237,0,0
2842252,0,0
-1647462,0,0
312712,0,0
1900844,0,0
-3009205,0,0
3427923,0,0
-2931083,0,0
1952784,0,0
-51107,0,0
-1670968,0,0
3416445,0,0
-3630450,0,0
2120296,0,0
-582715,0,0
-2369129,0,0
3451829,0,0
-3954587,0,0
1472664,0,0
-276530,0,0
-1973317,0,0
3138034,0,0
-3869497,0,0
3582545,0,0
-2027002,0,0
490447,0,0
1533437,0,0
-3001492,0,0
3635732,0,0
-2568291,0,0
1119112,0,0
1004267,0,0
-2995716,0,0
3788662,0,0
-3324188,0,0
1440651,0,0
-376575,0,0
-2457577,0,0
3377001,0,0
-4048100,0,0
2263799,0,0
-1062769,0,0
-761547,0,0
2704528,0,0
-3886068,0,0
3515991,0,0
-1571933,0,0
-94094,0,0
2049137,0,0
-3404989,0,0
3616039,0,0
-2302463,0,0
865825,0,0
494583,0,0
-2270036,0,0
2925466,0,0
-4102060,0,0
2308633,0,0
-1609885,0,0
-896609,0,0
2317217,0,0
-3986196,0,0
3429116,0,0
-1607766,0,0
140427,0,0
2215909,0,0
-3648928,0,0
3302263,0,0
-1754429,0,0
428787,0,0
1352904,0,0
-2820450,0,0
3510592,0,0
-3794692,0,0
2485717,0,0
-1242528,0,0
-1681266,0,0
2686378,0,0
-4158166,0,0
2390590,0,0
-1116752,0,0
-987084,0,0
3057990,0,0
-3984504,0,0
3285916,0,0
-1330240,0,0
-228169,0,0
1788437,0,0
-3218482,0,0
3640043,0,0
-2705709,0,0
1493370,0,0
406898,0,0
-2048774,0,0
3278699,0,0
-4070484,0,0
1697078,0,0
-623647,0,0
-2256122,0,0
3414602,0,0
-4006538,0,0
2337641,0,0
-992323,0,0
-522741,0,0
2475142,0,0
-3468923,0,0
3577105,0,0
-2553107,0,0
1417677,0,0
498511,0,0
-2250128,0,0
3604485,0,0
-3452550,0,0
1776140,0,0
-300348,0,0
-2553120,0,0
3510927,0,0
-3957080,0,0
1445190,0,0
-406399,0,0
-1690659,0,0
2923700,0,0
-3791903,0,0
3700525,0,0
-2332793,0,0
871779,0,0
1420015,0,0
-2796958,0,0
3519545,0,0
-2725570,0,0
1390327,0,0
789101,0,0
-2768018,0,0
3733278,0,0
-3542338,0,0
1588293,0,0
-532165,0,0
-2244474,0,0
3259162,0,0
-4101218,0,0
2349749,0,0
-1185647,0,0
-704032,0,0
2662326,0,0
-3865090,0,0
3549061,0,0
-1696428,0,0
49576,0,0
1894516,0,0
-3424189,0,0
3596389,0,0
-2291980,0,0
918508,0,0
480762,0,0
-2425986,0,0
3174093,0,0
-4088905,0,0
2230029,0,0
-1398504,0,0
-1111492,0,0
2460528,0,0
-4031921,0,0
3357821,0,0
-1552733,0,0
37851,0,0
2354362,0,0
-3717106,0,0
3361539,0,0
-1676578,0,0
315336,0,0
1606696,0,0
-2976799,0,0
3574892,0,0
-3703529,0,0
2368158,0,0
-1008505,0,0
-1802650,0,0
2738558,0,0
-4174814,0,0
2378356,0,0
-1064007,0,0
-1085630,0,0
3088689,0,0
-3949857,0,0
3277098,0,0
-1326636,0,0
-178356,0,0
1750203,0,0
-3295275,0,0
3595892,0,0
-2591399,0,0
1406652,0,0
525383,0,0
-2073010,0,0
3411234,0,0
-3928338,0,0
1669379,0,0
-509218,0,0
-2434013,0,0
3548872,0,0
-3922508,0,0
2206512,0,0
-719928,0,0
-731152,0,0
2695030,0,0
-3503086,0,0
3426269,0,0
-2194999,0,0
1053381,0,0
710199,0,0
-2547507,0,0
3721612,0,0
-3140679,0,0
1490095,0,0
53103,0,0
-2576166,0,0
3560171,0,0
-3885711,0,0
1415085,0,0
-207498,0,0
-2010166,0,0
3195103,0,0
-3861342,0,0
3559688,0,0
-1783063,0,0
220047,0,0
1940525,0,0
-3261313,0,0
3620717,0,0
-2280708,0,0
942753,0,0
1312447,0,0
-3205730,0,0
3772039,0,0
-2932744,0,0
937719,0,0
207922,0,0
-2774697,0,0
3488730,0,0
-3917376,0,0
2074661,0,0
-711797,0,0
-1053461,0,0
2884427,0,0
-3818724,0,0
3439843,0,0
-1462537,0,0
-205446,0,0
2012072,0,0
-3348652,0,0
3532479,0,0
-2227541,0,0
891015,0,0
420035,0,0
-2238519,0,0
3049172,0,0
-4038292,0,0
2408162,0,0
-1617376,0,0
-1022302,0,0
2412418,0,0
-3974436,0,0
3431976,0,0
-1566368,0,0
121338,0,0
2308982,0,0
-3542152,0,0
3231752,0,0
-2039272,0,0
842664,0,0
955993,0,0
-2361233,0,0
3451393,0,0
-3771528,0,0
2663990,0,0
-1398613,0,0
-1317585,0,0
2350979,0,0
-4078517,0,0
2588733,0,0
-1483302,0,0
-845524,0,0
2861662,0,0
-3943424,0,0
3430399,0,0
-1774525,0,0
384759,0,0
1277143,0,0
-2935254,0,0
3523529,0,0
-2966510,0,0
1841614,0,0
324179,0,0
-2060532,0,0
3262464,0,0
-4044304,0,0
1975887,0,0
-777072,0,0
-2160042,0,0
3324910,0,0
-4080768,0,0
2627326,0,0
-1383195,0,0
125770,0,0
1903877,0,0
-3039630,0,0
3484698,0,0
-3091089,0,0
2236253,0,0
-180179,0,0
-1539538,0,0
3283099,0,0
-3772853,0,0
2320858,0,0
-758363,0,0
-1750242,0,0
2814824,0,0
-4083694,0,0
2333515,0,0
-1541919,0,0
-594275,0,0
1846619,0,0
-3253088,0,0
3848659,0,0
-2891050,0,0
1362507,0,0
956635,0,0
-2652656,0,0
3447311,0,0
-2788656,0,0
1544233,0,0
654571,0,0
-2615384,0,0
3700416,0,0
-3553708,0,0
1987392,0,0
-951135,0,0
-1703116,0,0
2820266,0,0
-4063337,0,0
2958750,0,0
-1959395,0,0
-19415,0,0
2113428,0,0
-3437891,0,0
3727181,0,0
-2139033,0,0
426776,0,0
1449997,0,0
-3022775,0,0
3646518,0,0
-2915818,0,0
1755472,0,0
-315601,0,0
-1565325,0,0
2326733,0,0
-3954555,0,0
2903881,0,0
-2273907,0,0
-450031,0,0
1966107,0,0
-3755393,0,0
3656002,0,0
-1876234,0,0
328441,0,0
2075253,0,0
-3509876,0,0
3424365,0,0
-2129333,0,0
880290,0,0
880435,0,0
-2256491,0,0
3412665,0,0
-3778106,0,0
2897428,0,0
-1427455,0,0
-1436163,0,0
2431439,0,0
-4068379,0,0
2586232,0,0
-1338234,0,0
-772645,0,0
2636769,0,0
-3911247,0,0
3549323,0,0
-1973913,0,0
790607,0,0
1112377,0,0
-2837459,0,0
3492625,0,0
-3187094,0,0
2234148,0,0
3408,0,0
-1721424,0,0
3094399,0,0
-4037208,0,0
2073926,0,0
-1073518,0,0
-1738142,0,0
3016533,0,0
-4047205,0,0
3058456,0,0
-2049139,0,0
744261,0,0
1278786,0,0
-2500378,0,0
3428251,0,0
-3293228,0,0
2412779,0,0
-400903,0,0
-1228266,0,0
3112521,0,0
-3868948,0,0
2470704,0,0
-860422,0,0
-1529725,0,0
2650284,0,0
-4061906,0,0
2282472,0,0
-1516155,0,0
-542598,0,0
1800961,0,0
-3278648,0,0
3819549,0,0
-3041275,0,0
1550832,0,0
824226,0,0
-2408868,0,0
3365730,0,0
-3031358,0,0
1691615,0,0
330516,0,0
-2025764,0,0
3382291,0,0
-3884967,0,0
2517054,0,0
-1797165,0,0
-881474,0,0
1973707,0,0
-3845795,0,0
3370120,0,0
-2560535,0,0
392467,0,0
1709879,0,0
-3215541,0,0
3737188,0,0
-2506017,0,0
903499,0,0
903315,0,0
-2548436,0,0
3524382,0,0
-3467642,0,0
2589769,0,0
-1345430,0,0
-656560,0,0
1556822,0,0
-3689040,0,0
3476201,0,0
-3250813,0,0
299845,0,0
1141198,0,0
-3220362,0,0
3898751,0,0
-2586629,0,0
1048487,0,0
1316661,0,0
-2822785,0,0
3299187,0,0
-3046772,0,0
2203603,0,0
-347617,0,0
-998091,0,0
2538278,0,0
-3745885,0,0
3588662,0,0
-2730876,0,0
-466379,0,0
1495176,0,0
-3722424,0,0
3072647,0,0
-2177208,0,0
113671,0,0
1527432,0,0
-3150883,0,0
3735938,0,0
-3054987,0,0
2044340,0,0
-197819,0,0
-1419656,0,0
2848485,0,0
-3734844,0,0
3276676,0,0
-1080649,0,0
-843565,0,0
2270353,0,0
-4066538,0,0
2892458,0,0
-1901329,0,0
-1026591,0,0
2266880,0,0
-3934984,0,0
3381322,0,0
-2486950,0,0
1275852,0,0
739677,0,0
-1927390,0,0
3089592,0,0
-3540744,0,0
3048711,0,0
-1017392,0,0
-817302,0,0
2821129,0,0
-3913886,0,0
3007106,0,0
-1349946,0,0
-889533,0,0
1953039,0,0
-3791667,0,0
3087695,0,0
-2518011,0,0
333253,0,0
946042,0,0
-2651289,0,0
3720721,0,0
-3390988,0,0
2039210,0,0
503079,0,0
-2314315,0,0
3219282,0,0
-3097506,0,0
1989608,0,0
-89637,0,0
-1378928,0,0
2837444,0,0
-3919124,0,0
3166787,0,0
-2618440,0,0
-195874,0,0
1256878,0,0
-3481437,0,0
3618765,0,0
-3109903,0,0
877745,0,0
1320146,0,0
-2857873,0,0
3684423,0,0
-2820465,0,0
1259653,0,0
571207,0,0
-2120243,0,0
3296867,0,0
-3682352,0,0
3005181,0,0
-1816447,0,0
-59576,0,0
1196501,0,0
-3528793,0,0
3569609,0,0
-3475910,0,0
568864,0,0
923076,0,0
-2948399,0,0
3893703,0,0
-2905694,0,0
1351785,0,0
971096,0,0
-2517287,0,0
3161605,0,0
-3162443,0,0
2382360,0,0
-456583,0,0
-914358,0,0
2593919,0,0
-3713291,0,0
3608504,0,0
-2701072,0,0
-434905,0,0
1570968,0,0
-3700755,0,0
3232414,0,0
-2445252,0,0
279834,0,0
1286639,0,0
-2859212,0,0
3665339,0,0
-3293441,0,0
2440473,0,0
-599838,0,0
-965873,0,0
2603569,0,0
-3709109,0,0
3435866,0,0
-1535251,0,0
-520248,0,0
1825256,0,0
-3952021,0,0
3030164,0,0
-2088659,0,0
-859513,0,0
2045114,0,0
-3810101,0,0
3502385,0,0
-2806274,0,0
1581997,0,0
558057,0,0
-2071098,0,0
3214730,0,0
-3522177,0,0
2859823,0,0
-702233,0,0
-1086572,0,0
2967661,0,0
-3958554,0,0
2787500,0,0
-1329304,0,0
-855505,0,0
1998202,0,0
-3901702,0,0
3002424,0,0
-2399189,0,0
39234,0,0
1287653,0,0
-2847078,0,0
3741857,0,0
-3391740,0,0
2116496,0,0
442378,0,0
-2236444,0,0
3111495,0,0
-3314265,0,0
2389540,0,0
-560950,0,0
-833796,0,0
2425032,0,0
-3825914,0,0
3451788,0,0
-3059938,0,0
253394,0,0
715991,0,0
-3255727,0,0
3678314,0,0
-3314180,0,0
1346012,0,0
930979,0,0
-2574774,0,0
3606013,0,0
-2955290,0,0
1434935,0,0
441100,0,0
-2133539,0,0
3383364,0,0
-3613353,0,0
2757436,0,0
-1514471,0,0
-310323,0,0
1338837,0,0
-3688298,0,0
3459169,0,0
-3220285,0,0
284614,0,0
1180294,0,0
-3328910,0,0
3850791,0,0
-2475532,0,0
870419,0,0
1438959,0,0
-2925646,0,0
3261218,0,0
-2679804,0,0
1674728,0,0
54702,0,0
-1484239,0,0
3026152,0,0
-3953062,0,0
3269729,0,0
-2142099,0,0
-654879,0,0
1646723,0,0
-3813033,0,0
3172332,0,0
-2139368,0,0
136326,0,0
1463379,0,0
-2935480,0,0
3686150,0,0
-3197196,0,0
2367490,0,0
-510880,0,0
-911975,0,0
2483244,0,0
-3687681,0,0
3579452,0,0
-1425556,0,0
-664270,0,0
2057534,0,0
-3980449,0,0
2987556,0,0
-1942923,0,0
-1020287,0,0
2206820,0,0
-3892252,0,0
3441362,0,0
-2682637,0,0
1277405,0,0
868947,0,0
-2140452,0,0
3205180,0,0
-3485663,0,0
2694979,0,0
-608594,0,0
-1226416,0,0
3033901,0,0
-3972570,0,0
2592955,0,0
-816362,0,0
-1714080,0,0
2750326,0,0
-4064263,0,0
2504847,0,0
-1782117,0,0
-600860,0,0
1874249,0,0
-3422124,0,0
3849922,0,0
-2810976,0,0
1319871,0,0
983052,0,0
-2766182,0,0
3452028,0,0
-2771506,0,0
1366255,0,0
728781,0,0
-2364083,0,0
3558270,0,0
-3793881,0,0
2124951,0,0
-1305417,0,0
-1268462,0,0
2322181,0,0
-4003308,0,0
3116453,0,0
-2073781,0,0
-124331,0,0
2309366,0,0
-3611124,0,0
3722180,0,0
-2110470,0,0
410393,0,0
1481989,0,0
-3008508,0,0
3651912,0,0
-2994947,0,0
1789195,0,0
-575740,0,0
-1294231,0,0
2281376,0,0
-3978436,0,0
3101603,0,0
-2546178,0,0
-279937,0,0
1836133,0,0
-3646065,0,0
3762403,0,0
-1919736,0,0
341774,0,0
1975297,0,0
-3280940,0,0
3225629,0,0
-2212470,0,0
988810,0,0
934745,0,0
-2317973,0,0
3499895,0,0
-3767301,0,0
2754594,0,0
-1186563,0,0
-1645960,0,0
2675052,0,0
-4094377,0,0
2434268,0,0
-1194101,0,0
-905860,0,0
2747019,0,0
-3923906,0,0
3383904,0,0
-1889003,0,0
693644,0,0
1122875,0,0
-2762337,0,0
3561246,0,0
-2850857,0,0
1575989,0,0
583493,0,0
-2329770,0,0
3514226,0,0
-3826493,0,0
1483477,0,0
-290589,0,0
-2559926,0,0
3521117,0,0
-3909391,0,0
2226321,0,0
-1016583,0,0
-257308,0,0
2282391,0,0
-3454638,0,0
3628802,0,0
-2673596,0,0
1615000,0,0
471270,0,0
-2191497,0,0
3563645,0,0
-3465824,0,0
1643605,0,0
-45114,0,0
-2520448,0,0
3461637,0,0
-3938447,0,0
1270738,0,0
-347577,0,0
-1960617,0,0
2997290,0,0
-3961266,0,0
3606144,0,0
-2156916,0,0
574990,0,0
1851473,0,0
-3284276,0,0
3358116,0,0
-2379222,0,0
853291,0,0
1325508,0,0
-3075150,0,0
3767065,0,0
-3322709,0,0
1637803,0,0
-688262,0,0
-2092375,0,0
3151628,0,0
-4113385,0,0
2545601,0,0
-1269514,0,0
-796177,0,0
2964262,0,0
-3876339,0,0
3395512,0,0
-1399820,0,0
-461021,0,0
2082983,0,0
-3384492,0,0
3569916,0,0
-2258360,0,0
772873,0,0
384995,0,0
-2251333,0,0
3144830,0,0
-4123971,0,0
2396833,0,0
-1676672,0,0
-1298960,0,0
2886846,0,0
-4090399,0,0
3158659,0,0
-1018305,0,0
-479433,0,0
2695342,0,0
-3634534,0,0
3009589,0,0
-1153905,0,0
-224378,0,0
1952769,0,0
-3247445,0,0
3741992,0,0
-3309699,0,0
1937167,0,0
-438933,0,0
-2401114,0,0
3293762,0,0
-4097595,0,0
1713921,0,0
-229111,0,0
-1982458,0,0
3453470,0,0
-3770645,0,0
2670159,0,0
-690865,0,0
-677167,0,0
2145111,0,0
-3138668,0,0
3201063,0,0
-2182970,0,0
704400,0,0
1458112,0,0
-2990262,0,0
3749860,0,0
-3533611,0,0
847239,0,0
452524,0,0
-3166491,0,0
3640202,0,0
-3492370,0,0
1445503,0,0
-115532,0,0
-1086734,0,0
2963461,0,0
-3760793,0,0
3416016,0,0
-1922254,0,0
586732,0,0
1405115,0,0
-3044043,0,0
3783662,0,0
-2802626,0,0
758668,0,0
777319,0,0
-2956921,0,0
3615315,0,0
-3682065,0,0
959598,0,0
55299,0,0
-2246055,0,0
3374692,0,0
-4012522,0,0
3230019,0,0
-1297779,0,0
-328284,0,0
2354070,0,0
-3613635,0,0
3507377,0,0
-1638626,0,0
192457,0,0
2033530,0,0
-3449387,0,0
3679970,0,0
-2703215,0,0
842196,0,0
122676,0,0
-2763403,0,0
3535199,0,0
-3874301,0,0
1834633,0,0
-464539,0,0
-1494799,0,0
3310061,0,0
-3841893,0,0
3047726,0,0
-904598,0,0
-956311,0,0
2417380,0,0
-3556034,0,0
3421663,0,0
-1836880,0,0
483781,0,0
752896,0,0
-2643319,0,0
3386611,0,0
-4058100,0,0
1916439,0,0
-1073178,0,0
-1562872,0,0
2887994,0,0
-4142357,0,0
3074336,0,0
-973062,0,0
-524038,0,0
2721043,0,0
-3543841,0,0
2793856,0,0
-1468329,0,0
-1591,0,0
1731701,0,0
-3154997,0,0
3740298,0,0
-3551485,0,0
2043701,0,0
-615281,0,0
-2365701,0,0
3293444,0,0
-4145204,0,0
1785524,0,0
-352851,0,0
-1787524,0,0
3196952,0,0
-3961360,0,0
3058209,0,0
-915649,0,0
-499754,0,0
2103926,0,0
-3204601,0,0
3242285,0,0
-2317625,0,0
833435,0,0
1451498,0,0
-3156713,0,0
3827569,0,0
-3313740,0,0
692797,0,0
533041,0,0
-3197000,0,0
3678308,0,0
-3468785,0,0
1506864,0,0
-208765,0,0
-952719,0,0
2796930,0,0
-3699403,0,0
3541984,0,0
-2230090,0,0
1014552,0,0
1057401,0,0
-2786579,0,0
3809314,0,0
-2817079,0,0
743266,0,0
828481,0,0
-3037293,0,0
3614615,0,0
-3652347,0,0
859925,0,0
311667,0,0
-2615297,0,0
3537993,0,0
-3922144,0,0
3036803,0,0
-1029514,0,0
-603672,0,0
2523495,0,0
-3573655,0,0
3262572,0,0
-1402368,0,0
-400509,0,0
2527070,0,0
-3753446,0,0
3392373,0,0
-2083342,0,0
156138,0,0
762157,0,0
-3215334,0,0
3597612,0,0
-3452964,0,0
1123313,0,0
386358,0,0
-2426961,0,0
3733982,0,0
-3356344,0,0
2084085,0,0
255328,0,0
-2292321,0,0
3095526,0,0
-3184774,0,0
2260338,0,0
-212496,0,0
-1271979,0,0
2682159,0,0
-3903420,0,0
3275793,0,0
-2790013,0,0
125405,0,0
788694,0,0
-3153802,0,0
3712343,0,0
-3517797,0,0
1572943,0,0
794891,0,0
-2287631,0,0
3492353,0,0
-3128729,0,0
1721687,0,0
542205,0,0
-1995429,0,0
3205231,0,0
-3598265,0,0
2934163,0,0
-1999248,0,0
303826,0,0
1114187,0,0
-3567519,0,0
3516386,0,0
-3332991,0,0
460540,0,0
970989,0,0
-2982028,0,0
3793934,0,0
-3162967,0,0
1643744,0,0
408770,0,0
-1833203,0,0
2822697,0,0
-3466870,0,0
2978528,0,0
-1251425,0,0
-300637,0,0
2380845,0,0
-3756171,0,0
3627095,0,0
-2665960,0,0
-58584,0,0
1187293,0,0
-3637815,0,0
3467138,0,0
-2830749,0,0
688565,0,0
718717,0,0
-2043785,0,0
3470453,0,0
-3579790,0,0
2925300,0,0
-1255303,0,0
-109210,0,0
2022295,0,0
-3544540,0,0
3687166,0,0
-2086593,0,0
-150996,0,0
1534835,0,0
-3556596,0,0
3490384,0,0
-2955631,0,0
-74347,0,0
1143419,0,0
-3146649,0,0
3687563,0,0
-3676590,0,0
2496296,0,0
-432644,0,0
-1112688,0,0
2816899,0,0
-3569234,0,0
3093324,0,0
-1036595,0,0
-660842,0,0
2581938,0,0
-3789942,0,0
3305493,0,0
-1908406,0,0
77732,0,0
797278,0,0
-3238875,0,0
3630714,0,0
-3427642,0,0
1179716,0,0
213012,0,0
-2261339,0,0
3655830,0,0
-3606396,0,0
2517009,0,0
-55693,0,0
-1836482,0,0
2870597,0,0
-3466592,0,0
2867714,0,0
-976656,0,0
-465057,0,0
1672536,0,0
-3272541,0,0
3668314,0,0
-3686011,0,0
1277898,0,0
-402644,0,0
-2466217,0,0
3583347,0,0
-3942418,0,0
2235028,0,0
177072,0,0
-1585346,0,0
3210680,0,0
-3391123,0,0
2357239,0,0
-245305,0,0
-1310485,0,0
2682210,0,0
-3621576,0,0
3576806,0,0
-2360020,0,0
889832,0,0
523973,0,0
-3219746,0,0
3616566,0,0
-3685526,0,0
1010280,0,0
553211,0,0
-2636684,0,0
3663403,0,0
-3510793,0,0
2156613,0,0
-53130,0,0
-1300478,0,0
2362674,0,0
-3226647,0,0
3177597,0,0
-1534742,0,0
-135066,0,0
2289223,0,0
-3570756,0,0
3756327,0,0
-2755827,0,0
152047,0,0
1087593,0,0
-3509861,0,0
3561297,0,0
-2948562,0,0
920786,0,0
459597,0,0
-1673111,0,0
3295924,0,0
-3661456,0,0
3091872,0,0
-1366212,0,0
202306,0,0
1690868,0,0
-3303832,0,0
3749744,0,0
-2265167,0,0
117763,0,0
1398964,0,0
-3430831,0,0
3566815,0,0
-2914450,0,0
-36774,0,0
1164278,0,0
-3179335,0,0
3724561,0,0
-3549507,0,0
2414027,0,0
-273613,0,0
-1316998,0,0
2904682,0,0
-3529658,0,0
2963328,0,0
-836224,0,0
-878430,0,0
2831529,0,0
-3720142,0,0
3099744,0,0
-1546258,0,0
-368591,0,0
1283629,0,0
-3457641,0,0
3537629,0,0
-3164035,0,0
784661,0,0
653990,0,0
-2552135,0,0
3735443,0,0
-3422729,0,0
2224041,0,0
41730,0,0
-1910463,0,0
2989827,0,0
-3286816,0,0
2486341,0,0
-582972,0,0
-904537,0,0
2260964,0,0
-3679004,0,0
3566436,0,0
-3179997,0,0
697127,0,0
280725,0,0
-2922173,0,0
3710492,0,0
-3707058,0,0
1728698,0,0
648901,0,0
-2020969,0,0
3412561,0,0
-3210974,0,0
1996387,0,0
44700,0,0
-1681583,0,0
3057404,0,0
-3675152,0,0
3134828,0,0
-2015108,0,0
500493,0,0
921230,0,0
-3417260,0,0
3626561,0,0
-3391841,0,0
431208,0,0
987698,0,0
-3088205,0,0
3802253,0,0
-3097433,0,0
1540985,0,0
522910,0,0
-1886948,0,0
2862395,0,0
-3531457,0,0
2842989,0,0
-751502,0,0
-867575,0,0
2855512,0,0
-3885383,0,0
3341259,0,0
-1788408,0,0
-1049451,0,0
2230542,0,0
-4007730,0,0
2769420,0,0
-1708614,0,0
-505729,0,0
1926769,0,0
-3248962,0,0
3816666,0,0
-2770614,0,0
1769671,0,0
295208,0,0
-1941161,0,0
2835806,0,0
-3408881,0,0
2622409,0,0
-387747,0,0
-1542363,0,0
3109473,0,0
-4036038,0,0
2226063,0,0
-872967,0,0
-2015449,0,0
3121971,0,0
-4081181,0,0
2906549,0,0
-1601841,0,0
479222,0,0
1625982,0,0
-3047454,0,0
3632390,0,0
-2569653,0,0
1410782,0,0
823138,0,0
-2587999,0,0
3721576,0,0
-2981644,0,0
1058011,0,0
767725,0,0
-2797425,0,0
3600574,0,0
-3683109,0,0
1099333,0,0
37670,0,0
-2226671,0,0
3391784,0,0
-3996733,0,0
3014637,0,0
-969608,0,0
-590630,0,0
2561830,0,0
-3590971,0,0
3267542,0,0
-913448,0,0
-889384,0,0
2662976,0,0
-3640641,0,0
3324837,0,0
-1664951,0,0
-55340,0,0
1008627,0,0
-3318621,0,0
3597838,0,0
-3320480,0,0
1172963,0,0
335960,0,0
-2360625,0,0
3705351,0,0
-3438534,0,0
2354551,0,0
43796,0,0
-1895451,0,0
2928335,0,0
-3104275,0,0
2668709,0,0
-1183838,0,0
-218672,0,0
1622453,0,0
-3210478,0,0
3724657,0,0
-3487375,0,0
1150668,0,0
-212120,0,0
-2594712,0,0
3586381,0,0
-3911291,0,0
2245131,0,0
398318,0,0
-1940037,0,0
3332454,0,0
-3184031,0,0
2015991,0,0
345666,0,0
-1940739,0,0
3021592,0,0
-3559115,0,0
3089889,0,0
-1621348,0,0
160430,0,0
1501558,0,0
-3635079,0,0
3465246,0,0
-2723658,0,0
-389119,0,0
2081502,0,0
-3682510,0,0
3698107,0,0
-2028986,0,0
412913,0,0
1610220,0,0
-2828056,0,0
3264012,0,0
-2195118,0,0
1694908,0,0
-180730,0,0
-1668700,0,0
3336872,0,0
-3683198,0,0
2924491,0,0
-1235319,0,0
-1361169,0,0
2583806,0,0
-3966435,0,0
2650701,0,0
-1405992,0,0
-652088,0,0
2165969,0,0
-3337305,0,0
3737596,0,0
-2706417,0,0
1800399,0,0
122927,0,0
-1575623,0,0
2879107,0,0
-3512395,0,0
2929104,0,0
-693520,0,0
-1261584,0,0
2928625,0,0
-3921474,0,0
2398160,0,0
-1092239,0,0
-1896219,0,0
2977046,0,0
-4052566,0,0
2866352,0,0
-1673835,0,0
531913,0,0
1598759,0,0
-3067967,0,0
3595192,0,0
-2719300,0,0
1590658,0,0
739665,0,0
-2576935,0,0
3716252,0,0
-2985393,0,0
1114604,0,0
439006,0,0
-2470368,0,0
3354619,0,0
-3913586,0,0
1702212,0,0
-597952,0,0
-1688249,0,0
2976959,0,0
-4090403,0,0
3340092,0,0
-1522357,0,0
-139470,0,0
2259876,0,0
-3555089,0,0
3387775,0,0
-1974987,0,0
333403,0,0
1587160,0,0
-2979376,0,0
3739719,0,0
-3354634,0,0
1571246,0,0
-686796,0,0
-1873258,0,0
2743854,0,0
-4125696,0,0
2766928,0,0
-1611609,0,0
-595642,0,0
2746750,0,0
-3815222,0,0
3619229,0,0
-1768010,0,0
-7382,0,0
1814289,0,0
-3171681,0,0
3610236,0,0
-3040560,0,0
1910613,0,0
-832907,0,0
-818993,0,0
2219031,0,0
-4025121,0,0
3025229,0,0
-2441998,0,0
-854004,0,0
2496376,0,0
-3968636,0,0
3452508,0,0
-1725044,0,0
6047,0,0
1934567,0,0
-3261321,0,0
3396499,0,0
-2249495,0,0
1074052,0,0
466963,0,0
-2018187,0,0
3538072,0,0
-3756620,0,0
2611082,0,0
-1116902,0,0
-1807421,0,0
2905785,0,0
-4174137,0,0
2287912,0,0
-1033498,0,0
-1136964,0,0
2459289,0,0
-3642848,0,0
3751903,0,0
-2438745,0,0
1290175,0,0
495797,0,0
-1945912,0,0
3158574,0,0
-3581242,0,0
2663592,0,0
-443810,0,0
-1865081,0,0
3123556,0,0
-4133507,0,0
1980988,0,0
-754635,0,0
-2409065,0,0
3319527,0,0
-4037512,0,0
2437294,0,0
-1295551,0,0
69425,0,0
1919475,0,0
-3386199,0,0
3671168,0,0
-2647884,0,0
1369099,0,0
972946,0,0
-2879336,0,0
3744218,0,0
-3207894,0,0
1343942,0,0
261727,0,0
-2473391,0,0
3264671,0,0
-4123069,0,0
1772190,0,0
-814331,0,0
-1678901,0,0
3027241,0,0
-4128191,0,0
3253225,0,0
-1465964,0,0
-227891,0,0
2341698,0,0
-3677770,0,0
3381617,0,0
-1597409,0,0
-146042,0,0
2038745,0,0
-3494217,0,0
3734745,0,0
-3185334,0,0
1092003,0,0
-285657,0,0
-2538023,0,0
3265689,0,0
-4092367,0,0
2045676,0,0
-710956,0,0
-1648701,0,0
3404978,0,0
-3877742,0,0
3118673,0,0
-961436,0,0
-735081,0,0
2282214,0,0
-3485662,0,0
3416474,0,0
-2283004,0,0
943668,0,0
136555,0,0
-1806326,0,0
2986811,0,0
-4273521,0,0
2355665,0,0
-1588617,0,0
-1484973,0,0
2897057,0,0
-4128779,0,0
2938895,0,0
-935414,0,0
-729692,0,0
2729022,0,0
-3606906,0,0
3103096,0,0
-1895302,0,0
337497,0,0
1300934,0,0
-2868658,0,0
3801224,0,0
-3532671,0,0
1986204,0,0
-700472,0,0
-2338471,0,0
3351421,0,0
-4134957,0,0
1573290,0,0
-221392,0,0
-1763542,0,0
2934792,0,0
-3902721,0,0
3516916,0,0
-1826651,0,0
669710,0,0
995191,0,0
-2380178,0,0
3412833,0,0
-3486851,0,0
2318620,0,0
-244254,0,0
-2098411,0,0
3277575,0,0
-4167874,0,0
1825911,0,0
-513956,0,0
-2610039,0,0
3413098,0,0
-3975239,0,0
2120894,0,0
-929370,0,0
-305205,0,0
2266923,0,0
-3612266,0,0
3700000,0,0
-2329556,0,0
927246,0,0
1387694,0,0
-3057713,0,0
3789933,0,0
-3063524,0,0
971658,0,0
596614,0,0
-2916447,0,0
3546406,0,0
-3952033,0,0
1392602,0,0
-265799,0,0
-2117282,0,0
3255182,0,0
-4065409,0,0
3190994,0,0
-1305817,0,0
-259917,0,0
2371562,0,0
-3574783,0,0
3314231,0,0
-1841645,0,0
196643,0,0
2010224,0,0
-3453948,0,0
3744813,0,0
-3221820,0,0
1193113,0,0
-404413,0,0
-2331890,0,0
3139704,0,0
-4102191,0,0
2463638,0,0
-1323048,0,0
-937573,0,0
3054929,0,0
-3943540,0,0
3413305,0,0
-1258851,0,0
-541917,0,0
2363332,0,0
-3491828,0,0
3520417,0,0
-2339846,0,0
914833,0,0
189146,0,0
-2224750,0,0
3265185,0,0
-4220293,0,0
2038392,0,0
-1013749,0,0
-1992543,0,0
3197994,0,0
-4119095,0,0
2797602,0,0
-652722,0,0
-974827,0,0
2824332,0,0
-3692303,0,0
3271764,0,0
-1631249,0,0
151746,0,0
1645007,0,0
-3085929,0,0
3820928,0,0
-3401742,0,0
1833294,0,0
-415358,0,0
-2634383,0,0
3509856,0,0
-4035599,0,0
1556740,0,0
-259413,0,0
-1834491,0,0
3157209,0,0
-3944163,0,0
3283587,0,0
-1519303,0,0
391331,0,0
1439527,0,0
-2806333,0,0
3439002,0,0
-3105425,0,0
1844901,0,0
169952,0,0
-2357546,0,0
3563033,0,0
-3895032,0,0
1315436,0,0
-79024,0,0
-2895877,0,0
3568952,0,0
-3789081,0,0
1841203,0,0
-610939,0,0
-542553,0,0
2580903,0,0
-3809702,0,0
3569999,0,0
-1893400,0,0
456067,0,0
1639642,0,0
-3312763,0,0
3775118,0,0
-2688012,0,0
571341,0,0
952502,0,0
-3196060,0,0
3602311,0,0
-3766587,0,0
1216363,0,0
-50453,0,0
-2108140,0,0
3085011,0,0
-4144710,0,0
3143512,0,0
-1391860,0,0
-219188,0,0
2250108,0,0
-3695934,0,0
3535262,0,0
-2026706,0,0
581300,0,0
1399386,0,0
-2912816,0,0
3649399,0,0
-3703720,0,0
1877668,0,0
-1180328,0,0
-1686473,0,0
2583510,0,0
-4053271,0,0
2786736,0,0
-1617008,0,0
-253693,0,0
2599668,0,0
-3794374,0,0
3614708,0,0
-1775918,0,0
55531,0,0
1642504,0,0
-3013863,0,0
3704290,0,0
-2937602,0,0
1790436,0,0
-619503,0,0
-1035363,0,0
2262218,0,0
-4120558,0,0
2789473,0,0
-2002771,0,0
-1170733,0,0
2621496,0,0
-3984899,0,0
3386347,0,0
-1769086,0,0
-45345,0,0
2297146,0,0
-3405372,0,0
3222370,0,0
-2584715,0,0
1217889,0,0
723515,0,0
-2287097,0,0
3638473,0,0
-3713565,0,0
2233814,0,0
-716023,0,0
-2232171,0,0
3184115,0,0
-4167311,0,0
1880805,0,0
-553835,0,0
-1308719,0,0
2520151,0,0
-3613481,0,0
3774027,0,0
-2448012,0,0
1222367,0,0
537644,0,0
-2008481,0,0
3214812,0,0
-3598739,0,0
2608807,0,0
-424417,0,0
-1882807,0,0
3150504,0,0
-4123898,0,0
2285517,0,0
-1152911,0,0
-2085134,0,0
3047515,0,0
-4059471,0,0
2907134,0,0
-1841730,0,0
549397,0,0
1502665,0,0
-3068365,0,0
3621981,0,0
-2717808,0,0
1453994,0,0
889938,0,0
-2675665,0,0
3704806,0,0
-3241320,0,0
1456866,0,0
263099,0,0
-2324547,0,0
3136632,0,0
-4137796,0,0
2196126,0,0
-1201164,0,0
-1263379,0,0
2657875,0,0
-4024417,0,0
3516587,0,0
-1826146,0,0
240965,0,0
2012348,0,0
-3468976,0,0
3400991,0,0
-2195469,0,0
823195,0,0
1133319,0,0
-2613230,0,0
3452513,0,0
-3867441,0,0
2407385,0,0
-1567280,0,0
-1022192,0,0
2034118,0,0
-3943460,0,0
3312591,0,0
-2405483,0,0
366596,0,0
2224166,0,0
-3606254,0,0
3709267,0,0
-1894222,0,0
156924,0,0
1797466,0,0
-3084411,0,0
3548515,0,0
-2677773,0,0
1488066,0,0
-105695,0,0
-1489477,0,0
2828639,0,0
-4108787,0,0
2465054,0,0
-1618348,0,0
-1646820,0,0
3086113,0,0
-4092748,0,0
2909721,0,0
-1153302,0,0
-701979,0,0
2668822,0,0
-3571404,0,0
3112306,0,0
-2259454,0,0
723326,0,0
1246443,0,0
-2794828,0,0
3801703,0,0
-3329116,0,0
1794387,0,0
-196809,0,0
-2632055,0,0
3508651,0,0
-4031127,0,0
1506799,0,0
-17692,0,0
-1949925,0,0
3177313,0,0
-3937877,0,0
3353957,0,0
-1364546,0,0
174069,0,0
1546869,0,0
-2939201,0,0
3419804,0,0
-2922556,0,0
1606330,0,0
971518,0,0
-3125585,0,0
3817491,0,0
-3280444,0,0
426814,0,0
1069859,0,0
-3565648,0,0
3490445,0,0
-3067986,0,0
878760,0,0
504820,0,0
-1543554,0,0
3178869,0,0
-3816555,0,0
3153521,0,0
-1241504,0,0
-286970,0,0
2277770,0,0
-3589245,0,0
3342483,0,0
-1540653,0,0
-683071,0,0
2291428,0,0
-3757534,0,0
3399112,0,0
-2674888,0,0
-214098,0,0
1189643,0,0
-3268774,0,0
3733390,0,0
-3523406,0,0
2009825,0,0
313406,0,0
-1976586,0,0
3180635,0,0
-3373948,0,0
2443680,0,0
-196928,0,0
-1556403,0,0
3165805,0,0
-3650613,0,0
2945604,0,0
-1213624,0,0
-881270,0,0
1792981,0,0
-3717563,0,0
3290139,0,0
-2677863,0,0
85109,0,0
1406954,0,0
-3293838,0,0
3897274,0,0
-2632219,0,0
1127826,0,0
1314750,0,0
-3125264,0,0
3304469,0,0
-2663276,0,0
1617467,0,0
415927,0,0
-1824424,0,0
2876612,0,0
-3874322,0,0
3273701,0,0
-2552914,0,0
147396,0,0
812383,0,0
-3390263,0,0
3699614,0,0
-3257979,0,0
1185462,0,0
1353180,0,0
-2819862,0,0
3626900,0,0
-2812891,0,0
1587057,0,0
475976,0,0
-2128615,0,0
3182060,0,0
-3514798,0,0
3042101,0,0
-1443202,0,0
-141802,0,0
1560583,0,0
-3608927,0,0
3468340,0,0
-2838938,0,0
332595,0,0
835350,0,0
-2905769,0,0
3696393,0,0
-3571411,0,0
2376977,0,0
-323112,0,0
-765690,0,0
2262289,0,0
-3254728,0,0
3300521,0,0
-2257629,0,0
825288,0,0
1485340,0,0
-3309840,0,0
3794371,0,0
-3060333,0,0
203246,0,0
1084356,0,0
-3371743,0,0
3582608,0,0
-3350685,0,0
1258313,0,0
69520,0,0
-1167720,0,0
2998049,0,0
-3816043,0,0
3307806,0,0
-1397127,0,0
-4690,0,0
2127029,0,0
-3419189,0,0
3583072,0,0
-1971912,0,0
58928,0,0
1620436,0,0
-3360820,0,0
3604524,0,0
-3305997,0,0
1000102,0,0
110733,0,0
-2379098,0,0
3443193,0,0
-3986411,0,0
2803040,0,0
-576988,0,0
-976456,0,0
2699481,0,0
-3525810,0,0
2916926,0,0
-1021644,0,0
-655294,0,0
2480720,0,0
-3538253,0,0
3612993,0,0
-2466000,0,0
798403,0,0
96486,0,0
-2537498,0,0
3305109,0,0
-4013129,0,0
2228478,0,0
-897868,0,0
-1198838,0,0
3264320,0,0
-3829206,0,0
3242708,0,0
-814939,0,0
-876537,0,0
2257706,0,0
-3244910,0,0
3218979,0,0
-2005243,0,0
718227,0,0
515033,0,0
-2137778,0,0
3333085,0,0
-3989688,0,0
1868965,0,0
-830070,0,0
-2326235,0,0
3411343,0,0
-4057246,0,0
2545418,0,0
-453115,0,0
-1222164,0,0
2864084,0,0
-3655765,0,0
3074185,0,0
-1583654,0,0
202875,0,0
1569704,0,0
-3140789,0,0
3849446,0,0
-2872963,0,0
1441154,0,0
161391,0,0
-2972815,0,0
3661782,0,0
-3701618,0,0
1257474,0,0
49871,0,0
-2148693,0,0
3308563,0,0
-3878649,0,0
3286119,0,0
-1509967,0,0
420593,0,0
1279447,0,0
-2707281,0,0
3389521,0,0
-3105255,0,0
2097368,0,0
261053,0,0
-2417765,0,0
3561672,0,0
-3789779,0,0
1454344,0,0
-59312,0,0
-2779723,0,0
3455843,0,0
-3943902,0,0
2170933,0,0
-926710,0,0
-362021,0,0
2478257,0,0
-3760040,0,0
3500175,0,0
-1900575,0,0
542222,0,0
1650386,0,0
-3259201,0,0
3693986,0,0
-2291626,0,0
348073,0,0
1327563,0,0
-3154771,0,0
3658414,0,0
-3603287,0,0
1277486,0,0
-101981,0,0
-2207198,0,0
3344677,0,0
-4039639,0,0
2961946,0,0
-853764,0,0
-603460,0,0
2457421,0,0
-3540727,0,0
3169547,0,0
-1673727,0,0
126746,0,0
1783022,0,0
-3138732,0,0
3707292,0,0
-3331861,0,0
1810014,0,0
-952254,0,0
-1496612,0,0
2492544,0,0
-4091800,0,0
2860194,0,0
-1680018,0,0
-530970,0,0
2816237,0,0
-3833219,0,0
3600903,0,0
-1368654,0,0
-305760,0,0
1929410,0,0
-3218164,0,0
3545568,0,0
-2584098,0,0
1509343,0,0
-107910,0,0
-1402320,0,0
2715750,0,0
-4058261,0,0
2467998,0,0
-1497665,0,0
-1486138,0,0
2885191,0,0
-4087035,0,0
3125085,0,0
-1618759,0,0
-149038,0,0
2175587,0,0
-3353848,0,0
3446348,0,0
-2786485,0,0
1582601,0,0
829680,0,0
-2561987,0,0
3650974,0,0
-3454473,0,0
2058492,0,0
-500512,0,0
-2301905,0,0
3328443,0,0
-4078109,0,0
1772755,0,0
-412185,0,0
-1637696,0,0
2861531,0,0
-3766502,0,0
3670533,0,0
-2337906,0,0
1166236,0,0
716958,0,0
-2040895,0,0
3137285,0,0
-3398788,0,0
2317091,0,0
22363,0,0
-2250796,0,0
3462420,0,0
-3870423,0,0
2123876,0,0
-1098083,0,0
-2018740,0,0
3053030,0,0
-4073526,0,0
2951564,0,0
-1844701,0,0
418194,0,0
1721636,0,0
-3331036,0,0
3612966,0,0
-2183803,0,0
747370,0,0
1525420,0,0
-3252865,0,0
3487607,0,0
-1965435,0,0
-313778,0,0
1931385,0,0
-3583156,0,0
3603988,0,0
-3180247,0,0
589444,0,0
555010,0,0
-2852042,0,0
3684223,0,0
-3804285,0,0
2160329,0,0
-58528,0,0
-1634469,0,0
3180879,0,0
-3460463,0,0
2444227,0,0
-353448,0,0
-1456947,0,0
3053003,0,0
-3696035,0,0
3161783,0,0
-1740300,0,0
-230964,0,0
941171,0,0
-3273229,0,0
3560990,0,0
-3637634,0,0
1129350,0,0
325842,0,0
-2359592,0,0
3739381,0,0
-3498358,0,0
2283958,0,0
174408,0,0
-2100337,0,0
3022103,0,0
-3115923,0,0
2531566,0,0
-981225,0,0
-522493,0,0
1568685,0,0
-3083701,0,0
3810819,0,0
-3478732,0,0
635018,0,0
361465,0,0
-3208356,0,0
3721147,0,0
-3245979,0,0
1173936,0,0
1220628,0,0
-2845951,0,0
3669874,0,0
-2927754,0,0
1780295,0,0
83044,0,0
-1869816,0,0
3048633,0,0
-3640857,0,0
3186663,0,0
-1365224,0,0
-202106,0,0
1596705,0,0
-3812412,0,0
3270747,0,0
-2467212,0,0
-630323,0,0
2201165,0,0
-3880225,0,0
3469189,0,0
-2512504,0,0
985369,0,0
1064691,0,0
-2289559,0,0
3037923,0,0
-3344862,0,0
2609628,0,0
-904561,0,0
-840873,0,0
2962567,0,0
-3971708,0,0
3017326,0,0
-1570710,0,0
-1304544,0,0
2538414,0,0
-4159194,0,0
2593954,0,0
-1552352,0,0
-696732,0,0
2190668,0,0
-3187100,0,0
3756898,0,0
-3091702,0,0
1931060,0,0
168644,0,0
-1650586,0,0
2966766,0,0
-3585472,0,0
2879756,0,0
-617815,0,0
-1685255,0,0
3027141,0,0
-4020776,0,0
2753456,0,0
-1819767,0,0
-1129565,0,0
2197122,0,0
-3876099,0,0
3429661,0,0
-2740552,0,0
1035761,0,0
1077699,0,0
-2770035,0,0
3499355,0,0
-3032376,0,0
1878433,0,0
-243590,0,0
-1433914,0,0
3104333,0,0
-3771433,0,0
3255962,0,0
-2018841,0,0
48077,0,0
654241,0,0
-3221186,0,0
3502418,0,0
-3800934,0,0
1453942,0,0
-123841,0,0
-2141649,0,0
3717462,0,0
-3576577,0,0
2440555,0,0
-1134,0,0
-1978540,0,0
2862576,0,0
-3465497,0,0
3046920,0,0
-1676906,0,0
112067,0,0
1410254,0,0
-2981631,0,0
3671468,0,0
-3859995,0,0
1105939,0,0
-233397,0,0
-2923838,0,0
3676333,0,0
-3645096,0,0
1716902,0,0
600551,0,0
-2302140,0,0
3464227,0,0
-3418230,0,0
2505827,0,0
-756921,0,0
-1093380,0,0
2610898,0,0
-3686636,0,0
3627823,0,0
-2151433,0,0
464202,0,0
888761,0,0
-3539439,0,0
3619642,0,0
-3310983,0,0
358656,0,0
1067356,0,0
-3042332,0,0
3682315,0,0
-3650024,0,0
2603065,0,0
-499650,0,0
-836297,0,0
2356438,0,0
-3432036,0,0
3550348,0,0
-2277224,0,0
637572,0,0
1533062,0,0
-3633285,0,0
3761765,0,0
-3074890,0,0
131571,0,0
1245473,0,0
-3698354,0,0
3337618,0,0
-2986205,0,0
754103,0,0
521968,0,0
-1766975,0,0
3308777,0,0
-3848821,0,0
2940566,0,0
-772320,0,0
-706081,0,0
2562504,0,0
-3699204,0,0
3206163,0,0
-1362451,0,0
-924754,0,0
2446738,0,0
-3984989,0,0
3275685,0,0
-2672728,0,0
-446822,0,0
1672570,0,0
-3658736,0,0
3591342,0,0
-2951076,0,0
1196473,0,0
737898,0,0
-2326819,0,0
3428046,0,0
-3105059,0,0
1857776,0,0
110856,0,0
-1911535,0,0
3352629,0,0
-3692607,0,0
2796096,0,0
-1429044,0,0
-634652,0,0
1371684,0,0
-3676729,0,0
3382471,0,0
-3152530,0,0
566027,0,0
984267,0,0
-3079422,0,0
3879829,0,0
-3044049,0,0
1730197,0,0
850124,0,0
-2835944,0,0
3327016,0,0
-3019430,0,0
2154864,0,0
-426480,0,0
-1027575,0,0
2140942,0,0
-3714549,0,0
3689513,0,0
-3099232,0,0
88793,0,0
809229,0,0
-3426878,0,0
3504754,0,0
-2919813,0,0
899273,0,0
1490520,0,0
-3051823,0,0
3673047,0,0
-2989007,0,0
1727490,0,0
15537,0,0
-1689559,0,0
3025408,0,0
-3747800,0,0
3300294,0,0
-1711634,0,0
-101605,0,0
1403542,0,0
-3837597,0,0
3373437,0,0
-2811863,0,0
-213545,0,0
1574855,0,0
-3485494,0,0
3675954,0,0
-3242245,0,0
1879829,0,0
115630,0,0
-1300719,0,0
2753561,0,0
-3531340,0,0
3301365,0,0
-1921444,0,0
246477,0,0
1949406,0,0
-3893732,0,0
3619706,0,0
-2708165,0,0
-255677,0,0
1589210,0,0
-3877238,0,0
3090551,0,0
-2472344,0,0
200190,0,0
1089049,0,0
-2271471,0,0
3549395,0,0
-3644428,0,0
2463173,0,0
-191056,0,0
-1347527,0,0
2968834,0,0
-3596939,0,0
2963768,0,0
-951943,0,0
-1337520,0,0
2753692,0,0
-4103723,0,0
3062198,0,0
-2352865,0,0
-591321,0,0
1866001,0,0
-3810248,0,0
3466380,0,0
-2750065,0,0
1023285,0,0
1087943,0,0
-2747571,0,0
3575268,0,0
-2805434,0,0
1514890,0,0
556985,0,0
-2493725,0,0
3615673,0,0
-3364977,0,0
2043903,0,0
-525619,0,0
-1483922,0,0
2217540,0,0
-4011569,0,0
3042622,0,0
-2406999,0,0
-248002,0,0
1685935,0,0
-3580353,0,0
3792536,0,0
-2442682,0,0
1024443,0,0
1474033,0,0
-3240088,0,0
3452058,0,0
-2718922,0,0
1714515,0,0
246016,0,0
-1734588,0,0
2764392,0,0
-3953190,0,0
3420155,0,0
-2658181,0,0
-157556,0,0
1048148,0,0
-3622824,0,0
3465800,0,0
-2755101,0,0
652756,0,0
1636362,0,0
-3212123,0,0
3773429,0,0
-2748927,0,0
1338759,0,0
569690,0,0
-2292519,0,0
3372823,0,0
-3574073,0,0
2755482,0,0
-1021857,0,0
-726248,0,0
2050797,0,0
-4075144,0,0
2909309,0,0
-2192433,0,0
-1023435,0,0
2584596,0,0
-3973605,0,0
3337127,0,0
-2227184,0,0
638096,0,0
1419979,0,0
-2520572,0,0
3132994,0,0
-3309329,0,0
2709058,0,0
-1021522,0,0
-676881,0,0
2801715,0,0
-4079480,0,0
3148023,0,0
-2008202,0,0
-1096732,0,0
2589131,0,0
-4149735,0,0
2680876,0,0
-1960109,0,0
-475485,0,0
1775003,0,0
-2833530,0,0
3741008,0,0
-3319510,0,0
2049439,0,0
122863,0,0
-1656345,0,0
3120888,0,0
-3624873,0,0
2607825,0,0
-309285,0,0
-1942665,0,0
3251792,0,0
-4081423,0,0
2543310,0,0
-1672900,0,0
-1216492,0,0
2186729,0,0
-3934711,0,0
3282832,0,0
-2435812,0,0
662664,0,0
1325892,0,0
-2891297,0,0
3645774,0,0
-2802017,0,0
1461127,0,0
503871,0,0
-2326204,0,0
3514056,0,0
-3576970,0,0
2522800,0,0
-1216143,0,0
-870472,0,0
1527478,0,0
-3743643,0,0
3318161,0,0
-3079470,0,0
600695,0,0
813463,0,0
-2774635,0,0
3869034,0,0
-3158652,0,0
1886380,0,0
624561,0,0
-2454788,0,0
3249957,0,0
-3171730,0,0
2468112,0,0
-502479,0,0
-1060995,0,0
2217041,0,0
-3764534,0,0
3622277,0,0
-3066068,0,0
195898,0,0
734522,0,0
-3382411,0,0
3584557,0,0
-3081857,0,0
986284,0,0
999874,0,0
-2698481,0,0
3652662,0,0
-3252507,0,0
2180494,0,0
-427470,0,0
-1216904,0,0
2732157,0,0
-3733522,0,0
3497729,0,0
-1860384,0,0
61587,0,0
1280787,0,0
-3762465,0,0
3436395,0,0
-2916924,0,0
-125679,0,0
1592207,0,0
-3441459,0,0
3717518,0,0
-3286971,0,0
1932783,0,0
163853,0,0
-1491749,0,0
2803729,0,0
-3491541,0,0
3389315,0,0
-1880702,0,0
85380,0,0
2135191,0,0
-3922632,0,0
3559039,0,0
-2593069,0,0
-225361,0,0
1581714,0,0
-3881126,0,0
3058181,0,0
-2424564,0,0
210160,0,0
1045007,0,0
-2268821,0,0
3491420,0,0
-3772653,0,0
2647593,0,0
-329756,0,0
-1153218,0,0
2896011,0,0
-3688219,0,0
3027002,0,0
-1150193,0,0
-791732,0,0
2320029,0,0
-3905317,0,0
3395819,0,0
-2972495,0,0
148739,0,0
1014950,0,0
-3322618,0,0
3708336,0,0
-3477175,0,0
1546684,0,0
416998,0,0
-1994445,0,0
3349855,0,0
-3476638,0,0
2348217,0,0
-267394,0,0
-1403204,0,0
3014747,0,0
-3823180,0,0
3290088,0,0
-2318046,0,0
343385,0,0
456822,0,0
-2986458,0,0
3473640,0,0
-4004726,0,0
1619348,0,0
-167714,0,0
-2082028,0,0
3710920,0,0
-3610153,0,0
2480394,0,0
-8425,0,0
-1667240,0,0
2855618,0,0
-3504833,0,0
3125899,0,0
-1484490,0,0
7793,0,0
1209319,0,0
-2904818,0,0
3633346,0,0
-3856959,0,0
1018304,0,0
-78619,0,0
-2887632,0,0
3646260,0,0
-3505378,0,0
1374034,0,0
480122,0,0
-2278848,0,0
3477263,0,0
-3617728,0,0
2731318,0,0
-1017811,0,0
-723278,0,0
2534340,0,0
-3724253,0,0
3665800,0,0
-1987842,0,0
40103,0,0
1340173,0,0
-3830072,0,0
3347703,0,0
-2762100,0,0
-257567,0,0
1753113,0,0
-3525451,0,0
3661885,0,0
-3288158,0,0
2110906,0,0
9365,0,0
-1205149,0,0
2497955,0,0
-3556929,0,0
3516121,0,0
-2019355,0,0
445941,0,0
1790815,0,0
-3864800,0,0
3601368,0,0
-2682990,0,0
-45153,0,0
1207946,0,0
-3662562,0,0
3221422,0,0
-2931355,0,0
491387,0,0
784724,0,0
-2242902,0,0
3562997,0,0
-3637444,0,0
2466284,0,0
-355791,0,0
-1218095,0,0
2793457,0,0
-3623221,0,0
2964345,0,0
-983079,0,0
-1098217,0,0
2697362,0,0
-4068586,0,0
3214479,0,0
-2620561,0,0
-172561,0,0
1387697,0,0
-3548742,0,0
3641327,0,0
-3110667,0,0
1230592,0,0
807833,0,0
-2234643,0,0
3406980,0,0
-3292825,0,0
2027764,0,0
-9904,0,0
-1634364,0,0
3185439,0,0
-3767572,0,0
3079717,0,0
-2008585,0,0
-79907,0,0
807121,0,0
-3280220,0,0
3517440,0,0
-3772757,0,0
1360152,0,0
-44629,0,0
-2082970,0,0
3710796,0,0
-3600455,0,0
2418261,0,0
125394,0,0
-1944167,0,0
3048167,0,0
-3358549,0,0
2861654,0,0
-1237949,0,0
-185784,0,0
1413618,0,0
-3159356,0,0
3750403,0,0
-3604146,0,0
687360,0,0
337055,0,0
-3252138,0,0
3602999,0,0
-3160713,0,0
1020404,0,0
929313,0,0
-2653614,0,0
3663774,0,0
-3328714,0,0
2222598,0,0
-442404,0,0
-1183980,0,0
2797245,0,0
-3767769,0,0
3448805,0,0
-1688601,0,0
-236608,0,0
1597668,0,0
-3840025,0,0
3409578,0,0
-2852672,0,0
-237369,0,0
1676018,0,0
-3542335,0,0
3685766,0,0
-3125473,0,0
1948264,0,0
94150,0,0
-1283539,0,0
2745304,0,0
-3520189,0,0
3363689,0,0
-1901591,0,0
138166,0,0
2130412,0,0
-3961476,0,0
3456152,0,0
-2288880,0,0
-554137,0,0
1855205,0,0
-3918434,0,0
3010128,0,0
-2395864,0,0
99518,0,0
1287295,0,0
-2533911,0,0
3667825,0,0
-3449645,0,0
2237675,0,0
24992,0,0
-1554832,0,0
3116000,0,0
-3512926,0,0
2545105,0,0
-350755,0,0
-1750069,0,0
3190390,0,0
-4034563,0,0
2645348,0,0
-1818931,0,0
-997307,0,0
2202153,0,0
-3913022,0,0
3348574,0,0
-2535853,0,0
564434,0,0
1416729,0,0
-2889039,0,0
3602750,0,0
-2943030,0,0
1562767,0,0
614742,0,0
-2381227,0,0
3475694,0,0
-3547417,0,0
2511670,0,0
-1300138,0,0
-689457,0,0
1566693,0,0
-3790223,0,0
3290926,0,0
-2982268,0,0
257428,0,0
1318198,0,0
-3283269,0,0
3866455,0,0
-2744521,0,0
1304900,0,0
1288521,0,0
-2935632,0,0
3264640,0,0
-2858771,0,0
1970214,0,0
-67146,0,0
-1377033,0,0
2602616,0,0
-3850968,0,0
3525830,0,0
-2614493,0,0
-179779,0,0
1170449,0,0
-3664137,0,0
3427398,0,0
-2667736,0,0
473556,0,0
1657182,0,0
-3266417,0,0
3778206,0,0
-2854030,0,0
1656391,0,0
353638,0,0
-2135330,0,0
3291156,0,0
-3526907,0,0
2670552,0,0
-649061,0,0
-1003999,0,0
2393768,0,0
-4064342,0,0
2817287,0,0
-1855250,0,0
-947214,0,0
2348649,0,0
-3893014,0,0
3483101,0,0
-2599423,0,0
1261286,0,0
800990,0,0
-1958436,0,0
3050328,0,0
-3467132,0,0
3010073,0,0
-1173213,0,0
-532479,0,0
2637124,0,0
-3953165,0,0
3202309,0,0
-1886687,0,0
-634829,0,0
1883589,0,0
-3898978,0,0
2904395,0,0
-2340935,0,0
-66432,0,0
1383599,0,0
-2617810,0,0
3672233,0,0
-3450965,0,0
2167518,0,0
17226,0,0
-1676586,0,0
3030647,0,0
-3518417,0,0
2630067,0,0
-547992,0,0
-1337609,0,0
2912690,0,0
-4022364,0,0
2950555,0,0
-2282427,0,0
-610164,0,0
1882427,0,0
-3674282,0,0
3562511,0,0
-3049645,0,0
945155,0,0
1136290,0,0
-2717124,0,0
3580134,0,0
-2918687,0,0
1478794,0,0
487606,0,0
-2258919,0,0
3435775,0,0
-3567353,0,0
2701328,0,0
-1443794,0,0
-537211,0,0
1348430,0,0
-3540833,0,0
3505100,0,0
-3472026,0,0
862856,0,0
627455,0,0
-2830714,0,0
3899683,0,0
-3057976,0,0
1654531,0,0
937423,0,0
-2634450,0,0
3298026,0,0
-3090670,0,0
2280617,0,0
-413048,0,0
-1015092,0,0
2144663,0,0
-3580654,0,0
3702404,0,0
-3019377,0,0
-1821,0,0
1003358,0,0
-3595688,0,0
3413005,0,0
-2725084,0,0
471225,0,0
1515102,0,0
-3223245,0,0
3751557,0,0
-3003501,0,0
1837793,0,0
-59657,0,0
-1646344,0,0
3090385,0,0
-3759738,0,0
3057407,0,0
-1202585,0,0
-746168,0,0
2110673,0,0
-4061697,0,0
2904074,0,0
-2052362,0,0
-874189,0,0
2335581,0,0
-3899262,0,0
3442352,0,0
-2590837,0,0
1230206,0,0
811249,0,0
-1950741,0,0
3094237,0,0
-3550550,0,0
3044366,0,0
-1162406,0,0
-614746,0,0
2598736,0,0
-4062541,0,0
3159707,0,0
-1840143,0,0
-990974,0,0
2226146,0,0
-4031576,0,0
2655387,0,0
-1926879,0,0
-310644,0,0
1589777,0,0
-2918952,0,0
3745019,0,0
-3340130,0,0
2005557,0,0
232329,0,0
-1824034,0,0
3240269,0,0
-3517826,0,0
2527957,0,0
-455485,0,0
-1295789,0,0
2903803,0,0
-4063538,0,0
2955338,0,0
-2317931,0,0
-303304,0,0
1418470,0,0
-3607411,0,0
3586232,0,0
-3102496,0,0
1213807,0,0
925196,0,0
-2487076,0,0
3493173,0,0
-3042445,0,0
1698972,0,0
228077,0,0
-1932978,0,0
3268215,0,0
-3685263,0,0
2974995,0,0
-1819835,0,0
-100966,0,0
1029117,0,0
-3317939,0,0
3570802,0,0
-3806396,0,0
1218774,0,0
270901,0,0
-2313701,0,0
3821073,0,0
-3283863,0,0
1982899,0,0
516123,0,0
-2169167,0,0
3091560,0,0
-2979688,0,0
2393518,0,0
-583972,0,0
-753039,0,0
2083863,0,0
-3444690,0,0
3751145,0,0
-3038884,0,0
383423,0,0
782440,0,0
-3423707,0,0
3570987,0,0
-2962311,0,0
931695,0,0
1068887,0,0
-2786874,0,0
3637305,0,0
-3241558,0,0
2340271,0,0
-393921,0,0
-1373569,0,0
2871080,0,0
-3692313,0,0
3259819,0,0
-1044850,0,0
-634583,0,0
2105570,0,0
-3893182,0,0
2969169,0,0
-2067722,0,0
-772445,0,0
2248975,0,0
-3807222,0,0
3534788,0,0
-2793577,0,0
1646982,0,0
417845,0,0
-1562713,0,0
2876797,0,0
-3500895,0,0
3255486,0,0
-1305211,0,0
-317353,0,0
2463963,0,0
-3906923,0,0
3120795,0,0
-1556277,0,0
-935498,0,0
2133878,0,0
-3894040,0,0
2769897,0,0
-2120341,0,0
-113079,0,0
1376046,0,0
-2693347,0,0
3719968,0,0
-3254926,0,0
1852269,0,0
465315,0,0
-2112940,0,0
3269715,0,0
-3179747,0,0
2131649,0,0
68398,0,0
-2027281,0,0
3415654,0,0
-3846631,0,0
2288737,0,0
-1243019,0,0
-1322618,0,0
2550429,0,0
-3998757,0,0
3086495,0,0
-2035236,0,0
215646,0,0
1992033,0,0
-3352126,0,0
3603411,0,0
-2283158,0,0
665893,0,0
1187778,0,0
-2945276,0,0
3692991,0,0
-2858629,0,0
1743079,0,0
-207241,0,0
-1682546,0,0
2539880,0,0
-3959521,0,0
2888691,0,0
-2201300,0,0
-327893,0,0
1828424,0,0
-3657360,0,0
3732583,0,0
-2030031,0,0
585050,0,0
1892567,0,0
-3337517,0,0
3363481,0,0
-2296981,0,0
1257730,0,0
759335,0,0
-2114201,0,0
3225139,0,0
-3789590,0,0
3039890,0,0
-1687036,0,0
-1008416,0,0
2036978,0,0
-3926573,0,0
2887385,0,0
-1751791,0,0
-442531,0,0
2513767,0,0
-3761675,0,0
3662494,0,0
-2075378,0,0
734641,0,0
977481,0,0
-2801541,0,0
3533347,0,0
-3015280,0,0
1936614,0,0
98146,0,0
-1625551,0,0
2997169,0,0
-4043868,0,0
2162608,0,0
-932511,0,0
-1840392,0,0
3135069,0,0
-4082554,0,0
2817655,0,0
-1618465,0,0
258675,0,0
1788406,0,0
-2893831,0,0
3499790,0,0
-3032899,0,0
2160047,0,0
-88365,0,0
-1508827,0,0
3251959,0,0
-3737189,0,0
2396709,0,0
-859932,0,0
-1728757,0,0
2985244,0,0
-4069790,0,0
1917983,0,0
-927862,0,0
-1270524,0,0
2541500,0,0
-3665683,0,0
3796842,0,0
-2309364,0,0
792888,0,0
1355280,0,0
-2873827,0,0
3383556,0,0
-2597778,0,0
1196908,0,0
985883,0,0
-3081562,0,0
3803062,0,0
-3178061,0,0
1258464,0,0
-109052,0,0
-2534303,0,0
3465429,0,0
-3991290,0,0
2208113,0,0
-903662,0,0
-862107,0,0
2824406,0,0
-3827290,0,0
3442005,0,0
-1496226,0,0
-214385,0,0
2143545,0,0
-3448510,0,0
3450921,0,0
-1822870,0,0
339510,0,0
1170466,0,0
-3014796,0,0
3551461,0,0
-3805758,0,0
1721337,0,0
-785159,0,0
-1741855,0,0
3084751,0,0
-4138458,0,0
2903316,0,0
-620593,0,0
-849530,0,0
2830796,0,0
-3588231,0,0
2851929,0,0
-1285046,0,0
-193761,0,0
2015721,0,0
-3266725,0,0
3708770,0,0
-3304526,0,0
1803955,0,0
-412787,0,0
-2218463,0,0
3097015,0,0
-4136017,0,0
2089894,0,0
-734360,0,0
-1350794,0,0
3323368,0,0
-3882711,0,0
2931267,0,0
-766878,0,0
-810275,0,0
2234475,0,0
-3408458,0,0
3441021,0,0
-2089548,0,0
752522,0,0
1088141,0,0
-2536397,0,0
3583169,0,0
-3764164,0,0
1290151,0,0
-115885,0,0
-2600620,0,0
3550684,0,0
-3856709,0,0
2047654,0,0
-615685,0,0
-831690,0,0
2698577,0,0
-3538161,0,0
3441783,0,0
-2488943,0,0
1294397,0,0
707951,0,0
-2484467,0,0
3743937,0,0
-3126529,0,0
1318809,0,0
200059,0,0
-3018041,0,0
3685987,0,0
-3594667,0,0
670508,0,0
456231,0,0
-2686212,0,0
3536278,0,0
-3894302,0,0
3094251,0,0
-1090646,0,0
-433905,0,0
2279318,0,0
-3520500,0,0
3589815,0,0
-2070067,0,0
551811,0,0
1482370,0,0
-3418299,0,0
3753430,0,0
-2836056,0,0
582828,0,0
451156,0,0
-3093345,0,0
3549094,0,0
-3690899,0,0
1593952,0,0
-371524,0,0
-1445604,0,0
3181733,0,0
-3908036,0,0
3104452,0,0
-1097580,0,0
-660611,0,0
2518443,0,0
-3641912,0,0
3320902,0,0
-1656949,0,0
105353,0,0
1332505,0,0
-3221712,0,0
3540590,0,0
-3842616,0,0
1457807,0,0
-593069,0,0
-1909841,0,0
3163527,0,0
-4161154,0,0
2803284,0,0
-637225,0,0
-784339,0,0
2756750,0,0
-3686635,0,0
3043930,0,0
-1504396,0,0
158171,0,0
1750500,0,0
-3161286,0,0
3638245,0,0
-3687332,0,0
2278883,0,0
-984376,0,0
-2001047,0,0
2892574,0,0
-4185063,0,0
2234521,0,0
-997651,0,0
-1166384,0,0
3077276,0,0
-3965541,0,0
3230074,0,0
-1459006,0,0
16756,0,0
1659114,0,0
-3211965,0,0
3686290,0,0
-2762370,0,0
1480385,0,0
531151,0,0
-2370899,0,0
3412658,0,0
-4040972,0,0
1531514,0,0
-523227,0,0
-2437561,0,0
3512111,0,0
-3932397,0,0
2078073,0,0
-800112,0,0
-604070,0,0
2533575,0,0
-3462752,0,0
3499398,0,0
-2613328,0,0
1481023,0,0
651819,0,0
-2475044,0,0
3685556,0,0
-3290702,0,0
1380412,0,0
133424,0,0
-2952569,0,0
3669448,0,0
-3732622,0,0
903139,0,0
246889,0,0
-2422224,0,0
3453537,0,0
-3877994,0,0
3323365,0,0
-1445150,0,0
-178100,0,0
2221999,0,0
-3415358,0,0
3522595,0,0
-2015343,0,0
285281,0,0
1722988,0,0
-3608045,0,0
3692965,0,0
-2790272,0,0
526352,0,0
656694,0,0
-3302725,0,0
3519003,0,0
-3517172,0,0
1163024,0,0
96621,0,0
-1846198,0,0
3376271,0,0
-3864147,0,0
2854171,0,0
-510470,0,0
-1291316,0,0
2822159,0,0
-3544986,0,0
2900724,0,0
-1158072,0,0
-467088,0,0
1935361,0,0
-3612179,0,0
3577882,0,0
-3518253,0,0
854437,0,0
189665,0,0
-2576232,0,0
3537412,0,0
-3995419,0,0
2254121,0,0
34486,0,0
-1518604,0,0
3184979,0,0
-3589594,0,0
2548672,0,0
-501386,0,0
-1073802,0,0
2769910,0,0
-3740964,0,0
3482011,0,0
-2819084,0,0
905007,0,0
284614,0,0
-2945004,0,0
3491558,0,0
-4035325,0,0
1375275,0,0
70919,0,0
-2270914,0,0
3735285,0,0
-3470836,0,0
2167921,0,0
65168,0,0
-1665819,0,0
2763121,0,0
-3387269,0,0
2910307,0,0
-1413341,0,0
-77472,0,0
1902310,0,0
-3397242,0,0
3771922,0,0
-3309479,0,0
386687,0,0
712255,0,0
-3396921,0,0
3547070,0,0
-3029997,0,0
821146,0,0
621404,0,0
-2117860,0,0
3452070,0,0
-3553860,0,0
2834823,0,0
-1271088,0,0
-86500,0,0
2036941,0,0
-3443604,0,0
3788558,0,0
-2429492,0,0
305715,0,0
1188896,0,0
-3736517,0,0
3441371,0,0
-2881159,0,0
33852,0,0
1125712,0,0
-3254393,0,0
3711318,0,0
-3561208,0,0
2554518,0,0
-424585,0,0
-1097816,0,0
2724387,0,0
-3638981,0,0
3458899,0,0
-1577277,0,0
-134214,0,0
2194222,0,0
-3901153,0,0
3412011,0,0
-2303618,0,0
-176057,0,0
1245249,0,0
-3542923,0,0
3340780,0,0
-3039087,0,0
609329,0,0
656501,0,0
-2322727,0,0
3536858,0,0
-3723132,0,0
2521252,0,0
-52218,0,0
-1671706,0,0
3096917,0,0
-3436027,0,0
2422942,0,0
-424044,0,0
-1335724,0,0
2863038,0,0
-4033114,0,0
3088712,0,0
-2571587,0,0
-198893,0,0
1252730,0,0
-3522940,0,0
3599894,0,0
-3069222,0,0
862684,0,0
1215339,0,0
-2720697,0,0
3718775,0,0
-2667567,0,0
1056946,0,0
702110,0,0
-2505159,0,0
3539550,0,0
-3402484,0,0
2374700,0,0
-1162506,0,0
-812239,0,0
1802876,0,0
-3826211,0,0
3363410,0,0
-3064132,0,0
289284,0,0
1190104,0,0
-3241162,0,0
3897930,0,0
-2502294,0,0
989463,0,0
1577370,0,0
-3191050,0,0
3388517,0,0
-2679918,0,0
1752454,0,0
239451,0,0
-1553157,0,0
2878397,0,0
-3862976,0,0
3437281,0,0
-2294857,0,0
-695508,0,0
1703445,0,0
-3851531,0,0
3059272,0,0
-2183943,0,0
13331,0,0
1688928,0,0
-3252803,0,0
3767696,0,0
-2938572,0,0
1893521,0,0
-217429,0,0
-1309066,0,0
2850213,0,0
-3752188,0,0
3237038,0,0
-1215862,0,0
-748225,0,0
2194064,0,0
-4085542,0,0
2784520,0,0
-1820651,0,0
-1093753,0,0
2372441,0,0
-3941310,0,0
3403196,0,0
-2586006,0,0
1335176,0,0
717108,0,0
-2092432,0,0
3215301,0,0
-3472993,0,0
2802303,0,0
-639052,0,0
-1182825,0,0
3030752,0,0
-3995197,0,0
2532444,0,0
-985447,0,0
-1321421,0,0
2457672,0,0
-4097445,0,0
2486997,0,0
-1802762,0,0
-505156,0,0
1748351,0,0
-3221887,0,0
3848483,0,0
-2967910,0,0
1412968,0,0
1028438,0,0
-2747756,0,0
3495135,0,0
-2856308,0,0
1483845,0,0
525517,0,0
-2278410,0,0
3510709,0,0
-3876633,0,0
2257933,0,0
-1401959,0,0
-1483320,0,0
2531546,0,0
-3994377,0,0
3096422,0,0
-1993325,0,0
-113255,0,0
2242652,0,0
-3587901,0,0
3694389,0,0
-2173501,0,0
470348,0,0
1389867,0,0
-2852690,0,0
3677566,0,0
-3018106,0,0
1910296,0,0
-579404,0,0
-1406624,0,0
2299955,0,0
-3996897,0,0
2945061,0,0
-2470895,0,0
-141146,0,0
1635745,0,0
-3471190,0,0
3833533,0,0
-2390662,0,0
832783,0,0
1697357,0,0
-3204944,0,0
3315037,0,0
-2458021,0,0
1386878,0,0
598045,0,0
-2030211,0,0
3237121,0,0
-3890460,0,0
3059843,0,0
-1696513,0,0
-1182247,0,0
2165925,0,0
-4011688,0,0
2708869,0,0
-1524136,0,0
-614466,0,0
2338226,0,0
-3794328,0,0
3680535,0,0
-2221568,0,0
947436,0,0
830237,0,0
-2387625,0,0
3346918,0,0
-3394057,0,0
2316264,0,0
-238315,0,0
-1579277,0,0
2907732,0,0
-4149033,0,0
2215157,0,0
-1092784,0,0
-1948364,0,0
3200333,0,0
-4074801,0,0
2717234,0,0
-1703790,0,0
476520,0,0
1709425,0,0
-3059251,0,0
3509345,0,0
-3192326,0,0
2308828,0,0
-106564,0,0
-1656756,0,0
3294519,0,0
-3834179,0,0
2136302,0,0
-571638,0,0
-2139979,0,0
3228108,0,0
-4078509,0,0
1784545,0,0
-897091,0,0
-1478929,0,0
2735729,0,0
-3834324,0,0
3723249,0,0
-2374099,0,0
797471,0,0
1529629,0,0
-3089298,0,0
3609581,0,0
-2606569,0,0
1106777,0,0
1006151,0,0
-2894845,0,0
3752176,0,0
-3496800,0,0
1597063,0,0
-698206,0,0
-2146756,0,0
3201210,0,0
-4097039,0,0
2508633,0,0
-1377386,0,0
-736449,0,0
2757988,0,0
-3847627,0,0
3558824,0,0
-1793755,0,0
101003,0,0
1789406,0,0
-3293043,0,0
3641195,0,0
-2672203,0,0
1377264,0,0
-5290,0,0
-1790260,0,0
2736942,0,0
-4145092,0,0
2688146,0,0
-2005445,0,0
-709430,0,0
2198730,0,0
-3866997,0,0
3559345,0,0
-1622199,0,0
103174,0,0
2315076,0,0
-3588545,0,0
3276857,0,0
-1965671,0,0
646215,0,0
1222639,0,0
-2594268,0,0
3501819,0,0
-3840273,0,0
2736209,0,0
-1412267,0,0
-1596472,0,0
2539900,0,0
-4101403,0,0
2429744,0,0
-1298270,0,0
-984678,0,0
2641201,0,0
-3931692,0,0
3544382,0,0
-1945998,0,0
634724,0,0
1049473,0,0
-2715866,0,0
3521072,0,0
-3330827,0,0
2108615,0,0
293039,0,0
-2259997,0,0
3369514,0,0
-4069471,0,0
1595792,0,0
-476746,0,0
-2509949,0,0
3548105,0,0
-3884362,0,0
2125400,0,0
-821721,0,0
-407430,0,0
2371233,0,0
-3472591,0,0
3615351,0,0
-2744143,0,0
1593812,0,0
632912,0,0
-2270237,0,0
3622358,0,0
-3377186,0,0
1407589,0,0
151448,0,0
-2672945,0,0
3560640,0,0
-3887711,0,0
1113964,0,0
-85305,0,0
-1974259,0,0
3151644,0,0
-3984968,0,0
3498622,0,0
-1746498,0,0
62142,0,0
2133760,0,0
-3511993,0,0
3586514,0,0
-1996685,0,0
339142,0,0
1693789,0,0
-3291311,0,0
3779472,0,0
-2999703,0,0
909493,0,0
-6513,0,0
-2703383,0,0
3511956,0,0
-3936483,0,0
1877736,0,0
-559154,0,0
-1504364,0,0
3226259,0,0
-3909478,0,0
3178475,0,0
-975989,0,0
-818622,0,0
2347539,0,0
-3599915,0,0
3359306,0,0
-2170250,0,0
777549,0,0
700430,0,0
-2734289,0,0
3422142,0,0
-4073293,0,0
1824429,0,0
-1145953,0,0
-1475032,0,0
2929126,0,0
-4105366,0,0
3096651,0,0
-834379,0,0
-719411,0,0
2772291,0,0
-3635760,0,0
3159374,0,0
-1449313,0,0
211102,0,0
1799664,0,0
-2967279,0,0
3606709,0,0
-3659588,0,0
2568410,0,0
-989211,0,0
-1801920,0,0
2859293,0,0
-4132899,0,0
2172962,0,0
-817000,0,0
-1285374,0,0
2997301,0,0
-3941943,0,0
3242506,0,0
-1383397,0,0
138267,0,0
1492629,0,0
-3111649,0,0
3473284,0,0
-2821032,0,0
1490450,0,0
760013,0,0
-2402771,0,0
3503487,0,0
-3878900,0,0
1464363,0,0
-292182,0,0
-2608501,0,0
3557118,0,0
-3879354,0,0
2130027,0,0
-897547,0,0
-379031,0,0
2405299,0,0
-3490868,0,0
3598703,0,0
-2561216,0,0
1240547,0,0
972938,0,0
-2760496,0,0
3788702,0,0
-2983048,0,0
942751,0,0
557777,0,0
-3024397,0,0
3596362,0,0
-3670742,0,0
763407,0,0
301871,0,0
-2584488,0,0
3519665,0,0
-3923355,0,0
3123785,0,0
-1288362,0,0
-435134,0,0
2481209,0,0
-3658707,0,0
3483032,0,0
-1684680,0,0
-74727,0,0
2177462,0,0
-3710086,0,0
3558882,0,0
-2504073,0,0
224449,0,0
786411,0,0
-3278683,0,0
3531805,0,0
-3429660,0,0
1142197,0,0
209012,0,0
-2204234,0,0
3590036,0,0
-3664408,0,0
2518385,0,0
-341080,0,0
-1545486,0,0
2904762,0,0
-3565278,0,0
2826453,0,0
-1083818,0,0
-225997,0,0
1664843,0,0
-3318992,0,0
3600989,0,0
-3818689,0,0
1553886,0,0
-844808,0,0
-1952737,0,0
3336776,0,0
-4091750,0,0
2596637,0,0
-306461,0,0
-1200933,0,0
3121291,0,0
-3616642,0,0
2681717,0,0
-620903,0,0
-956330,0,0
2692593,0,0
-3667213,0,0
3522574,0,0
-2797999,0,0
1089156,0,0
252161,0,0
-3034629,0,0
3552124,0,0
-3893034,0,0
1279129,0,0
56688,0,0
-2493614,0,0
3706511,0,0
-3487582,0,0
2210831,0,0
-179312,0,0
-1364437,0,0
2624248,0,0
-3557957,0,0
3209557,0,0
-1681551,0,0
233377,0,0
1790573,0,0
-3418758,0,0
3785518,0,0
-3205254,0,0
450939,0,0
677432,0,0
-3316544,0,0
3600468,0,0
-3328953,0,0
1251989,0,0
210170,0,0
-1536520,0,0
3178432,0,0
-3696350,0,0
3245399,0,0
-1730324,0,0
432053,0,0
1675077,0,0
-3351582,0,0
3823938,0,0
-2351404,0,0
208010,0,0
1348443,0,0
-3616964,0,0
3437168,0,0
-2827248,0,0
-115250,0,0
1280918,0,0
-3300279,0,0
3710642,0,0
-3490871,0,0
2466912,0,0
-411972,0,0
-1217862,0,0
2867398,0,0
-3699135,0,0
3185169,0,0
-954399,0,0
-837308,0,0
2920680,0,0
-3853778,0,0
2915541,0,0
-1283072,0,0
-783523,0,0
1759738,0,0
-3737251,0,0
3228692,0,0
-2575322,0,0
210233,0,0
1231186,0,0
-2962674,0,0
3802388,0,0
-3193450,0,0
1833541,0,0
586971,0,0
-2404112,0,0
3360033,0,0
-2843030,0,0
1590092,0,0
329316,0,0
-1766619,0,0
3302695,0,0
-3756936,0,0
2847095,0,0
-2060719,0,0
-493871,0,0
1546861,0,0
-3556207,0,0
3596073,0,0
-2942591,0,0
982205,0,0
1452802,0,0
-2856756,0,0
3689210,0,0
-2565088,0,0
1049016,0,0
1005601,0,0
-2439656,0,0
3461332,0,0
-3413204,0,0
2659905,0,0
-1432920,0,0
-127684,0,0
1370984,0,0
-3587584,0,0
3485257,0,0
-3043355,0,0
82781,0,0
1334584,0,0
-3331653,0,0
3840519,0,0
-2474019,0,0
922039,0,0
1325003,0,0
-2722227,0,0
3154816,0,0
-3142602,0,0
2239130,0,0
-225609,0,0
-1274372,0,0
2930427,0,0
-3793378,0,0
3442415,0,0
-2142135,0,0
-668470,0,0
1752679,0,0
-3810033,0,0
3048586,0,0
-2117526,0,0
-41233,0,0
1521045,0,0
-2884598,0,0
3709762,0,0
-3176115,0,0
2313211,0,0
-552190,0,0
-1007289,0,0
2747704,0,0
-3529032,0,0
3191618,0,0
-1583110,0,0
-371238,0,0
1924527,0,0
-3780122,0,0
3192037,0,0
-2336599,0,0
-632213,0,0
1793430,0,0
-3620429,0,0
3628112,0,0
-3104038,0,0
1928057,0,0
193384,0,0
-1782339,0,0
3120551,0,0
-3535388,0,0
2768718,0,0
-321004,0,0
-1450347,0,0
3252667,0,0
-3707123,0,0
2281897,0,0
-603068,0,0
-1473998,0,0
2501274,0,0
-3943065,0,0
2734495,0,0
-1900319,0,0
-499780,0,0
1727876,0,0
-3379055,0,0
3864302,0,0
-2761512,0,0
1203571,0,0
1219251,0,0
-2881475,0,0
3320349,0,0
-2695406,0,0
1271172,0,0
791849,0,0
-2315493,0,0
3543310,0,0
-3685477,0,0
2265192,0,0
-1435400,0,0
-1301152,0,0
2350564,0,0
-3936115,0,0
3192343,0,0
-2080749,0,0
-86150,0,0
2303224,0,0
-3588149,0,0
3713580,0,0
-2069437,0,0
428520,0,0
1680258,0,0
-3005316,0,0
3615024,0,0
-2981863,0,0
1786452,0,0
-438990,0,0
-1572101,0,0
2753884,0,0
-4075468,0,0
2525297,0,0
-1888230,0,0
-1149881,0,0
2597171,0,0
-4060340,0,0
3218957,0,0
-1022510,0,0
-631322,0,0
2727368,0,0
-3623108,0,0
2975678,0,0
-1697287,0,0
222177,0,0
1567901,0,0
-2970050,0,0
3797304,0,0
-3411345,0,0
1973265,0,0
-639721,0,0
-2350652,0,0
3157381,0,0
-4139511,0,0
1974652,0,0
-601418,0,0
-1576237,0,0
3043814,0,0
-3958625,0,0
3253480,0,0
-1447715,0,0
267376,0,0
1379254,0,0
-2827459,0,0
3462192,0,0
-2955850,0,0
1607841,0,0
739674,0,0
-2702116,0,0
3673222,0,0
-3719232,0,0
1090735,0,0
170578,0,0
-3006912,0,0
3619894,0,0
-3613454,0,0
1740897,0,0
-462925,0,0
-705208,0,0
2592245,0,0
-3660134,0,0
3634972,0,0
-2356516,0,0
1151121,0,0
948191,0,0
-2758264,0,0
3756517,0,0
-3010535,0,0
1094101,0,0
449763,0,0
-2843288,0,0
3572300,0,0
-3813153,0,0
1119983,0,0
-60424,0,0
-2107668,0,0
3222137,0,0
-4065485,0,0
3268476,0,0
-1400154,0,0
-208510,0,0
2265212,0,0
-3607597,0,0
3440924,0,0
-1718118,0,0
33680,0,0
2038924,0,0
-3436196,0,0
3736141,0,0
-2898544,0,0
912583,0,0
-60241,0,0
-2715544,0,0
3495256,0,0
-3927988,0,0
1741878,0,0
-489721,0,0
-2086435,0,0
3687581,0,0
-3581285,0,0
2241673,0,0
-158705,0,0
-1584916,0,0
2882527,0,0
-3580955,0,0
3245259,0,0
-1317292,0,0
-205545,0,0
1444336,0,0
-3157285,0,0
3689547,0,0
-3765653,0,0
1467473,0,0
-602176,0,0
-2196082,0,0
3402278,0,0
-4055240,0,0
2615139,0,0
59964,0,0
-1551505,0,0
3189804,0,0
-3260650,0,0
2019200,0,0
127609,0,0
-1719049,0,0
3119448,0,0
-3623834,0,0
3189326,0,0
-2072207,0,0
488653,0,0
826212,0,0
-3342457,0,0
3601520,0,0
-3530715,0,0
553296,0,0
840825,0,0
-2926918,0,0
3747078,0,0
-3343726,0,0
1820045,0,0
239929,0,0
-1680129,0,0
2755843,0,0
-3526037,0,0
3016339,0,0
-1245050,0,0
-407441,0,0
2449344,0,0
-3813183,0,0
3587462,0,0
-2692089,0,0
-242781,0,0
1411282,0,0
-3737894,0,0
3261356,0,0
-2470092,0,0
324409,0,0
976434,0,0
-2298918,0,0
3559418,0,0
-3537375,0,0
2733455,0,0
-1112806,0,0
-285103,0,0
2302077,0,0
-3617019,0,0
3670619,0,0
-1961156,0,0
-379628,0,0
1731241,0,0
-3728455,0,0
3340448,0,0
-2687039,0,0
-336634,0,0
1431428,0,0
-3443142,0,0
3695090,0,0
-3341683,0,0
2154044,0,0
-81889,0,0
-1578366,0,0
3112982,0,0
-3513805,0,0
2778210,0,0
-557027,0,0
-1278905,0,0
3006292,0,0
-3862323,0,0
3007776,0,0
-1548073,0,0
-530338,0,0
1323980,0,0
-3616898,0,0
3352285,0,0
-2833417,0,0
422394,0,0
952633,0,0
-2854755,0,0
3768773,0,0
-3413389,0,0
2167149,0,0
378515,0,0
-2375852,0,0
3174116,0,0
-3399640,0,0
2650725,0,0
-475095,0,0
-987236,0,0
2239231,0,0
-3716035,0,0
3583942,0,0
-3250592,0,0
602627,0,0
253822,0,0
-2822737,0,0
3643064,0,0
-3832938,0,0
1824540,0,0
659955,0,0
-2155559,0,0
3420966,0,0
-3275572,0,0
2044876,0,0
59507,0,0
-1609472,0,0
3096434,0,0
-3696919,0,0
3252307,0,0
-1972516,0,0
281080,0,0
993771,0,0
-3535206,0,0
3524246,0,0
-3336897,0,0
368914,0,0
1065531,0,0
-3154823,0,0
3800775,0,0
-3052913,0,0
1442239,0,0
562913,0,0
-1917273,0,0
3026072,0,0
-2948534,0,0
1995343,0,0
-316438,0,0
-1341962,0,0
3134071,0,0
-3914307,0,0
3224453,0,0
-1880797,0,0
-1011669,0,0
2256734,0,0
-4031016,0,0
2738699,0,0
-1694048,0,0
-434011,0,0
1944126,0,0
-3319974,0,0
3798080,0,0
-2836452,0,0
1800879,0,0
-47797,0,0
-1337984,0,0
2885834,0,0
-3649853,0,0
3135123,0,0
-1038004,0,0
-1233662,0,0
2794977,0,0
-4098610,0,0
2358029,0,0
-1144222,0,0
-1919773,0,0
3053580,0,0
-4150303,0,0
2651959,0,0
-1496882,0,0
401538,0,0
1757768,0,0
-3165068,0,0
3533227,0,0
-2818347,0,0
1617289,0,0
482340,0,0
-2105888,0,0
3571046,0,0
-3448421,0,0
1960561,0,0
-238278,0,0
-1986538,0,0
2970524,0,0
-4044651,0,0
2331337,0,0
-1274707,0,0
-1138263,0,0
2504396,0,0
-4006954,0,0
3580178,0,0
-1887651,0,0
281348,0,0
1881580,0,0
-3455447,0,0
3458346,0,0
-2101275,0,0
513721,0,0
1607676,0,0
-3105563,0,0
3743787,0,0
-3343292,0,0
1386027,0,0
-532540,0,0
-2113008,0,0
2954543,0,0
-4118088,0,0
2476513,0,0
-1099175,0,0
-1052526,0,0
3070239,0,0
-3904206,0,0
3391729,0,0
-1277518,0,0
-538789,0,0
2009878,0,0
-3224347,0,0
3593054,0,0
-2655931,0,0
1383167,0,0
-229074,0,0
-1629036,0,0
2926209,0,0
-4178628,0,0
2444110,0,0
-1679620,0,0
-1432167,0,0
2901200,0,0
-4119488,0,0
3057028,0,0
-871875,0,0
-753105,0,0
2769541,0,0
-3613865,0,0
3020527,0,0
-1596129,0,0
70399,0,0
1737663,0,0
-3170219,0,0
3817430,0,0
-3333306,0,0
1823795,0,0
-434525,0,0
-2486420,0,0
3339387,0,0
-4097757,0,0
1669858,0,0
-201050,0,0
-1773986,0,0
3100126,0,0
-3981822,0,0
3240507,0,0
-1320514,0,0
65437,0,0
1665681,0,0
-3055048,0,0
3489488,0,0
-2955258,0,0
1651932,0,0
797176,0,0
-2877300,0,0
3724935,0,0
-3610045,0,0
787474,0,0
409116,0,0
-3144588,0,0
3645512,0,0
-3409771,0,0
1494335,0,0
-200275,0,0
-1013880,0,0
2862688,0,0
-3793014,0,0
3506397,0,0
-2009423,0,0
719127,0,0
1634812,0,0
-3264282,0,0
3736078,0,0
-2712904,0,0
661510,0,0
974440,0,0
-3098281,0,0
3625093,0,0
-3607817,0,0
774700,0,0
350895,0,0
-2585023,0,0
3527332,0,0
-3959167,0,0
2832207,0,0
-988354,0,0
-573012,0,0
2624209,0,0
-3622192,0,0
3191110,0,0
-1304849,0,0
-384215,0,0
2312780,0,0
-3573838,0,0
3683691,0,0
-2623951,0,0
685701,0,0
228387,0,0
-2947785,0,0
3532216,0,0
-3818608,0,0
1657515,0,0
-300251,0,0
-1858450,0,0
3471423,0,0
-3830004,0,0
2984500,0,0
-521636,0,0
-1264798,0,0
2540286,0,0
-3378920,0,0
3123247,0,0
-1778442,0,0
330980,0,0
820455,0,0
-2674036,0,0
3531839,0,0
-4009378,0,0
1722985,0,0
-890421,0,0
-2226604,0,0
3441778,0,0
-4005128,0,0
2383399,0,0
49983,0,0
-1611705,0,0
3217143,0,0
-3450952,0,0
2494614,0,0
-590507,0,0
-915339,0,0
2402152,0,0
-3595379,0,0
3700818,0,0
-2683818,0,0
1024828,0,0
366167,0,0
-3227450,0,0
3611199,0,0
-3635310,0,0
534292,0,0
1029329,0,0
-3043186,0,0
3741852,0,0
-3389908,0,0
1833052,0,0
111429,0,0
-1397828,0,0
2723986,0,0
-3583850,0,0
3041793,0,0
-1289190,0,0
-351001,0,0
2635456,0,0
-3960480,0,0
3425554,0,0
-2266315,0,0
-575042,0,0
1676559,0,0
-3841535,0,0
3229779,0,0
-2428117,0,0
309085,0,0
954466,0,0
-2113003,0,0
3519438,0,0
-3582000,0,0
2714993,0,0
-718433,0,0
-717664,0,0
2428404,0,0
-3666505,0,0
3413526,0,0
-1506821,0,0
-750396,0,0
2211749,0,0
-3864407,0,0
3136020,0,0
-2311279,0,0
-661054,0,0
1793078,0,0
-3670351,0,0
3605397,0,0
-3055346,0,0
1664090,0,0
198936,0,0
-1807918,0,0
3280946,0,0
-3379931,0,0
2378559,0,0
-102056,0,0
-1785371,0,0
3319772,0,0
-3721123,0,0
2523081,0,0
-912241,0,0
-1369714,0,0
2356619,0,0
-3994757,0,0
2823082,0,0
-2082074,0,0
-593900,0,0
2072794,0,0
-3762359,0,0
3750075,0,0
-2422822,0,0
869744,0,0
1445445,0,0
-3167872,0,0
3398583,0,0
-2762196,0,0
1541489,0,0
364995,0,0
-1825837,0,0
2887535,0,0
-4020966,0,0
3139843,0,0
-2625343,0,0
-221440,0,0
1074140,0,0
-3362068,0,0
3614587,0,0
-3187373,0,0
1063217,0,0
1375748,0,0
-2982131,0,0
3729458,0,0
-2631787,0,0
1172689,0,0
891818,0,0
-2577541,0,0
3456489,0,0
-3526982,0,0
2491124,0,0
-1480571,0,0
-155149,0,0
1441868,0,0
-3847698,0,0
3337327,0,0
-2898218,0,0
-466464,0,0
2100707,0,0
-3745516,0,0
3612264,0,0
-2412032,0,0
697488,0,0
1310693,0,0
-2588784,0,0
3209776,0,0
-3302605,0,0
2378804,0,0
-489952,0,0
-1128513,0,0
3069939,0,0
-4083834,0,0
3015805,0,0
-1822040,0,0
-1245773,0,0
2395767,0,0
-4048441,0,0
2648668,0,0
-1480369,0,0
-736434,0,0
1957336,0,0
-3228643,0,0
3829642,0,0
-2815458,0,0
1738693,0,0
-15474,0,0
-1554495,0,0
3004614,0,0
-3723837,0,0
3003372,0,0
-835237,0,0
-1546620,0,0
2873234,0,0
-4177766,0,0
2387840,0,0
-1331530,0,0
-1654359,0,0
2815360,0,0
-4064420,0,0
2981738,0,0
-1980739,0,0
726055,0,0
1290838,0,0
-2862767,0,0
3646044,0,0
-2696503,0,0
1458777,0,0
788844,0,0
-2618760,0,0
3681040,0,0
-3351105,0,0
1568298,0,0
77566,0,0
-2191430,0,0
3043250,0,0
-4155277,0,0
2182521,0,0
-1089956,0,0
-1269347,0,0
2560285,0,0
-4029857,0,0
3511758,0,0
-1848643,0,0
267735,0,0
2088068,0,0
-3523638,0,0
3358438,0,0
-1878138,0,0
328904,0,0
1619662,0,0
-3140900,0,0
3719568,0,0
-3499555,0,0
1705839,0,0
-971037,0,0
-1833468,0,0
2663441,0,0
-3963878,0,0
3070469,0,0
-2057016,0,0
-163623,0,0
2555314,0,0
-3785163,0,0
3665276,0,0
-1681908,0,0
-75651,0,0
1899421,0,0
-3142889,0,0
3598063,0,0
-2705253,0,0
1427259,0,0
-307159,0,0
-1398243,0,0
2665397,0,0
-4153310,0,0
2535326,0,0
-1738602,0,0
-1320306,0,0
2785561,0,0
-4116272,0,0
3046500,0,0
-1188657,0,0
-581886,0,0
2684497,0,0
-3693816,0,0
3238788,0,0
-1986138,0,0
552439,0,0
1353871,0,0
-2842630,0,0
3776386,0,0
-3428957,0,0
1992937,0,0
-618043,0,0
-2388866,0,0
3356763,0,0
-4089788,0,0
1733672,0,0
-436858,0,0
-1656328,0,0
2911389,0,0
-3840835,0,0
3607065,0,0
-1996783,0,0
790369,0,0
1033002,0,0
-2412420,0,0
3362988,0,0
-3373179,0,0
2295150,0,0
66154,0,0
-2255074,0,0
3412593,0,0
-3981884,0,0
1774591,0,0
-536009,0,0
-2515762,0,0
3305474,0,0
-4001968,0,0
2476549,0,0
-1331015,0,0
191510,0,0
1653090,0,0
-3187745,0,0
3732123,0,0
-2520298,0,0
1092322,0,0
1468150,0,0
-3172431,0,0
3740880,0,0
-2671293,0,0
580927,0,0
1021794,0,0
-3047018,0,0
3608683,0,0
-3778805,0,0
1271080,0,0
-186372,0,0
-2118674,0,0
3322455,0,0
-4113774,0,0
2877633,0,0
-1016216,0,0
-720449,0,0
2788480,0,0
-3749541,0,0
3012925,0,0
-1039687,0,0
-710532,0,0
2625652,0,0
-3700280,0,0
3565596,0,0
-2652597,0,0
587024,0,0
85645,0,0
-2632311,0,0
3264896,0,0
-4089503,0,0
2131308,0,0
-849476,0,0
-1230889,0,0
3274741,0,0
-3922259,0,0
3154370,0,0
-869470,0,0
-917732,0,0
2485794,0,0
-3495197,0,0
3375991,0,0
-1860240,0,0
421028,0,0
680183,0,0
-2437246,0,0
3390896,0,0
-4080522,0,0
1702765,0,0
-748778,0,0
-2219031,0,0
3438081,0,0
-4040471,0,0
2403028,0,0
-303450,0,0
-1355237,0,0
3064168,0,0
-3680092,0,0
3034509,0,0
-1652159,0,0
32091,0,0
2022385,0,0
-3374157,0,0
3838542,0,0
-2945670,0,0
1248343,0,0
92341,0,0
-3064422,0,0
3598278,0,0
-3732592,0,0
942721,0,0
510547,0,0
-2522577,0,0
3532119,0,0
-3862153,0,0
2804566,0,0
-829226,0,0
-467657,0,0
2044740,0,0
-3262175,0,0
3571404,0,0
-2492256,0,0
1090474,0,0
1092024,0,0
-3271489,0,0
3780436,0,0
-3427594,0,0
693774,0,0
685755,0,0
-3336614,0,0
3579961,0,0
-3499228,0,0
1386401,0,0
-44323,0,0
-1083648,0,0
2929420,0,0
-3827247,0,0
3411831,0,0
-1570497,0,0
105455,0,0
1982666,0,0
-3500436,0,0
3644647,0,0
-2117099,0,0
-13465,0,0
1633441,0,0
-3529362,0,0
3572703,0,0
-3242382,0,0
499041,0,0
607625,0,0
-2843911,0,0
3616289,0,0
-3898833,0,0
2277753,0,0
-220486,0,0
-1340088,0,0
2988800,0,0
-3582571,0,0
2829246,0,0
-818646,0,0
-1006879,0,0
2816824,0,0
-3834181,0,0
3314344,0,0
-2120979,0,0
319996,0,0
432932,0,0
-3042550,0,0
3507170,0,0
-3837967,0,0
1648141,0,0
-365801,0,0
-1856384,0,0
3536985,0,0
-3794524,0,0
2912388,0,0
-490986,0,0
-1243054,0,0
2583091,0,0
-3427059,0,0
3205000,0,0
-1737987,0,0
288351,0,0
861542,0,0
-2635755,0,0
3542093,0,0
-3971098,0,0
1630174,0,0
-707277,0,0
-2321260,0,0
3467026,0,0
-4004540,0,0
2362014,0,0
-217289,0,0
-1294430,0,0
3019653,0,0
-3573845,0,0
2872368,0,0
-1704283,0,0
74275,0,0
1731908,0,0
-3159532,0,0
3891400,0,0
-3003604,0,0
1328868,0,0
80071,0,0
-3031962,0,0
3597482,0,0
-3838785,0,0
1111292,0,0
310730,0,0
-2370848,0,0
3415429,0,0
-3888882,0,0
3103269,0,0
-1176897,0,0
6266,0,0
1644171,0,0
-2919276,0,0
3507171,0,0
-2997020,0,0
1651606,0,0
596665,0,0
-2925539,0,0
3791767,0,0
-3489208,0,0
875010,0,0
358289,0,0
-3160836,0,0
3516137,0,0
-3654612,0,0
1718973,0,0
-397820,0,0
-762380,0,0
2786892,0,0
-3875663,0,0
3346371,0,0
-1595641,0,0
30584,0,0
2092688,0,0
-3559493,0,0
3641496,0,0
-2026081,0,0
-47528,0,0
1618602,0,0
-3528546,0,0
3595057,0,0
-3263538,0,0
505802,0,0
714491,0,0
-2935566,0,0
3636186,0,0
-3838836,0,0
2347462,0,0
-200005,0,0
-1470991,0,0
3030958,0,0
-3522918,0,0
2717888,0,0
-571760,0,0
-1195016,0,0
2878974,0,0
-3772392,0,0
3369839,0,0
-1988155,0,0
47089,0,0
677326,0,0
-3216795,0,0
3519861,0,0
-3644200,0,0
1200832,0,0
433063,0,0
-2629741,0,0
3821003,0,0
-3352194,0,0
1995862,0,0
493851,0,0
-2285047,0,0
3183207,0,0
-3231356,0,0
2532763,0,0
-780817,0,0
-686177,0,0
1775868,0,0
-3370236,0,0
3753338,0,0
-3438285,0,0
626676,0,0
288538,0,0
-3138565,0,0
3669367,0,0
-3433269,0,0
1442708,0,0
1063223,0,0
-2699027,0,0
3590215,0,0
-3110146,0,0
2005444,0,0
-301569,0,0
-1489439,0,0
3108978,0,0
-3661944,0,0
3115851,0,0
-1544747,0,0
-112486,0,0
1454469,0,0
-3781006,0,0
3308475,0,0
-2700339,0,0
-302755,0,0
1788685,0,0
-3604214,0,0
3691284,0,0
-2944664,0,0
1357998,0,0
736613,0,0
-1945309,0,0
2944881,0,0
-3429374,0,0
3022364,0,0
-1205357,0,0
-537543,0,0
2697370,0,0
-3983480,0,0
3233175,0,0
-1954931,0,0
-988495,0,0
2173421,0,0
-3997025,0,0
2881109,0,0
-1960049,0,0
-390181,0,0
1665325,0,0
-2919768,0,0
3770223,0,0
-3161790,0,0
2006949,0,0
-3945,0,0
-1427839,0,0
2890700,0,0
-3557489,0,0
2892406,0,0
-915315,0,0
-1367326,0,0
2813021,0,0
-4033437,0,0
2890486,0,0
-1935730,0,0
-1090047,0,0
2257163,0,0
-3903323,0,0
3385467,0,0
-2529679,0,0
981805,0,0
983177,0,0
-2592295,0,0
3552814,0,0
-2833319,0,0
1562720,0,0
685835,0,0
-2647915,0,0
3653301,0,0
-3183861,0,0
1835177,0,0
-109812,0,0
-1978246,0,0
2800370,0,0
-4076626,0,0
2536569,0,0
-1539612,0,0
-964326,0,0
2367924,0,0
-3954281,0,0
3530905,0,0
-1834461,0,0
401370,0,0
1721622,0,0
-3406781,0,0
3426653,0,0
-2429498,0,0
1005605,0,0
1047309,0,0
-2403680,0,0
3345526,0,0
-3904773,0,0
2636873,0,0
-1768310,0,0
-922396,0,0
1870245,0,0
-3894001,0,0
3235195,0,0
-2310236,0,0
66506,0,0
2353183,0,0
-3640649,0,0
3758433,0,0
-1913393,0,0
392025,0,0
1332646,0,0
-2880860,0,0
3495598,0,0
-3170378,0,0
2194202,0,0
-667579,0,0
-853113,0,0
2289930,0,0
-4056672,0,0
2784773,0,0
-1935992,0,0
-1191213,0,0
2801341,0,0
-4085902,0,0
3134737,0,0
-1615309,0,0
-189050,0,0
2238991,0,0
-3328938,0,0
3452899,0,0
-2802934,0,0
1480380,0,0
581733,0,0
-2263537,0,0
3691662,0,0
-3441407,0,0
1891945,0,0
-393248,0,0
-2574178,0,0
3482921,0,0
-4027658,0,0
1560175,0,0
-378693,0,0
-1779926,0,0
3028240,0,0
-3864940,0,0
3566292,0,0
-1919116,0,0
565815,0,0
1240020,0,0
-2646073,0,0
3454571,0,0
-3188590,0,0
2014339,0,0
277965,0,0
-2563631,0,0
3570850,0,0
-3846494,0,0
1679464,0,0
-449200,0,0
-2662095,0,0
3426600,0,0
-3903877,0,0
2284956,0,0
-1080516,0,0
-315470,0,0
2311970,0,0
-3702211,0,0
3636295,0,0
-1888557,0,0
426774,0,0
1886694,0,0
-3448414,0,0
3655288,0,0
-2201146,0,0
311012,0,0
1204596,0,0
-2998227,0,0
3545940,0,0
-3892440,0,0
1523623,0,0
-315653,0,0
-2101698,0,0
3287045,0,0
-4125647,0,0
2838124,0,0
-779898,0,0
-757532,0,0
2740550,0,0
-3618421,0,0
3008808,0,0
-1257763,0,0
-421147,0,0
2294804,0,0
-3533970,0,0
3689000,0,0
-2967974,0,0
1309507,0,0
-380971,0,0
-2311169,0,0
3066640,0,0
-4121573,0,0
2410719,0,0
-1158535,0,0
-1109945,0,0
3230167,0,0
-3960690,0,0
3213373,0,0
-830583,0,0
-871552,0,0
2397004,0,0
-3391162,0,0
3416332,0,0
-2140201,0,0
815251,0,0
560853,0,0
-2200067,0,0
3403081,0,0
-3960428,0,0
1621764,0,0
-637751,0,0
-2421706,0,0
3525249,0,0
-3924460,0,0
2312602,0,0
-469540,0,0
-1240651,0,0
2952624,0,0
-3671286,0,0
3187646,0,0
-1891782,0,0
389080,0,0
1660317,0,0
-3257669,0,0
3877781,0,0
-2624626,0,0
1045050,0,0
381061,0,0
-3042451,0,0
3666343,0,0
-3719703,0,0
918896,0,0
445632,0,0
-2489853,0,0
3420732,0,0
-3893133,0,0
3259919,0,0
-1452279,0,0
232418,0,0
1663245,0,0
-2979853,0,0
3498399,0,0
-2919045,0,0
1615719,0,0
667903,0,0
-3014442,0,0
3782801,0,0
-3449904,0,0
1005222,0,0
243172,0,0
-2931436,0,0
3492423,0,0
-3829081,0,0
1889272,0,0
-648306,0,0
-703816,0,0
2642344,0,0
-3809719,0,0
3527257,0,0
-1741909,0,0
258509,0,0
1994752,0,0
-3473787,0,0
3626017,0,0
-1997817,0,0
108234,0,0
1537882,0,0
-3272468,0,0
3652033,0,0
-3568464,0,0
1087855,0,0
155015,0,0
-2542746,0,0
3567066,0,0
-3935806,0,0
2361037,0,0
-273359,0,0
-1265977,0,0
2946713,0,0
-3630107,0,0
2824739,0,0
-1127330,0,0
-569025,0,0
2460583,0,0
-3531760,0,0
3669284,0,0
-3043414,0,0
1205803,0,0
-346332,0,0
-2257834,0,0
3025928,0,0
-4155852,0,0
2405986,0,0
-1147478,0,0
-1046596,0,0
3247142,0,0
-3941116,0,0
3209668,0,0
-791480,0,0
-992273,0,0
2390215,0,0
-3427525,0,0
3438816,0,0
-2038559,0,0
775030,0,0
443799,0,0
-2037009,0,0
3182250,0,0
-4097625,0,0
1841213,0,0
-839302,0,0
-2228317,0,0
3428652,0,0
-4015629,0,0
2331809,0,0
-590375,0,0
-1200033,0,0
2902526,0,0
-3716214,0,0
3270652,0,0
-2037825,0,0
526072,0,0
1508673,0,0
-3004617,0,0
3862074,0,0
-2970116,0,0
1050807,0,0
352701,0,0
-3213589,0,0
3671926,0,0
-3483034,0,0
658002,0,0
822248,0,0
-2789496,0,0
3591633,0,0
-3819682,0,0
2886537,0,0
-1029056,0,0
-201783,0,0
1840101,0,0
-3088414,0,0
3686957,0,0
-2588717,0,0
1239329,0,0
870395,0,0
-3172790,0,0
3784492,0,0
-3392931,0,0
972178,0,0
231047,0,0
-3057346,0,0
3455202,0,0
-3741519,0,0
1810967,0,0
-566525,0,0
-860883,0,0
2734259,0,0
-3883306,0,0
3454079,0,0
-1517004,0,0
-131182,0,0
2166667,0,0
-3541261,0,0
3577867,0,0
-2079639,0,0
270147,0,0
1401676,0,0
-3309415,0,0
3602778,0,0
-3732473,0,0
1250792,0,0
-158059,0,0
-2332379,0,0
3452753,0,0
-4064474,0,0
2582233,0,0
-530787,0,0
-1019442,0,0
2834296,0,0
-3702089,0,0
2951132,0,0
-1290673,0,0
-411300,0,0
2218713,0,0
-3451811,0,0
3717480,0,0
-3355368,0,0
1596434,0,0
-745448,0,0
-1969938,0,0
2842176,0,0
-4189620,0,0
2416434,0,0
-1182976,0,0
-857107,0,0
3141295,0,0
-3962730,0,0
3294519,0,0
-880790,0,0
-907073,0,0
2259333,0,0
-3276478,0,0
3376997,0,0
-2180690,0,0
831250,0,0
548347,0,0
-2133106,0,0
3349139,0,0
-4041683,0,0
1750857,0,0
-772749,0,0
-2400368,0,0
3506324,0,0
-3941593,0,0
2221358,0,0
-359122,0,0
-1327258,0,0
2982874,0,0
-3657340,0,0
3251234,0,0
-1823228,0,0
342169,0,0
1514763,0,0
-3191524,0,0
3856497,0,0
-2882520,0,0
1098711,0,0
405837,0,0
-3165256,0,0
3695535,0,0
-3610163,0,0
871996,0,0
452104,0,0
-2492837,0,0
3489258,0,0
-3866352,0,0
3152547,0,0
-1197805,0,0
-103139,0,0
1792559,0,0
-3163717,0,0
3622228,0,0
-2583484,0,0
1243813,0,0
926811,0,0
-3148276,0,0
3793923,0,0
-3332974,0,0
924195,0,0
229296,0,0
-2957001,0,0
3524185,0,0
-3734166,0,0
1648899,0,0
-252177,0,0
-1096084,0,0
2920968,0,0
-3906339,0,0
3263747,0,0
-1192679,0,0
-425223,0,0
2319898,0,0
-3550206,0,0
3497065,0,0
-1796723,0,0
76831,0,0
1666488,0,0
-3393761,0,0
3621440,0,0
-3516313,0,0
993462,0,0
92634,0,0
-2535256,0,0
3580290,0,0
-3955323,0,0
2171990,0,0
-33171,0,0
-1513719,0,0
3102909,0,0
-3453370,0,0
2349419,0,0
-905767,0,0
-700369,0,0
2598273,0,0
-3664078,0,0
3634604,0,0
-2906279,0,0
896660,0,0
33625,0,0
-2590123,0,0
3284585,0,0
-4143679,0,0
2077976,0,0
-849027,0,0
-1274237,0,0
3343410,0,0
-3943809,0,0
3043394,0,0
-584083,0,0
-999711,0,0
2393317,0,0
-3467890,0,0
3382599,0,0
-1811561,0,0
375321,0,0
1010934,0,0
-2630190,0,0
3607105,0,0
-3821835,0,0
1261266,0,0
-253168,0,0
-2849350,0,0
3620167,0,0
-3665065,0,0
1813916,0,0
-16207,0,0
-1747412,0,0
3304473,0,0
-3602568,0,0
2875395,0,0
-1345833,0,0
-238506,0,0
1986090,0,0
-3570122,0,0
3756801,0,0
-2362381,0,0
573805,0,0
893090,0,0
-3454687,0,0
3662665,0,0
-3331418,0,0
278633,0,0
1137044,0,0
-3156893,0,0
3708230,0,0
-3601545,0,0
2453548,0,0
-386658,0,0
-842439,0,0
2389033,0,0
-3495737,0,0
3550772,0,0
-2169837,0,0
668497,0,0
1509619,0,0
-3542826,0,0
3757444,0,0
-3035316,0,0
462839,0,0
838713,0,0
-3459270,0,0
3392482,0,0
-3249439,0,0
1064839,0,0
278766,0,0
-1675691,0,0
3240976,0,0
-3881158,0,0
3003868,0,0
-720652,0,0
-872085,0,0
2742585,0,0
-3575372,0,0
2988703,0,0
-1084691,0,0
-942839,0,0
2455624,0,0
-3885346,0,0
3375012,0,0
-2824936,0,0
-120080,0,0
1223489,0,0
-3394548,0,0
3672090,0,0
-3238098,0,0
1376375,0,0
608541,0,0
-2206331,0,0
3390569,0,0
-3292446,0,0
2117687,0,0
-241268,0,0
-1518134,0,0
3081041,0,0
-3782166,0,0
3227677,0,0
-2152640,0,0
41763,0,0
887550,0,0
-3387098,0,0
3514354,0,0
-3643098,0,0
1214995,0,0
175563,0,0
-2330931,0,0
3786495,0,0
-3436144,0,0
2083499,0,0
540810,0,0
-2326267,0,0
3218722,0,0
-3174498,0,0
2549504,0,0
-710542,0,0
-789740,0,0
2019040,0,0
-3473422,0,0
3730548,0,0
-3259565,0,0
306611,0,0
614613,0,0
-3365751,0,0
3527590,0,0
-3063379,0,0
824751,0,0
1150001,0,0
-2737856,0,0
3624568,0,0
-3333294,0,0
2376080,0,0
-766987,0,0
-786798,0,0
2548797,0,0
-3722952,0,0
3530443,0,0
-1839733,0,0
-5492,0,0
1273826,0,0
-3692218,0,0
3493092,0,0
-2895979,0,0
-47958,0,0
1441123,0,0
-3285998,0,0
3702592,0,0
-3570127,0,0
2558769,0,0
-588835,0,0
-717598,0,0
2433477,0,0
-3475823,0,0
3623732,0,0
-2189200,0,0
615657,0,0
1614185,0,0
-3672285,0,0
3665804,0,0
-2853565,0,0
187911,0,0
1097062,0,0
-3561953,0,0
3292354,0,0
-3036184,0,0
796976,0,0
441489,0,0
-1805806,0,0
3296123,0,0
-3865873,0,0
2937388,0,0
-664443,0,0
-922771,0,0
2697964,0,0
-3591051,0,0
3053185,0,0
-987794,0,0
-947034,0,0
2591640,0,0
-3966968,0,0
3227115,0,0
-2555330,0,0
-216735,0,0
1437701,0,0
-3554657,0,0
3610029,0,0
-3188611,0,0
1097554,0,0
766324,0,0
-2303265,0,0
3547422,0,0
-2941126,0,0
1462361,0,0
201131,0,0
-1946752,0,0
3256802,0,0
-3699145,0,0
2841772,0,0
-1683238,0,0
-390662,0,0
1153244,0,0
-3488970,0,0
3517077,0,0
-3525021,0,0
922108,0,0
501923,0,0
-2641006,0,0
3860415,0,0
-3235110,0,0
1929769,0,0
780616,0,0
-2598474,0,0
3185305,0,0
-3169568,0,0
2503033,0,0
-687177,0,0
-763476,0,0
2010383,0,0
-3521520,0,0
3740136,0,0
-3184605,0,0
225577,0,0
730751,0,0
-3412679,0,0
3553509,0,0
-2905098,0,0
690977,0,0
1324388,0,0
-3008773,0,0
3731570,0,0
-3029906,0,0
1865439,0,0
-225723,0,0
-1599026,0,0
3180255,0,0
-3701597,0,0
3038227,0,0
-990574,0,0
-707249,0,0
2092037,0,0
-4049607,0,0
2908514,0,0
-2059744,0,0
-759331,0,0
2117272,0,0
-3840004,0,0
3497749,0,0
-2731788,0,0
1483552,0,0
689290,0,0
-1797621,0,0
2871401,0,0
-3529884,0,0
3069495,0,0
-1348615,0,0
-350806,0,0
2640117,0,0
-4043754,0,0
3032938,0,0
-1816769,0,0
-722479,0,0
2083725,0,0
-4030226,0,0
2764852,0,0
-2102747,0,0
-100275,0,0
1388178,0,0
-2559646,0,0
3660948,0,0
-3444505,0,0
2201540,0,0
130907,0,0
-1806476,0,0
3121812,0,0
-3406572,0,0
2426728,0,0
-214787,0,0
-1770073,0,0
3221026,0,0
-4005769,0,0
2657865,0,0
-1852192,0,0
-958904,0,0
2153327,0,0
-3924040,0,0
3288856,0,0
-2390455,0,0
374709,0,0
1672745,0,0
-3168602,0,0
3696155,0,0
-2615018,0,0
1058005,0,0
1000577,0,0
-2740267,0,0
3639901,0,0
-3290905,0,0
2259831,0,0
-998949,0,0
-1084150,0,0
1851475,0,0
-3805989,0,0
3291651,0,0
-3033831,0,0
298995,0,0
1189376,0,0
-3228074,0,0
3888287,0,0
-2704455,0,0
1310683,0,0
1249329,0,0
-2905073,0,0
3285791,0,0
-2876500,0,0
2019351,0,0
-175554,0,0
-1365781,0,0
2412343,0,0
-3763557,0,0
3580589,0,0
-2732886,0,0
5017,0,0
1011684,0,0
-3725353,0,0
3358748,0,0
-2601942,0,0
401787,0,0
1851390,0,0
-3439988,0,0
3787044,0,0
-2602114,0,0
1257307,0,0
643877,0,0
-2258013,0,0
3326820,0,0
-3461757,0,0
2473708,0,0
-600446,0,0
-1143542,0,0
2499463,0,0
-4127866,0,0
2644890,0,0
-1718784,0,0
-1219923,0,0
2740147,0,0
-4037209,0,0
3203070,0,0
-2174143,0,0
741753,0,0
1301470,0,0
-2485375,0,0
3326261,0,0
-3317936,0,0
2650432,0,0
-667889,0,0
-1090282,0,0
2984518,0,0
-3998511,0,0
2741429,0,0
-1242545,0,0
-1539135,0,0
2633640,0,0
-4087268,0,0
2380647,0,0
-1568992,0,0
-753341,0,0
2000709,0,0
-3253336,0,0
3830433,0,0
-2987208,0,0
1540627,0,0
743897,0,0
-2242220,0,0
3338965,0,0
-3255811,0,0
2124257,0,0
-17036,0,0
-2075423,0,0
3388642,0,0
-3971851,0,0
2463968,0,0
-1492708,0,0
-1418658,0,0
2527657,0,0
-4096976,0,0
2991973,0,0
-1919582,0,0
50882,0,0
2070979,0,0
-3465082,0,0
3671039,0,0
-2348060,0,0
704172,0,0
1434704,0,0
-3061831,0,0
3696553,0,0
-3056129,0,0
1903421,0,0
-488297,0,0
-1457708,0,0
2228860,0,0
-3965481,0,0
3028125,0,0
-2607733,0,0
-37117,0,0
1546924,0,0
-3487605,0,0
3822334,0,0
-2383744,0,0
976560,0,0
1489638,0,0
-3103622,0,0
3367882,0,0
-2768145,0,0
1705778,0,0
301617,0,0
-1670908,0,0
2780519,0,0
-3865002,0,0
3462545,0,0
-2417136,0,0
-734386,0,0
1695185,0,0
-3808103,0,0
3147901,0,0
-2247179,0,0
63618,0,0
2001597,0,0
-3575702,0,0
3755916,0,0
-2446469,0,0
1122992,0,0
673606,0,0
-2302221,0,0
3273159,0,0
-3439312,0,0
2613637,0,0
-469428,0,0
-1316823,0,0
2717319,0,0
-4121158,0,0
2649697,0,0
-1606194,0,0
-1235508,0,0
2668655,0,0
-4021808,0,0
3302367,0,0
-2299376,0,0
988902,0,0
1055632,0,0
-2218274,0,0
3277954,0,0
-3332309,0,0
2631398,0,0
-736668,0,0
-981884,0,0
3025257,0,0
-3909752,0,0
2706621,0,0
-1154395,0,0
-1436936,0,0
2590194,0,0
-4065263,0,0
2306018,0,0
-1442500,0,0
-838959,0,0
2164153,0,0
-3432701,0,0
3835007,0,0
-2754347,0,0
1269140,0,0
946050,0,0
-2498883,0,0
3434227,0,0
-2933656,0,0
1721176,0,0
531916,0,0
-2594582,0,0
3654889,0,0
-3660589,0,0
1913610,0,0
-860868,0,0
-1869794,0,0
2969776,0,0
-4094569,0,0
2692965,0,0
-1499172,0,0
-419957,0,0
2373260,0,0
-3711153,0,0
3645966,0,0
-1965538,0,0
271623,0,0
1686494,0,0
-3367294,0,0
3696466,0,0
-2564831,0,0
1329862,0,0
105129,0,0
-2045600,0,0
2779964,0,0
-4080950,0,0
2639238,0,0
-1980653,0,0
-608248,0,0
2014116,0,0
-3774923,0,0
3634091,0,0
-1899571,0,0
390098,0,0
2094370,0,0
-3515923,0,0
3328553,0,0
-1839828,0,0
716674,0,0
1087800,0,0
-2542439,0,0
3328282,0,0
-3868309,0,0
2889769,0,0
-1555595,0,0
-1156801,0,0
2234585,0,0
-4046376,0,0
2701608,0,0
-1507957,0,0
-618678,0,0
2737292,0,0
-3923168,0,0
3479533,0,0
-1770466,0,0
381061,0,0
1402594,0,0
-2997145,0,0
3478467,0,0
-2751848,0,0
1571157,0,0
444548,0,0
-2038805,0,0
3324102,0,0
-3993187,0,0
1756136,0,0
-603589,0,0
-2229707,0,0
3417543,0,0
-4013156,0,0
2528547,0,0
-1228730,0,0
-185236,0,0
2197147,0,0
-3194791,0,0
3477817,0,0
-2804920,0,0
1783080,0,0
181519,0,0
-1783379,0,0
3408031,0,0
-3672162,0,0
2150853,0,0
-466653,0,0
-2225073,0,0
3274692,0,0
-4034307,0,0
1735293,0,0
-790858,0,0
-1408284,0,0
2690204,0,0
-3743710,0,0
3760980,0,0
-2355076,0,0
776590,0,0
1513658,0,0
-3049512,0,0
3526166,0,0
-2645606,0,0
1264387,0,0
1010344,0,0
-2973631,0,0
3797764,0,0
-3252847,0,0
1345362,0,0
-336286,0,0
-2430234,0,0
3380898,0,0
-4013451,0,0
2286795,0,0
-1155977,0,0
-929246,0,0
2874319,0,0
-3901776,0,0
3420332,0,0
-1330990,0,0
-472990,0,0
2171499,0,0
-3464338,0,0
3531127,0,0
-2264355,0,0
992495,0,0
548148,0,0
-2446003,0,0
3114511,0,0
-4083507,0,0
2214103,0,0
-1569675,0,0
-750348,0,0
2151762,0,0
-3881619,0,0
3555417,0,0
-1778906,0,0
323868,0,0
2155110,0,0
-3576146,0,0
3287561,0,0
-1999264,0,0
706506,0,0
1142803,0,0
-2387402,0,0
3396284,0,0
-3832315,0,0
2806461,0,0
-1475542,0,0
-1448127,0,0
2491375,0,0
-4074618,0,0
2559453,0,0
-1199955,0,0
-846267,0,0
2787075,0,0
-3946452,0,0
3435813,0,0
-1674933,0,0
225007,0,0
1436941,0,0
-2987944,0,0
3555741,0,0
-2769707,0,0
1539294,0,0
500759,0,0
-2020257,0,0
3236732,0,0
-4029844,0,0
1908568,0,0
-778041,0,0
-2172078,0,0
3367912,0,0
-3996279,0,0
2694799,0,0
-1486911,0,0
83682,0,0
2050444,0,0
-3159789,0,0
3471143,0,0
-2923401,0,0
1933806,0,0
138851,0,0
-1844754,0,0
3451371,0,0
-3613335,0,0
1982849,0,0
-412854,0,0
-2279039,0,0
3321815,0,0
-4017215,0,0
1569362,0,0
-556010,0,0
-1606068,0,0
2886071,0,0
-3846001,0,0
3704060,0,0
-2180376,0,0
545235,0,0
1683145,0,0
-3160798,0,0
3596632,0,0
-2444649,0,0
1072224,0,0
984377,0,0
-2847176,0,0
3755272,0,0
-3424851,0,0
1461842,0,0
-461098,0,0
-2236511,0,0
3275771,0,0
-4061130,0,0
2373220,0,0
-1189357,0,0
-873291,0,0
2811207,0,0
-3888520,0,0
3488271,0,0
-1544626,0,0
-256182,0,0
2001013,0,0
-3360697,0,0
3625888,0,0
-2482263,0,0
1106150,0,0
233522,0,0
-2117033,0,0
2971664,0,0
-4121090,0,0
2321369,0,0
-1638074,0,0
-934635,0,0
2428837,0,0
-3968568,0,0
3458484,0,0
-1597567,0,0
136123,0,0
2300828,0,0
-3596379,0,0
3269683,0,0
-1923769,0,0
614614,0,0
1253449,0,0
-2660600,0,0
3476033,0,0
-3805763,0,0
2703517,0,0
-1333722,0,0
-1598142,0,0
2591221,0,0
-4129428,0,0
2394523,0,0
-1274956,0,0
-968921,0,0
2908169,0,0
-4014182,0,0
3313079,0,0
-1518589,0,0
69931,0,0
1644803,0,0
-3104793,0,0
3517723,0,0
-2775057,0,0
1362320,0,0
578360,0,0
-2361779,0,0
3442726,0,0
-4008354,0,0
1529887,0,0
-427485,0,0
-2510634,0,0
3540864,0,0
-3850359,0,0
2210215,0,0
-1013392,0,0
-357341,0,0
2440401,0,0
-3472813,0,0
3538416,0,0
-2519737,0,0
1381275,0,0
385140,0,0
-2056564,0,0
3525341,0,0
-3601660,0,0
1767249,0,0
-239769,0,0
-2463561,0,0
3466102,0,0
-4015278,0,0
1349471,0,0
-351520,0,0
-1973260,0,0
3220864,0,0
-3920504,0,0
3489563,0,0
-1910370,0,0
297548,0,0
1922733,0,0
-3332631,0,0
3627821,0,0
-2367722,0,0
773765,0,0
1473557,0,0
-3417687,0,0
3758644,0,0
-3059574,0,0
869137,0,0
140994,0,0
-2944426,0,0
3543702,0,0
-3772603,0,0
1557422,0,0
-250498,0,0
-1662412,0,0
3236893,0,0
-3953790,0,0
3043969,0,0
-693969,0,0
-1097820,0,0
2671498,0,0
-3564096,0,0
3166148,0,0
-1301611,0,0
-237033,0,0
1628210,0,0
-3433520,0,0
3605687,0,0
-3719318,0,0
1339488,0,0
-419791,0,0
-2177237,0,0
3375411,0,0
-4077984,0,0
2521603,0,0
-211831,0,0
-1411086,0,0
3191752,0,0
-3590577,0,0
2628708,0,0
-715734,0,0
-778475,0,0
2558290,0,0
-3702841,0,0
3569557,0,0
-2998927,0,0
1212076,0,0
108438,0,0
-2918139,0,0
3508843,0,0
-4003225,0,0
1299019,0,0
180367,0,0
-2310103,0,0
3765081,0,0
-3405343,0,0
1945086,0,0
408650,0,0
-1929014,0,0
2797677,0,0
-3432680,0,0
2931013,0,0
-1346714,0,0
-155566,0,0
1889231,0,0
-3343312,0,0
3769714,0,0
-3363263,0,0
531852,0,0
497906,0,0
-3212662,0,0
3590804,0,0
-3297548,0,0
1404482,0,0
-69583,0,0
-1332748,0,0
3029605,0,0
-3677440,0,0
3398102,0,0
-2034716,0,0
741999,0,0
1234842,0,0
-2951941,0,0
3800282,0,0
-3018605,0,0
908616,0,0
486399,0,0
-3344914,0,0
3626401,0,0
-3316057,0,0
396757,0,0
690752,0,0
-2832488,0,0
3610828,0,0
-3807477,0,0
3006007,0,0
-1143627,0,0
-477678,0,0
2435544,0,0
-3559169,0,0
3491102,0,0
-1933081,0,0
268757,0,0
1959980,0,0
-3733556,0,0
3596556,0,0
-2583668,0,0
391759,0,0
538582,0,0
-3110645,0,0
3536830,0,0
-3674846,0,0
1635252,0,0
-435582,0,0
-1587857,0,0
3306767,0,0
-3897618,0,0
2992628,0,0
-758709,0,0
-1109126,0,0
2731420,0,0
-3667402,0,0
3245774,0,0
-1232967,0,0
-338531,0,0
1596729,0,0
-3479992,0,0
3609285,0,0
-3630457,0,0
1072849,0,0
-143605,0,0
-2416394,0,0
3492525,0,0
-3995836,0,0
2342616,0,0
40650,0,0
-1632153,0,0
3275110,0,0
-3482584,0,0
2440380,0,0
-579991,0,0
-868387,0,0
2599138,0,0
-3712611,0,0
3605412,0,0
-2919838,0,0
1203209,0,0
58573,0,0
-2914785,0,0
3509838,0,0
-3978620,0,0
1276153,0,0
186239,0,0
-2169731,0,0
3600601,0,0
-3676547,0,0
2295476,0,0
-203350,0,0
-1274182,0,0
2547612,0,0
-3568861,0,0
3307207,0,0
-1709867,0,0
203562,0,0
1702044,0,0
-3327213,0,0
3775766,0,0
-3395265,0,0
513760,0,0
612830,0,0
-3305240,0,0
3513463,0,0
-3213336,0,0
1106624,0,0
394489,0,0
-1794391,0,0
3218187,0,0
-3661777,0,0
3179965,0,0
-1648889,0,0
290239,0,0
1545263,0,0
-3151173,0,0
3833135,0,0
-2789390,0,0
651556,0,0
753213,0,0
-3345081,0,0
3634437,0,0
-3456551,0,0
409320,0,0
878625,0,0
-3008125,0,0
3684139,0,0
-3670915,0,0
2869785,0,0
-895858,0,0
-746853,0,0
2582403,0,0
-3582246,0,0
3410610,0,0
-1705905,0,0
62917,0,0
2086819,0,0
-3693347,0,0
3619979,0,0
-2665100,0,0
378974,0,0
660020,0,0
-3204379,0,0
3561712,0,0
-3479462,0,0
1240776,0,0
1819,0,0
-1918547,0,0
3449055,0,0
-3813600,0,0
2842048,0,0
-467489,0,0
-1325310,0,0
2673077,0,0
-3621228,0,0
3177546,0,0
-1345335,0,0
-124350,0,0
1349049,0,0
-3273661,0,0
3609882,0,0
-3826624,0,0
1347967,0,0
-489224,0,0
-2140365,0,0
3375952,0,0
-4084945,0,0
2524648,0,0
-213683,0,0
-1192751,0,0
3074660,0,0
-3548606,0,0
2648331,0,0
-828304,0,0
-862331,0,0
2538247,0,0
-3708439,0,0
3643031,0,0
-2867258,0,0
1155146,0,0
178744,0,0
-3029019,0,0
3542801,0,0
-3925263,0,0
1214418,0,0
342523,0,0
-2347560,0,0
3654835,0,0
-3553533,0,0
2190182,0,0
-77812,0,0
-1285980,0,0
2496799,0,0
-3404444,0,0
3143823,0,0
-1628980,0,0
45616,0,0
1910708,0,0
-3368030,0,0
3789326,0,0
-3301586,0,0
544616,0,0
610940,0,0
-3309351,0,0
3586011,0,0
-3194581,0,0
1048773,0,0
489724,0,0
-1877595,0,0
3324862,0,0
-3641748,0,0
3037014,0,0
-1319596,0,0
-133894,0,0
2104309,0,0
-3559293,0,0
3682658,0,0
-2110549,0,0
-107913,0,0
1497368,0,0
-3794710,0,0
3325742,0,0
-2477887,0,0
-596806,0,0
1677049,0,0
-3580857,0,0
3648370,0,0
-3188312,0,0
2062954,0,0
-56989,0,0
-1503993,0,0
3049532,0,0
-3671851,0,0
3062750,0,0
-889872,0,0
-769458,0,0
2701640,0,0
-3964596,0,0
3046765,0,0
-1647659,0,0
