-827102,0,0
-732085,0,0
-382783,0,0
182792,0,0
225612,0,0
-124117,0,0
-441180,0,0
-890775,0,0
-980784,0,0
-789016,0,0
-344887,0,0
119575,0,0
362844,0,0
64490,0,0
-353829,0,0
-510210,0,0
-974667,0,0
-823866,0,0
-378302,0,0
-5929,0,0
218097,0,0
-30964,0,0
-597303,0,0
-733154,0,0
-867049,0,0
-908504,0,0
-441996,0,0
-97756,0,0
86006,0,0
165140,0,0
-271887,0,0
-737381,0,0
-677802,0,0
-921063,0,0
-647470,0,0
-68378,0,0
108163,0,0
179713,0,0
-170978,0,0
-692983,0,0
-781496,0,0
-826724,0,0
-881765,0,0
-362371,0,0
55638,0,0
153834,0,0
72398,0,0
-484315,0,0
-874440,0,0
-796833,0,0
-809334,0,0
-474176,0,0
63389,0,0
182405,0,0
141955,0,0
-204044,0,0
-798980,0,0
-775706,0,0
-801914,0,0
-668969,0,0
-31712,0,0
238208,0,0
140585,0,0
-143853,0,0
-627942,0,0
-882851,0,0
-668539,0,0
-642464,0,0
-227419,0,0
308449,0,0
270850,0,0
-28115,0,0
-249591,0,0
-770762,0,0
-728129,0,0
-633590,0,0
-289766,0,0
239788,0,0
353335,0,0
-6588,0,0
-482677,0,0
-772015,0,0
-888926,0,0
-699450,0,0
-408344,0,0
31403,0,0
376320,0,0
134235,0,0
-370461,0,0
-673796,0,0
-801019,0,0
-799859,0,0
-428149,0,0
18063,0,0
287400,0,0
210227,0,0
-292584,0,0
-606225,0,0
-730924,0,0
-861123,0,0
-614516,0,0
-144255,0,0
127876,0,0
271749,0,0
-85777,0,0
-648330,0,0
-602092,0,0
-798879,0,0
-750703,0,0
-161775,0,0
176998,0,0
371771,0,0
207572,0,0
-398645,0,0
-693819,0,0
-553098,0,0
-684372,0,0
-188122,0,0
376879,0,0
358586,0,0
146489,0,0
-357586,0,0
-810318,0,0
-608868,0,0
-623608,0,0
-331607,0,0
262281,0,0
406414,0,0
210116,0,0
-177045,0,0
-643145,0,0
-730408,0,0
-449560,0,0
-212384,0,0
333374,0,0
484914,0,0
115526,0,0
-282794,0,0
-586067,0,0
-775512,0,0
-691245,0,0
-481365,0,0
-51112,0,0
261638,0,0
139900,0,0
-269114,0,0
-489767,0,0
-730918,0,0
-862886,0,0
-555690,0,0
-67774,0,0
325847,0,0
342239,0,0
-120374,0,0
-594618,0,0
-609512,0,0
-830373,0,0
-630811,0,0
-62545,0,0
178566,0,0
356640,0,0
-10296,0,0
-634010,0,0
-717923,0,0
-819837,0,0
-727108,0,0
-132910,0,0
287769,0,0
334205,0,0
114723,0,0
-416944,0,0
-730839,0,0
-419442,0,0
-491588,0,0
-637,0,0
381941,0,0
391488,0,0
155021,0,0
-351765,0,0
-721096,0,0
-674349,0,0
-719255,0,0
-397761,0,0
166894,0,0
292614,0,0
137922,0,0
-175506,0,0
-681553,0,0
-834736,0,0
-621175,0,0
-356092,0,0
199415,0,0
481953,0,0
219191,0,0
-224252,0,0
-480899,0,0
-848744,0,0
-726803,0,0
-360196,0,0
52818,0,0
359722,0,0
126334,0,0
-379544,0,0
-629976,0,0
-798751,0,0
-826568,0,0
-448927,0,0
63180,0,0
270725,0,0
295523,0,0
-183132,0,0
-602464,0,0
-301972,0,0
-433592,0,0
-139207,0,0
339233,0,0
532466,0,0
519131,0,0
160998,0,0
-369170,0,0
-426840,0,0
-454035,0,0
-442993,0,0
104100,0,0
393931,0,0
328043,0,0
143801,0,0
-494979,0,0
-658168,0,0
-344279,0,0
-302680,0,0
165425,0,0
530052,0,0
450600,0,0
201696,0,0
-17947,0,0
-597771,0,0
-513941,0,0
-387815,0,0
-68262,0,0
408631,0,0
335687,0,0
-216740,0,0
-538238,0,0
-785424,0,0
-856292,0,0
-558722,0,0
-53924,0,0
301195,0,0
439339,0,0
74868,0,0
-418384,0,0
-271661,0,0
-453127,0,0
-246598,0,0
135479,0,0
419645,0,0
545348,0,0
290008,0,0
-293851,0,0
-412562,0,0
-472285,0,0
-582613,0,0
-48593,0,0
316819,0,0
455132,0,0
385299,0,0
-127083,0,0
-485989,0,0
-314750,0,0
-413287,0,0
71560,0,0
452279,0,0
511037,0,0
332845,0,0
86860,0,0
-654067,0,0
-611504,0,0
-567211,0,0
-462421,0,0
28264,0,0
97825,0,0
-92626,0,0
-494004,0,0
-897862,0,0
-1000229,0,0
-908694,0,0
-647995,0,0
-212062,0,0
247374,0,0
40746,0,0
-376785,0,0
-679869,0,0
-1000797,0,0
-878675,0,0
-678713,0,0
-241932,0,0
187210,0,0
192573,0,0
-244918,0,0
-665887,0,0
-873157,0,0
-994288,0,0
-763697,0,0
-304193,0,0
182451,0,0
348002,0,0
3947,0,0
-575458,0,0
-562980,0,0
-547274,0,0
-412265,0,0
86816,0,0
411799,0,0
607207,0,0
441215,0,0
-152504,0,0
-93460,0,0
-134937,0,0
-332976,0,0
139399,0,0
414885,0,0
419094,0,0
205170,0,0
-389976,0,0
-816866,0,0
-604482,0,0
-608708,0,0
-260887,0,0
317309,0,0
393139,0,0
180758,0,0
-94599,0,0
-752859,0,0
-797640,0,0
-772147,0,0
-395203,0,0
64824,0,0
264209,0,0
-33184,0,0
-481405,0,0
-866592,0,0
-1001546,0,0
-886071,0,0
-622519,0,0
-70286,0,0
236085,0,0
142356,0,0
-354997,0,0
-710132,0,0
-911588,0,0
-853367,0,0
-535749,0,0
-22349,0,0
364381,0,0
284341,0,0
-317518,0,0
-615707,0,0
-769420,0,0
-910332,0,0
-622396,0,0
-158719,0,0
237022,0,0
246470,0,0
-266059,0,0
-790267,0,0
-758781,0,0
-875968,0,0
-784091,0,0
-205203,0,0
164134,0,0
316734,0,0
117917,0,0
-548659,0,0
-766387,0,0
-747054,0,0
-783787,0,0
-303304,0,0
205207,0,0
201041,0,0
-13460,0,0
-536792,0,0
-903238,0,0
-824018,0,0
-912484,0,0
-449155,0,0
115223,0,0
315147,0,0
92952,0,0
-351813,0,0
-795779,0,0
-829348,0,0
-773378,0,0
-430079,0,0
166796,0,0
330681,0,0
175887,0,0
-166392,0,0
-479458,0,0
-803362,0,0
-703710,0,0
-599354,0,0
-30270,0,0
379261,0,0
170799,0,0
-207235,0,0
-362037,0,0
-642963,0,0
-785256,0,0
-435485,0,0
-4329,0,0
403718,0,0
455635,0,0
11182,0,0
-448844,0,0
-547318,0,0
-787143,0,0
-664779,0,0
-78316,0,0
264719,0,0
297589,0,0
-170589,0,0
-707071,0,0
-823749,0,0
-892270,0,0
-731192,0,0
-234160,0,0
195091,0,0
271661,0,0
40839,0,0
-543194,0,0
-836764,0,0
-707009,0,0
-699927,0,0
-173156,0,0
164422,0,0
311250,0,0
84204,0,0
-339461,0,0
-737432,0,0
-735112,0,0
-850563,0,0
-449597,0,0
93533,0,0
223019,0,0
212092,0,0
-113061,0,0
-625588,0,0
-789576,0,0
-623127,0,0
-380666,0,0
248085,0,0
479197,0,0
329816,0,0
-6419,0,0
-363325,0,0
-772116,0,0
-749683,0,0
-428471,0,0
4470,0,0
358030,0,0
133276,0,0
-256931,0,0
-594746,0,0
-773246,0,0
-788631,0,0
-569264,0,0
6776,0,0
278915,0,0
309975,0,0
-127587,0,0
-592794,0,0
-573099,0,0
-705519,0,0
-389281,0,0
-72562,0,0
270102,0,0
277485,0,0
-55100,0,0
-596155,0,0
-740942,0,0
-865783,0,0
-692059,0,0
-185080,0,0
155107,0,0
372320,0,0
147107,0,0
-460552,0,0
-833122,0,0
-726644,0,0
-661752,0,0
36196,0,0
334083,0,0
408609,0,0
241975,0,0
-117518,0,0
-686867,0,0
-616797,0,0
-489482,0,0
-84460,0,0
408511,0,0
328655,0,0
20374,0,0
-386040,0,0
-683261,0,0
-657599,0,0
-542777,0,0
-110045,0,0
310176,0,0
563012,0,0
308272,0,0
-144322,0,0
-224882,0,0
-428159,0,0
-274266,0,0
-87617,0,0
347553,0,0
481042,0,0
265085,0,0
-317225,0,0
-528011,0,0
-699302,0,0
-719189,0,0
-289774,0,0
109895,0,0
434832,0,0
362210,0,0
-139086,0,0
-545475,0,0
-342952,0,0
-383907,0,0
130888,0,0
515400,0,0
724233,0,0
692342,0,0
315688,0,0
-368668,0,0
-397451,0,0
-329114,0,0
-166056,0,0
410249,0,0
420346,0,0
149940,0,0
-195707,0,0
-645058,0,0
-766148,0,0
-655895,0,0
-218622,0,0
317309,0,0
605357,0,0
420664,0,0
91983,0,0
-132741,0,0
-312804,0,0
-145608,0,0
-49023,0,0
382315,0,0
525175,0,0
403813,0,0
-56224,0,0
-433727,0,0
-581056,0,0
-607774,0,0
-329341,0,0
18406,0,0
456917,0,0
431372,0,0
-35889,0,0
-579781,0,0
-369339,0,0
-406745,0,0
-104224,0,0
340769,0,0
691584,0,0
750938,0,0
404852,0,0
-256729,0,0
-222856,0,0
-199203,0,0
-113229,0,0
386221,0,0
468355,0,0
363560,0,0
49835,0,0
-471924,0,0
-707198,0,0
-667625,0,0
-413754,0,0
35228,0,0
519473,0,0
522901,0,0
303287,0,0
-1372,0,0
-336557,0,0
-279591,0,0
-360406,0,0
122653,0,0
425496,0,0
494674,0,0
131064,0,0
-246395,0,0
-517178,0,0
-567078,0,0
-510419,0,0
-313564,0,0
346838,0,0
432588,0,0
124019,0,0
-440068,0,0
-430471,0,0
-489253,0,0
-238326,0,0
100636,0,0
516258,0,0
753785,0,0
555293,0,0
-61046,0,0
-197853,0,0
-217104,0,0
-347593,0,0
109724,0,0
252099,0,0
329740,0,0
73450,0,0
-457372,0,0
-772578,0,0
-607273,0,0
-547190,0,0
-225545,0,0
253824,0,0
299571,0,0
147097,0,0
-117762,0,0
-602993,0,0
-638540,0,0
-626640,0,0
-141355,0,0
161199,0,0
287155,0,0
7310,0,0
-407966,0,0
-741513,0,0
-888366,0,0
-780635,0,0
-629618,0,0
68811,0,0
261882,0,0
90303,0,0
-466420,0,0
-645330,0,0
-861636,0,0
-660906,0,0
-379496,0,0
134955,0,0
530921,0,0
331450,0,0
-297377,0,0
-648875,0,0
-674718,0,0
-660235,0,0
-249197,0,0
-73906,0,0
151567,0,0
4963,0,0
-503670,0,0
-900023,0,0
-854259,0,0
-727729,0,0
-416474,0,0
205276,0,0
408968,0,0
340486,0,0
-35733,0,0
-542917,0,0
-441731,0,0
-513082,0,0
-48066,0,0
334544,0,0
487787,0,0
217121,0,0
-133840,0,0
-589562,0,0
-816780,0,0
-752166,0,0
-615757,0,0
65770,0,0
280485,0,0
127405,0,0
-393506,0,0
-612766,0,0
-763744,0,0
-618144,0,0
-516772,0,0
32348,0,0
530856,0,0
382520,0,0
-193964,0,0
-536917,0,0
-584046,0,0
-688368,0,0
-450437,0,0
-179066,0,0
180776,0,0
107681,0,0
-420663,0,0
-834409,0,0
-776901,0,0
-756598,0,0
-599103,0,0
33431,0,0
342442,0,0
466624,0,0
206310,0,0
-297119,0,0
-326500,0,0
-527049,0,0
-269168,0,0
139270,0,0
398311,0,0
257402,0,0
-78739,0,0
-624630,0,0
-756357,0,0
-699100,0,0
-745809,0,0
-41634,0,0
198557,0,0
201567,0,0
-232775,0,0
-454191,0,0
-662475,0,0
-569220,0,0
-585837,0,0
-24597,0,0
491136,0,0
322922,0,0
-188551,0,0
-624934,0,0
-866507,0,0
-1019369,0,0
-791614,0,0
-421879,0,0
55620,0,0
63679,0,0
-386081,0,0
-774173,0,0
-953320,0,0
-1013559,0,0
-1009229,0,0
-486666,0,0
-69484,0,0
321958,0,0
18601,0,0
-650883,0,0
-949186,0,0
-1036412,0,0
-884740,0,0
-489289,0,0
18565,0,0
180974,0,0
9833,0,0
-561896,0,0
-861856,0,0
-889088,0,0
-1007441,0,0
-473496,0,0
-44678,0,0
265782,0,0
87466,0,0
-308906,0,0
-744300,0,0
-707315,0,0
-728369,0,0
-388980,0,0
367644,0,0
344450,0,0
180674,0,0
-196091,0,0
-563606,0,0
-870203,0,0
-822488,0,0
-764649,0,0
-82064,0,0
214534,0,0
21223,0,0
-217346,0,0
-669513,0,0
-895651,0,0
-925987,0,0
-751964,0,0
-313172,0,0
336189,0,0
262036,0,0
-49181,0,0
-539746,0,0
-914848,0,0
-900437,0,0
-813025,0,0
-379900,0,0
63119,0,0
222436,0,0
-100912,0,0
-438196,0,0
-748460,0,0
-947932,0,0
-767592,0,0
-599844,0,0
-9852,0,0
267713,0,0
192806,0,0
-281461,0,0
-677949,0,0
-831806,0,0
-810212,0,0
-312974,0,0
6348,0,0
347511,0,0
273461,0,0
-104230,0,0
-650910,0,0
-730140,0,0
-886241,0,0
-602837,0,0
-128992,0,0
89478,0,0
376872,0,0
59349,0,0
-539756,0,0
-817221,0,0
-751351,0,0
-761807,0,0
-12501,0,0
260071,0,0
340622,0,0
80789,0,0
-526526,0,0
-783553,0,0
-810946,0,0
-739929,0,0
-274089,0,0
227124,0,0
152475,0,0
109683,0,0
-381555,0,0
-782479,0,0
-697053,0,0
-778640,0,0
-415601,0,0
92856,0,0
359434,0,0
170606,0,0
-238199,0,0
-528188,0,0
-621883,0,0
-441631,0,0
-400063,0,0
222071,0,0
372812,0,0
235484,0,0
-278325,0,0
-570645,0,0
-858933,0,0
-752755,0,0
-517972,0,0
-74664,0,0
492645,0,0
357619,0,0
-149717,0,0
-668351,0,0
-623756,0,0
-721144,0,0
-137911,0,0
275412,0,0
683196,0,0
803741,0,0
350246,0,0
-266690,0,0
-391249,0,0
-349773,0,0
-95857,0,0
394146,0,0
379966,0,0
295569,0,0
-79193,0,0
-567092,0,0
-575467,0,0
-549410,0,0
-346063,0,0
138802,0,0
487276,0,0
400329,0,0
90663,0,0
-370116,0,0
-539580,0,0
-360498,0,0
-551688,0,0
87551,0,0
338071,0,0
343093,0,0
-81880,0,0
-552655,0,0
-884630,0,0
-821634,0,0
-781220,0,0
-380880,0,0
316354,0,0
332718,0,0
-45548,0,0
-620948,0,0
-716589,0,0
-855894,0,0
-457635,0,0
-168537,0,0
303143,0,0
640230,0,0
310911,0,0
-323243,0,0
-570987,0,0
-604217,0,0
-490149,0,0
-12918,0,0
122779,0,0
355000,0,0
126816,0,0
-365844,0,0
-633492,0,0
-683578,0,0
-537585,0,0
-3159,0,0
519997,0,0
619910,0,0
448564,0,0
-7971,0,0
-319069,0,0
-105082,0,0
-429034,0,0
72168,0,0
416256,0,0
524630,0,0
264876,0,0
-148200,0,0
-612004,0,0
-606745,0,0
-661234,0,0
-549296,0,0
218255,0,0
348311,0,0
67152,0,0
-510204,0,0
-717957,0,0
-882714,0,0
-500394,0,0
-344280,0,0
211201,0,0
600051,0,0
259396,0,0
-265836,0,0
-633788,0,0
-666143,0,0
-662897,0,0
-307081,0,0
-60022,0,0
349148,0,0
220603,0,0
-308920,0,0
-678038,0,0
-758172,0,0
-576716,0,0
-165174,0,0
386464,0,0
537076,0,0
517210,0,0
106413,0,0
-260093,0,0
-118738,0,0
-395163,0,0
46539,0,0
395635,0,0
567225,0,0
420868,0,0
146616,0,0
-314909,0,0
-415001,0,0
-519218,0,0
-637254,0,0
184115,0,0
377711,0,0
307949,0,0
-196715,0,0
-398822,0,0
-646071,0,0
-391462,0,0
-397567,0,0
173047,0,0
655568,0,0
440964,0,0
-5104,0,0
-554813,0,0
-774396,0,0
-869829,0,0
-613703,0,0
-309883,0,0
218106,0,0
134417,0,0
-325064,0,0
-748909,0,0
-984178,0,0
-843406,0,0
-619348,0,0
15837,0,0
283390,0,0
414621,0,0
-69098,0,0
-624386,0,0
-534737,0,0
-723443,0,0
-294826,0,0
171537,0,0
401899,0,0
358712,0,0
32022,0,0
-529650,0,0
-646283,0,0
-645538,0,0
-778005,0,0
122137,0,0
369176,0,0
344830,0,0
-35670,0,0
-319070,0,0
-535938,0,0
-290828,0,0
-460924,0,0
94486,0,0
677530,0,0
469169,0,0
90949,0,0
-434659,0,0
-658013,0,0
-857541,0,0
-756169,0,0
-483533,0,0
133979,0,0
134806,0,0
-239954,0,0
-621659,0,0
-983198,0,0
-1005927,0,0
-918512,0,0
-453456,0,0
-18688,0,0
359984,0,0
-46396,0,0
-611969,0,0
-829828,0,0
-1028480,0,0
-827919,0,0
-452785,0,0
-39308,0,0
238440,0,0
51897,0,0
-543542,0,0
-848382,0,0
-909606,0,0
-1023847,0,0
-385030,0,0
-17485,0,0
262291,0,0
123616,0,0
-268336,0,0
-761831,0,0
-765266,0,0
-883035,0,0
-505010,0,0
315402,0,0
333384,0,0
211435,0,0
-254174,0,0
-720518,0,0
-860139,0,0
-824251,0,0
-816218,0,0
-60514,0,0
248392,0,0
58845,0,0
-152448,0,0
-642961,0,0
-808578,0,0
-855529,0,0
-701347,0,0
-156138,0,0
546575,0,0
390763,0,0
-25501,0,0
-474937,0,0
-832366,0,0
-773593,0,0
-633787,0,0
-161889,0,0
270744,0,0
281359,0,0
-188123,0,0
-582341,0,0
-799994,0,0
-935993,0,0
-423467,0,0
-161172,0,0
303716,0,0
355888,0,0
97682,0,0
-445729,0,0
-473987,0,0
-635780,0,0
-459975,0,0
340609,0,0
476084,0,0
647029,0,0
384759,0,0
-16092,0,0
-462974,0,0
-451004,0,0
-851731,0,0
-123015,0,0
312932,0,0
234656,0,0
189207,0,0
-148395,0,0
-408133,0,0
-553917,0,0
-495133,0,0
-106812,0,0
673644,0,0
683105,0,0
478334,0,0
117345,0,0
-352956,0,0
-309261,0,0
-338466,0,0
-210755,0,0
306297,0,0
536893,0,0
175024,0,0
-235940,0,0
-636738,0,0
-951639,0,0
-652426,0,0
-523380,0,0
41484,0,0
316126,0,0
170566,0,0
-327470,0,0
-607134,0,0
-926183,0,0
-605397,0,0
-22542,0,0
38731,0,0
384953,0,0
255031,0,0
-195222,0,0
-732618,0,0
-709484,0,0
-1032460,0,0
-545631,0,0
-88688,0,0
-5488,0,0
291801,0,0
-100746,0,0
-601778,0,0
-899032,0,0
-868694,0,0
-722155,0,0
135657,0,0
227080,0,0
197057,0,0
-158664,0,0
-805987,0,0
-875685,0,0
-857509,0,0
-835418,0,0
-278808,0,0
118074,0,0
-54152,0,0
-57640,0,0
-548497,0,0
-978819,0,0
-806519,0,0
-919166,0,0
-466290,0,0
65427,0,0
278802,0,0
42006,0,0
-408682,0,0
-827603,0,0
-793999,0,0
-448325,0,0
-440393,0,0
235978,0,0
400597,0,0
130850,0,0
-388816,0,0
-665070,0,0
-963927,0,0
-737775,0,0
-401084,0,0
-73710,0,0
531967,0,0
293762,0,0
-189451,0,0
-630177,0,0
-750713,0,0
-697739,0,0
173930,0,0
359593,0,0
570208,0,0
477317,0,0
-92519,0,0
-531553,0,0
-678185,0,0
-782417,0,0
-442523,0,0
48579,0,0
49698,0,0
212598,0,0
-201323,0,0
-733415,0,0
-717066,0,0
-921398,0,0
-693230,0,0
-44105,0,0
307910,0,0
252915,0,0
-105194,0,0
-638911,0,0
-735444,0,0
-309872,0,0
-547654,0,0
124913,0,0
500829,0,0
421250,0,0
1209,0,0
-470324,0,0
-871155,0,0
-653653,0,0
-515121,0,0
-204210,0,0
537655,0,0
483995,0,0
161043,0,0
-366434,0,0
-412967,0,0
-355209,0,0
141944,0,0
266305,0,0
645962,0,0
782886,0,0
316969,0,0
-41317,0,0
-293147,0,0
-478780,0,0
-290473,0,0
153880,0,0
140949,0,0
395026,0,0
97354,0,0
-448533,0,0
-402775,0,0
-656277,0,0
-611727,0,0
-15245,0,0
430074,0,0
510785,0,0
282997,0,0
-246847,0,0
-410112,0,0
-107705,0,0
-435294,0,0
207185,0,0
576016,0,0
492376,0,0
173294,0,0
-261589,0,0
-794227,0,0
-561059,0,0
-573778,0,0
-384485,0,0
464191,0,0
483831,0,0
256988,0,0
-209706,0,0
-339199,0,0
-445839,0,0
51159,0,0
152085,0,0
623114,0,0
935841,0,0
511279,0,0
96785,0,0
-305940,0,0
-435742,0,0
-353721,0,0
39262,0,0
73569,0,0
442546,0,0
249386,0,0
-312703,0,0
-471506,0,0
-669127,0,0
-712232,0,0
-196871,0,0
280999,0,0
439230,0,0
357559,0,0
-155198,0,0
-457731,0,0
-210415,0,0
-615735,0,0
-180385,0,0
202457,0,0
299935,0,0
119140,0,0
-266065,0,0
-947450,0,0
-744120,0,0
-813771,0,0
-827928,0,0
37432,0,0
244093,0,0
152126,0,0
-229580,0,0
-516466,0,0
-660077,0,0
-274875,0,0
-396272,0,0
154299,0,0
672240,0,0
386149,0,0
-43781,0,0
-566644,0,0
-688897,0,0
-614951,0,0
-421843,0,0
-243115,0,0
324588,0,0
239897,0,0
-265282,0,0
-514686,0,0
-833284,0,0
-836330,0,0
-432455,0,0
40655,0,0
413581,0,0
533832,0,0
-13161,0,0
-437579,0,0
-228654,0,0
-642310,0,0
-157963,0,0
248466,0,0
371123,0,0
419830,0,0
142172,0,0
-605090,0,0
-748915,0,0
-798914,0,0
-943295,0,0
1779,0,0
293032,0,0
333615,0,0
35892,0,0
-311958,0,0
-621859,0,0
-251979,0,0
-426838,0,0
81864,0,0
653770,0,0
462837,0,0
248628,0,0
-176724,0,0
-474848,0,0
-474566,0,0
-517833,0,0
-460252,0,0
233217,0,0
309779,0,0
-36051,0,0
-339437,0,0
-726567,0,0
-768565,0,0
-676019,0,0
-302722,0,0
151571,0,0
494270,0,0
110692,0,0
-290665,0,0
-312973,0,0
-763133,0,0
-509508,0,0
-144891,0,0
121479,0,0
284276,0,0
21256,0,0
-635199,0,0
-814392,0,0
-906771,0,0
-1087539,0,0
-123142,0,0
177516,0,0
276602,0,0
104763,0,0
-239120,0,0
-632291,0,0
-361451,0,0
-529789,0,0
-105459,0,0
577774,0,0
457327,0,0
390584,0,0
-49608,0,0
-464242,0,0
-492989,0,0
-581098,0,0
-648712,0,0
118303,0,0
326368,0,0
101554,0,0
-168911,0,0
-828929,0,0
-862850,0,0
-779363,0,0
-544757,0,0
28612,0,0
575221,0,0
334134,0,0
-72812,0,0
-222937,0,0
-766089,0,0
-632281,0,0
-401396,0,0
-113385,0,0
273516,0,0
246462,0,0
-286042,0,0
-622075,0,0
-817814,0,0
-1116064,0,0
-446351,0,0
-56013,0,0
223598,0,0
227480,0,0
-90593,0,0
-536606,0,0
-341939,0,0
-620962,0,0
-380979,0,0
291037,0,0
288124,0,0
379026,0,0
21618,0,0
-421879,0,0
-541943,0,0
-550661,0,0
-853520,0,0
-103768,0,0
277365,0,0
187141,0,0
19193,0,0
-591290,0,0
-736064,0,0
-655119,0,0
-533166,0,0
5423,0,0
685657,0,0
530601,0,0
164679,0,0
-99304,0,0
-690616,0,0
-507407,0,0
-361334,0,0
-170002,0,0
296604,0,0
341160,0,0
-86242,0,0
-428167,0,0
-700649,0,0
-1029566,0,0
-511815,0,0
-241958,0,0
99763,0,0
285568,0,0
75491,0,0
-429896,0,0
-354769,0,0
-613712,0,0
-350099,0,0
364030,0,0
428141,0,0
607799,0,0
296457,0,0
-210657,0,0
-451858,0,0
-490239,0,0
-915153,0,0
-224859,0,0
203770,0,0
254455,0,0
202294,0,0
-348960,0,0
-559085,0,0
-487041,0,0
-491631,0,0
-162816,0,0
559996,0,0
484205,0,0
257164,0,0
-29104,0,0
-547696,0,0
-507368,0,0
-601435,0,0
-384961,0,0
318514,0,0
490344,0,0
90802,0,0
-275372,0,0
-670582,0,0
-1069646,0,0
-666050,0,0
-494460,0,0
-61781,0,0
285648,0,0
142017,0,0
-295799,0,0
-293772,0,0
-699214,0,0
-619029,0,0
-93966,0,0
-8502,0,0
329647,0,0
113534,0,0
-424140,0,0
-888327,0,0
-954243,0,0
-1128170,0,0
-520687,0,0
-26177,0,0
-8346,0,0
115908,0,0
-418103,0,0
-801757,0,0
-884034,0,0
-971856,0,0
-594848,0,0
280885,0,0
294877,0,0
177839,0,0
-136476,0,0
-791574,0,0
-711376,0,0
-709287,0,0
-661516,0,0
-51467,0,0
253404,0,0
-9929,0,0
-303906,0,0
-785829,0,0
-1060298,0,0
-623649,0,0
-649691,0,0
-206655,0,0
322083,0,0
318039,0,0
-92170,0,0
-293027,0,0
-732167,0,0
-628619,0,0
-110020,0,0
28191,0,0
435345,0,0
406213,0,0
-48588,0,0
-431257,0,0
-586853,0,0
-998645,0,0
-621740,0,0
-142576,0,0
79996,0,0
297058,0,0
-201422,0,0
-699551,0,0
-866287,0,0
-827016,0,0
-608771,0,0
185184,0,0
297367,0,0
262504,0,0
5658,0,0
-637210,0,0
-581297,0,0
-641657,0,0
-752922,0,0
-166382,0,0
230785,0,0
116218,0,0
-144284,0,0
-652961,0,0
-1023166,0,0
-606107,0,0
-673389,0,0
-232208,0,0
334142,0,0
377274,0,0
28478,0,0
-213535,0,0
-641916,0,0
-537054,0,0
-12228,0,0
85854,0,0
591969,0,0
589654,0,0
178524,0,0
-287719,0,0
-586041,0,0
-976142,0,0
-567119,0,0
-55088,0,0
111772,0,0
405072,0,0
-31622,0,0
-441616,0,0
-642658,0,0
-766409,0,0
-754899,0,0
75613,0,0
316811,0,0
448586,0,0
254156,0,0
-453249,0,0
-542548,0,0
-689899,0,0
-742229,0,0
-169253,0,0
216229,0,0
227066,0,0
91550,0,0
-469748,0,0
-942464,0,0
-510614,0,0
-666219,0,0
-298059,0,0
291809,0,0
350852,0,0
86674,0,0
-134716,0,0
-527662,0,0
-396459,0,0
-65482,0,0
-70486,0,0
456162,0,0
558358,0,0
148924,0,0
-345269,0,0
-561371,0,0
-1007039,0,0
-702050,0,0
-271066,0,0
31901,0,0
486998,0,0
163254,0,0
-245258,0,0
-580046,0,0
-682593,0,0
-697556,0,0
119338,0,0
406255,0,0
621546,0,0
497823,0,0
-154066,0,0
-298762,0,0
-382879,0,0
-580844,0,0
-24852,0,0
375546,0,0
302939,0,0
218213,0,0
-293871,0,0
-913986,0,0
-453578,0,0
-556845,0,0
-277704,0,0
380659,0,0
509248,0,0
275697,0,0
153821,0,0
-337335,0,0
-341973,0,0
-89698,0,0
-65397,0,0
531494,0,0
680339,0,0
358728,0,0
-44301,0,0
-290872,0,0
-785020,0,0
-557901,0,0
-239194,0,0
26883,0,0
467836,0,0
219747,0,0
-164023,0,0
-437908,0,0
-523861,0,0
-603035,0,0
32614,0,0
354307,0,0
585494,0,0
441050,0,0
-230854,0,0
-458929,0,0
-533824,0,0
-747117,0,0
-323356,0,0
30714,0,0
57000,0,0
106650,0,0
-277206,0,0
-984865,0,0
-670533,0,0
-963951,0,0
-718957,0,0
27491,0,0
222784,0,0
67883,0,0
-209571,0,0
-828554,0,0
-927552,0,0
-561031,0,0
-707044,0,0
-26224,0,0
299088,0,0
111960,0,0
-295440,0,0
-785526,0,0
-1150991,0,0
-843323,0,0
-656501,0,0
-278455,0,0
331546,0,0
145383,0,0
-240758,0,0
-680218,0,0
-860938,0,0
-872869,0,0
-254587,0,0
95776,0,0
450371,0,0
408320,0,0
-199100,0,0
-515311,0,0
-682211,0,0
-916983,0,0
-538212,0,0
-64602,0,0
103008,0,0
268058,0,0
-155271,0,0
-838342,0,0
-606354,0,0
-825089,0,0
-726883,0,0
-4058,0,0
285738,0,0
293806,0,0
110901,0,0
-441281,0,0
-579441,0,0
-262622,0,0
-464546,0,0
107154,0,0
529162,0,0
383891,0,0
18127,0,0
-457058,0,0
-966203,0,0
-738515,0,0
-599050,0,0
-260574,0,0
440271,0,0
315227,0,0
-30699,0,0
-468107,0,0
-640254,0,0
-629382,0,0
-148382,0,0
131977,0,0
482146,0,0
521899,0,0
-66635,0,0
-357598,0,0
-570600,0,0
-841636,0,0
-598000,0,0
-110086,0,0
55652,0,0
203815,0,0
-163620,0,0
-804959,0,0
-656095,0,0
-958770,0,0
-915275,0,0
-164456,0,0
224547,0,0
232225,0,0
45181,0,0
-637622,0,0
-798999,0,0
-514783,0,0
-771229,0,0
-152622,0,0
305378,0,0
263518,0,0
-9188,0,0
-502130,0,0
-984111,0,0
-754051,0,0
-776400,0,0
-407088,0,0
376324,0,0
324052,0,0
23486,0,0
-384028,0,0
-622887,0,0
-663757,0,0
-259349,0,0
-75483,0,0
335469,0,0
421316,0,0
-52456,0,0
-332983,0,0
-538869,0,0
-754692,0,0
-619504,0,0
-256192,0,0
-24349,0,0
251452,0,0
34311,0,0
-573579,0,0
-505665,0,0
-823923,0,0
-866857,0,0
-133796,0,0
260663,0,0
389686,0,0
278573,0,0
-318636,0,0
-587822,0,0
-410205,0,0
-757094,0,0
-231218,0,0
333711,0,0
354794,0,0
107265,0,0
-469183,0,0
-993308,0,0
-768857,0,0
-832678,0,0
-554348,0,0
280217,0,0
414113,0,0
256446,0,0
-145296,0,0
-552056,0,0
-709712,0,0
-311020,0,0
-117629,0,0
434328,0,0
672820,0,0
313345,0,0
7755,0,0
-387441,0,0
-619063,0,0
-496951,0,0
-191346,0,0
107967,0,0
481109,0,0
278943,0,0
-409647,0,0
-417731,0,0
-615878,0,0
-672326,0,0
-171661,0,0
281999,0,0
529419,0,0
523500,0,0
11366,0,0
-235308,0,0
-1019,0,0
-477119,0,0
-109268,0,0
386410,0,0
374793,0,0
288382,0,0
-120067,0,0
-887906,0,0
-667739,0,0
-729868,0,0
-610268,0,0
241870,0,0
409309,0,0
287517,0,0
-58379,0,0
-528700,0,0
-634116,0,0
-256049,0,0
-133549,0,0
309730,0,0
595241,0,0
306694,0,0
85311,0,0
-245380,0,0
-563325,0,0
-516148,0,0
-273854,0,0
-87933,0,0
303784,0,0
197450,0,0
-362251,0,0
-485980,0,0
-837548,0,0
-852181,0,0
-396631,0,0
62406,0,0
321035,0,0
324561,0,0
-114666,0,0
-411370,0,0
-311335,0,0
-766823,0,0
-396087,0,0
206229,0,0
284758,0,0
307970,0,0
-73835,0,0
-875649,0,0
-754561,0,0
-776088,0,0
-722503,0,0
62774,0,0
362769,0,0
367291,0,0
170338,0,0
-344888,0,0
-634623,0,0
-264890,0,0
-277636,0,0
298216,0,0
697680,0,0
427599,0,0
107963,0,0
-310534,0,0
-674882,0,0
-605988,0,0
-480603,0,0
-192606,0,0
308521,0,0
243453,0,0
-299704,0,0
-531044,0,0
-940928,0,0
-1003746,0,0
-574530,0,0
-126846,0,0
237470,0,0
350224,0,0
-84987,0,0
-465135,0,0
-313980,0,0
-792736,0,0
-485992,0,0
101889,0,0
280192,0,0
308744,0,0
-59241,0,0
-862430,0,0
-767051,0,0
-793665,0,0
-796015,0,0
-16740,0,0
327993,0,0
352032,0,0
146017,0,0
-253605,0,0
-415676,0,0
-143943,0,0
-156097,0,0
297492,0,0
689941,0,0
549373,0,0
317156,0,0
-68429,0,0
-430694,0,0
-371435,0,0
-284172,0,0
-56,0,0
465964,0,0
424877,0,0
-119492,0,0
-246409,0,0
-568016,0,0
-679341,0,0
-279260,0,0
172741,0,0
585020,0,0
665547,0,0
239321,0,0
-122639,0,0
54087,0,0
-429545,0,0
-150982,0,0
380616,0,0
543752,0,0
579219,0,0
166065,0,0
-679573,0,0
-588503,0,0
-639399,0,0
-696249,0,0
-86763,0,0
194301,0,0
237432,0,0
109569,0,0
-368377,0,0
-622269,0,0
-280693,0,0
-350903,0,0
72566,0,0
494807,0,0
368885,0,0
181262,0,0
-198151,0,0
-548053,0,0
-549838,0,0
-453624,0,0
-145456,0,0
357134,0,0
319873,0,0
-151896,0,0
-286772,0,0
-752417,0,0
-798380,0,0
-434129,0,0
-22316,0,0
380766,0,0
482411,0,0
61724,0,0
-337479,0,0
-215337,0,0
-684853,0,0
-457417,0,0
156682,0,0
320576,0,0
382149,0,0
47155,0,0
-800360,0,0
-760317,0,0
-858821,0,0
-823534,0,0
-50912,0,0
345476,0,0
378906,0,0
144205,0,0
-370502,0,0
-646547,0,0
-313865,0,0
-262676,0,0
263626,0,0
586681,0,0
402908,0,0
175182,0,0
-227332,0,0
-633771,0,0
-496601,0,0
-274988,0,0
24870,0,0
470626,0,0
432295,0,0
-86832,0,0
-247604,0,0
-490684,0,0
-565290,0,0
-98041,0,0
291622,0,0
617079,0,0
725982,0,0
308609,0,0
-85522,0,0
37736,0,0
-341409,0,0
-75476,0,0
455631,0,0
550592,0,0
581647,0,0
220612,0,0
-583750,0,0
-538906,0,0
-714941,0,0
-712498,0,0
114581,0,0
451878,0,0
476373,0,0
293396,0,0
-142912,0,0
-404023,0,0
-178602,0,0
-198916,0,0
281963,0,0
590024,0,0
472000,0,0
263279,0,0
-153305,0,0
-600501,0,0
-511806,0,0
-504876,0,0
-262674,0,0
218016,0,0
187331,0,0
-277680,0,0
-444776,0,0
-926342,0,0
-1114402,0,0
-726428,0,0
-260014,0,0
200288,0,0
325675,0,0
-46718,0,0
-404770,0,0
-326827,0,0
-774426,0,0
-670412,0,0
-170603,0,0
54763,0,0
168398,0,0
-205232,0,0
-902505,0,0
-882011,0,0
-953801,0,0
-1009434,0,0
-252352,0,0
145222,0,0
226196,0,0
50513,0,0
-470968,0,0
-772424,0,0
-426321,0,0
-459956,0,0
101110,0,0
472250,0,0
407057,0,0
247461,0,0
-136061,0,0
-528857,0,0
-426428,0,0
-431914,0,0
-135903,0,0
312926,0,0
258171,0,0
-177960,0,0
-294177,0,0
-740503,0,0
-874128,0,0
-514755,0,0
-161004,0,0
288973,0,0
402300,0,0
35733,0,0
-401942,0,0
-405405,0,0
-852330,0,0
-686603,0,0
-182247,0,0
44740,0,0
207623,0,0
-94320,0,0
-829245,0,0
-854635,0,0
-954051,0,0
-948512,0,0
-278706,0,0
124458,0,0
184774,0,0
29119,0,0
-423831,0,0
-632722,0,0
-349658,0,0
-406661,0,0
73595,0,0
378714,0,0
328244,0,0
104056,0,0
-344909,0,0
-790890,0,0
-661372,0,0
-684567,0,0
-416456,0,0
35591,0,0
115802,0,0
-139762,0,0
-210661,0,0
-759491,0,0
-1072054,0,0
-791312,0,0
-346388,0,0
216990,0,0
413650,0,0
84788,0,0
-334185,0,0
-341040,0,0
-814044,0,0
-690527,0,0
-97374,0,0
170283,0,0
321905,0,0
-47515,0,0
-826886,0,0
-910315,0,0
-941351,0,0
-936979,0,0
-415661,0,0
-5257,0,0
134740,0,0
383,0,0
-555218,0,0
-852747,0,0
-617618,0,0
-754657,0,0
-271806,0,0
134954,0,0
135944,0,0
-53586,0,0
-485545,0,0
-943480,0,0
-907963,0,0
-913771,0,0
-511393,0,0
63463,0,0
157783,0,0
-23260,0,0
-336345,0,0
-872483,0,0
-1045597,0,0
-777567,0,0
-412281,0,0
149407,0,0
403553,0,0
135438,0,0
-268677,0,0
-362550,0,0
-861967,0,0
-685785,0,0
-131906,0,0
160626,0,0
471078,0,0
174112,0,0
-622123,0,0
-830267,0,0
-931886,0,0
-828581,0,0
-294514,0,0
112572,0,0
232362,0,0
114976,0,0
-434103,0,0
-825201,0,0
-615889,0,0
-747060,0,0
-281246,0,0
186436,0,0
311988,0,0
137279,0,0
-309836,0,0
-878064,0,0
-844290,0,0
-887644,0,0
-606295,0,0
-29347,0,0
192112,0,0
134811,0,0
-187465,0,0
-772581,0,0
-932062,0,0
-694212,0,0
-514690,0,0
-8904,0,0
235758,0,0
146721,0,0
-223420,0,0
-478913,0,0
-889383,0,0
-841884,0,0
-509704,0,0
-89126,0,0
278980,0,0
95059,0,0
-370491,0,0
-674209,0,0
-864766,0,0
-899492,0,0
-650554,0,0
-127708,0,0
183180,0,0
300103,0,0
-125749,0,0
-523288,0,0
-442713,0,0
-677259,0,0
-436177,0,0
14648,0,0
281602,0,0
250636,0,0
-131137,0,0
-681886,0,0
-752778,0,0
-844779,0,0
-781429,0,0
-197528,0,0
193297,0,0
309887,0,0
98683,0,0
-604916,0,0
-871181,0,0
-744059,0,0
-729449,0,0
-145976,0,0
285679,0,0
319692,0,0
133565,0,0
-20626,0,0
-591751,0,0
-603719,0,0
-488126,0,0
-150996,0,0
365907,0,0
332008,0,0
-96655,0,0
-445493,0,0
-655717,0,0
-754747,0,0
-570895,0,0
-104239,0,0
232912,0,0
454466,0,0
152996,0,0
-355568,0,0
-324964,0,0
-666224,0,0
-494555,0,0
-34953,0,0
365967,0,0
397522,0,0
49981,0,0
-625957,0,0
-778002,0,0
-798164,0,0
-750332,0,0
-253174,0,0
140340,0,0
243219,0,0
21905,0,0
-525583,0,0
-863939,0,0
-730750,0,0
-784146,0,0
-272683,0,0
210881,0,0
365526,0,0
220473,0,0
-50296,0,0
-648802,0,0
-612068,0,0
-453389,0,0
-256260,0,0
195342,0,0
190932,0,0
-14539,0,0
-420642,0,0
-786031,0,0
-857051,0,0
-636209,0,0
-359268,0,0
8198,0,0
295835,0,0
71031,0,0
-388237,0,0
-534405,0,0
-789950,0,0
-695671,0,0
-400915,0,0
44433,0,0
235786,0,0
121117,0,0
-365002,0,0
-680173,0,0
-865276,0,0
-872131,0,0
-573002,0,0
-57694,0,0
258430,0,0
198648,0,0
-219069,0,0
-679161,0,0
-620406,0,0
-714435,0,0
-321414,0,0
206310,0,0
486307,0,0
519349,0,0
319080,0,0
-329706,0,0
-297109,0,0
-161853,0,0
-191939,0,0
274081,0,0
406762,0,0
209906,0,0
-58214,0,0
-560395,0,0
-820980,0,0
-576026,0,0
-348887,0,0
39248,0,0
484223,0,0
369070,0,0
-12845,0,0
-200735,0,0
-493366,0,0
-386870,0,0
-145413,0,0
272379,0,0
590328,0,0
525390,0,0
20218,0,0
-327968,0,0
-481373,0,0
-625011,0,0
-369019,0,0
-24655,0,0
462310,0,0
564017,0,0
171432,0,0
-355434,0,0
-211721,0,0
-271627,0,0
-7659,0,0
429532,0,0
721221,0,0
779437,0,0
580978,0,0
-150442,0,0
-265479,0,0
-180334,0,0
-99262,0,0
390921,0,0
511723,0,0
357004,0,0
38852,0,0
-415472,0,0
-682227,0,0
-464733,0,0
-302139,0,0
120969,0,0
510087,0,0
407781,0,0
124839,0,0
-52248,0,0
-376315,0,0
-365993,0,0
-395427,0,0
-3625,0,0
328969,0,0
292352,0,0
-182367,0,0
-517896,0,0
-763151,0,0
-991435,0,0
-800731,0,0
-329279,0,0
204928,0,0
254454,0,0
-172969,0,0
-789876,0,0
-748233,0,0
-820768,0,0
-451536,0,0
63929,0,0
414062,0,0
534801,0,0
343710,0,0
-436235,0,0
-475346,0,0
-449803,0,0
-462172,0,0
106160,0,0
299020,0,0
191720,0,0
-74424,0,0
-533597,0,0
-821560,0,0
-594058,0,0
-340799,0,0
87716,0,0
568244,0,0
472661,0,0
150374,0,0
-57467,0,0
-291454,0,0
-331367,0,0
-334388,0,0
214530,0,0
502728,0,0
393537,0,0
-153104,0,0
-553098,0,0
-802756,0,0
-961911,0,0
-701607,0,0
-223354,0,0
213365,0,0
186581,0,0
-285506,0,0
-858014,0,0
-797373,0,0
-806045,0,0
-478408,0,0
64306,0,0
356531,0,0
435369,0,0
189864,0,0
-538396,0,0
-613088,0,0
-610715,0,0
-598478,0,0
36409,0,0
200386,0,0
121914,0,0
-180130,0,0
-660329,0,0
-959779,0,0
-743082,0,0
-456827,0,0
-31447,0,0
472424,0,0
422015,0,0
122767,0,0
-84303,0,0
-459499,0,0
-429056,0,0
-412158,0,0
110671,0,0
431825,0,0
419324,0,0
-28304,0,0
-358818,0,0
-586309,0,0
-759150,0,0
-638720,0,0
-296616,0,0
217936,0,0
309389,0,0
-34814,0,0
-558371,0,0
-530355,0,0
-567715,0,0
-374744,0,0
-17845,0,0
379058,0,0
563127,0,0
423785,0,0
-219992,0,0
-314769,0,0
-270762,0,0
-340835,0,0
129149,0,0
235488,0,0
164065,0,0
-105447,0,0
-520711,0,0
-831255,0,0
-693374,0,0
-578763,0,0
-169770,0,0
362984,0,0
347145,0,0
90505,0,0
-194643,0,0
-668137,0,0
-601899,0,0
-598175,0,0
-44568,0,0
249261,0,0
239009,0,0
-190195,0,0
-601264,0,0
-888427,0,0
-964253,0,0
-791354,0,0
-411332,0,0
131263,0,0
248005,0,0
-59054,0,0
-628973,0,0
-584972,0,0
-650307,0,0
-319040,0,0
51866,0,0
442029,0,0
641704,0,0
393497,0,0
-274067,0,0
-374535,0,0
-346282,0,0
-373187,0,0
129526,0,0
298474,0,0
261172,0,0
-34339,0,0
-560162,0,0
-885348,0,0
-619616,0,0
-469206,0,0
-75679,0,0
358117,0,0
310212,0,0
26276,0,0
-273685,0,0
-485113,0,0
-345245,0,0
-405981,0,0
27302,0,0
324811,0,0
295248,0,0
-135494,0,0
-494109,0,0
-741154,0,0
-936641,0,0
-874948,0,0
-442960,0,0
175439,0,0
259858,0,0
-79658,0,0
-697024,0,0
-770962,0,0
-841901,0,0
-522549,0,0
-114090,0,0
300000,0,0
508528,0,0
206116,0,0
-560639,0,0
-690447,0,0
-564922,0,0
-638902,0,0
-261309,0,0
-7929,0,0
191666,0,0
-44862,0,0
-568819,0,0
-893797,0,0
-823695,0,0
-729857,0,0
-413569,0,0
115362,0,0
164442,0,0
-1700,0,0
-326325,0,0
-708840,0,0
-673382,0,0
-661127,0,0
-116823,0,0
176496,0,0
220894,0,0
-127483,0,0
-462851,0,0
-775669,0,0
-897864,0,0
-845529,0,0
-427721,0,0
213029,0,0
333366,0,0
-7292,0,0
-605537,0,0
-576353,0,0
-659229,0,0
-428055,0,0
-17801,0,0
413886,0,0
667760,0,0
399687,0,0
-326106,0,0
-482503,0,0
-459734,0,0
-423071,0,0
74084,0,0
229957,0,0
286423,0,0
19726,0,0
-487178,0,0
-783560,0,0
-656320,0,0
-468690,0,0
-24831,0,0
442240,0,0
456285,0,0
271185,0,0
-27482,0,0
-436329,0,0
-462998,0,0
-596156,0,0
-14320,0,0
320096,0,0
337238,0,0
-76288,0,0
-539426,0,0
-883543,0,0
-939997,0,0
-888492,0,0
-542505,0,0
85494,0,0
197496,0,0
-80576,0,0
-652825,0,0
-836012,0,0
-939665,0,0
-732786,0,0
-453665,0,0
83816,0,0
393561,0,0
114010,0,0
-586519,0,0
-879070,0,0
-874129,0,0
-848156,0,0
-351445,0,0
20686,0,0
284202,0,0
22567,0,0
-587445,0,0
-861030,0,0
-814862,0,0
-627387,0,0
-290913,0,0
247253,0,0
346696,0,0
242123,0,0
-99443,0,0
-514568,0,0
-401064,0,0
-416318,0,0
64960,0,0
315003,0,0
356853,0,0
26761,0,0
-352796,0,0
-751948,0,0
-863563,0,0
-722580,0,0
-492095,0,0
159215,0,0
309822,0,0
73467,0,0
-511996,0,0
-656984,0,0
-813907,0,0
-664162,0,0
-341739,0,0
238957,0,0
577077,0,0
318191,0,0
-331950,0,0
-590585,0,0
-673794,0,0
-848612,0,0
-315953,0,0
57725,0,0
332733,0,0
180685,0,0
-375024,0,0
-787858,0,0
-730707,0,0
-644482,0,0
-220689,0,0
342728,0,0
528344,0,0
490726,0,0
176128,0,0
-302106,0,0
-102834,0,0
-157197,0,0
161975,0,0
424334,0,0
609512,0,0
381587,0,0
38494,0,0
-344760,0,0
-402462,0,0
-395922,0,0
-352691,0,0
324398,0,0
523527,0,0
357551,0,0
-138053,0,0
-280273,0,0
-398769,0,0
-212472,0,0
-48219,0,0
450071,0,0
837930,0,0
629333,0,0
38940,0,0
-253543,0,0
-306286,0,0
-479363,0,0
-117592,0,0
70759,0,0
304160,0,0
167670,0,0
-303230,0,0
-734273,0,0
-690614,0,0
-666511,0,0
-401261,0,0
178063,0,0
377307,0,0
304260,0,0
-103312,0,0
-556199,0,0
-492276,0,0
-568626,0,0
-120029,0,0
221301,0,0
323066,0,0
17573,0,0
-418702,0,0
-827654,0,0
-940267,0,0
-979133,0,0
-748791,0,0
-8997,0,0
207343,0,0
56558,0,0
-500670,0,0
-791440,0,0
-1012005,0,0
-752153,0,0
-450393,0,0
110896,0,0
510109,0,0
269822,0,0
-308094,0,0
-671359,0,0
-716948,0,0
-831654,0,0
-454091,0,0
-115485,0,0
278735,0,0
155559,0,0
-351296,0,0
-794702,0,0
-768965,0,0
-637316,0,0
-432324,0,0
213004,0,0
417878,0,0
404509,0,0
27560,0,0
-413106,0,0
-466228,0,0
-770970,0,0
-326163,0,0
106591,0,0
319521,0,0
123562,0,0
-298136,0,0
-791289,0,0
-978610,0,0
-944687,0,0
-794225,0,0
17725,0,0
210833,0,0
94578,0,0
-366718,0,0
-660216,0,0
-901208,0,0
-750998,0,0
-588399,0,0
-8766,0,0
526947,0,0
337003,0,0
-215979,0,0
-620476,0,0
-665410,0,0
-819501,0,0
-470400,0,0
-165732,0,0
322002,0,0
232786,0,0
-269778,0,0
-708361,0,0
-790789,0,0
-829186,0,0
-683949,0,0
-79843,0,0
222099,0,0
384481,0,0
9377,0,0
-646680,0,0
-656384,0,0
-791645,0,0
-430910,0,0
32845,0,0
341655,0,0
176198,0,0
-205567,0,0
-689470,0,0
-856591,0,0
-840891,0,0
-752496,0,0
4025,0,0
262207,0,0
251973,0,0
-222378,0,0
-504903,0,0
-703318,0,0
-526332,0,0
-498473,0,0
106770,0,0
662618,0,0
510480,0,0
-42336,0,0
-503433,0,0
-632371,0,0
-832545,0,0
-608301,0,0
-235129,0,0
323808,0,0
291543,0,0
-205511,0,0
-673379,0,0
-729772,0,0
-713468,0,0
-672753,0,0
-76645,0,0
277907,0,0
453459,0,0
122002,0,0
-508115,0,0
-567015,0,0
-676000,0,0
-388180,0,0
29201,0,0
305249,0,0
257692,0,0
-121781,0,0
-737696,0,0
-871038,0,0
-857969,0,0
-864692,0,0
-172992,0,0
215558,0,0
273214,0,0
-114218,0,0
-482658,0,0
-901202,0,0
-835365,0,0
-863159,0,0
-291008,0,0
464972,0,0
381837,0,0
34573,0,0
-480803,0,0
-715160,0,0
-875516,0,0
-736609,0,0
-421888,0,0
221777,0,0
309876,0,0
-65452,0,0
-458833,0,0
-693042,0,0
-704136,0,0
-738675,0,0
-194082,0,0
273934,0,0
655945,0,0
423001,0,0
-130370,0,0
-325883,0,0
-518010,0,0
-369436,0,0
-59517,0,0
312334,0,0
403449,0,0
184684,0,0
-412785,0,0
-776164,0,0
-784722,0,0
-913728,0,0
-299148,0,0
90350,0,0
343032,0,0
129334,0,0
-248077,0,0
-702550,0,0
-661377,0,0
-683084,0,0
-198124,0,0
498882,0,0
502285,0,0
279216,0,0
-126118,0,0
-435241,0,0
-683396,0,0
-573013,0,0
-539126,0,0
213911,0,0
413583,0,0
95532,0,0
-305958,0,0
-584214,0,0
-588803,0,0
-644707,0,0
-300301,0,0
111629,0,0
592283,0,0
398742,0,0
-76724,0,0
-411545,0,0
-653335,0,0
-544620,0,0
-326588,0,0
76964,0,0
307014,0,0
195038,0,0
-332842,0,0
-731629,0,0
-834563,0,0
-943600,0,0
-329103,0,0
-4440,0,0
331695,0,0
185391,0,0
-86599,0,0
-558403,0,0
-396615,0,0
-477504,0,0
-177407,0,0
557818,0,0
570328,0,0
393526,0,0
23122,0,0
-334615,0,0
-548402,0,0
-482098,0,0
-612961,0,0
143432,0,0
373522,0,0
78086,0,0
-278791,0,0
-572983,0,0
-710383,0,0
-778435,0,0
-402035,0,0
90906,0,0
606331,0,0
405397,0,0
-89007,0,0
-542545,0,0
-813832,0,0
-724834,0,0
-510255,0,0
-45452,0,0
225340,0,0
107106,0,0
-358464,0,0
-755655,0,0
-832217,0,0
-1025056,0,0
-569009,0,0
-128884,0,0
234591,0,0
172913,0,0
-159463,0,0
-655211,0,0
-623583,0,0
-765370,0,0
-513982,0,0
260087,0,0
340432,0,0
300443,0,0
-80397,0,0
-460679,0,0
-771382,0,0
-740087,0,0
-811652,0,0
-68864,0,0
250836,0,0
21981,0,0
-150312,0,0
-533287,0,0
-756946,0,0
-836269,0,0
-576368,0,0
-77475,0,0
545486,0,0
419313,0,0
8915,0,0
-470162,0,0
-652832,0,0
-612143,0,0
-560913,0,0
-149842,0,0
248560,0,0
280981,0,0
-220327,0,0
-619817,0,0
-829114,0,0
-991986,0,0
-664044,0,0
-313734,0,0
219249,0,0
285302,0,0
-32767,0,0
-619625,0,0
-808700,0,0
-877098,0,0
-657202,0,0
153191,0,0
246258,0,0
341278,0,0
12368,0,0
-466399,0,0
-831162,0,0
-743447,0,0
-876145,0,0
-231747,0,0
163465,0,0
117178,0,0
116748,0,0
-293464,0,0
-603788,0,0
-777144,0,0
-588671,0,0
-186780,0,0
515716,0,0
495639,0,0
220940,0,0
-186066,0,0
-501404,0,0
-410439,0,0
-468950,0,0
-123196,0,0
269864,0,0
366170,0,0
-75648,0,0
-445281,0,0
-685502,0,0
-928861,0,0
-671492,0,0
-434085,0,0
128583,0,0
305810,0,0
124923,0,0
-416157,0,0
-696962,0,0
-869098,0,0
-758755,0,0
-63879,0,0
68026,0,0
361063,0,0
185496,0,0
-244764,0,0
-750029,0,0
-793603,0,0
-966593,0,0
-433860,0,0
70575,0,0
94660,0,0
246486,0,0
-207233,0,0
-706327,0,0
-849938,0,0
-794411,0,0
-484789,0,0
422250,0,0
481731,0,0
317396,0,0
-92097,0,0
-472636,0,0
-584143,0,0
-718770,0,0
-449561,0,0
72973,0,0
373287,0,0
88350,0,0
-224049,0,0
-608765,0,0
-913499,0,0
-690623,0,0
-608384,0,0
-11741,0,0
331378,0,0
281896,0,0
-200030,0,0
-587673,0,0
-803312,0,0
-787582,0,0
-272343,0,0
-34407,0,0
424866,0,0
345962,0,0
-94923,0,0
-688572,0,0
-725281,0,0
-972346,0,0
-567077,0,0
-37983,0,0
89604,0,0
352971,0,0
-47864,0,0
-504043,0,0
-797821,0,0
-607423,0,0
-457499,0,0
416794,0,0
579670,0,0
600556,0,0
252810,0,0
-338868,0,0
-420674,0,0
-530357,0,0
-524601,0,0
16407,0,0
375470,0,0
166935,0,0
-5676,0,0
-424756,0,0
-881653,0,0
-724799,0,0
-759668,0,0
-205305,0,0
246824,0,0
328075,0,0
-48687,0,0
-496220,0,0
-745555,0,0
-696479,0,0
-327829,0,0
-282930,0,0
291565,0,0
404035,0,0
117526,0,0
-503002,0,0
-779083,0,0
-1013058,0,0
-708829,0,0
-252493,0,0
33874,0,0
408572,0,0
105818,0,0
-388555,0,0
-773163,0,0
-612675,0,0
-558566,0,0
201731,0,0
405725,0,0
552661,0,0
398905,0,0
-141192,0,0
-452626,0,0
-517936,0,0
-622888,0,0
-197133,0,0
241401,0,0
131181,0,0
89232,0,0
-384084,0,0
-844422,0,0
-723678,0,0
-869233,0,0
-482902,0,0
124376,0,0
355337,0,0
111377,0,0
-343721,0,0
-751828,0,0
-639951,0,0
-282372,0,0
-330227,0,0
302508,0,0
529914,0,0
312500,0,0
-243259,0,0
-573304,0,0
-890195,0,0
-670313,0,0
-393667,0,0
-73478,0,0
441093,0,0
236674,0,0
-241815,0,0
-713125,0,0
-649024,0,0
-672383,0,0
14105,0,0
258342,0,0
533706,0,0
489283,0,0
18232,0,0
-410340,0,0
-528468,0,0
-534577,0,0
-177724,0,0
283610,0,0
202306,0,0
241020,0,0
-127153,0,0
-639095,0,0
-496792,0,0
-594145,0,0
-263320,0,0
226294,0,0
568170,0,0
453806,0,0
124330,0,0
-288694,0,0
-343971,0,0
-51333,0,0
-246789,0,0
355650,0,0
583880,0,0
441626,0,0
-38705,0,0
-388006,0,0
-814177,0,0
-678955,0,0
-514908,0,0
-204725,0,0
409999,0,0
246097,0,0
-169687,0,0
-739516,0,0
-704482,0,0
-778642,0,0
-133635,0,0
92064,0,0
540535,0,0
614478,0,0
79997,0,0
-469494,0,0
-691907,0,0
-708718,0,0
-532685,0,0
-11383,0,0
28857,0,0
207820,0,0
-166214,0,0
-731952,0,0
-810136,0,0
-901691,0,0
-796526,0,0
-252747,0,0
189893,0,0
177438,0,0
-84082,0,0
-589558,0,0
-718454,0,0
-356496,0,0
-615109,0,0
29481,0,0
404826,0,0
377941,0,0
-20384,0,0
-452420,0,0
-946269,0,0
-789266,0,0
-719756,0,0
-394561,0,0
453195,0,0
442844,0,0
118036,0,0
-446951,0,0
-678440,0,0
-738169,0,0
-167707,0,0
-32863,0,0
436328,0,0
710478,0,0
284181,0,0
-166061,0,0
-447143,0,0
-685358,0,0
-745786,0,0
-266130,0,0
-74576,0,0
374775,0,0
174010,0,0
-409778,0,0
-711778,0,0
-888268,0,0
-748256,0,0
-236779,0,0
300353,0,0
497357,0,0
331890,0,0
-255850,0,0
-483560,0,0
-226233,0,0
-438914,0,0
206330,0,0
571134,0,0
628632,0,0
383154,0,0
-7134,0,0
-598481,0,0
-527256,0,0
-530747,0,0
-424373,0,0
393271,0,0
469766,0,0
268205,0,0
-201493,0,0
-385099,0,0
-493888,0,0
-156990,0,0
-96994,0,0
436149,0,0
729360,0,0
359735,0,0
-95009,0,0
-596515,0,0
-766925,0,0
-722359,0,0
-365341,0,0
-231461,0,0
251767,0,0
106975,0,0
-400843,0,0
-736233,0,0
-965123,0,0
-923045,0,0
-520730,0,0
39440,0,0
290804,0,0
286088,0,0
-237628,0,0
-586620,0,0
-295735,0,0
-711448,0,0
-253909,0,0
243586,0,0
404623,0,0
269314,0,0
-87750,0,0
-774214,0,0
-828262,0,0
-896508,0,0
-854421,0,0
131773,0,0
359258,0,0
306976,0,0
-106505,0,0
-437585,0,0
-596763,0,0
-141234,0,0
-357619,0,0
179937,0,0
751180,0,0
519809,0,0
247506,0,0
-259074,0,0
-457226,0,0
-435671,0,0
-152869,0,0
22284,0,0
557001,0,0
475000,0,0
61059,0,0
-352911,0,0
-647759,0,0
-485852,0,0
-256259,0,0
158825,0,0
533302,0,0
726437,0,0
309958,0,0
-70446,0,0
11012,0,0
-313854,0,0
-54751,0,0
261631,0,0
473807,0,0
551787,0,0
275274,0,0
-410530,0,0
-594403,0,0
-688587,0,0
-903269,0,0
-46600,0,0
257513,0,0
357064,0,0
116362,0,0
-169996,0,0
-442608,0,0
-106053,0,0
-286957,0,0
225145,0,0
774633,0,0
592761,0,0
395047,0,0
-58572,0,0
-315044,0,0
-393654,0,0
-405350,0,0
-453303,0,0
179654,0,0
349921,0,0
81814,0,0
-220744,0,0
-717959,0,0
-801164,0,0
-724415,0,0
-418898,0,0
87440,0,0
463775,0,0
129910,0,0
-284476,0,0
-340685,0,0
-788506,0,0
-629845,0,0
-343374,0,0
-20080,0,0
235653,0,0
87500,0,0
-566399,0,0
-837542,0,0
-925799,0,0
-1158943,0,0
-414056,0,0
-96522,0,0
185867,0,0
121893,0,0
-144044,0,0
-663249,0,0
-401626,0,0
-598115,0,0
-253883,0,0
431739,0,0
366212,0,0
325913,0,0
-82993,0,0
-497697,0,0
-633476,0,0
-734765,0,0
-842662,0,0
16207,0,0
278126,0,0
81500,0,0
-236154,0,0
-690319,0,0
-797969,0,0
-799201,0,0
-628364,0,0
-230566,0,0
348705,0,0
117586,0,0
-242025,0,0
-421403,0,0
-886824,0,0
-700417,0,0
-547960,0,0
-213229,0,0
195463,0,0
163039,0,0
-367380,0,0
-738890,0,0
-984202,0,0
-1109888,0,0
-532157,0,0
-198482,0,0
203001,0,0
234915,0,0
-36829,0,0
-500557,0,0
-406032,0,0
-760772,0,0
-622354,0,0
133629,0,0
211067,0,0
356524,0,0
-9532,0,0
-535243,0,0
-831506,0,0
-819616,0,0
-974989,0,0
-260624,0,0
104005,0,0
81117,0,0
-58033,0,0
-656070,0,0
-852850,0,0
-875448,0,0
-827652,0,0
-346576,0,0
403351,0,0
308230,0,0
-30118,0,0
-356432,0,0
-890021,0,0
-684633,0,0
-702658,0,0
-336366,0,0
207892,0,0
267994,0,0
-174736,0,0
-543257,0,0
-823689,0,0
-1021902,0,0
-673420,0,0
-443155,0,0
58768,0,0
343617,0,0
171773,0,0
-369202,0,0
-417434,0,0
-694066,0,0
-479925,0,0
158720,0,0
259231,0,0
499036,0,0
196791,0,0
-355411,0,0
-713166,0,0
-638834,0,0
-933414,0,0
-276381,0,0
89358,0,0
116969,0,0
203296,0,0
-362480,0,0
-711882,0,0
-807857,0,0
-727861,0,0
-396909,0,0
438192,0,0
449050,0,0
238169,0,0
-84100,0,0
-656749,0,0
-567583,0,0
-643772,0,0
-482606,0,0
131102,0,0
346804,0,0
28618,0,0
-311740,0,0
-708531,0,0
-983754,0,0
-593975,0,0
-548653,0,0
-14095,0,0
401314,0,0
344609,0,0
-130524,0,0
-248675,0,0
-563066,0,0
-413659,0,0
97970,0,0
130419,0,0
444514,0,0
295871,0,0
-131222,0,0
-566272,0,0
-680564,0,0
-983742,0,0
-411193,0,0
107422,0,0
188467,0,0
278708,0,0
-218890,0,0
-556420,0,0
-805850,0,0
-863862,0,0
-576456,0,0
321693,0,0
419970,0,0
304594,0,0
-9323,0,0
-655839,0,0
-607339,0,0
-693324,0,0
-611561,0,0
-9618,0,0
358065,0,0
188959,0,0
-95505,0,0
-600032,0,0
-954091,0,0
-532210,0,0
-571654,0,0
36644,0,0
471698,0,0
453297,0,0
61192,0,0
-104619,0,0
-405792,0,0
-280770,0,0
166793,0,0
227725,0,0
596971,0,0
519587,0,0
181368,0,0
-247059,0,0
-353847,0,0
-863492,0,0
-456414,0,0
4600,0,0
128314,0,0
317697,0,0
-133728,0,0
-467291,0,0
-630131,0,0
-665864,0,0
-581033,0,0
235207,0,0
404561,0,0
336654,0,0
-10346,0,0
-693740,0,0
-702122,0,0
-776894,0,0
-799934,0,0
-200235,0,0
187355,0,0
38501,0,0
-140951,0,0
-616026,0,0
-1029601,0,0
-698774,0,0
-796859,0,0
-308145,0,0
171206,0,0
195606,0,0
-125760,0,0
-385299,0,0
-788148,0,0
-748086,0,0
-411481,0,0
-394286,0,0
196360,0,0
312976,0,0
-60336,0,0
-557485,0,0
-818157,0,0
-1067636,0,0
-781949,0,0
-381993,0,0
-74566,0,0
345110,0,0
-1693,0,0
-439308,0,0
-797866,0,0
-835522,0,0
-862945,0,0
-147050,0,0
161396,0,0
407030,0,0
256233,0,0
-400270,0,0
-628616,0,0
-785144,0,0
-893313,0,0
-403640,0,0
97839,0,0
140705,0,0
170566,0,0
-302695,0,0
-829489,0,0
-613526,0,0
-846936,0,0
-506421,0,0
150560,0,0
355866,0,0
130473,0,0
-191652,0,0
-687170,0,0
-616606,0,0
-288802,0,0
-414386,0,0
243328,0,0
472238,0,0
205441,0,0
-280888,0,0
-654034,0,0
-1021344,0,0
-737808,0,0
-483000,0,0
-144103,0,0
370693,0,0
119287,0,0
-288670,0,0
-709918,0,0
-736914,0,0
-851436,0,0
-365504,0,0
-84225,0,0
247680,0,0
230384,0,0
-312368,0,0
-607932,0,0
-824092,0,0
-950200,0,0
-675785,0,0
-155892,0,0
26155,0,0
211563,0,0
-109492,0,0
-671164,0,0
-708037,0,0
-909376,0,0
-852541,0,0
-272410,0,0
125063,0,0
217555,0,0
78156,0,0
-526273,0,0
-771640,0,0
-447437,0,0
-798993,0,0
-184699,0,0
280147,0,0
356554,0,0
140679,0,0
-269215,0,0
-867667,0,0
-563719,0,0
-614600,0,0
-362760,0,0
492979,0,0
526823,0,0
344648,0,0
-108952,0,0
-331237,0,0
-517075,0,0
-46977,0,0
75423,0,0
590777,0,0
817568,0,0
417219,0,0
18679,0,0
-396574,0,0
-684386,0,0
-607773,0,0
-258054,0,0
-51648,0,0
394292,0,0
176079,0,0
-433347,0,0
-615336,0,0
-869643,0,0
-878053,0,0
-376857,0,0
55338,0,0
313619,0,0
245815,0,0
-352852,0,0
-600806,0,0
-340315,0,0
-805471,0,0
-245935,0,0
270581,0,0
311950,0,0
160387,0,0
-202282,0,0
-889885,0,0
-742125,0,0
-794154,0,0
-586201,0,0
300432,0,0
485679,0,0
366530,0,0
-33560,0,0
-462953,0,0
-574404,0,0
-97413,0,0
-81330,0,0
494548,0,0
851536,0,0
505650,0,0
196892,0,0
-245021,0,0
-452995,0,0
-341481,0,0
-97088,0,0
34969,0,0
500745,0,0
386695,0,0
-193841,0,0
-374730,0,0
-656870,0,0
-594058,0,0
-257519,0,0
172285,0,0
452637,0,0
498869,0,0
45444,0,0
-321712,0,0
-76871,0,0
-474238,0,0
-116696,0,0
354825,0,0
453719,0,0
347944,0,0
-37509,0,0
-818427,0,0
-673685,0,0
-775582,0,0
-728175,0,0
65527,0,0
237450,0,0
213203,0,0
-170006,0,0
-563990,0,0
-712076,0,0
-370524,0,0
-379729,0,0
141692,0,0
456554,0,0
175085,0,0
-88461,0,0
-467113,0,0
-756649,0,0
-811746,0,0
-726973,0,0
-420118,0,0
163973,0,0
172728,0,0
-219335,0,0
-419270,0,0
-816543,0,0
-905639,0,0
-627969,0,0
-175942,0,0
298736,0,0
434772,0,0
-12342,0,0
-394746,0,0
-151724,0,0
-617818,0,0
-338563,0,0
172725,0,0
396388,0,0
446004,0,0
126035,0,0
-720497,0,0
-701268,0,0
-849804,0,0
-841450,0,0
46654,0,0
267614,0,0
275932,0,0
-18343,0,0
-504445,0,0
-787390,0,0
-360697,0,0
-546002,0,0
-11039,0,0
472135,0,0
299942,0,0
86443,0,0
-433081,0,0
-739731,0,0
-660316,0,0
-589717,0,0
-401164,0,0
238587,0,0
321912,0,0
-63622,0,0
-321615,0,0
-708865,0,0
-717100,0,0
-495056,0,0
-143960,0,0
337038,0,0
502255,0,0
100314,0,0
-294669,0,0
-162371,0,0
-680772,0,0
-465761,0,0
-41275,0,0
198766,0,0
340575,0,0
85801,0,0
-670704,0,0
-778065,0,0
-908784,0,0
-959942,0,0
-247595,0,0
30502,0,0
197637,0,0
88192,0,0
-332733,0,0
-687364,0,0
-360547,0,0
-674445,0,0
-220627,0,0
372464,0,0
338615,0,0
238307,0,0
-296916,0,0
-758688,0,0
-720591,0,0
-760618,0,0
-648231,0,0
-24543,0,0
176665,0,0
30647,0,0
-282283,0,0
-805940,0,0
-937376,0,0
-877190,0,0
-689285,0,0
-154643,0,0
286051,0,0
64484,0,0
-313213,0,0
-491282,0,0
-992000,0,0
-825916,0,0
-608328,0,0
-206566,0,0
206610,0,0
128982,0,0
-287512,0,0
-610117,0,0
-845208,0,0
-957226,0,0
-570095,0,0
-229170,0,0
161810,0,0
337470,0,0
21217,0,0
-476425,0,0
-243243,0,0
-582016,0,0
-408404,0,0
235292,0,0
366277,0,0
514237,0,0
160980,0,0
-367415,0,0
-529192,0,0
-599615,0,0
-812481,0,0
-147333,0,0
178048,0,0
217147,0,0
125771,0,0
-423204,0,0
-624349,0,0
-625077,0,0
-676756,0,0
-283669,0,0
336293,0,0
335577,0,0
126317,0,0
-64448,0,0
-773785,0,0
-614332,0,0
-526088,0,0
-374519,0,0
148109,0,0
337211,0,0
-8518,0,0
-388409,0,0
-783687,0,0
-958857,0,0
-615500,0,0
-431868,0,0
89928,0,0
408725,0,0
185066,0,0
-278470,0,0
-209513,0,0
-597983,0,0
-580002,0,0
-105345,0,0
45951,0,0
411880,0,0
249578,0,0
-207784,0,0
-566156,0,0
-666336,0,0
-913603,0,0
-467619,0,0
-62451,0,0
144072,0,0
264583,0,0
-245946,0,0
-584611,0,0
-649347,0,0
-760414,0,0
-563471,0,0
201416,0,0
395759,0,0
385473,0,0
180406,0,0
-509455,0,0
-412439,0,0
-431581,0,0
-504684,0,0
80521,0,0
371746,0,0
183803,0,0
-90752,0,0
-610033,0,0
-951608,0,0
-522513,0,0
-500365,0,0
-69756,0,0
486708,0,0
486166,0,0
140504,0,0
24543,0,0
-481270,0,0
-469017,0,0
-139643,0,0
87113,0,0
567813,0,0
566370,0,0
97123,0,0
-367616,0,0
-486518,0,0
-917482,0,0
-632687,0,0
-251285,0,0
127918,0,0
379718,0,0
-53465,0,0
-487383,0,0
-720194,0,0
-857622,0,0
-674345,0,0
93611,0,0
381595,0,0
464885,0,0
293439,0,0
-433630,0,0
-492840,0,0
-474674,0,0
-713177,0,0
-131604,0,0
236210,0,0
193593,0,0
23933,0,0
-507514,0,0
-976936,0,0
-567038,0,0
-730112,0,0
-387176,0,0
229925,0,0
323971,0,0
56423,0,0
-107703,0,0
-653980,0,0
-599954,0,0
-437936,0,0
-393865,0,0
170407,0,0
309788,0,0
-14834,0,0
-429560,0,0
-633990,0,0
-984361,0,0
-785413,0,0
-453344,0,0
-71789,0,0
393495,0,0
140031,0,0
-226825,0,0
-488449,0,0
-652469,0,0
-669771,0,0
-66152,0,0
283590,0,0
568782,0,0
513953,0,0
-31030,0,0
-129383,0,0
-198865,0,0
-448918,0,0
-116334,0,0
311529,0,0
430800,0,0
419696,0,0
15285,0,0
-717431,0,0
-406373,0,0
-522530,0,0
-256961,0,0
404337,0,0
525534,0,0
398918,0,0
246762,0,0
-350443,0,0
-371743,0,0
-111999,0,0
-265490,0,0
319644,0,0
591115,0,0
284853,0,0
-131381,0,0
-467543,0,0
-942313,0,0
-803992,0,0
-718368,0,0
-240711,0,0
343522,0,0
200200,0,0
-150798,0,0
-561867,0,0
-764847,0,0
-797427,0,0
-359258,0,0
-11360,0,0
388221,0,0
400633,0,0
-153847,0,0
-474858,0,0
-656449,0,0
-857100,0,0
-498563,0,0
-84603,0,0
108435,0,0
204391,0,0
-211998,0,0
-821273,0,0
-639696,0,0
-823611,0,0
-790664,0,0
-68033,0,0
164354,0,0
192263,0,0
71362,0,0
-579121,0,0
-775382,0,0
-616302,0,0
-811051,0,0
-220703,0,0
187102,0,0
121311,0,0
-107356,0,0
-587726,0,0
-1036928,0,0
-860076,0,0
-874961,0,0
-455952,0,0
145208,0,0
167268,0,0
-27113,0,0
-474845,0,0
-882742,0,0
-947779,0,0
-775825,0,0
-458178,0,0
103607,0,0
294512,0,0
-38184,0,0
-451606,0,0
-815959,0,0
-954294,0,0
-858479,0,0
-585254,0,0
-162189,0,0
283326,0,0
122797,0,0
-358962,0,0
-629437,0,0
-904976,0,0
-905332,0,0
-544881,0,0
-7435,0,0
320228,0,0
357273,0,0
-144429,0,0
-528262,0,0
-336331,0,0
-676085,0,0
-377459,0,0
104336,0,0
246391,0,0
219334,0,0
-193624,0,0
-745608,0,0
-575790,0,0
-711198,0,0
-710877,0,0
-2252,0,0
308948,0,0
278523,0,0
-56491,0,0
-532917,0,0
-755178,0,0
-349126,0,0
-391088,0,0
147076,0,0
527764,0,0
381616,0,0
143778,0,0
-271373,0,0
-582657,0,0
-580580,0,0
-620767,0,0
-322538,0,0
292724,0,0
331158,0,0
-25612,0,0
-210825,0,0
-675889,0,0
-770438,0,0
-421766,0,0
8282,0,0
465227,0,0
597713,0,0
255041,0,0
-99032,0,0
-17394,0,0
-427869,0,0
-248743,0,0
215467,0,0
480865,0,0
649194,0,0
331926,0,0
-527629,0,0
-585958,0,0
-657207,0,0
-675012,0,0
97887,0,0
475353,0,0
557471,0,0
372449,0,0
-56291,0,0
-328310,0,0
-89933,0,0
-133240,0,0
380578,0,0
738644,0,0
570510,0,0
307673,0,0
-164547,0,0
-593234,0,0
-491351,0,0
-545763,0,0
-396492,0,0
183426,0,0
287737,0,0
-7762,0,0
-253992,0,0
-743126,0,0
-893365,0,0
-562327,0,0
-333889,0,0
203176,0,0
468384,0,0
217118,0,0
-161336,0,0
-320929,0,0
-818733,0,0
-605230,0,0
-173401,0,0
104990,0,0
338278,0,0
127078,0,0
-552423,0,0
-776877,0,0
-918869,0,0
-953206,0,0
-325289,0,0
63961,0,0
157886,0,0
112392,0,0
-327673,0,0
-689613,0,0
-546723,0,0
-757836,0,0
-280694,0,0
279587,0,0
363713,0,0
238763,0,0
-250696,0,0
-815750,0,0
-797416,0,0
-888241,0,0
-690838,0,0
12648,0,0
244568,0,0
90159,0,0
-140594,0,0
-823759,0,0
-957491,0,0
-739046,0,0
-493595,0,0
67662,0,0
403653,0,0
209974,0,0
-153674,0,0
-285082,0,0
-779555,0,0
-552504,0,0
-243088,0,0
17583,0,0
349928,0,0
170269,0,0
-435119,0,0
-726479,0,0
-847746,0,0
-918826,0,0
-484719,0,0
-51877,0,0
239117,0,0
282855,0,0
-107062,0,0
-612867,0,0
-517190,0,0
-814281,0,0
-498895,0,0
36325,0,0
243680,0,0
269305,0,0
-138546,0,0
-763985,0,0
-839600,0,0
-884708,0,0
-763537,0,0
-120017,0,0
179812,0,0
173140,0,0
-88401,0,0
-703274,0,0
-877231,0,0
-701357,0,0
-649828,0,0
-29732,0,0
385722,0,0
254351,0,0
-30367,0,0
-145612,0,0
-693999,0,0
-653487,0,0
-419507,0,0
-25585,0,0
406401,0,0
290178,0,0
-275298,0,0
-612531,0,0
-822203,0,0
-892509,0,0
-557163,0,0
-136659,0,0
197370,0,0
317585,0,0
-75675,0,0
-622974,0,0
-592440,0,0
-869312,0,0
-730194,0,0
-195438,0,0
115346,0,0
260378,0,0
-69684,0,0
-654767,0,0
-845485,0,0
-889209,0,0
-881631,0,0
-430232,0,0
-21366,0,0
132305,0,0
106339,0,0
-408653,0,0
-839233,0,0
-843255,0,0
-829894,0,0
-483008,0,0
99121,0,0
264666,0,0
245464,0,0
-21131,0,0
-773312,0,0
-749231,0,0
-662089,0,0
-546739,0,0
102294,0,0
315922,0,0
141864,0,0
-215073,0,0
-709841,0,0
-884606,0,0
-621541,0,0
-557300,0,0
-142753,0,0
352876,0,0
300089,0,0
-36860,0,0
-165461,0,0
-570681,0,0
-481573,0,0
-276112,0,0
71087,0,0
455655,0,0
445171,0,0
-2191,0,0
-441884,0,0
-658145,0,0
-814804,0,0
-553820,0,0
-159559,0,0
297660,0,0
489182,0,0
128248,0,0
-309621,0,0
-323643,0,0
-398807,0,0
-274943,0,0
257416,0,0
551043,0,0
667775,0,0
530304,0,0
-162556,0,0
-122862,0,0
-134273,0,0
-265887,0,0
229765,0,0
451389,0,0
439335,0,0
277256,0,0
-181908,0,0
-628568,0,0
-214840,0,0
-191850,0,0
99873,0,0
624162,0,0
699581,0,0
490948,0,0
389010,0,0
-130302,0,0
-104777,0,0
-89841,0,0
114858,0,0
519851,0,0
620479,0,0
307903,0,0
-103171,0,0
-386738,0,0
-740314,0,0
-487953,0,0
-305040,0,0
179735,0,0
456478,0,0
242632,0,0
-118777,0,0
-298202,0,0
-472088,0,0
-387718,0,0
-24309,0,0
330448,0,0
565957,0,0
476025,0,0
-166277,0,0
-365269,0,0
-420179,0,0
-646029,0,0
-363110,0,0
50868,0,0
312055,0,0
270469,0,0
-291482,0,0
-903056,0,0
-582212,0,0
-632650,0,0
-474824,0,0
198276,0,0
357543,0,0
307844,0,0
202760,0,0
-308270,0,0
-295574,0,0
-284540,0,0
-346927,0,0
123733,0,0
452873,0,0
376546,0,0
94834,0,0
-402810,0,0
-882919,0,0
-700004,0,0
-663776,0,0
-98514,0,0
347175,0,0
269792,0,0
-63211,0,0
-364911,0,0
-523919,0,0
-449302,0,0
-94732,0,0
327304,0,0
666375,0,0
625067,0,0
108558,0,0
-102007,0,0
-158860,0,0
-381850,0,0
-123569,0,0
198446,0,0
482645,0,0
476384,0,0
38996,0,0
-539254,0,0
-324169,0,0
-391704,0,0
-323882,0,0
345158,0,0
478393,0,0
528904,0,0
514964,0,0
-48292,0,0
-266260,0,0
-357920,0,0
-435558,0,0
-88255,0,0
267021,0,0
207096,0,0
2480,0,0
-442479,0,0
-1036289,0,0
-897036,0,0
-955485,0,0
-496666,0,0
27757,0,0
138778,0,0
-78101,0,0
-421573,0,0
-738183,0,0
-789054,0,0
-539106,0,0
-101421,0,0
423391,0,0
480098,0,0
95888,0,0
-191189,0,0
-359556,0,0
-558847,0,0
-352103,0,0
-57798,0,0
267717,0,0
376728,0,0
11723,0,0
-621684,0,0
-452601,0,0
-621073,0,0
-617501,0,0
-49167,0,0
294204,0,0
476035,0,0
372349,0,0
-191207,0,0
-402873,0,0
-386143,0,0
-613189,0,0
-193561,0,0
283432,0,0
370982,0,0
174924,0,0
-354324,0,0
-1009617,0,0
-907994,0,0
-1010564,0,0
-573971,0,0
67348,0,0
277500,0,0
105351,0,0
-256516,0,0
-684419,0,0
-764705,0,0
-619600,0,0
-242822,0,0
249219,0,0
385923,0,0
155102,0,0
-126883,0,0
-425898,0,0
-714715,0,0
-621217,0,0
-551653,0,0
-95216,0,0
202275,0,0
-31103,0,0
-498467,0,0
-596209,0,0
-882393,0,0
-918450,0,0
-416179,0,0
71797,0,0
448988,0,0
388323,0,0
-204398,0,0
-662624,0,0
-722113,0,0
-958746,0,0
-693652,0,0
-79922,0,0
175314,0,0
153368,0,0
-336516,0,0
-930381,0,0
-990309,0,0
-1069503,0,0
-854695,0,0
-245556,0,0
170560,0,0
173285,0,0
-130094,0,0
-695201,0,0
-929389,0,0
-807554,0,0
-758268,0,0
-10289,0,0
329979,0,0
214660,0,0
-99166,0,0
-535868,0,0
-917686,0,0
-823177,0,0
-838900,0,0
-316884,0,0
125421,0,0
74863,0,0
-172255,0,0
-394102,0,0
-827723,0,0
-936004,0,0
-608591,0,0
-234671,0,0
293215,0,0
416031,0,0
95721,0,0
-267070,0,0
-310103,0,0
-675668,0,0
-607965,0,0
-198011,0,0
102770,0,0
307422,0,0
-19571,0,0
-607674,0,0
-787998,0,0
-914860,0,0
-867549,0,0
-414246,0,0
77085,0,0
190448,0,0
43795,0,0
-475513,0,0
-857525,0,0
-818938,0,0
-864253,0,0
-261362,0,0
113160,0,0
215289,0,0
46252,0,0
-374186,0,0
-827399,0,0
-814097,0,0
-902682,0,0
-577958,0,0
36690,0,0
169517,0,0
164970,0,0
-104632,0,0
-714324,0,0
-882667,0,0
-667686,0,0
-527749,0,0
137542,0,0
398523,0,0
302124,0,0
-32909,0,0
-363627,0,0
-798438,0,0
-727336,0,0
-456106,0,0
-17935,0,0
384068,0,0
170352,0,0
-261639,0,0
-525682,0,0
-754652,0,0
-790663,0,0
-589654,0,0
-28511,0,0
278631,0,0
300270,0,0
-96055,0,0
-469217,0,0
-445505,0,0
-601030,0,0
-254280,0,0
97543,0,0
355800,0,0
283773,0,0
-114200,0,0
-680651,0,0
-740944,0,0
-903334,0,0
-763593,0,0
-186166,0,0
144701,0,0
250776,0,0
-70704,0,0
-643053,0,0
-914562,0,0
-790226,0,0
-822178,0,0
-295036,0,0
121814,0,0
281029,0,0
110524,0,0
-323388,0,0
-884665,0,0
-853320,0,0
-813515,0,0
-507379,0,0
100367,0,0
135801,0,0
87191,0,0
-357874,0,0
-831859,0,0
-897108,0,0
-793231,0,0
-582194,0,0
-135960,0,0
308319,0,0
177801,0,0
-140190,0,0
-502977,0,0
-869542,0,0
-759454,0,0
-626576,0,0
-142034,0,0
205908,0,0
307693,0,0
-84789,0,0
-533945,0,0
-800848,0,0
-839382,0,0
-764185,0,0
-373719,0,0
183052,0,0
294049,0,0
71842,0,0
-499069,0,0
-740724,0,0
-901800,0,0
-730518,0,0
-388912,0,0
105848,0,0
464792,0,0
252102,0,0
-407510,0,0
-749568,0,0
-822164,0,0
-878961,0,0
-478312,0,0
-40536,0,0
262028,0,0
173146,0,0
-288639,0,0
-671696,0,0
-724689,0,0
-824830,0,0
-733827,0,0
-126392,0,0
168513,0,0
335937,0,0
-22742,0,0
-603164,0,0
-791762,0,0
-850206,0,0
-780311,0,0
-312342,0,0
103114,0,0
202030,0,0
121184,0,0
-415105,0,0
-830694,0,0
-804967,0,0
-894512,0,0
-583547,0,0
-66685,0,0
255342,0,0
205430,0,0
-109708,0,0
-611236,0,0
-787834,0,0
-841703,0,0
-665513,0,0
-6503,0,0
275084,0,0
286064,0,0
9118,0,0
-487100,0,0
-756632,0,0
-692627,0,0
-809874,0,0
-326656,0,0
144819,0,0
176695,0,0
206479,0,0
-184204,0,0
-682136,0,0
-779413,0,0
-668627,0,0
-440709,0,0
233650,0,0
350908,0,0
250242,0,0
-116077,0,0
-533313,0,0
-786705,0,0
-766401,0,0
-573044,0,0
-116614,0,0
279944,0,0
124723,0,0
-66228,0,0
-517124,0,0
-802518,0,0
-795006,0,0
-731770,0,0
-308274,0,0
71585,0,0
274390,0,0
74342,0,0
-353487,0,0
-687762,0,0
-790697,0,0
-638720,0,0
-393340,0,0
123500,0,0
298272,0,0
220785,0,0
-222621,0,0
-569773,0,0
-749468,0,0
-718869,0,0
-521247,0,0
-61596,0,0
415078,0,0
387284,0,0
-72127,0,0
-601461,0,0
-652171,0,0
-756052,0,0
-473471,0,0
-74909,0,0
283026,0,0
481236,0,0
116198,0,0
-531766,0,0
-659724,0,0
-718937,0,0
-672908,0,0
-137614,0,0
111586,0,0
351297,0,0
105011,0,0
-467283,0,0
-751647,0,0
-687623,0,0
-691592,0,0
-392053,0,0
193666,0,0
329339,0,0
321409,0,0
-3032,0,0
-580677,0,0
-660353,0,0
-744453,0,0
-335848,0,0
159231,0,0
401825,0,0
228891,0,0
-199983,0,0
-650122,0,0
-746224,0,0
-680008,0,0
-586973,0,0
72976,0,0
365841,0,0
294414,0,0
-169835,0,0
-543148,0,0
-726328,0,0
-681355,0,0
-626039,0,0
-55755,0,0
550967,0,0
446566,0,0
-84633,0,0
-456050,0,0
-542951,0,0
-796879,0,0
-645233,0,0
-268329,0,0
287557,0,0
347259,0,0
-65806,0,0
-493124,0,0
-614164,0,0
-721468,0,0
-728895,0,0
-167788,0,0
244026,0,0
593121,0,0
439058,0,0
-164383,0,0
-457623,0,0
-577169,0,0
-546318,0,0
-232649,0,0
255040,0,0
419365,0,0
267615,0,0
-187117,0,0
-652292,0,0
-699231,0,0
-791854,0,0
-196224,0,0
260584,0,0
448506,0,0
192295,0,0
-135140,0,0
-550354,0,0
-517635,0,0
-480014,0,0
-120903,0,0
518817,0,0
568952,0,0
341583,0,0
-26774,0,0
-395252,0,0
-768313,0,0
-677785,0,0
-551116,0,0
98524,0,0
363385,0,0
88935,0,0
-270811,0,0
-542008,0,0
-730329,0,0
-696613,0,0
-408692,0,0
43869,0,0
558753,0,0
421756,0,0
-79597,0,0
-443136,0,0
-564740,0,0
-671872,0,0
-542417,0,0
-13549,0,0
269384,0,0
302137,0,0
-151233,0,0
-618420,0,0
-659831,0,0
-917000,0,0
-667523,0,0
-196527,0,0
341280,0,0
394391,0,0
126688,0,0
-445503,0,0
-621998,0,0
-746855,0,0
-651301,0,0
63719,0,0
259920,0,0
306399,0,0
64366,0,0
-404703,0,0
-815907,0,0
-771083,0,0
-891522,0,0
-311823,0,0
172549,0,0
170850,0,0
121694,0,0
-244720,0,0
-703561,0,0
-762990,0,0
-634266,0,0
-378637,0,0
348931,0,0
453539,0,0
275020,0,0
-41764,0,0
-251259,0,0
-440166,0,0
-477612,0,0
-189089,0,0
232286,0,0
488675,0,0
162162,0,0
-314256,0,0
-594440,0,0
-772938,0,0
-650984,0,0
-409794,0,0
229399,0,0
421424,0,0
314846,0,0
-142953,0,0
-471802,0,0
-559409,0,0
-581407,0,0
-38295,0,0
199299,0,0
456103,0,0
346406,0,0
-68359,0,0
-705657,0,0
-628933,0,0
-910566,0,0
-496298,0,0
70720,0,0
173175,0,0
254008,0,0
-50512,0,0
-575096,0,0
-803003,0,0
-681364,0,0
-607509,0,0
208185,0,0
434997,0,0
473993,0,0
260823,0,0
-160866,0,0
-492938,0,0
-502744,0,0
-289577,0,0
164546,0,0
555821,0,0
319249,0,0
-53416,0,0
-427374,0,0
-729381,0,0
-662692,0,0
-574859,0,0
-28774,0,0
363529,0,0
486981,0,0
142576,0,0
-365964,0,0
-578284,0,0
-723190,0,0
-472949,0,0
-314421,0,0
236570,0,0
351917,0,0
80486,0,0
-538362,0,0
-760176,0,0
-920782,0,0
-810342,0,0
-453939,0,0
-106937,0,0
224711,0,0
84897,0,0
-375412,0,0
-793505,0,0
-681952,0,0
-866984,0,0
-328595,0,0
42784,0,0
317525,0,0
287020,0,0
-169128,0,0
-729920,0,0
-779470,0,0
-846928,0,0
-629012,0,0
-25593,0,0
60932,0,0
208842,0,0
-164897,0,0
-689672,0,0
-837832,0,0
-847566,0,0
-666368,0,0
-189114,0,0
258345,0,0
272690,0,0
42542,0,0
-432931,0,0
-645204,0,0
-449467,0,0
-480893,0,0
81605,0,0
399906,0,0
391861,0,0
-17364,0,0
-412264,0,0
-745327,0,0
-756995,0,0
-757728,0,0
-361505,0,0
288920,0,0
363977,0,0
24250,0,0
-532911,0,0
-576845,0,0
-687797,0,0
-419155,0,0
-192878,0,0
299737,0,0
620304,0,0
219518,0,0
-468489,0,0
-805665,0,0
-844904,0,0
-826126,0,0
-395336,0,0
-42392,0,0
391930,0,0
228664,0,0
-394789,0,0
-812433,0,0
-866228,0,0
-859713,0,0
-598933,0,0
47532,0,0
275423,0,0
357537,0,0
-38301,0,0
-635236,0,0
-662638,0,0
-779201,0,0
-466484,0,0
-6229,0,0
253423,0,0
225524,0,0
-96315,0,0
-523527,0,0
-573132,0,0
-615512,0,0
-705570,0,0
11031,0,0
281063,0,0
311280,0,0
-109893,0,0
-364398,0,0
-661679,0,0
-536353,0,0
-523832,0,0
67941,0,0
687874,0,0
564718,0,0
96944,0,0
-406881,0,0
-578781,0,0
-774886,0,0
-534301,0,0
-261432,0,0
352937,0,0
436012,0,0
13734,0,0
-476499,0,0
-563500,0,0
-595250,0,0
-697769,0,0
-167719,0,0
200687,0,0
476942,0,0
133970,0,0
-445925,0,0
-613004,0,0
-802759,0,0
-725406,0,0
-288864,0,0
168304,0,0
285957,0,0
61444,0,0
-498807,0,0
-806143,0,0
-808267,0,0
-897695,0,0
-248641,0,0
162998,0,0
371590,0,0
101586,0,0
-273388,0,0
-633934,0,0
-393141,0,0
-461825,0,0
-72764,0,0
492077,0,0
483592,0,0
285388,0,0
-81543,0,0
-384481,0,0
-598090,0,0
-536138,0,0
-560854,0,0
134999,0,0
308392,0,0
44695,0,0
-254118,0,0
-443700,0,0
-579063,0,0
-619052,0,0
-250956,0,0
158494,0,0
661952,0,0
477310,0,0
44137,0,0
-263124,0,0
-474417,0,0
-540482,0,0
-366743,0,0
115152,0,0
425929,0,0
393645,0,0
-61216,0,0
-490300,0,0
-673828,0,0
-915493,0,0
-583643,0,0
-74994,0,0
338642,0,0
241832,0,0
-42373,0,0
-565602,0,0
-484579,0,0
-603483,0,0
-494151,0,0
220321,0,0
373587,0,0
385355,0,0
91102,0,0
-403202,0,0
-678585,0,0
-629562,0,0
-819595,0,0
-57248,0,0
305350,0,0
177395,0,0
-26350,0,0
-329953,0,0
-621293,0,0
-684843,0,0
-469319,0,0
-124300,0,0
460853,0,0
511274,0,0
265755,0,0
-101943,0,0
-476853,0,0
-666974,0,0
-652526,0,0
-216152,0,0
247444,0,0
383160,0,0
25650,0,0
-423657,0,0
-655627,0,0
-966920,0,0
-690313,0,0
-400287,0,0
176246,0,0
353492,0,0
221111,0,0
-289011,0,0
-553343,0,0
-727161,0,0
-667985,0,0
-93256,0,0
163418,0,0
417356,0,0
235848,0,0
-193427,0,0
-707781,0,0
-684099,0,0
-962151,0,0
-395854,0,0
57679,0,0
127888,0,0
219628,0,0
-72327,0,0
-466181,0,0
-588964,0,0
-479453,0,0
-335655,0,0
413777,0,0
535177,0,0
454039,0,0
145516,0,0
-370126,0,0
-513114,0,0
-547312,0,0
-396828,0,0
96144,0,0
389928,0,0
120141,0,0
-191279,0,0
-530587,0,0
-743916,0,0
-526172,0,0
-538832,0,0
35954,0,0
329018,0,0
335128,0,0
-71646,0,0
-407796,0,0
-528493,0,0
-574573,0,0
-255688,0,0
-198523,0,0
292527,0,0
277683,0,0
-88640,0,0
-686170,0,0
-820287,0,0
-1076414,0,0
-789217,0,0
-353427,0,0
-87148,0,0
291134,0,0
-26312,0,0
-574488,0,0
-931682,0,0
-916501,0,0
-915245,0,0
-215083,0,0
21548,0,0
251602,0,0
145340,0,0
-410358,0,0
-787651,0,0
-912087,0,0
-882554,0,0
-440596,0,0
148829,0,0
139490,0,0
175954,0,0
-200039,0,0
-691739,0,0
-658423,0,0
-739267,0,0
-317575,0,0
288246,0,0
569302,0,0
443953,0,0
99232,0,0
-319301,0,0
-448195,0,0
-190139,0,0
-278101,0,0
309843,0,0
484205,0,0
325213,0,0
-192947,0,0
-578053,0,0
-921390,0,0
-777603,0,0
-549400,0,0
-200963,0,0
390555,0,0
309502,0,0
-145643,0,0
-693496,0,0
-662933,0,0
-708504,0,0
-205461,0,0
11871,0,0
416709,0,0
546046,0,0
69522,0,0
-503799,0,0
-708119,0,0
-718480,0,0
-543470,0,0
-39758,0,0
41461,0,0
299429,0,0
63341,0,0
-504697,0,0
-635966,0,0
-731532,0,0
-508407,0,0
-91049,0,0
331581,0,0
407118,0,0
232907,0,0
-264723,0,0
-579289,0,0
-409155,0,0
-661625,0,0
-136762,0,0
230742,0,0
249906,0,0
-53187,0,0
-469484,0,0
-940380,0,0
-856074,0,0
-843152,0,0
-591010,0,0
200596,0,0
303488,0,0
64652,0,0
-454505,0,0
-667716,0,0
-846776,0,0
-481922,0,0
-410323,0,0
152179,0,0
573072,0,0
260038,0,0
-239541,0,0
-634377,0,0
-674833,0,0
-638136,0,0
-275664,0,0
-19397,0,0
410459,0,0
227899,0,0
-278445,0,0
-631495,0,0
-728120,0,0
-623673,0,0
-412476,0,0
137834,0,0
408326,0,0
439348,0,0
-73848,0,0
-582726,0,0
-458617,0,0
-762519,0,0
-370246,0,0
132096,0,0
368165,0,0
291477,0,0
-60426,0,0
-667425,0,0
-706779,0,0
-702274,0,0
-740194,0,0
43840,0,0
296145,0,0
293264,0,0
-90015,0,0
-336063,0,0
-559270,0,0
-374906,0,0
-603843,0,0
-49511,0,0
567096,0,0
374223,0,0
46093,0,0
-419782,0,0
-654631,0,0
-695452,0,0
-554710,0,0
-381370,0,0
229042,0,0
245790,0,0
-145367,0,0
-502771,0,0
-703364,0,0
-707539,0,0
-688074,0,0
-159294,0,0
228071,0,0
503077,0,0
85705,0,0
-474262,0,0
-523411,0,0
-745794,0,0
-514314,0,0
-180262,0,0
164391,0,0
263130,0,0
111202,0,0
-386192,0,0
-710997,0,0
-738097,0,0
-881380,0,0
-189496,0,0
186112,0,0
397086,0,0
227514,0,0
-5811,0,0
-424039,0,0
-194761,0,0
-414337,0,0
-101179,0,0
647418,0,0
617521,0,0
476407,0,0
42154,0,0
-437957,0,0
-601311,0,0
-606396,0,0
-663241,0,0
96674,0,0
317431,0,0
112256,0,0
-206263,0,0
-572119,0,0
-586568,0,0
-648932,0,0
-429119,0,0
77018,0,0
625985,0,0
448769,0,0
-13027,0,0
-286017,0,0
-586314,0,0
-482121,0,0
-462953,0,0
-143023,0,0
200355,0,0
172094,0,0
-308486,0,0
-673184,0,0
-900178,0,0
-1040440,0,0
-667199,0,0
-323988,0,0
124391,0,0
194616,0,0
-42550,0,0
-615268,0,0
-748706,0,0
-973837,0,0
-720393,0,0
84428,0,0
195067,0,0
345905,0,0
31961,0,0
-390904,0,0
-728109,0,0
-734333,0,0
-867231,0,0
-116141,0,0
240350,0,0
201681,0,0
112435,0,0
-259242,0,0
-457823,0,0
-481630,0,0
-376208,0,0
-27679,0,0
676316,0,0
638021,0,0
357376,0,0
54106,0,0
-260861,0,0
-194422,0,0
-298875,0,0
-125830,0,0
369275,0,0
560075,0,0
248640,0,0
-101179,0,0
-506823,0,0
-869228,0,0
-589025,0,0
-490091,0,0
45552,0,0
280140,0,0
188140,0,0
-263565,0,0
-485339,0,0
-740932,0,0
-738904,0,0
-259771,0,0
-91963,0,0
276916,0,0
135821,0,0
-370106,0,0
-822679,0,0
-855017,0,0
-1081055,0,0
-628981,0,0
-151117,0,0
-13218,0,0
272316,0,0
-160593,0,0
-597558,0,0
-860031,0,0
-852545,0,0
-733957,0,0
241454,0,0
359412,0,0
343076,0,0
86460,0,0
-391825,0,0
-481128,0,0
-581571,0,0
-577385,0,0
47540,0,0
422810,0,0
194209,0,0
-49659,0,0
-469871,0,0
-874865,0,0
-720988,0,0
-757392,0,0
-89976,0,0
368695,0,0
430709,0,0
105518,0,0
-221881,0,0
-606876,0,0
-632912,0,0
-309516,0,0
-243096,0,0
304319,0,0
395697,0,0
56466,0,0
-574557,0,0
-793895,0,0
-1095114,0,0
-812249,0,0
-375225,0,0
-87416,0,0
335646,0,0
7397,0,0
-518393,0,0
-875374,0,0
-891352,0,0
-917468,0,0
-259714,0,0
-14941,0,0
280605,0,0
173010,0,0
-386913,0,0
-751412,0,0
-848166,0,0
-867818,0,0
-500357,0,0
88053,0,0
111457,0,0
232701,0,0
-226108,0,0
-787085,0,0
-665712,0,0
-804886,0,0
-505825,0,0
78335,0,0
395996,0,0
289249,0,0
-54373,0,0
-558423,0,0
-586808,0,0
-431050,0,0
-628350,0,0
38348,0,0
289417,0,0
95618,0,0
-276027,0,0
-652693,0,0
-948007,0,0
-799188,0,0
-724122,0,0
-348565,0,0
309245,0,0
194447,0,0
-118354,0,0
-606569,0,0
-800311,0,0
-891328,0,0
-452389,0,0
-293611,0,0
242577,0,0
467102,0,0
-25725,0,0
-477129,0,0
-791821,0,0
-855754,0,0
-789694,0,0
-359804,0,0
-123823,0,0
299135,0,0
141812,0,0
-372560,0,0
-665844,0,0
-861069,0,0
-811856,0,0
-465980,0,0
18511,0,0
247859,0,0
280057,0,0
-307160,0,0
-691278,0,0
-470769,0,0
-800402,0,0
-379128,0,0
72914,0,0
296620,0,0
266399,0,0
-104000,0,0
-752298,0,0
-750616,0,0
-825756,0,0
-770281,0,0
96414,0,0
352169,0,0
302092,0,0
-48150,0,0
-465812,0,0
-770830,0,0
-379372,0,0
-558144,0,0
-25854,0,0
584374,0,0
385049,0,0
100723,0,0
-478773,0,0
-782358,0,0
-801636,0,0
-730525,0,0
-450614,0,0
284960,0,0
368350,0,0
18646,0,0
-360873,0,0
-781930,0,0
-850759,0,0
-770567,0,0
-371439,0,0
77829,0,0
404232,0,0
44755,0,0
-396539,0,0
-532590,0,0
-872192,0,0
-760219,0,0
-534773,0,0
-74925,0,0
296097,0,0
218586,0,0
-287131,0,0
-576626,0,0
-720263,0,0
-911276,0,0
-511881,0,0
-170774,0,0
215935,0,0
323282,0,0
-26442,0,0
-567788,0,0
-502368,0,0
-806988,0,0
-748108,0,0
-118260,0,0
40402,0,0
282526,0,0
23182,0,0
-492457,0,0
-723745,0,0
-809683,0,0
-973501,0,0
-407822,0,0
12059,0,0
102621,0,0
266877,0,0
-281885,0,0
-682959,0,0
-841444,0,0
-852863,0,0
-688495,0,0
25343,0,0
171926,0,0
258803,0,0
-78313,0,0
-667522,0,0
-784323,0,0
-822798,0,0
-807331,0,0
-302820,0,0
151135,0,0
106806,0,0
171141,0,0
-327155,0,0
-855051,0,0
-731850,0,0
-837216,0,0
-482385,0,0
32802,0,0
300835,0,0
199511,0,0
-159106,0,0
-696634,0,0
-754121,0,0
-664977,0,0
-697096,0,0
-11252,0,0
341733,0,0
231197,0,0
-97197,0,0
-542535,0,0
-942261,0,0
-715416,0,0
-713816,0,0
-373459,0,0
343252,0,0
325494,0,0
109219,0,0
-357914,0,0
-635377,0,0
-760408,0,0
-433109,0,0
-417781,0,0
161417,0,0
540992,0,0
159978,0,0
-248494,0,0
-694292,0,0
-737835,0,0
-653253,0,0
-355479,0,0
-75582,0,0
429185,0,0
264911,0,0
-199485,0,0
-511059,0,0
-764682,0,0
-751376,0,0
-463968,0,0
46744,0,0
362673,0,0
449781,0,0
-108604,0,0
-524350,0,0
-363539,0,0
-756104,0,0
-417288,0,0
-21896,0,0
249175,0,0
322910,0,0
817,0,0
-664406,0,0
-715561,0,0
-794596,0,0
-796216,0,0
-86667,0,0
144652,0,0
240135,0,0
112162,0,0
-362294,0,0
-769013,0,0
-584381,0,0
-827547,0,0
-467326,0,0
139682,0,0
76605,0,0
183903,0,0
-262196,0,0
-735733,0,0
-760801,0,0
-784887,0,0
-823610,0,0
-113849,0,0
196980,0,0
142804,0,0
65944,0,0
-544482,0,0
-831494,0,0
-853657,0,0
-779208,0,0
-362087,0,0
305174,0,0
182284,0,0
102317,0,0
-282484,0,0
-777006,0,0
-737315,0,0
-758228,0,0
-540882,0,0
63769,0,0
327073,0,0
148778,0,0
-115346,0,0
-593268,0,0
-864137,0,0
-593853,0,0
-655779,0,0
-127837,0,0
358478,0,0
367088,0,0
8067,0,0
-346201,0,0
-740041,0,0
-735371,0,0
-479800,0,0
-309942,0,0
294866,0,0
382070,0,0
55275,0,0
-426405,0,0
-665840,0,0
-894691,0,0
-658459,0,0
-370449,0,0
28646,0,0
537149,0,0
205653,0,0
-289147,0,0
-677573,0,0
-727830,0,0
-744672,0,0
-253780,0,0
34545,0,0
408296,0,0
329296,0,0
-248660,0,0
-596923,0,0
-738760,0,0
-794373,0,0
-584467,0,0
-55356,0,0
115219,0,0
374343,0,0
-12510,0,0
-623570,0,0
-618232,0,0
-786790,0,0
-664640,0,0
-96937,0,0
309707,0,0
374576,0,0
167040,0,0
-406650,0,0
-593610,0,0
-285808,0,0
-673199,0,0
-74455,0,0
371906,0,0
431669,0,0
185398,0,0
-207403,0,0
-746716,0,0
-483161,0,0
-558998,0,0
-287717,0,0
553413,0,0
561520,0,0
365856,0,0
-101025,0,0
-363956,0,0
-452446,0,0
-42294,0,0
-70291,0,0
442681,0,0
679800,0,0
294529,0,0
-132889,0,0
-612724,0,0
-781431,0,0
-716410,0,0
-398165,0,0
-45260,0,0
397512,0,0
197408,0,0
-322016,0,0
-499454,0,0
-757872,0,0
-690667,0,0
-402825,0,0
128880,0,0
471558,0,0
449255,0,0
-64058,0,0
-412515,0,0
-204270,0,0
-627114,0,0
-267076,0,0
215604,0,0
432891,0,0
346762,0,0
-605,0,0
-734150,0,0
-653118,0,0
-757227,0,0
-739868,0,0
54865,0,0
323044,0,0
381723,0,0
94857,0,0
-353182,0,0
-602004,0,0
-325467,0,0
-524312,0,0
41403,0,0
567723,0,0
432408,0,0
218113,0,0
-285367,0,0
-615458,0,0
-654092,0,0
-622298,0,0
-413771,0,0
285355,0,0
414246,0,0
66279,0,0
-293069,0,0
-680310,0,0
-656850,0,0
-553729,0,0
-242198,0,0
294716,0,0
610523,0,0
270924,0,0
-198843,0,0
-248850,0,0
-611664,0,0
-469542,0,0
-158517,0,0
47320,0,0
292011,0,0
159974,0,0
-451377,0,0
-666222,0,0
-805202,0,0
-968380,0,0
-399287,0,0
-4088,0,0
236090,0,0
202115,0,0
-147086,0,0
-661285,0,0
-485635,0,0
-807071,0,0
-533457,0,0
107981,0,0
208393,0,0
227664,0,0
-207509,0,0
-692748,0,0
-802874,0,0
-827866,0,0
-873680,0,0
-206792,0,0
133269,0,0
129175,0,0
12898,0,0
-569772,0,0
-813773,0,0
-864992,0,0
-783911,0,0
-325701,0,0
347661,0,0
310300,0,0
42140,0,0
-181254,0,0
-709452,0,0
-593746,0,0
-629289,0,0
-383482,0,0
227818,0,0
420838,0,0
53191,0,0
-346202,0,0
-693716,0,0
-846867,0,0
-360151,0,0
-304411,0,0
176452,0,0
503376,0,0
358836,0,0
-128950,0,0
-99277,0,0
-331856,0,0
-258723,0,0
57356,0,0
194660,0,0
612708,0,0
430204,0,0
-52607,0,0
-453497,0,0
-581300,0,0
-915709,0,0
-489697,0,0
-14135,0,0
201745,0,0
307463,0,0
-210637,0,0
-641238,0,0
-737811,0,0
-753551,0,0
-544277,0,0
135361,0,0
278443,0,0
205135,0,0
-78866,0,0
-706840,0,0
-725406,0,0
-742505,0,0
-748628,0,0
-208795,0,0
123809,0,0
115935,0,0
-2604,0,0
-557416,0,0
-920143,0,0
-726148,0,0
-860515,0,0
-373083,0,0
222245,0,0
346453,0,0
25684,0,0
-300834,0,0
-800788,0,0
-752430,0,0
-531969,0,0
-437495,0,0
285464,0,0
504977,0,0
185074,0,0
-381316,0,0
-779542,0,0
-1001778,0,0
-732193,0,0
-396654,0,0
19109,0,0
513818,0,0
257115,0,0
-202613,0,0
-624586,0,0
-671126,0,0
-682562,0,0
-74463,0,0
209414,0,0
465385,0,0
361112,0,0
-236141,0,0
-514476,0,0
-650931,0,0
-794464,0,0
-537604,0,0
-38905,0,0
125644,0,0
241844,0,0
-175885,0,0
-725941,0,0
-464204,0,0
-728696,0,0
-667315,0,0
11107,0,0
400429,0,0
390910,0,0
176311,0,0
-494523,0,0
-612614,0,0
-423144,0,0
-645158,0,0
120706,0,0
493382,0,0
361703,0,0
16930,0,0
-463318,0,0
-908116,0,0
-647985,0,0
-646812,0,0
-309798,0,0
442876,0,0
410285,0,0
164153,0,0
-340713,0,0
-437896,0,0
-516160,0,0
-242169,0,0
-10012,0,0
475425,0,0
611466,0,0
277709,0,0
14690,0,0
-301960,0,0
-537735,0,0
-455787,0,0
-69207,0,0
218763,0,0
542768,0,0
326961,0,0
-308466,0,0
-334154,0,0
-543887,0,0
-515251,0,0
41208,0,0
466111,0,0
625913,0,0
572082,0,0
106481,0,0
-195268,0,0
-9273,0,0
-349601,0,0
64000,0,0
469316,0,0
593780,0,0
484775,0,0
63754,0,0
-820193,0,0
-563391,0,0
-599866,0,0
-491662,0,0
321019,0,0
461639,0,0
374709,0,0
15122,0,0
-427077,0,0
-597286,0,0
-319091,0,0
-347906,0,0
186364,0,0
474358,0,0
232439,0,0
-63607,0,0
-578714,0,0
-853910,0,0
-850647,0,0
-755129,0,0
-442235,0,0
136603,0,0
105195,0,0
-225234,0,0
-514825,0,0
-933126,0,0
-912022,0,0
-694867,0,0
-266118,0,0
169682,0,0
338149,0,0
-67649,0,0
-388101,0,0
-313306,0,0
-733424,0,0
-566480,0,0
-184079,0,0
123484,0,0
274050,0,0
2490,0,0
-669050,0,0
-706740,0,0
-891788,0,0
-961230,0,0
-262776,0,0
86008,0,0
227566,0,0
109088,0,0
-298620,0,0
-711844,0,0
-471160,0,0
-732108,0,0
-225153,0,0
345249,0,0
377735,0,0
250456,0,0
-307250,0,0
-773144,0,0
-818495,0,0
-795735,0,0
-624821,0,0
129583,0,0
357702,0,0
163203,0,0
-105106,0,0
-550680,0,0
-543699,0,0
-438337,0,0
-247502,0,0
209475,0,0
610115,0,0
394086,0,0
86395,0,0
-52297,0,0
-513811,0,0
-387498,0,0
-252713,0,0
26864,0,0
377633,0,0
282516,0,0
-298881,0,0
-591848,0,0
-782087,0,0
-948645,0,0
-400799,0,0
-57345,0,0
284074,0,0
359047,0,0
15507,0,0
-515862,0,0
-264843,0,0
-570440,0,0
-471318,0,0
86194,0,0
273139,0,0
378969,0,0
-42798,0,0
-567571,0,0
-699534,0,0
-766781,0,0
-918219,0,0
-261433,0,0
98551,0,0
141597,0,0
11026,0,0
-593004,0,0
-896011,0,0
-917671,0,0
-926825,0,0
-492066,0,0
122644,0,0
143558,0,0
27132,0,0
-287790,0,0
-892982,0,0
-812739,0,0
-857096,0,0
-708900,0,0
-76538,0,0
184060,0,0
58422,0,0
-273024,0,0
-759020,0,0
-1013091,0,0
-704179,0,0
-696490,0,0
-271773,0,0
209547,0,0
188874,0,0
-102801,0,0
-217308,0,0
-737055,0,0
-826947,0,0
-762994,0,0
-466442,0,0
177131,0,0
322474,0,0
-34076,0,0
-501759,0,0
-839718,0,0
-998670,0,0
-766255,0,0
-433132,0,0
-7833,0,0
354093,0,0
77007,0,0
-396117,0,0
-751057,0,0
-837490,0,0
-783300,0,0
-362365,0,0
24039,0,0
328048,0,0
278326,0,0
-335150,0,0
-634544,0,0
-817227,0,0
-907266,0,0
-570763,0,0
-78697,0,0
129054,0,0
248352,0,0
-187581,0,0
-751753,0,0
-686775,0,0
-850193,0,0
-758618,0,0
-130079,0,0
187024,0,0
247623,0,0
61293,0,0
-559702,0,0
-788092,0,0
-608352,0,0
-787509,0,0
-250190,0,0
287837,0,0
258500,0,0
32565,0,0
-478451,0,0
-879153,0,0
-726047,0,0
-729417,0,0
-436420,0,0
217889,0,0
288196,0,0
86908,0,0
-312843,0,0
-670220,0,0
-769075,0,0
-483008,0,0
-337162,0,0
242841,0,0
471994,0,0
131141,0,0
-277402,0,0
-679991,0,0
-819956,0,0
-730168,0,0
-551005,0,0
-99669,0,0
359799,0,0
244941,0,0
-193329,0,0
-451727,0,0
-775405,0,0
-798696,0,0
-492893,0,0
-55014,0,0
370712,0,0
457964,0,0
37527,0,0
-376795,0,0
-220784,0,0
-626397,0,0
-446843,0,0
78741,0,0
281265,0,0
366779,0,0
-7796,0,0
-641089,0,0
-461209,0,0
-615021,0,0
-668172,0,0
-3236,0,0
318717,0,0
403446,0,0
141751,0,0
-240372,0,0
-350390,0,0
-57611,0,0
-257456,0,0
209043,0,0
576204,0,0
503847,0,0
323014,0,0
-143292,0,0
-484782,0,0
-508559,0,0
-510767,0,0
-190010,0,0
415933,0,0
476720,0,0
125597,0,0
-195333,0,0
-647250,0,0
-559375,0,0
-349135,0,0
-113951,0,0
381498,0,0
625303,0,0
314572,0,0
-6424,0,0
-49590,0,0
-393136,0,0
-294434,0,0
-23521,0,0
179085,0,0
386833,0,0
193697,0,0
-482376,0,0
-646250,0,0
-729609,0,0
-858519,0,0
-346768,0,0
105768,0,0
288565,0,0
237464,0,0
-211044,0,0
-655401,0,0
-452783,0,0
-673486,0,0
-376215,0,0
181389,0,0
249596,0,0
201820,0,0
-235974,0,0
-742177,0,0
-759834,0,0
-756619,0,0
-769224,0,0
-90817,0,0
147117,0,0
167175,0,0
-45234,0,0
-617470,0,0
-801743,0,0
-639548,0,0
-633327,0,0
-104362,0,0
399693,0,0
364222,0,0
114956,0,0
-64843,0,0
-611068,0,0
-468292,0,0
-407554,0,0
-127606,0,0
425982,0,0
413784,0,0
-125193,0,0
-429599,0,0
-668276,0,0
-842800,0,0
-448694,0,0
-98918,0,0
263613,0,0
485045,0,0
260715,0,0
-174251,0,0
-125148,0,0
-479763,0,0
-351052,0,0
190147,0,0
451844,0,0
618173,0,0
294410,0,0
-223535,0,0
-538126,0,0
-563392,0,0
-670581,0,0
-209211,0,0
174688,0,0
338652,0,0
291938,0,0
-241972,0,0
-636265,0,0
-596772,0,0
-604953,0,0
-207340,0,0
376076,0,0
474569,0,0
382460,0,0
142302,0,0
-573641,0,0
-497520,0,0
-430160,0,0
-296976,0,0
330262,0,0
478318,0,0
163750,0,0
-196821,0,0
-685498,0,0
-936013,0,0
-482111,0,0
-303957,0,0
97085,0,0
512049,0,0
364301,0,0
-46347,0,0
-202208,0,0
-556809,0,0
-443561,0,0
-326364,0,0
-106280,0,0
248590,0,0
152505,0,0
-350021,0,0
-763831,0,0
-973275,0,0
-1050927,0,0
-637674,0,0
-281506,0,0
35678,0,0
159865,0,0
-194260,0,0
-641118,0,0
-853744,0,0
-931047,0,0
-773640,0,0
-164361,0,0
161026,0,0
311213,0,0
126372,0,0
-646883,0,0
-757437,0,0
-750381,0,0
-862539,0,0
-364557,0,0
42140,0,0
175503,0,0
-9569,0,0
-562732,0,0
-927221,0,0
-783679,0,0
-870202,0,0
-478918,0,0
214737,0,0
283393,0,0
51365,0,0
-158603,0,0
-726073,0,0
-761547,0,0
-715391,0,0
-568941,0,0
-10899,0,0
285622,0,0
61036,0,0
-382948,0,0
-776963,0,0
-971402,0,0
-797972,0,0
-738236,0,0
-221744,0,0
245182,0,0
184947,0,0
-187873,0,0
-604916,0,0
-867835,0,0
-896815,0,0
-723774,0,0
-234920,0,0
276518,0,0
319128,0,0
-108063,0,0
-466953,0,0
-816234,0,0
-952035,0,0
-809420,0,0
-486478,0,0
-36133,0,0
262272,0,0
44882,0,0
-453446,0,0
-672580,0,0
-872977,0,0
-866948,0,0
-568321,0,0
-117447,0,0
284364,0,0
234845,0,0
-213123,0,0
-619893,0,0
-670046,0,0
-901524,0,0
-627894,0,0
-28852,0,0
231052,0,0
330073,0,0
-124111,0,0
-681519,0,0
-722367,0,0
-844431,0,0
-686780,0,0
-123345,0,0
265752,0,0
358946,0,0
125806,0,0
-320696,0,0
-587440,0,0
-521244,0,0
-596078,0,0
14333,0,0
434602,0,0
412793,0,0
174921,0,0
-342434,0,0
-743009,0,0
-682723,0,0
-721854,0,0
-363871,0,0
226519,0,0
307381,0,0
81503,0,0
-254518,0,0
-782577,0,0
-844006,0,0
-648785,0,0
-403865,0,0
156260,0,0
346909,0,0
168182,0,0
-168695,0,0
-359915,0,0
-797199,0,0
-773140,0,0
-512064,0,0
-62910,0,0
357689,0,0
167628,0,0
-297550,0,0
-616581,0,0
-832223,0,0
-871110,0,0
-530452,0,0
-68905,0,0
251917,0,0
363934,0,0
-105602,0,0
-628601,0,0
-699300,0,0
-840025,0,0
-617459,0,0
-111536,0,0
218262,0,0
242953,0,0
-87621,0,0
-617896,0,0
-771136,0,0
-792290,0,0
-813034,0,0
-419080,0,0
16642,0,0
249591,0,0
125449,0,0
-397002,0,0
-796799,0,0
-805713,0,0
-853853,0,0
-482195,0,0
3924,0,0
301540,0,0
305847,0,0
-111119,0,0
-745704,0,0
-766439,0,0
-790621,0,0
-683945,0,0
-61334,0,0
247732,0,0
263406,0,0
-84538,0,0
-626637,0,0
-820462,0,0
-689643,0,0
-625254,0,0
-209805,0,0
336560,0,0
337826,0,0
42416,0,0
-267223,0,0
-721612,0,0
-667277,0,0
-616558,0,0
-255659,0,0
227663,0,0
316235,0,0
39260,0,0
-399964,0,0
-743526,0,0
-866877,0,0
-730317,0,0
-514979,0,0
65468,0,0
337221,0,0
181787,0,0
-301306,0,0
-623041,0,0
-781587,0,0
-776769,0,0
-474000,0,0
21087,0,0
374843,0,0
311388,0,0
-222701,0,0
-532434,0,0
-693567,0,0
-796786,0,0
-554636,0,0
-60704,0,0
317303,0,0
334643,0,0
-106786,0,0
-599624,0,0
-538628,0,0
-752525,0,0
-694251,0,0
27559,0,0
382875,0,0
501711,0,0
356804,0,0
-282896,0,0
-529798,0,0
-528135,0,0
-734677,0,0
-276260,0,0
192768,0,0
293855,0,0
162408,0,0
-358415,0,0
-807027,0,0
-740659,0,0
-813785,0,0
-503522,0,0
53330,0,0
272010,0,0
212930,0,0
-181012,0,0
-652569,0,0
-781861,0,0
-793324,0,0
-568769,0,0
84290,0,0
310652,0,0
203979,0,0
-144899,0,0
-547719,0,0
-789575,0,0
-724085,0,0
-737167,0,0
-275207,0,0
242232,0,0
215157,0,0
11094,0,0
-317155,0,0
-738325,0,0
-868382,0,0
-706463,0,0
-351907,0,0
212939,0,0
384654,0,0
141559,0,0
-270471,0,0
-638841,0,0
-864713,0,0
-770404,0,0
-421556,0,0
5950,0,0
348542,0,0
120185,0,0
-311803,0,0
-577494,0,0
-786162,0,0
-839927,0,0
-536856,0,0
-27834,0,0
256201,0,0
317620,0,0
-132463,0,0
-582249,0,0
-617348,0,0
-771887,0,0
-585161,0,0
-127233,0,0
206856,0,0
261988,0,0
5500,0,0
-532798,0,0
-704149,0,0
-776340,0,0
-735941,0,0
-362390,0,0
65437,0,0
307852,0,0
205795,0,0
-309135,0,0
-703873,0,0
-662393,0,0
-741993,0,0
-409843,0,0
69331,0,0
328126,0,0
334598,0,0
-7556,0,0
-640179,0,0
-628716,0,0
-699610,0,0
-579925,0,0
71450,0,0
280807,0,0
247840,0,0
-112281,0,0
-596145,0,0
-809812,0,0
-692766,0,0
-617209,0,0
-159801,0,0
364776,0,0
353489,0,0
46094,0,0
-285984,0,0
-716896,0,0
-700271,0,0
-653118,0,0
-252599,0,0
259702,0,0
352525,0,0
26390,0,0
-406320,0,0
-753266,0,0
-830792,0,0
-702496,0,0
-419834,0,0
131465,0,0
362232,0,0
163841,0,0
-371194,0,0
-680697,0,0
-803246,0,0
-693117,0,0
-401665,0,0
105405,0,0
426107,0,0
259984,0,0
-287683,0,0
-553930,0,0
-710911,0,0
-781545,0,0
-481725,0,0
-83114,0,0
302129,0,0
278296,0,0
-192260,0,0
-653587,0,0
-620686,0,0
-729002,0,0
-625495,0,0
78288,0,0
306468,0,0
412106,0,0
169436,0,0
-505485,0,0
-639308,0,0
-578392,0,0
-496430,0,0
23350,0,0
441928,0,0
378909,0,0
56320,0,0
-517082,0,0
-767779,0,0
-587317,0,0
-663577,0,0
-79570,0,0
412342,0,0
530882,0,0
264431,0,0
-71187,0,0
-328752,0,0
-216823,0,0
-83919,0,0
236634,0,0
786878,0,0
868847,0,0
506416,0,0
254024,0,0
71289,0,0
-144150,0,0
30476,0,0
141756,0,0
599572,0,0
790704,0,0
527554,0,0
45037,0,0
102930,0,0
-42994,0,0
-95880,0,0
306058,0,0
646769,0,0
1015439,0,0
989317,0,0
535054,0,0
225773,0,0
102917,0,0
-42425,0,0
183571,0,0
611284,0,0
753145,0,0
736500,0,0
350343,0,0
-210509,0,0
-264169,0,0
-403523,0,0
-96848,0,0
426148,0,0
691642,0,0
609973,0,0
385442,0,0
-29597,0,0
-147380,0,0
-41160,0,0
102740,0,0
704810,0,0
843926,0,0
676595,0,0
451810,0,0
82930,0,0
-297279,0,0
-255260,0,0
-387385,0,0
124812,0,0
421305,0,0
255508,0,0
-115005,0,0
-303944,0,0
-673405,0,0
-757145,0,0
-550408,0,0
-289439,0,0
263573,0,0
338280,0,0
26811,0,0
-351003,0,0
-580415,0,0
-974483,0,0
-909010,0,0
-436322,0,0
-51600,0,0
160464,0,0
-190502,0,0
-724415,0,0
-830527,0,0
-1058644,0,0
-926924,0,0
-416872,0,0
114494,0,0
225326,0,0
70833,0,0
-429619,0,0
-711446,0,0
-581715,0,0
-508262,0,0
104894,0,0
402717,0,0
521089,0,0
371289,0,0
-13624,0,0
-582819,0,0
-517763,0,0
-639806,0,0
-250386,0,0
250435,0,0
322605,0,0
212756,0,0
24663,0,0
-461527,0,0
-568458,0,0
-398943,0,0
-195940,0,0
430214,0,0
594186,0,0
441588,0,0
109617,0,0
-202471,0,0
-529115,0,0
-478650,0,0
-315822,0,0
43951,0,0
411942,0,0
185202,0,0
-346895,0,0
-716744,0,0
-936619,0,0
-913267,0,0
-734651,0,0
-164883,0,0
156367,0,0
213366,0,0
-173828,0,0
-622385,0,0
-701487,0,0
-757905,0,0
-509017,0,0
-227439,0,0
101525,0,0
107117,0,0
-209463,0,0
-739046,0,0
-927488,0,0
-1060873,0,0
-990335,0,0
-504485,0,0
-116539,0,0
121349,0,0
-83782,0,0
-622149,0,0
-1035426,0,0
-913907,0,0
-1010954,0,0
-494338,0,0
-94498,0,0
150140,0,0
123052,0,0
-258835,0,0
-918028,0,0
-964442,0,0
-918261,0,0
-667480,0,0
-41199,0,0
107785,0,0
61664,0,0
-364753,0,0
-836909,0,0
-944544,0,0
-873307,0,0
-619087,0,0
-73160,0,0
346451,0,0
216215,0,0
-165292,0,0
-450832,0,0
-701837,0,0
-531225,0,0
-411855,0,0
52281,0,0
368881,0,0
301918,0,0
-213539,0,0
-568816,0,0
-789890,0,0
-819034,0,0
-566344,0,0
-152785,0,0
300955,0,0
299032,0,0
-131521,0,0
-615697,0,0
-512325,0,0
-537531,0,0
-148878,0,0
167862,0,0
479903,0,0
606463,0,0
254970,0,0
-399323,0,0
-428781,0,0
-422004,0,0
-431184,0,0
61959,0,0
225885,0,0
245063,0,0
-10056,0,0
-575338,0,0
-841694,0,0
-725637,0,0
-698142,0,0
-257266,0,0
207196,0,0
220455,0,0
15010,0,0
-337063,0,0
-796851,0,0
-851128,0,0
-900290,0,0
-405197,0,0
11702,0,0
189100,0,0
-48943,0,0
-501439,0,0
-940493,0,0
-1030843,0,0
-923425,0,0
-727218,0,0
-126418,0,0
130426,0,0
94625,0,0
-389833,0,0
-765742,0,0
-1006286,0,0
-890802,0,0
-772308,0,0
-227980,0,0
273693,0,0
135580,0,0
-205414,0,0
-644997,0,0
-871946,0,0
-907746,0,0
-769855,0,0
-396096,0,0
134231,0,0
208786,0,0
-123653,0,0
-512171,0,0
-776914,0,0
-832475,0,0
-878072,0,0
-479036,0,0
-2623,0,0
379726,0,0
211721,0,0
-334279,0,0
-667205,0,0
-843222,0,0
-837635,0,0
-553610,0,0
14285,0,0
286562,0,0
232762,0,0
-275748,0,0
-678386,0,0
-773835,0,0
-920778,0,0
-598253,0,0
-126625,0,0
251673,0,0
287201,0,0
-2138,0,0
-566192,0,0
-739481,0,0
-814526,0,0
-664575,0,0
-13614,0,0
130463,0,0
232920,0,0
-6026,0,0
-468935,0,0
-734086,0,0
-704573,0,0
-834429,0,0
-324168,0,0
150986,0,0
163062,0,0
158354,0,0
-310332,0,0
-733341,0,0
-814596,0,0
-629566,0,0
-425293,0,0
280492,0,0
416484,0,0
262110,0,0
-97330,0,0
-635347,0,0
-799115,0,0
-718943,0,0
-423372,0,0
37896,0,0
351106,0,0
127042,0,0
-128691,0,0
-502794,0,0
-764247,0,0
-749532,0,0
-667143,0,0
-103169,0,0
251068,0,0
363609,0,0
12284,0,0
-485606,0,0
-741408,0,0
-783677,0,0
-453584,0,0
-223778,0,0
211321,0,0
309385,0,0
89318,0,0
-424025,0,0
-640299,0,0
-821320,0,0
-734317,0,0
-385625,0,0
68510,0,0
444469,0,0
243962,0,0
-293660,0,0
-742344,0,0
-717375,0,0
-793173,0,0
-403008,0,0
-3906,0,0
260750,0,0
317829,0,0
-153004,0,0
-639181,0,0
-786922,0,0
-812585,0,0
-664479,0,0
-137148,0,0
100428,0,0
305102,0,0
4410,0,0
-538998,0,0
-751892,0,0
-764342,0,0
-721617,0,0
-362820,0,0
171731,0,0
309822,0,0
251436,0,0
-242051,0,0
-707904,0,0
-708701,0,0
-805701,0,0
-376447,0,0
104005,0,0
351979,0,0
221558,0,0
-202934,0,0
-695155,0,0
-758492,0,0
-739750,0,0
-683282,0,0
-56438,0,0
256466,0,0
238185,0,0
-77238,0,0
-489555,0,0
-734338,0,0
-704721,0,0
-763737,0,0
-257401,0,0
291578,0,0
233600,0,0
91578,0,0
-412335,0,0
-747855,0,0
-809506,0,0
-696320,0,0
-506501,0,0
95865,0,0
283890,0,0
82583,0,0
-236161,0,0
-644336,0,0
-802649,0,0
-783729,0,0
-564729,0,0
-115523,0,0
348050,0,0
249101,0,0
-43465,0,0
-516148,0,0
-821498,0,0
-808132,0,0
-710176,0,0
-199110,0,0
357871,0,0
482784,0,0
34641,0,0
-407940,0,0
-689174,0,0
-809321,0,0
-665341,0,0
-413711,0,0
188926,0,0
397045,0,0
275566,0,0
-208560,0,0
-634350,0,0
-710308,0,0
-620529,0,0
-230870,0,0
105705,0,0
417865,0,0
298459,0,0
-89520,0,0
-597636,0,0
-588067,0,0
-764915,0,0
-520360,0,0
15714,0,0
273099,0,0
414136,0,0
59998,0,0
-494915,0,0
-732708,0,0
-626431,0,0
-645098,0,0
-22863,0,0
301363,0,0
422663,0,0
182997,0,0
-366018,0,0
-670892,0,0
-657660,0,0
-629805,0,0
-204611,0,0
301147,0,0
272003,0,0
189893,0,0
-276806,0,0
-640910,0,0
-636822,0,0
-681248,0,0
-339931,0,0
130920,0,0
446457,0,0
280284,0,0
-162161,0,0
-552477,0,0
-679793,0,0
-460201,0,0
-412632,0,0
157802,0,0
408724,0,0
307107,0,0
-139095,0,0
-449722,0,0
-757000,0,0
-712894,0,0
-552755,0,0
-114116,0,0
439927,0,0
368230,0,0
-59633,0,0
-589426,0,0
-636797,0,0
-726920,0,0
-478641,0,0
-101583,0,0
321167,0,0
501512,0,0
112673,0,0
-465940,0,0
-606453,0,0
-637988,0,0
-626641,0,0
-116174,0,0
194566,0,0
440929,0,0
181364,0,0
-349710,0,0
-665561,0,0
-718713,0,0
-597648,0,0
-164124,0,0
328226,0,0
355889,0,0
192540,0,0
-279467,0,0
-613511,0,0
-444465,0,0
-731466,0,0
-318438,0,0
158575,0,0
318440,0,0
192005,0,0
-260921,0,0
-719522,0,0
-748982,0,0
-721594,0,0
-544714,0,0
153041,0,0
376533,0,0
246143,0,0
-251664,0,0
-579075,0,0
-708805,0,0
-438221,0,0
-394510,0,0
79507,0,0
510105,0,0
341352,0,0
-133687,0,0
-529020,0,0
-684784,0,0
-724523,0,0
-476451,0,0
-114244,0,0
311979,0,0
310820,0,0
-119516,0,0
-527287,0,0
-673005,0,0
-622059,0,0
-528938,0,0
32305,0,0
358644,0,0
503510,0,0
168188,0,0
-411403,0,0
-650383,0,0
-860527,0,0
-680997,0,0
-198059,0,0
296511,0,0
376065,0,0
98909,0,0
-525523,0,0
-816565,0,0
-793167,0,0
-875940,0,0
-299333,0,0
113753,0,0
297989,0,0
77114,0,0
-350232,0,0
-710255,0,0
-660443,0,0
-823968,0,0
-460877,0,0
194355,0,0
275947,0,0
229133,0,0
-203316,0,0
-619214,0,0
-760062,0,0
-740600,0,0
-643694,0,0
2221,0,0
311284,0,0
163838,0,0
-78297,0,0
-550316,0,0
-745703,0,0
-789980,0,0
-589374,0,0
-98368,0,0
466087,0,0
381570,0,0
18712,0,0
-461608,0,0
-754196,0,0
-681251,0,0
-649848,0,0
-206547,0,0
179388,0,0
374083,0,0
39151,0,0
-412021,0,0
-679639,0,0
-857571,0,0
-653529,0,0
-360858,0,0
179338,0,0
352643,0,0
153155,0,0
-360552,0,0
-672364,0,0
-779697,0,0
-747293,0,0
-337410,0,0
7515,0,0
334614,0,0
240605,0,0
-181462,0,0
-656803,0,0
-728758,0,0
-898050,0,0
-541139,0,0
-32804,0,0
188213,0,0
385624,0,0
-2416,0,0
-549314,0,0
-724628,0,0
-745916,0,0
-675008,0,0
10704,0,0
288901,0,0
368639,0,0
103259,0,0
-425507,0,0
-742884,0,0
-769107,0,0
-707594,0,0
-253766,0,0
228829,0,0
186847,0,0
157003,0,0
-288571,0,0
-769570,0,0
-741467,0,0
-784579,0,0
-459304,0,0
73613,0,0
330019,0,0
212482,0,0
-186941,0,0
-665703,0,0
-783919,0,0
-633739,0,0
-615460,0,0
9159,0,0
269873,0,0
246335,0,0
-87063,0,0
-542912,0,0
-837339,0,0
-726183,0,0
-696766,0,0
-293855,0,0
331461,0,0
313838,0,0
63138,0,0
-479391,0,0
-632071,0,0
-733015,0,0
-537119,0,0
-350694,0,0
147285,0,0
419433,0,0
106428,0,0
-309874,0,0
-638522,0,0
-752413,0,0
-718555,0,0
-377928,0,0
6005,0,0
386868,0,0
255175,0,0
-236117,0,0
-611747,0,0
-772445,0,0
-705359,0,0
-503632,0,0
60931,0,0
435899,0,0
479330,0,0
-8553,0,0
-565288,0,0
-582116,0,0
-760102,0,0
-516913,0,0
-11247,0,0
341439,0,0
392316,0,0
78951,0,0
-545068,0,0
-705152,0,0
-703814,0,0
-752028,0,0
-69860,0,0
322124,0,0
392676,0,0
51258,0,0
-415862,0,0
-745810,0,0
-594887,0,0
-713764,0,0
-341588,0,0
287956,0,0
248729,0,0
186368,0,0
-283543,0,0
-674790,0,0
-795273,0,0
-716955,0,0
-598428,0,0
82979,0,0
285039,0,0
162214,0,0
-128989,0,0
-579454,0,0
-745219,0,0
-768890,0,0
-611456,0,0
-125243,0,0
437921,0,0
305540,0,0
-54108,0,0
-504910,0,0
-788450,0,0
-774120,0,0
-722359,0,0
-287780,0,0
160066,0,0
285537,0,0
28783,0,0
-321645,0,0
-687621,0,0
-906091,0,0
-740469,0,0
-563825,0,0
25647,0,0
276907,0,0
207687,0,0
-184091,0,0
-562344,0,0
-779645,0,0
-782718,0,0
-538405,0,0
-169154,0,0
310699,0,0
325579,0,0
-17867,0,0
-494205,0,0
-696777,0,0
-875485,0,0
-662093,0,0
-284643,0,0
41859,0,0
398098,0,0
161265,0,0
-291618,0,0
-667155,0,0
-736805,0,0
-757410,0,0
-301175,0,0
25749,0,0
332569,0,0
338711,0,0
-230480,0,0
-629321,0,0
-734038,0,0
-785859,0,0
-632017,0,0
-108673,0,0
131579,0,0
370440,0,0
41011,0,0
-548842,0,0
-728254,0,0
-812654,0,0
-705869,0,0
-268589,0,0
185351,0,0
272628,0,0
196677,0,0
-370474,0,0
-700004,0,0
-624511,0,0
-796136,0,0
-407345,0,0
50152,0,0
248587,0,0
264645,0,0
-119023,0,0
-631059,0,0
-685150,0,0
-756871,0,0
-739441,0,0
-76341,0,0
255623,0,0
393838,0,0
54230,0,0
-440604,0,0
-718234,0,0
-611159,0,0
-758083,0,0
-247476,0,0
347386,0,0
325960,0,0
197388,0,0
-329221,0,0
-671997,0,0
-727795,0,0
-720811,0,0
-486740,0,0
247664,0,0
396242,0,0
170833,0,0
-173322,0,0
-615631,0,0
-743965,0,0
-707981,0,0
-473414,0,0
38673,0,0
469420,0,0
235860,0,0
-154688,0,0
-510914,0,0
-748170,0,0
-704532,0,0
-554075,0,0
-93761,0,0
256780,0,0
322025,0,0
-61799,0,0
-436379,0,0
-676535,0,0
-835644,0,0
-600062,0,0
-328843,0,0
199428,0,0
316506,0,0
150497,0,0
-351822,0,0
-627197,0,0
-768688,0,0
-706209,0,0
-372970,0,0
-53741,0,0
341064,0,0
313764,0,0
-133149,0,0
-589215,0,0
-758796,0,0
-918664,0,0
-579515,0,0
-73934,0,0
182880,0,0
418640,0,0
17602,0,0
-498389,0,0
-740690,0,0
-753944,0,0
-751443,0,0
-252399,0,0
112315,0,0
338486,0,0
253954,0,0
-336681,0,0
-688327,0,0
-806265,0,0
-806427,0,0
-514325,0,0
60523,0,0
153867,0,0
346406,0,0
-41533,0,0
-592452,0,0
-669875,0,0
-722645,0,0
-571359,0,0
-95262,0,0
245460,0,0
358511,0,0
128173,0,0
-459442,0,0
-703199,0,0
-581333,0,0
-693365,0,0
-204918,0,0
231715,0,0
331726,0,0
162544,0,0
-273936,0,0
-739701,0,0
-714943,0,0
-708477,0,0
-528565,0,0
194512,0,0
338630,0,0
262882,0,0
-112639,0,0
-472841,0,0
-714144,0,0
-580821,0,0
-603517,0,0
-15102,0,0
484652,0,0
325500,0,0
-39972,0,0
-544237,0,0
-706520,0,0
-748864,0,0
-603267,0,0
-240573,0,0
367883,0,0
362362,0,0
7979,0,0
-427303,0,0
-694137,0,0
-743455,0,0
-707613,0,0
-296452,0,0
178994,0,0
520385,0,0
187813,0,0
-306311,0,0
-587496,0,0
-753158,0,0
-659247,0,0
-395054,0,0
71069,0,0
391725,0,0
330857,0,0
-166518,0,0
-559007,0,0
-710502,0,0
-767209,0,0
-406629,0,0
-42885,0,0
343029,0,0
347267,0,0
-37074,0,0
-556528,0,0
-522857,0,0
-779320,0,0
-646363,0,0
-76788,0,0
145850,0,0
348028,0,0
84012,0,0
-449116,0,0
-771371,0,0
-806615,0,0
-850642,0,0
-298299,0,0
139595,0,0
215774,0,0
265617,0,0
-265808,0,0
-661170,0,0
-796899,0,0
-742045,0,0
-577490,0,0
70990,0,0
256061,0,0
307779,0,0
-65114,0,0
-612595,0,0
-688697,0,0
-711672,0,0
-652539,0,0
-169061,0,0
249486,0,0
183282,0,0
122109,0,0
-345878,0,0
-754360,0,0
-683313,0,0
-765882,0,0
-367550,0,0
131397,0,0
301963,0,0
192468,0,0
-178523,0,0
-638948,0,0
-744597,0,0
-575828,0,0
-593761,0,0
-28167,0,0
291729,0,0
243631,0,0
-65251,0,0
