-465516,0,0
-902395,0,0
-870325,0,0
-956293,0,0
-623275,0,0
-70069,0,0
115061,0,0
188139,0,0
-102702,0,0
-633369,0,0
-885148,0,0
-762615,0,0
-753269,0,0
-93538,0,0
301378,0,0
320982,0,0
122808,0,0
-152176,0,0
-755404,0,0
-654038,0,0
-505447,0,0
-230839,0,0
337353,0,0
362451,0,0
99523,0,0
-248493,0,0
-646333,0,0
-773289,0,0
-564394,0,0
-193460,0,0
163343,0,0
522260,0,0
320302,0,0
-68715,0,0
-175225,0,0
-420289,0,0
-425431,0,0
-259832,0,0
170063,0,0
432087,0,0
322349,0,0
-179888,0,0
-562362,0,0
-769524,0,0
-807723,0,0
-607385,0,0
-264479,0,0
240040,0,0
423889,0,0
51265,0,0
-549520,0,0
-672154,0,0
-827017,0,0
-659415,0,0
-258933,0,0
204924,0,0
451491,0,0
324249,0,0
-376358,0,0
-570124,0,0
-551855,0,0
-795867,0,0
-424518,0,0
5750,0,0
227756,0,0
178415,0,0
-284346,0,0
-745018,0,0
-672580,0,0
-777586,0,0
-740694,0,0
-107132,0,0
217737,0,0
375292,0,0
234981,0,0
-459602,0,0
-767980,0,0
-809273,0,0
-825017,0,0
-373102,0,0
151941,0,0
204645,0,0
91261,0,0
-417390,0,0
-821995,0,0
-800073,0,0
-891333,0,0
-677961,0,0
-142721,0,0
191424,0,0
160247,0,0
-48776,0,0
-570492,0,0
-808675,0,0
-831946,0,0
-759504,0,0
-200401,0,0
170838,0,0
251693,0,0
56494,0,0
-335691,0,0
-777435,0,0
-742440,0,0
-818866,0,0
-602811,0,0
-62044,0,0
210596,0,0
281831,0,0
-29500,0,0
-587951,0,0
-841279,0,0
-664857,0,0
-651538,0,0
-158325,0,0
260636,0,0
385191,0,0
234694,0,0
-26495,0,0
-651789,0,0
-610653,0,0
-547220,0,0
-314124,0,0
278025,0,0
389348,0,0
175856,0,0
-191687,0,0
-621476,0,0
-747391,0,0
-500611,0,0
-177816,0,0
165659,0,0
548792,0,0
417403,0,0
72191,0,0
-53149,0,0
-294678,0,0
-188853,0,0
37012,0,0
389158,0,0
637433,0,0
547353,0,0
83030,0,0
-207695,0,0
-377989,0,0
-610432,0,0
-479170,0,0
-84178,0,0
405861,0,0
561494,0,0
189324,0,0
-389473,0,0
-435621,0,0
-578228,0,0
-577835,0,0
-129057,0,0
321603,0,0
524463,0,0
332555,0,0
-418873,0,0
-726922,0,0
-781613,0,0
-881437,0,0
-497742,0,0
-82265,0,0
160265,0,0
140065,0,0
-357627,0,0
-829582,0,0
-736191,0,0
-841481,0,0
-852654,0,0
-247100,0,0
77012,0,0
262318,0,0
66797,0,0
-525196,0,0
-786803,0,0
-764105,0,0
-891884,0,0
-486995,0,0
76891,0,0
211117,0,0
178639,0,0
-288141,0,0
-775065,0,0
-804412,0,0
-865934,0,0
-636415,0,0
-71777,0,0
281767,0,0
247114,0,0
16795,0,0
-497656,0,0
-706039,0,0
-552071,0,0
-614987,0,0
-17210,0,0
406211,0,0
411181,0,0
251129,0,0
-37726,0,0
-611035,0,0
-593441,0,0
-682291,0,0
-347551,0,0
238828,0,0
407881,0,0
246359,0,0
85152,0,0
-470475,0,0
-664242,0,0
-395655,0,0
-124123,0,0
467274,0,0
698301,0,0
558631,0,0
288797,0,0
220166,0,0
-215125,0,0
-174837,0,0
-8008,0,0
296634,0,0
660345,0,0
541372,0,0
-10865,0,0
-274935,0,0
-419351,0,0
-615983,0,0
-305563,0,0
185450,0,0
472855,0,0
671455,0,0
371060,0,0
-45211,0,0
-23316,0,0
-291119,0,0
-254233,0,0
95385,0,0
456976,0,0
593416,0,0
372741,0,0
-226595,0,0
-487931,0,0
-560815,0,0
-753591,0,0
-437006,0,0
-58994,0,0
188686,0,0
201231,0,0
-281186,0,0
-796556,0,0
-706311,0,0
-886796,0,0
-636622,0,0
-108770,0,0
138693,0,0
199942,0,0
-35266,0,0
-738484,0,0
-778921,0,0
-789271,0,0
-904773,0,0
-351021,0,0
25558,0,0
49497,0,0
-130560,0,0
-548555,0,0
-971247,0,0
-854945,0,0
-891477,0,0
-706892,0,0
-60637,0,0
70192,0,0
117660,0,0
-152978,0,0
-726572,0,0
-868564,0,0
-838548,0,0
-843112,0,0
-302308,0,0
168856,0,0
142811,0,0
-14811,0,0
-514640,0,0
-919680,0,0
-802958,0,0
-862674,0,0
-577797,0,0
7734,0,0
250089,0,0
154552,0,0
-161874,0,0
-665608,0,0
-800924,0,0
-610946,0,0
-462234,0,0
122791,0,0
441802,0,0
326498,0,0
152611,0,0
-149922,0,0
-576085,0,0
-457181,0,0
-510445,0,0
-124692,0,0
424791,0,0
486220,0,0
111459,0,0
-28618,0,0
-510528,0,0
-680197,0,0
-347936,0,0
-18637,0,0
528450,0,0
743986,0,0
506658,0,0
173646,0,0
111157,0,0
-388156,0,0
-311925,0,0
90896,0,0
399553,0,0
731184,0,0
554008,0,0
-136018,0,0
-386324,0,0
-522584,0,0
-591137,0,0
-262100,0,0
247281,0,0
470837,0,0
581328,0,0
245996,0,0
-126274,0,0
50353,0,0
-227595,0,0
-205974,0,0
181045,0,0
462706,0,0
517437,0,0
227728,0,0
-344924,0,0
-451613,0,0
-574473,0,0
-674972,0,0
-211175,0,0
155427,0,0
295341,0,0
187472,0,0
-360970,0,0
-763171,0,0
-557991,0,0
-627345,0,0
-218701,0,0
271694,0,0
409008,0,0
338894,0,0
178072,0,0
-597991,0,0
-572328,0,0
-500184,0,0
-517858,0,0
15586,0,0
180164,0,0
52247,0,0
-295582,0,0
-754120,0,0
-1009274,0,0
-834149,0,0
-813372,0,0
-449011,0,0
162238,0,0
98929,0,0
-103623,0,0
-338672,0,0
-907262,0,0
-920988,0,0
-841583,0,0
-599456,0,0
-23090,0,0
261346,0,0
24617,0,0
-364989,0,0
-777307,0,0
-995404,0,0
-850209,0,0
-725436,0,0
-231098,0,0
248015,0,0
254167,0,0
-138198,0,0
-450816,0,0
-686621,0,0
-799121,0,0
-605003,0,0
-99502,0,0
360990,0,0
470967,0,0
7281,0,0
-349575,0,0
-512447,0,0
-844767,0,0
-758714,0,0
-417038,0,0
-11802,0,0
278440,0,0
84306,0,0
-431063,0,0
-442527,0,0
-821961,0,0
-904339,0,0
-409844,0,0
53421,0,0
375977,0,0
416245,0,0
-110133,0,0
-453157,0,0
-351778,0,0
-640998,0,0
-449789,0,0
177786,0,0
377732,0,0
449014,0,0
55266,0,0
-697919,0,0
-592778,0,0
-642524,0,0
-662278,0,0
8239,0,0
411767,0,0
466588,0,0
330959,0,0
-171754,0,0
-395397,0,0
-176379,0,0
-224170,0,0
276679,0,0
682880,0,0
676073,0,0
498738,0,0
56009,0,0
-520426,0,0
-388443,0,0
-446588,0,0
-295840,0,0
285218,0,0
491836,0,0
271856,0,0
151435,0,0
-356331,0,0
-613440,0,0
-339610,0,0
-221785,0,0
329103,0,0
635569,0,0
518872,0,0
286161,0,0
293047,0,0
-255218,0,0
-123162,0,0
62923,0,0
272301,0,0
738039,0,0
649829,0,0
-5640,0,0
-305413,0,0
-437104,0,0
-574410,0,0
-232254,0,0
164222,0,0
443133,0,0
635710,0,0
291919,0,0
-110181,0,0
-8985,0,0
-286117,0,0
-148950,0,0
233919,0,0
455318,0,0
562090,0,0
268939,0,0
-354063,0,0
-552876,0,0
-667807,0,0
-906994,0,0
-487880,0,0
57257,0,0
271481,0,0
275640,0,0
-303284,0,0
-868216,0,0
-811267,0,0
-897794,0,0
-547596,0,0
49636,0,0
188789,0,0
180045,0,0
3458,0,0
-797164,0,0
-735138,0,0
-717214,0,0
-849987,0,0
-254619,0,0
75747,0,0
63474,0,0
-225525,0,0
-732071,0,0
-1068424,0,0
-768678,0,0
-796263,0,0
-478672,0,0
85710,0,0
100585,0,0
-47464,0,0
-163750,0,0
-759912,0,0
-810365,0,0
-698710,0,0
-609650,0,0
42900,0,0
344455,0,0
58389,0,0
-369890,0,0
-787384,0,0
-1017433,0,0
-816405,0,0
-660468,0,0
-229480,0,0
273430,0,0
199299,0,0
-176977,0,0
-511112,0,0
-784635,0,0
-759095,0,0
-511811,0,0
-52308,0,0
395965,0,0
526794,0,0
56145,0,0
-257975,0,0
-483032,0,0
-793685,0,0
-555531,0,0
-235710,0,0
112461,0,0
351558,0,0
65367,0,0
-521801,0,0
-433578,0,0
-689587,0,0
-837183,0,0
-287968,0,0
95600,0,0
336728,0,0
327714,0,0
-218306,0,0
-557833,0,0
-392775,0,0
-766154,0,0
-464820,0,0
116093,0,0
250372,0,0
232281,0,0
-178891,0,0
-785289,0,0
-751430,0,0
-798130,0,0
-778559,0,0
-115041,0,0
256837,0,0
277436,0,0
95153,0,0
-407883,0,0
-642371,0,0
-334010,0,0
-405868,0,0
52867,0,0
482494,0,0
466539,0,0
310111,0,0
-82746,0,0
-619400,0,0
-536130,0,0
-540343,0,0
-313876,0,0
258306,0,0
430984,0,0
102875,0,0
-87749,0,0
-639883,0,0
-804578,0,0
-481854,0,0
-298723,0,0
195268,0,0
545651,0,0
386947,0,0
91087,0,0
-44236,0,0
-526996,0,0
-329410,0,0
-107516,0,0
107920,0,0
451018,0,0
314996,0,0
-251041,0,0
-496107,0,0
-669552,0,0
-881113,0,0
-432078,0,0
-3164,0,0
213446,0,0
424486,0,0
137699,0,0
-235160,0,0
-42207,0,0
-424117,0,0
-445411,0,0
112181,0,0
354404,0,0
539477,0,0
261636,0,0
-310062,0,0
-585274,0,0
-726022,0,0
-906675,0,0
-473170,0,0
879,0,0
93371,0,0
109025,0,0
-342252,0,0
-805410,0,0
-814411,0,0
-973719,0,0
-704605,0,0
-41282,0,0
164414,0,0
172503,0,0
-38504,0,0
-798978,0,0
-885535,0,0
-886951,0,0
-903080,0,0
-303131,0,0
95227,0,0
90047,0,0
-57526,0,0
-560967,0,0
-981835,0,0
-804239,0,0
-914355,0,0
-642693,0,0
13745,0,0
125645,0,0
119797,0,0
-125317,0,0
-715502,0,0
-863664,0,0
-807066,0,0
-823869,0,0
-210727,0,0
269643,0,0
167389,0,0
-58072,0,0
-575371,0,0
-985538,0,0
-796905,0,0
-822565,0,0
-529032,0,0
151977,0,0
303824,0,0
67330,0,0
-285758,0,0
-707721,0,0
-830097,0,0
-629233,0,0
-487122,0,0
112596,0,0
453994,0,0
215674,0,0
-69868,0,0
-472995,0,0
-786616,0,0
-703229,0,0
-613351,0,0
-236431,0,0
332475,0,0
366923,0,0
-20364,0,0
-239327,0,0
-725388,0,0
-821571,0,0
-564258,0,0
-227765,0,0
301892,0,0
516090,0,0
192980,0,0
-161722,0,0
-130933,0,0
-595904,0,0
-422406,0,0
-32334,0,0
216034,0,0
469263,0,0
217378,0,0
-397341,0,0
-512304,0,0
-699740,0,0
-819095,0,0
-324985,0,0
141836,0,0
318408,0,0
308371,0,0
-174428,0,0
-622630,0,0
-449680,0,0
-718514,0,0
-568241,0,0
73624,0,0
277930,0,0
314020,0,0
-81760,0,0
-640841,0,0
-743103,0,0
-829678,0,0
-806805,0,0
-220176,0,0
184290,0,0
251795,0,0
168239,0,0
-383235,0,0
-777798,0,0
-661052,0,0
-743462,0,0
-310049,0,0
314563,0,0
433441,0,0
328584,0,0
146924,0,0
-611905,0,0
-438488,0,0
-366332,0,0
-395150,0,0
124955,0,0
319282,0,0
177976,0,0
-105825,0,0
-611436,0,0
-912562,0,0
-663626,0,0
-612755,0,0
-224302,0,0
313429,0,0
228450,0,0
-16932,0,0
-258688,0,0
-796672,0,0
-794236,0,0
-579887,0,0
-428851,0,0
148658,0,0
350766,0,0
30694,0,0
-380441,0,0
-728181,0,0
-913567,0,0
-749264,0,0
-563340,0,0
-172762,0,0
330924,0,0
252445,0,0
-138984,0,0
-501848,0,0
-782311,0,0
-805801,0,0
-460265,0,0
-100018,0,0
362289,0,0
446405,0,0
-43394,0,0
-384516,0,0
-625531,0,0
-769618,0,0
-569077,0,0
-265241,0,0
88475,0,0
379160,0,0
171948,0,0
-386882,0,0
-362714,0,0
-710981,0,0
-801288,0,0
-215527,0,0
208972,0,0
438129,0,0
387025,0,0
-150635,0,0
-522440,0,0
-292149,0,0
-737899,0,0
-489753,0,0
186530,0,0
285670,0,0
332730,0,0
-67666,0,0
-715808,0,0
-648372,0,0
-768862,0,0
-753367,0,0
-20891,0,0
226382,0,0
217111,0,0
108516,0,0
-406873,0,0
-716294,0,0
-361228,0,0
-590881,0,0
-206634,0,0
263326,0,0
224412,0,0
116752,0,0
-293530,0,0
-722738,0,0
-739811,0,0
-770531,0,0
-664781,0,0
-32249,0,0
225484,0,0
137243,0,0
-76979,0,0
-608446,0,0
-830429,0,0
-780064,0,0
-825745,0,0
-374707,0,0
192087,0,0
223839,0,0
75765,0,0
-334683,0,0
-901116,0,0
-789350,0,0
-775601,0,0
-710432,0,0
-82614,0,0
178932,0,0
93731,0,0
-79817,0,0
-553642,0,0
-911283,0,0
-675356,0,0
-778267,0,0
-478863,0,0
133740,0,0
239326,0,0
191828,0,0
-117826,0,0
-693634,0,0
-727068,0,0
-553105,0,0
-580211,0,0
64700,0,0
406524,0,0
217846,0,0
-83927,0,0
-572122,0,0
-825600,0,0
-642711,0,0
-640905,0,0
-258493,0,0
421863,0,0
382899,0,0
79219,0,0
-370375,0,0
-689244,0,0
-645499,0,0
-356138,0,0
-189026,0,0
262011,0,0
520897,0,0
134933,0,0
-184669,0,0
-556264,0,0
-764793,0,0
-632693,0,0
-419852,0,0
-50174,0,0
385337,0,0
252052,0,0
-174126,0,0
-418163,0,0
-780387,0,0
-841423,0,0
-526416,0,0
-95638,0,0
272119,0,0
396753,0,0
-14162,0,0
-475407,0,0
-552488,0,0
-868433,0,0
-656705,0,0
-184558,0,0
127123,0,0
345122,0,0
117431,0,0
-447401,0,0
-653981,0,0
-735355,0,0
-853371,0,0
-421757,0,0
3687,0,0
222352,0,0
389998,0,0
-79666,0,0
-571711,0,0
-481681,0,0
-769180,0,0
-572942,0,0
19016,0,0
200439,0,0
369484,0,0
50929,0,0
-511864,0,0
-664287,0,0
-805657,0,0
-839680,0,0
-319102,0,0
147091,0,0
239728,0,0
252764,0,0
-271934,0,0
-704671,0,0
-714074,0,0
-807522,0,0
-641058,0,0
5485,0,0
206758,0,0
314963,0,0
8393,0,0
-671943,0,0
-710201,0,0
-723085,0,0
-793499,0,0
-267501,0,0
171875,0,0
248697,0,0
197788,0,0
-264515,0,0
-787903,0,0
-549621,0,0
-744026,0,0
-602827,0,0
148190,0,0
375510,0,0
326043,0,0
100236,0,0
-533598,0,0
-613497,0,0
-356161,0,0
-570463,0,0
41768,0,0
371451,0,0
238993,0,0
48597,0,0
-437223,0,0
-875101,0,0
-669892,0,0
-708610,0,0
-429198,0,0
305279,0,0
335405,0,0
149536,0,0
-207446,0,0
-683422,0,0
-767281,0,0
-490151,0,0
-517622,0,0
32159,0,0
425535,0,0
234567,0,0
-59558,0,0
-557850,0,0
-814471,0,0
-659161,0,0
-621766,0,0
-341122,0,0
223454,0,0
274065,0,0
47604,0,0
-278406,0,0
-747429,0,0
-791297,0,0
-667490,0,0
-433031,0,0
54797,0,0
375577,0,0
152254,0,0
-222495,0,0
-414005,0,0
-842146,0,0
-676976,0,0
-538754,0,0
-208322,0,0
276951,0,0
290456,0,0
-109703,0,0
-435554,0,0
-719017,0,0
-875547,0,0
-634043,0,0
-412207,0,0
66235,0,0
420871,0,0
192639,0,0
-234462,0,0
-393284,0,0
-791085,0,0
-744706,0,0
-363732,0,0
-74934,0,0
377025,0,0
302654,0,0
-180468,0,0
-546910,0,0
-709330,0,0
-877536,0,0
-635162,0,0
-264874,0,0
53056,0,0
463292,0,0
192634,0,0
-320551,0,0
-692748,0,0
-802332,0,0
-737038,0,0
-280068,0,0
27773,0,0
318944,0,0
317522,0,0
-212089,0,0
-486598,0,0
-659880,0,0
-779649,0,0
-568479,0,0
-165900,0,0
80840,0,0
334364,0,0
86052,0,0
-515684,0,0
-589830,0,0
-786411,0,0
-819879,0,0
-367389,0,0
16008,0,0
237918,0,0
244086,0,0
-230937,0,0
-606968,0,0
-577401,0,0
-881021,0,0
-608867,0,0
-116146,0,0
72495,0,0
251792,0,0
38795,0,0
-582583,0,0
-662343,0,0
-774906,0,0
-880483,0,0
-356451,0,0
-8003,0,0
153800,0,0
294418,0,0
-171422,0,0
-625538,0,0
-637772,0,0
-837800,0,0
-709634,0,0
-133374,0,0
34257,0,0
272564,0,0
110613,0,0
-440825,0,0
-677504,0,0
-808136,0,0
-926333,0,0
-535185,0,0
-99967,0,0
102493,0,0
311359,0,0
-74385,0,0
-568481,0,0
-750315,0,0
-858439,0,0
-768557,0,0
-302857,0,0
-38859,0,0
231437,0,0
252562,0,0
-322570,0,0
-618058,0,0
-749548,0,0
-873378,0,0
-661395,0,0
-250665,0,0
-27649,0,0
270505,0,0
106828,0,0
-425981,0,0
-558395,0,0
-827978,0,0
-875218,0,0
-483790,0,0
-97754,0,0
220339,0,0
300057,0,0
-98506,0,0
-539599,0,0
-593996,0,0
-843128,0,0
-629035,0,0
-260860,0,0
29691,0,0
336950,0,0
229880,0,0
-298267,0,0
-524915,0,0
-722052,0,0
-830459,0,0
-410908,0,0
-10250,0,0
265763,0,0
423782,0,0
66359,0,0
-435399,0,0
-339102,0,0
-687854,0,0
-590405,0,0
51087,0,0
257446,0,0
518649,0,0
230946,0,0
-335542,0,0
-576148,0,0
-624543,0,0
-731847,0,0
-300856,0,0
162333,0,0
305790,0,0
449967,0,0
-83972,0,0
-548477,0,0
-594224,0,0
-719738,0,0
-576569,0,0
205702,0,0
399829,0,0
399259,0,0
187445,0,0
-509069,0,0
-513403,0,0
-620869,0,0
-701688,0,0
-109834,0,0
318323,0,0
291456,0,0
232093,0,0
-263148,0,0
-757487,0,0
-502144,0,0
-665758,0,0
-434857,0,0
318936,0,0
469097,0,0
314733,0,0
1976,0,0
-610835,0,0
-607018,0,0
-309311,0,0
-557279,0,0
68846,0,0
474665,0,0
297552,0,0
7837,0,0
-496523,0,0
-863456,0,0
-676936,0,0
-675508,0,0
-351514,0,0
353488,0,0
305929,0,0
107770,0,0
-261423,0,0
-678142,0,0
-753936,0,0
-514276,0,0
-494031,0,0
81284,0,0
470065,0,0
156887,0,0
-123845,0,0
-554992,0,0
-770874,0,0
-695757,0,0
-649813,0,0
-300567,0,0
340076,0,0
318696,0,0
16462,0,0
-298518,0,0
-722578,0,0
-803064,0,0
-654340,0,0
-370000,0,0
154410,0,0
449578,0,0
129260,0,0
-250392,0,0
-393250,0,0
-803665,0,0
-603808,0,0
-484402,0,0
-170046,0,0
237401,0,0
316510,0,0
-77273,0,0
-438469,0,0
-741636,0,0
-902190,0,0
-533450,0,0
-332041,0,0
15951,0,0
383961,0,0
168943,0,0
-276247,0,0
-469900,0,0
-814991,0,0
-724856,0,0
-355103,0,0
-124881,0,0
326468,0,0
354309,0,0
-98973,0,0
-520091,0,0
-723348,0,0
-911099,0,0
-641832,0,0
-238084,0,0
15159,0,0
418996,0,0
154834,0,0
-286663,0,0
-631815,0,0
-743956,0,0
-774490,0,0
-286311,0,0
5478,0,0
272256,0,0
343805,0,0
-217719,0,0
-516900,0,0
-668771,0,0
-810390,0,0
-630941,0,0
-194092,0,0
38081,0,0
365796,0,0
179189,0,0
-409304,0,0
-570415,0,0
-819319,0,0
-788899,0,0
-335817,0,0
73617,0,0
344633,0,0
319398,0,0
-211541,0,0
-584603,0,0
-491424,0,0
-843845,0,0
-566429,0,0
-72433,0,0
159978,0,0
330308,0,0
74549,0,0
-583662,0,0
-673990,0,0
-791759,0,0
-855503,0,0
-298360,0,0
26228,0,0
197912,0,0
287353,0,0
-175039,0,0
-616904,0,0
-534031,0,0
-796236,0,0
-620566,0,0
-12041,0,0
115960,0,0
369692,0,0
66709,0,0
-504305,0,0
-702182,0,0
-740303,0,0
-826751,0,0
-310509,0,0
119147,0,0
173330,0,0
332967,0,0
-201606,0,0
-603758,0,0
-740423,0,0
-803425,0,0
-658833,0,0
52406,0,0
201118,0,0
268400,0,0
68428,0,0
-547861,0,0
-637551,0,0
-715461,0,0
-823364,0,0
-441011,0,0
11274,0,0
57320,0,0
279028,0,0
-84208,0,0
-657566,0,0
-591710,0,0
-866561,0,0
-802144,0,0
-176459,0,0
195609,0,0
260945,0,0
170637,0,0
-411945,0,0
-680407,0,0
-523124,0,0
-790342,0,0
-381189,0,0
101774,0,0
199067,0,0
290277,0,0
-64087,0,0
-660445,0,0
-626898,0,0
-717546,0,0
-749241,0,0
-31393,0,0
220642,0,0
272837,0,0
199389,0,0
-319210,0,0
-679602,0,0
-384392,0,0
-683464,0,0
-378304,0,0
254934,0,0
202940,0,0
295370,0,0
-142542,0,0
-610397,0,0
-674766,0,0
-682296,0,0
-684893,0,0
-2446,0,0
295764,0,0
230501,0,0
128231,0,0
-481272,0,0
-695395,0,0
-647737,0,0
-673879,0,0
-294880,0,0
359723,0,0
351447,0,0
200623,0,0
-173679,0,0
-754765,0,0
-646807,0,0
-652060,0,0
-561620,0,0
91336,0,0
373135,0,0
175144,0,0
-17896,0,0
-515545,0,0
-868910,0,0
-534473,0,0
-672337,0,0
-237359,0,0
289660,0,0
338945,0,0
90067,0,0
-256336,0,0
-708402,0,0
-684102,0,0
-359936,0,0
-466874,0,0
167323,0,0
422400,0,0
173273,0,0
-169549,0,0
-547727,0,0
-860181,0,0
-667104,0,0
-569255,0,0
-253615,0,0
460568,0,0
306188,0,0
9846,0,0
-432120,0,0
-678600,0,0
-740578,0,0
-404267,0,0
-264311,0,0
202604,0,0
496993,0,0
112451,0,0
-231194,0,0
-614074,0,0
-734963,0,0
-649632,0,0
-406936,0,0
-105043,0,0
440123,0,0
340801,0,0
-145682,0,0
-420853,0,0
-744516,0,0
-740470,0,0
-499053,0,0
-87943,0,0
287925,0,0
440139,0,0
-27978,0,0
-451664,0,0
-494284,0,0
-823224,0,0
-568816,0,0
-198055,0,0
121701,0,0
376973,0,0
182478,0,0
-379238,0,0
-611426,0,0
-760369,0,0
-874803,0,0
-341073,0,0
-34661,0,0
216022,0,0
393816,0,0
-12132,0,0
-530970,0,0
-532050,0,0
-778989,0,0
-617260,0,0
-10313,0,0
121064,0,0
437437,0,0
196277,0,0
-339499,0,0
-647396,0,0
-697460,0,0
-860097,0,0
-345681,0,0
70563,0,0
178458,0,0
388249,0,0
-132419,0,0
-520021,0,0
-664956,0,0
-762358,0,0
-621201,0,0
161218,0,0
343304,0,0
346711,0,0
94227,0,0
-555359,0,0
-572259,0,0
-647073,0,0
-700768,0,0
-193034,0,0
267408,0,0
239494,0,0
244685,0,0
-244855,0,0
-759899,0,0
-468300,0,0
-723790,0,0
-496041,0,0
164045,0,0
339914,0,0
281475,0,0
5444,0,0
-592979,0,0
-584801,0,0
-338198,0,0
-634829,0,0
53630,0,0
451960,0,0
349133,0,0
50143,0,0
-451467,0,0
-873496,0,0
-640233,0,0
-664388,0,0
-374898,0,0
427767,0,0
412651,0,0
156137,0,0
-278936,0,0
-642975,0,0
-733609,0,0
-246655,0,0
-389207,0,0
121472,0,0
526095,0,0
161062,0,0
-161604,0,0
-598973,0,0
-739448,0,0
-711606,0,0
-573316,0,0
-283843,0,0
304471,0,0
315376,0,0
-57197,0,0
-360831,0,0
-719896,0,0
-769277,0,0
-670670,0,0
-305769,0,0
215268,0,0
513608,0,0
85283,0,0
-365093,0,0
-399361,0,0
-747585,0,0
-380231,0,0
-185087,0,0
48718,0,0
404311,0,0
346110,0,0
-185038,0,0
-510641,0,0
-707864,0,0
-861638,0,0
-355391,0,0
-60559,0,0
267439,0,0
461637,0,0
162123,0,0
-412371,0,0
-308696,0,0
-642658,0,0
-564230,0,0
176190,0,0
282912,0,0
543242,0,0
226833,0,0
-306824,0,0
-666376,0,0
-696058,0,0
-898726,0,0
-290767,0,0
191070,0,0
248517,0,0
358849,0,0
-212322,0,0
-586076,0,0
-718851,0,0
-689106,0,0
-432836,0,0
465252,0,0
542335,0,0
456201,0,0
190819,0,0
-395100,0,0
-319236,0,0
-395766,0,0
-563719,0,0
-47256,0,0
338781,0,0
251991,0,0
152654,0,0
-297444,0,0
-825122,0,0
-497618,0,0
-712551,0,0
-340694,0,0
292159,0,0
444486,0,0
222924,0,0
-32064,0,0
-443980,0,0
-334050,0,0
26164,0,0
-296539,0,0
327908,0,0
637109,0,0
422459,0,0
11846,0,0
-381564,0,0
-867980,0,0
-629502,0,0
-547336,0,0
-227889,0,0
498785,0,0
400734,0,0
91322,0,0
-415727,0,0
-652935,0,0
-711542,0,0
-214735,0,0
-23737,0,0
407387,0,0
574661,0,0
109500,0,0
-292213,0,0
-624599,0,0
-831903,0,0
-722419,0,0
-325987,0,0
-130849,0,0
378275,0,0
180593,0,0
-402132,0,0
-649274,0,0
-882945,0,0
-855797,0,0
-496922,0,0
-35444,0,0
235954,0,0
270157,0,0
-280875,0,0
-662849,0,0
-493423,0,0
-864360,0,0
-603531,0,0
-119772,0,0
108640,0,0
245179,0,0
-2718,0,0
-637143,0,0
-773135,0,0
-835803,0,0
-934145,0,0
-281958,0,0
29487,0,0
175380,0,0
169559,0,0
-303260,0,0
-758926,0,0
-584968,0,0
-874369,0,0
-665997,0,0
75867,0,0
106275,0,0
316535,0,0
-65224,0,0
-603305,0,0
-789810,0,0
-798265,0,0
-885328,0,0
-258458,0,0
165243,0,0
108565,0,0
236950,0,0
-340533,0,0
-672791,0,0
-753372,0,0
-796764,0,0
-516071,0,0
315903,0,0
362784,0,0
238841,0,0
-120384,0,0
-668426,0,0
-644046,0,0
-706884,0,0
-653506,0,0
-78938,0,0
273906,0,0
127574,0,0
23115,0,0
-488284,0,0
-875260,0,0
-610197,0,0
-786599,0,0
-392139,0,0
181286,0,0
256627,0,0
111140,0,0
-236254,0,0
-730520,0,0
-778646,0,0
-504651,0,0
-661807,0,0
-12067,0,0
338463,0,0
171287,0,0
-86708,0,0
-526780,0,0
-927531,0,0
-696357,0,0
-745377,0,0
-466437,0,0
263183,0,0
223820,0,0
100055,0,0
-263267,0,0
-665559,0,0
-825486,0,0
-528833,0,0
-587516,0,0
18163,0,0
511093,0,0
156958,0,0
-80019,0,0
-584411,0,0
-781109,0,0
-741948,0,0
-646390,0,0
-375901,0,0
289336,0,0
376994,0,0
25332,0,0
-317634,0,0
-767264,0,0
-774168,0,0
-707827,0,0
-480873,0,0
32998,0,0
529386,0,0
228267,0,0
-197549,0,0
-533284,0,0
-854137,0,0
-692954,0,0
-576329,0,0
-166240,0,0
274179,0,0
334596,0,0
-74656,0,0
-429947,0,0
-757581,0,0
-919252,0,0
-538274,0,0
-458952,0,0
32688,0,0
318684,0,0
191943,0,0
-249947,0,0
-537720,0,0
-811186,0,0
-752192,0,0
-372284,0,0
-188227,0,0
387007,0,0
406649,0,0
-19616,0,0
-493135,0,0
-667473,0,0
-912663,0,0
-589962,0,0
-282073,0,0
21114,0,0
537317,0,0
183417,0,0
-229298,0,0
-599185,0,0
-698626,0,0
-707246,0,0
-102188,0,0
89835,0,0
447297,0,0
428692,0,0
-142933,0,0
-521269,0,0
-664533,0,0
-736834,0,0
-557522,0,0
-103848,0,0
44088,0,0
408051,0,0
141979,0,0
-451318,0,0
-595648,0,0
-791762,0,0
-768789,0,0
-315222,0,0
159014,0,0
329645,0,0
292185,0,0
-290236,0,0
-635732,0,0
-481513,0,0
-811359,0,0
-459495,0,0
-48737,0,0
187476,0,0
324950,0,0
4238,0,0
-616427,0,0
-701582,0,0
-795594,0,0
-866425,0,0
-184450,0,0
80117,0,0
227383,0,0
237796,0,0
-238615,0,0
-696040,0,0
-599653,0,0
-780984,0,0
-579747,0,0
119753,0,0
160891,0,0
336494,0,0
-16589,0,0
-530906,0,0
-740724,0,0
-733700,0,0
-845851,0,0
-203649,0,0
162944,0,0
164559,0,0
308524,0,0
-297932,0,0
-644362,0,0
-784369,0,0
-769524,0,0
-577124,0,0
194773,0,0
255483,0,0
268864,0,0
-10466,0,0
-572372,0,0
-658589,0,0
-752782,0,0
-753883,0,0
-244205,0,0
214849,0,0
136133,0,0
204502,0,0
-280090,0,0
-762245,0,0
-630927,0,0
-784039,0,0
-575342,0,0
7645,0,0
320761,0,0
307196,0,0
39425,0,0
-586266,0,0
-689623,0,0
-471724,0,0
-762540,0,0
-108717,0,0
375529,0,0
373712,0,0
150349,0,0
-300732,0,0
-821313,0,0
-680787,0,0
-701072,0,0
-584765,0,0
245848,0,0
309644,0,0
229356,0,0
-96819,0,0
-530444,0,0
-730841,0,0
-468254,0,0
-701245,0,0
-202131,0,0
420797,0,0
184286,0,0
118442,0,0
-392189,0,0
-715010,0,0
-744688,0,0
-690302,0,0
-564335,0,0
118864,0,0
273566,0,0
108829,0,0
-35130,0,0
-582616,0,0
-716762,0,0
-769011,0,0
-700981,0,0
-214435,0,0
459919,0,0
341746,0,0
67630,0,0
-362279,0,0
-802310,0,0
-701816,0,0
-680089,0,0
-455914,0,0
79093,0,0
338240,0,0
113256,0,0
-104735,0,0
-573436,0,0
-886232,0,0
-581274,0,0
-677780,0,0
-138251,0,0
326198,0,0
302451,0,0
14510,0,0
-387620,0,0
-746240,0,0
-676323,0,0
-353192,0,0
-351681,0,0
273476,0,0
436556,0,0
155743,0,0
-261665,0,0
-607578,0,0
-882803,0,0
-630597,0,0
-508201,0,0
-178421,0,0
488019,0,0
315155,0,0
-21358,0,0
-507560,0,0
-643665,0,0
-698722,0,0
-264087,0,0
-154839,0,0
365322,0,0
599106,0,0
148146,0,0
-306303,0,0
-649771,0,0
-691509,0,0
-638347,0,0
-228643,0,0
-1716,0,0
464994,0,0
255700,0,0
-259197,0,0
-535990,0,0
-779813,0,0
-726155,0,0
-394195,0,0
97458,0,0
344632,0,0
415271,0,0
-150597,0,0
-539991,0,0
-435731,0,0
-658411,0,0
-313448,0,0
46330,0,0
304362,0,0
411355,0,0
143792,0,0
-452673,0,0
-613854,0,0
-679556,0,0
-792059,0,0
-21857,0,0
222334,0,0
401305,0,0
268356,0,0
-60238,0,0
-491734,0,0
-258313,0,0
-560025,0,0
-226592,0,0
544449,0,0
488483,0,0
484597,0,0
108975,0,0
-303891,0,0
-564174,0,0
-536398,0,0
-723638,0,0
36448,0,0
382075,0,0
265648,0,0
127900,0,0
-345902,0,0
-502974,0,0
-566217,0,0
-469356,0,0
-115366,0,0
641057,0,0
612017,0,0
366550,0,0
-87569,0,0
-545483,0,0
-413130,0,0
-479441,0,0
-349479,0,0
203781,0,0
413348,0,0
76520,0,0
-228289,0,0
-681519,0,0
-930583,0,0
-542984,0,0
-648918,0,0
-115045,0,0
218140,0,0
222704,0,0
-149832,0,0
-526016,0,0
-831665,0,0
-803253,0,0
-501033,0,0
-365501,0,0
218573,0,0
302794,0,0
-14509,0,0
-437451,0,0
-699634,0,0
-982404,0,0
-740706,0,0
-502014,0,0
-155079,0,0
495766,0,0
257682,0,0
-178124,0,0
-653859,0,0
-777570,0,0
-823095,0,0
-312122,0,0
-136322,0,0
334408,0,0
476318,0,0
-28026,0,0
-474977,0,0
-724308,0,0
-761004,0,0
-704322,0,0
-305024,0,0
-13328,0,0
394560,0,0
140461,0,0
-376954,0,0
-646404,0,0
-811033,0,0
-750601,0,0
-554962,0,0
-76814,0,0
249655,0,0
425821,0,0
-115316,0,0
-572252,0,0
-627297,0,0
-853828,0,0
-545080,0,0
-189481,0,0
126607,0,0
345741,0,0
130580,0,0
-434561,0,0
-700943,0,0
-731710,0,0
-864663,0,0
-243657,0,0
70224,0,0
286971,0,0
264923,0,0
-136934,0,0
-654482,0,0
-628321,0,0
-764849,0,0
-539566,0,0
229762,0,0
293400,0,0
447457,0,0
104649,0,0
-429400,0,0
-744221,0,0
-713175,0,0
-833853,0,0
-175690,0,0
241546,0,0
204302,0,0
269826,0,0
-274876,0,0
-590995,0,0
-728967,0,0
-706262,0,0
-351222,0,0
516874,0,0
513915,0,0
349917,0,0
-51155,0,0
-562711,0,0
-550055,0,0
-670613,0,0
-564280,0,0
-2158,0,0
342545,0,0
107978,0,0
-12473,0,0
-493827,0,0
-829643,0,0
-608134,0,0
-742729,0,0
-235593,0,0
226111,0,0
347017,0,0
63555,0,0
-361032,0,0
-753667,0,0
-765800,0,0
-431107,0,0
-445158,0,0
255026,0,0
398331,0,0
198832,0,0
-233933,0,0
-609737,0,0
-902163,0,0
-720175,0,0
-634241,0,0
-265454,0,0
383783,0,0
228028,0,0
-24731,0,0
-499760,0,0
-725257,0,0
-819051,0,0
-475303,0,0
-393845,0,0
80471,0,0
395115,0,0
30136,0,0
-281697,0,0
-665138,0,0
-761236,0,0
-787046,0,0
-628765,0,0
-241664,0,0
345100,0,0
284072,0,0
-123555,0,0
-459905,0,0
-778769,0,0
-767952,0,0
-728986,0,0
-367604,0,0
109001,0,0
531880,0,0
135395,0,0
-332424,0,0
-596376,0,0
-789910,0,0
-663793,0,0
-495562,0,0
-46223,0,0
318338,0,0
322099,0,0
-147397,0,0
-485932,0,0
-700139,0,0
-869026,0,0
-522001,0,0
-257716,0,0
244653,0,0
359701,0,0
119769,0,0
-369496,0,0
-615669,0,0
-765449,0,0
-709461,0,0
-105282,0,0
101439,0,0
491362,0,0
285678,0,0
-188400,0,0
-677891,0,0
-704228,0,0
-926873,0,0
-517647,0,0
-64799,0,0
128662,0,0
446631,0,0
-23895,0,0
-495229,0,0
-737374,0,0
-703611,0,0
-722414,0,0
29958,0,0
157041,0,0
391218,0,0
299733,0,0
-285546,0,0
-659616,0,0
-723499,0,0
-713030,0,0
-370353,0,0
221597,0,0
206047,0,0
332684,0,0
-86492,0,0
-597418,0,0
-634251,0,0
-751055,0,0
-532297,0,0
50932,0,0
422677,0,0
427948,0,0
183900,0,0
-333389,0,0
-492646,0,0
-210652,0,0
-545062,0,0
25790,0,0
372657,0,0
456425,0,0
162214,0,0
-256184,0,0
-718819,0,0
-660885,0,0
-738402,0,0
-526059,0,0
290970,0,0
427694,0,0
241110,0,0
-213670,0,0
-491375,0,0
-699046,0,0
-453499,0,0
-525513,0,0
53664,0,0
641835,0,0
420003,0,0
34205,0,0
-462990,0,0
-609371,0,0
-701647,0,0
-577154,0,0
-311396,0,0
332177,0,0
342039,0,0
-13879,0,0
-332937,0,0
-633172,0,0
-595917,0,0
-606307,0,0
-338364,0,0
151912,0,0
638908,0,0
402842,0,0
-67763,0,0
-397772,0,0
-644677,0,0
-512265,0,0
-367001,0,0
86290,0,0
394844,0,0
313003,0,0
-146597,0,0
-524391,0,0
-793027,0,0
-876579,0,0
-324955,0,0
-10302,0,0
388839,0,0
372074,0,0
114598,0,0
-482303,0,0
-682285,0,0
-756546,0,0
-524564,0,0
186388,0,0
243648,0,0
409239,0,0
167811,0,0
-209187,0,0
-681573,0,0
-773272,0,0
-965960,0,0
-418879,0,0
89317,0,0
120604,0,0
353457,0,0
-55770,0,0
-459903,0,0
-758005,0,0
-794055,0,0
-612253,0,0
230992,0,0
407398,0,0
440838,0,0
170889,0,0
-308833,0,0
-484647,0,0
-630669,0,0
-615710,0,0
-82610,0,0
363806,0,0
214411,0,0
80416,0,0
-407707,0,0
-763957,0,0
-572673,0,0
-678667,0,0
-236846,0,0
250846,0,0
466305,0,0
272886,0,0
-66192,0,0
-390906,0,0
-393258,0,0
-126879,0,0
-202399,0,0
415447,0,0
612321,0,0
530142,0,0
74801,0,0
-291864,0,0
-704529,0,0
-568817,0,0
-462562,0,0
-183707,0,0
511225,0,0
456322,0,0
109723,0,0
-451201,0,0
-408773,0,0
-576985,0,0
-181794,0,0
-14515,0,0
491383,0,0
813862,0,0
478952,0,0
-64039,0,0
-435768,0,0
-533525,0,0
-601729,0,0
-247351,0,0
-19435,0,0
370856,0,0
178900,0,0
-320753,0,0
-706874,0,0
-852536,0,0
-774931,0,0
-639380,0,0
-80844,0,0
228145,0,0
393897,0,0
-53442,0,0
-596752,0,0
-637437,0,0
-838823,0,0
-522566,0,0
-92906,0,0
177475,0,0
260107,0,0
1186,0,0
-569067,0,0
-765030,0,0
-794339,0,0
-892917,0,0
-121865,0,0
192699,0,0
366651,0,0
103934,0,0
-137134,0,0
-484601,0,0
-328936,0,0
-467243,0,0
-67824,0,0
700703,0,0
742373,0,0
630596,0,0
245715,0,0
-47427,0,0
-238732,0,0
-164962,0,0
-441970,0,0
268594,0,0
516994,0,0
358343,0,0
156910,0,0
-118718,0,0
-184583,0,0
-309106,0,0
-258261,0,0
153931,0,0
831212,0,0
754901,0,0
448361,0,0
11509,0,0
-299357,0,0
-316039,0,0
-491592,0,0
-242089,0,0
180069,0,0
393703,0,0
33025,0,0
-424085,0,0
-833632,0,0
-1035224,0,0
-814863,0,0
-689223,0,0
-58334,0,0
218905,0,0
140690,0,0
-317712,0,0
-669993,0,0
-920297,0,0
-814767,0,0
-323838,0,0
-143193,0,0
319858,0,0
275368,0,0
-25591,0,0
-609440,0,0
-695754,0,0
-1017932,0,0
-730166,0,0
-245087,0,0
39243,0,0
349823,0,0
34203,0,0
-503399,0,0
-843000,0,0
-694182,0,0
-621823,0,0
43658,0,0
300775,0,0
485578,0,0
394323,0,0
-89124,0,0
-541175,0,0
-659834,0,0
-679903,0,0
-385948,0,0
216360,0,0
168861,0,0
190861,0,0
-195044,0,0
-614925,0,0
-758566,0,0
-863870,0,0
-552635,0,0
-42098,0,0
352167,0,0
301502,0,0
23121,0,0
-459019,0,0
-757664,0,0
-624618,0,0
-774536,0,0
-79734,0,0
301033,0,0
355227,0,0
-45510,0,0
-490045,0,0
-882965,0,0
-788993,0,0
-835129,0,0
-540144,0,0
247653,0,0
343405,0,0
92757,0,0
-430102,0,0
-606077,0,0
-776803,0,0
-505994,0,0
-421925,0,0
176510,0,0
652530,0,0
399387,0,0
-126295,0,0
-527626,0,0
-575748,0,0
-663307,0,0
-339422,0,0
-130740,0,0
381449,0,0
355219,0,0
-39258,0,0
-494143,0,0
-563878,0,0
-411209,0,0
-380220,0,0
109526,0,0
528153,0,0
810801,0,0
496301,0,0
-21690,0,0
-108958,0,0
-265283,0,0
-49984,0,0
200456,0,0
527840,0,0
600470,0,0
433592,0,0
2414,0,0
-413291,0,0
-521840,0,0
-781620,0,0
-179307,0,0
191706,0,0
457286,0,0
235142,0,0
-61184,0,0
-552685,0,0
-547583,0,0
-778484,0,0
-480276,0,0
275004,0,0
366728,0,0
334351,0,0
-25353,0,0
-418669,0,0
-910918,0,0
-949538,0,0
-950436,0,0
-208613,0,0
118635,0,0
-23881,0,0
-87581,0,0
-545823,0,0
-891757,0,0
-986488,0,0
-904636,0,0
-541198,0,0
150854,0,0
125867,0,0
53940,0,0
-367010,0,0
-866314,0,0
-956010,0,0
-932613,0,0
-647940,0,0
-125382,0,0
193050,0,0
-43472,0,0
-173805,0,0
-612585,0,0
-921798,0,0
-820530,0,0
-843086,0,0
-393872,0,0
59293,0,0
268560,0,0
46138,0,0
-392696,0,0
-707590,0,0
-769266,0,0
-573279,0,0
-538819,0,0
85056,0,0
251288,0,0
156450,0,0
-248413,0,0
-611740,0,0
-896259,0,0
-783318,0,0
-697127,0,0
-331211,0,0
292290,0,0
250835,0,0
-6127,0,0
-542871,0,0
-577376,0,0
-797341,0,0
-586840,0,0
-408035,0,0
97639,0,0
489740,0,0
264621,0,0
-280433,0,0
-664303,0,0
-716177,0,0
-782724,0,0
-480359,0,0
-103274,0,0
334160,0,0
205152,0,0
-247012,0,0
-602660,0,0
-770722,0,0
-723044,0,0
-735587,0,0
-216234,0,0
157929,0,0
408353,0,0
79857,0,0
-466598,0,0
-717386,0,0
-846007,0,0
-708341,0,0
-380749,0,0
71371,0,0
287430,0,0
169173,0,0
-364071,0,0
-744380,0,0
-777501,0,0
-874286,0,0
-515614,0,0
-110644,0,0
302465,0,0
239972,0,0
-55594,0,0
-594902,0,0
-721597,0,0
-822598,0,0
-645087,0,0
39770,0,0
224304,0,0
382374,0,0
70962,0,0
-367622,0,0
-763866,0,0
-757136,0,0
-890570,0,0
-365813,0,0
78120,0,0
133390,0,0
294502,0,0
-161051,0,0
-626907,0,0
-793630,0,0
-734389,0,0
-670713,0,0
27566,0,0
190774,0,0
318958,0,0
114077,0,0
-341192,0,0
-715127,0,0
-768444,0,0
-715978,0,0
-289501,0,0
214948,0,0
122236,0,0
189914,0,0
-264833,0,0
-692019,0,0
-707780,0,0
-765389,0,0
-502551,0,0
-41574,0,0
348300,0,0
264309,0,0
-23706,0,0
-551005,0,0
-741991,0,0
-615592,0,0
-663490,0,0
-50977,0,0
253284,0,0
295212,0,0
54355,0,0
-388273,0,0
-746567,0,0
-720554,0,0
-713322,0,0
-513199,0,0
190700,0,0
343005,0,0
261314,0,0
-204928,0,0
-484839,0,0
-724895,0,0
-586089,0,0
-570411,0,0
-1286,0,0
569387,0,0
466886,0,0
4641,0,0
-489050,0,0
-668655,0,0
-772731,0,0
-591582,0,0
-242722,0,0
289839,0,0
315162,0,0
-16235,0,0
-387982,0,0
-643492,0,0
-735356,0,0
-785441,0,0
-451318,0,0
26937,0,0
526754,0,0
382285,0,0
-180180,0,0
-638119,0,0
-782052,0,0
-772289,0,0
-653315,0,0
-76836,0,0
238634,0,0
290747,0,0
-133672,0,0
-480053,0,0
-693783,0,0
-847258,0,0
-696867,0,0
-475797,0,0
113100,0,0
240423,0,0
201070,0,0
-271153,0,0
-615761,0,0
-761744,0,0
-768205,0,0
-474473,0,0
-142352,0,0
319549,0,0
278786,0,0
-7607,0,0
-551656,0,0
-706877,0,0
-880309,0,0
-725080,0,0
-394022,0,0
-1375,0,0
409693,0,0
152320,0,0
-255878,0,0
-713877,0,0
-688514,0,0
-805766,0,0
-519473,0,0
-197248,0,0
240552,0,0
452990,0,0
47657,0,0
-481263,0,0
-700626,0,0
-724251,0,0
-727101,0,0
-227929,0,0
102052,0,0
440729,0,0
209857,0,0
-282792,0,0
-614053,0,0
-650545,0,0
-650167,0,0
-495180,0,0
96766,0,0
358490,0,0
519246,0,0
225187,0,0
-344916,0,0
-465227,0,0
-557332,0,0
-376113,0,0
15075,0,0
364365,0,0
396594,0,0
112411,0,0
-439183,0,0
-706451,0,0
-677084,0,0
-749863,0,0
-161470,0,0
207773,0,0
463327,0,0
150623,0,0
-266647,0,0
-676472,0,0
-643927,0,0
-681344,0,0
-376402,0,0
316745,0,0
437322,0,0
296163,0,0
-84243,0,0
-431477,0,0
-768178,0,0
-718027,0,0
-769821,0,0
-66389,0,0
259589,0,0
139230,0,0
49194,0,0
-433147,0,0
-721530,0,0
-832904,0,0
-754395,0,0
-438094,0,0
155348,0,0
257048,0,0
210558,0,0
-144375,0,0
-548518,0,0
-769938,0,0
-773931,0,0
-575809,0,0
-120581,0,0
297312,0,0
162632,0,0
8560,0,0
-447110,0,0
-728435,0,0
-721762,0,0
-710693,0,0
-293431,0,0
68366,0,0
345627,0,0
217071,0,0
-158871,0,0
-471656,0,0
-715802,0,0
-612263,0,0
-452727,0,0
122850,0,0
320022,0,0
273932,0,0
-118133,0,0
-497243,0,0
-766033,0,0
-709206,0,0
-658397,0,0
-289719,0,0
305579,0,0
331141,0,0
135228,0,0
-421588,0,0
-586678,0,0
-764561,0,0
-625494,0,0
-391514,0,0
113055,0,0
511901,0,0
328420,0,0
-194487,0,0
-604462,0,0
-626576,0,0
-685169,0,0
-517335,0,0
-146417,0,0
325191,0,0
337856,0,0
-78150,0,0
-488763,0,0
-608881,0,0
-687766,0,0
-677251,0,0
-154016,0,0
247634,0,0
567972,0,0
387963,0,0
-165767,0,0
-407325,0,0
-450262,0,0
-452402,0,0
-186596,0,0
308116,0,0
479944,0,0
350020,0,0
-162287,0,0
-610454,0,0
-613173,0,0
-722057,0,0
-377368,0,0
66198,0,0
468697,0,0
394978,0,0
137061,0,0
-390299,0,0
-529257,0,0
-508105,0,0
-285635,0,0
370154,0,0
495736,0,0
484009,0,0
199454,0,0
-211490,0,0
-702404,0,0
-670100,0,0
-811426,0,0
-316101,0,0
147566,0,0
184664,0,0
200132,0,0
-121934,0,0
-644634,0,0
-863951,0,0
-709953,0,0
-544383,0,0
147775,0,0
281468,0,0
255153,0,0
-59445,0,0
-530280,0,0
-781783,0,0
-746423,0,0
-643096,0,0
-260077,0,0
248665,0,0
145681,0,0
37523,0,0
-407503,0,0
-742154,0,0
-764214,0,0
-733615,0,0
-337363,0,0
40325,0,0
361392,0,0
224336,0,0
-145461,0,0
-480392,0,0
-688621,0,0
-615530,0,0
-518492,0,0
117382,0,0
405122,0,0
363570,0,0
-105185,0,0
-516289,0,0
-746399,0,0
-749252,0,0
-675544,0,0
-328893,0,0
263388,0,0
361308,0,0
111767,0,0
-447349,0,0
-601625,0,0
-760285,0,0
-643584,0,0
-442562,0,0
106073,0,0
496435,0,0
360594,0,0
-235548,0,0
-591925,0,0
-630898,0,0
-764677,0,0
-539830,0,0
-108446,0,0
327064,0,0
290914,0,0
-144153,0,0
-570939,0,0
-598707,0,0
-679116,0,0
-699059,0,0
-175145,0,0
204011,0,0
504325,0,0
324960,0,0
-270910,0,0
-620745,0,0
-685877,0,0
-641613,0,0
-303887,0,0
202686,0,0
386801,0,0
249739,0,0
-254007,0,0
-687763,0,0
-684664,0,0
-787487,0,0
-411957,0,0
120957,0,0
475125,0,0
358678,0,0
88708,0,0
-396213,0,0
-472658,0,0
-441719,0,0
-286288,0,0
378563,0,0
548855,0,0
487116,0,0
222594,0,0
-107769,0,0
-551413,0,0
-527622,0,0
-720512,0,0
-139892,0,0
323078,0,0
290235,0,0
132389,0,0
-130997,0,0
-571114,0,0
-771594,0,0
-560221,0,0
-365980,0,0
314480,0,0
445056,0,0
320720,0,0
-31726,0,0
-336641,0,0
-709891,0,0
-699010,0,0
-519821,0,0
-64879,0,0
317788,0,0
102082,0,0
-134437,0,0
-535670,0,0
-768022,0,0
-767333,0,0
-699194,0,0
-203206,0,0
180865,0,0
377361,0,0
82768,0,0
-382690,0,0
-529057,0,0
-706544,0,0
-505278,0,0
-252577,0,0
291267,0,0
471346,0,0
334811,0,0
-258670,0,0
-518353,0,0
-617092,0,0
-687778,0,0
-523840,0,0
-46861,0,0
376864,0,0
438272,0,0
-33472,0,0
-611633,0,0
-414079,0,0
-438405,0,0
-228821,0,0
3419,0,0
443248,0,0
658290,0,0
478789,0,0
-240815,0,0
-490754,0,0
-520143,0,0
-660727,0,0
-129865,0,0
155775,0,0
302531,0,0
56615,0,0
-490468,0,0
-821601,0,0
-724907,0,0
-767003,0,0
-553716,0,0
131003,0,0
261287,0,0
242828,0,0
-36301,0,0
-644405,0,0
-679289,0,0
-644261,0,0
-448324,0,0
14755,0,0
389276,0,0
259408,0,0
-80671,0,0
-565513,0,0
-803379,0,0
-607104,0,0
-580981,0,0
15868,0,0
392334,0,0
425318,0,0
45551,0,0
-182656,0,0
-399789,0,0
-385415,0,0
-414724,0,0
-18362,0,0
564220,0,0
624329,0,0
260243,0,0
-114131,0,0
-374989,0,0
-777757,0,0
-675825,0,0
-595832,0,0
-53271,0,0
196307,0,0
39174,0,0
-305187,0,0
-531308,0,0
-813151,0,0
-944121,0,0
-726969,0,0
-273352,0,0
219791,0,0
189961,0,0
-60665,0,0
-508003,0,0
-780618,0,0
-924371,0,0
-836237,0,0
-415922,0,0
-48511,0,0
237180,0,0
-5466,0,0
-369777,0,0
-632160,0,0
-839716,0,0
-843055,0,0
-690659,0,0
-136764,0,0
160336,0,0
311653,0,0
-51869,0,0
-526249,0,0
-591607,0,0
-764964,0,0
-594139,0,0
-223260,0,0
208852,0,0
314510,0,0
92538,0,0
-462072,0,0
-650508,0,0
-789766,0,0
-757089,0,0
-500358,0,0
-41979,0,0
349815,0,0
324056,0,0
-94905,0,0
-640657,0,0
-661109,0,0
-770162,0,0
-473322,0,0
-10334,0,0
391082,0,0
513387,0,0
237396,0,0
-536990,0,0
-594524,0,0
-500400,0,0
-603131,0,0
-104472,0,0
192247,0,0
341102,0,0
99905,0,0
-446860,0,0
-781053,0,0
-502589,0,0
-429996,0,0
-314977,0,0
249824,0,0
386762,0,0
343132,0,0
179091,0,0
-287293,0,0
-280104,0,0
-348201,0,0
-92775,0,0
356626,0,0
576380,0,0
332972,0,0
41617,0,0
-384865,0,0
-720294,0,0
-587693,0,0
-519547,0,0
155244,0,0
527461,0,0
524079,0,0
130757,0,0
-132050,0,0
-447191,0,0
-370163,0,0
-270944,0,0
212690,0,0
650548,0,0
636006,0,0
231698,0,0
-38505,0,0
-186793,0,0
-495614,0,0
-512505,0,0
-380386,0,0
133892,0,0
325688,0,0
29217,0,0
-458425,0,0
-565834,0,0
-804446,0,0
-913519,0,0
-486652,0,0
-5601,0,0
362122,0,0
331608,0,0
-203844,0,0
-650051,0,0
-629283,0,0
-842831,0,0
-675506,0,0
-72004,0,0
131950,0,0
191062,0,0
-236604,0,0
-691688,0,0
-724606,0,0
-812607,0,0
-823272,0,0
-369998,0,0
130770,0,0
223090,0,0
84052,0,0
-437937,0,0
-773254,0,0
-628925,0,0
-726302,0,0
-210110,0,0
191734,0,0
295901,0,0
159529,0,0
-173243,0,0
-722182,0,0
-742819,0,0
-869573,0,0
-629135,0,0
-63746,0,0
222415,0,0
308686,0,0
16001,0,0
-591135,0,0
-804079,0,0
-627450,0,0
-607482,0,0
19556,0,0
396825,0,0
434992,0,0
237105,0,0
1208,0,0
-619107,0,0
-565338,0,0
-418159,0,0
-157295,0,0
310411,0,0
297790,0,0
85818,0,0
-258693,0,0
-568959,0,0
-814575,0,0
-636739,0,0
-180388,0,0
170907,0,0
483386,0,0
319886,0,0
-107210,0,0
-296732,0,0
-657203,0,0
-624062,0,0
-481631,0,0
-48307,0,0
239091,0,0
236652,0,0
-188729,0,0
-575604,0,0
-807705,0,0
-891517,0,0
-791095,0,0
-479532,0,0
25268,0,0
259045,0,0
115436,0,0
-400320,0,0
-702736,0,0
-867134,0,0
-792498,0,0
-474439,0,0
45891,0,0
385439,0,0
339232,0,0
-213961,0,0
-519409,0,0
-618940,0,0
-809189,0,0
-617052,0,0
-205938,0,0
249981,0,0
325564,0,0
-66860,0,0
-565417,0,0
-542665,0,0
-728407,0,0
-762960,0,0
-211090,0,0
212892,0,0
457834,0,0
375733,0,0
-203961,0,0
-520465,0,0
-525004,0,0
-735694,0,0
-363081,0,0
213121,0,0
304289,0,0
224086,0,0
-262759,0,0
-755462,0,0
-727804,0,0
-802710,0,0
-621568,0,0
-64576,0,0
291616,0,0
253550,0,0
-16826,0,0
-555793,0,0
-763203,0,0
-688475,0,0
-603598,0,0
-89057,0,0
251656,0,0
338942,0,0
127676,0,0
-280155,0,0
-726433,0,0
-581154,0,0
-771367,0,0
-485281,0,0
135973,0,0
321676,0,0
185664,0,0
-86792,0,0
-634244,0,0
-833350,0,0
-620877,0,0
-522225,0,0
85841,0,0
414539,0,0
376230,0,0
81018,0,0
-165628,0,0
-672185,0,0
-587966,0,0
-421346,0,0
-57960,0,0
364457,0,0
255806,0,0
-58640,0,0
-311875,0,0
-592835,0,0
-790815,0,0
-555877,0,0
-61681,0,0
241460,0,0
470868,0,0
211522,0,0
-144610,0,0
-137641,0,0
-417215,0,0
-426678,0,0
-124695,0,0
275779,0,0
472269,0,0
295665,0,0
-228923,0,0
-441477,0,0
-606810,0,0
-807914,0,0
-564079,0,0
-64774,0,0
262095,0,0
301476,0,0
-116693,0,0
-652705,0,0
-609170,0,0
-805802,0,0
-555091,0,0
-14485,0,0
309923,0,0
391101,0,0
194341,0,0
-586554,0,0
-686061,0,0
-650269,0,0
-750106,0,0
-249623,0,0
66467,0,0
165429,0,0
80500,0,0
-453738,0,0
-875808,0,0
-703475,0,0
-827009,0,0
-648848,0,0
-5747,0,0
183148,0,0
234365,0,0
-22497,0,0
-629026,0,0
-796394,0,0
-749155,0,0
-729535,0,0
-217474,0,0
256612,0,0
224559,0,0
8920,0,0
-528901,0,0
-847064,0,0
-688508,0,0
-738855,0,0
-418110,0,0
169659,0,0
372886,0,0
127123,0,0
-234726,0,0
-677873,0,0
-718233,0,0
-560247,0,0
-287345,0,0
299008,0,0
545904,0,0
339743,0,0
22705,0,0
-399618,0,0
-770221,0,0
-686638,0,0
-612271,0,0
-159578,0,0
303385,0,0
292441,0,0
-9264,0,0
-218058,0,0
-624772,0,0
-835611,0,0
-567443,0,0
-227160,0,0
261881,0,0
383622,0,0
81654,0,0
-354433,0,0
-483455,0,0
-789469,0,0
-739565,0,0
-427444,0,0
-70286,0,0
241687,0,0
120855,0,0
-275389,0,0
-618906,0,0
-789688,0,0
-845163,0,0
-699164,0,0
-230987,0,0
81099,0,0
323255,0,0
21069,0,0
-472225,0,0
-601967,0,0
-788070,0,0
-674133,0,0
-258520,0,0
114964,0,0
321019,0,0
177602,0,0
-360220,0,0
-614987,0,0
-763178,0,0
-778672,0,0
-486574,0,0
15728,0,0
295109,0,0
323030,0,0
-113685,0,0
-621539,0,0
-577957,0,0
-710155,0,0
-489186,0,0
42490,0,0
331442,0,0
412542,0,0
192216,0,0
-533771,0,0
-506147,0,0
-406312,0,0
-638058,0,0
-143054,0,0
205692,0,0
266799,0,0
78024,0,0
-451091,0,0
-841192,0,0
-571709,0,0
-651961,0,0
-452313,0,0
187636,0,0
296588,0,0
266444,0,0
62309,0,0
-639206,0,0
-750997,0,0
-658241,0,0
-569746,0,0
10904,0,0
370369,0,0
244790,0,0
-69298,0,0
-576201,0,0
-852028,0,0
-733953,0,0
-724221,0,0
-248255,0,0
277168,0,0
307208,0,0
50930,0,0
-333032,0,0
-661337,0,0
-697862,0,0
-568119,0,0
-238510,0,0
309521,0,0
480168,0,0
144265,0,0
-203080,0,0
-546756,0,0
-787302,0,0
-651575,0,0
-484999,0,0
-59836,0,0
344925,0,0
196049,0,0
-153101,0,0
-313480,0,0
-708115,0,0
-845062,0,0
-556367,0,0
-167006,0,0
224154,0,0
323886,0,0
26934,0,0
-420680,0,0
-504447,0,0
-814474,0,0
-730102,0,0
-277547,0,0
62790,0,0
346520,0,0
83132,0,0
-424288,0,0
-628214,0,0
-783319,0,0
-831473,0,0
-518429,0,0
-39455,0,0
199700,0,0
344219,0,0
-105314,0,0
-534395,0,0
-449118,0,0
-744290,0,0
-625394,0,0
-125232,0,0
170664,0,0
317719,0,0
111725,0,0
-454850,0,0
-649840,0,0
-729470,0,0
-778337,0,0
-357117,0,0
113081,0,0
294675,0,0
243033,0,0
-205313,0,0
-629916,0,0
-548400,0,0
-725838,0,0
-405761,0,0
235818,0,0
499219,0,0
447517,0,0
216658,0,0
-576390,0,0
-443798,0,0
-421300,0,0
-598986,0,0
-84162,0,0
329620,0,0
339410,0,0
107882,0,0
-438146,0,0
-789690,0,0
-444993,0,0
-546324,0,0
-319360,0,0
374402,0,0
457107,0,0
256209,0,0
98707,0,0
-524954,0,0
-442662,0,0
-361911,0,0
-366602,0,0
154418,0,0
477895,0,0
255015,0,0
-123231,0,0
-533304,0,0
-841215,0,0
-715941,0,0
-603221,0,0
-137598,0,0
374033,0,0
352353,0,0
18732,0,0
-405609,0,0
-720874,0,0
-776356,0,0
-569974,0,0
-150852,0,0
329819,0,0
387832,0,0
25653,0,0
-239437,0,0
-495898,0,0
-820804,0,0
-690842,0,0
-416987,0,0
48914,0,0
405281,0,0
150265,0,0
-346071,0,0
-413918,0,0
-732545,0,0
-795620,0,0
-267895,0,0
125087,0,0
422073,0,0
454665,0,0
-25471,0,0
-427462,0,0
-251194,0,0
-594439,0,0
-357611,0,0
217847,0,0
443355,0,0
560050,0,0
193801,0,0
-584569,0,0
-543208,0,0
-595087,0,0
-665910,0,0
5540,0,0
387744,0,0
461371,0,0
305834,0,0
-233804,0,0
-514702,0,0
-286415,0,0
-375193,0,0
51901,0,0
532417,0,0
547381,0,0
377781,0,0
-115970,0,0
-698178,0,0
-679121,0,0
-760016,0,0
-573888,0,0
31748,0,0
288540,0,0
235494,0,0
74574,0,0
-601510,0,0
-826677,0,0
-643223,0,0
-578623,0,0
10094,0,0
473519,0,0
393348,0,0
124502,0,0
-34624,0,0
-635912,0,0
-521797,0,0
-358617,0,0
-130514,0,0
409412,0,0
424440,0,0
-73343,0,0
-446993,0,0
-817937,0,0
-896920,0,0
-515760,0,0
-177633,0,0
112139,0,0
380542,0,0
97347,0,0
-330723,0,0
-253445,0,0
-541182,0,0
-579017,0,0
-249997,0,0
96082,0,0
381649,0,0
229685,0,0
-268657,0,0
-616610,0,0
-798605,0,0
-919843,0,0
-651652,0,0
-167011,0,0
168760,0,0
316639,0,0
-89557,0,0
-632786,0,0
-788138,0,0
-899665,0,0
-791556,0,0
-195030,0,0
136275,0,0
307849,0,0
129192,0,0
-527855,0,0
-730956,0,0
-773100,0,0
-927924,0,0
-537474,0,0
-39124,0,0
173632,0,0
231365,0,0
-222506,0,0
-769791,0,0
-549748,0,0
-823493,0,0
-795184,0,0
-50752,0,0
251163,0,0
297339,0,0
127617,0,0
-461878,0,0
-720510,0,0
-457908,0,0
-750143,0,0
-278079,0,0
246091,0,0
226811,0,0
126210,0,0
-355016,0,0
-870384,0,0
-707505,0,0
-759425,0,0
-573874,0,0
109846,0,0
287387,0,0
191642,0,0
-146764,0,0
-635196,0,0
-785529,0,0
-569652,0,0
-519262,0,0
23332,0,0
356926,0,0
202471,0,0
-82694,0,0
-529107,0,0
-860155,0,0
-648312,0,0
-588672,0,0
-352177,0,0
179988,0,0
288047,0,0
60922,0,0
-191484,0,0
-706485,0,0
-824154,0,0
-636811,0,0
-441746,0,0
109238,0,0
443625,0,0
201629,0,0
-155306,0,0
-197772,0,0
-653550,0,0
-502221,0,0
-318868,0,0
-57611,0,0
396228,0,0
368917,0,0
-147251,0,0
-426961,0,0
-675562,0,0
-800296,0,0
-372739,0,0
-7050,0,0
270128,0,0
469798,0,0
118140,0,0
-308230,0,0
-212348,0,0
-537593,0,0
-540197,0,0
-51838,0,0
189265,0,0
412241,0,0
132130,0,0
-424653,0,0
-735304,0,0
-757006,0,0
-858210,0,0
-506804,0,0
-36215,0,0
144053,0,0
243841,0,0
-173552,0,0
-641902,0,0
-700448,0,0
-834276,0,0
-694879,0,0
-91544,0,0
219163,0,0
328496,0,0
126227,0,0
-548942,0,0
-641347,0,0
-683341,0,0
-835534,0,0
-298949,0,0
181964,0,0
210332,0,0
164156,0,0
-320526,0,0
-807752,0,0
-535614,0,0
-757612,0,0
-622158,0,0
107946,0,0
313060,0,0
267446,0,0
32305,0,0
-625202,0,0
-760108,0,0
-503666,0,0
-663450,0,0
-101375,0,0
313135,0,0
205680,0,0
5923,0,0
-518147,0,0
-854498,0,0
-676662,0,0
-721075,0,0
-465437,0,0
199195,0,0
312534,0,0
148263,0,0
-237921,0,0
-686129,0,0
-734272,0,0
-407470,0,0
-305936,0,0
203105,0,0
517943,0,0
255199,0,0
-58482,0,0
-509327,0,0
-737266,0,0
-641122,0,0
-528362,0,0
-120349,0,0
395879,0,0
364787,0,0
-62964,0,0
-268242,0,0
-663758,0,0
-726331,0,0
-325113,0,0
71261,0,0
485904,0,0
636159,0,0
205753,0,0
-179344,0,0
-100391,0,0
-567287,0,0
-337446,0,0
199712,0,0
377476,0,0
561763,0,0
263842,0,0
-467383,0,0
-596355,0,0
-744807,0,0
-837031,0,0
-177038,0,0
252827,0,0
327731,0,0
308185,0,0
-135251,0,0
-591238,0,0
-376155,0,0
-620364,0,0
-386221,0,0
184471,0,0
254673,0,0
281887,0,0
-127216,0,0
-663191,0,0
-734371,0,0
-836102,0,0
-844787,0,0
-185275,0,0
268625,0,0
200200,0,0
72864,0,0
-500626,0,0
-842057,0,0
-748312,0,0
-770165,0,0
-368934,0,0
252616,0,0
321194,0,0
139996,0,0
-93956,0,0
-823694,0,0
-710249,0,0
-642832,0,0
-579988,0,0
70494,0,0
285061,0,0
128381,0,0
-169253,0,0
-635219,0,0
-899198,0,0
-576471,0,0
-691183,0,0
-313185,0,0
281989,0,0
259026,0,0
29746,0,0
-184819,0,0
-740541,0,0
-719861,0,0
-464257,0,0
-330112,0,0
248138,0,0
434253,0,0
140842,0,0
-277260,0,0
-546697,0,0
-861836,0,0
-620372,0,0
-369364,0,0
33645,0,0
520247,0,0
330909,0,0
29997,0,0
-284824,0,0
-460276,0,0
-468418,0,0
-6376,0,0
347566,0,0
669759,0,0
722199,0,0
221973,0,0
-9518,0,0
-241523,0,0
-538878,0,0
-276543,0,0
141355,0,0
385111,0,0
624581,0,0
288494,0,0
-466741,0,0
-316964,0,0
-521418,0,0
-527299,0,0
196231,0,0
463319,0,0
572699,0,0
469843,0,0
-108738,0,0
-280335,0,0
54976,0,0
-437304,0,0
-69368,0,0
420224,0,0
450909,0,0
363644,0,0
-93756,0,0
-887766,0,0
-766177,0,0
-806887,0,0
-675979,0,0
193704,0,0
374158,0,0
274186,0,0
-72508,0,0
-527592,0,0
-695183,0,0
-399237,0,0
-406870,0,0
72103,0,0
451550,0,0
251963,0,0
-12459,0,0
-538652,0,0
-885579,0,0
-837652,0,0
-795531,0,0
-475861,0,0
138798,0,0
196631,0,0
-106414,0,0
-388000,0,0
-909680,0,0
-967577,0,0
-821178,0,0
-643761,0,0
-106718,0,0
280087,0,0
54274,0,0
-335747,0,0
-534490,0,0
-1008465,0,0
-916769,0,0
-704214,0,0
-342032,0,0
144917,0,0
176776,0,0
-138632,0,0
-485486,0,0
-839994,0,0
-980940,0,0
-673893,0,0
-481523,0,0
-33432,0,0
375747,0,0
179654,0,0
-297450,0,0
-447602,0,0
-829857,0,0
-769749,0,0
-345549,0,0
-101461,0,0
365430,0,0
310766,0,0
-194224,0,0
-599338,0,0
-737504,0,0
-916406,0,0
-635498,0,0
-139644,0,0
148040,0,0
399822,0,0
-4972,0,0
-463244,0,0
-634152,0,0
-720263,0,0
-662564,0,0
27391,0,0
335391,0,0
490434,0,0
359425,0,0
-295748,0,0
-381510,0,0
-447873,0,0
-720913,0,0
-280354,0,0
141263,0,0
267781,0,0
271483,0,0
-225641,0,0
-813631,0,0
-474432,0,0
-744636,0,0
-629799,0,0
94781,0,0
312850,0,0
274787,0,0
69075,0,0
-608359,0,0
-638501,0,0
-417246,0,0
-674563,0,0
-41224,0,0
378337,0,0
206142,0,0
-46402,0,0
-514691,0,0
-904433,0,0
-719394,0,0
-731398,0,0
-374364,0,0
331583,0,0
292649,0,0
40195,0,0
-367546,0,0
-701284,0,0
-674051,0,0
-331337,0,0
-323085,0,0
253051,0,0
605078,0,0
292855,0,0
-17263,0,0
-568259,0,0
-770706,0,0
-649287,0,0
-427743,0,0
-90439,0,0
372335,0,0
315783,0,0
-151021,0,0
-341665,0,0
-718924,0,0
-777020,0,0
-404980,0,0
-29313,0,0
366736,0,0
508065,0,0
70276,0,0
-384155,0,0
-319455,0,0
-759446,0,0
-532668,0,0
-91420,0,0
123984,0,0
334075,0,0
44368,0,0
-571942,0,0
-709161,0,0
-834314,0,0
-940233,0,0
-452698,0,0
-92018,0,0
111654,0,0
245930,0,0
-185806,0,0
-664947,0,0
-609701,0,0
-919104,0,0
-764879,0,0
-125711,0,0
50769,0,0
283402,0,0
19035,0,0
-550829,0,0
-772526,0,0
-800410,0,0
-885666,0,0
-417324,0,0
50085,0,0
135251,0,0
276932,0,0
-229117,0,0
-641464,0,0
-714552,0,0
-817451,0,0
-651330,0,0
86873,0,0
250620,0,0
283863,0,0
15878,0,0
-657729,0,0
-662275,0,0
-677253,0,0
-793086,0,0
-275554,0,0
130826,0,0
154596,0,0
155053,0,0
-301185,0,0
-816462,0,0
-575637,0,0
-820660,0,0
-645005,0,0
25427,0,0
212018,0,0
205268,0,0
-44364,0,0
-605599,0,0
-734587,0,0
-566011,0,0
-849622,0,0
-299569,0,0
165274,0,0
186828,0,0
123570,0,0
-335218,0,0
-912373,0,0
-782552,0,0
-859503,0,0
-752286,0,0
37314,0,0
151350,0,0
115227,0,0
-23782,0,0
-549483,0,0
-828096,0,0
-658838,0,0
-803451,0,0
-406960,0,0
178213,0,0
137356,0,0
206440,0,0
-225250,0,0
-685100,0,0
-717964,0,0
-721633,0,0
-744990,0,0
-78446,0,0
276495,0,0
248313,0,0
187433,0,0
-388508,0,0
-661085,0,0
-618521,0,0
-648480,0,0
-203482,0,0
505855,0,0
497750,0,0
279148,0,0
42415,0,0
-516586,0,0
-386551,0,0
-323150,0,0
-345398,0,0
218170,0,0
451559,0,0
208203,0,0
-91140,0,0
-580082,0,0
-844954,0,0
-442785,0,0
-539846,0,0
-87724,0,0
422705,0,0
390063,0,0
767,0,0
-286645,0,0
-705883,0,0
-626397,0,0
-247303,0,0
-194600,0,0
367940,0,0
472987,0,0
70619,0,0
-394656,0,0
-632102,0,0
-858875,0,0
-554668,0,0
-279235,0,0
8002,0,0
494239,0,0
187939,0,0
-206861,0,0
-596760,0,0
-728910,0,0
-703841,0,0
-87272,0,0
142979,0,0
417175,0,0
363124,0,0
-262990,0,0
-580816,0,0
-715617,0,0
-813132,0,0
-559762,0,0
-102500,0,0
44687,0,0
292724,0,0
70683,0,0
-531513,0,0
-563229,0,0
-829017,0,0
-798477,0,0
-293650,0,0
110844,0,0
320639,0,0
238776,0,0
-329904,0,0
-645793,0,0
-418480,0,0
-778629,0,0
-345542,0,0
135902,0,0
213387,0,0
284839,0,0
-109235,0,0
-723685,0,0
-694179,0,0
-760732,0,0
-788936,0,0
21786,0,0
211969,0,0
219970,0,0
117951,0,0
-383205,0,0
-730906,0,0
-468602,0,0
-742880,0,0
-414628,0,0
265611,0,0
238475,0,0
263114,0,0
-190050,0,0
-666566,0,0
-730607,0,0
-763205,0,0
-728173,0,0
-15450,0,0
270037,0,0
216347,0,0
105216,0,0
-477107,0,0
-731790,0,0
-700710,0,0
-705721,0,0
-255575,0,0
441312,0,0
395535,0,0
152884,0,0
-130273,0,0
-706348,0,0
-532398,0,0
-455682,0,0
-322395,0,0
319396,0,0
474207,0,0
165148,0,0
-141733,0,0
-549064,0,0
-814888,0,0
-400182,0,0
-437934,0,0
-20623,0,0
481848,0,0
414202,0,0
-889,0,0
-198127,0,0
-623519,0,0
-561996,0,0
-153627,0,0
-67814,0,0
417352,0,0
416763,0,0
-10109,0,0
-483788,0,0
-701008,0,0
-896491,0,0
-618013,0,0
-273934,0,0
7679,0,0
468159,0,0
97397,0,0
-347375,0,0
-697368,0,0
-793939,0,0
-774197,0,0
-223536,0,0
26378,0,0
356417,0,0
297502,0,0
-278008,0,0
-599683,0,0
-760812,0,0
-840934,0,0
-585610,0,0
-93765,0,0
28379,0,0
310239,0,0
24891,0,0
-572580,0,0
-632559,0,0
-856075,0,0
-795096,0,0
-321150,0,0
82381,0,0
279194,0,0
234446,0,0
-312216,0,0
-663216,0,0
-542868,0,0
-906065,0,0
-486829,0,0
89131,0,0
232728,0,0
326802,0,0
-59528,0,0
-712742,0,0
-678779,0,0
-766863,0,0
-812267,0,0
-36942,0,0
195372,0,0
265604,0,0
185472,0,0
-339231,0,0
-703688,0,0
-415598,0,0
-728474,0,0
-397805,0,0
377414,0,0
332887,0,0
290623,0,0
-199912,0,0
-661613,0,0
-702214,0,0
-694865,0,0
-720316,0,0
-2365,0,0
300057,0,0
178337,0,0
71653,0,0
-511134,0,0
-656772,0,0
-663996,0,0
-701828,0,0
-302849,0,0
377839,0,0
327586,0,0
106748,0,0
-249778,0,0
-766822,0,0
-619878,0,0
-682976,0,0
-519879,0,0
139697,0,0
330736,0,0
83532,0,0
-123284,0,0
-542785,0,0
-842618,0,0
-646937,0,0
-725150,0,0
-234050,0,0
317341,0,0
273295,0,0
26054,0,0
-338560,0,0
-786011,0,0
-755720,0,0
-484392,0,0
-473537,0,0
175175,0,0
363592,0,0
124111,0,0
-258666,0,0
-651916,0,0
-942447,0,0
-691176,0,0
-597162,0,0
-294015,0,0
405572,0,0
260078,0,0
-42451,0,0
-462911,0,0
-752317,0,0
-820537,0,0
-519940,0,0
-398277,0,0
136931,0,0
475386,0,0
77204,0,0
-280095,0,0
-667714,0,0
-842116,0,0
-729147,0,0
-590689,0,0
-283780,0,0
319990,0,0
287575,0,0
-103461,0,0
-402430,0,0
-826728,0,0
-853500,0,0
-689002,0,0
-438125,0,0
34206,0,0
456377,0,0
107863,0,0
-264430,0,0
-538288,0,0
-877882,0,0
-685918,0,0
-536577,0,0
-164783,0,0
297437,0,0
325574,0,0
-62793,0,0
-390944,0,0
-731444,0,0
-883564,0,0
-402748,0,0
-336113,0,0
97826,0,0
414573,0,0
228039,0,0
-217420,0,0
-478436,0,0
-777011,0,0
-666471,0,0
-267050,0,0
-104380,0,0
422602,0,0
401654,0,0
-77827,0,0
-534119,0,0
-646289,0,0
-838901,0,0
-568957,0,0
-157375,0,0
128323,0,0
564333,0,0
110481,0,0
-318220,0,0
-632869,0,0
-663746,0,0
-639784,0,0
64773,0,0
287921,0,0
500979,0,0
353632,0,0
-269736,0,0
-513274,0,0
-655842,0,0
-740458,0,0
-412221,0,0
122200,0,0
183159,0,0
397692,0,0
-12283,0,0
-642921,0,0
-610345,0,0
-783098,0,0
-682852,0,0
-54879,0,0
319092,0,0
384499,0,0
124326,0,0
-475815,0,0
-697655,0,0
-505939,0,0
-800174,0,0
-269443,0,0
191710,0,0
274116,0,0
249682,0,0
-191459,0,0
-787743,0,0
-722411,0,0
-791479,0,0
-696326,0,0
184755,0,0
305848,0,0
230843,0,0
19057,0,0
-458922,0,0
-717995,0,0
-463993,0,0
-709746,0,0
-237329,0,0
418495,0,0
303197,0,0
164180,0,0
-363056,0,0
-720576,0,0
-714289,0,0
-699299,0,0
-591645,0,0
138009,0,0
261300,0,0
105829,0,0
-14577,0,0
-577336,0,0
-723005,0,0
-736255,0,0
-689617,0,0
-206525,0,0
488222,0,0
297226,0,0
42400,0,0
-372325,0,0
-798433,0,0
-648269,0,0
-666717,0,0
-462399,0,0
122991,0,0
335462,0,0
83211,0,0
-169377,0,0
-618068,0,0
-901236,0,0
-607829,0,0
-713243,0,0
-190087,0,0
303307,0,0
280267,0,0
-2440,0,0
-396606,0,0
-780289,0,0
-758110,0,0
-456552,0,0
-428276,0,0
246337,0,0
389798,0,0
104196,0,0
-290956,0,0
-645849,0,0
-891070,0,0
-658031,0,0
-512294,0,0
-195583,0,0
437610,0,0
274970,0,0
-40944,0,0
-497883,0,0
-724122,0,0
-754364,0,0
-340960,0,0
-247205,0,0
295000,0,0
554906,0,0
88466,0,0
-321357,0,0
-681174,0,0
-776388,0,0
-670581,0,0
-366478,0,0
-91755,0,0
418499,0,0
298264,0,0
-176295,0,0
-474433,0,0
-778994,0,0
-742621,0,0
-562339,0,0
-156274,0,0
262764,0,0
502491,0,0
17478,0,0
-455886,0,0
-469209,0,0
-767276,0,0
-471341,0,0
-104225,0,0
206005,0,0
432029,0,0
251002,0,0
-299138,0,0
-559455,0,0
-715223,0,0
-783249,0,0
-129711,0,0
109946,0,0
406967,0,0
397165,0,0
29393,0,0
-459163,0,0
-247240,0,0
-507689,0,0
-266541,0,0
415346,0,0
413646,0,0
535398,0,0
146735,0,0
-349377,0,0
-604458,0,0
-640522,0,0
-774949,0,0
-110581,0,0
248025,0,0
185242,0,0
215347,0,0
-366994,0,0
-574406,0,0
-662110,0,0
-742504,0,0
-416576,0,0
354849,0,0
320216,0,0
191957,0,0
-181728,0,0
-697548,0,0
-639415,0,0
-719437,0,0
-575006,0,0
12930,0,0
315958,0,0
108769,0,0
-22761,0,0
-511803,0,0
-846930,0,0
-525658,0,0
-667515,0,0
-195554,0,0
359214,0,0
434741,0,0
131358,0,0
-293048,0,0
-715956,0,0
-662471,0,0
-178978,0,0
-255094,0,0
410577,0,0
570976,0,0
282944,0,0
-248942,0,0
-610516,0,0
-912051,0,0
-693923,0,0
-511769,0,0
-141977,0,0
570321,0,0
368917,0,0
-29547,0,0
-580400,0,0
-731455,0,0
-763593,0,0
-215854,0,0
-8795,0,0
441539,0,0
618281,0,0
149684,0,0
-214638,0,0
-535108,0,0
-668547,0,0
-527986,0,0
-42589,0,0
108501,0,0
450756,0,0
187237,0,0
-337193,0,0
-519172,0,0
-761252,0,0
-687306,0,0
-202186,0,0
250725,0,0
433751,0,0
362724,0,0
-201102,0,0
-532779,0,0
-312361,0,0
-658193,0,0
-172404,0,0
212843,0,0
329473,0,0
285230,0,0
-91897,0,0
-714825,0,0
-720426,0,0
-795776,0,0
-834356,0,0
61371,0,0
241798,0,0
242668,0,0
60239,0,0
-431969,0,0
-794805,0,0
-613390,0,0
-864723,0,0
-498516,0,0
326516,0,0
271457,0,0
253651,0,0
-259753,0,0
-728338,0,0
-801747,0,0
-817952,0,0
-798057,0,0
-12683,0,0
227890,0,0
94140,0,0
46751,0,0
-539617,0,0
-751839,0,0
-799925,0,0
-770893,0,0
-341170,0,0
459754,0,0
351117,0,0
65788,0,0
-374314,0,0
-834804,0,0
-722657,0,0
-743086,0,0
-523692,0,0
75184,0,0
263570,0,0
749,0,0
-215063,0,0
-616995,0,0
-915634,0,0
-660003,0,0
-777368,0,0
-273498,0,0
198549,0,0
250857,0,0
-18557,0,0
-426499,0,0
-835848,0,0
-769558,0,0
-534526,0,0
-554523,0,0
68687,0,0
286286,0,0
153551,0,0
-146310,0,0
-548841,0,0
-925550,0,0
-702680,0,0
-685388,0,0
-331210,0,0
449205,0,0
316237,0,0
37840,0,0
-451003,0,0
-699963,0,0
-808046,0,0
-480933,0,0
-449133,0,0
106244,0,0
556556,0,0
164895,0,0
-213053,0,0
-671969,0,0
-777127,0,0
-721759,0,0
-518260,0,0
-214347,0,0
384224,0,0
315102,0,0
-89095,0,0
-430971,0,0
-719088,0,0
-734249,0,0
-646595,0,0
-285515,0,0
200730,0,0
587247,0,0
145078,0,0
-326428,0,0
-579355,0,0
-808175,0,0
-569279,0,0
-378894,0,0
22843,0,0
365494,0,0
295139,0,0
-198185,0,0
-501386,0,0
-689602,0,0
-836301,0,0
-369427,0,0
-163683,0,0
260081,0,0
440021,0,0
162342,0,0
-399489,0,0
-441916,0,0
-657545,0,0
-572818,0,0
179561,0,0
282407,0,0
614115,0,0
356535,0,0
-125329,0,0
-629974,0,0
-724300,0,0
-887475,0,0
-240975,0,0
180690,0,0
139498,0,0
366218,0,0
-180950,0,0
-589507,0,0
-788192,0,0
-789437,0,0
-671657,0,0
40836,0,0
171492,0,0
301180,0,0
38379,0,0
-638949,0,0
-759933,0,0
-761229,0,0
-832269,0,0
-370809,0,0
73397,0,0
3263,0,0
146116,0,0
-250000,0,0
-752232,0,0
-682944,0,0
-877162,0,0
-709899,0,0
-178603,0,0
145508,0,0
211163,0,0
68632,0,0
-574914,0,0
-785688,0,0
-676619,0,0
-886634,0,0
-390686,0,0
18630,0,0
149513,0,0
211315,0,0
-147771,0,0
-695021,0,0
-725996,0,0
-788492,0,0
-833264,0,0
-86058,0,0
144374,0,0
241770,0,0
126748,0,0
-350380,0,0
-737674,0,0
-588951,0,0
-802152,0,0
-460490,0,0
214000,0,0
177082,0,0
293818,0,0
-132893,0,0
-579378,0,0
-734803,0,0
-769106,0,0
-834201,0,0
-128220,0,0
217966,0,0
107791,0,0
179786,0,0
-410854,0,0
-697144,0,0
-778390,0,0
-795748,0,0
-589819,0,0
133032,0,0
212341,0,0
266131,0,0
-43170,0,0
-666976,0,0
-735009,0,0
-774139,0,0
-763156,0,0
-240017,0,0
198867,0,0
117170,0,0
225849,0,0
-264944,0,0
-764855,0,0
-630661,0,0
-782380,0,0
-569476,0,0
-17605,0,0
267976,0,0
315787,0,0
59543,0,0
-596939,0,0
-709165,0,0
-538610,0,0
-703261,0,0
-132892,0,0
213653,0,0
296082,0,0
204799,0,0
-264297,0,0
-759069,0,0
-710498,0,0
-747653,0,0
-607229,0,0
166684,0,0
238203,0,0
249274,0,0
-39689,0,0
-508311,0,0
-733052,0,0
-531780,0,0
-723212,0,0
-254439,0,0
403562,0,0
260476,0,0
255872,0,0
-279595,0,0
-644111,0,0
-694074,0,0
-671907,0,0
-545237,0,0
187692,0,0
361810,0,0
156195,0,0
-10632,0,0
-545028,0,0
-637238,0,0
-715468,0,0
-586611,0,0
-71748,0,0
600953,0,0
429297,0,0
102782,0,0
-331974,0,0
-689510,0,0
-591337,0,0
-608012,0,0
-284889,0,0
260407,0,0
400897,0,0
69075,0,0
-192776,0,0
-527450,0,0
-794363,0,0
-574581,0,0
-560781,0,0
45835,0,0
416510,0,0
361700,0,0
-62297,0,0
-504459,0,0
-727227,0,0
-627639,0,0
-185908,0,0
-106462,0,0
444432,0,0
450942,0,0
89591,0,0
-459072,0,0
-615493,0,0
-849572,0,0
-597429,0,0
-281977,0,0
54995,0,0
536592,0,0
200356,0,0
-255911,0,0
-679824,0,0
-715438,0,0
-719511,0,0
-217865,0,0
-61956,0,0
309429,0,0
458395,0,0
-65233,0,0
-532554,0,0
-746289,0,0
-780575,0,0
-636251,0,0
-197438,0,0
1322,0,0
352896,0,0
132324,0,0
-386876,0,0
-621263,0,0
-786259,0,0
-733679,0,0
-518388,0,0
-36810,0,0
278834,0,0
455194,0,0
-106963,0,0
-596247,0,0
-620533,0,0
-803915,0,0
-489372,0,0
-72655,0,0
223524,0,0
377737,0,0
116849,0,0
-431079,0,0
-636880,0,0
-726284,0,0
-854446,0,0
-181194,0,0
112836,0,0
352419,0,0
287174,0,0
-154845,0,0
-634323,0,0
-604814,0,0
-767946,0,0
-425569,0,0
396235,0,0
374768,0,0
364165,0,0
-49461,0,0
-487231,0,0
-721420,0,0
-685167,0,0
-780863,0,0
-53348,0,0
267585,0,0
174430,0,0
198410,0,0
-382768,0,0
-642929,0,0
-735849,0,0
-700323,0,0
-408038,0,0
407608,0,0
484324,0,0
320467,0,0
-125056,0,0
-626472,0,0
-703206,0,0
-715897,0,0
-547359,0,0
73799,0,0
368504,0,0
117618,0,0
-23717,0,0
-476144,0,0
-773068,0,0
-591094,0,0
-677878,0,0
-166278,0,0
362312,0,0
484775,0,0
155223,0,0
-303524,0,0
-679367,0,0
-646479,0,0
-256709,0,0
-245682,0,0
384697,0,0
516277,0,0
353648,0,0
-206521,0,0
-460463,0,0
-808012,0,0
-664153,0,0
-466185,0,0
-94020,0,0
500499,0,0
320122,0,0
-103295,0,0
-594681,0,0
-633095,0,0
-722595,0,0
-422164,0,0
-254744,0,0
250716,0,0
518257,0,0
98303,0,0
-441505,0,0
-781491,0,0
-815606,0,0
-726119,0,0
-286713,0,0
-6463,0,0
346543,0,0
150086,0,0
-314434,0,0
-585760,0,0
-749486,0,0
-719185,0,0
-573719,0,0
-75736,0,0
283339,0,0
512353,0,0
85146,0,0
-459768,0,0
-520725,0,0
-683151,0,0
-341842,0,0
-25697,0,0
223350,0,0
358516,0,0
106633,0,0
-424070,0,0
-658604,0,0
-721031,0,0
-866509,0,0
-261312,0,0
103128,0,0
355891,0,0
225360,0,0
-206301,0,0
-695358,0,0
-653001,0,0
-752809,0,0
-517223,0,0
223129,0,0
245935,0,0
362825,0,0
-27292,0,0
-399503,0,0
-733895,0,0
-724936,0,0
-807890,0,0
-113372,0,0
311100,0,0
184871,0,0
162918,0,0
-292971,0,0
-592244,0,0
-688721,0,0
-651047,0,0
-306516,0,0
554766,0,0
650251,0,0
511111,0,0
114086,0,0
-322148,0,0
-403741,0,0
-534283,0,0
-380282,0,0
228142,0,0
502192,0,0
194646,0,0
-97305,0,0
-526248,0,0
-745324,0,0
-586977,0,0
-688710,0,0
-139894,0,0
365032,0,0
412278,0,0
43519,0,0
-446320,0,0
-739733,0,0
-717762,0,0
-375705,0,0
-326597,0,0
312350,0,0
404426,0,0
162550,0,0
-356881,0,0
-662264,0,0
-938323,0,0
-742427,0,0
-514663,0,0
-100632,0,0
439375,0,0
274004,0,0
-144970,0,0
-655593,0,0
-749124,0,0
-773226,0,0
-325541,0,0
-46480,0,0
377430,0,0
606079,0,0
198808,0,0
-365439,0,0
-596821,0,0
-570941,0,0
-499403,0,0
-34683,0,0
171883,0,0
453750,0,0
190858,0,0
-305698,0,0
-644089,0,0
-642415,0,0
-504592,0,0
-176851,0,0
267814,0,0
496823,0,0
496692,0,0
46448,0,0
-470946,0,0
-326359,0,0
-608056,0,0
-171659,0,0
204363,0,0
373835,0,0
290926,0,0
-38749,0,0
-551176,0,0
-738586,0,0
-788384,0,0
-836035,0,0
-16721,0,0
214956,0,0
299997,0,0
-15954,0,0
-460823,0,0
-780329,0,0
-668238,0,0
-776704,0,0
-310245,0,0
361574,0,0
327217,0,0
171441,0,0
-327018,0,0
-604115,0,0
-786154,0,0
-689591,0,0
-650633,0,0
56746,0,0
302352,0,0
97205,0,0
-195834,0,0
-629388,0,0
-751617,0,0
-763073,0,0
-545012,0,0
-43808,0,0
608258,0,0
540743,0,0
178680,0,0
-339924,0,0
-610380,0,0
-536844,0,0
-531884,0,0
-125755,0,0
326582,0,0
440311,0,0
1377,0,0
-438884,0,0
-665432,0,0
-830754,0,0
-525050,0,0
-383555,0,0
217588,0,0
479211,0,0
340217,0,0
-119822,0,0
-467867,0,0
-564852,0,0
-470357,0,0
49302,0,0
224560,0,0
560095,0,0
469753,0,0
176580,0,0
-467795,0,0
-514152,0,0
-757187,0,0
-465014,0,0
-16186,0,0
185926,0,0
431822,0,0
147143,0,0
-354730,0,0
-740252,0,0
-609276,0,0
-565229,0,0
140051,0,0
344132,0,0
553359,0,0
458061,0,0
24655,0,0
-418416,0,0
-423558,0,0
-390571,0,0
-71579,0,0
405270,0,0
335029,0,0
242818,0,0
-73455,0,0
-491083,0,0
-537847,0,0
-644618,0,0
-304423,0,0
258444,0,0
684620,0,0
621925,0,0
311897,0,0
-82190,0,0
-343784,0,0
-186503,0,0
-366088,0,0
321475,0,0
629859,0,0
625791,0,0
256112,0,0
-151540,0,0
-548324,0,0
-442314,0,0
-508283,0,0
-402853,0,0
359390,0,0
440228,0,0
200173,0,0
-401730,0,0
-538081,0,0
-661833,0,0
-444382,0,0
-375723,0,0
157840,0,0
565805,0,0
374569,0,0
-153228,0,0
-644780,0,0
-769168,0,0
-912916,0,0
-640838,0,0
-258193,0,0
225933,0,0
134338,0,0
-332566,0,0
-717189,0,0
-881894,0,0
-905301,0,0
-847260,0,0
-312896,0,0
95773,0,0
377976,0,0
103622,0,0
-450735,0,0
-725540,0,0
-831671,0,0
-675760,0,0
-400493,0,0
62367,0,0
276205,0,0
81731,0,0
-491356,0,0
-802603,0,0
-852811,0,0
-966973,0,0
-481075,0,0
-65681,0,0
320405,0,0
177991,0,0
-175482,0,0
-652905,0,0
-788685,0,0
-765625,0,0
-373308,0,0
348130,0,0
391339,0,0
356144,0,0
43476,0,0
-265584,0,0
-629687,0,0
-604499,0,0
-756149,0,0
9143,0,0
383251,0,0
274044,0,0
15574,0,0
-341904,0,0
-596927,0,0
-719143,0,0
-517543,0,0
-105548,0,0
497727,0,0
467367,0,0
265265,0,0
-112016,0,0
-465144,0,0
-600303,0,0
-666570,0,0
-357983,0,0
143822,0,0
363285,0,0
4157,0,0
-370948,0,0
-683641,0,0
-884918,0,0
-767963,0,0
-641953,0,0
4172,0,0
294269,0,0
268523,0,0
-182448,0,0
-656015,0,0
-801956,0,0
-818442,0,0
-496394,0,0
-238837,0,0
185054,0,0
219375,0,0
-19348,0,0
-538177,0,0
-795694,0,0
-989109,0,0
-841175,0,0
-568675,0,0
-150921,0,0
316471,0,0
188680,0,0
-237332,0,0
-760909,0,0
-803766,0,0
-840527,0,0
-511452,0,0
-166439,0,0
267151,0,0
472166,0,0
190094,0,0
-500472,0,0
-675935,0,0
-620395,0,0
-602869,0,0
-136871,0,0
119979,0,0
394351,0,0
176045,0,0
-345685,0,0
-738322,0,0
-711101,0,0
-609692,0,0
-347464,0,0
213002,0,0
353062,0,0
294129,0,0
-74603,0,0
-566464,0,0
-657091,0,0
-835007,0,0
-401296,0,0
24775,0,0
233309,0,0
219180,0,0
-176127,0,0
-681447,0,0
-826178,0,0
-782471,0,0
-813757,0,0
-201162,0,0
148527,0,0
316029,0,0
-9775,0,0
-447937,0,0
-799007,0,0
-752108,0,0
-816793,0,0
-371480,0,0
305236,0,0
339115,0,0
184205,0,0
-286560,0,0
-590270,0,0
-804938,0,0
-764447,0,0
-717440,0,0
-28248,0,0
348812,0,0
140209,0,0
-79732,0,0
-495282,0,0
-700906,0,0
-821748,0,0
-653948,0,0
-213561,0,0
440488,0,0
532948,0,0
275178,0,0
-171455,0,0
-440476,0,0
-628925,0,0
-710767,0,0
-327243,0,0
131090,0,0
445737,0,0
181778,0,0
-254030,0,0
-639743,0,0
-797453,0,0
-692725,0,0
-618771,0,0
-32560,0,0
296288,0,0
333761,0,0
-39795,0,0
-521126,0,0
-688829,0,0
-742812,0,0
-503991,0,0
-220826,0,0
291278,0,0
331068,0,0
80490,0,0
-436481,0,0
-709954,0,0
-832295,0,0
-751666,0,0
-530122,0,0
-84966,0,0
322925,0,0
170729,0,0
-184731,0,0
-694519,0,0
-738246,0,0
-820593,0,0
-605470,0,0
-258973,0,0
163934,0,0
445769,0,0
135500,0,0
-431288,0,0
-712001,0,0
-748248,0,0
-780155,0,0
-406869,0,0
4149,0,0
312493,0,0
192888,0,0
-276631,0,0
-676522,0,0
-671138,0,0
-732233,0,0
-690337,0,0
-87049,0,0
307985,0,0
484140,0,0
223822,0,0
-446941,0,0
-743988,0,0
-738265,0,0
-613954,0,0
-228085,0,0
200082,0,0
348808,0,0
173406,0,0
-354745,0,0
-733423,0,0
-709347,0,0
-801568,0,0
-430278,0,0
858,0,0
366415,0,0
290252,0,0
-47943,0,0
-605775,0,0
-735251,0,0
-774024,0,0
-562031,0,0
53541,0,0
249399,0,0
334404,0,0
9926,0,0
-436441,0,0
-798929,0,0
-771308,0,0
-890121,0,0
-413820,0,0
128135,0,0
184254,0,0
265268,0,0
-209487,0,0
-704233,0,0
-902536,0,0
-759452,0,0
-642903,0,0
-119035,0,0
129350,0,0
256215,0,0
129206,0,0
-349096,0,0
-775660,0,0
-812217,0,0
-797962,0,0
-478257,0,0
79559,0,0
168085,0,0
225705,0,0
-161114,0,0
-612700,0,0
-755238,0,0
-745980,0,0
-622552,0,0
-253419,0,0
258011,0,0
282891,0,0
158573,0,0
-210584,0,0
-626506,0,0
-648296,0,0
-686905,0,0
-156002,0,0
278008,0,0
415403,0,0
216798,0,0
-157604,0,0
-592508,0,0
-723246,0,0
-650128,0,0
-479113,0,0
202005,0,0
430280,0,0
376878,0,0
-115246,0,0
-422915,0,0
-698046,0,0
-629576,0,0
-493060,0,0
83016,0,0
647703,0,0
619491,0,0
171733,0,0
-211466,0,0
-338294,0,0
-626305,0,0
-477464,0,0
-164527,0,0
399748,0,0
539207,0,0
160072,0,0
-383304,0,0
-339293,0,0
-311278,0,0
-423589,0,0
-55615,0,0
350269,0,0
714750,0,0
653687,0,0
139256,0,0
-268148,0,0
-305965,0,0
-414477,0,0
-239872,0,0
299182,0,0
500849,0,0
466046,0,0
-27651,0,0
-631557,0,0
-644514,0,0
-680345,0,0
-576237,0,0
-188887,0,0
329264,0,0
371758,0,0
194424,0,0
-312271,0,0
-553131,0,0
-497863,0,0
-489005,0,0
27936,0,0
242537,0,0
356809,0,0
164673,0,0
-204733,0,0
-760388,0,0
-750655,0,0
-874444,0,0
-519654,0,0
-32581,0,0
156666,0,0
284965,0,0
-20679,0,0
-609971,0,0
-900608,0,0
-764041,0,0
-706706,0,0
-62066,0,0
230949,0,0
267431,0,0
32904,0,0
-356610,0,0
-836946,0,0
-854137,0,0
-778011,0,0
-435670,0,0
83955,0,0
103081,0,0
102311,0,0
-340997,0,0
-773924,0,0
-887158,0,0
-814492,0,0
-614574,0,0
-239841,0,0
185516,0,0
208329,0,0
12776,0,0
-337445,0,0
-736081,0,0
-751683,0,0
-757641,0,0
-252161,0,0
180542,0,0
372241,0,0
119057,0,0
-283559,0,0
-710499,0,0
-825043,0,0
-748614,0,0
-579176,0,0
108632,0,0
366154,0,0
317791,0,0
-186339,0,0
-552314,0,0
-776710,0,0
-726442,0,0
-557357,0,0
38727,0,0
580405,0,0
539699,0,0
40701,0,0
-419561,0,0
-517580,0,0
-748823,0,0
-636247,0,0
-293269,0,0
234650,0,0
381774,0,0
47616,0,0
-436913,0,0
-491808,0,0
-682316,0,0
-777460,0,0
-369715,0,0
115687,0,0
448759,0,0
393449,0,0
-111895,0,0
-561282,0,0
-502041,0,0
-670473,0,0
-543218,0,0
8281,0,0
237892,0,0
319178,0,0
-79761,0,0
-578031,0,0
-615765,0,0
-748634,0,0
-666323,0,0
-258506,0,0
316587,0,0
421789,0,0
297742,0,0
-259027,0,0
-629819,0,0
-529162,0,0
-548565,0,0
-91287,0,0
226933,0,0
421045,0,0
283861,0,0
-24480,0,0
-673641,0,0
-742483,0,0
-817294,0,0
-554644,0,0
-16632,0,0
269303,0,0
329894,0,0
74179,0,0
-532743,0,0
-874094,0,0
-677545,0,0
-604220,0,0
-28195,0,0
272536,0,0
368394,0,0
196669,0,0
-91805,0,0
-730503,0,0
-718753,0,0
-631746,0,0
-295283,0,0
240280,0,0
260132,0,0
119892,0,0
-299373,0,0
-691389,0,0
-801819,0,0
-639861,0,0
-303728,0,0
24484,0,0
386059,0,0
242730,0,0
-111087,0,0
-252299,0,0
-597143,0,0
-532176,0,0
-370350,0,0
155957,0,0
450455,0,0
418613,0,0
-69123,0,0
-427099,0,0
-653238,0,0
-755447,0,0
-607312,0,0
-208513,0,0
250114,0,0
364498,0,0
83176,0,0
-525740,0,0
-572280,0,0
-703122,0,0
-637842,0,0
-234094,0,0
247993,0,0
469310,0,0
343772,0,0
-300072,0,0
-561498,0,0
-522160,0,0
-728198,0,0
-430179,0,0
-17349,0,0
288460,0,0
243338,0,0
-232225,0,0
-710930,0,0
-563332,0,0
-616103,0,0
-526074,0,0
84299,0,0
353077,0,0
462291,0,0
325578,0,0
-279708,0,0
-477727,0,0
-477576,0,0
-511072,0,0
-125705,0,0
329872,0,0
361343,0,0
150265,0,0
-329612,0,0
-785315,0,0
-715330,0,0
-820754,0,0
-461022,0,0
50063,0,0
376894,0,0
273604,0,0
-47384,0,0
-566549,0,0
-702130,0,0
-697121,0,0
-368675,0,0
247139,0,0
465084,0,0
318245,0,0
53357,0,0
-293035,0,0
-780935,0,0
-718151,0,0
-652474,0,0
-120603,0,0
318884,0,0
280085,0,0
831,0,0
-235237,0,0
-591479,0,0
-785661,0,0
-543077,0,0
-184399,0,0
383590,0,0
572354,0,0
293680,0,0
-57922,0,0
-160590,0,0
-612704,0,0
-622043,0,0
-263341,0,0
145274,0,0
433846,0,0
197419,0,0
-322948,0,0
-600366,0,0
-773042,0,0
-773275,0,0
-540559,0,0
82334,0,0
282789,0,0
386766,0,0
33748,0,0
-438978,0,0
-302849,0,0
-477382,0,0
-314536,0,0
95446,0,0
459439,0,0
446508,0,0
166842,0,0
-497531,0,0
-592492,0,0
-686649,0,0
-757428,0,0
-371399,0,0
78694,0,0
315806,0,0
187988,0,0
-339317,0,0
-807781,0,0
-663928,0,0
-790484,0,0
-388296,0,0
122904,0,0
343093,0,0
278701,0,0
44702,0,0
-740730,0,0
-707029,0,0
-642000,0,0
-620213,0,0
-78957,0,0
164787,0,0
152148,0,0
-144016,0,0
-614393,0,0
-903557,0,0
-642164,0,0
-648990,0,0
-380853,0,0
154952,0,0
239305,0,0
121371,0,0
-79556,0,0
-708769,0,0
-760595,0,0
-698122,0,0
-428107,0,0
69918,0,0
338897,0,0
151734,0,0
-238161,0,0
-675873,0,0
-895719,0,0
-744692,0,0
-605370,0,0
-49439,0,0
361677,0,0
311729,0,0
-102549,0,0
-468368,0,0
-741108,0,0
-757476,0,0
-582225,0,0
-102087,0,0
437303,0,0
485792,0,0
28065,0,0
-295085,0,0
-427894,0,0
-779350,0,0
-687320,0,0
-331144,0,0
194359,0,0
445240,0,0
140319,0,0
-405026,0,0
-370102,0,0
-516844,0,0
-785302,0,0
-296490,0,0
239747,0,0
611986,0,0
573110,0,0
20149,0,0
-427614,0,0
-282483,0,0
-554102,0,0
-434095,0,0
148641,0,0
319897,0,0
415328,0,0
42760,0,0
-658931,0,0
-623833,0,0
-798851,0,0
-802161,0,0
-259390,0,0
256204,0,0
331134,0,0
229492,0,0
-300454,0,0
-651973,0,0
-459358,0,0
-532160,0,0
-172494,0,0
261501,0,0
366069,0,0
231783,0,0
-189778,0,0
-709041,0,0
-599890,0,0
-633634,0,0
-541678,0,0
-138,0,0
297741,0,0
257776,0,0
85201,0,0
-553123,0,0
-810460,0,0
-474006,0,0
-285201,0,0
244901,0,0
571647,0,0
548301,0,0
310719,0,0
140039,0,0
-451979,0,0
-388850,0,0
-209187,0,0
-25313,0,0
406588,0,0
417185,0,0
-22624,0,0
-393853,0,0
-763012,0,0
-906081,0,0
-558866,0,0
-105153,0,0
255835,0,0
508804,0,0
236021,0,0
-206965,0,0
-173812,0,0
-400029,0,0
-379826,0,0
-39571,0,0
352390,0,0
663244,0,0
558100,0,0
22892,0,0
-315154,0,0
-366339,0,0
-534336,0,0
-228873,0,0
224018,0,0
542827,0,0
638090,0,0
289057,0,0
-222083,0,0
-119953,0,0
-223501,0,0
-169486,0,0
330828,0,0
662253,0,0
719082,0,0
568806,0,0
-191498,0,0
-258058,0,0
-221871,0,0
-490527,0,0
-118884,0,0
235186,0,0
310679,0,0
169888,0,0
-332745,0,0
-968076,0,0
-728572,0,0
-779344,0,0
-658410,0,0
82518,0,0
289838,0,0
211994,0,0
56802,0,0
-669573,0,0
-879312,0,0
-686606,0,0
-697961,0,0
-247139,0,0
202006,0,0
89454,0,0
-210305,0,0
-684248,0,0
-1061484,0,0
-932281,0,0
-843665,0,0
-442483,0,0
130011,0,0
198017,0,0
-56664,0,0
-398202,0,0
-843202,0,0
-915887,0,0
-616161,0,0
-163691,0,0
385627,0,0
574326,0,0
280793,0,0
-31682,0,0
-334421,0,0
-678218,0,0
-550008,0,0
-416665,0,0
64386,0,0
486416,0,0
343698,0,0
-263436,0,0
-324711,0,0
-562524,0,0
-783500,0,0
-346531,0,0
54959,0,0
449890,0,0
543317,0,0
113705,0,0
-316612,0,0
-257065,0,0
-679215,0,0
-586701,0,0
-32275,0,0
226594,0,0
366489,0,0
6700,0,0
-712082,0,0
-833238,0,0
-915892,0,0
-911138,0,0
-442380,0,0
85854,0,0
185271,0,0
96685,0,0
-439198,0,0
-834872,0,0
-549452,0,0
-656182,0,0
-410667,0,0
116823,0,0
284036,0,0
215318,0,0
-213272,0,0
-758012,0,0
-746415,0,0
-785946,0,0
-752083,0,0
-122107,0,0
281775,0,0
287442,0,0
164317,0,0
-479048,0,0
-811256,0,0
-613724,0,0
-457154,0,0
160470,0,0
550824,0,0
541610,0,0
306707,0,0
204522,0,0
-368048,0,0
-253751,0,0
-141665,0,0
-62598,0,0
391348,0,0
445221,0,0
-6279,0,0
-402875,0,0
-761649,0,0
-944094,0,0
-610721,0,0
-281467,0,0
45931,0,0
407868,0,0
166573,0,0
-323317,0,0
-382235,0,0
-727036,0,0
-690361,0,0
-354262,0,0
-26367,0,0
386891,0,0
376207,0,0
-128035,0,0
-487760,0,0
-611002,0,0
-914052,0,0
-707401,0,0
-189700,0,0
239085,0,0
485607,0,0
95215,0,0
-408045,0,0
-485585,0,0
-662064,0,0
-408211,0,0
280626,0,0
587279,0,0
669620,0,0
559243,0,0
-104164,0,0
-161167,0,0
-81606,0,0
-335712,0,0
34977,0,0
389010,0,0
509948,0,0
461356,0,0
6825,0,0
-736959,0,0
-386064,0,0
-431425,0,0
-318295,0,0
410467,0,0
549289,0,0
495637,0,0
420668,0,0
-110281,0,0
-322108,0,0
-175775,0,0
-270423,0,0
244998,0,0
644739,0,0
468915,0,0
226607,0,0
-254978,0,0
-900495,0,0
-635480,0,0
-570176,0,0
-233450,0,0
394883,0,0
490518,0,0
260660,0,0
-37840,0,0
-384050,0,0
-351651,0,0
-110837,0,0
182204,0,0
575446,0,0
741608,0,0
369094,0,0
83883,0,0
-247453,0,0
-580949,0,0
-388684,0,0
-205750,0,0
98048,0,0
510329,0,0
423491,0,0
-206148,0,0
-331126,0,0
-641458,0,0
-817753,0,0
-315032,0,0
92644,0,0
433338,0,0
504860,0,0
110421,0,0
-197692,0,0
-38420,0,0
-455271,0,0
-283207,0,0
250117,0,0
354242,0,0
467888,0,0
196868,0,0
-605921,0,0
-705281,0,0
-761458,0,0
-859086,0,0
-160667,0,0
239337,0,0
335398,0,0
247046,0,0
-264379,0,0
-676845,0,0
-328745,0,0
-523268,0,0
-143213,0,0
319269,0,0
375876,0,0
285311,0,0
-168854,0,0
-709465,0,0
-755747,0,0
-673764,0,0
-589832,0,0
35000,0,0
272291,0,0
80933,0,0
-133188,0,0
-692776,0,0
-937534,0,0
-578313,0,0
-430202,0,0
112684,0,0
468481,0,0
307721,0,0
20736,0,0
-45974,0,0
-665239,0,0
-537136,0,0
-327896,0,0
-173269,0,0
308268,0,0
334497,0,0
-173588,0,0
-495762,0,0
-879207,0,0
-1068928,0,0
-595365,0,0
-221975,0,0
56075,0,0
370168,0,0
115759,0,0
-276165,0,0
-136144,0,0
-516030,0,0
-452149,0,0
-1865,0,0
209555,0,0
540050,0,0
427795,0,0
-116988,0,0
-351318,0,0
-446888,0,0
-781318,0,0
-393634,0,0
177518,0,0
398141,0,0
572307,0,0
110219,0,0
-341313,0,0
-297225,0,0
-363785,0,0
-154788,0,0
512585,0,0
656919,0,0
686354,0,0
580238,0,0
-142456,0,0
-79491,0,0
1007,0,0
-241484,0,0
249534,0,0
540102,0,0
505615,0,0
410102,0,0
-20832,0,0
-705691,0,0
-285280,0,0
-349385,0,0
-163513,0,0
473253,0,0
598650,0,0
426813,0,0
360422,0,0
-160858,0,0
-235319,0,0
-2075,0,0
-110485,0,0
325680,0,0
636195,0,0
373634,0,0
49036,0,0
-237423,0,0
-714811,0,0
-522341,0,0
-350134,0,0
-93043,0,0
496276,0,0
429370,0,0
98513,0,0
-228382,0,0
-392876,0,0
-532253,0,0
-164148,0,0
220273,0,0
643188,0,0
735194,0,0
187603,0,0
-87862,0,0
-405877,0,0
-764026,0,0
-513096,0,0
-55367,0,0
181017,0,0
402866,0,0
70600,0,0
-746322,0,0
-571813,0,0
-759562,0,0
-913406,0,0
-202732,0,0
148773,0,0
287298,0,0
250929,0,0
-210196,0,0
-478058,0,0
-300740,0,0
-701414,0,0
-267335,0,0
303036,0,0
247450,0,0
130596,0,0
-322229,0,0
-1136927,0,0
-994654,0,0
-999066,0,0
-824702,0,0
49574,0,0
210088,0,0
87765,0,0
-238978,0,0
-772022,0,0
-918596,0,0
-547339,0,0
-532600,0,0
-14841,0,0
375608,0,0
160222,0,0
-89742,0,0
-567184,0,0
-1024303,0,0
-814246,0,0
-629160,0,0
-399621,0,0
188546,0,0
198342,0,0
-291769,0,0
-426264,0,0
-815340,0,0
-938010,0,0
-527815,0,0
-133440,0,0
261553,0,0
440310,0,0
28793,0,0
-369324,0,0
-229183,0,0
-631551,0,0
-380157,0,0
98473,0,0
202966,0,0
381386,0,0
139245,0,0
-598783,0,0
-618203,0,0
-696805,0,0
-947185,0,0
-168756,0,0
253069,0,0
338640,0,0
273313,0,0
-149695,0,0
-527651,0,0
-200390,0,0
-442654,0,0
-105611,0,0
501341,0,0
473242,0,0
416273,0,0
-14408,0,0
-617979,0,0
-685629,0,0
-691486,0,0
-799289,0,0
-78913,0,0
242842,0,0
103486,0,0
-75018,0,0
-771080,0,0
-970943,0,0
-679337,0,0
-567929,0,0
-156324,0,0
296873,0,0
133962,0,0
-125844,0,0
-152618,0,0
-671406,0,0
-436157,0,0
-216300,0,0
-39521,0,0
352490,0,0
406201,0,0
-60925,0,0
-352414,0,0
-619353,0,0
-972385,0,0
-354749,0,0
59854,0,0
367567,0,0
667661,0,0
435352,0,0
4939,0,0
80040,0,0
-228561,0,0
-148981,0,0
363164,0,0
417549,0,0
662313,0,0
530289,0,0
36750,0,0
-293056,0,0
-424696,0,0
-876263,0,0
-355180,0,0
97966,0,0
206176,0,0
303470,0,0
-182923,0,0
-519495,0,0
-492311,0,0
-649540,0,0
-459929,0,0
247122,0,0
371729,0,0
305171,0,0
99634,0,0
-591742,0,0
-475862,0,0
-380040,0,0
-496929,0,0
59360,0,0
346109,0,0
207118,0,0
8374,0,0
-526109,0,0
-1049452,0,0
-593893,0,0
-634250,0,0
-306117,0,0
360843,0,0
452612,0,0
212591,0,0
33741,0,0
-532835,0,0
-478649,0,0
-140964,0,0
-31278,0,0
489526,0,0
641593,0,0
265364,0,0
-180457,0,0
-506181,0,0
-987356,0,0
-685494,0,0
-359650,0,0
-134604,0,0
376550,0,0
133085,0,0
-241421,0,0
-543532,0,0
-781203,0,0
-805156,0,0
-224944,0,0
140934,0,0
365695,0,0
269582,0,0
-404589,0,0
-580739,0,0
-785810,0,0
-1017964,0,0
-640016,0,0
-130430,0,0
8193,0,0
108580,0,0
-283985,0,0
-925564,0,0
-746607,0,0
-971677,0,0
-833233,0,0
-70863,0,0
239039,0,0
246854,0,0
84736,0,0
-550759,0,0
-755096,0,0
-389518,0,0
-661027,0,0
-74260,0,0
359635,0,0
228579,0,0
-84600,0,0
-567279,0,0
-1057261,0,0
-891655,0,0
-901201,0,0
-654050,0,0
73024,0,0
137386,0,0
-57338,0,0
-425732,0,0
-906040,0,0
-968822,0,0
-728231,0,0
-718680,0,0
-220081,0,0
154082,0,0
-20254,0,0
-272489,0,0
-756762,0,0
-1006987,0,0
-908448,0,0
-863359,0,0
-590143,0,0
8807,0,0
80985,0,0
-123191,0,0
-367536,0,0
-858367,0,0
-1001260,0,0
-861547,0,0
-706146,0,0
-200513,0,0
294401,0,0
93119,0,0
-273062,0,0
-559438,0,0
-992143,0,0
-815731,0,0
-734668,0,0
-439003,0,0
121115,0,0
230153,0,0
-71140,0,0
-431462,0,0
-816738,0,0
-992425,0,0
-727976,0,0
-633258,0,0
-212156,0,0
268164,0,0
243300,0,0
-130803,0,0
-425159,0,0
-910237,0,0
-834640,0,0
-595164,0,0
-383811,0,0
218088,0,0
287195,0,0
-40619,0,0
-407105,0,0
-741288,0,0
-994737,0,0
-759840,0,0
-546392,0,0
-199661,0,0
441403,0,0
213260,0,0
-199779,0,0
-602951,0,0
-846998,0,0
-863235,0,0
-582533,0,0
-276132,0,0
191241,0,0
360367,0,0
-38956,0,0
-407388,0,0
-712640,0,0
-855409,0,0
-732765,0,0
-447198,0,0
-170867,0,0
318757,0,0
217867,0,0
-231071,0,0
-496380,0,0
-829542,0,0
-857421,0,0
-657532,0,0
-273097,0,0
165690,0,0
402070,0,0
17858,0,0
-466371,0,0
-589424,0,0
-879742,0,0
-679098,0,0
-362115,0,0
-58040,0,0
298602,0,0
204378,0,0
-246107,0,0
-538579,0,0
-749080,0,0
-883159,0,0
-533141,0,0
-205481,0,0
146893,0,0
438472,0,0
62436,0,0
-450006,0,0
-535190,0,0
-810788,0,0
-722028,0,0
-210540,0,0
-24534,0,0
363503,0,0
266397,0,0
-289774,0,0
-642555,0,0
-763748,0,0
-933623,0,0
-587972,0,0
-127201,0,0
34524,0,0
362663,0,0
33215,0,0
-428922,0,0
-744956,0,0
-857538,0,0
-814970,0,0
-372572,0,0
-38516,0,0
295605,0,0
308365,0,0
-256672,0,0
-608496,0,0
-753217,0,0
-824595,0,0
-689214,0,0
-191895,0,0
23484,0,0
316319,0,0
147186,0,0
-407376,0,0
-567557,0,0
-828280,0,0
-813564,0,0
-417554,0,0
-9712,0,0
241226,0,0
347862,0,0
-143745,0,0
-529829,0,0
-527202,0,0
-860244,0,0
-622838,0,0
-180871,0,0
72927,0,0
280297,0,0
141990,0,0
-427145,0,0
-622579,0,0
-780811,0,0
-857791,0,0
-416372,0,0
-110249,0,0
173141,0,0
331624,0,0
-32431,0,0
-505897,0,0
-545985,0,0
-798614,0,0
-712479,0,0
-166996,0,0
47194,0,0
368259,0,0
217350,0,0
-340857,0,0
-606841,0,0
-696485,0,0
-857010,0,0
-442071,0,0
-4012,0,0
110088,0,0
431617,0,0
-5789,0,0
-484508,0,0
-683255,0,0
-776620,0,0
-706471,0,0
-112674,0,0
106299,0,0
328824,0,0
212618,0,0
-370967,0,0
-571607,0,0
-669216,0,0
-833771,0,0
-536309,0,0
-7958,0,0
108314,0,0
309390,0,0
33362,0,0
-569636,0,0
-616204,0,0
-821622,0,0
-815994,0,0
-313935,0,0
69765,0,0
270685,0,0
283777,0,0
-272914,0,0
-659831,0,0
-633013,0,0
-874152,0,0
-588220,0,0
-109673,0,0
98500,0,0
269830,0,0
110099,0,0
-488959,0,0
-676300,0,0
-822375,0,0
-890845,0,0
-348493,0,0
-29348,0,0
176142,0,0
335172,0,0
-90623,0,0
-579622,0,0
-596820,0,0
-833466,0,0
-693771,0,0
-103153,0,0
58211,0,0
354529,0,0
228403,0,0
-353533,0,0
-663538,0,0
-713266,0,0
-850815,0,0
-446985,0,0
19395,0,0
140239,0,0
410560,0,0
-4524,0,0
-479834,0,0
-650432,0,0
-717439,0,0
-693137,0,0
-64814,0,0
125937,0,0
303323,0,0
276759,0,0
-348429,0,0
-593712,0,0
-672593,0,0
-735383,0,0
-409835,0,0
35946,0,0
66864,0,0
339029,0,0
-1251,0,0
-594672,0,0
-551484,0,0
-764922,0,0
-739428,0,0
-163157,0,0
203863,0,0
311923,0,0
225954,0,0
-364425,0,0
-676513,0,0
-527931,0,0
-800525,0,0
-386152,0,0
95586,0,0
218860,0,0
316901,0,0
-635,0,0
-653641,0,0
-618247,0,0
-709155,0,0
-749359,0,0
27082,0,0
254225,0,0
276626,0,0
223316,0,0
-267698,0,0
-642641,0,0
-443013,0,0
-663215,0,0
-385840,0,0
359383,0,0
340389,0,0
361005,0,0
-93401,0,0
-606784,0,0
-649049,0,0
-633974,0,0
-679770,0,0
11353,0,0
269536,0,0
195892,0,0
213010,0,0
-389428,0,0
-672021,0,0
-676673,0,0
-666734,0,0
-327737,0,0
345147,0,0
280707,0,0
178173,0,0
-166890,0,0
-701751,0,0
-607541,0,0
-646145,0,0
-627967,0,0
-64205,0,0
255710,0,0
148015,0,0
86181,0,0
-437668,0,0
-837943,0,0
-601042,0,0
-765724,0,0
-417508,0,0
194749,0,0
316635,0,0
204357,0,0
-169644,0,0
-677192,0,0
-711700,0,0
-535396,0,0
-629466,0,0
64452,0,0
468168,0,0
284029,0,0
-30585,0,0
-506414,0,0
-886310,0,0
-683101,0,0
-649832,0,0
-353606,0,0
404415,0,0
350514,0,0
121675,0,0
-263214,0,0
-647228,0,0
-738993,0,0
-452623,0,0
-453319,0,0
131456,0,0
601897,0,0
205323,0,0
-123358,0,0
-562150,0,0
-740504,0,0
-670897,0,0
-501776,0,0
-237550,0,0
405990,0,0
373261,0,0
-23091,0,0
-311081,0,0
-701988,0,0
-751044,0,0
-632857,0,0
-242220,0,0
245090,0,0
624453,0,0
251709,0,0
-206962,0,0
-281864,0,0
-716673,0,0
-456914,0,0
-117470,0,0
169160,0,0
498999,0,0
389488,0,0
-173070,0,0
-434903,0,0
-655949,0,0
-830851,0,0
-219209,0,0
80035,0,0
415928,0,0
485171,0,0
149935,0,0
-403960,0,0
-288408,0,0
-594382,0,0
-480867,0,0
264984,0,0
360465,0,0
545877,0,0
153204,0,0
-458571,0,0
-713173,0,0
-734677,0,0
-839913,0,0
-224257,0,0
146425,0,0
90798,0,0
283999,0,0
-259082,0,0
-655486,0,0
-785764,0,0
-805952,0,0
-612932,0,0
159283,0,0
275993,0,0
249046,0,0
-83648,0,0
-722893,0,0
-729092,0,0
-766208,0,0
-789239,0,0
-281200,0,0
117005,0,0
72088,0,0
155424,0,0
-310366,0,0
-837998,0,0
-660552,0,0
-863009,0,0
-685060,0,0
-58746,0,0
181639,0,0
241335,0,0
9685,0,0
-628383,0,0
-798781,0,0
-576831,0,0
-837304,0,0
-241948,0,0
168190,0,0
170736,0,0
167590,0,0
-262610,0,0
-820780,0,0
-699537,0,0
-775662,0,0
-733023,0,0
89807,0,0
220977,0,0
241422,0,0
7111,0,0
-532147,0,0
-725603,0,0
-437419,0,0
-659844,0,0
-174020,0,0
522309,0,0
408990,0,0
213264,0,0
-294578,0,0
-575349,0,0
-550153,0,0
-480659,0,0
-445612,0,0
260031,0,0
449656,0,0
204435,0,0
-37573,0,0
-576269,0,0
-687202,0,0
-558064,0,0
-460124,0,0
20540,0,0
630381,0,0
380203,0,0
-12458,0,0
-324181,0,0
-780832,0,0
-585119,0,0
-500362,0,0
-175581,0,0
322106,0,0
310598,0,0
-67296,0,0
-377160,0,0
-703501,0,0
-900000,0,0
-571749,0,0
-441988,0,0
49347,0,0
371413,0,0
228872,0,0
-264451,0,0
-599508,0,0
-837469,0,0
-752964,0,0
-309311,0,0
-219309,0,0
297530,0,0
370471,0,0
-38969,0,0
-490527,0,0
-741910,0,0
-978801,0,0
-710699,0,0
-373563,0,0
-71738,0,0
461368,0,0
138115,0,0
-288691,0,0
-677356,0,0
-796794,0,0
-846997,0,0
-501667,0,0
-205823,0,0
206921,0,0
397283,0,0
-126387,0,0
-468831,0,0
-742192,0,0
-855442,0,0
-723662,0,0
-400724,0,0
-113732,0,0
329643,0,0
238017,0,0
-246984,0,0
-544568,0,0
-804606,0,0
-796525,0,0
-622116,0,0
-227430,0,0
173607,0,0
505486,0,0
47224,0,0
-457656,0,0
-611845,0,0
-878633,0,0
-630441,0,0
-321193,0,0
-9483,0,0
340627,0,0
286382,0,0
-190888,0,0
-523122,0,0
-711145,0,0
-857121,0,0
-476832,0,0
-182237,0,0
250259,0,0
437825,0,0
97371,0,0
-440760,0,0
-536425,0,0
-756891,0,0
-626226,0,0
11342,0,0
134600,0,0
455345,0,0
250744,0,0
-284961,0,0
-653486,0,0
-687796,0,0
-875186,0,0
-422359,0,0
21255,0,0
120790,0,0
423218,0,0
-45885,0,0
-512093,0,0
-726777,0,0
-734052,0,0
-692990,0,0
2172,0,0
200637,0,0
397972,0,0
231062,0,0
-416404,0,0
-633410,0,0
-714945,0,0
-752902,0,0
-302284,0,0
179564,0,0
125004,0,0
330466,0,0
-82806,0,0
-653497,0,0
-583365,0,0
-724509,0,0
-576428,0,0
17368,0,0
335872,0,0
336128,0,0
78165,0,0
-533678,0,0
-649632,0,0
-398314,0,0
-690375,0,0
-87617,0,0
349192,0,0
368154,0,0
208503,0,0
-260237,0,0
-829740,0,0
-692770,0,0
-673016,0,0
-580857,0,0
244208,0,0
353809,0,0
238220,0,0
-125936,0,0
-547261,0,0
-719316,0,0
-462232,0,0
-641002,0,0
-110027,0,0
505956,0,0
318738,0,0
107754,0,0
-427045,0,0
-675300,0,0
-732418,0,0
-641891,0,0
-415412,0,0
302961,0,0
446136,0,0
112143,0,0
-166053,0,0
-651937,0,0
-690151,0,0
-598099,0,0
-442071,0,0
74823,0,0
648436,0,0
402067,0,0
-62271,0,0
-394941,0,0
-755227,0,0
-610550,0,0
-522201,0,0
-160034,0,0
344505,0,0
369731,0,0
-79169,0,0
-434382,0,0
-731403,0,0
-929166,0,0
-588278,0,0
-386580,0,0
109873,0,0
391938,0,0
179712,0,0
-316041,0,0
-600738,0,0
-806742,0,0
-736117,0,0
-306237,0,0
-91942,0,0
374233,0,0
312356,0,0
-98510,0,0
-596568,0,0
-724189,0,0
-921472,0,0
-535470,0,0
-116046,0,0
62198,0,0
494876,0,0
95202,0,0
-396041,0,0
-693755,0,0
-702407,0,0
-714023,0,0
-16221,0,0
189191,0,0
411068,0,0
324346,0,0
-287637,0,0
-654016,0,0
-735577,0,0
-769602,0,0
-445300,0,0
71847,0,0
88279,0,0
332910,0,0
-52253,0,0
-606776,0,0
-679320,0,0
-819595,0,0
-733104,0,0
-218890,0,0
175578,0,0
261004,0,0
225536,0,0
-394216,0,0
-712470,0,0
-629454,0,0
-858331,0,0
-400166,0,0
31353,0,0
233498,0,0
290576,0,0
-67198,0,0
-662133,0,0
-746846,0,0
-708525,0,0
-797424,0,0
-90220,0,0
143263,0,0
293770,0,0
145895,0,0
-344763,0,0
-700783,0,0
-530830,0,0
-763891,0,0
-433549,0,0
293083,0,0
247344,0,0
370182,0,0
-99602,0,0
-606379,0,0
-733412,0,0
-722264,0,0
-742964,0,0
-24782,0,0
317508,0,0
161974,0,0
127808,0,0
-473636,0,0
-669441,0,0
-719355,0,0
-694466,0,0
-300290,0,0
409319,0,0
364877,0,0
199154,0,0
-213603,0,0
-675288,0,0
-645371,0,0
-703117,0,0
-513692,0,0
70562,0,0
347095,0,0
97055,0,0
-45026,0,0
-497625,0,0
-810290,0,0
-657445,0,0
-804034,0,0
-275069,0,0
216937,0,0
363309,0,0
118120,0,0
-290202,0,0
-710174,0,0
-748753,0,0
-583887,0,0
-576370,0,0
103256,0,0
358208,0,0
228838,0,0
-106880,0,0
-538425,0,0
-863114,0,0
-660895,0,0
-642817,0,0
-318598,0,0
372946,0,0
301101,0,0
89490,0,0
-399566,0,0
-633029,0,0
-687983,0,0
-432480,0,0
-461906,0,0
86661,0,0
553437,0,0
267768,0,0
-121525,0,0
-610945,0,0
-739272,0,0
-718121,0,0
-586354,0,0
-245822,0,0
330961,0,0
286226,0,0
-66884,0,0
-400632,0,0
-732615,0,0
-764934,0,0
-735592,0,0
-411592,0,0
58490,0,0
487163,0,0
129711,0,0
-280501,0,0
-596517,0,0
-830124,0,0
-657175,0,0
-547954,0,0
-129463,0,0
311943,0,0
347056,0,0
-80851,0,0
-406415,0,0
-671033,0,0
-811192,0,0
-513918,0,0
-309857,0,0
269467,0,0
448636,0,0
206588,0,0
-291921,0,0
-508631,0,0
-679015,0,0
-547698,0,0
45485,0,0
110812,0,0
500623,0,0
372860,0,0
-27621,0,0
-567538,0,0
-669484,0,0
-905508,0,0
-531587,0,0
-110565,0,0
70766,0,0
433580,0,0
-8843,0,0
-481212,0,0
-753239,0,0
-782541,0,0
-780675,0,0
-261610,0,0
-52082,0,0
215181,0,0
336374,0,0
-269038,0,0
-653954,0,0
-816434,0,0
-829722,0,0
-625808,0,0
-139839,0,0
-30714,0,0
272484,0,0
21013,0,0
-496271,0,0
-650979,0,0
-819932,0,0
-786425,0,0
-492525,0,0
-42820,0,0
243156,0,0
402172,0,0
-214294,0,0
-675579,0,0
-667960,0,0
-830811,0,0
-540250,0,0
-157692,0,0
143703,0,0
333451,0,0
130267,0,0
-418079,0,0
-664170,0,0
-736002,0,0
-893259,0,0
-326386,0,0
37495,0,0
325165,0,0
305327,0,0
-106330,0,0
-616386,0,0
-666441,0,0
-781298,0,0
-563388,0,0
94033,0,0
192215,0,0
360539,0,0
93068,0,0
-402274,0,0
-719417,0,0
-689253,0,0
-810101,0,0
-288757,0,0
119211,0,0
133032,0,0
377900,0,0
-108261,0,0
-529008,0,0
-714381,0,0
-679632,0,0
-538886,0,0
274835,0,0
439267,0,0
455525,0,0
184933,0,0
-360212,0,0
-535109,0,0
-644438,0,0
-540755,0,0
96312,0,0
544848,0,0
353087,0,0
172932,0,0
-286174,0,0
-655805,0,0
-378397,0,0
-436166,0,0
58987,0,0
603853,0,0
742118,0,0
492667,0,0
80615,0,0
-83733,0,0
15395,0,0
351249,0,0
281687,0,0
870589,0,0
1025028,0,0
932027,0,0
522143,0,0
223128,0,0
-149233,0,0
-41498,0,0
18288,0,0
164001,0,0
771426,0,0
689375,0,0
376457,0,0
-186898,0,0
-145167,0,0
-259852,0,0
101160,0,0
185115,0,0
608762,0,0
914321,0,0
628957,0,0
122672,0,0
-309354,0,0
-396034,0,0
-374554,0,0
23183,0,0
134323,0,0
422499,0,0
241656,0,0
-248177,0,0
-613058,0,0
-679183,0,0
-452080,0,0
-123486,0,0
328038,0,0
571002,0,0
676534,0,0
290127,0,0
-136893,0,0
-105514,0,0
-300250,0,0
29535,0,0
370531,0,0
580609,0,0
629632,0,0
393115,0,0
-54018,0,0
-277560,0,0
-277905,0,0
-536004,0,0
278127,0,0
520516,0,0
664932,0,0
398145,0,0
172897,0,0
-172625,0,0
-3147,0,0
-72106,0,0
356083,0,0
1000407,0,0
917463,0,0
819359,0,0
510617,0,0
261737,0,0
61597,0,0
100805,0,0
-61419,0,0
623881,0,0
825216,0,0
622193,0,0
331432,0,0
85171,0,0
51034,0,0
137024,0,0
359470,0,0
645213,0,0
1096912,0,0
953934,0,0
674522,0,0
419421,0,0
150133,0,0
222105,0,0
247635,0,0
389124,0,0
679811,0,0
734854,0,0
369829,0,0
30072,0,0
-182805,0,0
-328342,0,0
36680,0,0
66104,0,0
548006,0,0
655298,0,0
545705,0,0
148992,0,0
-123891,0,0
-261808,0,0
-56620,0,0
539806,0,0
495769,0,0
699937,0,0
615300,0,0
414832,0,0
-68605,0,0
-91710,0,0
-421676,0,0
-7976,0,0
364497,0,0
341295,0,0
376769,0,0
144444,0,0
-194673,0,0
-505494,0,0
-353537,0,0
-134637,0,0
581875,0,0
579211,0,0
641692,0,0
532839,0,0
106800,0,0
-118152,0,0
-229439,0,0
-160470,0,0
281317,0,0
588914,0,0
401956,0,0
248793,0,0
-24928,0,0
-371290,0,0
-265935,0,0
-293032,0,0
200920,0,0
603914,0,0
755316,0,0
592496,0,0
333118,0,0
114012,0,0
128416,0,0
505004,0,0
484814,0,0
955622,0,0
1034553,0,0
966277,0,0
633782,0,0
521894,0,0
230095,0,0
385913,0,0
561127,0,0
649992,0,0
1032980,0,0
979007,0,0
754336,0,0
398165,0,0
444423,0,0
384667,0,0
848345,0,0
811141,0,0
1011431,0,0
1194664,0,0
968101,0,0
673447,0,0
377349,0,0
267234,0,0
328886,0,0
564059,0,0
441062,0,0
509810,0,0
250573,0,0
-208860,0,0
-370470,0,0
-463169,0,0
-237863,0,0
84292,0,0
404628,0,0
389610,0,0
259450,0,0
-132422,0,0
-458448,0,0
-284289,0,0
-397453,0,0
63630,0,0
260450,0,0
287778,0,0
-4241,0,0
-232079,0,0
-572221,0,0
-582775,0,0
-572321,0,0
-557694,0,0
78016,0,0
180377,0,0
78079,0,0
-363072,0,0
-436204,0,0
-522787,0,0
-177112,0,0
-170117,0,0
180089,0,0
582077,0,0
451791,0,0
93473,0,0
-169263,0,0
-245856,0,0
-297899,0,0
-69916,0,0
-5959,0,0
315676,0,0
223083,0,0
-116625,0,0
-376840,0,0
-407433,0,0
-229219,0,0
25022,0,0
419455,0,0
581137,0,0
710010,0,0
481248,0,0
226581,0,0
258596,0,0
50659,0,0
402769,0,0
562197,0,0
687110,0,0
581642,0,0
370983,0,0
-44823,0,0
-163877,0,0
-163716,0,0
-217247,0,0
388761,0,0
430911,0,0
363912,0,0
-22615,0,0
-208250,0,0
-473987,0,0
-341451,0,0
-417306,0,0
68845,0,0
505066,0,0
352554,0,0
7947,0,0
-369201,0,0
-540311,0,0
-719144,0,0
-476428,0,0
-379748,0,0
-8762,0,0
-53428,0,0
-410515,0,0
-843466,0,0
-974823,0,0
-908151,0,0
-777319,0,0
-288246,0,0
12889,0,0
224691,0,0
-62034,0,0
-529451,0,0
-709519,0,0
-898794,0,0
-598846,0,0
-239762,0,0
40337,0,0
53741,0,0
-132690,0,0
-579276,0,0
-919137,0,0
-945095,0,0
-970772,0,0
-233260,0,0
16347,0,0
148493,0,0
-183768,0,0
-415698,0,0
-722458,0,0
-693382,0,0
-745224,0,0
-307988,0,0
259736,0,0
202346,0,0
578,0,0
-339240,0,0
-624074,0,0
-884406,0,0
-749539,0,0
-698483,0,0
-202172,0,0
-2319,0,0
-319555,0,0
-714673,0,0
-854014,0,0
-934345,0,0
-1000469,0,0
-555534,0,0
-141470,0,0
308103,0,0
221021,0,0
-243185,0,0
-592327,0,0
-788662,0,0
-700497,0,0
-406239,0,0
-73613,0,0
98455,0,0
70595,0,0
-336380,0,0
-708057,0,0
-776233,0,0
-982565,0,0
-485677,0,0
-135140,0,0
197636,0,0
116787,0,0
-84741,0,0
-571926,0,0
-694967,0,0
-705027,0,0
-409738,0,0
257157,0,0
313826,0,0
268321,0,0
-10004,0,0
-373453,0,0
-853350,0,0
-728949,0,0
-850484,0,0
-277441,0,0
48635,0,0
-97906,0,0
-467198,0,0
-709209,0,0
-1017614,0,0
-1123173,0,0
-885387,0,0
-435099,0,0
177747,0,0
204040,0,0
-78287,0,0
-498316,0,0
-886609,0,0
-1042920,0,0
-1069507,0,0
-634060,0,0
-237880,0,0
-50077,0,0
-424067,0,0
-789314,0,0
-1113314,0,0
-1235899,0,0
-1139329,0,0
-850113,0,0
-208941,0,0
22018,0,0
-68192,0,0
-552071,0,0
-991049,0,0
-981233,0,0
-923471,0,0
-430856,0,0
-198701,0,0
91090,0,0
-27249,0,0
-317069,0,0
-923994,0,0
-1011975,0,0
-1219626,0,0
-916710,0,0
-429851,0,0
-162631,0,0
109144,0,0
-209988,0,0
-761850,0,0
-1169475,0,0
-1065320,0,0
-1037296,0,0
-503558,0,0
-171004,0,0
49505,0,0
-3731,0,0
-553958,0,0
-1047917,0,0
-1098098,0,0
-1061534,0,0
-743636,0,0
-203957,0,0
-96224,0,0
26751,0,0
-374738,0,0
-851401,0,0
-1052446,0,0
-1047859,0,0
-944906,0,0
-533594,0,0
-42787,0,0
91813,0,0
32979,0,0
-485170,0,0
-943147,0,0
-923740,0,0
-960597,0,0
-486017,0,0
-99656,0,0
146156,0,0
79258,0,0
-320585,0,0
-770830,0,0
-894126,0,0
-882630,0,0
-810569,0,0
-153267,0,0
160479,0,0
256878,0,0
-122725,0,0
-536751,0,0
-885771,0,0
-808865,0,0
-760178,0,0
-229366,0,0
355210,0,0
326777,0,0
28743,0,0
-453078,0,0
-673582,0,0
-867454,0,0
-786537,0,0
-538900,0,0
78097,0,0
267928,0,0
3654,0,0
-353248,0,0
-638713,0,0
-813541,0,0
-864616,0,0
-597293,0,0
-120520,0,0
391744,0,0
349178,0,0
-82475,0,0
-558307,0,0
-708151,0,0
-816441,0,0
-730698,0,0
-178061,0,0
158006,0,0
299423,0,0
-84536,0,0
-496346,0,0
-735847,0,0
-864176,0,0
-746301,0,0
-477903,0,0
104207,0,0
314389,0,0
235944,0,0
-253584,0,0
