-557474,0,0
-538491,0,0
-489032,0,0
-25028,0,0
227561,0,0
425227,0,0
322723,0,0
29818,0,0
-274379,0,0
-464237,0,0
-589178,0,0
-575660,0,0
-453138,0,0
-166063,0,0
272568,0,0
376135,0,0
338156,0,0
120554,0,0
-318419,0,0
-544849,0,0
-534796,0,0
-557671,0,0
-436213,0,0
71206,0,0
285373,0,0
447540,0,0
369254,0,0
-17818,0,0
-366389,0,0
-500047,0,0
-541108,0,0
-502675,0,0
-349832,0,0
-92683,0,0
323855,0,0
400813,0,0
306329,0,0
12372,0,0
-396840,0,0
-591945,0,0
-598948,0,0
-563127,0,0
-339944,0,0
190159,0,0
311078,0,0
415963,0,0
219557,0,0
-175647,0,0
-477264,0,0
-566606,0,0
-633226,0,0
-585086,0,0
-364400,0,0
-49805,0,0
342397,0,0
312662,0,0
184535,0,0
-74560,0,0
-465192,0,0
-620549,0,0
-586445,0,0
-605903,0,0
-377961,0,0
170400,0,0
315932,0,0
399818,0,0
214788,0,0
-202180,0,0
-455445,0,0
-530027,0,0
-601073,0,0
-561126,0,0
-276617,0,0
4461,0,0
393874,0,0
360818,0,0
229486,0,0
-84488,0,0
-483857,0,0
-571456,0,0
-513852,0,0
-474381,0,0
-201720,0,0
277035,0,0
340692,0,0
426725,0,0
206521,0,0
-265567,0,0
-462741,0,0
-493648,0,0
-562207,0,0
-474013,0,0
-112565,0,0
102495,0,0
487795,0,0
399906,0,0
89752,0,0
-242072,0,0
-536140,0,0
-572817,0,0
-525970,0,0
-398632,0,0
-19477,0,0
365707,0,0
380390,0,0
379642,0,0
71610,0,0
-425401,0,0
-516590,0,0
-505727,0,0
-557309,0,0
-332789,0,0
81746,0,0
296126,0,0
472634,0,0
283474,0,0
-99167,0,0
-327490,0,0
-507235,0,0
-557972,0,0
-441480,0,0
-114220,0,0
257020,0,0
579570,0,0
447560,0,0
157752,0,0
-88449,0,0
-530368,0,0
-508165,0,0
-448903,0,0
-356000,0,0
104897,0,0
449880,0,0
373206,0,0
311269,0,0
-57959,0,0
-490162,0,0
-448988,0,0
-576612,0,0
-593282,0,0
-264796,0,0
133938,0,0
316020,0,0
381095,0,0
146205,0,0
-204401,0,0
-448937,0,0
-682874,0,0
-635972,0,0
-565806,0,0
-347556,0,0
42306,0,0
231691,0,0
138429,0,0
115440,0,0
-265772,0,0
-641574,0,0
-558858,0,0
-674459,0,0
-677240,0,0
-344912,0,0
50522,0,0
208684,0,0
293764,0,0
81943,0,0
-286052,0,0
-472182,0,0
-680339,0,0
-601425,0,0
-596201,0,0
-389785,0,0
47902,0,0
342256,0,0
242912,0,0
217626,0,0
-201348,0,0
-610072,0,0
-513758,0,0
-596732,0,0
-541260,0,0
-212265,0,0
173827,0,0
345366,0,0
467026,0,0
143475,0,0
-255128,0,0
-406449,0,0
-588270,0,0
-539167,0,0
-443163,0,0
-101129,0,0
247203,0,0
416920,0,0
295158,0,0
103069,0,0
-273647,0,0
-602552,0,0
-448598,0,0
-568111,0,0
-425512,0,0
57527,0,0
313753,0,0
359842,0,0
333016,0,0
-53717,0,0
-399326,0,0
-458268,0,0
-645973,0,0
-545017,0,0
-315294,0,0
46502,0,0
275381,0,0
346748,0,0
166045,0,0
-106384,0,0
-449661,0,0
-692012,0,0
-532915,0,0
-612132,0,0
-348003,0,0
125076,0,0
325132,0,0
299386,0,0
207641,0,0
-206097,0,0
-485149,0,0
-482099,0,0
-628229,0,0
-520746,0,0
-254759,0,0
55275,0,0
294835,0,0
367026,0,0
129938,0,0
-193412,0,0
-543300,0,0
-703985,0,0
-530973,0,0
-599460,0,0
-287915,0,0
175901,0,0
407393,0,0
312329,0,0
125256,0,0
-304941,0,0
-542684,0,0
-519674,0,0
-665957,0,0
-543735,0,0
-199827,0,0
109033,0,0
303825,0,0
300255,0,0
60608,0,0
-246560,0,0
-535800,0,0
-691817,0,0
-565188,0,0
-571043,0,0
-254234,0,0
154690,0,0
326699,0,0
303571,0,0
163586,0,0
-271974,0,0
-536596,0,0
-489860,0,0
-632886,0,0
-496731,0,0
-134057,0,0
184597,0,0
380618,0,0
376532,0,0
42987,0,0
-266842,0,0
-505002,0,0
-633589,0,0
-452462,0,0
-418828,0,0
-59473,0,0
260914,0,0
400079,0,0
347981,0,0
122243,0,0
-320916,0,0
-510652,0,0
-419583,0,0
-615612,0,0
-393939,0,0
42000,0,0
250350,0,0
366811,0,0
334712,0,0
-127525,0,0
-395583,0,0
-556852,0,0
-676565,0,0
-525137,0,0
-371175,0,0
42323,0,0
294480,0,0
342575,0,0
194240,0,0
-77794,0,0
-487691,0,0
-599540,0,0
-511348,0,0
-649743,0,0
-350865,0,0
56729,0,0
227330,0,0
319953,0,0
248770,0,0
-207926,0,0
-497792,0,0
-635105,0,0
-706151,0,0
-501218,0,0
-379590,0,0
8532,0,0
257409,0,0
318075,0,0
201661,0,0
-98026,0,0
-493683,0,0
-564872,0,0
-477759,0,0
-642474,0,0
-265197,0,0
157551,0,0
298628,0,0
306560,0,0
237625,0,0
-209346,0,0
-432296,0,0
-564699,0,0
-634718,0,0
-460347,0,0
-229355,0,0
149632,0,0
364421,0,0
419451,0,0
155138,0,0
-128646,0,0
-489430,0,0
-545987,0,0
-420945,0,0
-494534,0,0
-79211,0,0
324479,0,0
351600,0,0
333359,0,0
100986,0,0
-364481,0,0
-479961,0,0
-571277,0,0
-633301,0,0
-395966,0,0
-62366,0,0
233027,0,0
350151,0,0
305550,0,0
10438,0,0
-278241,0,0
-570211,0,0
-570266,0,0
-507403,0,0
-473981,0,0
-8537,0,0
287856,0,0
267821,0,0
304882,0,0
5517,0,0
-551039,0,0
-575573,0,0
-568418,0,0
-623614,0,0
-281942,0,0
53695,0,0
262813,0,0
354951,0,0
221706,0,0
-113788,0,0
-320486,0,0
-565490,0,0
-556961,0,0
-461726,0,0
-369739,0,0
69035,0,0
367080,0,0
336403,0,0
235144,0,0
-128391,0,0
-600605,0,0
-534397,0,0
-564210,0,0
-634523,0,0
-186694,0,0
155907,0,0
324444,0,0
395287,0,0
216328,0,0
-193124,0,0
-381390,0,0
-577288,0,0
-549463,0,0
-385211,0,0
-177989,0,0
257208,0,0
466909,0,0
318062,0,0
45007,0,0
-321772,0,0
-648500,0,0
-558669,0,0
-600360,0,0
-528092,0,0
45916,0,0
265270,0,0
316076,0,0
336840,0,0
-6998,0,0
-441747,0,0
-457580,0,0
-630794,0,0
-594721,0,0
-333100,0,0
-28094,0,0
344494,0,0
392898,0,0
269163,0,0
-42965,0,0
-386882,0,0
-719769,0,0
-551332,0,0
-553954,0,0
-401122,0,0
225292,0,0
402007,0,0
425165,0,0
244411,0,0
-159104,0,0
-508659,0,0
-435114,0,0
-563384,0,0
-481281,0,0
-7199,0,0
220492,0,0
421178,0,0
415689,0,0
58662,0,0
-311356,0,0
-485448,0,0
-694898,0,0
-507678,0,0
-401007,0,0
-99421,0,0
390513,0,0
427615,0,0
299298,0,0
-20996,0,0
-397598,0,0
-561511,0,0
-414792,0,0
-543902,0,0
-298035,0,0
263191,0,0
317578,0,0
392690,0,0
233315,0,0
-183726,0,0
-471931,0,0
-518730,0,0
-667697,0,0
-447216,0,0
-148646,0,0
112966,0,0
486558,0,0
391888,0,0
116514,0,0
-228144,0,0
-469588,0,0
-574495,0,0
-411998,0,0
-453080,0,0
-8914,0,0
491498,0,0
355441,0,0
339099,0,0
-19365,0,0
-434221,0,0
-498906,0,0
-492501,0,0
-662198,0,0
-241794,0,0
136240,0,0
251282,0,0
483458,0,0
180772,0,0
-215821,0,0
-508529,0,0
-539940,0,0
-622454,0,0
-510381,0,0
-327532,0,0
124229,0,0
443010,0,0
223162,0,0
78444,0,0
-286497,0,0
-583107,0,0
-581230,0,0
-596283,0,0
-699401,0,0
-178746,0,0
178535,0,0
223210,0,0
402442,0,0
93551,0,0
-302875,0,0
-522172,0,0
-615182,0,0
-654292,0,0
-403700,0,0
-200798,0,0
161823,0,0
422996,0,0
248978,0,0
61398,0,0
-335252,0,0
-580199,0,0
-636001,0,0
-624861,0,0
-600265,0,0
-21584,0,0
255044,0,0
210008,0,0
368237,0,0
-11408,0,0
-373081,0,0
-581700,0,0
-601894,0,0
-626002,0,0
-391458,0,0
-105674,0,0
267410,0,0
481581,0,0
214220,0,0
-37237,0,0
-406447,0,0
-589095,0,0
-594902,0,0
-554868,0,0
-518871,0,0
31380,0,0
305280,0,0
271330,0,0
342820,0,0
-58021,0,0
-430713,0,0
-560338,0,0
-561854,0,0
-617000,0,0
-290317,0,0
14429,0,0
331972,0,0
459988,0,0
139600,0,0
-137800,0,0
-422492,0,0
-578704,0,0
-570914,0,0
-551829,0,0
-405234,0,0
141543,0,0
344179,0,0
266790,0,0
305312,0,0
-125611,0,0
-463550,0,0
-557259,0,0
-585429,0,0
-567111,0,0
-90728,0,0
132580,0,0
312797,0,0
423615,0,0
124849,0,0
-212083,0,0
-496638,0,0
-604240,0,0
-605890,0,0
-543340,0,0
-312213,0,0
194981,0,0
359632,0,0
251733,0,0
206818,0,0
-211771,0,0
-511923,0,0
-573848,0,0
-555892,0,0
-544053,0,0
-38786,0,0
154853,0,0
364942,0,0
440279,0,0
6746,0,0
-366666,0,0
-506016,0,0
-621148,0,0
-576161,0,0
-455308,0,0
-210937,0,0
250716,0,0
373948,0,0
236952,0,0
114713,0,0
-318925,0,0
-540829,0,0
-581954,0,0
-585113,0,0
-482728,0,0
54421,0,0
251986,0,0
412557,0,0
412323,0,0
-30061,0,0
-397240,0,0
-522457,0,0
-585750,0,0
-502813,0,0
-258191,0,0
-15555,0,0
370987,0,0
395506,0,0
210964,0,0
-25741,0,0
-416442,0,0
-551745,0,0
-538139,0,0
-527822,0,0
-296765,0,0
299764,0,0
326704,0,0
382840,0,0
221503,0,0
-242273,0,0
-481883,0,0
-567275,0,0
-629862,0,0
-542996,0,0
-214324,0,0
20842,0,0
363846,0,0
335317,0,0
73299,0,0
-205954,0,0
-508685,0,0
-622852,0,0
-603484,0,0
-546474,0,0
-276137,0,0
287401,0,0
289422,0,0
296463,0,0
145779,0,0
-310234,0,0
-561743,0,0
-606370,0,0
-660016,0,0
-519478,0,0
-145420,0,0
22699,0,0
331248,0,0
341675,0,0
69951,0,0
-227553,0,0
-525167,0,0
-583618,0,0
-601406,0,0
-538758,0,0
-205489,0,0
319842,0,0
362881,0,0
334273,0,0
126229,0,0
-321437,0,0
-511778,0,0
-559392,0,0
-607860,0,0
-462482,0,0
-61151,0,0
91828,0,0
413982,0,0
323943,0,0
3369,0,0
-287476,0,0
-496882,0,0
-559059,0,0
-530414,0,0
-438287,0,0
-116571,0,0
398200,0,0
326728,0,0
285799,0,0
36972,0,0
-402739,0,0
-494370,0,0
-524387,0,0
-576960,0,0
-345285,0,0
121208,0,0
212072,0,0
506863,0,0
319529,0,0
-114323,0,0
-366577,0,0
-475796,0,0
-537614,0,0
-466120,0,0
-138135,0,0
234204,0,0
687826,0,0
416966,0,0
146908,0,0
-178660,0,0
-502015,0,0
-510384,0,0
-459478,0,0
-371286,0,0
60516,0,0
376860,0,0
257474,0,0
370634,0,0
-6152,0,0
-425814,0,0
-487259,0,0
-560175,0,0
-579905,0,0
-316113,0,0
95254,0,0
340585,0,0
573962,0,0
142408,0,0
-231139,0,0
-446927,0,0
-584455,0,0
-539451,0,0
-523040,0,0
-240427,0,0
162731,0,0
332661,0,0
126747,0,0
165295,0,0
-184063,0,0
-561121,0,0
-558282,0,0
-664424,0,0
-585150,0,0
-196753,0,0
192466,0,0
343587,0,0
451566,0,0
19651,0,0
-367263,0,0
-478812,0,0
-638363,0,0
-579303,0,0
-438333,0,0
-85686,0,0
219502,0,0
344834,0,0
134965,0,0
71224,0,0
-277204,0,0
-621278,0,0
-538252,0,0
-612456,0,0
-531371,0,0
-109155,0,0
284665,0,0
360197,0,0
404727,0,0
-82839,0,0
-479322,0,0
-525382,0,0
-640534,0,0
-602325,0,0
-428345,0,0
-93641,0,0
242786,0,0
325595,0,0
104551,0,0
-10077,0,0
-383264,0,0
-670363,0,0
-581505,0,0
-616795,0,0
-518130,0,0
-138140,0,0
224609,0,0
285770,0,0
381973,0,0
-71481,0,0
-443242,0,0
-531451,0,0
-672895,0,0
-614218,0,0
-429843,0,0
-84192,0,0
259882,0,0
341503,0,0
110703,0,0
14979,0,0
-351591,0,0
-632947,0,0
-557115,0,0
-631359,0,0
-518889,0,0
-72429,0,0
245704,0,0
300098,0,0
430940,0,0
-76427,0,0
-449691,0,0
-488216,0,0
-616611,0,0
-561847,0,0
-363510,0,0
-60121,0,0
250767,0,0
364012,0,0
113169,0,0
14114,0,0
-349143,0,0
-632720,0,0
-562381,0,0
-587521,0,0
-478072,0,0
-64293,0,0
287783,0,0
328777,0,0
425281,0,0
-66800,0,0
-448310,0,0
-486756,0,0
-621819,0,0
-594179,0,0
-382633,0,0
-2893,0,0
291184,0,0
350216,0,0
112764,0,0
-1785,0,0
-355418,0,0
-634767,0,0
-530058,0,0
-587473,0,0
-478656,0,0
-28835,0,0
259284,0,0
302305,0,0
413194,0,0
-81671,0,0
-474710,0,0
-502687,0,0
-608150,0,0
-576949,0,0
-380629,0,0
-21542,0,0
280262,0,0
330854,0,0
154857,0,0
39028,0,0
-338999,0,0
-604505,0,0
-533525,0,0
-582959,0,0
-448984,0,0
11900,0,0
362518,0,0
387997,0,0
464612,0,0
-62034,0,0
-461887,0,0
-489424,0,0
-570211,0,0
-502484,0,0
-216769,0,0
117442,0,0
348904,0,0
428227,0,0
129015,0,0
-102112,0,0
-399223,0,0
-627735,0,0
-509245,0,0
-538026,0,0
-291562,0,0
132093,0,0
359251,0,0
330846,0,0
296271,0,0
-211462,0,0
-523611,0,0
-518010,0,0
-626847,0,0
-550414,0,0
-171988,0,0
161090,0,0
293676,0,0
304793,0,0
26483,0,0
-191140,0,0
-463788,0,0
-687677,0,0
-559773,0,0
-592263,0,0
-317392,0,0
126979,0,0
307146,0,0
300990,0,0
226403,0,0
-281202,0,0
-585581,0,0
-556263,0,0
-656625,0,0
-506377,0,0
-172416,0,0
159818,0,0
335101,0,0
347404,0,0
44332,0,0
-234853,0,0
-483663,0,0
-663999,0,0
-522295,0,0
-524097,0,0
-258244,0,0
190980,0,0
424610,0,0
359598,0,0
208762,0,0
-289384,0,0
-571409,0,0
-494336,0,0
-566826,0,0
-469233,0,0
-90334,0,0
208136,0,0
385794,0,0
373281,0,0
-15981,0,0
-282776,0,0
-511512,0,0
-666433,0,0
-537570,0,0
-506422,0,0
-173201,0,0
219202,0,0
384142,0,0
333821,0,0
140132,0,0
-347522,0,0
-588334,0,0
-518401,0,0
-639647,0,0
-466907,0,0
-28452,0,0
232335,0,0
338968,0,0
334142,0,0
-76831,0,0
-354956,0,0
-531959,0,0
-646437,0,0
-529116,0,0
-483445,0,0
-78479,0,0
242670,0,0
359427,0,0
302731,0,0
71537,0,0
-413070,0,0
-575796,0,0
-475813,0,0
-574428,0,0
-355536,0,0
92790,0,0
318269,0,0
363504,0,0
315667,0,0
-98528,0,0
-384232,0,0
-468415,0,0
-626484,0,0
-483447,0,0
-324075,0,0
73405,0,0
441414,0,0
503488,0,0
252526,0,0
-110144,0,0
-453133,0,0
-515141,0,0
-425778,0,0
-494394,0,0
-103069,0,0
287754,0,0
420505,0,0
396045,0,0
133799,0,0
-289143,0,0
-505302,0,0
-517033,0,0
-648722,0,0
-414874,0,0
-38829,0,0
266566,0,0
419469,0,0
358643,0,0
10958,0,0
-382820,0,0
-560357,0,0
-590352,0,0
-473678,0,0
-386170,0,0
74230,0,0
338944,0,0
358578,0,0
283925,0,0
-71653,0,0
-464432,0,0
-618070,0,0
-581789,0,0
-686012,0,0
-302186,0,0
94174,0,0
299145,0,0
342330,0,0
227389,0,0
-153712,0,0
-464550,0,0
-600860,0,0
-635009,0,0
-461411,0,0
-260490,0,0
155246,0,0
346430,0,0
315053,0,0
177797,0,0
-177274,0,0
-503298,0,0
-541147,0,0
-554822,0,0
-647084,0,0
-150293,0,0
237003,0,0
391857,0,0
389108,0,0
132960,0,0
-233911,0,0
-475620,0,0
-502035,0,0
-537104,0,0
-297974,0,0
-60629,0,0
289943,0,0
447260,0,0
310752,0,0
21109,0,0
-361688,0,0
-547421,0,0
-548493,0,0
-528904,0,0
-483204,0,0
94138,0,0
366217,0,0
431081,0,0
301430,0,0
-72350,0,0
-465224,0,0
-561996,0,0
-583926,0,0
-544337,0,0
-122653,0,0
107384,0,0
349382,0,0
414920,0,0
162481,0,0
-217388,0,0
-477362,0,0
-630743,0,0
-597949,0,0
-502983,0,0
-243403,0,0
241524,0,0
379828,0,0
351148,0,0
78327,0,0
-304990,0,0
-545924,0,0
-550961,0,0
-596306,0,0
-430479,0,0
92634,0,0
281447,0,0
365876,0,0
287502,0,0
-20001,0,0
-387770,0,0
-531314,0,0
-620161,0,0
-567835,0,0
-414591,0,0
-54022,0,0
339946,0,0
373171,0,0
244899,0,0
-124684,0,0
-443148,0,0
-548050,0,0
-535049,0,0
-574729,0,0
-314287,0,0
181645,0,0
254264,0,0
346460,0,0
228773,0,0
-164398,0,0
-496871,0,0
-597063,0,0
-698747,0,0
-573587,0,0
-280023,0,0
48135,0,0
358254,0,0
333462,0,0
143640,0,0
-249096,0,0
-513149,0,0
-611557,0,0
-583554,0,0
-580258,0,0
-175833,0,0
311909,0,0
308640,0,0
298230,0,0
99630,0,0
-265506,0,0
-514747,0,0
-561023,0,0
-635738,0,0
-511143,0,0
-140654,0,0
111158,0,0
405817,0,0
358187,0,0
92058,0,0
-306895,0,0
-515063,0,0
-615461,0,0
-514497,0,0
-462509,0,0
-41578,0,0
386712,0,0
373612,0,0
336673,0,0
51414,0,0
-363003,0,0
-563249,0,0
-526983,0,0
-630184,0,0
-338871,0,0
99026,0,0
273181,0,0
489665,0,0
281033,0,0
-106035,0,0
-443053,0,0
-507403,0,0
-558232,0,0
-459242,0,0
-252740,0,0
129610,0,0
497549,0,0
344885,0,0
167247,0,0
-177781,0,0
-501624,0,0
-559287,0,0
-529877,0,0
-561070,0,0
-125785,0,0
247671,0,0
284499,0,0
429153,0,0
93879,0,0
-328822,0,0
-547774,0,0
-521458,0,0
-571341,0,0
-353348,0,0
-46040,0,0
290673,0,0
552220,0,0
267147,0,0
-72076,0,0
-397279,0,0
-580910,0,0
-616231,0,0
-564447,0,0
-459117,0,0
52866,0,0
325569,0,0
205297,0,0
265304,0,0
-112350,0,0
-486511,0,0
-640073,0,0
-611437,0,0
-628388,0,0
-275926,0,0
52221,0,0
265460,0,0
435885,0,0
168372,0,0
-173400,0,0
-470932,0,0
-590789,0,0
-636983,0,0
-557744,0,0
-327732,0,0
167459,0,0
362791,0,0
215290,0,0
187192,0,0
-171093,0,0
-480581,0,0
-584724,0,0
-564428,0,0
-517536,0,0
-119678,0,0
173832,0,0
389598,0,0
532062,0,0
111870,0,0
-322767,0,0
-487993,0,0
-560965,0,0
-574950,0,0
-434470,0,0
-96732,0,0
241536,0,0
386790,0,0
218085,0,0
20401,0,0
-323719,0,0
-549285,0,0
-597909,0,0
-581776,0,0
-429649,0,0
74303,0,0
318007,0,0
400668,0,0
417529,0,0
-25135,0,0
-448187,0,0
-507144,0,0
-526604,0,0
-500877,0,0
-182073,0,0
174111,0,0
446567,0,0
440315,0,0
116311,0,0
-191258,0,0
-389023,0,0
-498381,0,0
-521728,0,0
-351590,0,0
71426,0,0
543597,0,0
588316,0,0
354924,0,0
35587,0,0
-358771,0,0
-504659,0,0
-506416,0,0
-494071,0,0
-101279,0,0
376190,0,0
423720,0,0
377837,0,0
81432,0,0
-352692,0,0
-493915,0,0
-464216,0,0
-527710,0,0
-397065,0,0
59543,0,0
348460,0,0
522065,0,0
297421,0,0
-117575,0,0
-441913,0,0
-543910,0,0
-627156,0,0
-536754,0,0
-230401,0,0
162951,0,0
414235,0,0
287746,0,0
86981,0,0
-294392,0,0
-571998,0,0
-595467,0,0
-610741,0,0
-522577,0,0
-80117,0,0
254525,0,0
329978,0,0
393996,0,0
43258,0,0
-428943,0,0
-571695,0,0
-634033,0,0
-632437,0,0
-417993,0,0
2930,0,0
314845,0,0
368246,0,0
123744,0,0
-187922,0,0
-457519,0,0
-657423,0,0
-623927,0,0
-615275,0,0
-417646,0,0
-7597,0,0
287762,0,0
249653,0,0
241263,0,0
-129616,0,0
-515177,0,0
-644184,0,0
-651144,0,0
-644120,0,0
-356560,0,0
29162,0,0
273255,0,0
313744,0,0
109826,0,0
-207576,0,0
-486606,0,0
-662338,0,0
-619079,0,0
-554685,0,0
-299837,0,0
87304,0,0
341787,0,0
342685,0,0
260880,0,0
-141562,0,0
-525907,0,0
-527516,0,0
-530741,0,0
-498308,0,0
-72366,0,0
259634,0,0
425727,0,0
403372,0,0
14019,0,0
-370917,0,0
-486264,0,0
-535797,0,0
-492119,0,0
-336282,0,0
74228,0,0
380108,0,0
528099,0,0
313466,0,0
-38903,0,0
-337868,0,0
-556696,0,0
-507415,0,0
-454540,0,0
-49494,0,0
360469,0,0
412626,0,0
351456,0,0
58093,0,0
-334803,0,0
-586771,0,0
-557985,0,0
-642657,0,0
-455584,0,0
-63455,0,0
229581,0,0
356965,0,0
269428,0,0
-77032,0,0
-426214,0,0
-576599,0,0
-667271,0,0
-614023,0,0
-489595,0,0
-83984,0,0
180683,0,0
230990,0,0
202628,0,0
-105847,0,0
-464270,0,0
-673468,0,0
-656778,0,0
-751940,0,0
-540961,0,0
-148945,0,0
111517,0,0
252992,0,0
240129,0,0
-28503,0,0
-395931,0,0
-604851,0,0
-701613,0,0
-621821,0,0
-542745,0,0
-156358,0,0
224597,0,0
266675,0,0
255526,0,0
-5759,0,0
-410438,0,0
-657603,0,0
-640640,0,0
-689616,0,0
-524336,0,0
-151273,0,0
182163,0,0
334170,0,0
302946,0,0
36309,0,0
-350092,0,0
-513582,0,0
-618758,0,0
-576692,0,0
-462153,0,0
-63921,0,0
297715,0,0
354493,0,0
276617,0,0
-2569,0,0
-387570,0,0
-590870,0,0
-516262,0,0
-631656,0,0
-451711,0,0
-23702,0,0
283465,0,0
413130,0,0
360448,0,0
3248,0,0
-389976,0,0
-479980,0,0
-543057,0,0
-477677,0,0
-320611,0,0
56516,0,0
353353,0,0
416289,0,0
276164,0,0
-95141,0,0
-447581,0,0
-618783,0,0
-544567,0,0
-610616,0,0
-337165,0,0
107632,0,0
303128,0,0
346847,0,0
242062,0,0
-120209,0,0
-444514,0,0
-538407,0,0
-652786,0,0
-514345,0,0
-279375,0,0
97595,0,0
368885,0,0
336710,0,0
180808,0,0
-210242,0,0
-514118,0,0
-637662,0,0
-538288,0,0
-608001,0,0
-278408,0,0
132544,0,0
374389,0,0
383575,0,0
217189,0,0
-179075,0,0
-507426,0,0
-538941,0,0
-563868,0,0
-353804,0,0
-4553,0,0
296826,0,0
449355,0,0
373880,0,0
52061,0,0
-295541,0,0
-453776,0,0
-534318,0,0
-476813,0,0
-372320,0,0
97802,0,0
401546,0,0
456912,0,0
342326,0,0
-28715,0,0
-408446,0,0
-507432,0,0
-500045,0,0
-488542,0,0
-48750,0,0
271369,0,0
410949,0,0
382244,0,0
98571,0,0
-313815,0,0
-518049,0,0
-589161,0,0
-601431,0,0
-442290,0,0
-123289,0,0
227723,0,0
373081,0,0
287143,0,0
-6205,0,0
-385995,0,0
-561812,0,0
-626079,0,0
-584648,0,0
-366828,0,0
71459,0,0
299214,0,0
366374,0,0
258678,0,0
-106099,0,0
-488072,0,0
-608429,0,0
-611526,0,0
-587559,0,0
-360245,0,0
10901,0,0
306972,0,0
420017,0,0
250298,0,0
-154200,0,0
-484743,0,0
-571478,0,0
-577651,0,0
-505881,0,0
-182165,0,0
250919,0,0
390162,0,0
365680,0,0
142897,0,0
-222283,0,0
-544705,0,0
-528125,0,0
-586840,0,0
-542048,0,0
-122135,0,0
211840,0,0
392364,0,0
400992,0,0
73088,0,0
-364585,0,0
-540258,0,0
-577639,0,0
-566795,0,0
-334402,0,0
71145,0,0
389743,0,0
362491,0,0
225572,0,0
-81979,0,0
-399360,0,0
-547917,0,0
-575007,0,0
-604284,0,0
-396423,0,0
67587,0,0
309469,0,0
438351,0,0
270219,0,0
-147488,0,0
-542151,0,0
-596563,0,0
-591471,0,0
-563875,0,0
-225859,0,0
140199,0,0
418961,0,0
324988,0,0
81189,0,0
-263110,0,0
-510120,0,0
-640987,0,0
-613131,0,0
-617610,0,0
-295225,0,0
146421,0,0
262765,0,0
334947,0,0
152471,0,0
-268610,0,0
-602216,0,0
-621139,0,0
-631877,0,0
-569871,0,0
-160518,0,0
171813,0,0
343700,0,0
266085,0,0
50090,0,0
-281732,0,0
-515758,0,0
-643914,0,0
-616596,0,0
-606763,0,0
-311405,0,0
145008,0,0
260122,0,0
334031,0,0
154531,0,0
-261012,0,0
-553860,0,0
-606768,0,0
-643283,0,0
-556107,0,0
-141395,0,0
149270,0,0
361721,0,0
288625,0,0
82907,0,0
-274594,0,0
-521987,0,0
-613267,0,0
-603500,0,0
-600987,0,0
-293331,0,0
175360,0,0
313910,0,0
329186,0,0
152622,0,0
-248018,0,0
-583045,0,0
-571243,0,0
-583335,0,0
-490189,0,0
-104669,0,0
224438,0,0
429618,0,0
365381,0,0
71351,0,0
-269413,0,0
-468872,0,0
-582072,0,0
-559927,0,0
-485917,0,0
-171001,0,0
288276,0,0
363105,0,0
353704,0,0
105429,0,0
-317717,0,0
-567538,0,0
-555600,0,0
-596199,0,0
-423269,0,0
42764,0,0
279947,0,0
418786,0,0
279937,0,0
-73326,0,0
-383914,0,0
-541373,0,0
-608258,0,0
-559677,0,0
-412918,0,0
-59737,0,0
319375,0,0
277228,0,0
246384,0,0
-13697,0,0
-417038,0,0
-610472,0,0
-596679,0,0
-625943,0,0
-427466,0,0
15105,0,0
255093,0,0
369296,0,0
209821,0,0
-136213,0,0
-429820,0,0
-564969,0,0
-647218,0,0
-611856,0,0
-484650,0,0
-141956,0,0
235076,0,0
272132,0,0
279831,0,0
18833,0,0
-403938,0,0
-610566,0,0
-629239,0,0
-653270,0,0
-467450,0,0
-3388,0,0
244088,0,0
391821,0,0
280143,0,0
-51650,0,0
-375948,0,0
-533824,0,0
-632395,0,0
-560778,0,0
-475337,0,0
-124131,0,0
289237,0,0
332625,0,0
312544,0,0
72362,0,0
-347692,0,0
-561108,0,0
-555589,0,0
-572406,0,0
-383877,0,0
122831,0,0
322597,0,0
448360,0,0
304783,0,0
-100179,0,0
-401175,0,0
-494051,0,0
-559732,0,0
-516165,0,0
-348601,0,0
23088,0,0
400215,0,0
375059,0,0
276602,0,0
-49251,0,0
-448244,0,0
-567803,0,0
-529974,0,0
-518822,0,0
-218060,0,0
226263,0,0
381625,0,0
473240,0,0
219102,0,0
-232477,0,0
-472690,0,0
-498771,0,0
-564985,0,0
-478676,0,0
-126991,0,0
158145,0,0
422739,0,0
381488,0,0
142299,0,0
-170032,0,0
-502488,0,0
-594453,0,0
-538453,0,0
-376973,0,0
52783,0,0
434693,0,0
390899,0,0
311155,0,0
-23381,0,0
-458652,0,0
-525689,0,0
-504924,0,0
-565720,0,0
-334188,0,0
89725,0,0
275197,0,0
427710,0,0
214111,0,0
-153566,0,0
-372226,0,0
-555048,0,0
-628380,0,0
-542843,0,0
-230121,0,0
130767,0,0
352999,0,0
324019,0,0
180064,0,0
-140787,0,0
-543173,0,0
-585474,0,0
-604692,0,0
-598286,0,0
-264300,0,0
81138,0,0
195387,0,0
309330,0,0
124373,0,0
-288798,0,0
-487212,0,0
-679460,0,0
-689121,0,0
-610857,0,0
-301429,0,0
62335,0,0
305383,0,0
256767,0,0
138555,0,0
-191708,0,0
-598247,0,0
-639204,0,0
-605096,0,0
-621665,0,0
-318852,0,0
45588,0,0
210512,0,0
369259,0,0
184606,0,0
-185959,0,0
-426886,0,0
-596026,0,0
-623718,0,0
-543820,0,0
-236070,0,0
148533,0,0
398421,0,0
347709,0,0
218908,0,0
-76703,0,0
-507517,0,0
-522900,0,0
-501608,0,0
-472341,0,0
-88304,0,0
256286,0,0
360397,0,0
445402,0,0
140572,0,0
-303667,0,0
-392098,0,0
-456557,0,0
-478158,0,0
-229196,0,0
169612,0,0
476173,0,0
562092,0,0
321846,0,0
-37514,0,0
-206954,0,0
-494320,0,0
-401147,0,0
-355748,0,0
-46750,0,0
361215,0,0
505684,0,0
369164,0,0
40736,0,0
-370577,0,0
-591405,0,0
-452372,0,0
-510357,0,0
-392645,0,0
73516,0,0
384245,0,0
452837,0,0
269686,0,0
-126237,0,0
-428436,0,0
-471922,0,0
-640239,0,0
-556636,0,0
-208052,0,0
136380,0,0
341182,0,0
338086,0,0
91825,0,0
-238747,0,0
-520849,0,0
-672308,0,0
-572135,0,0
-543858,0,0
-172894,0,0
204978,0,0
346060,0,0
310123,0,0
109123,0,0
-325368,0,0
-540704,0,0
-542116,0,0
-646672,0,0
-495780,0,0
-106034,0,0
147701,0,0
279078,0,0
297944,0,0
-39553,0,0
-365455,0,0
-595783,0,0
-671193,0,0
-551609,0,0
-497255,0,0
-134765,0,0
243666,0,0
373157,0,0
313371,0,0
59331,0,0
-428852,0,0
-588115,0,0
-546840,0,0
-577893,0,0
-285872,0,0
145977,0,0
328783,0,0
456256,0,0
264988,0,0
-216779,0,0
-433687,0,0
-541920,0,0
-585306,0,0
-384956,0,0
-94124,0,0
225725,0,0
500979,0,0
437657,0,0
130606,0,0
-146471,0,0
-520781,0,0
-501244,0,0
-480724,0,0
-393351,0,0
105002,0,0
434407,0,0
361462,0,0
265069,0,0
-106749,0,0
-570656,0,0
-552170,0,0
-594290,0,0
-596549,0,0
-165490,0,0
197086,0,0
305231,0,0
385942,0,0
154055,0,0
-237789,0,0
-403126,0,0
-626330,0,0
-583733,0,0
-398563,0,0
-91404,0,0
306296,0,0
474269,0,0
317546,0,0
12474,0,0
-372729,0,0
-658780,0,0
-525265,0,0
-534428,0,0
-348383,0,0
200512,0,0
400606,0,0
351165,0,0
265873,0,0
-139492,0,0
-465568,0,0
-418121,0,0
-594935,0,0
-532576,0,0
-109036,0,0
134819,0,0
360868,0,0
366280,0,0
21847,0,0
-358366,0,0
-548039,0,0
-727785,0,0
-599742,0,0
-554015,0,0
-219332,0,0
249875,0,0
326663,0,0
262260,0,0
48651,0,0
-368594,0,0
-620113,0,0
-525088,0,0
-653912,0,0
-468251,0,0
43810,0,0
266029,0,0
457377,0,0
320303,0,0
-82688,0,0
-440204,0,0
-526164,0,0
-632849,0,0
-470488,0,0
-189382,0,0
136800,0,0
549528,0,0
502894,0,0
191030,0,0
-198380,0,0
-451718,0,0
-526240,0,0
-357008,0,0
-322799,0,0
113403,0,0
493476,0,0
402573,0,0
297832,0,0
-54644,0,0
-453939,0,0
-533811,0,0
-522284,0,0
-618803,0,0
-186949,0,0
211455,0,0
329275,0,0
421805,0,0
128657,0,0
-268543,0,0
-524265,0,0
-585699,0,0
-618216,0,0
-433065,0,0
-130922,0,0
211460,0,0
345799,0,0
202517,0,0
-23448,0,0
-377358,0,0
-657618,0,0
-648804,0,0
-653904,0,0
-634350,0,0
-146115,0,0
113193,0,0
202493,0,0
315671,0,0
44031,0,0
-387208,0,0
-574891,0,0
-619590,0,0
-659140,0,0
-374022,0,0
-27546,0,0
330006,0,0
408185,0,0
231124,0,0
-72650,0,0
-396991,0,0
-583975,0,0
-535232,0,0
-529646,0,0
-433052,0,0
110545,0,0
376721,0,0
354132,0,0
275411,0,0
-127346,0,0
-459969,0,0
-541803,0,0
-543419,0,0
-533939,0,0
-96320,0,0
182112,0,0
377616,0,0
379777,0,0
79739,0,0
-293857,0,0
-507105,0,0
-616996,0,0
-567482,0,0
-483489,0,0
-226765,0,0
239002,0,0
369687,0,0
294994,0,0
63950,0,0
-375202,0,0
-621575,0,0
-564069,0,0
-570331,0,0
-420616,0,0
103132,0,0
265798,0,0
416080,0,0
278818,0,0
-131528,0,0
-416623,0,0
-513158,0,0
-596977,0,0
-550832,0,0
-277399,0,0
-7115,0,0
362281,0,0
363128,0,0
232104,0,0
-50663,0,0
-451449,0,0
-600593,0,0
-554542,0,0
-513384,0,0
-189910,0,0
358637,0,0
396647,0,0
379746,0,0
127773,0,0
-348663,0,0
-528054,0,0
-564609,0,0
-614642,0,0
-449094,0,0
-34001,0,0
95781,0,0
386182,0,0
312131,0,0
-39231,0,0
-327127,0,0
-576698,0,0
-623375,0,0
-575866,0,0
-391732,0,0
-23688,0,0
425213,0,0
328029,0,0
234809,0,0
-59773,0,0
-516522,0,0
-541596,0,0
-542112,0,0
-595983,0,0
-319831,0,0
91076,0,0
225925,0,0
413309,0,0
227243,0,0
-206217,0,0
-424730,0,0
-590685,0,0
-637211,0,0
-537554,0,0
-208096,0,0
149274,0,0
433951,0,0
317213,0,0
90464,0,0
-214618,0,0
-566757,0,0
-573362,0,0
-548969,0,0
-569101,0,0
-179549,0,0
187239,0,0
252675,0,0
398988,0,0
137764,0,0
-329853,0,0
-483523,0,0
-593325,0,0
-594823,0,0
-421155,0,0
-10414,0,0
296804,0,0
474318,0,0
268676,0,0
-29528,0,0
-297463,0,0
-593334,0,0
-547815,0,0
-511346,0,0
-356736,0,0
63241,0,0
367455,0,0
284972,0,0
283904,0,0
-99592,0,0
-548109,0,0
-495878,0,0
-563458,0,0
-565233,0,0
-191475,0,0
241474,0,0
400470,0,0
414910,0,0
111026,0,0
-237526,0,0
-322601,0,0
-565979,0,0
-517682,0,0
-332566,0,0
-14686,0,0
384150,0,0
518904,0,0
255804,0,0
-10122,0,0
-358912,0,0
-630049,0,0
-455199,0,0
-522693,0,0
-196411,0,0
283886,0,0
427817,0,0
368999,0,0
137483,0,0
-292505,0,0
-508538,0,0
-411870,0,0
-605287,0,0
-418304,0,0
16933,0,0
289215,0,0
351176,0,0
306009,0,0
-94892,0,0
-416066,0,0
-586088,0,0
-680584,0,0
-529627,0,0
-379391,0,0
-9858,0,0
271135,0,0
348216,0,0
172385,0,0
-104890,0,0
-502347,0,0
-623242,0,0
-560154,0,0
-699859,0,0
-327802,0,0
107288,0,0
262952,0,0
292816,0,0
141982,0,0
-316189,0,0
-532277,0,0
-620370,0,0
-698012,0,0
-506438,0,0
-290151,0,0
79563,0,0
324058,0,0
349161,0,0
114809,0,0
-186580,0,0
-549627,0,0
-591894,0,0
-524940,0,0
-566717,0,0
-99171,0,0
260398,0,0
330772,0,0
319198,0,0
45902,0,0
-443819,0,0
-529834,0,0
-589825,0,0
-660804,0,0
-367995,0,0
-48280,0,0
232747,0,0
397290,0,0
320683,0,0
-55544,0,0
-339589,0,0
-583871,0,0
-580953,0,0
-491742,0,0
-380887,0,0
83260,0,0
346477,0,0
301420,0,0
238984,0,0
-116829,0,0
-575469,0,0
-580229,0,0
-602294,0,0
-639320,0,0
-221732,0,0
90532,0,0
257599,0,0
360189,0,0
186055,0,0
-207965,0,0
-420806,0,0
-642412,0,0
-629094,0,0
-489205,0,0
-267489,0,0
170302,0,0
394130,0,0
311699,0,0
123803,0,0
-234871,0,0
-651738,0,0
-550424,0,0
-597795,0,0
-606695,0,0
-110828,0,0
150730,0,0
283148,0,0
335229,0,0
109553,0,0
-328578,0,0
-452954,0,0
-647884,0,0
-623469,0,0
-469443,0,0
-217500,0,0
175564,0,0
295672,0,0
221817,0,0
71109,0,0
-314369,0,0
-687799,0,0
-617034,0,0
-666288,0,0
-620194,0,0
-123517,0,0
145092,0,0
236612,0,0
287787,0,0
84430,0,0
-347718,0,0
-459776,0,0
-653729,0,0
-615913,0,0
-445650,0,0
-212768,0,0
178658,0,0
354747,0,0
310247,0,0
90798,0,0
-284689,0,0
-668848,0,0
-570026,0,0
-598168,0,0
-564407,0,0
-3339,0,0
256747,0,0
309413,0,0
337367,0,0
37401,0,0
-386868,0,0
-442597,0,0
-635580,0,0
-608044,0,0
-367594,0,0
-85892,0,0
273814,0,0
340559,0,0
213592,0,0
-7024,0,0
-378117,0,0
-670288,0,0
-554549,0,0
-613590,0,0
-558069,0,0
-2899,0,0
227205,0,0
316638,0,0
310597,0,0
13755,0,0
-409063,0,0
-464389,0,0
-615648,0,0
-612980,0,0
-378444,0,0
-105444,0,0
263109,0,0
398182,0,0
270165,0,0
28117,0,0
-353472,0,0
-674570,0,0
-561981,0,0
-583239,0,0
-461586,0,0
89818,0,0
316070,0,0
345710,0,0
315811,0,0
-37404,0,0
-415510,0,0
-437403,0,0
-570104,0,0
-554895,0,0
-244241,0,0
57800,0,0
390615,0,0
424151,0,0
221075,0,0
-105808,0,0
-392947,0,0
-670824,0,0
-539803,0,0
-543473,0,0
-318499,0,0
249568,0,0
319027,0,0
311280,0,0
214953,0,0
-141713,0,0
-491783,0,0
-446885,0,0
-612360,0,0
-592255,0,0
-219576,0,0
18272,0,0
295688,0,0
375866,0,0
145975,0,0
-181961,0,0
-494276,0,0
-759044,0,0
-613539,0,0
-597403,0,0
-383441,0,0
137330,0,0
233447,0,0
276230,0,0
198757,0,0
-154259,0,0
-510842,0,0
-489881,0,0
-643187,0,0
-590063,0,0
-237115,0,0
45441,0,0
341167,0,0
377471,0,0
171125,0,0
-175474,0,0
-469736,0,0
-730513,0,0
-548677,0,0
-540968,0,0
-358380,0,0
203849,0,0
314338,0,0
276863,0,0
204984,0,0
-177694,0,0
-547552,0,0
-514701,0,0
-641769,0,0
-593872,0,0
-195425,0,0
52500,0,0
294564,0,0
303166,0,0
117169,0,0
-195576,0,0
-476327,0,0
-728046,0,0
-609543,0,0
-599244,0,0
-388242,0,0
149326,0,0
278230,0,0
262157,0,0
184847,0,0
-185707,0,0
-522505,0,0
-475397,0,0
-643374,0,0
-604641,0,0
-265467,0,0
-31177,0,0
299828,0,0
400645,0,0
190228,0,0
-146815,0,0
-466032,0,0
-710637,0,0
-581067,0,0
-601963,0,0
-391258,0,0
175416,0,0
336929,0,0
333918,0,0
236844,0,0
-123573,0,0
-480034,0,0
-467392,0,0
-617825,0,0
-579686,0,0
-197996,0,0
55651,0,0
349113,0,0
394498,0,0
201102,0,0
-145774,0,0
-429009,0,0
-650585,0,0
-550314,0,0
-561638,0,0
-344817,0,0
238898,0,0
329751,0,0
376627,0,0
242003,0,0
-156940,0,0
-501038,0,0
-463599,0,0
-607926,0,0
-477573,0,0
16553,0,0
196235,0,0
428215,0,0
442442,0,0
121492,0,0
-250389,0,0
-490120,0,0
-643770,0,0
-493966,0,0
-401223,0,0
-112425,0,0
419224,0,0
441260,0,0
319476,0,0
36430,0,0
-356001,0,0
-551547,0,0
-452321,0,0
-603792,0,0
-403735,0,0
127407,0,0
259836,0,0
371085,0,0
311890,0,0
-79068,0,0
-430135,0,0
-541704,0,0
-743830,0,0
-582712,0,0
-328649,0,0
-36554,0,0
363826,0,0
310143,0,0
185093,0,0
-72093,0,0
-401283,0,0
-601067,0,0
-509346,0,0
-607805,0,0
-392122,0,0
152905,0,0
242361,0,0
347429,0,0
268951,0,0
-130560,0,0
-471232,0,0
-539041,0,0
-673470,0,0
-539081,0,0
-305923,0,0
-45166,0,0
388764,0,0
371241,0,0
229432,0,0
-116843,0,0
-440551,0,0
-618828,0,0
-477145,0,0
-606462,0,0
-303571,0,0
217573,0,0
271930,0,0
380799,0,0
211653,0,0
-194411,0,0
-497003,0,0
-588925,0,0
-726535,0,0
-517326,0,0
-205391,0,0
10898,0,0
372122,0,0
309933,0,0
147427,0,0
-186211,0,0
-478013,0,0
-589411,0,0
-492345,0,0
-593128,0,0
-240145,0,0
284498,0,0
303024,0,0
335499,0,0
146410,0,0
-247208,0,0
-507051,0,0
-554421,0,0
-701281,0,0
-471793,0,0
-124010,0,0
99964,0,0
426838,0,0
324822,0,0
103064,0,0
-288187,0,0
-532357,0,0
-615102,0,0
-452322,0,0
-514026,0,0
-153412,0,0
347522,0,0
305467,0,0
358253,0,0
78988,0,0
-368281,0,0
-576336,0,0
-571202,0,0
-709828,0,0
-466579,0,0
-65467,0,0
102477,0,0
394556,0,0
251785,0,0
-7693,0,0
-376012,0,0
-569456,0,0
-657281,0,0
-533988,0,0
-595807,0,0
-207629,0,0
261346,0,0
206687,0,0
303442,0,0
79990,0,0
-356865,0,0
-593089,0,0
-610497,0,0
-746521,0,0
-526114,0,0
-167266,0,0
67526,0,0
394833,0,0
294649,0,0
69030,0,0
-295991,0,0
-532901,0,0
-620093,0,0
-493663,0,0
-593141,0,0
-201336,0,0
305190,0,0
283363,0,0
364240,0,0
141536,0,0
-307222,0,0
-538661,0,0
-542958,0,0
-694880,0,0
-446486,0,0
-98426,0,0
147659,0,0
437914,0,0
356011,0,0
87018,0,0
-316543,0,0
-524891,0,0
-599400,0,0
-424366,0,0
-458812,0,0
-66150,0,0
443606,0,0
352948,0,0
354522,0,0
32892,0,0
-383919,0,0
-531576,0,0
-502998,0,0
-655440,0,0
-300794,0,0
108442,0,0
265606,0,0
507817,0,0
290999,0,0
-65285,0,0
-418110,0,0
-518012,0,0
-581545,0,0
-437683,0,0
-297649,0,0
131036,0,0
550452,0,0
326125,0,0
217144,0,0
-147425,0,0
-475817,0,0
-573357,0,0
-531564,0,0
-614369,0,0
-125009,0,0
197986,0,0
245368,0,0
485840,0,0
147396,0,0
-254812,0,0
-514075,0,0
-578920,0,0
-604115,0,0
-422209,0,0
-198661,0,0
220890,0,0
473385,0,0
245765,0,0
86428,0,0
-292300,0,0
-565101,0,0
-597566,0,0
-581101,0,0
-620678,0,0
-128716,0,0
193171,0,0
197269,0,0
363533,0,0
58229,0,0
-354791,0,0
-568287,0,0
-603257,0,0
-654680,0,0
-419574,0,0
-227482,0,0
172286,0,0
524957,0,0
309764,0,0
90114,0,0
-318565,0,0
-581809,0,0
-587976,0,0
-532497,0,0
-527116,0,0
24030,0,0
339929,0,0
302850,0,0
418078,0,0
26541,0,0
-366918,0,0
-518238,0,0
-497445,0,0
-536136,0,0
-174841,0,0
101496,0,0
350128,0,0
527030,0,0
215595,0,0
-82203,0,0
-394946,0,0
-503128,0,0
-560143,0,0
-502211,0,0
-267494,0,0
227944,0,0
400546,0,0
259859,0,0
215282,0,0
-206831,0,0
-525202,0,0
-597072,0,0
-577976,0,0
-547472,0,0
-76013,0,0
137434,0,0
307145,0,0
440085,0,0
46257,0,0
-334596,0,0
-537217,0,0
-585456,0,0
-577710,0,0
-460607,0,0
-188762,0,0
245835,0,0
386949,0,0
231725,0,0
135481,0,0
-276487,0,0
-553529,0,0
-594060,0,0
-545970,0,0
-419096,0,0
112081,0,0
306021,0,0
438225,0,0
425313,0,0
-58631,0,0
-432173,0,0
-554018,0,0
-565440,0,0
-509882,0,0
-211407,0,0
56523,0,0
408483,0,0
391771,0,0
126717,0,0
-122824,0,0
-409504,0,0
-551653,0,0
-555347,0,0
-523508,0,0
-210854,0,0
329451,0,0
398524,0,0
405610,0,0
191530,0,0
-298354,0,0
-563011,0,0
-548771,0,0
-573263,0,0
-435014,0,0
-1932,0,0
171373,0,0
438714,0,0
352614,0,0
-25079,0,0
-320173,0,0
-492051,0,0
-570125,0,0
-541789,0,0
-316413,0,0
92879,0,0
557394,0,0
448980,0,0
244497,0,0
-92423,0,0
-477038,0,0
-543744,0,0
-503358,0,0
-481374,0,0
-120060,0,0
244882,0,0
226106,0,0
397227,0,0
133554,0,0
-301402,0,0
-529567,0,0
-591335,0,0
-594664,0,0
-528113,0,0
-133716,0,0
176187,0,0
466977,0,0
204145,0,0
-21409,0,0
-355994,0,0
-639304,0,0
-659720,0,0
-649415,0,0
-552030,0,0
-140269,0,0
203751,0,0
110998,0,0
268228,0,0
13645,0,0
-420901,0,0
-560293,0,0
-614441,0,0
-675780,0,0
-566599,0,0
-161553,0,0
170266,0,0
468509,0,0
246031,0,0
-8225,0,0
-352955,0,0
-563624,0,0
-584806,0,0
-592274,0,0
-479576,0,0
-23500,0,0
319132,0,0
235483,0,0
358107,0,0
51360,0,0
-382230,0,0
-530096,0,0
-538219,0,0
-510187,0,0
-329543,0,0
109681,0,0
372184,0,0
638999,0,0
271779,0,0
-148712,0,0
-407473,0,0
-527747,0,0
-519240,0,0
-423890,0,0
-109016,0,0
277558,0,0
466723,0,0
220884,0,0
79269,0,0
-319486,0,0
-607944,0,0
-534165,0,0
-550715,0,0
-514393,0,0
-130137,0,0
271476,0,0
356811,0,0
436334,0,0
-21823,0,0
-411812,0,0
-554237,0,0
-647608,0,0
-584976,0,0
-401442,0,0
-18096,0,0
303115,0,0
385525,0,0
162617,0,0
-22142,0,0
-364292,0,0
-604284,0,0
-558622,0,0
-576214,0,0
-355129,0,0
64660,0,0
387899,0,0
414807,0,0
391591,0,0
-118832,0,0
-480601,0,0
-522779,0,0
-606153,0,0
-472727,0,0
-90754,0,0
255481,0,0
423813,0,0
418819,0,0
-339,0,0
-314351,0,0
-477995,0,0
-626148,0,0
-532504,0,0
-503955,0,0
-56066,0,0
295727,0,0
381950,0,0
308236,0,0
66644,0,0
-426857,0,0
-614241,0,0
-525433,0,0
-620903,0,0
-343619,0,0
54215,0,0
239180,0,0
325084,0,0
278776,0,0
-145574,0,0
-432381,0,0
-541354,0,0
-689115,0,0
-565941,0,0
-385955,0,0
49660,0,0
315276,0,0
411041,0,0
208776,0,0
-105465,0,0
-484431,0,0
-626648,0,0
-475050,0,0
-526212,0,0
-126229,0,0
212887,0,0
344569,0,0
377173,0,0
147248,0,0
-259115,0,0
-505564,0,0
-488674,0,0
-598562,0,0
-458631,0,0
-96959,0,0
266040,0,0
445226,0,0
373728,0,0
32893,0,0
-362358,0,0
-539415,0,0
-579707,0,0
-430133,0,0
-291622,0,0
106814,0,0
387476,0,0
362724,0,0
235849,0,0
-112155,0,0
-453815,0,0
-511964,0,0
-505320,0,0
-622629,0,0
-168800,0,0
240974,0,0
378540,0,0
403312,0,0
160899,0,0
-227137,0,0
-511358,0,0
-590975,0,0
-575488,0,0
-262301,0,0
32375,0,0
347558,0,0
450267,0,0
275257,0,0
-44735,0,0
-371086,0,0
-564179,0,0
-563452,0,0
-543487,0,0
-401986,0,0
171563,0,0
390541,0,0
397420,0,0
190543,0,0
-177017,0,0
-482102,0,0
-575945,0,0
-652545,0,0
-520721,0,0
5968,0,0
189691,0,0
343892,0,0
363417,0,0
95176,0,0
-315397,0,0
-487791,0,0
-605305,0,0
-601528,0,0
-456738,0,0
-125821,0,0
339498,0,0
427832,0,0
359493,0,0
-11200,0,0
-372272,0,0
-566728,0,0
-541664,0,0
-546022,0,0
-202304,0,0
291079,0,0
361675,0,0
393945,0,0
149808,0,0
-231563,0,0
-536911,0,0
-537197,0,0
-636451,0,0
-469837,0,0
-62800,0,0
188148,0,0
413950,0,0
309540,0,0
9614,0,0
-424927,0,0
-563719,0,0
-618270,0,0
-520321,0,0
-408112,0,0
-5571,0,0
379822,0,0
286995,0,0
231465,0,0
-106947,0,0
-471964,0,0
-662345,0,0
-609605,0,0
-688068,0,0
-338609,0,0
67864,0,0
172244,0,0
372075,0,0
168790,0,0
-176394,0,0
-504021,0,0
-602014,0,0
-665520,0,0
-543365,0,0
-301427,0,0
128301,0,0
487915,0,0
287938,0,0
125517,0,0
-226805,0,0
-507730,0,0
-611918,0,0
-591365,0,0
-633247,0,0
-159522,0,0
246770,0,0
255726,0,0
369203,0,0
64378,0,0
-370514,0,0
-589212,0,0
-581564,0,0
-604043,0,0
-390807,0,0
-95690,0,0
199146,0,0
430176,0,0
240177,0,0
-14145,0,0
-352439,0,0
-545239,0,0
-605320,0,0
-601272,0,0
-527014,0,0
-10143,0,0
310198,0,0
256162,0,0
336421,0,0
-42776,0,0
-461341,0,0
-617255,0,0
-594993,0,0
-605885,0,0
-249745,0,0
86080,0,0
354882,0,0
503595,0,0
169763,0,0
-198210,0,0
-475710,0,0
-560504,0,0
-594437,0,0
-535493,0,0
-292627,0,0
161176,0,0
362160,0,0
191112,0,0
193564,0,0
-164713,0,0
-502861,0,0
-577896,0,0
-571800,0,0
-529098,0,0
-82830,0,0
224010,0,0
395070,0,0
493410,0,0
91146,0,0
-346175,0,0
-488656,0,0
-521596,0,0
-563230,0,0
-341281,0,0
6310,0,0
381865,0,0
460593,0,0
211039,0,0
-43428,0,0
-337408,0,0
-526498,0,0
-576104,0,0
-501013,0,0
-189508,0,0
268973,0,0
428445,0,0
394151,0,0
239929,0,0
-209391,0,0
-503612,0,0
-529482,0,0
-590745,0,0
-415407,0,0
44613,0,0
227188,0,0
411759,0,0
295235,0,0
-113104,0,0
-415739,0,0
-503266,0,0
-551953,0,0
-560795,0,0
-286534,0,0
107947,0,0
431553,0,0
405751,0,0
193473,0,0
-133607,0,0
-457698,0,0
-596113,0,0
-546716,0,0
-448375,0,0
-56044,0,0
316586,0,0
321830,0,0
346288,0,0
73620,0,0
-360819,0,0
-535839,0,0
-538738,0,0
-571937,0,0
-385451,0,0
77516,0,0
335141,0,0
502885,0,0
278731,0,0
-127693,0,0
-440493,0,0
-557000,0,0
-664702,0,0
-544728,0,0
-211693,0,0
174263,0,0
352982,0,0
244412,0,0
128094,0,0
-226490,0,0
-570240,0,0
-616591,0,0
-590337,0,0
-518217,0,0
-174953,0,0
204760,0,0
334570,0,0
411923,0,0
94030,0,0
-346843,0,0
-525562,0,0
-609527,0,0
-622056,0,0
-365533,0,0
37852,0,0
328794,0,0
408428,0,0
153804,0,0
-138895,0,0
-400903,0,0
-556201,0,0
-534141,0,0
-544948,0,0
-288772,0,0
69599,0,0
382223,0,0
351659,0,0
252806,0,0
-141432,0,0
-537074,0,0
-561680,0,0
-579045,0,0
-535045,0,0
-158341,0,0
185460,0,0
298647,0,0
305991,0,0
-3345,0,0
-356434,0,0
-536256,0,0
-661186,0,0
-608416,0,0
-529087,0,0
-198218,0,0
127546,0,0
322454,0,0
279558,0,0
133660,0,0
-266110,0,0
-612991,0,0
-622474,0,0
-630266,0,0
-485334,0,0
-34937,0,0
258326,0,0
369492,0,0
332020,0,0
-60875,0,0
-425698,0,0
-513374,0,0
-609048,0,0
-576535,0,0
-411369,0,0
-34302,0,0
299250,0,0
421762,0,0
298302,0,0
-15742,0,0
-365989,0,0
-592148,0,0
-554565,0,0
-528821,0,0
-223344,0,0
179715,0,0
373122,0,0
359372,0,0
175990,0,0
-228231,0,0
-542893,0,0
-509209,0,0
-633740,0,0
-517677,0,0
-190287,0,0
187793,0,0
362376,0,0
388628,0,0
112594,0,0
-261757,0,0
-497204,0,0
-622824,0,0
-539943,0,0
-415787,0,0
-32378,0,0
311836,0,0
386634,0,0
301578,0,0
-17201,0,0
-381677,0,0
-589514,0,0
-551142,0,0
-611545,0,0
-392651,0,0
35465,0,0
341464,0,0
433966,0,0
335928,0,0
-42307,0,0
-416509,0,0
-506264,0,0
-584955,0,0
-444240,0,0
-126712,0,0
240950,0,0
446699,0,0
413957,0,0
122046,0,0
-270496,0,0
-518695,0,0
-626573,0,0
-559495,0,0
-555728,0,0
-133308,0,0
257697,0,0
357000,0,0
353401,0,0
57867,0,0
-352370,0,0
-601278,0,0
-598714,0,0
-610978,0,0
-319323,0,0
28362,0,0
256754,0,0
372328,0,0
259624,0,0
-87386,0,0
-413363,0,0
-578423,0,0
-611152,0,0
-551802,0,0
-402902,0,0
64250,0,0
351420,0,0
419480,0,0
233687,0,0
-130914,0,0
-455628,0,0
-570542,0,0
-560619,0,0
-493538,0,0
-58259,0,0
265489,0,0
370682,0,0
388192,0,0
112551,0,0
-289996,0,0
-496137,0,0
-583620,0,0
-603728,0,0
-440568,0,0
-84163,0,0
307704,0,0
444780,0,0
301277,0,0
-31223,0,0
-378779,0,0
-533697,0,0
-593416,0,0
-575741,0,0
-304156,0,0
135876,0,0
335775,0,0
359868,0,0
241425,0,0
-131447,0,0
-513176,0,0
-565269,0,0
-615955,0,0
-583312,0,0
-276702,0,0
70302,0,0
338576,0,0
409750,0,0
178892,0,0
-254035,0,0
-499501,0,0
-599965,0,0
-601818,0,0
-493563,0,0
-89753,0,0
329599,0,0
367796,0,0
337190,0,0
59737,0,0
-336570,0,0
-614827,0,0
-599256,0,0
-589323,0,0
-471875,0,0
-51783,0,0
230148,0,0
379629,0,0
304802,0,0
-35394,0,0
-436054,0,0
-565324,0,0
-644398,0,0
-597619,0,0
-359652,0,0
53524,0,0
341201,0,0
312647,0,0
193400,0,0
-103629,0,0
-422384,0,0
-620023,0,0
-598196,0,0
-650109,0,0
-435286,0,0
22555,0,0
226013,0,0
364967,0,0
259438,0,0
-116711,0,0
-507745,0,0
-613623,0,0
-635111,0,0
-596228,0,0
-297103,0,0
83679,0,0
357530,0,0
306388,0,0
142746,0,0
-148972,0,0
-444450,0,0
-616346,0,0
-591007,0,0
-596366,0,0
-304607,0,0
125864,0,0
335523,0,0
437601,0,0
251860,0,0
-186603,0,0
-537387,0,0
-551645,0,0
-512466,0,0
-436364,0,0
-24492,0,0
283717,0,0
559485,0,0
379193,0,0
1790,0,0
-334670,0,0
-435347,0,0
-556733,0,0
-529234,0,0
-371826,0,0
34540,0,0
382281,0,0
406020,0,0
312955,0,0
-45702,0,0
-481122,0,0
-588306,0,0
-517536,0,0
-479672,0,0
-138414,0,0
273845,0,0
371633,0,0
420007,0,0
110586,0,0
-350639,0,0
-548334,0,0
-546225,0,0
-581976,0,0
-457791,0,0
-91626,0,0
216189,0,0
409924,0,0
234015,0,0
-25249,0,0
-352405,0,0
-605464,0,0
-632184,0,0
-579141,0,0
-412750,0,0
40863,0,0
358955,0,0
346366,0,0
320870,0,0
-40987,0,0
-493171,0,0
-545134,0,0
-571518,0,0
-578888,0,0
-277884,0,0
59925,0,0
267104,0,0
380289,0,0
158041,0,0
-194785,0,0
-418290,0,0
-579325,0,0
-613609,0,0
-544750,0,0
-194335,0,0
205762,0,0
398851,0,0
331307,0,0
171435,0,0
-229017,0,0
-588951,0,0
-554761,0,0
-536255,0,0
-516512,0,0
-89133,0,0
228723,0,0
354893,0,0
327090,0,0
-43443,0,0
-435383,0,0
-479564,0,0
-632697,0,0
-641183,0,0
-390197,0,0
-13951,0,0
303086,0,0
399593,0,0
266698,0,0
-35905,0,0
-388468,0,0
-607631,0,0
-558328,0,0
-598428,0,0
-340286,0,0
111543,0,0
319152,0,0
347548,0,0
239518,0,0
-194254,0,0
-543674,0,0
-534710,0,0
-621766,0,0
-605379,0,0
-231368,0,0
153999,0,0
358446,0,0
389000,0,0
147793,0,0
-207163,0,0
-492214,0,0
-628894,0,0
-564311,0,0
-553651,0,0
-169429,0,0
240478,0,0
305260,0,0
304560,0,0
79919,0,0
-346198,0,0
-610430,0,0
-534683,0,0
-591464,0,0
-476326,0,0
-21881,0,0
300205,0,0
409810,0,0
319336,0,0
-25854,0,0
-376005,0,0
-485903,0,0
-617950,0,0
-539616,0,0
-295889,0,0
68259,0,0
316408,0,0
336465,0,0
217682,0,0
-93729,0,0
-478286,0,0
-622101,0,0
-536663,0,0
-570697,0,0
-312860,0,0
152472,0,0
337542,0,0
458419,0,0
243446,0,0
-203042,0,0
-497912,0,0
-531818,0,0
-655910,0,0
-551630,0,0
-149215,0,0
163307,0,0
341028,0,0
290335,0,0
56051,0,0
-306497,0,0
-585824,0,0
-676494,0,0
-615216,0,0
-557348,0,0
-202688,0,0
186637,0,0
277261,0,0
328042,0,0
64430,0,0
-380100,0,0
-563957,0,0
-587850,0,0
-662620,0,0
-518585,0,0
-106840,0,0
182844,0,0
372725,0,0
270119,0,0
-54275,0,0
-353127,0,0
-576959,0,0
-675509,0,0
-563815,0,0
-427615,0,0
-66370,0,0
295865,0,0
320199,0,0
295948,0,0
45682,0,0
-405221,0,0
-523412,0,0
-522635,0,0
-627427,0,0
-376315,0,0
42784,0,0
257503,0,0
379935,0,0
258180,0,0
-141175,0,0
-395745,0,0
-605520,0,0
-649478,0,0
-512521,0,0
-348736,0,0
18870,0,0
352461,0,0
323029,0,0
230827,0,0
-49408,0,0
-458495,0,0
-552412,0,0
-547420,0,0
-631480,0,0
-315022,0,0
120710,0,0
318271,0,0
404555,0,0
209501,0,0
-225966,0,0
-427333,0,0
-568911,0,0
-600152,0,0
-468823,0,0
-182592,0,0
173398,0,0
433990,0,0
391400,0,0
181072,0,0
-95058,0,0
-499074,0,0
-536255,0,0
-517857,0,0
-462993,0,0
552,0,0
332948,0,0
388980,0,0
358569,0,0
14227,0,0
-472447,0,0
-502221,0,0
-575915,0,0
-608113,0,0
-332137,0,0
36852,0,0
301776,0,0
421923,0,0
253155,0,0
-76685,0,0
-330127,0,0
-633535,0,0
-575349,0,0
-556877,0,0
-370152,0,0
98522,0,0
320181,0,0
321262,0,0
209126,0,0
-167271,0,0
-592579,0,0
-570878,0,0
-617493,0,0
-624745,0,0
-265510,0,0
72929,0,0
248635,0,0
341152,0,0
196145,0,0
-142478,0,0
-369927,0,0
-649487,0,0
-614564,0,0
-524126,0,0
-275400,0,0
183167,0,0
407350,0,0
346029,0,0
131579,0,0
-227818,0,0
-616700,0,0
-526853,0,0
-599287,0,0
-570464,0,0
-113505,0,0
184930,0,0
313965,0,0
352927,0,0
141121,0,0
-232498,0,0
-427270,0,0
-656814,0,0
-573767,0,0
-458764,0,0
-158402,0,0
237081,0,0
330713,0,0
275263,0,0
30164,0,0
-358057,0,0
-657804,0,0
-557699,0,0
-606822,0,0
-528993,0,0
-105238,0,0
168752,0,0
282325,0,0
341051,0,0
44615,0,0
-370411,0,0
-503119,0,0
-690398,0,0
-622407,0,0
-495941,0,0
-161079,0,0
245013,0,0
356664,0,0
278668,0,0
46584,0,0
-349964,0,0
-688885,0,0
-558529,0,0
-592178,0,0
-493786,0,0
-5093,0,0
236948,0,0
313162,0,0
379064,0,0
64862,0,0
-330766,0,0
-377210,0,0
-604436,0,0
-538490,0,0
-330320,0,0
16463,0,0
360331,0,0
451830,0,0
280560,0,0
-58808,0,0
-410182,0,0
-618190,0,0
-498015,0,0
-557677,0,0
-323074,0,0
208448,0,0
368886,0,0
325472,0,0
239587,0,0
-110819,0,0
-449730,0,0
-413227,0,0
-586570,0,0
-519484,0,0
-162117,0,0
131779,0,0
427241,0,0
389235,0,0
124390,0,0
-257428,0,0
-514643,0,0
-686673,0,0
-551146,0,0
-525400,0,0
-208690,0,0
269065,0,0
364193,0,0
308218,0,0
118046,0,0
-269301,0,0
-551973,0,0
-503638,0,0
-639700,0,0
-477047,0,0
-26229,0,0
226626,0,0
413396,0,0
326614,0,0
2057,0,0
-391876,0,0
-581797,0,0
-710538,0,0
-537132,0,0
-429246,0,0
-77398,0,0
316196,0,0
330265,0,0
234353,0,0
6611,0,0
-396667,0,0
-594278,0,0
-510756,0,0
-633575,0,0
-428665,0,0
32108,0,0
213916,0,0
391281,0,0
275251,0,0
-126392,0,0
-440053,0,0
-535353,0,0
-659057,0,0
-552010,0,0
-360937,0,0
-6658,0,0
382163,0,0
373655,0,0
231903,0,0
-68963,0,0
-431726,0,0
-561820,0,0
-484144,0,0
-580877,0,0
-195804,0,0
242936,0,0
310974,0,0
406041,0,0
151999,0,0
-265557,0,0
-506113,0,0
-570362,0,0
-658663,0,0
-506163,0,0
-195813,0,0
71462,0,0
411398,0,0
343864,0,0
85411,0,0
-274404,0,0
-524472,0,0
-604484,0,0
-522108,0,0
-526951,0,0
-138382,0,0
229936,0,0
244919,0,0
313369,0,0
63753,0,0
-353990,0,0
-528922,0,0
-584334,0,0
-662235,0,0
-491324,0,0
-158043,0,0
151197,0,0
386473,0,0
292091,0,0
54823,0,0
-292117,0,0
-516993,0,0
-599115,0,0
-519419,0,0
-498594,0,0
-27293,0,0
348124,0,0
316496,0,0
334013,0,0
10639,0,0
-413265,0,0
-523624,0,0
-554669,0,0
-636059,0,0
-345062,0,0
26854,0,0
246823,0,0
488266,0,0
303484,0,0
-65251,0,0
-413966,0,0
-527982,0,0
-574050,0,0
-474040,0,0
-257075,0,0
206844,0,0
486149,0,0
336620,0,0
153991,0,0
-226986,0,0
-542873,0,0
-556758,0,0
-569297,0,0
-627790,0,0
-144754,0,0
193027,0,0
284336,0,0
390007,0,0
125521,0,0
-275784,0,0
-525566,0,0
-585891,0,0
-605698,0,0
-410677,0,0
-139530,0,0
224862,0,0
436704,0,0
272506,0,0
48704,0,0
-327439,0,0
-542235,0,0
-545623,0,0
-548854,0,0
-504106,0,0
15125,0,0
300455,0,0
382231,0,0
374350,0,0
17940,0,0
-376605,0,0
-505637,0,0
-548917,0,0
-528609,0,0
-103825,0,0
192473,0,0
415050,0,0
436714,0,0
146494,0,0
-190255,0,0
-462753,0,0
-536282,0,0
-543441,0,0
-517191,0,0
-240813,0,0
234806,0,0
372001,0,0
320300,0,0
148412,0,0
-288157,0,0
-579146,0,0
-599736,0,0
-594151,0,0
-479246,0,0
60851,0,0
225364,0,0
334071,0,0
310922,0,0
-60488,0,0
-395558,0,0
-550499,0,0
-618596,0,0
-576472,0,0
-410817,0,0
-145362,0,0
294313,0,0
362642,0,0
312678,0,0
6564,0,0
-440101,0,0
-587773,0,0
-574569,0,0
-557384,0,0
-256135,0,0
303440,0,0
378994,0,0
467658,0,0
266892,0,0
-197016,0,0
-432171,0,0
-475150,0,0
-552931,0,0
-377564,0,0
40973,0,0
205543,0,0
499769,0,0
383748,0,0
37148,0,0
-260721,0,0
-500173,0,0
-592218,0,0
-501124,0,0
-185281,0,0
221016,0,0
520180,0,0
355697,0,0
152064,0,0
-118874,0,0
-546626,0,0
-519354,0,0
-525890,0,0
-516819,0,0
-104534,0,0
250140,0,0
261091,0,0
361935,0,0
65980,0,0
-411806,0,0
-505413,0,0
-620995,0,0
-625022,0,0
-381571,0,0
-9208,0,0
265424,0,0
408410,0,0
226852,0,0
-104142,0,0
-344687,0,0
-661885,0,0
-597131,0,0
-540157,0,0
-348214,0,0
85869,0,0
303909,0,0
240254,0,0
261540,0,0
-112589,0,0
-530906,0,0
-466774,0,0
-600320,0,0
-589678,0,0
-163485,0,0
236918,0,0
392437,0,0
419312,0,0
74743,0,0
-310526,0,0
-457525,0,0
-640690,0,0
-555274,0,0
-405796,0,0
-48938,0,0
242594,0,0
354284,0,0
208257,0,0
-23441,0,0
-420907,0,0
-709067,0,0
-560162,0,0
-643873,0,0
-460885,0,0
-12291,0,0
251139,0,0
279250,0,0
250508,0,0
-143847,0,0
-457108,0,0
-544455,0,0
-721125,0,0
-579076,0,0
-373581,0,0
-30614,0,0
274404,0,0
347058,0,0
166177,0,0
-113967,0,0
-452467,0,0
-657396,0,0
-514082,0,0
-583556,0,0
-300883,0,0
113831,0,0
380028,0,0
374457,0,0
229870,0,0
-205858,0,0
-474917,0,0
-475766,0,0
-627945,0,0
-458326,0,0
-51534,0,0
247230,0,0
413167,0,0
389107,0,0
28111,0,0
-312710,0,0
-533775,0,0
-649886,0,0
-414307,0,0
-371775,0,0
30403,0,0
374632,0,0
467425,0,0
297969,0,0
-20927,0,0
-469071,0,0
-547953,0,0
-458985,0,0
-565085,0,0
-155591,0,0
270315,0,0
342461,0,0
373423,0,0
131331,0,0
-344791,0,0
-493457,0,0
-546911,0,0
-616488,0,0
-371648,0,0
282,0,0
245257,0,0
449035,0,0
351260,0,0
11551,0,0
-275000,0,0
-560092,0,0
-555467,0,0
-433017,0,0
-271545,0,0
238203,0,0
469236,0,0
356642,0,0
143381,0,0
-216327,0,0
-627925,0,0
-536023,0,0
-604637,0,0
-555894,0,0
-26535,0,0
198644,0,0
302869,0,0
346630,0,0
50529,0,0
-375048,0,0
-456585,0,0
-665845,0,0
-621082,0,0
-387203,0,0
-82583,0,0
300198,0,0
424391,0,0
212508,0,0
-88748,0,0
-447982,0,0
-732273,0,0
-554312,0,0
-536255,0,0
-372869,0,0
164482,0,0
304981,0,0
319125,0,0
237164,0,0
-135200,0,0
-491753,0,0
-458799,0,0
-602673,0,0
-511131,0,0
-68173,0,0
174120,0,0
461821,0,0
401229,0,0
51521,0,0
-326822,0,0
-503369,0,0
-663371,0,0
-473763,0,0
-352106,0,0
-85759,0,0
435474,0,0
430057,0,0
282866,0,0
-3674,0,0
-399271,0,0
-539111,0,0
-327585,0,0
-515605,0,0
-154612,0,0
380846,0,0
335080,0,0
410739,0,0
138250,0,0
-297524,0,0
-497409,0,0
-524220,0,0
-679256,0,0
-371378,0,0
36920,0,0
175087,0,0
434552,0,0
268909,0,0
-64635,0,0
-406199,0,0
-580524,0,0
-628153,0,0
-495450,0,0
-358272,0,0
84285,0,0
418437,0,0
259035,0,0
182293,0,0
-171043,0,0
-542851,0,0
-623728,0,0
-591601,0,0
-661610,0,0
-173684,0,0
165018,0,0
259418,0,0
444738,0,0
127070,0,0
-261067,0,0
-534655,0,0
-586668,0,0
-633626,0,0
-379747,0,0
-96193,0,0
252245,0,0
448612,0,0
222163,0,0
-28217,0,0
-395718,0,0
-595127,0,0
-584092,0,0
-592221,0,0
-480251,0,0
105058,0,0
348913,0,0
308354,0,0
295134,0,0
-125382,0,0
-452398,0,0
-556033,0,0
-577337,0,0
-564676,0,0
-74305,0,0
186688,0,0
389222,0,0
424555,0,0
55467,0,0
-305483,0,0
-520982,0,0
-595812,0,0
-579584,0,0
-407619,0,0
-170910,0,0
345199,0,0
360467,0,0
240049,0,0
17718,0,0
-429502,0,0
-584662,0,0
-573470,0,0
-539039,0,0
-372584,0,0
212639,0,0
286083,0,0
356169,0,0
236860,0,0
-220211,0,0
-469787,0,0
-549137,0,0
-633419,0,0
-526900,0,0
-150723,0,0
-6134,0,0
347710,0,0
387636,0,0
124131,0,0
-200402,0,0
-533643,0,0
-622283,0,0
-581707,0,0
-455321,0,0
-55921,0,0
501963,0,0
420394,0,0
326046,0,0
13853,0,0
-466571,0,0
-527049,0,0
-492296,0,0
-487214,0,0
-142606,0,0
253304,0,0
296129,0,0
513638,0,0
214758,0,0
-269496,0,0
-400061,0,0
-478914,0,0
-508152,0,0
-269883,0,0
196630,0,0
502333,0,0
646657,0,0
270873,0,0
-155610,0,0
-208706,0,0
-448867,0,0
-354794,0,0
-187224,0,0
77317,0,0
460195,0,0
525116,0,0
234673,0,0
-23565,0,0
-390792,0,0
-606485,0,0
-432679,0,0
-453978,0,0
-44541,0,0
402129,0,0
547312,0,0
354809,0,0
19930,0,0
-436653,0,0
-499571,0,0
-205092,0,0
-467653,0,0
-47367,0,0
304858,0,0
368404,0,0
357644,0,0
77654,0,0
-427531,0,0
-534716,0,0
-551190,0,0
-647717,0,0
-197327,0,0
172650,0,0
396488,0,0
395891,0,0
169242,0,0
-251223,0,0
-406796,0,0
-595513,0,0
-586571,0,0
-218069,0,0
13514,0,0
307274,0,0
434875,0,0
189398,0,0
-184547,0,0
-507871,0,0
-751447,0,0
-552367,0,0
-535093,0,0
-300766,0,0
207780,0,0
272935,0,0
246202,0,0
38880,0,0
-352831,0,0
-614814,0,0
-514188,0,0
-686561,0,0
-533344,0,0
54612,0,0
164920,0,0
311724,0,0
251941,0,0
-154098,0,0
-501953,0,0
-633980,0,0
-777015,0,0
-582989,0,0
-321838,0,0
-32208,0,0
430406,0,0
342506,0,0
110862,0,0
-245104,0,0
-539428,0,0
-622119,0,0
-462128,0,0
-500722,0,0
-47439,0,0
457049,0,0
381891,0,0
354953,0,0
-29513,0,0
-469765,0,0
-581646,0,0
-572041,0,0
-698723,0,0
-167861,0,0
288373,0,0
372976,0,0
483648,0,0
107625,0,0
-288537,0,0
-557441,0,0
-577620,0,0
-583621,0,0
-229355,0,0
-5397,0,0
313270,0,0
509803,0,0
171709,0,0
-138913,0,0
-442941,0,0
-631472,0,0
-561241,0,0
-536577,0,0
-350565,0,0
214503,0,0
435214,0,0
312513,0,0
153320,0,0
-278085,0,0
-567688,0,0
-597358,0,0
-582482,0,0
-398787,0,0
219829,0,0
322580,0,0
366183,0,0
244662,0,0
-209678,0,0
-467927,0,0
-550733,0,0
-621062,0,0
-598924,0,0
-198144,0,0
71107,0,0
424218,0,0
284604,0,0
-2854,0,0
-257751,0,0
-576961,0,0
-647532,0,0
-645698,0,0
-518008,0,0
-146073,0,0
359119,0,0
254605,0,0
210834,0,0
-76929,0,0
-502833,0,0
-603188,0,0
-626334,0,0
-684981,0,0
-472779,0,0
-85107,0,0
40590,0,0
332611,0,0
244143,0,0
-111643,0,0
-383088,0,0
-653554,0,0
-675024,0,0
-638603,0,0
-442705,0,0
-29673,0,0
435551,0,0
265984,0,0
189269,0,0
-115189,0,0
-497674,0,0
-570590,0,0
-558771,0,0
-620400,0,0
-272180,0,0
151314,0,0
187119,0,0
410139,0,0
227573,0,0
-192199,0,0
-444260,0,0
-542801,0,0
-538950,0,0
-442291,0,0
-22086,0,0
366800,0,0
725331,0,0
378127,0,0
-12064,0,0
-323796,0,0
-488915,0,0
-378837,0,0
-298039,0,0
-53621,0,0
393908,0,0
609172,0,0
353793,0,0
161248,0,0
-198600,0,0
-503459,0,0
-345882,0,0
-393920,0,0
-46737,0,0
444369,0,0
630808,0,0
558058,0,0
294904,0,0
-168146,0,0
-377306,0,0
-123823,0,0
-410114,0,0
-91340,0,0
330820,0,0
440709,0,0
422630,0,0
134440,0,0
-301560,0,0
-502883,0,0
-569434,0,0
-704143,0,0
-364263,0,0
4053,0,0
285929,0,0
384586,0,0
225073,0,0
-185843,0,0
-475442,0,0
-659808,0,0
-648156,0,0
-474614,0,0
-326117,0,0
131201,0,0
355567,0,0
267720,0,0
17996,0,0
-349305,0,0
-677932,0,0
-651508,0,0
-678104,0,0
-645594,0,0
-60887,0,0
175094,0,0
246072,0,0
229614,0,0
-75729,0,0
-472189,0,0
-592041,0,0
-703910,0,0
-701468,0,0
-428258,0,0
-187711,0,0
198028,0,0
297010,0,0
150226,0,0
-131876,0,0
-468699,0,0
-752766,0,0
-662938,0,0
-661999,0,0
-576935,0,0
-24559,0,0
186932,0,0
230006,0,0
184573,0,0
-124589,0,0
-491846,0,0
-549971,0,0
-664951,0,0
-629829,0,0
-302687,0,0
-78407,0,0
275094,0,0
355955,0,0
188119,0,0
-100995,0,0
-396760,0,0
-680505,0,0
-551248,0,0
-534370,0,0
-357657,0,0
220897,0,0
403613,0,0
374256,0,0
216551,0,0
-144628,0,0
-459364,0,0
-440855,0,0
-544734,0,0
-381270,0,0
197288,0,0
294502,0,0
503967,0,0
389929,0,0
-16371,0,0
-397452,0,0
-488417,0,0
-665146,0,0
-468887,0,0
-110606,0,0
170774,0,0
613869,0,0
446050,0,0
119965,0,0
-272595,0,0
-464970,0,0
-529500,0,0
-290988,0,0
-297183,0,0
176635,0,0
615050,0,0
413415,0,0
235767,0,0
-132851,0,0
-465405,0,0
-528056,0,0
-534894,0,0
-544281,0,0
25223,0,0
344201,0,0
245457,0,0
400963,0,0
-2132,0,0
-390719,0,0
-572803,0,0
-622887,0,0
-627033,0,0
-247024,0,0
28030,0,0
275570,0,0
449312,0,0
115034,0,0
-223804,0,0
-530655,0,0
-642677,0,0
-651267,0,0
-577381,0,0
-333818,0,0
151516,0,0
325456,0,0
195851,0,0
191957,0,0
-253143,0,0
-550405,0,0
-640256,0,0
-618788,0,0
-538730,0,0
-45146,0,0
156598,0,0
338449,0,0
427757,0,0
-25457,0,0
-395613,0,0
-571289,0,0
-651153,0,0
-590066,0,0
-367032,0,0
-81536,0,0
332528,0,0
368850,0,0
151114,0,0
-46558,0,0
-430816,0,0
-581244,0,0
-582007,0,0
-581055,0,0
-362875,0,0
198975,0,0
333683,0,0
378580,0,0
265649,0,0
-221457,0,0
-533175,0,0
-564461,0,0
-586541,0,0
-473786,0,0
-46862,0,0
155609,0,0
458253,0,0
396553,0,0
16532,0,0
-316511,0,0
-494987,0,0
-543651,0,0
-527681,0,0
-250119,0,0
155933,0,0
657427,0,0
516151,0,0
213464,0,0
-139368,0,0
-496775,0,0
-553911,0,0
-502914,0,0
-421158,0,0
75283,0,0
385446,0,0
242870,0,0
339877,0,0
-26715,0,0
-460860,0,0
-521840,0,0
-562185,0,0
-585063,0,0
-301678,0,0
137887,0,0
343326,0,0
565920,0,0
132244,0,0
-275032,0,0
-477020,0,0
-587376,0,0
-557987,0,0
-443606,0,0
-131948,0,0
236984,0,0
421884,0,0
188336,0,0
56983,0,0
-336665,0,0
-642205,0,0
-590619,0,0
-628355,0,0
-446812,0,0
-2574,0,0
294574,0,0
347297,0,0
379627,0,0
-162047,0,0
-524980,0,0
-551728,0,0
-667027,0,0
-572437,0,0
-279871,0,0
51370,0,0
304079,0,0
298641,0,0
36586,0,0
-194582,0,0
-500130,0,0
-742168,0,0
-627522,0,0
-615583,0,0
-341444,0,0
65533,0,0
275744,0,0
270038,0,0
208258,0,0
-275473,0,0
-589967,0,0
-570074,0,0
-645523,0,0
-522226,0,0
-193804,0,0
85295,0,0
294599,0,0
342128,0,0
30496,0,0
-236597,0,0
-494589,0,0
-672875,0,0
-595620,0,0
-566080,0,0
-194566,0,0
161141,0,0
348198,0,0
273320,0,0
147907,0,0
-314135,0,0
-574749,0,0
-545301,0,0
-675574,0,0
-473097,0,0
-96494,0,0
202311,0,0
384106,0,0
340008,0,0
-16455,0,0
-305669,0,0
-522360,0,0
-667301,0,0
-541278,0,0
-458951,0,0
-43065,0,0
358808,0,0
472501,0,0
314108,0,0
2767,0,0
-453822,0,0
-586848,0,0
-451674,0,0
-550138,0,0
-201530,0,0
190270,0,0
355383,0,0
414310,0,0
251774,0,0
-185061,0,0
-470965,0,0
-511942,0,0
-638953,0,0
-414270,0,0
-50104,0,0
313969,0,0
503854,0,0
425621,0,0
48304,0,0
-343567,0,0
-517888,0,0
-526348,0,0
-359841,0,0
-174607,0,0
260831,0,0
473237,0,0
421449,0,0
185135,0,0
-187229,0,0
-483168,0,0
-535375,0,0
-513433,0,0
-506693,0,0
86293,0,0
362816,0,0
450400,0,0
335358,0,0
-38095,0,0
-471014,0,0
-548232,0,0
-603084,0,0
-539238,0,0
-109095,0,0
143776,0,0
362180,0,0
356134,0,0
102873,0,0
-292094,0,0
-541497,0,0
-700095,0,0
-630628,0,0
-531713,0,0
-204692,0,0
263968,0,0
340446,0,0
302850,0,0
13717,0,0
-337134,0,0
-570889,0,0
-592570,0,0
-678304,0,0
-438392,0,0
110671,0,0
230320,0,0
339358,0,0
279265,0,0
-90446,0,0
-471206,0,0
-608996,0,0
-713812,0,0
-589330,0,0
-378884,0,0
-84763,0,0
331292,0,0
359626,0,0
172234,0,0
-188037,0,0
-479819,0,0
-621813,0,0
-571168,0,0
-608874,0,0
-290373,0,0
214624,0,0
283617,0,0
387524,0,0
186548,0,0
-211739,0,0
-529092,0,0
-562675,0,0
-667589,0,0
-497912,0,0
-147878,0,0
116401,0,0
483756,0,0
368108,0,0
79212,0,0
-323158,0,0
-523189,0,0
-570767,0,0
-452348,0,0
-383536,0,0
47956,0,0
496405,0,0
364862,0,0
265613,0,0
-61012,0,0
-440607,0,0
-551602,0,0
-543059,0,0
-674331,0,0
-263664,0,0
143833,0,0
232922,0,0
464964,0,0
203831,0,0
-210814,0,0
-517477,0,0
-573665,0,0
-619298,0,0
-432394,0,0
-175016,0,0
169092,0,0
517853,0,0
331460,0,0
73023,0,0
-278868,0,0
-517152,0,0
-589703,0,0
-553019,0,0
-506264,0,0
19983,0,0
307894,0,0
260834,0,0
359989,0,0
-17026,0,0
-391681,0,0
-563935,0,0
-574826,0,0
-543260,0,0
-157488,0,0
126487,0,0
338826,0,0
536517,0,0
146281,0,0
-224441,0,0
-481960,0,0
-573701,0,0
-560132,0,0
-446880,0,0
-153923,0,0
254311,0,0
369897,0,0
240488,0,0
90343,0,0
-331553,0,0
-573927,0,0
-606274,0,0
-580608,0,0
-392953,0,0
83642,0,0
294524,0,0
383216,0,0
365530,0,0
-115679,0,0
-491736,0,0
-567445,0,0
-603040,0,0
-566234,0,0
-221976,0,0
87708,0,0
360893,0,0
347272,0,0
59455,0,0
-230687,0,0
-497749,0,0
-597065,0,0
-592800,0,0
-508595,0,0
-187197,0,0
280592,0,0
333866,0,0
286066,0,0
153441,0,0
-285721,0,0
-568378,0,0
-587396,0,0
-613862,0,0
-413870,0,0
34683,0,0
207685,0,0
389224,0,0
267216,0,0
-144573,0,0
-457117,0,0
-555235,0,0
-613455,0,0
-585152,0,0
-358615,0,0
34087,0,0
398240,0,0
289733,0,0
222145,0,0
-73620,0,0
-497230,0,0
-630549,0,0
-605819,0,0
-568989,0,0
-243821,0,0
152263,0,0
266793,0,0
389417,0,0
153713,0,0
-287013,0,0
-519487,0,0
-532475,0,0
-586188,0,0
-539249,0,0
-127902,0,0
224564,0,0
431966,0,0
296569,0,0
38423,0,0
-311295,0,0
-559110,0,0
-582230,0,0
-588397,0,0
-453551,0,0
-48027,0,0
294177,0,0
227351,0,0
306048,0,0
-22420,0,0
-427425,0,0
-571446,0,0
-581471,0,0
-580496,0,0
-405927,0,0
24415,0,0
265313,0,0
480669,0,0
222424,0,0
-117659,0,0
-439966,0,0
-585793,0,0
-615853,0,0
-540849,0,0
-278386,0,0
110898,0,0
354761,0,0
188163,0,0
179994,0,0
-155843,0,0
-485306,0,0
-573149,0,0
-575945,0,0
-581287,0,0
-282063,0,0
121858,0,0
291412,0,0
429943,0,0
117413,0,0
-262604,0,0
-525853,0,0
-622850,0,0
-653337,0,0
-554821,0,0
-211453,0,0
110218,0,0
311680,0,0
152986,0,0
100638,0,0
-253279,0,0
-570080,0,0
-604795,0,0
-616646,0,0
-563118,0,0
-247947,0,0
144348,0,0
306845,0,0
466014,0,0
150174,0,0
-279200,0,0
-502677,0,0
-572891,0,0
-579077,0,0
-402528,0,0
78041,0,0
403904,0,0
465480,0,0
254475,0,0
16750,0,0
-313902,0,0
-497637,0,0
-492951,0,0
-489876,0,0
-200852,0,0
219487,0,0
476941,0,0
478502,0,0
317451,0,0
-91269,0,0
-484348,0,0
-499351,0,0
-560855,0,0
-371834,0,0
53874,0,0
349796,0,0
416732,0,0
333641,0,0
-95051,0,0
-422602,0,0
-494705,0,0
-631043,0,0
-538652,0,0
-362249,0,0
36756,0,0
293213,0,0
386653,0,0
230699,0,0
-98708,0,0
-470572,0,0
-591162,0,0
-520477,0,0
-550480,0,0
-168476,0,0
242854,0,0
373166,0,0
343892,0,0
114735,0,0
-305500,0,0
-537886,0,0
-527887,0,0
-638795,0,0
-398427,0,0
-11882,0,0
301346,0,0
441412,0,0
352951,0,0
-17577,0,0
-383089,0,0
-516566,0,0
-581753,0,0
-460409,0,0
-210745,0,0
179481,0,0
409741,0,0
361389,0,0
132732,0,0
-242910,0,0
-537787,0,0
-611260,0,0
-568362,0,0
-610690,0,0
-125237,0,0
256241,0,0
373921,0,0
332798,0,0
42588,0,0
-382645,0,0
-590538,0,0
-599753,0,0
-615502,0,0
-340711,0,0
16201,0,0
310288,0,0
393002,0,0
216883,0,0
-111401,0,0
-412813,0,0
-573633,0,0
-623972,0,0
-585477,0,0
-445654,0,0
75474,0,0
331731,0,0
367886,0,0
216743,0,0
-156245,0,0
-507116,0,0
-598545,0,0
-617241,0,0
-512445,0,0
-78558,0,0
173990,0,0
355141,0,0
359536,0,0
131600,0,0
-276301,0,0
-525703,0,0
-619122,0,0
-584424,0,0
-479347,0,0
-167044,0,0
244287,0,0
379606,0,0
323415,0,0
20380,0,0
-335582,0,0
-596882,0,0
-602376,0,0
-608707,0,0
-328412,0,0
134075,0,0
288594,0,0
376760,0,0
249524,0,0
-97790,0,0
-478793,0,0
-580448,0,0
-632726,0,0
-556745,0,0
-289656,0,0
48077,0,0
388520,0,0
369082,0,0
195586,0,0
-211573,0,0
-468840,0,0
-601288,0,0
-563271,0,0
-474798,0,0
-78516,0,0
387359,0,0
340180,0,0
319561,0,0
48134,0,0
-319742,0,0
-543888,0,0
-570176,0,0
-616595,0,0
-449090,0,0
11041,0,0
284499,0,0
433948,0,0
297109,0,0
-67876,0,0
-455817,0,0
-550864,0,0
-604479,0,0
-547923,0,0
-287097,0,0
104950,0,0
442833,0,0
324055,0,0
148751,0,0
-181465,0,0
-464777,0,0
-604475,0,0
-584563,0,0
-606099,0,0
-238707,0,0
155966,0,0
261247,0,0
389262,0,0
150716,0,0
-264151,0,0
-566530,0,0
-553762,0,0
-574091,0,0
-429942,0,0
-92326,0,0
268848,0,0
500679,0,0
287264,0,0
-35032,0,0
-371928,0,0
-518885,0,0
-586180,0,0
-562292,0,0
-483860,0,0
-61143,0,0
286737,0,0
258327,0,0
330229,0,0
-29726,0,0
-457203,0,0
-685486,0,0
-612117,0,0
-608778,0,0
-311035,0,0
6693,0,0
208684,0,0
400603,0,0
202809,0,0
-134071,0,0
-439400,0,0
-587337,0,0
-644128,0,0
-572651,0,0
-367672,0,0
76557,0,0
337443,0,0
248671,0,0
244882,0,0
-123323,0,0
-480902,0,0
-603660,0,0
-552035,0,0
-529668,0,0
-80648,0,0
292971,0,0
409270,0,0
520083,0,0
151782,0,0
-318995,0,0
-484700,0,0
-530047,0,0
-526898,0,0
-308315,0,0
75121,0,0
348473,0,0
454652,0,0
172082,0,0
-102527,0,0
-303040,0,0
-500157,0,0
-560123,0,0
-472816,0,0
-110150,0,0
293744,0,0
456628,0,0
404316,0,0
158465,0,0
-262635,0,0
-576963,0,0
-527278,0,0
-526204,0,0
-383423,0,0
48600,0,0
330142,0,0
395746,0,0
261361,0,0
-158101,0,0
-473850,0,0
-520169,0,0
-573836,0,0
-549214,0,0
-225603,0,0
134227,0,0
387835,0,0
401099,0,0
185787,0,0
-153087,0,0
-467064,0,0
-595340,0,0
-544334,0,0
-410759,0,0
-53876,0,0
286030,0,0
313780,0,0
316574,0,0
21752,0,0
-437218,0,0
-627320,0,0
-551314,0,0
-556143,0,0
-348792,0,0
87573,0,0
292593,0,0
409849,0,0
232822,0,0
-143744,0,0
-450483,0,0
-562078,0,0
-632242,0,0
-547945,0,0
-220638,0,0
111806,0,0
375523,0,0
274405,0,0
128137,0,0
-217946,0,0
-531822,0,0
-612186,0,0
-598700,0,0
-529582,0,0
-194089,0,0
226900,0,0
331595,0,0
378643,0,0
92140,0,0
-349140,0,0
-553311,0,0
-591552,0,0
-658989,0,0
-491549,0,0
-62205,0,0
264934,0,0
382630,0,0
178463,0,0
-68019,0,0
-380377,0,0
-593663,0,0
-635694,0,0
-589769,0,0
-475027,0,0
-79137,0,0
288708,0,0
330046,0,0
342294,0,0
2367,0,0
-466750,0,0
-574012,0,0
-597432,0,0
-615326,0,0
-306149,0,0
97860,0,0
331846,0,0
409389,0,0
167828,0,0
-196596,0,0
-406696,0,0
-566231,0,0
-565758,0,0
-486257,0,0
-160608,0,0
152578,0,0
424183,0,0
374802,0,0
200481,0,0
-130646,0,0
-535999,0,0
-541549,0,0
-547872,0,0
-406739,0,0
49370,0,0
346715,0,0
410629,0,0
295722,0,0
-105067,0,0
-488583,0,0
-526816,0,0
-588137,0,0
-556193,0,0
-282079,0,0
110147,0,0
307291,0,0
389878,0,0
200645,0,0
-150424,0,0
-378604,0,0
-616299,0,0
-558424,0,0
-508482,0,0
-182807,0,0
209033,0,0
360143,0,0
317858,0,0
68720,0,0
-336613,0,0
-623319,0,0
-572665,0,0
-651939,0,0
-517051,0,0
-126342,0,0
183595,0,0
308655,0,0
338202,0,0
34627,0,0
-342564,0,0
-501786,0,0
-653664,0,0
-583165,0,0
-372557,0,0
6828,0,0
271199,0,0
311542,0,0
227408,0,0
-76417,0,0
-456470,0,0
-635095,0,0
-607132,0,0
-658457,0,0
-440528,0,0
14620,0,0
280211,0,0
334292,0,0
229531,0,0
-138828,0,0
-495266,0,0
-577179,0,0
-664842,0,0
-547619,0,0
-301682,0,0
53498,0,0
335762,0,0
357365,0,0
183567,0,0
-185685,0,0
-507322,0,0
-652778,0,0
-532475,0,0
-581227,0,0
-273622,0,0
180507,0,0
384731,0,0
347983,0,0
213787,0,0
-186823,0,0
-508813,0,0
-491659,0,0
-562398,0,0
-362548,0,0
16855,0,0
286365,0,0
454962,0,0
344990,0,0
13893,0,0
-347654,0,0
-536807,0,0
-619997,0,0
-519612,0,0
-415836,0,0
35793,0,0
376843,0,0
423752,0,0
304733,0,0
-64220,0,0
-444826,0,0
-565805,0,0
-565476,0,0
-563820,0,0
-126489,0,0
201603,0,0
344678,0,0
417077,0,0
166917,0,0
-235572,0,0
-504047,0,0
-574497,0,0
-605219,0,0
-475022,0,0
-170845,0,0
205785,0,0
451657,0,0
381295,0,0
109679,0,0
-263777,0,0
-540967,0,0
-569823,0,0
-500097,0,0
-295012,0,0
151395,0,0
401798,0,0
428694,0,0
267772,0,0
-118134,0,0
-455098,0,0
-502822,0,0
-560199,0,0
-541876,0,0
-172630,0,0
182642,0,0
392910,0,0
442522,0,0
162142,0,0
-281924,0,0
-511499,0,0
-565957,0,0
-565103,0,0
-362960,0,0
43975,0,0
417589,0,0
431588,0,0
263329,0,0
-72431,0,0
-404535,0,0
-563951,0,0
-542737,0,0
-586098,0,0
-332393,0,0
162757,0,0
373759,0,0
405581,0,0
214851,0,0
-208255,0,0
-536315,0,0
-541853,0,0
-594083,0,0
-494918,0,0
-46381,0,0
250081,0,0
451285,0,0
324240,0,0
-9684,0,0
-360869,0,0
-494117,0,0
-587156,0,0
-517134,0,0
-395087,0,0
-41082,0,0
381100,0,0
384662,0,0
275490,0,0
-50363,0,0
-471168,0,0
-589089,0,0
-551655,0,0
-559884,0,0
-147109,0,0
310551,0,0
448289,0,0
423745,0,0
137629,0,0
-336342,0,0
-505488,0,0
-560286,0,0
-611763,0,0
-378268,0,0
9063,0,0
260083,0,0
414808,0,0
245307,0,0
-80807,0,0
-347026,0,0
-579463,0,0
-623934,0,0
-563686,0,0
-290975,0,0
132501,0,0
389162,0,0
355781,0,0
220079,0,0
-139427,0,0
-578645,0,0
-583553,0,0
-554749,0,0
-536094,0,0
-125623,0,0
187429,0,0
327196,0,0
413261,0,0
61088,0,0
-370130,0,0
-452310,0,0
-579036,0,0
-590007,0,0
-347540,0,0
118047,0,0
432850,0,0
511498,0,0
257463,0,0
-87921,0,0
-340739,0,0
-588827,0,0
-530846,0,0
-442895,0,0
-77295,0,0
292815,0,0
405221,0,0
295716,0,0
33358,0,0
-381289,0,0
-655795,0,0
-522538,0,0
-557536,0,0
-397085,0,0
84624,0,0
306602,0,0
366532,0,0
244861,0,0
-149621,0,0
-456367,0,0
-519006,0,0
-654189,0,0
-565351,0,0
-189490,0,0
148514,0,0
350825,0,0
303474,0,0
43343,0,0
-279420,0,0
-552929,0,0
-655511,0,0
-560897,0,0
-463886,0,0
-88678,0,0
291644,0,0
365581,0,0
307163,0,0
60178,0,0
-394281,0,0
-555630,0,0
-545606,0,0
-637773,0,0
-338827,0,0
138379,0,0
344966,0,0
431007,0,0
202354,0,0
-284868,0,0
-499543,0,0
-639693,0,0
-653406,0,0
-501263,0,0
-203373,0,0
113384,0,0
369953,0,0
312184,0,0
112855,0,0
-168294,0,0
-551196,0,0
-592756,0,0
-588603,0,0
-524327,0,0
-92373,0,0
308063,0,0
396206,0,0
381395,0,0
926,0,0
-526737,0,0
-524124,0,0
-598990,0,0
-590960,0,0
-238827,0,0
119803,0,0
294041,0,0
424481,0,0
243724,0,0
-134362,0,0
-340710,0,0
-595408,0,0
-562670,0,0
-453710,0,0
-120329,0,0
282342,0,0
394531,0,0
304809,0,0
50827,0,0
-353334,0,0
-671497,0,0
-541277,0,0
-558913,0,0
-425195,0,0
47947,0,0
316973,0,0
385314,0,0
276368,0,0
-134162,0,0
-488637,0,0
-499623,0,0
-642440,0,0
-579154,0,0
-233683,0,0
95898,0,0
342438,0,0
349224,0,0
100613,0,0
-256690,0,0
-535295,0,0
-725496,0,0
-575719,0,0
-526476,0,0
-199750,0,0
260421,0,0
317091,0,0
290756,0,0
63372,0,0
-324585,0,0
-565158,0,0
-529325,0,0
-658430,0,0
-494236,0,0
-55603,0,0
186872,0,0
318599,0,0
244566,0,0
-46161,0,0
-403518,0,0
-580118,0,0
-685226,0,0
-620119,0,0
-532998,0,0
-152490,0,0
309862,0,0
308508,0,0
243473,0,0
2917,0,0
-403445,0,0
-625380,0,0
-546041,0,0
-629266,0,0
-351431,0,0
87313,0,0
225522,0,0
347630,0,0
230135,0,0
-129057,0,0
-424777,0,0
-565247,0,0
-683439,0,0
-562457,0,0
-313643,0,0
31774,0,0
370366,0,0
331070,0,0
190595,0,0
-122484,0,0
-452897,0,0
-559398,0,0
-474178,0,0
-525562,0,0
-126400,0,0
271624,0,0
349749,0,0
416741,0,0
122546,0,0
-298789,0,0
-489461,0,0
-533429,0,0
-620937,0,0
-391554,0,0
-36422,0,0
249722,0,0
510021,0,0
373257,0,0
10857,0,0
-369315,0,0
-515113,0,0
-576290,0,0
-478046,0,0
-224493,0,0
214750,0,0
487389,0,0
420477,0,0
184402,0,0
-232028,0,0
-534422,0,0
-505590,0,0
-543673,0,0
-535261,0,0
-65844,0,0
255288,0,0
364070,0,0
404219,0,0
68636,0,0
-345592,0,0
-520113,0,0
-548588,0,0
-591197,0,0
-271266,0,0
76339,0,0
379670,0,0
430928,0,0
188301,0,0
-166677,0,0
-474623,0,0
-614686,0,0
-591165,0,0
-566183,0,0
-348880,0,0
118831,0,0
277296,0,0
289530,0,0
212331,0,0
-193456,0,0
-557844,0,0
-613239,0,0
-616715,0,0
-584592,0,0
-162732,0,0
92159,0,0
289566,0,0
327433,0,0
61423,0,0
-306666,0,0
-532056,0,0
-668499,0,0
-634058,0,0
-562851,0,0
-324737,0,0
180913,0,0
285141,0,0
252188,0,0
131129,0,0
-253090,0,0
-573267,0,0
-606144,0,0
-648535,0,0
-566950,0,0
-58034,0,0
195416,0,0
319206,0,0
306087,0,0
15175,0,0
-321036,0,0
-512403,0,0
-644326,0,0
-573840,0,0
-497820,0,0
-236763,0,0
231955,0,0
344822,0,0
301165,0,0
80097,0,0
-375496,0,0
-591362,0,0
-581014,0,0
-613867,0,0
-438720,0,0
73449,0,0
271124,0,0
393533,0,0
296977,0,0
-64982,0,0
-374793,0,0
-509586,0,0
-592187,0,0
-529499,0,0
-307025,0,0
3130,0,0
396103,0,0
423010,0,0
254075,0,0
-46302,0,0
-438837,0,0
-553074,0,0
-517733,0,0
-505884,0,0
-121300,0,0
331761,0,0
383442,0,0
389357,0,0
135173,0,0
-315988,0,0
-452306,0,0
-536565,0,0
-617716,0,0
-466324,0,0
-75333,0,0
154208,0,0
429047,0,0
343240,0,0
21793,0,0
-272345,0,0
-579420,0,0
-629381,0,0
-521353,0,0
-347203,0,0
33599,0,0
385803,0,0
374933,0,0
271131,0,0
-10994,0,0
-491394,0,0
-541865,0,0
-552631,0,0
-586253,0,0
-244114,0,0
148275,0,0
242475,0,0
415673,0,0
215317,0,0
-200165,0,0
-369994,0,0
-533994,0,0
-599191,0,0
-465378,0,0
-79955,0,0
252451,0,0
466394,0,0
362431,0,0
83685,0,0
-224518,0,0
-570932,0,0
-500044,0,0
-422472,0,0
-277973,0,0
162929,0,0
453690,0,0
360316,0,0
293472,0,0
-123778,0,0
-541706,0,0
-451274,0,0
-529977,0,0
-463343,0,0
-3322,0,0
344552,0,0
417230,0,0
396142,0,0
22005,0,0
-362165,0,0
-406929,0,0
-633702,0,0
-550809,0,0
-225235,0,0
72711,0,0
366161,0,0
420121,0,0
154519,0,0
-161153,0,0
-498543,0,0
-650203,0,0
-494396,0,0
-517642,0,0
-208397,0,0
220173,0,0
390298,0,0
345387,0,0
124211,0,0
-307526,0,0
-546352,0,0
-512613,0,0
-641297,0,0
-422245,0,0
7532,0,0
218702,0,0
338592,0,0
264773,0,0
-119408,0,0
-385122,0,0
-588936,0,0
-677000,0,0
-490397,0,0
-282257,0,0
74434,0,0
384615,0,0
430279,0,0
207305,0,0
-84488,0,0
-518707,0,0
-526558,0,0
-395806,0,0
-433092,0,0
76489,0,0
415146,0,0
381639,0,0
319812,0,0
-32194,0,0
-529109,0,0
-476676,0,0
-539890,0,0
-590912,0,0
-121001,0,0
195050,0,0
365960,0,0
454608,0,0
131366,0,0
-290644,0,0
-407663,0,0
-647439,0,0
-601441,0,0
-369327,0,0
-40063,0,0
354688,0,0
440057,0,0
188768,0,0
-93298,0,0
-460499,0,0
-721829,0,0
-563946,0,0
-585118,0,0
-395108,0,0
149900,0,0
285416,0,0
290617,0,0
207636,0,0
-183697,0,0
-529629,0,0
-487498,0,0
-655645,0,0
-593729,0,0
-172391,0,0
75762,0,0
331650,0,0
321796,0,0
63079,0,0
-274952,0,0
-511449,0,0
-755750,0,0
-601909,0,0
-510350,0,0
-207038,0,0
249898,0,0
298199,0,0
265345,0,0
73497,0,0
-343069,0,0
-594539,0,0
-517654,0,0
-660020,0,0
-494981,0,0
-11026,0,0
170293,0,0
368647,0,0
318394,0,0
-51210,0,0
-398913,0,0
-598299,0,0
-726023,0,0
-556128,0,0
-368796,0,0
-77800,0,0
360365,0,0
345960,0,0
245564,0,0
-65809,0,0
-442533,0,0
-613002,0,0
-468247,0,0
-581582,0,0
-248495,0,0
218645,0,0
339217,0,0
409368,0,0
173640,0,0
-260391,0,0
-500054,0,0
-532709,0,0
-635540,0,0
-397773,0,0
-35002,0,0
208460,0,0
509449,0,0
372691,0,0
43038,0,0
-328339,0,0
-498814,0,0
-581793,0,0
-483584,0,0
-322664,0,0
132797,0,0
478021,0,0
378539,0,0
203183,0,0
-215279,0,0
-544018,0,0
-579441,0,0
-592683,0,0
-645277,0,0
-225479,0,0
134393,0,0
228250,0,0
434063,0,0
140474,0,0
-222308,0,0
-507130,0,0
-623825,0,0
-658635,0,0
-456274,0,0
-157790,0,0
222559,0,0
437100,0,0
269260,0,0
34265,0,0
-379404,0,0
-603467,0,0
-606850,0,0
-596414,0,0
-531622,0,0
-13665,0,0
261122,0,0
265645,0,0
340870,0,0
-8341,0,0
-414696,0,0
-561929,0,0
-571859,0,0
-591399,0,0
-234303,0,0
43701,0,0
311722,0,0
422151,0,0
163159,0,0
-150180,0,0
-442806,0,0
-603596,0,0
-587145,0,0
-541183,0,0
-339630,0,0
184950,0,0
357040,0,0
317568,0,0
192838,0,0
-241173,0,0
-528468,0,0
-532297,0,0
-591588,0,0
-565166,0,0
-41713,0,0
178371,0,0
384616,0,0
408398,0,0
27177,0,0
-330570,0,0
-534803,0,0
-600032,0,0
-534528,0,0
-410725,0,0
-148878,0,0
325095,0,0
354364,0,0
248920,0,0
47201,0,0
-386721,0,0
-558941,0,0
-557777,0,0
-569648,0,0
-324051,0,0
264771,0,0
301286,0,0
383906,0,0
237891,0,0
-200232,0,0
-457915,0,0
-528339,0,0
-600485,0,0
-509274,0,0
-187836,0,0
3068,0,0
393718,0,0
371722,0,0
105985,0,0
-178911,0,0
-543511,0,0
-624175,0,0
-598291,0,0
-504696,0,0
-126311,0,0
408742,0,0
312311,0,0
284322,0,0
22091,0,0
-434268,0,0
-528348,0,0
-562277,0,0
-634670,0,0
-418216,0,0
-29930,0,0
140009,0,0
392024,0,0
280335,0,0
-71976,0,0
-310633,0,0
-552279,0,0
-636509,0,0
-551821,0,0
-301520,0,0
82777,0,0
524176,0,0
378371,0,0
199260,0,0
-89550,0,0
-522990,0,0
-508884,0,0
-538260,0,0
-507554,0,0
-84506,0,0
275696,0,0
281320,0,0
442672,0,0
131075,0,0
-345401,0,0
-454971,0,0
-577764,0,0
-588853,0,0
-339215,0,0
84483,0,0
335436,0,0
505217,0,0
205324,0,0
-127352,0,0
-333275,0,0
-613269,0,0
-554731,0,0
-522112,0,0
-265916,0,0
228620,0,0
393096,0,0
247749,0,0
198359,0,0
-202623,0,0
-593952,0,0
-486382,0,0
-580699,0,0
-528515,0,0
-86932,0,0
245639,0,0
349085,0,0
398025,0,0
4612,0,0
-392038,0,0
-454161,0,0
-645071,0,0
-580336,0,0
-356408,0,0
-8350,0,0
356272,0,0
405037,0,0
196935,0,0
-57722,0,0
-420860,0,0
-659466,0,0
-502966,0,0
-580588,0,0
-300601,0,0
149981,0,0
384424,0,0
374821,0,0
215566,0,0
-223627,0,0
-493839,0,0
-473815,0,0
-660078,0,0
-479368,0,0
-87630,0,0
176076,0,0
415774,0,0
388077,0,0
-13653,0,0
-330137,0,0
-538636,0,0
-669554,0,0
-492842,0,0
-420105,0,0
10211,0,0
348365,0,0
431612,0,0
239896,0,0
-60243,0,0
-477253,0,0
-565921,0,0
-455519,0,0
-591960,0,0
-203048,0,0
177557,0,0
259545,0,0
314971,0,0
185452,0,0
-301532,0,0
-491502,0,0
-580488,0,0
-683886,0,0
-456415,0,0
-175045,0,0
167138,0,0
368623,0,0
332059,0,0
68032,0,0
-259311,0,0
-574223,0,0
-606186,0,0
-468360,0,0
-502622,0,0
-15964,0,0
308601,0,0
316525,0,0
313662,0,0
-13369,0,0
-500039,0,0
-559429,0,0
-585495,0,0
-679516,0,0
-261285,0,0
89060,0,0
298143,0,0
373043,0,0
250886,0,0
-157719,0,0
-394563,0,0
-614917,0,0
-572828,0,0
-443191,0,0
-243280,0,0
238283,0,0
440271,0,0
327897,0,0
115994,0,0
-273855,0,0
-650054,0,0
-561280,0,0
-584842,0,0
-552449,0,0
3692,0,0
257234,0,0
360969,0,0
353433,0,0
-9937,0,0
-429710,0,0
-454024,0,0
-595962,0,0
-582276,0,0
-270728,0,0
-25478,0,0
350756,0,0
486713,0,0
173629,0,0
-149016,0,0
-487246,0,0
-733605,0,0
-578616,0,0
-572521,0,0
-350123,0,0
222093,0,0
310418,0,0
304543,0,0
163803,0,0
-215446,0,0
-550932,0,0
-504359,0,0
-635878,0,0
-546533,0,0
-73356,0,0
133664,0,0
390501,0,0
378765,0,0
32168,0,0
-314979,0,0
-518326,0,0
-739026,0,0
-544329,0,0
-424845,0,0
-154551,0,0
392326,0,0
383291,0,0
267245,0,0
-17015,0,0
-390856,0,0
-570682,0,0
-444325,0,0
-624740,0,0
-392683,0,0
194807,0,0
278803,0,0
428389,0,0
251068,0,0
-179474,0,0
-479667,0,0
-568374,0,0
-663823,0,0
-496672,0,0
-218957,0,0
8632,0,0
436889,0,0
361169,0,0
136967,0,0
-216583,0,0
-506607,0,0
-593734,0,0
-490993,0,0
-575286,0,0
-186061,0,0
304838,0,0
296119,0,0
377853,0,0
95027,0,0
-342876,0,0
-547867,0,0
-584530,0,0
-691563,0,0
-380393,0,0
39635,0,0
196522,0,0
558979,0,0
346405,0,0
-35115,0,0
-406259,0,0
-548647,0,0
-573810,0,0
-363545,0,0
-249959,0,0
176092,0,0
531826,0,0
342912,0,0
200717,0,0
-188329,0,0
-525239,0,0
-613607,0,0
-565190,0,0
-563687,0,0
-20524,0,0
302426,0,0
289207,0,0
425419,0,0
62977,0,0
-339253,0,0
-530598,0,0
-606536,0,0
-618550,0,0
-258896,0,0
34728,0,0
401699,0,0
564408,0,0
183506,0,0
-136778,0,0
-444501,0,0
-589084,0,0
-568475,0,0
-476592,0,0
-250268,0,0
278502,0,0
435135,0,0
313177,0,0
194690,0,0
-240462,0,0
-491855,0,0
-534882,0,0
-500782,0,0
-352149,0,0
316791,0,0
413742,0,0
451121,0,0
297000,0,0
-159696,0,0
-432043,0,0
-470999,0,0
-539241,0,0
-368669,0,0
76655,0,0
219182,0,0
526756,0,0
393334,0,0
5131,0,0
-310335,0,0
-504399,0,0
-542368,0,0
-445444,0,0
-114265,0,0
291852,0,0
694272,0,0
450619,0,0
104944,0,0
-229944,0,0
-547721,0,0
-507954,0,0
-464344,0,0
-318988,0,0
164395,0,0
466575,0,0
299042,0,0
245158,0,0
-143300,0,0
-518484,0,0
-494855,0,0
-619269,0,0
-479103,0,0
29882,0,0
333159,0,0
419040,0,0
405816,0,0
-89971,0,0
-470136,0,0
-502269,0,0
-666907,0,0
-547464,0,0
-208460,0,0
100548,0,0
341094,0,0
359684,0,0
30199,0,0
-271034,0,0
-550281,0,0
-746792,0,0
-570735,0,0
-577038,0,0
-216826,0,0
190171,0,0
330360,0,0
243564,0,0
-13347,0,0
-465149,0,0
-663188,0,0
-549405,0,0
-714583,0,0
-510740,0,0
-111226,0,0
153344,0,0
278386,0,0
249362,0,0
-142005,0,0
-392249,0,0
-623494,0,0
-786188,0,0
-605861,0,0
-514019,0,0
-95893,0,0
226750,0,0
274829,0,0
186739,0,0
-55691,0,0
-490136,0,0
-640258,0,0
-566651,0,0
-735331,0,0
-396951,0,0
-15874,0,0
199379,0,0
330857,0,0
265032,0,0
-143360,0,0
-415714,0,0
-582922,0,0
-732078,0,0
-528775,0,0
-394590,0,0
21202,0,0
343660,0,0
403845,0,0
232796,0,0
-77719,0,0
-485125,0,0
-602107,0,0
-443309,0,0
-563294,0,0
-136968,0,0
241939,0,0
373941,0,0
404199,0,0
156213,0,0
-315750,0,0
-519261,0,0
-580098,0,0
-676463,0,0
-385296,0,0
-43716,0,0
272155,0,0
411327,0,0
342714,0,0
-34279,0,0
-362174,0,0
-619195,0,0
-602149,0,0
-500039,0,0
-417115,0,0
66237,0,0
359167,0,0
321392,0,0
211278,0,0
-133053,0,0
-544474,0,0
-595953,0,0
-604134,0,0
-681123,0,0
-198836,0,0
84116,0,0
258045,0,0
316395,0,0
187803,0,0
-209839,0,0
-462502,0,0
-626994,0,0
-597120,0,0
-462122,0,0
-296608,0,0
132438,0,0
364074,0,0
317025,0,0
142814,0,0
-208849,0,0
-618828,0,0
-565027,0,0
-576101,0,0
-597779,0,0
-45911,0,0
270755,0,0
398957,0,0
358292,0,0
22744,0,0
-405863,0,0
-493655,0,0
-602901,0,0
-580266,0,0
-293413,0,0
-89475,0,0
274077,0,0
375310,0,0
228589,0,0
-64748,0,0
-415561,0,0
-690247,0,0
-626878,0,0
-645334,0,0
-516012,0,0
98339,0,0
262526,0,0
244903,0,0
210846,0,0
-140960,0,0
-505437,0,0
-567207,0,0
-690275,0,0
-635700,0,0
-302921,0,0
-78246,0,0
248030,0,0
284903,0,0
160570,0,0
-120141,0,0
-442231,0,0
-702773,0,0
-643264,0,0
-641634,0,0
-518080,0,0
51671,0,0
231123,0,0
314119,0,0
252913,0,0
-118603,0,0
-481074,0,0
-549016,0,0
-655089,0,0
-622162,0,0
-231354,0,0
33751,0,0
316099,0,0
393253,0,0
199178,0,0
-99365,0,0
-417737,0,0
-666988,0,0
-573588,0,0
-531437,0,0
-361272,0,0
207110,0,0
354072,0,0
337975,0,0
221271,0,0
-155905,0,0
-475149,0,0
-478124,0,0
-607996,0,0
-549090,0,0
-110991,0,0
116491,0,0
390218,0,0
404061,0,0
115061,0,0
-244517,0,0
-477877,0,0
-678477,0,0
-575607,0,0
-507673,0,0
-224527,0,0
317803,0,0
364296,0,0
343173,0,0
126566,0,0
-262244,0,0
-548272,0,0
-509460,0,0
-597307,0,0
-429312,0,0
101285,0,0
250793,0,0
421593,0,0
380377,0,0
5157,0,0
-371179,0,0
-477478,0,0
-653517,0,0
-517290,0,0
-316553,0,0
14391,0,0
472429,0,0
391574,0,0
248301,0,0
-92720,0,0
-418715,0,0
-525804,0,0
-450983,0,0
-537737,0,0
-208958,0,0
325886,0,0
315075,0,0
416329,0,0
217730,0,0
-180013,0,0
-485218,0,0
-547052,0,0
-714118,0,0
-425274,0,0
-3289,0,0
201206,0,0
474026,0,0
344836,0,0
16108,0,0
-368328,0,0
-511970,0,0
-553491,0,0
-463230,0,0
-447134,0,0
-93,0,0
445895,0,0
346344,0,0
299351,0,0
-66669,0,0
-489702,0,0
-608115,0,0
-565451,0,0
-700307,0,0
-272097,0,0
133763,0,0
196514,0,0
421049,0,0
149165,0,0
-220141,0,0
-507315,0,0
-566790,0,0
-668897,0,0
-516416,0,0
-353908,0,0
65965,0,0
415651,0,0
258592,0,0
159068,0,0
-195690,0,0
-548244,0,0
-664848,0,0
-607081,0,0
-677378,0,0
-217108,0,0
142205,0,0
175267,0,0
411931,0,0
122901,0,0
-233315,0,0
-528448,0,0
-593971,0,0
-637784,0,0
-413405,0,0
-242351,0,0
141710,0,0
406880,0,0
192835,0,0
130501,0,0
-246801,0,0
-534828,0,0
-623456,0,0
-618045,0,0
-675014,0,0
-156893,0,0
161272,0,0
193385,0,0
386937,0,0
101802,0,0
-285324,0,0
-591849,0,0
-636734,0,0
-623864,0,0
-446939,0,0
-251454,0,0
138202,0,0
488137,0,0
236237,0,0
94010,0,0
-284068,0,0
-565629,0,0
-602133,0,0
-572138,0,0
-609615,0,0
-118417,0,0
209768,0,0
183621,0,0
411117,0,0
89136,0,0
-323580,0,0
-585745,0,0
-531444,0,0
-590592,0,0
-397268,0,0
-175821,0,0
164191,0,0
493003,0,0
286777,0,0
85022,0,0
-305977,0,0
-529325,0,0
-581360,0,0
-557387,0,0
-523052,0,0
-15754,0,0
283870,0,0
231458,0,0
428248,0,0
43333,0,0
-370998,0,0
-576960,0,0
-586994,0,0
-573756,0,0
-315012,0,0
-38926,0,0
287280,0,0
546094,0,0
247077,0,0
-13195,0,0
-371858,0,0
-551889,0,0
-590634,0,0
-532805,0,0
-363071,0,0
178773,0,0
386363,0,0
240583,0,0
327602,0,0
-97081,0,0
-471915,0,0
-544713,0,0
-528775,0,0
-499750,0,0
-63056,0,0
163255,0,0
382630,0,0
551275,0,0
154250,0,0
-243039,0,0
-476687,0,0
-557908,0,0
-536561,0,0
-393634,0,0
-82269,0,0
350548,0,0
422040,0,0
252570,0,0
69253,0,0
-335411,0,0
-540820,0,0
-568475,0,0
-519628,0,0
-322685,0,0
231821,0,0
365572,0,0
412023,0,0
322059,0,0
-139136,0,0
-453196,0,0
-530548,0,0
-564707,0,0
-464130,0,0
-77445,0,0
160712,0,0
456859,0,0
369942,0,0
35293,0,0
-282260,0,0
-447405,0,0
-529411,0,0
-568441,0,0
-396482,0,0
7203,0,0
457625,0,0
380773,0,0
257320,0,0
-20272,0,0
-433196,0,0
-539653,0,0
-545623,0,0
-554950,0,0
-252871,0,0
169955,0,0
201895,0,0
400874,0,0
178520,0,0
-238650,0,0
-478721,0,0
-574545,0,0
-605160,0,0
-542362,0,0
-190355,0,0
165929,0,0
480935,0,0
260978,0,0
65650,0,0
-265985,0,0
-565722,0,0
-599396,0,0
-613494,0,0
-487270,0,0
-32428,0,0
332071,0,0
218730,0,0
329892,0,0
19264,0,0
-414814,0,0
-538801,0,0
-568102,0,0
-602554,0,0
-402136,0,0
2731,0,0
281771,0,0
539971,0,0
237859,0,0
-123668,0,0
-408572,0,0
-581913,0,0
-584176,0,0
-530361,0,0
-254043,0,0
171061,0,0
396833,0,0
186438,0,0
190184,0,0
-179553,0,0
-521433,0,0
-534050,0,0
-591438,0,0
-577801,0,0
-206672,0,0
200726,0,0
342916,0,0
496423,0,0
75865,0,0
-340072,0,0
-524666,0,0
-609385,0,0
-589081,0,0
-419891,0,0
-49328,0,0
279848,0,0
371959,0,0
127129,0,0
912,0,0
-377414,0,0
-567020,0,0
-548947,0,0
-602889,0,0
-444702,0,0
-21396,0,0
318190,0,0
367952,0,0
368519,0,0
-109947,0,0
-451802,0,0
-512260,0,0
-638569,0,0
-573643,0,0
-254257,0,0
93198,0,0
298537,0,0
359644,0,0
62688,0,0
-192104,0,0
-480892,0,0
-652462,0,0
-565267,0,0
-637181,0,0
-344027,0,0
26278,0,0
255507,0,0
261455,0,0
281723,0,0
-225905,0,0
-573221,0,0
-606603,0,0
-673241,0,0
-605043,0,0
-293431,0,0
82750,0,0
280973,0,0
288185,0,0
31197,0,0
-199563,0,0
-476472,0,0
-647170,0,0
-586480,0,0
-608806,0,0
-295551,0,0
93113,0,0
317330,0,0
339749,0,0
298523,0,0
-195370,0,0
-549823,0,0
-562608,0,0
-618644,0,0
-481154,0,0
-127376,0,0
170697,0,0
299400,0,0
342275,0,0
46358,0,0
-229254,0,0
-473027,0,0
-621157,0,0
-539113,0,0
-544481,0,0
-234976,0,0
116052,0,0
357823,0,0
385849,0,0
254596,0,0
-218327,0,0
-533630,0,0
-501941,0,0
-581768,0,0
-382112,0,0
16687,0,0
329856,0,0
434947,0,0
363411,0,0
-12161,0,0
-338711,0,0
-459148,0,0
-566305,0,0
-454260,0,0
-287557,0,0
149325,0,0
434325,0,0
510406,0,0
294499,0,0
-54984,0,0
-402276,0,0
-557449,0,0
-446342,0,0
-436816,0,0
20995,0,0
350388,0,0
430365,0,0
376747,0,0
56477,0,0
-365392,0,0
-534682,0,0
-522949,0,0
-632697,0,0
-342727,0,0
31941,0,0
363051,0,0
408320,0,0
261273,0,0
-97811,0,0
-451343,0,0
-567006,0,0
-632705,0,0
-452883,0,0
-239416,0,0
140559,0,0
342882,0,0
318762,0,0
150912,0,0
-190992,0,0
-502596,0,0
-611641,0,0
-611798,0,0
-661951,0,0
-176619,0,0
208388,0,0
366886,0,0
374099,0,0
131110,0,0
-298381,0,0
-545864,0,0
-611961,0,0
-600416,0,0
-369670,0,0
-88463,0,0
257122,0,0
394286,0,0
307645,0,0
9204,0,0
-362955,0,0
-565519,0,0
-606345,0,0
-573753,0,0
-528110,0,0
33533,0,0
334378,0,0
410724,0,0
293287,0,0
-38506,0,0
-434736,0,0
-542939,0,0
-560279,0,0
-515641,0,0
-65222,0,0
178361,0,0
388193,0,0
425547,0,0
206504,0,0
-204288,0,0
-437390,0,0
-538649,0,0
-500733,0,0
-436851,0,0
-85255,0,0
424694,0,0
478594,0,0
386220,0,0
5166,0,0
-364986,0,0
-499586,0,0
-488482,0,0
-517662,0,0
-170034,0,0
379294,0,0
427357,0,0
461383,0,0
176329,0,0
-217087,0,0
-530299,0,0
-541129,0,0
-620758,0,0
-421669,0,0
-6026,0,0
237274,0,0
517049,0,0
334451,0,0
-45005,0,0
-455055,0,0
-533228,0,0
-565410,0,0
-498909,0,0
-261239,0,0
159912,0,0
501364,0,0
334308,0,0
120398,0,0
-237899,0,0
-516982,0,0
-600632,0,0
-563532,0,0
-606597,0,0
-157920,0,0
197007,0,0
198186,0,0
387978,0,0
51474,0,0
-371512,0,0
-632674,0,0
-656807,0,0
-686003,0,0
-426811,0,0
-93596,0,0
217043,0,0
403807,0,0
199573,0,0
-42619,0,0
-387858,0,0
-595426,0,0
-659227,0,0
-634704,0,0
-541937,0,0
-39745,0,0
255267,0,0
210451,0,0
322271,0,0
-37493,0,0
-446971,0,0
-606409,0,0
-611660,0,0
-638393,0,0
-287319,0,0
54769,0,0
316780,0,0
503829,0,0
187076,0,0
-172804,0,0
-440173,0,0
-595238,0,0
-622647,0,0
-551545,0,0
-304747,0,0
170528,0,0
365222,0,0
255171,0,0
176317,0,0
-207110,0,0
-541456,0,0
-637206,0,0
-586134,0,0
-532447,0,0
-125539,0,0
200263,0,0
385188,0,0
480824,0,0
33584,0,0
-381115,0,0
-542494,0,0
-592221,0,0
-617264,0,0
-462283,0,0
-96511,0,0
296834,0,0
391927,0,0
206808,0,0
-6708,0,0
-374064,0,0
-554230,0,0
-614185,0,0
-587077,0,0
-391714,0,0
75871,0,0
256495,0,0
378768,0,0
403925,0,0
-67559,0,0
-510653,0,0
-584701,0,0
-608595,0,0
-566262,0,0
-238097,0,0
91535,0,0
345775,0,0
358869,0,0
55543,0,0
-243025,0,0
-473845,0,0
-590213,0,0
-617159,0,0
-518884,0,0
-162854,0,0
261575,0,0
378954,0,0
330542,0,0
156033,0,0
-275763,0,0
-557681,0,0
-565789,0,0
-553617,0,0
-421954,0,0
-5479,0,0
255256,0,0
396765,0,0
320029,0,0
-80159,0,0
-422411,0,0
-484110,0,0
-568416,0,0
-578617,0,0
-269351,0,0
132270,0,0
501632,0,0
438536,0,0
223850,0,0
-106612,0,0
-419620,0,0
-547856,0,0
-545524,0,0
-482782,0,0
-88444,0,0
320776,0,0
378079,0,0
360369,0,0
53238,0,0
-363235,0,0
-527204,0,0
-516441,0,0
-564725,0,0
-441939,0,0
34285,0,0
352015,0,0
514664,0,0
308684,0,0
-58087,0,0
-405287,0,0
-543781,0,0
-610744,0,0
-544890,0,0
-222639,0,0
157088,0,0
432029,0,0
285818,0,0
149808,0,0
-200388,0,0
-534499,0,0
-592944,0,0
-530468,0,0
-496925,0,0
-176963,0,0
209509,0,0
344458,0,0
403542,0,0
70504,0,0
-383965,0,0
-564771,0,0
-559084,0,0
-612276,0,0
-463249,0,0
-46593,0,0
308197,0,0
406133,0,0
161397,0,0
-75535,0,0
-353420,0,0
-555366,0,0
-621687,0,0
-599576,0,0
-370814,0,0
37521,0,0
345094,0,0
414255,0,0
370505,0,0
-28100,0,0
-521702,0,0
-568789,0,0
-560998,0,0
-515424,0,0
-153719,0,0
246351,0,0
350420,0,0
356883,0,0
33582,0,0
-322202,0,0
-475520,0,0
-585670,0,0
-579468,0,0
-475189,0,0
-104064,0,0
230768,0,0
407721,0,0
329465,0,0
65658,0,0
-334467,0,0
-603483,0,0
-546347,0,0
-559461,0,0
-312390,0,0
114937,0,0
330045,0,0
337437,0,0
228629,0,0
-178168,0,0
-507628,0,0
-538125,0,0
-635606,0,0
-554006,0,0
-290729,0,0
126992,0,0
330276,0,0
397422,0,0
189223,0,0
-150036,0,0
-432036,0,0
-614443,0,0
-545606,0,0
-429535,0,0
-11499,0,0
357008,0,0
452637,0,0
352678,0,0
-3515,0,0
-391076,0,0
-568616,0,0
-530969,0,0
-590068,0,0
-261259,0,0
147874,0,0
411089,0,0
441473,0,0
238969,0,0
-159907,0,0
-499202,0,0
-566053,0,0
-624953,0,0
-394299,0,0
-40939,0,0
270023,0,0
387385,0,0
277823,0,0
-27982,0,0
-389018,0,0
-594176,0,0
-675204,0,0
-624439,0,0
-581264,0,0
-114849,0,0
237847,0,0
310887,0,0
235908,0,0
-28946,0,0
-394609,0,0
-600384,0,0
-647126,0,0
-678522,0,0
-377708,0,0
13482,0,0
282868,0,0
353205,0,0
239517,0,0
-89853,0,0
-428161,0,0
-571598,0,0
-616903,0,0
-565609,0,0
-370746,0,0
85753,0,0
378570,0,0
440241,0,0
219783,0,0
-147639,0,0
-464548,0,0
-555338,0,0
-571528,0,0
-499306,0,0
-7889,0,0
326686,0,0
423297,0,0
299672,0,0
27933,0,0
-374944,0,0
-514179,0,0
-570784,0,0
-588905,0,0
-443947,0,0
-101176,0,0
274771,0,0
407737,0,0
307875,0,0
-38080,0,0
-368318,0,0
-583373,0,0
-618177,0,0
-590023,0,0
-311191,0,0
152834,0,0
331474,0,0
407891,0,0
236166,0,0
-99857,0,0
-514341,0,0
-564658,0,0
-613897,0,0
-565488,0,0
-265500,0,0
120565,0,0
372082,0,0
401945,0,0
179347,0,0
-222571,0,0
-452742,0,0
-589997,0,0
-614896,0,0
-465688,0,0
-101235,0,0
309750,0,0
379712,0,0
320493,0,0
33461,0,0
-322583,0,0
-588336,0,0
-583200,0,0
-624317,0,0
-489956,0,0
-59072,0,0
224209,0,0
429003,0,0
332164,0,0
-6830,0,0
-442303,0,0
-550959,0,0
-630779,0,0
-588478,0,0
-282007,0,0
130772,0,0
420502,0,0
317973,0,0
166122,0,0
-132873,0,0
-424478,0,0
-599823,0,0
-558147,0,0
-591380,0,0
-269890,0,0
175887,0,0
292076,0,0
375278,0,0
193827,0,0
-194714,0,0
-519533,0,0
-535341,0,0
-609472,0,0
-462792,0,0
-22750,0,0
286468,0,0
527207,0,0
369095,0,0
5708,0,0
-352054,0,0
-502035,0,0
-573353,0,0
-530567,0,0
-380455,0,0
36545,0,0
336989,0,0
352897,0,0
300718,0,0
-41029,0,0
-484262,0,0
-562607,0,0
-499099,0,0
-497490,0,0
-147675,0,0
234249,0,0
392923,0,0
452677,0,0
126107,0,0
-345898,0,0
-492909,0,0
-544620,0,0
-584072,0,0
-442450,0,0
-95558,0,0
208694,0,0
384624,0,0
242017,0,0
-27093,0,0
-326170,0,0
-578077,0,0
-646187,0,0
-547570,0,0
-358869,0,0
63390,0,0
323370,0,0
381171,0,0
280239,0,0
-104733,0,0
-533505,0,0
-556691,0,0
-569471,0,0
-610251,0,0
-280923,0,0
83615,0,0
313429,0,0
381340,0,0
123885,0,0
-247342,0,0
-444255,0,0
-652604,0,0
-670344,0,0
-534949,0,0
-204903,0,0
156008,0,0
366501,0,0
333310,0,0
134987,0,0
-251684,0,0
-598139,0,0
-610685,0,0
-630162,0,0
-595105,0,0
-208276,0,0
129570,0,0
304697,0,0
317534,0,0
3893,0,0
-417002,0,0
-523815,0,0
-641544,0,0
-658188,0,0
-536406,0,0
-165714,0,0
202521,0,0
363204,0,0
282207,0,0
78463,0,0
-302278,0,0
-643204,0,0
-591548,0,0
-595777,0,0
-534649,0,0
-134147,0,0
166475,0,0
260040,0,0
320620,0,0
7515,0,0
-419123,0,0
-497000,0,0
-618646,0,0
-677498,0,0
-466651,0,0
-75343,0,0
247190,0,0
347821,0,0
275085,0,0
33200,0,0
-318094,0,0
-607396,0,0
-580391,0,0
-523682,0,0
-405268,0,0
3862,0,0
275517,0,0
325724,0,0
290894,0,0
-95613,0,0
-494391,0,0
-523639,0,0
-599904,0,0
-608712,0,0
-338330,0,0
58981,0,0
323883,0,0
362311,0,0
239012,0,0
-52874,0,0
-360441,0,0
-620292,0,0
-567316,0,0
-539450,0,0
-313285,0,0
127691,0,0
357577,0,0
357343,0,0
209750,0,0
-235273,0,0
-561061,0,0
-514168,0,0
-559423,0,0
-570745,0,0
-150395,0,0
202265,0,0
374566,0,0
382443,0,0
128212,0,0
-209296,0,0
-447991,0,0
-606042,0,0
-552555,0,0
-448423,0,0
-103822,0,0
285074,0,0
351948,0,0
289977,0,0
62994,0,0
-348883,0,0
-619692,0,0
-538822,0,0
-580093,0,0
-450890,0,0
9513,0,0
294395,0,0
425758,0,0
326321,0,0
-46523,0,0
-378304,0,0
-498959,0,0
-617416,0,0
-549279,0,0
-359381,0,0
-2469,0,0
317436,0,0
374960,0,0
228638,0,0
-102701,0,0
-475790,0,0
-638849,0,0
-534894,0,0
-568481,0,0
-325997,0,0
147294,0,0
332557,0,0
344726,0,0
240328,0,0
-134257,0,0
-439767,0,0
-481951,0,0
-598591,0,0
-502259,0,0
-132549,0,0
141882,0,0
372438,0,0
366766,0,0
89221,0,0
-252165,0,0
-510057,0,0
-615520,0,0
-533252,0,0
-487705,0,0
-153249,0,0
286843,0,0
391878,0,0
379428,0,0
128820,0,0
-345223,0,0
-545388,0,0
-543428,0,0
-610757,0,0
-425454,0,0
-12255,0,0
198389,0,0
399183,0,0
292406,0,0
-77361,0,0
-366002,0,0
-561511,0,0
-613933,0,0
-537873,0,0
-396491,0,0
-35761,0,0
327575,0,0
359549,0,0
274917,0,0
28257,0,0
-438487,0,0
-562168,0,0
-545823,0,0
-629076,0,0
-316359,0,0
156765,0,0
325605,0,0
404422,0,0
193386,0,0
-248048,0,0
-450170,0,0
-588332,0,0
-637141,0,0
-485844,0,0
-223536,0,0
110691,0,0
368611,0,0
350417,0,0
187233,0,0
-100883,0,0
-522377,0,0
-565733,0,0
-551793,0,0
-547735,0,0
-116218,0,0
270270,0,0
337211,0,0
384441,0,0
93462,0,0
-381826,0,0
-495119,0,0
-555504,0,0
-600899,0,0
-354265,0,0
39952,0,0
322080,0,0
452533,0,0
328968,0,0
9892,0,0
-204222,0,0
-537666,0,0
-503000,0,0
-455240,0,0
-244906,0,0
204569,0,0
425214,0,0
378191,0,0
180011,0,0
-194072,0,0
-597120,0,0
-477840,0,0
-489144,0,0
-493410,0,0
-41325,0,0
239581,0,0
386704,0,0
417899,0,0
66554,0,0
-320784,0,0
-332132,0,0
-545699,0,0
-545497,0,0
-230580,0,0
116314,0,0
451045,0,0
394605,0,0
187934,0,0
-131878,0,0
-429014,0,0
-631476,0,0
-506852,0,0
-489411,0,0
-149007,0,0
328320,0,0
424771,0,0
341054,0,0
142055,0,0
-257473,0,0
-492187,0,0
-360675,0,0
-551625,0,0
-277071,0,0
231023,0,0
399259,0,0
453635,0,0
228981,0,0
-182663,0,0
-439508,0,0
-527577,0,0
-624253,0,0
-435394,0,0
-36154,0,0
290285,0,0
521841,0,0
387504,0,0
44843,0,0
-341562,0,0
-533222,0,0
-555428,0,0
-424708,0,0
-151657,0,0
298072,0,0
513491,0,0
347297,0,0
103294,0,0
-230036,0,0
-519570,0,0
-545300,0,0
-604420,0,0
-536478,0,0
-34239,0,0
322958,0,0
353161,0,0
304657,0,0
-21428,0,0
-397389,0,0
-552999,0,0
-588528,0,0
-583315,0,0
-188903,0,0
164628,0,0
449398,0,0
425832,0,0
120190,0,0
-216917,0,0
-460817,0,0
-588174,0,0
-531552,0,0
-415971,0,0
-114047,0,0
354027,0,0
429187,0,0
311054,0,0
20816,0,0
-374917,0,0
-542031,0,0
-505985,0,0
-510182,0,0
-156394,0,0
345468,0,0
447080,0,0
431426,0,0
169783,0,0
-355124,0,0
-511433,0,0
-549229,0,0
-603695,0,0
-375116,0,0
45863,0,0
246567,0,0
426060,0,0
234329,0,0
-175315,0,0
-415035,0,0
-611077,0,0
-675530,0,0
-552495,0,0
-227966,0,0
147113,0,0
402257,0,0
304353,0,0
53627,0,0
-254243,0,0
-668855,0,0
-636738,0,0
-603648,0,0
-592604,0,0
-211253,0,0
123795,0,0
235025,0,0
300843,0,0
7274,0,0
-446748,0,0
-515831,0,0
-736816,0,0
-728002,0,0
-502898,0,0
-122210,0,0
186992,0,0
293502,0,0
216656,0,0
-35457,0,0
-312352,0,0
-682733,0,0
-603172,0,0
-565792,0,0
-487248,0,0
-17377,0,0
275506,0,0
282709,0,0
265495,0,0
-37550,0,0
-477906,0,0
-449425,0,0
-597579,0,0
-586462,0,0
-246662,0,0
194320,0,0
465263,0,0
464216,0,0
183663,0,0
-203336,0,0
-316820,0,0
-563733,0,0
-459633,0,0
-313518,0,0
31539,0,0
402370,0,0
464007,0,0
252695,0,0
-50669,0,0
-420204,0,0
-604396,0,0
-477037,0,0
-501905,0,0
-175695,0,0
310955,0,0
429104,0,0
388919,0,0
135991,0,0
-311379,0,0
-547331,0,0
-497983,0,0
-623150,0,0
-376872,0,0
66031,0,0
218888,0,0
393218,0,0
230019,0,0
-202800,0,0
-460669,0,0
-653049,0,0
-727587,0,0
-532244,0,0
-344928,0,0
-6588,0,0
297290,0,0
271274,0,0
121528,0,0
-139838,0,0
-541215,0,0
-654347,0,0
-646994,0,0
