-323857,0,0
703281,0,0
552258,0,0
-730469,0,0
-948127,0,0
-810542,0,0
34997,0,0
981601,0,0
641658,0,0
5010,0,0
-184828,0,0
-80327,0,0
-25337,0,0
-212401,0,0
-77852,0,0
354878,0,0
-99420,0,0
-319774,0,0
206742,0,0
493568,0,0
174715,0,0
91666,0,0
-260430,0,0
-490702,0,0
-358841,0,0
471245,0,0
374495,0,0
223209,0,0
-199278,0,0
-372325,0,0
311617,0,0
347779,0,0
11304,0,0
-738507,0,0
-403923,0,0
58975,0,0
133580,0,0
437775,0,0
448420,0,0
285895,0,0
-818788,0,0
-332578,0,0
565932,0,0
352068,0,0
-518422,0,0
-768012,0,0
15133,0,0
923833,0,0
887805,0,0
-283417,0,0
-488441,0,0
58700,0,0
56835,0,0
70698,0,0
-178656,0,0
-318410,0,0
95642,0,0
179874,0,0
398928,0,0
-409835,0,0
-136694,0,0
215649,0,0
400012,0,0
445891,0,0
-490785,0,0
-746833,0,0
122472,0,0
752709,0,0
418762,0,0
-544278,0,0
-465540,0,0
-394037,0,0
-340998,0,0
348188,0,0
414590,0,0
-144223,0,0
253072,0,0
-60803,0,0
-496939,0,0
-171426,0,0
-102370,0,0
272182,0,0
-414940,0,0
-184259,0,0
159744,0,0
844186,0,0
75477,0,0
-640196,0,0
-486142,0,0
-164144,0,0
125675,0,0
77842,0,0
-192058,0,0
138972,0,0
238539,0,0
-305080,0,0
-98214,0,0
290916,0,0
-20562,0,0
-380624,0,0
-60592,0,0
-118284,0,0
-104727,0,0
-392894,0,0
-240680,0,0
175802,0,0
333818,0,0
347319,0,0
-438559,0,0
-996914,0,0
-320720,0,0
866097,0,0
958071,0,0
-91244,0,0
-615726,0,0
-4853,0,0
-261491,0,0
134023,0,0
261768,0,0
-153629,0,0
-560048,0,0
20249,0,0
753374,0,0
227459,0,0
-141895,0,0
231877,0,0
-434725,0,0
-832089,0,0
-214448,0,0
-78866,0,0
742509,0,0
680179,0,0
1661,0,0
216352,0,0
-177654,0,0
-325335,0,0
-594314,0,0
329202,0,0
1240297,0,0
1142809,0,0
93620,0,0
-267721,0,0
64800,0,0
292860,0,0
232358,0,0
229136,0,0
421266,0,0
327065,0,0
481380,0,0
156756,0,0
-75068,0,0
-178478,0,0
237430,0,0
683835,0,0
133648,0,0
-443191,0,0
-431673,0,0
-316403,0,0
-215335,0,0
-24005,0,0
359234,0,0
84374,0,0
-460892,0,0
-696575,0,0
-239821,0,0
-262973,0,0
-192992,0,0
-13862,0,0
-171660,0,0
-616493,0,0
-357209,0,0
-103723,0,0
-82389,0,0
-489772,0,0
-700429,0,0
-467324,0,0
-74992,0,0
357626,0,0
601329,0,0
-770213,0,0
-747722,0,0
-213773,0,0
-749837,0,0
-144534,0,0
241880,0,0
-488075,0,0
-91003,0,0
9747,0,0
-432915,0,0
-615594,0,0
-302785,0,0
84897,0,0
273481,0,0
328627,0,0
-13403,0,0
-743927,0,0
-211963,0,0
-42415,0,0
-219752,0,0
97547,0,0
321245,0,0
198856,0,0
82766,0,0
-162600,0,0
-421868,0,0
-190518,0,0
-21497,0,0
211975,0,0
-43435,0,0
-350207,0,0
141346,0,0
-325169,0,0
-131221,0,0
-34479,0,0
-446540,0,0
-429829,0,0
276385,0,0
560980,0,0
-159824,0,0
-832321,0,0
-946205,0,0
-235026,0,0
262786,0,0
174913,0,0
195371,0,0
-278538,0,0
-199572,0,0
233798,0,0
-232005,0,0
-737925,0,0
-338373,0,0
382288,0,0
599616,0,0
167058,0,0
-480494,0,0
-331153,0,0
-229306,0,0
-213587,0,0
-95273,0,0
81572,0,0
64160,0,0
-18324,0,0
227829,0,0
52852,0,0
-243000,0,0
-521407,0,0
-332633,0,0
546285,0,0
404369,0,0
-311588,0,0
-31028,0,0
278123,0,0
-309906,0,0
-352606,0,0
-123258,0,0
438413,0,0
738495,0,0
-135832,0,0
-277533,0,0
-7528,0,0
-130909,0,0
396155,0,0
644511,0,0
-186097,0,0
-149258,0,0
410365,0,0
-53207,0,0
-274480,0,0
-73481,0,0
181254,0,0
408173,0,0
665938,0,0
-50501,0,0
-163867,0,0
-416372,0,0
-177476,0,0
80101,0,0
-298210,0,0
542099,0,0
618599,0,0
17914,0,0
-981046,0,0
-494929,0,0
534214,0,0
608004,0,0
-314266,0,0
-723092,0,0
-178152,0,0
-180887,0,0
-291309,0,0
207165,0,0
584721,0,0
-106021,0,0
-462454,0,0
-725190,0,0
-528620,0,0
41298,0,0
81541,0,0
-283396,0,0
132805,0,0
178952,0,0
-323576,0,0
-998717,0,0
-745497,0,0
-181335,0,0
186163,0,0
41241,0,0
-334108,0,0
-200610,0,0
-114778,0,0
-442690,0,0
-222350,0,0
-383766,0,0
-82640,0,0
-73522,0,0
-475343,0,0
-623685,0,0
-529347,0,0
-38072,0,0
774226,0,0
1052621,0,0
-8316,0,0
-1107436,0,0
-820524,0,0
-76509,0,0
46974,0,0
880578,0,0
771140,0,0
164485,0,0
-276987,0,0
-327824,0,0
301073,0,0
83725,0,0
90536,0,0
385073,0,0
70316,0,0
-24858,0,0
146195,0,0
139367,0,0
438735,0,0
536389,0,0
-255326,0,0
-213804,0,0
-98990,0,0
235060,0,0
1102733,0,0
608528,0,0
-613180,0,0
-595862,0,0
-128257,0,0
269782,0,0
678622,0,0
315188,0,0
-65310,0,0
49964,0,0
411868,0,0
26949,0,0
-65099,0,0
443281,0,0
1055377,0,0
260623,0,0
-206187,0,0
712611,0,0
422879,0,0
-57769,0,0
76802,0,0
445779,0,0
573935,0,0
594124,0,0
77114,0,0
-114040,0,0
528172,0,0
715552,0,0
826986,0,0
839912,0,0
105964,0,0
-343224,0,0
-337346,0,0
170907,0,0
392764,0,0
-222338,0,0
-24182,0,0
387832,0,0
-175982,0,0
79552,0,0
806356,0,0
530748,0,0
-403310,0,0
-767992,0,0
-554647,0,0
-419644,0,0
215029,0,0
155106,0,0
-50921,0,0
40846,0,0
-514105,0,0
-481028,0,0
-123192,0,0
-165243,0,0
-502469,0,0
-669434,0,0
-585605,0,0
-269023,0,0
266375,0,0
482506,0,0
-1197587,0,0
-1686450,0,0
-403501,0,0
977501,0,0
45711,0,0
-854424,0,0
-618404,0,0
-662440,0,0
-163176,0,0
-206206,0,0
-513425,0,0
-48016,0,0
113606,0,0
-322053,0,0
-744439,0,0
-577855,0,0
-209310,0,0
634479,0,0
248326,0,0
1510,0,0
-636950,0,0
-462461,0,0
-630885,0,0
17974,0,0
-94293,0,0
-469916,0,0
102320,0,0
249661,0,0
225322,0,0
335287,0,0
56423,0,0
-122311,0,0
130823,0,0
-460434,0,0
37457,0,0
227964,0,0
27040,0,0
383955,0,0
536186,0,0
819878,0,0
451669,0,0
-424461,0,0
-285311,0,0
-34042,0,0
33004,0,0
558781,0,0
1072416,0,0
571997,0,0
65448,0,0
170635,0,0
-336802,0,0
-105080,0,0
456434,0,0
386992,0,0
-264897,0,0
46613,0,0
168259,0,0
447773,0,0
498276,0,0
181990,0,0
-237038,0,0
-97062,0,0
143464,0,0
-94332,0,0
156162,0,0
119730,0,0
166324,0,0
60865,0,0
-92340,0,0
165675,0,0
525003,0,0
575866,0,0
-114289,0,0
-340765,0,0
49722,0,0
560307,0,0
532646,0,0
199454,0,0
434849,0,0
688247,0,0
28247,0,0
-26082,0,0
168260,0,0
313560,0,0
195403,0,0
168634,0,0
724514,0,0
690148,0,0
144498,0,0
-232078,0,0
-369558,0,0
125274,0,0
476977,0,0
865614,0,0
123307,0,0
-469218,0,0
-693107,0,0
-413516,0,0
-414511,0,0
-325647,0,0
-106181,0,0
42212,0,0
1312651,0,0
906304,0,0
-1478926,0,0
-1226016,0,0
-342689,0,0
-42879,0,0
105748,0,0
-434843,0,0
-451295,0,0
-125022,0,0
206447,0,0
-86633,0,0
-206100,0,0
37027,0,0
-465991,0,0
-592125,0,0
286105,0,0
-79675,0,0
-529139,0,0
-472837,0,0
-388308,0,0
-322592,0,0
-334965,0,0
14504,0,0
277581,0,0
38165,0,0
-739565,0,0
-567306,0,0
-27122,0,0
266651,0,0
624279,0,0
706652,0,0
-366036,0,0
-690359,0,0
-232068,0,0
251141,0,0
-37243,0,0
353520,0,0
765839,0,0
487630,0,0
732949,0,0
183231,0,0
-498769,0,0
-287587,0,0
553024,0,0
554976,0,0
471827,0,0
385095,0,0
772461,0,0
872301,0,0
14781,0,0
-69532,0,0
-171960,0,0
30280,0,0
658715,0,0
741612,0,0
451055,0,0
385543,0,0
320258,0,0
387510,0,0
200249,0,0
388592,0,0
244782,0,0
57878,0,0
480351,0,0
395107,0,0
-107093,0,0
94930,0,0
-18260,0,0
804155,0,0
916970,0,0
223940,0,0
25,0,0
185295,0,0
68876,0,0
655426,0,0
340173,0,0
62175,0,0
370982,0,0
301944,0,0
185246,0,0
199478,0,0
149430,0,0
95435,0,0
547493,0,0
155737,0,0
-15375,0,0
177864,0,0
357537,0,0
314191,0,0
-272747,0,0
-150294,0,0
977088,0,0
779309,0,0
-753608,0,0
-612293,0,0
-165550,0,0
78133,0,0
648152,0,0
294762,0,0
-620887,0,0
-479139,0,0
-4919,0,0
362953,0,0
203113,0,0
-251643,0,0
-526651,0,0
-494760,0,0
-618854,0,0
41399,0,0
-154560,0,0
-485109,0,0
-463074,0,0
-166411,0,0
-305918,0,0
-758492,0,0
-1000097,0,0
-544558,0,0
-459022,0,0
31548,0,0
127433,0,0
-704875,0,0
-1096524,0,0
-973615,0,0
-114221,0,0
270414,0,0
-643357,0,0
-1367007,0,0
-1223302,0,0
-150693,0,0
-305302,0,0
-927253,0,0
-169604,0,0
235534,0,0
-340310,0,0
-755476,0,0
-667668,0,0
-773542,0,0
-852021,0,0
-626704,0,0
-329778,0,0
450810,0,0
-226019,0,0
-641767,0,0
-21965,0,0
-193388,0,0
-721060,0,0
-410588,0,0
-457972,0,0
6407,0,0
339783,0,0
274389,0,0
80834,0,0
4197,0,0
-553315,0,0
-467645,0,0
-133094,0,0
241446,0,0
704217,0,0
616767,0,0
457775,0,0
395260,0,0
-342357,0,0
-532144,0,0
133149,0,0
478544,0,0
515352,0,0
565805,0,0
627434,0,0
1142993,0,0
335478,0,0
-62810,0,0
469839,0,0
484045,0,0
433913,0,0
892351,0,0
731980,0,0
140749,0,0
189040,0,0
993317,0,0
1151126,0,0
753168,0,0
658977,0,0
119415,0,0
221763,0,0
-160531,0,0
315606,0,0
1408225,0,0
640194,0,0
226707,0,0
548568,0,0
-6989,0,0
-297946,0,0
330022,0,0
521725,0,0
751019,0,0
516517,0,0
-379646,0,0
-172867,0,0
64750,0,0
-173778,0,0
-38546,0,0
250329,0,0
268989,0,0
237360,0,0
221359,0,0
34475,0,0
368366,0,0
-635346,0,0
-834202,0,0
113567,0,0
716697,0,0
556530,0,0
297259,0,0
-685228,0,0
-368149,0,0
-267430,0,0
151064,0,0
452587,0,0
174157,0,0
-100583,0,0
106702,0,0
-22714,0,0
-520058,0,0
-59569,0,0
275690,0,0
355268,0,0
31876,0,0
-313347,0,0
-463767,0,0
-161083,0,0
115567,0,0
114780,0,0
44141,0,0
-320991,0,0
-269078,0,0
-99691,0,0
665355,0,0
1043616,0,0
-444912,0,0
-876955,0,0
-667461,0,0
-455364,0,0
-215240,0,0
390978,0,0
442418,0,0
355534,0,0
891730,0,0
341467,0,0
-492498,0,0
-863859,0,0
84567,0,0
631036,0,0
262445,0,0
-357113,0,0
-200309,0,0
520126,0,0
498112,0,0
495669,0,0
127227,0,0
-271509,0,0
-2810,0,0
115845,0,0
418021,0,0
1474355,0,0
89485,0,0
-865159,0,0
-81171,0,0
268529,0,0
231802,0,0
126541,0,0
10111,0,0
-149946,0,0
224054,0,0
46779,0,0
244728,0,0
1418206,0,0
1359866,0,0
-1039593,0,0
-1331435,0,0
-198259,0,0
467859,0,0
444458,0,0
95322,0,0
89566,0,0
-29823,0,0
136176,0,0
-10897,0,0
-103375,0,0
-36759,0,0
73078,0,0
-362017,0,0
-327866,0,0
-286060,0,0
-564199,0,0
-170249,0,0
-182115,0,0
-521651,0,0
-418538,0,0
-357425,0,0
-596529,0,0
-737604,0,0
-829237,0,0
-915800,0,0
-175140,0,0
130840,0,0
-550315,0,0
-1065590,0,0
-876662,0,0
-827807,0,0
-355384,0,0
-44363,0,0
-580115,0,0
-248708,0,0
-494633,0,0
-817695,0,0
-468995,0,0
225104,0,0
-407728,0,0
-370004,0,0
128546,0,0
-186125,0,0
-626140,0,0
-336690,0,0
271876,0,0
-81886,0,0
-585419,0,0
-199415,0,0
228903,0,0
734386,0,0
-40504,0,0
-80611,0,0
437297,0,0
48641,0,0
-654116,0,0
89929,0,0
611312,0,0
325776,0,0
6399,0,0
-532110,0,0
-638240,0,0
453979,0,0
1874182,0,0
1173702,0,0
-302019,0,0
-807985,0,0
-628624,0,0
16953,0,0
731773,0,0
1004114,0,0
273804,0,0
45725,0,0
24407,0,0
-64264,0,0
-224302,0,0
7463,0,0
85738,0,0
-347032,0,0
-98960,0,0
15830,0,0
-269116,0,0
835524,0,0
424683,0,0
-1025933,0,0
-955324,0,0
-73047,0,0
65481,0,0
73844,0,0
-693152,0,0
-339431,0,0
-78104,0,0
-30663,0,0
228408,0,0
149510,0,0
-445099,0,0
-276628,0,0
20782,0,0
-285276,0,0
-37089,0,0
342372,0,0
282767,0,0
-24414,0,0
-168602,0,0
-436178,0,0
503886,0,0
799981,0,0
61013,0,0
406481,0,0
-466635,0,0
-512552,0,0
-55,0,0
208667,0,0
1560943,0,0
1578669,0,0
-598265,0,0
-869318,0,0
-168378,0,0
-440756,0,0
80523,0,0
634210,0,0
984702,0,0
1717275,0,0
536471,0,0
-895706,0,0
-507920,0,0
-249593,0,0
213501,0,0
586421,0,0
80556,0,0
370120,0,0
917996,0,0
1062400,0,0
284375,0,0
-764320,0,0
-321550,0,0
531018,0,0
1036603,0,0
344966,0,0
113854,0,0
137511,0,0
186562,0,0
299508,0,0
311091,0,0
-559270,0,0
-240859,0,0
500962,0,0
695408,0,0
738017,0,0
-99368,0,0
-649569,0,0
273304,0,0
615395,0,0
100760,0,0
-16339,0,0
-129653,0,0
-17762,0,0
289689,0,0
-319527,0,0
-261611,0,0
-86837,0,0
102223,0,0
323681,0,0
89039,0,0
-271656,0,0
-76914,0,0
-14758,0,0
-129254,0,0
-295604,0,0
-688941,0,0
-668000,0,0
-294376,0,0
-203578,0,0
-252283,0,0
-182768,0,0
-882816,0,0
-869597,0,0
-575848,0,0
-387706,0,0
-806092,0,0
-1210457,0,0
-872667,0,0
-702794,0,0
-521886,0,0
-888679,0,0
-868526,0,0
-748987,0,0
-652120,0,0
-58585,0,0
-695461,0,0
-1072028,0,0
-949968,0,0
-1025091,0,0
-1117451,0,0
-575325,0,0
-77535,0,0
356979,0,0
886666,0,0
-813354,0,0
-1395656,0,0
-558437,0,0
356522,0,0
-468837,0,0
-793397,0,0
-523001,0,0
431561,0,0
167012,0,0
-618048,0,0
-261105,0,0
-130343,0,0
484670,0,0
139503,0,0
-244612,0,0
35932,0,0
189434,0,0
-386534,0,0
179364,0,0
284642,0,0
-170900,0,0
-128726,0,0
172976,0,0
502689,0,0
186486,0,0
836350,0,0
541007,0,0
20686,0,0
-2708,0,0
564842,0,0
252106,0,0
268980,0,0
643815,0,0
430598,0,0
479333,0,0
519135,0,0
300058,0,0
32605,0,0
553473,0,0
561169,0,0
316165,0,0
879737,0,0
1482013,0,0
590991,0,0
-97794,0,0
123740,0,0
236238,0,0
570151,0,0
398542,0,0
381700,0,0
710569,0,0
459201,0,0
487397,0,0
133554,0,0
331399,0,0
356110,0,0
508181,0,0
240187,0,0
196589,0,0
317420,0,0
807795,0,0
521948,0,0
-385490,0,0
-168125,0,0
417869,0,0
473297,0,0
308229,0,0
527911,0,0
-4295,0,0
-134984,0,0
481352,0,0
505397,0,0
136743,0,0
54741,0,0
129637,0,0
-227089,0,0
194616,0,0
-210111,0,0
-378665,0,0
-499431,0,0
-308835,0,0
342463,0,0
132496,0,0
-180726,0,0
-159292,0,0
-872489,0,0
-1289158,0,0
-594937,0,0
-803782,0,0
-449660,0,0
-175694,0,0
-810850,0,0
-732412,0,0
73647,0,0
143924,0,0
-152917,0,0
-870597,0,0
-1219908,0,0
-1232243,0,0
-529165,0,0
-224743,0,0
169215,0,0
53975,0,0
-337143,0,0
-227938,0,0
-533017,0,0
-878400,0,0
-289757,0,0
-114278,0,0
196473,0,0
-24393,0,0
-312247,0,0
-471171,0,0
-184545,0,0
95275,0,0
-137200,0,0
-417531,0,0
-872161,0,0
-441713,0,0
460431,0,0
491794,0,0
492215,0,0
-364224,0,0
-1041424,0,0
-118603,0,0
565928,0,0
275027,0,0
-163177,0,0
-432960,0,0
-421799,0,0
-53721,0,0
1201951,0,0
680734,0,0
-297734,0,0
185407,0,0
542923,0,0
-31846,0,0
-272012,0,0
511280,0,0
812332,0,0
201734,0,0
56721,0,0
494676,0,0
640247,0,0
360409,0,0
326306,0,0
198562,0,0
530031,0,0
182883,0,0
-292413,0,0
341353,0,0
670486,0,0
1071252,0,0
344606,0,0
450476,0,0
265132,0,0
-19722,0,0
-30171,0,0
608444,0,0
490758,0,0
335325,0,0
332919,0,0
934739,0,0
927442,0,0
675803,0,0
-755816,0,0
-730686,0,0
737566,0,0
1245254,0,0
514759,0,0
33614,0,0
-73638,0,0
417501,0,0
342688,0,0
-242442,0,0
-439379,0,0
-220902,0,0
231176,0,0
1109599,0,0
708469,0,0
-423234,0,0
-712178,0,0
-484871,0,0
227292,0,0
340241,0,0
-70380,0,0
35478,0,0
286095,0,0
-246347,0,0
-361814,0,0
-169524,0,0
-347486,0,0
-102839,0,0
135435,0,0
90633,0,0
-124739,0,0
438024,0,0
-98245,0,0
-647506,0,0
-575370,0,0
102458,0,0
-501598,0,0
-720584,0,0
-44291,0,0
12040,0,0
-89039,0,0
-455335,0,0
6772,0,0
-303324,0,0
-546888,0,0
-83914,0,0
-571725,0,0
-800873,0,0
-504670,0,0
24945,0,0
497541,0,0
219171,0,0
-597670,0,0
-996454,0,0
-417625,0,0
-41640,0,0
-138456,0,0
225803,0,0
-116268,0,0
-414611,0,0
25178,0,0
124401,0,0
41901,0,0
-461488,0,0
-507832,0,0
243053,0,0
1507005,0,0
458342,0,0
-200226,0,0
-270317,0,0
-171828,0,0
346657,0,0
564068,0,0
193732,0,0
726004,0,0
254274,0,0
34609,0,0
675802,0,0
266288,0,0
199524,0,0
510097,0,0
546238,0,0
543067,0,0
-126626,0,0
-240342,0,0
830799,0,0
626546,0,0
-209977,0,0
120867,0,0
421730,0,0
148922,0,0
-120240,0,0
-291634,0,0
38916,0,0
119366,0,0
63878,0,0
-320336,0,0
-440553,0,0
-18506,0,0
1062767,0,0
1076213,0,0
-937991,0,0
-1319189,0,0
-582996,0,0
-55531,0,0
288193,0,0
386331,0,0
263523,0,0
-577650,0,0
-571521,0,0
-216791,0,0
492590,0,0
-131401,0,0
-686962,0,0
-556384,0,0
-489709,0,0
-465417,0,0
-246565,0,0
197193,0,0
263131,0,0
247014,0,0
-239743,0,0
-920779,0,0
-887383,0,0
-674998,0,0
173921,0,0
241318,0,0
-17819,0,0
209431,0,0
7973,0,0
-170775,0,0
-367102,0,0
-684331,0,0
23375,0,0
427023,0,0
-15513,0,0
-334520,0,0
-493422,0,0
18705,0,0
297954,0,0
-194026,0,0
-502220,0,0
-440287,0,0
12922,0,0
65034,0,0
-326009,0,0
-296925,0,0
126733,0,0
222378,0,0
-221832,0,0
381760,0,0
78909,0,0
-244051,0,0
-284756,0,0
-112368,0,0
-126791,0,0
45615,0,0
169821,0,0
750706,0,0
954465,0,0
438074,0,0
-982706,0,0
-137046,0,0
15007,0,0
56469,0,0
464769,0,0
464277,0,0
109749,0,0
-19413,0,0
51524,0,0
-125175,0,0
511251,0,0
112317,0,0
-684597,0,0
-294161,0,0
258347,0,0
-304412,0,0
-21050,0,0
679602,0,0
244411,0,0
-726214,0,0
-728352,0,0
315072,0,0
-290067,0,0
-725798,0,0
-285690,0,0
152495,0,0
579926,0,0
344848,0,0
-266685,0,0
-296491,0,0
-233675,0,0
-661299,0,0
-413078,0,0
132006,0,0
82710,0,0
13384,0,0
-178313,0,0
-208457,0,0
-432421,0,0
-405627,0,0
-325070,0,0
-199698,0,0
-122341,0,0
-335860,0,0
361909,0,0
-542322,0,0
-1016177,0,0
-245590,0,0
-371426,0,0
-697151,0,0
-175277,0,0
-260894,0,0
-524704,0,0
-468585,0,0
-520831,0,0
-333922,0,0
90213,0,0
-11627,0,0
-529830,0,0
-184244,0,0
-717267,0,0
-528634,0,0
-284412,0,0
-182674,0,0
487532,0,0
52999,0,0
-677469,0,0
-554224,0,0
247202,0,0
591971,0,0
-89685,0,0
-624246,0,0
-102215,0,0
613020,0,0
340160,0,0
60324,0,0
-395704,0,0
-631612,0,0
557253,0,0
617067,0,0
24812,0,0
488596,0,0
680758,0,0
65441,0,0
-313872,0,0
-93654,0,0
167524,0,0
259944,0,0
699340,0,0
707806,0,0
508743,0,0
-60253,0,0
276380,0,0
296686,0,0
87887,0,0
75096,0,0
216494,0,0
174456,0,0
292750,0,0
437220,0,0
399989,0,0
342180,0,0
-161540,0,0
-77378,0,0
302388,0,0
10220,0,0
-210910,0,0
138211,0,0
-138467,0,0
254624,0,0
370681,0,0
421908,0,0
1125418,0,0
7663,0,0
-1258078,0,0
-780723,0,0
158555,0,0
509015,0,0
17357,0,0
467266,0,0
530234,0,0
444728,0,0
-92566,0,0
-268522,0,0
-37593,0,0
-281015,0,0
-405002,0,0
396335,0,0
195281,0,0
118950,0,0
995096,0,0
-320024,0,0
-950962,0,0
-98861,0,0
65879,0,0
428117,0,0
485906,0,0
-216981,0,0
66981,0,0
8176,0,0
-468119,0,0
-47396,0,0
172880,0,0
29795,0,0
366605,0,0
-63442,0,0
-184740,0,0
85434,0,0
-154220,0,0
-48948,0,0
21874,0,0
-161026,0,0
348967,0,0
947841,0,0
433770,0,0
-763050,0,0
-516333,0,0
-17498,0,0
271027,0,0
183623,0,0
357233,0,0
344673,0,0
146844,0,0
-312338,0,0
56660,0,0
27232,0,0
439855,0,0
471968,0,0
-429086,0,0
99762,0,0
592699,0,0
26217,0,0
167806,0,0
108038,0,0
53033,0,0
-255985,0,0
-253134,0,0
224203,0,0
431581,0,0
234650,0,0
43613,0,0
-122926,0,0
-114760,0,0
-99052,0,0
171360,0,0
3215,0,0
40770,0,0
-200199,0,0
-599838,0,0
-265312,0,0
255139,0,0
22458,0,0
-442731,0,0
93040,0,0
66778,0,0
-335858,0,0
-751151,0,0
-488983,0,0
-256741,0,0
-250822,0,0
-373490,0,0
132455,0,0
578538,0,0
435236,0,0
-369845,0,0
-928158,0,0
-648298,0,0
-337179,0,0
-341925,0,0
294669,0,0
926719,0,0
-27607,0,0
-742878,0,0
-487527,0,0
267424,0,0
585663,0,0
144196,0,0
-33635,0,0
199632,0,0
-305672,0,0
-410620,0,0
-96634,0,0
361607,0,0
156149,0,0
72695,0,0
24249,0,0
38398,0,0
484234,0,0
400357,0,0
294088,0,0
288395,0,0
637713,0,0
-3660,0,0
-133335,0,0
183732,0,0
66899,0,0
496524,0,0
494452,0,0
607963,0,0
143108,0,0
397632,0,0
1222338,0,0
523673,0,0
-425129,0,0
163665,0,0
91766,0,0
-117832,0,0
393413,0,0
802257,0,0
58542,0,0
293446,0,0
186044,0,0
-478757,0,0
471077,0,0
238921,0,0
-85835,0,0
-887,0,0
361953,0,0
196070,0,0
-320985,0,0
1860,0,0
276165,0,0
193229,0,0
201357,0,0
-328427,0,0
259072,0,0
284087,0,0
70659,0,0
394945,0,0
565805,0,0
87149,0,0
-143662,0,0
344013,0,0
401272,0,0
-129326,0,0
40507,0,0
267700,0,0
-124270,0,0
68811,0,0
224804,0,0
225695,0,0
7637,0,0
239569,0,0
-134267,0,0
156861,0,0
363371,0,0
-394472,0,0
-497512,0,0
-191278,0,0
-80067,0,0
169393,0,0
226076,0,0
166918,0,0
-349297,0,0
-264319,0,0
699558,0,0
776467,0,0
-102942,0,0
-599663,0,0
-616786,0,0
-43214,0,0
754345,0,0
509380,0,0
-121270,0,0
-235514,0,0
27468,0,0
253605,0,0
491531,0,0
327555,0,0
221131,0,0
-57251,0,0
-84801,0,0
-402530,0,0
-269703,0,0
21586,0,0
654568,0,0
711259,0,0
-150835,0,0
-499192,0,0
33836,0,0
222264,0,0
-187233,0,0
-254312,0,0
-127173,0,0
109417,0,0
728213,0,0
113397,0,0
-399716,0,0
35228,0,0
-124097,0,0
-485594,0,0
-230194,0,0
-138064,0,0
362261,0,0
1023897,0,0
-279248,0,0
-536719,0,0
199983,0,0
-281601,0,0
-839177,0,0
-583538,0,0
241354,0,0
876278,0,0
53613,0,0
-66000,0,0
-144400,0,0
-330105,0,0
-469004,0,0
-519961,0,0
-150979,0,0
-20894,0,0
327006,0,0
611365,0,0
-151042,0,0
-600248,0,0
-644329,0,0
-367594,0,0
-82081,0,0
64584,0,0
353928,0,0
200989,0,0
-859536,0,0
-507368,0,0
-268950,0,0
213164,0,0
568458,0,0
516857,0,0
-1054347,0,0
-1474838,0,0
-349717,0,0
527743,0,0
1052634,0,0
-197074,0,0
-887087,0,0
-671824,0,0
57846,0,0
637696,0,0
-109665,0,0
-17857,0,0
-290618,0,0
-497246,0,0
-296625,0,0
84881,0,0
-269225,0,0
349319,0,0
540895,0,0
-468087,0,0
-280786,0,0
186124,0,0
-218736,0,0
-757311,0,0
-104753,0,0
73145,0,0
-16590,0,0
549042,0,0
92110,0,0
-268024,0,0
-579760,0,0
-601602,0,0
271745,0,0
-179744,0,0
293107,0,0
499178,0,0
-178409,0,0
-557784,0,0
-306859,0,0
-205960,0,0
107741,0,0
71744,0,0
-74159,0,0
-167868,0,0
-301456,0,0
348801,0,0
346942,0,0
133395,0,0
-534077,0,0
-356162,0,0
-42476,0,0
75016,0,0
37302,0,0
-159516,0,0
-160680,0,0
57853,0,0
54247,0,0
-60775,0,0
231339,0,0
-106748,0,0
-325318,0,0
-144453,0,0
282427,0,0
371309,0,0
307308,0,0
333492,0,0
-240123,0,0
42250,0,0
386984,0,0
187972,0,0
-452807,0,0
186551,0,0
255574,0,0
-214099,0,0
-210941,0,0
212749,0,0
155703,0,0
455460,0,0
124884,0,0
-545276,0,0
-596825,0,0
-311567,0,0
401390,0,0
590821,0,0
-340820,0,0
-821336,0,0
-405897,0,0
400670,0,0
144293,0,0
-393905,0,0
-473610,0,0
-369512,0,0
-373707,0,0
-73551,0,0
136668,0,0
601251,0,0
-43591,0,0
-449785,0,0
-666778,0,0
-213569,0,0
469082,0,0
555820,0,0
-365133,0,0
-162924,0,0
-95272,0,0
161403,0,0
811949,0,0
66224,0,0
-386040,0,0
-355769,0,0
-9905,0,0
185862,0,0
498874,0,0
250344,0,0
95949,0,0
161167,0,0
122297,0,0
110163,0,0
-203841,0,0
-166155,0,0
-185313,0,0
576885,0,0
1089917,0,0
254001,0,0
-613277,0,0
-469995,0,0
250574,0,0
770558,0,0
671786,0,0
174543,0,0
-258578,0,0
-71557,0,0
233305,0,0
476408,0,0
220347,0,0
381454,0,0
275374,0,0
274010,0,0
113515,0,0
-123466,0,0
-206176,0,0
-83112,0,0
327339,0,0
308960,0,0
496352,0,0
366387,0,0
-49074,0,0
-205927,0,0
-469807,0,0
-219305,0,0
251501,0,0
536960,0,0
297183,0,0
89275,0,0
60158,0,0
-183199,0,0
-722730,0,0
-228066,0,0
703680,0,0
646604,0,0
32403,0,0
434299,0,0
-71887,0,0
-473269,0,0
-157302,0,0
-173783,0,0
-8966,0,0
13399,0,0
234039,0,0
324145,0,0
-125518,0,0
-376426,0,0
-363375,0,0
74438,0,0
426233,0,0
-187619,0,0
-103159,0,0
195640,0,0
220278,0,0
-344116,0,0
-461665,0,0
-322461,0,0
-276513,0,0
-243910,0,0
-107634,0,0
243235,0,0
476877,0,0
250039,0,0
-679818,0,0
-178345,0,0
388730,0,0
-213816,0,0
147051,0,0
-357700,0,0
-787304,0,0
-553496,0,0
-51473,0,0
440374,0,0
1379006,0,0
155418,0,0
-835364,0,0
-617303,0,0
-130189,0,0
103721,0,0
26658,0,0
42817,0,0
311128,0,0
288756,0,0
-150980,0,0
-201778,0,0
121445,0,0
-197470,0,0
-577413,0,0
-234297,0,0
-28263,0,0
568508,0,0
388476,0,0
156779,0,0
-142586,0,0
-141088,0,0
141365,0,0
-213314,0,0
-186384,0,0
-229693,0,0
-139768,0,0
-45562,0,0
-51162,0,0
64772,0,0
-52973,0,0
476986,0,0
57756,0,0
-666068,0,0
-32652,0,0
102822,0,0
36196,0,0
538936,0,0
-72357,0,0
-791965,0,0
33416,0,0
-213197,0,0
123894,0,0
-16701,0,0
-311071,0,0
-126369,0,0
324004,0,0
256036,0,0
60333,0,0
-29175,0,0
-640440,0,0
-338807,0,0
-108562,0,0
195461,0,0
109711,0,0
-151255,0,0
-330152,0,0
-188447,0,0
160084,0,0
441082,0,0
-127896,0,0
-469502,0,0
-514291,0,0
-132948,0,0
515038,0,0
-38102,0,0
-208642,0,0
-5242,0,0
390934,0,0
-23886,0,0
-516644,0,0
-770126,0,0
-660781,0,0
-308899,0,0
230818,0,0
428454,0,0
71709,0,0
-670930,0,0
-731054,0,0
421308,0,0
162219,0,0
-1159890,0,0
-969312,0,0
-255683,0,0
133965,0,0
490390,0,0
264723,0,0
-416535,0,0
83821,0,0
181232,0,0
-560417,0,0
-81130,0,0
315747,0,0
302908,0,0
23602,0,0
-259920,0,0
181454,0,0
358735,0,0
-49463,0,0
-111240,0,0
645890,0,0
85747,0,0
27932,0,0
82190,0,0
134458,0,0
241661,0,0
223402,0,0
-440286,0,0
-104983,0,0
375492,0,0
203181,0,0
-177816,0,0
-246690,0,0
612,0,0
341625,0,0
360312,0,0
-27806,0,0
-228797,0,0
-387518,0,0
-250615,0,0
179406,0,0
614182,0,0
-233795,0,0
-545520,0,0
-139841,0,0
130157,0,0
503764,0,0
301513,0,0
68707,0,0
-168742,0,0
-614985,0,0
-389586,0,0
242558,0,0
421417,0,0
137999,0,0
-166940,0,0
-124127,0,0
190733,0,0
93627,0,0
-111011,0,0
252131,0,0
348144,0,0
-228535,0,0
-244986,0,0
19815,0,0
332829,0,0
22815,0,0
-399304,0,0
-18255,0,0
369357,0,0
396548,0,0
141652,0,0
-387727,0,0
69509,0,0
526493,0,0
188747,0,0
-254529,0,0
-346481,0,0
-387998,0,0
1533,0,0
355795,0,0
-32793,0,0
331991,0,0
99439,0,0
-490419,0,0
-466744,0,0
68053,0,0
-28696,0,0
-252805,0,0
-174636,0,0
-146527,0,0
559850,0,0
-236851,0,0
-521341,0,0
-174977,0,0
-120707,0,0
-459626,0,0
-219745,0,0
-174517,0,0
474467,0,0
773432,0,0
-134681,0,0
-930429,0,0
-423140,0,0
6473,0,0
263130,0,0
288932,0,0
-331491,0,0
135933,0,0
629004,0,0
-359053,0,0
-478873,0,0
307633,0,0
605404,0,0
346625,0,0
-611664,0,0
-106756,0,0
441119,0,0
378862,0,0
137053,0,0
234747,0,0
37951,0,0
-46597,0,0
-99236,0,0
47227,0,0
232638,0,0
451854,0,0
46943,0,0
-167024,0,0
465809,0,0
879479,0,0
-215191,0,0
-633039,0,0
-171652,0,0
164972,0,0
400688,0,0
-168333,0,0
99358,0,0
406490,0,0
-303102,0,0
-256745,0,0
-340551,0,0
101461,0,0
284792,0,0
533943,0,0
484304,0,0
204943,0,0
-626642,0,0
-776862,0,0
-112363,0,0
316249,0,0
271581,0,0
94615,0,0
-42161,0,0
-137074,0,0
81665,0,0
341262,0,0
615345,0,0
-645330,0,0
-717740,0,0
1421,0,0
27263,0,0
25022,0,0
415811,0,0
-49738,0,0
-614280,0,0
33172,0,0
457954,0,0
-298718,0,0
58647,0,0
68153,0,0
-386818,0,0
-480885,0,0
-30834,0,0
123999,0,0
308845,0,0
296514,0,0
-171836,0,0
-269838,0,0
-150678,0,0
129589,0,0
48913,0,0
419835,0,0
623245,0,0
-254709,0,0
-506948,0,0
4798,0,0
241811,0,0
154232,0,0
-495345,0,0
-97813,0,0
241270,0,0
212810,0,0
717656,0,0
543861,0,0
-410552,0,0
-870885,0,0
-25564,0,0
-182170,0,0
-72692,0,0
304161,0,0
268570,0,0
186793,0,0
-412947,0,0
-300333,0,0
93526,0,0
185611,0,0
-529264,0,0
-443318,0,0
-55810,0,0
-39203,0,0
55961,0,0
248394,0,0
116128,0,0
-491454,0,0
-216489,0,0
553714,0,0
-315246,0,0
-726679,0,0
-2065,0,0
855554,0,0
-6362,0,0
-250061,0,0
-399881,0,0
-436011,0,0
53003,0,0
851475,0,0
459322,0,0
-613538,0,0
-441875,0,0
-62795,0,0
501438,0,0
-181210,0,0
-844353,0,0
-636613,0,0
-344370,0,0
-344113,0,0
148452,0,0
-180838,0,0
-850727,0,0
-396284,0,0
-261581,0,0
-262794,0,0
21245,0,0
-209693,0,0
-639604,0,0
-419306,0,0
-422527,0,0
-583296,0,0
-550624,0,0
-451588,0,0
-22030,0,0
-234968,0,0
127313,0,0
624889,0,0
-101322,0,0
-624957,0,0
-362752,0,0
-30607,0,0
315996,0,0
612391,0,0
42406,0,0
-328135,0,0
-321600,0,0
172310,0,0
804000,0,0
737479,0,0
-185091,0,0
-170158,0,0
151070,0,0
591076,0,0
1079551,0,0
426075,0,0
4595,0,0
167230,0,0
709568,0,0
196141,0,0
171436,0,0
317604,0,0
477668,0,0
637357,0,0
149922,0,0
63368,0,0
556164,0,0
407306,0,0
512424,0,0
527535,0,0
156811,0,0
-93301,0,0
-135758,0,0
-105210,0,0
-36828,0,0
306504,0,0
933490,0,0
1267378,0,0
-336428,0,0
-1151752,0,0
671431,0,0
1233642,0,0
211392,0,0
-473050,0,0
-360830,0,0
410308,0,0
1527169,0,0
1215163,0,0
-142651,0,0
-139580,0,0
561276,0,0
842310,0,0
379628,0,0
-51940,0,0
149370,0,0
394249,0,0
572370,0,0
403612,0,0
514153,0,0
136194,0,0
166036,0,0
-47181,0,0
-131791,0,0
34455,0,0
128848,0,0
279285,0,0
-344816,0,0
59999,0,0
309615,0,0
649082,0,0
-316464,0,0
-303252,0,0
175377,0,0
-341647,0,0
-471311,0,0
-148335,0,0
-4428,0,0
159096,0,0
-41460,0,0
-139882,0,0
9325,0,0
-53163,0,0
-125618,0,0
-335373,0,0
-640593,0,0
-355294,0,0
248841,0,0
371399,0,0
-619004,0,0
244734,0,0
400025,0,0
-551595,0,0
-435250,0,0
-8540,0,0
-57064,0,0
-117477,0,0
207815,0,0
255804,0,0
61492,0,0
66171,0,0
189172,0,0
-147978,0,0
-421996,0,0
73723,0,0
-73713,0,0
-225840,0,0
-249817,0,0
101290,0,0
932535,0,0
310449,0,0
-689386,0,0
-139262,0,0
84179,0,0
-182247,0,0
-311451,0,0
-27165,0,0
-320246,0,0
-159647,0,0
-170148,0,0
-631794,0,0
-22272,0,0
-102841,0,0
131434,0,0
108559,0,0
-722127,0,0
148775,0,0
-747322,0,0
-144262,0,0
-471857,0,0
-441987,0,0
-265818,0,0
-138957,0,0
-390110,0,0
-348025,0,0
-399183,0,0
-376274,0,0
-292082,0,0
94461,0,0
-92587,0,0
-622616,0,0
-80898,0,0
19259,0,0
-579795,0,0
238474,0,0
96692,0,0
132274,0,0
-271764,0,0
-455386,0,0
-431260,0,0
133206,0,0
-388183,0,0
-52499,0,0
611984,0,0
607938,0,0
253030,0,0
-630086,0,0
-558004,0,0
91722,0,0
23868,0,0
-411288,0,0
-77269,0,0
-409751,0,0
89628,0,0
293134,0,0
-174989,0,0
-643031,0,0
-103456,0,0
400590,0,0
-316509,0,0
-531783,0,0
-68428,0,0
828944,0,0
-502733,0,0
-804747,0,0
-316579,0,0
-129841,0,0
-303870,0,0
237209,0,0
294773,0,0
-659999,0,0
149255,0,0
336772,0,0
-198909,0,0
-276046,0,0
38275,0,0
622610,0,0
-191982,0,0
-905535,0,0
-80734,0,0
1342227,0,0
503456,0,0
-579502,0,0
-489022,0,0
211767,0,0
760163,0,0
594285,0,0
432075,0,0
283815,0,0
492578,0,0
-220585,0,0
-577081,0,0
166910,0,0
836674,0,0
638782,0,0
-105255,0,0
-60771,0,0
192772,0,0
539252,0,0
-265681,0,0
-102600,0,0
3414,0,0
725,0,0
310782,0,0
409261,0,0
147337,0,0
65748,0,0
-432159,0,0
-565608,0,0
-487222,0,0
-310255,0,0
535635,0,0
897196,0,0
471480,0,0
203113,0,0
-611451,0,0
-861412,0,0
-351636,0,0
186027,0,0
71679,0,0
170875,0,0
235840,0,0
625974,0,0
723433,0,0
-416098,0,0
-1006593,0,0
-739143,0,0
-90351,0,0
567613,0,0
406443,0,0
-513052,0,0
-390904,0,0
52527,0,0
433359,0,0
692306,0,0
-440465,0,0
-1153506,0,0
-530486,0,0
332055,0,0
111777,0,0
66001,0,0
-221500,0,0
-597218,0,0
-660663,0,0
-320995,0,0
49072,0,0
-108359,0,0
-225289,0,0
-100751,0,0
73748,0,0
-467154,0,0
-289237,0,0
486439,0,0
-302752,0,0
-848262,0,0
-538051,0,0
63064,0,0
-28745,0,0
309540,0,0
22803,0,0
-535642,0,0
-806840,0,0
104196,0,0
1089308,0,0
234879,0,0
-414675,0,0
-554104,0,0
337656,0,0
226472,0,0
-360641,0,0
-430820,0,0
165333,0,0
365508,0,0
290975,0,0
355773,0,0
77972,0,0
-121082,0,0
-256740,0,0
-119411,0,0
521569,0,0
954927,0,0
199541,0,0
264481,0,0
734297,0,0
-153761,0,0
-1320958,0,0
-277532,0,0
1014870,0,0
1531620,0,0
410012,0,0
-120711,0,0
292585,0,0
146012,0,0
369526,0,0
-25133,0,0
-513356,0,0
167401,0,0
841857,0,0
441268,0,0
290646,0,0
174878,0,0
-197244,0,0
-253409,0,0
34,0,0
301413,0,0
796431,0,0
73194,0,0
-435571,0,0
-191521,0,0
238424,0,0
262742,0,0
92000,0,0
-506172,0,0
-501479,0,0
558474,0,0
780782,0,0
-124370,0,0
-583822,0,0
-295030,0,0
76471,0,0
-62874,0,0
-324698,0,0
234579,0,0
227326,0,0
-72445,0,0
-213728,0,0
-577209,0,0
-766291,0,0
-328610,0,0
85229,0,0
98466,0,0
526671,0,0
66100,0,0
-679803,0,0
-28780,0,0
-135751,0,0
-436589,0,0
-375236,0,0
-107360,0,0
619197,0,0
563473,0,0
-8098,0,0
259410,0,0
71749,0,0
-517361,0,0
-319951,0,0
-74414,0,0
144806,0,0
245203,0,0
58131,0,0
-668302,0,0
-192461,0,0
916320,0,0
1356906,0,0
-45965,0,0
-968717,0,0
-592652,0,0
-248454,0,0
-268163,0,0
-567,0,0
462575,0,0
486973,0,0
116510,0,0
-227847,0,0
-153120,0,0
210489,0,0
-427645,0,0
-225688,0,0
135514,0,0
384458,0,0
-163444,0,0
-116679,0,0
-147160,0,0
28822,0,0
-172071,0,0
-294909,0,0
254088,0,0
-6688,0,0
-480665,0,0
-117991,0,0
617979,0,0
16752,0,0
-109018,0,0
155177,0,0
-215860,0,0
-36170,0,0
-239312,0,0
-358363,0,0
80368,0,0
157146,0,0
-808,0,0
240014,0,0
59351,0,0
197531,0,0
237024,0,0
-191066,0,0
-222906,0,0
-192535,0,0
-74293,0,0
-171187,0,0
8453,0,0
341886,0,0
228861,0,0
-339649,0,0
-1272,0,0
460648,0,0
-212824,0,0
-470499,0,0
-155724,0,0
-46666,0,0
190931,0,0
312991,0,0
-61321,0,0
210760,0,0
188876,0,0
-537829,0,0
-766106,0,0
-922577,0,0
-238648,0,0
1532527,0,0
1261669,0,0
17978,0,0
-360649,0,0
-623465,0,0
-222709,0,0
-77226,0,0
-180820,0,0
-159537,0,0
-106580,0,0
555563,0,0
930386,0,0
446717,0,0
-225721,0,0
-427302,0,0
-69195,0,0
237098,0,0
460729,0,0
52404,0,0
-115932,0,0
96641,0,0
-255085,0,0
-60209,0,0
716113,0,0
-129824,0,0
-265715,0,0
457406,0,0
55423,0,0
-106624,0,0
-586025,0,0
-791238,0,0
505600,0,0
1763393,0,0
935041,0,0
-874718,0,0
-759750,0,0
-180328,0,0
-127526,0,0
8477,0,0
362239,0,0
232529,0,0
-71217,0,0
-202736,0,0
746681,0,0
805319,0,0
-696437,0,0
-929637,0,0
-587097,0,0
-80572,0,0
486825,0,0
385633,0,0
-420235,0,0
-85088,0,0
-386373,0,0
-485229,0,0
-116507,0,0
-6743,0,0
79010,0,0
-311374,0,0
-567169,0,0
-207826,0,0
268493,0,0
229509,0,0
-154080,0,0
251491,0,0
364477,0,0
25007,0,0
-413129,0,0
-316607,0,0
436892,0,0
226696,0,0
-208349,0,0
342405,0,0
323890,0,0
258399,0,0
164525,0,0
-77728,0,0
-316755,0,0
601002,0,0
788875,0,0
488523,0,0
-228484,0,0
-695298,0,0
-12117,0,0
620753,0,0
390591,0,0
187105,0,0
270926,0,0
85920,0,0
-117154,0,0
-15331,0,0
71091,0,0
546247,0,0
400769,0,0
209030,0,0
-115327,0,0
204238,0,0
-167588,0,0
-69498,0,0
579402,0,0
202685,0,0
95458,0,0
-553783,0,0
-100430,0,0
261024,0,0
191785,0,0
583434,0,0
-278461,0,0
-737114,0,0
295916,0,0
737847,0,0
-359931,0,0
-210224,0,0
-309711,0,0
-229319,0,0
263834,0,0
-182556,0,0
373388,0,0
342204,0,0
76973,0,0
-599020,0,0
-452955,0,0
126325,0,0
355844,0,0
74426,0,0
-130351,0,0
-5397,0,0
-171680,0,0
-242866,0,0
-168109,0,0
-124817,0,0
-592845,0,0
-371775,0,0
-34542,0,0
-30190,0,0
239545,0,0
-332758,0,0
-452226,0,0
-552234,0,0
-380464,0,0
-347807,0,0
-554138,0,0
-613661,0,0
-396546,0,0
-54932,0,0
-35820,0,0
-212843,0,0
-771344,0,0
-826488,0,0
-52613,0,0
-120875,0,0
-542995,0,0
-225356,0,0
-132506,0,0
-442658,0,0
-292094,0,0
-126664,0,0
-301789,0,0
-346004,0,0
-505105,0,0
-203452,0,0
30245,0,0
668970,0,0
574885,0,0
-466817,0,0
-962637,0,0
-622951,0,0
178768,0,0
584795,0,0
913471,0,0
240663,0,0
-1228896,0,0
-798398,0,0
448976,0,0
589767,0,0
820356,0,0
229044,0,0
-611015,0,0
-676995,0,0
-580488,0,0
-116743,0,0
286283,0,0
930390,0,0
540453,0,0
-41135,0,0
-397392,0,0
265889,0,0
478563,0,0
-341090,0,0
-615664,0,0
-82372,0,0
-50808,0,0
169401,0,0
266283,0,0
200679,0,0
761438,0,0
1015666,0,0
-244222,0,0
-776043,0,0
-967587,0,0
-437065,0,0
734829,0,0
437952,0,0
-165603,0,0
136913,0,0
59329,0,0
-64141,0,0
-649878,0,0
-772359,0,0
-595598,0,0
-445090,0,0
-422241,0,0
536073,0,0
367687,0,0
-631417,0,0
-254555,0,0
-117180,0,0
-583227,0,0
-717814,0,0
-616594,0,0
-111467,0,0
459903,0,0
78353,0,0
34751,0,0
-15272,0,0
-470669,0,0
-605307,0,0
-196906,0,0
-125244,0,0
-131258,0,0
122330,0,0
-160236,0,0
-130087,0,0
-522668,0,0
-501371,0,0
-897,0,0
287381,0,0
49139,0,0
-556298,0,0
-211636,0,0
-210453,0,0
-381692,0,0
-511635,0,0
-125355,0,0
234672,0,0
-33857,0,0
-1495,0,0
-255557,0,0
-610098,0,0
-97485,0,0
369058,0,0
261084,0,0
-91101,0,0
-177904,0,0
-255178,0,0
301630,0,0
760532,0,0
-333414,0,0
-401847,0,0
-7289,0,0
815809,0,0
613615,0,0
-26882,0,0
-22588,0,0
-331507,0,0
-298484,0,0
75726,0,0
333260,0,0
731509,0,0
159941,0,0
583316,0,0
1450812,0,0
573663,0,0
-835187,0,0
-911057,0,0
154145,0,0
1206082,0,0
633266,0,0
-215573,0,0
130372,0,0
869241,0,0
517727,0,0
-283201,0,0
-354094,0,0
480898,0,0
1766223,0,0
1019094,0,0
-434849,0,0
502231,0,0
238728,0,0
-69338,0,0
68248,0,0
294333,0,0
145892,0,0
149829,0,0
474288,0,0
634121,0,0
391631,0,0
250140,0,0
-237582,0,0
-618178,0,0
-566811,0,0
187877,0,0
1377693,0,0
725081,0,0
-580143,0,0
-1081047,0,0
-1130306,0,0
-403252,0,0
167195,0,0
319444,0,0
488510,0,0
-32681,0,0
-546716,0,0
-317064,0,0
-75249,0,0
147022,0,0
306805,0,0
21982,0,0
-347675,0,0
162236,0,0
356074,0,0
357732,0,0
147657,0,0
-183770,0,0
268942,0,0
588501,0,0
225315,0,0
296950,0,0
99170,0,0
284526,0,0
110745,0,0
201913,0,0
501796,0,0
491149,0,0
212879,0,0
-353908,0,0
-404819,0,0
-14264,0,0
299737,0,0
348384,0,0
266798,0,0
-259511,0,0
-357156,0,0
75582,0,0
202281,0,0
-610156,0,0
-512991,0,0
-88365,0,0
332768,0,0
-18051,0,0
-593373,0,0
-360962,0,0
18016,0,0
37488,0,0
-24369,0,0
60812,0,0
-226818,0,0
-510247,0,0
-1002836,0,0
-679039,0,0
235731,0,0
668456,0,0
226799,0,0
-975378,0,0
414249,0,0
1320143,0,0
-368077,0,0
-1408569,0,0
-269614,0,0
652172,0,0
710436,0,0
-88199,0,0
-298782,0,0
-167149,0,0
101637,0,0
180565,0,0
531213,0,0
920358,0,0
125990,0,0
-647317,0,0
-123847,0,0
367958,0,0
252139,0,0
-187584,0,0
387671,0,0
-154663,0,0
343097,0,0
491270,0,0
-452827,0,0
-555101,0,0
-106481,0,0
834949,0,0
1172463,0,0
248560,0,0
-596800,0,0
-8386,0,0
255804,0,0
208191,0,0
-3296,0,0
35952,0,0
72971,0,0
99141,0,0
79849,0,0
39086,0,0
92438,0,0
-99530,0,0
456383,0,0
59878,0,0
-362694,0,0
-288204,0,0
-299941,0,0
-148461,0,0
-257724,0,0
87338,0,0
-47457,0,0
-140163,0,0
-471063,0,0
-200073,0,0
363276,0,0
327775,0,0
-214046,0,0
-517488,0,0
-492152,0,0
-286317,0,0
248362,0,0
330883,0,0
68105,0,0
150821,0,0
-228318,0,0
-430906,0,0
199915,0,0
18060,0,0
42627,0,0
-483562,0,0
-469900,0,0
-293165,0,0
-3233,0,0
206674,0,0
-177661,0,0
-349517,0,0
277204,0,0
152383,0,0
-669643,0,0
156047,0,0
877959,0,0
-655407,0,0
-918815,0,0
-275346,0,0
454876,0,0
98210,0,0
-285010,0,0
-406003,0,0
-210697,0,0
-170697,0,0
71365,0,0
245837,0,0
387995,0,0
506418,0,0
-29500,0,0
-479596,0,0
228093,0,0
324276,0,0
110624,0,0
-164766,0,0
142787,0,0
67315,0,0
421087,0,0
1273576,0,0
873445,0,0
-40179,0,0
-281120,0,0
219773,0,0
1308058,0,0
426826,0,0
-94969,0,0
465308,0,0
371146,0,0
194411,0,0
344861,0,0
160549,0,0
4348,0,0
154361,0,0
484851,0,0
188474,0,0
464628,0,0
76744,0,0
-6849,0,0
-72199,0,0
-447456,0,0
91602,0,0
101009,0,0
312553,0,0
388963,0,0
13500,0,0
49454,0,0
75839,0,0
-57373,0,0
-417092,0,0
1419,0,0
198651,0,0
302255,0,0
196005,0,0
-278437,0,0
-299738,0,0
-73449,0,0
-43750,0,0
-83204,0,0
-118578,0,0
-447126,0,0
331,0,0
214432,0,0
-309364,0,0
-159083,0,0
-68938,0,0
-63554,0,0
400527,0,0
-48964,0,0
-604668,0,0
-669558,0,0
-416210,0,0
-242775,0,0
443013,0,0
1697348,0,0
1003085,0,0
-1155033,0,0
-1268525,0,0
125769,0,0
555913,0,0
-73655,0,0
-453971,0,0
12293,0,0
28081,0,0
153026,0,0
432263,0,0
61001,0,0
-412151,0,0
-690207,0,0
-746353,0,0
-91258,0,0
137642,0,0
353960,0,0
229124,0,0
32032,0,0
-614344,0,0
-666490,0,0
-524907,0,0
-182036,0,0
-112252,0,0
-63971,0,0
-260956,0,0
47111,0,0
50274,0,0
-121998,0,0
-262634,0,0
-179662,0,0
-104531,0,0
-262925,0,0
-478181,0,0
-443743,0,0
398471,0,0
967506,0,0
-100790,0,0
-481796,0,0
387480,0,0
501469,0,0
69609,0,0
-537697,0,0
-368403,0,0
256640,0,0
575683,0,0
479264,0,0
398037,0,0
885144,0,0
489268,0,0
226497,0,0
170089,0,0
-165088,0,0
-72498,0,0
593853,0,0
372997,0,0
-261547,0,0
-31047,0,0
503602,0,0
917263,0,0
687305,0,0
-239864,0,0
94546,0,0
304372,0,0
367224,0,0
604960,0,0
-576247,0,0
-602366,0,0
-33459,0,0
765660,0,0
1022213,0,0
602104,0,0
134811,0,0
-444788,0,0
-287532,0,0
635529,0,0
418461,0,0
99790,0,0
123704,0,0
287050,0,0
-102080,0,0
-177492,0,0
-151023,0,0
-2549,0,0
44764,0,0
294132,0,0
180282,0,0
226169,0,0
302034,0,0
61461,0,0
-555507,0,0
343152,0,0
-146692,0,0
-261413,0,0
252852,0,0
56126,0,0
53438,0,0
138546,0,0
-378949,0,0
213397,0,0
1123313,0,0
329409,0,0
-433927,0,0
-595940,0,0
-131635,0,0
-19311,0,0
-193978,0,0
105965,0,0
396525,0,0
-334415,0,0
-423655,0,0
-85856,0,0
-678532,0,0
-752933,0,0
-498844,0,0
-683924,0,0
-578462,0,0
261469,0,0
924063,0,0
-44140,0,0
-899772,0,0
-1251479,0,0
-870259,0,0
-468928,0,0
-466136,0,0
-214421,0,0
644738,0,0
420824,0,0
-493803,0,0
-786411,0,0
-300333,0,0
-197956,0,0
-450245,0,0
370860,0,0
995497,0,0
447414,0,0
-373613,0,0
-883134,0,0
-575044,0,0
344105,0,0
803067,0,0
991994,0,0
434728,0,0
-151576,0,0
-176506,0,0
375,0,0
241409,0,0
98604,0,0
439693,0,0
130252,0,0
149938,0,0
867466,0,0
375908,0,0
288243,0,0
170248,0,0
-494120,0,0
-417397,0,0
405768,0,0
531768,0,0
-123492,0,0
62512,0,0
-82864,0,0
-155512,0,0
-349429,0,0
-295991,0,0
135218,0,0
-313293,0,0
91862,0,0
793069,0,0
-82859,0,0
-581005,0,0
-166084,0,0
-179417,0,0
-338736,0,0
-188774,0,0
-14733,0,0
-441405,0,0
-384007,0,0
79345,0,0
352722,0,0
264253,0,0
-63809,0,0
-325838,0,0
-335776,0,0
-176398,0,0
128909,0,0
-356673,0,0
-632129,0,0
-171934,0,0
7852,0,0
-141622,0,0
306782,0,0
-83306,0,0
-212323,0,0
-579136,0,0
-457484,0,0
778231,0,0
605463,0,0
-895917,0,0
-914116,0,0
-178961,0,0
76450,0,0
49882,0,0
23311,0,0
-297758,0,0
191374,0,0
148941,0,0
-931178,0,0
-620647,0,0
-477176,0,0
212380,0,0
1031843,0,0
539757,0,0
-555558,0,0
-494266,0,0
-490683,0,0
-407327,0,0
63500,0,0
154350,0,0
438518,0,0
650058,0,0
-526490,0,0
-1053584,0,0
-661024,0,0
-215720,0,0
523888,0,0
669342,0,0
-176537,0,0
-373156,0,0
189033,0,0
311966,0,0
-52824,0,0
-360924,0,0
-216131,0,0
66402,0,0
204995,0,0
353129,0,0
107031,0,0
-15849,0,0
122014,0,0
205994,0,0
439759,0,0
616216,0,0
159266,0,0
283374,0,0
394992,0,0
114072,0,0
494854,0,0
399655,0,0
81192,0,0
96297,0,0
480831,0,0
362714,0,0
356937,0,0
49299,0,0
8514,0,0
435999,0,0
783564,0,0
-126053,0,0
-324991,0,0
498591,0,0
746178,0,0
305011,0,0
-72905,0,0
226916,0,0
-202651,0,0
-270339,0,0
175486,0,0
927058,0,0
218211,0,0
-705697,0,0
-105877,0,0
96145,0,0
295015,0,0
82002,0,0
-99815,0,0
-108072,0,0
95582,0,0
-90280,0,0
72765,0,0
723032,0,0
-237269,0,0
-876159,0,0
-370216,0,0
-358167,0,0
-310944,0,0
199,0,0
272338,0,0
226787,0,0
-175942,0,0
13578,0,0
-131417,0,0
-348626,0,0
-836438,0,0
-831388,0,0
-115155,0,0
404655,0,0
841878,0,0
-802951,0,0
-911119,0,0
-98367,0,0
-42760,0,0
-252870,0,0
147811,0,0
82799,0,0
-982199,0,0
-1192353,0,0
-730250,0,0
50712,0,0
255888,0,0
51104,0,0
-112973,0,0
-334480,0,0
-577049,0,0
-696228,0,0
-588363,0,0
-205144,0,0
-525386,0,0
-692126,0,0
-364867,0,0
320888,0,0
397494,0,0
-10893,0,0
-757090,0,0
-294368,0,0
32442,0,0
66641,0,0
-271327,0,0
-68871,0,0
280894,0,0
-10693,0,0
-63979,0,0
199954,0,0
552045,0,0
436500,0,0
240702,0,0
7620,0,0
284961,0,0
295540,0,0
479159,0,0
960006,0,0
714457,0,0
144107,0,0
-410968,0,0
398797,0,0
726004,0,0
412142,0,0
780872,0,0
969462,0,0
664819,0,0
538030,0,0
-59147,0,0
129263,0,0
679237,0,0
409620,0,0
465993,0,0
170619,0,0
414997,0,0
759704,0,0
779502,0,0
-234547,0,0
-423659,0,0
-67073,0,0
518423,0,0
1416254,0,0
858618,0,0
-868742,0,0
-908780,0,0
506592,0,0
536901,0,0
38946,0,0
323772,0,0
-3667,0,0
93062,0,0
311549,0,0
-202527,0,0
-444847,0,0
-271061,0,0
235230,0,0
802684,0,0
1003774,0,0
-671803,0,0
-721481,0,0
-340621,0,0
787,0,0
106531,0,0
-305728,0,0
-680120,0,0
-269077,0,0
-193257,0,0
38065,0,0
70877,0,0
314942,0,0
504189,0,0
-582253,0,0
-1001385,0,0
-217390,0,0
64611,0,0
-504512,0,0
221828,0,0
141577,0,0
-11162,0,0
314396,0,0
-271081,0,0
-757488,0,0
-466396,0,0
183182,0,0
702532,0,0
-60278,0,0
-189676,0,0
-607685,0,0
-625444,0,0
-139737,0,0
499767,0,0
126788,0,0
-959520,0,0
-705562,0,0
3937,0,0
-184515,0,0
505520,0,0
659869,0,0
-514226,0,0
-818712,0,0
-210076,0,0
-662076,0,0
210924,0,0
346599,0,0
-70640,0,0
-243263,0,0
37049,0,0
734467,0,0
500076,0,0
-409712,0,0
-291918,0,0
-68712,0,0
144564,0,0
-53490,0,0
246533,0,0
147181,0,0
97444,0,0
475258,0,0
944833,0,0
-175170,0,0
-238887,0,0
136497,0,0
536556,0,0
-39168,0,0
-410208,0,0
649576,0,0
657964,0,0
690728,0,0
544925,0,0
-197114,0,0
-257777,0,0
172908,0,0
312478,0,0
370568,0,0
489197,0,0
616765,0,0
412526,0,0
-53365,0,0
-69335,0,0
57248,0,0
488459,0,0
387340,0,0
281223,0,0
59633,0,0
-200980,0,0
347278,0,0
374082,0,0
42181,0,0
-146508,0,0
-256500,0,0
-62174,0,0
106376,0,0
10373,0,0
-396680,0,0
-141433,0,0
55377,0,0
240449,0,0
802483,0,0
-455722,0,0
-1487823,0,0
-1290433,0,0
-455085,0,0
519599,0,0
-196318,0,0
504643,0,0
624929,0,0
-1332088,0,0
-919512,0,0
-129063,0,0
-544186,0,0
-773229,0,0
-223153,0,0
271153,0,0
376563,0,0
160769,0,0
-1155415,0,0
-900616,0,0
-546853,0,0
-456823,0,0
449350,0,0
-476049,0,0
-964349,0,0
-282061,0,0
-141534,0,0
-286934,0,0
-429746,0,0
-482541,0,0
36049,0,0
15742,0,0
-813513,0,0
-921504,0,0
-116924,0,0
-5903,0,0
-512149,0,0
-377390,0,0
-493331,0,0
-309631,0,0
269613,0,0
88686,0,0
-147031,0,0
-705167,0,0
-745736,0,0
-374714,0,0
411035,0,0
183048,0,0
-419799,0,0
-732089,0,0
-769601,0,0
5127,0,0
91059,0,0
-91354,0,0
519158,0,0
67498,0,0
-833254,0,0
-51589,0,0
144277,0,0
253305,0,0
407804,0,0
125688,0,0
-177284,0,0
-325396,0,0
-72264,0,0
513991,0,0
290230,0,0
41902,0,0
353740,0,0
-286414,0,0
-200973,0,0
689261,0,0
362106,0,0
-289842,0,0
181080,0,0
-214569,0,0
-32638,0,0
615789,0,0
264427,0,0
318513,0,0
307010,0,0
-550363,0,0
140604,0,0
528265,0,0
156399,0,0
263172,0,0
290926,0,0
41829,0,0
-99064,0,0
-143632,0,0
498373,0,0
1194349,0,0
885422,0,0
-416704,0,0
-671373,0,0
-144644,0,0
484615,0,0
870314,0,0
-169369,0,0
-152615,0,0
242405,0,0
3301,0,0
172579,0,0
225231,0,0
81163,0,0
5181,0,0
-392169,0,0
-495706,0,0
2778,0,0
171365,0,0
555673,0,0
441415,0,0
-534025,0,0
-658992,0,0
-345632,0,0
-494302,0,0
351558,0,0
323361,0,0
-568431,0,0
-650677,0,0
-205500,0,0
444603,0,0
168704,0,0
-841161,0,0
-479096,0,0
-340823,0,0
-293542,0,0
-381242,0,0
-307240,0,0
-573049,0,0
-675661,0,0
-151312,0,0
-83748,0,0
199479,0,0
-913242,0,0
-1302025,0,0
-438975,0,0
686755,0,0
166926,0,0
-1006907,0,0
-1197829,0,0
-444329,0,0
-207578,0,0
-528364,0,0
-326307,0,0
470186,0,0
484185,0,0
-636745,0,0
-657354,0,0
-642067,0,0
-845564,0,0
-29990,0,0
1007713,0,0
621965,0,0
-259413,0,0
-38343,0,0
11911,0,0
-99584,0,0
-318833,0,0
305288,0,0
430148,0,0
55953,0,0
135798,0,0
466528,0,0
292968,0,0
41929,0,0
-117880,0,0
-109646,0,0
453017,0,0
906291,0,0
1469618,0,0
398325,0,0
-303343,0,0
-637562,0,0
-366176,0,0
454417,0,0
657220,0,0
542295,0,0
435445,0,0
785358,0,0
273478,0,0
59619,0,0
166344,0,0
525747,0,0
463659,0,0
668187,0,0
494912,0,0
324103,0,0
272323,0,0
92543,0,0
208005,0,0
501606,0,0
707475,0,0
876340,0,0
174843,0,0
37791,0,0
696278,0,0
991603,0,0
-318141,0,0
-84435,0,0
481018,0,0
512136,0,0
329900,0,0
528417,0,0
90374,0,0
15307,0,0
162112,0,0
-74164,0,0
299949,0,0
504576,0,0
227576,0,0
307973,0,0
-21867,0,0
-50420,0,0
-97701,0,0
152215,0,0
187746,0,0
-92885,0,0
-320999,0,0
-409565,0,0
-139264,0,0
29011,0,0
313729,0,0
290064,0,0
-84153,0,0
-382090,0,0
-676347,0,0
-611457,0,0
-187750,0,0
-743293,0,0
-352344,0,0
37234,0,0
-368198,0,0
-486458,0,0
-419497,0,0
-559703,0,0
-611488,0,0
-105805,0,0
-370488,0,0
-422110,0,0
-589988,0,0
-555551,0,0
-484191,0,0
-507241,0,0
-598789,0,0
-554444,0,0
-558712,0,0
-212414,0,0
14415,0,0
-1048054,0,0
-1035536,0,0
-555762,0,0
-462391,0,0
202891,0,0
408822,0,0
171572,0,0
-36766,0,0
-331980,0,0
-969331,0,0
-593951,0,0
-189063,0,0
336902,0,0
675342,0,0
-88227,0,0
265711,0,0
283777,0,0
573386,0,0
661119,0,0
-106148,0,0
-414249,0,0
-369716,0,0
564787,0,0
970815,0,0
987570,0,0
101308,0,0
-406353,0,0
131365,0,0
846064,0,0
84872,0,0
366232,0,0
1067987,0,0
549988,0,0
113284,0,0
-42638,0,0
220635,0,0
493801,0,0
468177,0,0
384278,0,0
732675,0,0
251928,0,0
-3270,0,0
214484,0,0
888786,0,0
864494,0,0
658501,0,0
552748,0,0
169167,0,0
16359,0,0
-657637,0,0
108823,0,0
732105,0,0
410217,0,0
604265,0,0
309415,0,0
-339525,0,0
-116932,0,0
-20565,0,0
-16369,0,0
318686,0,0
-9613,0,0
-116080,0,0
760410,0,0
-53977,0,0
-720743,0,0
-356308,0,0
-93430,0,0
109635,0,0
464873,0,0
66769,0,0
-399798,0,0
-137116,0,0
30631,0,0
425617,0,0
92497,0,0
-575868,0,0
-436271,0,0
-204408,0,0
-435081,0,0
-199831,0,0
-26914,0,0
-12263,0,0
356703,0,0
-170956,0,0
-510028,0,0
-520409,0,0
-541957,0,0
-380764,0,0
34394,0,0
-428466,0,0
-339039,0,0
-318392,0,0
-583374,0,0
-352197,0,0
-410537,0,0
-368743,0,0
471300,0,0
18345,0,0
-1502008,0,0
-1179208,0,0
-643516,0,0
956647,0,0
1700125,0,0
-405634,0,0
-1356425,0,0
-509102,0,0
221448,0,0
-237093,0,0
-340960,0,0
-89409,0,0
709470,0,0
398388,0,0
-626261,0,0
221674,0,0
600468,0,0
-84885,0,0
-23215,0,0
559719,0,0
302841,0,0
106863,0,0
-312801,0,0
-295438,0,0
388259,0,0
373817,0,0
45860,0,0
-175814,0,0
-196501,0,0
118588,0,0
1205542,0,0
1053294,0,0
-78829,0,0
-797401,0,0
-441473,0,0
217360,0,0
361482,0,0
166564,0,0
396846,0,0
658985,0,0
648368,0,0
400748,0,0
-318113,0,0
-387373,0,0
279905,0,0
782246,0,0
790519,0,0
153115,0,0
-153947,0,0
236041,0,0
354256,0,0
219157,0,0
2644,0,0
299007,0,0
422421,0,0
337041,0,0
92733,0,0
605593,0,0
533139,0,0
-222583,0,0
-310654,0,0
-8439,0,0
171428,0,0
109847,0,0
473522,0,0
606605,0,0
4486,0,0
-363852,0,0
-196301,0,0
-283265,0,0
736262,0,0
686556,0,0
-301232,0,0
-494187,0,0
-305592,0,0
-191112,0,0
-300235,0,0
-312425,0,0
130354,0,0
214599,0,0
-510907,0,0
-271281,0,0
-89364,0,0
-181236,0,0
-243942,0,0
-952898,0,0
-1035174,0,0
-807203,0,0
-572343,0,0
33004,0,0
684741,0,0
30556,0,0
-1077277,0,0
-998155,0,0
-397841,0,0
63011,0,0
-153489,0,0
41785,0,0
-526530,0,0
-359629,0,0
-319590,0,0
259248,0,0
-61611,0,0
-99553,0,0
248956,0,0
88751,0,0
53177,0,0
99650,0,0
193791,0,0
109310,0,0
65264,0,0
187696,0,0
526240,0,0
-259957,0,0
-562649,0,0
-338640,0,0
-269563,0,0
509552,0,0
741079,0,0
282812,0,0
315190,0,0
85930,0,0
349535,0,0
-108458,0,0
147655,0,0
-237197,0,0
504337,0,0
1176448,0,0
635279,0,0
357120,0,0
513047,0,0
65864,0,0
314401,0,0
629820,0,0
643556,0,0
605247,0,0
515202,0,0
737465,0,0
461156,0,0
29660,0,0
262495,0,0
452265,0,0
-61557,0,0
-123262,0,0
278318,0,0
127656,0,0
728229,0,0
895348,0,0
-239847,0,0
-740683,0,0
-283324,0,0
-296919,0,0
-75021,0,0
-83464,0,0
215521,0,0
871110,0,0
-339122,0,0
-899600,0,0
-264582,0,0
-20217,0,0
-229138,0,0
71011,0,0
-213657,0,0
-475252,0,0
-82225,0,0
-280582,0,0
-548945,0,0
-344486,0,0
-146724,0,0
-243500,0,0
381729,0,0
56235,0,0
-770745,0,0
-530685,0,0
-439592,0,0
-344918,0,0
-57764,0,0
-793127,0,0
-324682,0,0
-289936,0,0
-707301,0,0
-26150,0,0
51157,0,0
-815864,0,0
-953321,0,0
-450477,0,0
-81191,0,0
-9697,0,0
-381555,0,0
-1256837,0,0
-816659,0,0
-573665,0,0
-633238,0,0
-386399,0,0
-92980,0,0
144836,0,0
-675335,0,0
-623425,0,0
-746109,0,0
-906844,0,0
-785063,0,0
-140757,0,0
47997,0,0
194514,0,0
-897649,0,0
-760086,0,0
42722,0,0
347362,0,0
-19467,0,0
697468,0,0
310605,0,0
-959719,0,0
-637879,0,0
488524,0,0
386905,0,0
369506,0,0
641626,0,0
302708,0,0
8708,0,0
-105890,0,0
91236,0,0
1176959,0,0
789756,0,0
114728,0,0
166421,0,0
488969,0,0
517343,0,0
352121,0,0
-255484,0,0
306852,0,0
742691,0,0
364938,0,0
947683,0,0
1127559,0,0
-30631,0,0
-270607,0,0
299654,0,0
695953,0,0
934519,0,0
555098,0,0
290666,0,0
175643,0,0
308031,0,0
-78695,0,0
-74644,0,0
483503,0,0
751467,0,0
788429,0,0
-34426,0,0
39195,0,0
-464390,0,0
-614346,0,0
-27035,0,0
546867,0,0
-193737,0,0
368553,0,0
39575,0,0
-745119,0,0
-907037,0,0
-729528,0,0
31500,0,0
1013774,0,0
504020,0,0
-516843,0,0
75991,0,0
51014,0,0
-1101428,0,0
-674455,0,0
125164,0,0
132306,0,0
-205250,0,0
-307434,0,0
-344763,0,0
364166,0,0
58107,0,0
-417331,0,0
-392043,0,0
-534369,0,0
-59902,0,0
353211,0,0
-401420,0,0
-478752,0,0
-147269,0,0
-910279,0,0
-482116,0,0
-302510,0,0
-478236,0,0
-66037,0,0
-210690,0,0
-343425,0,0
472318,0,0
-478363,0,0
-450802,0,0
125453,0,0
-419162,0,0
-554516,0,0
316126,0,0
21436,0,0
-431705,0,0
-579817,0,0
-427606,0,0
522457,0,0
411966,0,0
-49721,0,0
186516,0,0
332943,0,0
-114216,0,0
-309800,0,0
645599,0,0
941247,0,0
151582,0,0
-177362,0,0
310166,0,0
596519,0,0
455035,0,0
302378,0,0
279122,0,0
284605,0,0
1072473,0,0
1663445,0,0
521343,0,0
-159259,0,0
411033,0,0
623331,0,0
547244,0,0
582917,0,0
517699,0,0
276800,0,0
376682,0,0
443338,0,0
285408,0,0
222377,0,0
182244,0,0
149467,0,0
-181346,0,0
-204040,0,0
307869,0,0
-452368,0,0
472549,0,0
948812,0,0
-204632,0,0
80442,0,0
-472489,0,0
448626,0,0
527266,0,0
62827,0,0
-155205,0,0
-488281,0,0
168810,0,0
699977,0,0
791181,0,0
186462,0,0
318689,0,0
291755,0,0
-69954,0,0
-199377,0,0
182479,0,0
420776,0,0
-1197624,0,0
-1127826,0,0
335752,0,0
1214870,0,0
600021,0,0
149993,0,0
-720703,0,0
-470913,0,0
-664758,0,0
-692221,0,0
-574296,0,0
290012,0,0
571573,0,0
303498,0,0
-212082,0,0
-417834,0,0
113670,0,0
223222,0,0
-420238,0,0
-656172,0,0
-164660,0,0
208327,0,0
-12099,0,0
584336,0,0
313954,0,0
-360318,0,0
-170187,0,0
-191254,0,0
-250677,0,0
165386,0,0
248205,0,0
-158376,0,0
-81739,0,0
-252958,0,0
177251,0,0
295868,0,0
216140,0,0
103221,0,0
-38128,0,0
-209041,0,0
88507,0,0
27670,0,0
-186847,0,0
44336,0,0
-158128,0,0
195652,0,0
1602039,0,0
92557,0,0
-896531,0,0
-300933,0,0
100418,0,0
314295,0,0
144178,0,0
-29029,0,0
-75907,0,0
27372,0,0
-52326,0,0
-362258,0,0
-515096,0,0
-449055,0,0
449676,0,0
301733,0,0
-220364,0,0
-808444,0,0
-582885,0,0
-12431,0,0
176466,0,0
1415994,0,0
694828,0,0
-908943,0,0
-846308,0,0
-278054,0,0
99239,0,0
776411,0,0
1030513,0,0
95299,0,0
67838,0,0
285452,0,0
251053,0,0
217170,0,0
166825,0,0
-27704,0,0
-639598,0,0
-237002,0,0
745643,0,0
-132461,0,0
-31634,0,0
-106781,0,0
-79515,0,0
718831,0,0
211003,0,0
617512,0,0
-311832,0,0
-945478,0,0
-349993,0,0
319910,0,0
457956,0,0
462782,0,0
301585,0,0
31042,0,0
134396,0,0
213215,0,0
-67658,0,0
189970,0,0
-255175,0,0
-705605,0,0
393729,0,0
836069,0,0
166201,0,0
-357080,0,0
-822345,0,0
-401359,0,0
158788,0,0
-135843,0,0
-395295,0,0
301655,0,0
377618,0,0
155067,0,0
23820,0,0
-426961,0,0
-334994,0,0
-131534,0,0
-218890,0,0
109575,0,0
193455,0,0
7274,0,0
195798,0,0
716590,0,0
108953,0,0
-412799,0,0
-293664,0,0
152158,0,0
318399,0,0
-72539,0,0
-215652,0,0
-14918,0,0
78597,0,0
143248,0,0
-316326,0,0
-510974,0,0
249183,0,0
621155,0,0
888025,0,0
-250892,0,0
-1095028,0,0
-406717,0,0
-30956,0,0
353040,0,0
558978,0,0
163799,0,0
107005,0,0
-36006,0,0
-448741,0,0
-248948,0,0
-37274,0,0
148036,0,0
283182,0,0
-457886,0,0
-294716,0,0
68431,0,0
1005982,0,0
795235,0,0
-788679,0,0
-1071297,0,0
-240148,0,0
-92936,0,0
922797,0,0
685430,0,0
-239879,0,0
-818279,0,0
-470083,0,0
190299,0,0
744933,0,0
448900,0,0
92333,0,0
-351103,0,0
-1001077,0,0
-414754,0,0
413100,0,0
1351042,0,0
571861,0,0
-603627,0,0
-373874,0,0
-141653,0,0
-204122,0,0
73154,0,0
-44625,0,0
-239834,0,0
-57049,0,0
182009,0,0
-3519,0,0
-410696,0,0
-282716,0,0
276877,0,0
663454,0,0
440269,0,0
-138958,0,0
-289833,0,0
-475012,0,0
-413516,0,0
-181601,0,0
266971,0,0
-114420,0,0
-102176,0,0
564877,0,0
588009,0,0
319272,0,0
-427894,0,0
-89109,0,0
32744,0,0
-85067,0,0
19313,0,0
141562,0,0
239955,0,0
502158,0,0
324653,0,0
-144189,0,0
-15135,0,0
15828,0,0
-13246,0,0
-814,0,0
-58456,0,0
-171095,0,0
202147,0,0
887539,0,0
818271,0,0
129871,0,0
-160713,0,0
-557382,0,0
-253884,0,0
-128806,0,0
-32841,0,0
151704,0,0
57684,0,0
318323,0,0
670261,0,0
204811,0,0
612185,0,0
-262135,0,0
-635312,0,0
57396,0,0
205825,0,0
-532505,0,0
127071,0,0
1058706,0,0
61353,0,0
-494222,0,0
-791354,0,0
-195912,0,0
345159,0,0
1359283,0,0
1469041,0,0
178447,0,0
-962062,0,0
-728590,0,0
269888,0,0
628173,0,0
246258,0,0
72707,0,0
384386,0,0
564301,0,0
223596,0,0
477396,0,0
377314,0,0
728462,0,0
536285,0,0
-384752,0,0
-157600,0,0
-223909,0,0
78691,0,0
78336,0,0
410724,0,0
921934,0,0
21035,0,0
-431476,0,0
646145,0,0
899586,0,0
6925,0,0
-467116,0,0
-247017,0,0
519711,0,0
743084,0,0
636,0,0
-358269,0,0
39892,0,0
232733,0,0
507572,0,0
669309,0,0
-331202,0,0
-124351,0,0
-531,0,0
-94541,0,0
295110,0,0
20419,0,0
-52649,0,0
54402,0,0
-393611,0,0
-377006,0,0
248362,0,0
-148048,0,0
-447846,0,0
-59424,0,0
68949,0,0
-257144,0,0
426640,0,0
293178,0,0
-350730,0,0
-444764,0,0
-25559,0,0
228423,0,0
172677,0,0
44547,0,0
-318014,0,0
-425950,0,0
-171572,0,0
116767,0,0
245213,0,0
229171,0,0
-64860,0,0
437837,0,0
408757,0,0
-776401,0,0
-713335,0,0
252352,0,0
-159546,0,0
-105779,0,0
80533,0,0
-102583,0,0
295554,0,0
893497,0,0
-375856,0,0
-982236,0,0
-549954,0,0
430871,0,0
551064,0,0
311851,0,0
-278560,0,0
138755,0,0
-17734,0,0
-627116,0,0
69141,0,0
-375605,0,0
-817810,0,0
1448,0,0
1245612,0,0
1445598,0,0
-363246,0,0
-1109568,0,0
-917240,0,0
60451,0,0
468253,0,0
221313,0,0
-34669,0,0
-196164,0,0
-199610,0,0
-153392,0,0
-59806,0,0
84331,0,0
132920,0,0
220779,0,0
-134158,0,0
-466332,0,0
-132441,0,0
-103244,0,0
-215981,0,0
-62845,0,0
-47808,0,0
-408374,0,0
-541825,0,0
-479383,0,0
-123066,0,0
636787,0,0
204863,0,0
-775937,0,0
-636114,0,0
-104382,0,0
-397151,0,0
-705427,0,0
-483642,0,0
-439391,0,0
-622404,0,0
758119,0,0
884136,0,0
-198039,0,0
-1020199,0,0
-1195839,0,0
-610336,0,0
566105,0,0
455714,0,0
-254918,0,0
553362,0,0
262869,0,0
-412502,0,0
-191158,0,0
57004,0,0
105930,0,0
-273883,0,0
-128744,0,0
332810,0,0
222052,0,0
-535428,0,0
59430,0,0
878829,0,0
226854,0,0
-559481,0,0
-446289,0,0
74508,0,0
406086,0,0
-433584,0,0
-607598,0,0
149182,0,0
540321,0,0
-183882,0,0
-143885,0,0
-21579,0,0
-323357,0,0
-408837,0,0
12503,0,0
152344,0,0
305664,0,0
-111440,0,0
241422,0,0
-318318,0,0
-689044,0,0
670708,0,0
172507,0,0
-792642,0,0
-208989,0,0
244892,0,0
243482,0,0
908042,0,0
234911,0,0
-137947,0,0
-141363,0,0
-458772,0,0
-168839,0,0
206239,0,0
287055,0,0
429284,0,0
162934,0,0
369323,0,0
179140,0,0
426730,0,0
-210877,0,0
-439557,0,0
-252473,0,0
246740,0,0
531067,0,0
800315,0,0
603087,0,0
-312795,0,0
-478133,0,0
-75680,0,0
70298,0,0
-237281,0,0
-49317,0,0
154753,0,0
687236,0,0
640669,0,0
699248,0,0
-281336,0,0
-1148841,0,0
-992730,0,0
-328279,0,0
621382,0,0
353741,0,0
199271,0,0
825449,0,0
-451580,0,0
-769412,0,0
21243,0,0
-26208,0,0
-284071,0,0
399189,0,0
503515,0,0
-146279,0,0
-547554,0,0
-470457,0,0
234806,0,0
472166,0,0
914811,0,0
94305,0,0
-1197774,0,0
-632788,0,0
457893,0,0
335015,0,0
375368,0,0
272775,0,0
-891904,0,0
-647585,0,0
17012,0,0
262808,0,0
513953,0,0
-21902,0,0
-385261,0,0
-354159,0,0
27072,0,0
266671,0,0
-148822,0,0
-445118,0,0
-330101,0,0
-165866,0,0
51931,0,0
641885,0,0
638283,0,0
-96722,0,0
-453751,0,0
-316777,0,0
-118790,0,0
-268768,0,0
-202480,0,0
371435,0,0
909869,0,0
436126,0,0
-182356,0,0
698564,0,0
65010,0,0
-483069,0,0
-286348,0,0
47942,0,0
192323,0,0
137926,0,0
-428,0,0
385493,0,0
325937,0,0
-303894,0,0
-110480,0,0
-23934,0,0
84301,0,0
-97643,0,0
-550134,0,0
-668254,0,0
298542,0,0
1056664,0,0
-263083,0,0
-23370,0,0
-33833,0,0
-818345,0,0
-279260,0,0
-424691,0,0
-328631,0,0
266744,0,0
-4787,0,0
-282579,0,0
-115056,0,0
-112754,0,0
136015,0,0
-189037,0,0
-37402,0,0
123668,0,0
-469121,0,0
-891081,0,0
31116,0,0
238925,0,0
23206,0,0
-199759,0,0
-430282,0,0
-358985,0,0
-94200,0,0
-293193,0,0
118750,0,0
342139,0,0
-183683,0,0
-337733,0,0
553173,0,0
361094,0,0
-593173,0,0
-474314,0,0
-624330,0,0
-597039,0,0
548628,0,0
592777,0,0
26166,0,0
741574,0,0
583054,0,0
-654670,0,0
-717809,0,0
129414,0,0
407437,0,0
63148,0,0
152595,0,0
157684,0,0
261067,0,0
56334,0,0
309377,0,0
318814,0,0
-78511,0,0
-217388,0,0
-422738,0,0
252095,0,0
893665,0,0
475042,0,0
285801,0,0
704223,0,0
-218309,0,0
-772402,0,0
-342046,0,0
281726,0,0
893326,0,0
591508,0,0
407114,0,0
279990,0,0
-119501,0,0
-366260,0,0
184590,0,0
593442,0,0
202036,0,0
163413,0,0
151322,0,0
-92181,0,0
-188050,0,0
151644,0,0
479528,0,0
63673,0,0
-242747,0,0
-50570,0,0
3765,0,0
-173568,0,0
-680123,0,0
-112941,0,0
247438,0,0
215711,0,0
168615,0,0
-131524,0,0
-135466,0,0
-230505,0,0
-30047,0,0
484662,0,0
-444630,0,0
-591212,0,0
-568008,0,0
-303548,0,0
136967,0,0
384000,0,0
38346,0,0
-32265,0,0
169498,0,0
-155840,0,0
-468672,0,0
-426348,0,0
-444216,0,0
-543415,0,0
-179923,0,0
650881,0,0
485838,0,0
-844776,0,0
103269,0,0
890734,0,0
-322097,0,0
-282187,0,0
-168540,0,0
-145743,0,0
197011,0,0
915883,0,0
271443,0,0
-29855,0,0
40451,0,0
-57882,0,0
274260,0,0
-181495,0,0
170703,0,0
336207,0,0
-198683,0,0
120011,0,0
518784,0,0
-73048,0,0
-4573,0,0
-199074,0,0
-207402,0,0
788350,0,0
314211,0,0
-546335,0,0
-169926,0,0
-16468,0,0
-446042,0,0
414857,0,0
836685,0,0
326815,0,0
216812,0,0
-179656,0,0
-390255,0,0
-146906,0,0
102800,0,0
63615,0,0
372614,0,0
245336,0,0
-54751,0,0
99067,0,0
-416680,0,0
-477893,0,0
206258,0,0
563351,0,0
-235459,0,0
-622207,0,0
-525130,0,0
148250,0,0
-127328,0,0
-490457,0,0
-383256,0,0
-469334,0,0
-304483,0,0
-4156,0,0
294509,0,0
-912357,0,0
-838588,0,0
-569830,0,0
-19570,0,0
-45188,0,0
-268478,0,0
-49261,0,0
-176513,0,0
-604966,0,0
-577015,0,0
-16228,0,0
154213,0,0
-232038,0,0
-163117,0,0
-282419,0,0
-283610,0,0
56970,0,0
-281429,0,0
107714,0,0
312925,0,0
-290295,0,0
-443822,0,0
-446602,0,0
-161263,0,0
234034,0,0
265310,0,0
393878,0,0
-216015,0,0
-464576,0,0
-282857,0,0
221871,0,0
52683,0,0
143428,0,0
147914,0,0
176979,0,0
-139719,0,0
-367488,0,0
-105164,0,0
197519,0,0
1071143,0,0
447303,0,0
-986552,0,0
-955094,0,0
-133280,0,0
476703,0,0
803585,0,0
778782,0,0
-200370,0,0
-679215,0,0
-424758,0,0
208737,0,0
-210921,0,0
-292618,0,0
86004,0,0
624687,0,0
221248,0,0
-378117,0,0
-673004,0,0
154194,0,0
186896,0,0
433628,0,0
329540,0,0
-276785,0,0
-484206,0,0
36497,0,0
81862,0,0
299519,0,0
-149956,0,0
3930,0,0
508611,0,0
448547,0,0
-186553,0,0
-339572,0,0
-95849,0,0
89049,0,0
143870,0,0
78266,0,0
-250749,0,0
-473106,0,0
-5334,0,0
173629,0,0
734010,0,0
146719,0,0
-191650,0,0
-151057,0,0
-347255,0,0
-449961,0,0
-146254,0,0
216265,0,0
37593,0,0
103536,0,0
284270,0,0
374343,0,0
213318,0,0
-317312,0,0
-641684,0,0
-652082,0,0
136194,0,0
1199192,0,0
494291,0,0
-236603,0,0
385938,0,0
-153427,0,0
-358396,0,0
133151,0,0
-140703,0,0
-105028,0,0
611049,0,0
437747,0,0
-224738,0,0
142428,0,0
124965,0,0
74415,0,0
-131865,0,0
-572706,0,0
267112,0,0
191588,0,0
176036,0,0
161451,0,0
118232,0,0
16624,0,0
-350302,0,0
-176278,0,0
-522928,0,0
-264264,0,0
31106,0,0
53551,0,0
197241,0,0
517406,0,0
337635,0,0
259724,0,0
-81608,0,0
-475610,0,0
-152879,0,0
114356,0,0
104786,0,0
-29396,0,0
71333,0,0
43660,0,0
166037,0,0
-87167,0,0
54044,0,0
-52876,0,0
81983,0,0
344844,0,0
775948,0,0
271171,0,0
-396238,0,0
-459135,0,0
-364000,0,0
174706,0,0
369055,0,0
935666,0,0
715351,0,0
-241442,0,0
-425970,0,0
-39099,0,0
106221,0,0
46671,0,0
-32546,0,0
208719,0,0
265741,0,0
342814,0,0
-66665,0,0
511878,0,0
363251,0,0
-486669,0,0
-272033,0,0
21998,0,0
-115129,0,0
-64214,0,0
-254502,0,0
601013,0,0
282274,0,0
-491367,0,0
-175921,0,0
-2593,0,0
-132304,0,0
44502,0,0
219778,0,0
-51796,0,0
67914,0,0
-703304,0,0
-607293,0,0
24172,0,0
-132437,0,0
-152318,0,0
-162066,0,0
633312,0,0
770589,0,0
-405933,0,0
-1168169,0,0
-693685,0,0
-125028,0,0
112777,0,0
414118,0,0
-67373,0,0
265142,0,0
292494,0,0
-912738,0,0
-924044,0,0
-193676,0,0
319887,0,0
550821,0,0
666314,0,0
-266746,0,0
-584796,0,0
-407875,0,0
19850,0,0
75503,0,0
566355,0,0
182550,0,0
-100711,0,0
-344969,0,0
-195631,0,0
34603,0,0
-155330,0,0
203266,0,0
250588,0,0
649253,0,0
352877,0,0
-798668,0,0
-779619,0,0
-89361,0,0
431432,0,0
-52776,0,0
57730,0,0
32949,0,0
-288242,0,0
-489679,0,0
-344776,0,0
-330588,0,0
-177863,0,0
-113348,0,0
-351557,0,0
-470322,0,0
-312902,0,0
-395360,0,0
-475473,0,0
69737,0,0
1061,0,0
-308003,0,0
-385311,0,0
-513625,0,0
-520274,0,0
-538226,0,0
-291425,0,0
-249286,0,0
-232075,0,0
-404068,0,0
-245715,0,0
-623731,0,0
-97205,0,0
762451,0,0
-2166,0,0
-857770,0,0
-952927,0,0
-517671,0,0
504317,0,0
195371,0,0
-369252,0,0
-363742,0,0
-422790,0,0
206877,0,0
527375,0,0
-118248,0,0
-247645,0,0
-225703,0,0
513562,0,0
493471,0,0
-437864,0,0
-417497,0,0
119169,0,0
476314,0,0
177350,0,0
861996,0,0
11643,0,0
-510079,0,0
640288,0,0
111802,0,0
-655715,0,0
54938,0,0
115017,0,0
287072,0,0
688868,0,0
381735,0,0
23083,0,0
-139120,0,0
95191,0,0
-188846,0,0
-300430,0,0
36738,0,0
505544,0,0
348703,0,0
494852,0,0
81027,0,0
-797938,0,0
-726656,0,0
-347416,0,0
248420,0,0
296071,0,0
794804,0,0
-668654,0,0
-516166,0,0
442100,0,0
107894,0,0
-507638,0,0
-713574,0,0
-522834,0,0
-656305,0,0
463631,0,0
90698,0,0
761499,0,0
919874,0,0
-425687,0,0
-1058781,0,0
-502748,0,0
151194,0,0
191754,0,0
117080,0,0
-196800,0,0
171053,0,0
252916,0,0
-110089,0,0
6553,0,0
122323,0,0
-259907,0,0
-202026,0,0
79802,0,0
-235837,0,0
-311257,0,0
-418324,0,0
-255159,0,0
-133637,0,0
-146655,0,0
-115513,0,0
-129990,0,0
-416290,0,0
-559475,0,0
-509044,0,0
-499565,0,0
-82605,0,0
-230960,0,0
-109903,0,0
642768,0,0
-142489,0,0
-939676,0,0
-653204,0,0
-33937,0,0
59458,0,0
398058,0,0
-320591,0,0
-609046,0,0
211561,0,0
172014,0,0
-644803,0,0
-112919,0,0
518707,0,0
252031,0,0
-274749,0,0
-847322,0,0
176665,0,0
-104060,0,0
79468,0,0
126646,0,0
-215067,0,0
298580,0,0
904083,0,0
240525,0,0
-622250,0,0
-842463,0,0
-337117,0,0
13940,0,0
-193567,0,0
440468,0,0
1967649,0,0
714871,0,0
-425977,0,0
-840190,0,0
-452258,0,0
232683,0,0
735126,0,0
341954,0,0
-197992,0,0
-21810,0,0
358019,0,0
-203398,0,0
-215160,0,0
-232652,0,0
515384,0,0
1954191,0,0
755334,0,0
-654864,0,0
-552541,0,0
-40211,0,0
79895,0,0
3672,0,0
154102,0,0
271290,0,0
95667,0,0
5042,0,0
520557,0,0
336671,0,0
-27686,0,0
-40267,0,0
-446364,0,0
-213790,0,0
-90008,0,0
-157897,0,0
166212,0,0
1014279,0,0
104245,0,0
-640526,0,0
-266274,0,0
298764,0,0
-134684,0,0
-290732,0,0
-699660,0,0
-70955,0,0
499390,0,0
254755,0,0
695436,0,0
38953,0,0
-589070,0,0
94335,0,0
117249,0,0
-284141,0,0
-524921,0,0
152349,0,0
139751,0,0
106039,0,0
23466,0,0
299799,0,0
430530,0,0
-307761,0,0
-391937,0,0
-353953,0,0
-113760,0,0
235599,0,0
-157462,0,0
-310174,0,0
453762,0,0
290006,0,0
-326769,0,0
-238358,0,0
-909179,0,0
-556915,0,0
367371,0,0
789624,0,0
985559,0,0
1011509,0,0
40298,0,0
-530034,0,0
-497433,0,0
-370081,0,0
-121031,0,0
509490,0,0
652256,0,0
420717,0,0
791286,0,0
396330,0,0
325336,0,0
-183407,0,0
-136611,0,0
397306,0,0
19675,0,0
254125,0,0
593495,0,0
-304779,0,0
-798320,0,0
-192947,0,0
101675,0,0
583171,0,0
913952,0,0
292052,0,0
-330421,0,0
-1137762,0,0
-891543,0,0
9847,0,0
662833,0,0
645397,0,0
360422,0,0
-352100,0,0
-674882,0,0
-167842,0,0
141075,0,0
356655,0,0
80539,0,0
-198189,0,0
-221923,0,0
-316124,0,0
-100268,0,0
55949,0,0
60635,0,0
-149267,0,0
76802,0,0
-125344,0,0
134997,0,0
7025,0,0
-205448,0,0
-502082,0,0
-129094,0,0
89114,0,0
377263,0,0
164836,0,0
-158606,0,0
149086,0,0
50040,0,0
-61664,0,0
-4460,0,0
391119,0,0
119301,0,0
-233663,0,0
-71494,0,0
205897,0,0
145735,0,0
288852,0,0
868287,0,0
885763,0,0
-396420,0,0
-883376,0,0
-118275,0,0
654690,0,0
1044673,0,0
766509,0,0
-7331,0,0
37620,0,0
521054,0,0
-171889,0,0
-165535,0,0
530745,0,0
460684,0,0
620754,0,0
297081,0,0
773559,0,0
434242,0,0
-215220,0,0
-493350,0,0
144270,0,0
428447,0,0
278403,0,0
129274,0,0
95862,0,0
39827,0,0
138723,0,0
60787,0,0
462186,0,0
398094,0,0
-111652,0,0
-365611,0,0
88482,0,0
76002,0,0
136667,0,0
1564,0,0
-140971,0,0
-32442,0,0
148488,0,0
46274,0,0
-211634,0,0
-156399,0,0
-78885,0,0
-130258,0,0
-596146,0,0
-311263,0,0
101508,0,0
113332,0,0
-267354,0,0
-545637,0,0
-915465,0,0
-496419,0,0
270649,0,0
-173864,0,0
-383089,0,0
-346729,0,0
-744426,0,0
-975763,0,0
-1041365,0,0
-217788,0,0
485363,0,0
-136765,0,0
190280,0,0
204799,0,0
-903427,0,0
-1021170,0,0
-235281,0,0
130199,0,0
-131541,0,0
-304645,0,0
-190832,0,0
21792,0,0
95801,0,0
-202519,0,0
-218909,0,0
-350044,0,0
-402992,0,0
456542,0,0
152296,0,0
-293679,0,0
-381691,0,0
-230774,0,0
-6968,0,0
35659,0,0
-86474,0,0
-322438,0,0
313052,0,0
-92638,0,0
-807104,0,0
-159950,0,0
272250,0,0
29782,0,0
-12284,0,0
-298269,0,0
79712,0,0
418679,0,0
88893,0,0
-193444,0,0
-104787,0,0
-239456,0,0
-97976,0,0
-135268,0,0
-360851,0,0
-44705,0,0
619108,0,0
490285,0,0
-270907,0,0
-477527,0,0
-510763,0,0
96686,0,0
819719,0,0
598595,0,0
-456912,0,0
-735381,0,0
-173618,0,0
505169,0,0
647162,0,0
209013,0,0
-415237,0,0
2175,0,0
389058,0,0
79913,0,0
-296859,0,0
-144546,0,0
307941,0,0
530475,0,0
866158,0,0
254880,0,0
-285568,0,0
-96638,0,0
-167497,0,0
72177,0,0
328016,0,0
229329,0,0
230843,0,0
101943,0,0
-373016,0,0
102927,0,0
-11843,0,0
-323446,0,0
-35300,0,0
29607,0,0
658484,0,0
-48206,0,0
-221222,0,0
-165923,0,0
-59479,0,0
-316039,0,0
-428311,0,0
-213572,0,0
-272355,0,0
-25877,0,0
151452,0,0
245288,0,0
236888,0,0
179661,0,0
-742154,0,0
-391946,0,0
-236976,0,0
-169199,0,0
-176301,0,0
15200,0,0
154255,0,0
100578,0,0
-221045,0,0
-139915,0,0
-247613,0,0
92520,0,0
-131130,0,0
-621679,0,0
-58684,0,0
300037,0,0
406465,0,0
-186173,0,0
-185973,0,0
99998,0,0
-193912,0,0
-630623,0,0
-292144,0,0
115465,0,0
586199,0,0
566141,0,0
364395,0,0
-609849,0,0
-904544,0,0
16058,0,0
328158,0,0
397375,0,0
308363,0,0
673777,0,0
-58529,0,0
-433920,0,0
119941,0,0
382969,0,0
28412,0,0
-111399,0,0
529661,0,0
146769,0,0
-109437,0,0
334771,0,0
213717,0,0
162866,0,0
-475067,0,0
-58256,0,0
562015,0,0
951311,0,0
827403,0,0
82620,0,0
-546315,0,0
-245330,0,0
630194,0,0
914131,0,0
63782,0,0
-267749,0,0
176882,0,0
440734,0,0
77426,0,0
323848,0,0
315610,0,0
-20141,0,0
-232232,0,0
215234,0,0
223376,0,0
-116339,0,0
-145301,0,0
-120657,0,0
-52074,0,0
-413684,0,0
-681325,0,0
-451692,0,0
252334,0,0
371077,0,0
-519420,0,0
-548261,0,0
-721324,0,0
-658361,0,0
189452,0,0
586942,0,0
-70273,0,0
-166136,0,0
-1187277,0,0
-877394,0,0
808020,0,0
633436,0,0
-272432,0,0
-669836,0,0
-520632,0,0
315034,0,0
173751,0,0
-378421,0,0
-275893,0,0
141550,0,0
976661,0,0
456771,0,0
-438244,0,0
-340480,0,0
-374209,0,0
-224952,0,0
511045,0,0
592841,0,0
-295676,0,0
-317949,0,0
-235641,0,0
667150,0,0
767482,0,0
-115231,0,0
-205385,0,0
116439,0,0
55981,0,0
14394,0,0
290391,0,0
471762,0,0
265123,0,0
-44494,0,0
173745,0,0
396529,0,0
41952,0,0
2097,0,0
295792,0,0
-275574,0,0
358900,0,0
195840,0,0
-275564,0,0
68964,0,0
61046,0,0
433788,0,0
297086,0,0
-379838,0,0
-160540,0,0
346901,0,0
10861,0,0
235557,0,0
13908,0,0
89000,0,0
15493,0,0
-232556,0,0
18914,0,0
712209,0,0
614123,0,0
126752,0,0
83918,0,0
93241,0,0
-84312,0,0
-91091,0,0
-107338,0,0
-109598,0,0
71890,0,0
-35018,0,0
-183134,0,0
-179698,0,0
312817,0,0
-223114,0,0
-637427,0,0
-512221,0,0
244129,0,0
494304,0,0
167677,0,0
367784,0,0
-654764,0,0
-746978,0,0
-362500,0,0
-308809,0,0
-396610,0,0
287185,0,0
1308242,0,0
170134,0,0
-738651,0,0
615491,0,0
967634,0,0
-479443,0,0
-811464,0,0
579688,0,0
1035290,0,0
347054,0,0
-294256,0,0
-294080,0,0
-184447,0,0
391631,0,0
808363,0,0
678746,0,0
40729,0,0
-229553,0,0
-223282,0,0
-47203,0,0
672862,0,0
449028,0,0
203377,0,0
25662,0,0
-285225,0,0
-207780,0,0
224627,0,0
73684,0,0
151089,0,0
198453,0,0
-85547,0,0
-29596,0,0
116634,0,0
39640,0,0
-98566,0,0
-206289,0,0
-327391,0,0
-92988,0,0
-194018,0,0
-165514,0,0
-59701,0,0
55432,0,0
125097,0,0
-512166,0,0
-504783,0,0
-212022,0,0
-160279,0,0
-242072,0,0
-462856,0,0
-658790,0,0
80936,0,0
648609,0,0
108951,0,0
-524761,0,0
-712769,0,0
-368440,0,0
-204499,0,0
101703,0,0
-72774,0,0
-295371,0,0
151397,0,0
158192,0,0
76552,0,0
-321433,0,0
-268343,0,0
794233,0,0
-112341,0,0
-651164,0,0
182508,0,0
143628,0,0
-82951,0,0
17967,0,0
326221,0,0
664528,0,0
-215078,0,0
-588722,0,0
-474045,0,0
256927,0,0
622893,0,0
482294,0,0
-44992,0,0
-49579,0,0
-211982,0,0
-252462,0,0
195735,0,0
533636,0,0
-80144,0,0
62278,0,0
281317,0,0
348748,0,0
7842,0,0
62486,0,0
171293,0,0
331539,0,0
-115727,0,0
-88925,0,0
592731,0,0
1050200,0,0
114608,0,0
-387799,0,0
13658,0,0
11609,0,0
289184,0,0
168242,0,0
179491,0,0
760023,0,0
87427,0,0
92403,0,0
244613,0,0
54564,0,0
-68007,0,0
488431,0,0
608617,0,0
695973,0,0
287213,0,0
-274437,0,0
-329085,0,0
131370,0,0
222198,0,0
806056,0,0
1395133,0,0
289330,0,0
-30142,0,0
293766,0,0
153412,0,0
68298,0,0
-29374,0,0
92308,0,0
301583,0,0
303623,0,0
296267,0,0
946896,0,0
350041,0,0
-312744,0,0
-87050,0,0
-219668,0,0
163008,0,0
30136,0,0
157171,0,0
-24199,0,0
-112750,0,0
493025,0,0
270475,0,0
-38929,0,0
-67126,0,0
185925,0,0
-191343,0,0
-507649,0,0
-130404,0,0
-199352,0,0
9615,0,0
154086,0,0
565101,0,0
708628,0,0
96084,0,0
-103012,0,0
-477654,0,0
-919955,0,0
163090,0,0
995485,0,0
272062,0,0
-465587,0,0
-336321,0,0
1461,0,0
182517,0,0
976171,0,0
666736,0,0
-389810,0,0
-253613,0,0
324507,0,0
319966,0,0
357154,0,0
-47475,0,0
-411582,0,0
90697,0,0
-38816,0,0
222619,0,0
312566,0,0
-201731,0,0
-191945,0,0
183151,0,0
42674,0,0
320153,0,0
170065,0,0
-257383,0,0
-122911,0,0
-734303,0,0
-542463,0,0
345593,0,0
600720,0,0
-152440,0,0
-147812,0,0
364578,0,0
-271199,0,0
-666535,0,0
11785,0,0
285499,0,0
13899,0,0
-22074,0,0
296951,0,0
-363072,0,0
-281177,0,0
480849,0,0
275821,0,0
-722123,0,0
-813238,0,0
127612,0,0
729790,0,0
484975,0,0
-92308,0,0
-768872,0,0
-10485,0,0
-106411,0,0
-563722,0,0
-319325,0,0
243244,0,0
334499,0,0
391746,0,0
-514062,0,0
-502420,0,0
-155501,0,0
-140224,0,0
-245090,0,0
107979,0,0
99623,0,0
-390669,0,0
-650425,0,0
-318888,0,0
23096,0,0
53260,0,0
111262,0,0
-599161,0,0
-666763,0,0
-354466,0,0
-31451,0,0
-508664,0,0
-680775,0,0
-319956,0,0
-832129,0,0
-424040,0,0
38279,0,0
-251901,0,0
3734,0,0
37800,0,0
-585941,0,0
-1289963,0,0
-1032055,0,0
-63323,0,0
544948,0,0
-101660,0,0
-666767,0,0
-169503,0,0
37009,0,0
518933,0,0
222077,0,0
-363703,0,0
-325837,0,0
-334608,0,0
-361764,0,0
-83955,0,0
-60978,0,0
76620,0,0
71555,0,0
95634,0,0
242039,0,0
181084,0,0
-442834,0,0
-752848,0,0
-273017,0,0
-187469,0,0
-319086,0,0
36283,0,0
-248245,0,0
-745132,0,0
-250165,0,0
-40609,0,0
-312980,0,0
-395954,0,0
-774301,0,0
-658401,0,0
-97789,0,0
267569,0,0
-107683,0,0
-350895,0,0
-576190,0,0
-444586,0,0
-513928,0,0
-578597,0,0
-521083,0,0
115493,0,0
369344,0,0
162860,0,0
-589619,0,0
-660336,0,0
150407,0,0
94545,0,0
-748310,0,0
-620945,0,0
-57425,0,0
474559,0,0
-241122,0,0
-511897,0,0
-327550,0,0
73942,0,0
585610,0,0
-265937,0,0
-1101508,0,0
-853943,0,0
-354292,0,0
106843,0,0
312318,0,0
271520,0,0
157230,0,0
-1206564,0,0
-411323,0,0
-319908,0,0
-426003,0,0
-590876,0,0
-108675,0,0
659768,0,0
665476,0,0
-38613,0,0
-1034035,0,0
-549888,0,0
-432305,0,0
-8502,0,0
693874,0,0
112324,0,0
-347028,0,0
-12368,0,0
-213492,0,0
-230871,0,0
980728,0,0
839647,0,0
-183653,0,0
-483062,0,0
-138165,0,0
-153257,0,0
-197254,0,0
-319167,0,0
64322,0,0
969783,0,0
1242084,0,0
461531,0,0
-463851,0,0
-706417,0,0
119475,0,0
339283,0,0
-142351,0,0
63507,0,0
423246,0,0
300176,0,0
72690,0,0
-87320,0,0
391637,0,0
223911,0,0
-16913,0,0
-291025,0,0
1681,0,0
472088,0,0
164253,0,0
336670,0,0
-73142,0,0
-101549,0,0
-4423,0,0
380655,0,0
559234,0,0
288345,0,0
-454781,0,0
-99468,0,0
92509,0,0
885494,0,0
1022317,0,0
405870,0,0
-331715,0,0
-344528,0,0
153099,0,0
545244,0,0
610955,0,0
572906,0,0
58539,0,0
-301332,0,0
135954,0,0
271460,0,0
226938,0,0
136029,0,0
71011,0,0
660562,0,0
1410788,0,0
543324,0,0
-961423,0,0
-600293,0,0
613512,0,0
698570,0,0
449600,0,0
-301877,0,0
-90776,0,0
664301,0,0
643537,0,0
197495,0,0
140505,0,0
38469,0,0
-134442,0,0
59085,0,0
322492,0,0
462594,0,0
6212,0,0
111372,0,0
194219,0,0
-354334,0,0
-707756,0,0
177882,0,0
932843,0,0
-83947,0,0
-436604,0,0
710421,0,0
300443,0,0
-305534,0,0
310291,0,0
160710,0,0
-305698,0,0
220199,0,0
686417,0,0
262331,0,0
31380,0,0
-173231,0,0
234108,0,0
849110,0,0
168902,0,0
-252604,0,0
389067,0,0
532521,0,0
480917,0,0
323241,0,0
212966,0,0
144498,0,0
280553,0,0
172774,0,0
47904,0,0
-4958,0,0
656731,0,0
652514,0,0
572344,0,0
338903,0,0
-530817,0,0
-265708,0,0
1087288,0,0
1096668,0,0
-190533,0,0
-50854,0,0
-67816,0,0
525713,0,0
651845,0,0
667264,0,0
417797,0,0
-329655,0,0
-115167,0,0
379299,0,0
777296,0,0
171402,0,0
-228540,0,0
-351727,0,0
136734,0,0
932798,0,0
108455,0,0
-150970,0,0
372462,0,0
320253,0,0
-14600,0,0
-177836,0,0
-405281,0,0
-239886,0,0
653193,0,0
876114,0,0
-43323,0,0
71401,0,0
-114102,0,0
-241766,0,0
23113,0,0
43986,0,0
67018,0,0
98199,0,0
571285,0,0
1236172,0,0
422148,0,0
-1009452,0,0
-1105549,0,0
-16673,0,0
597088,0,0
799284,0,0
548888,0,0
-23173,0,0
-410803,0,0
79071,0,0
246398,0,0
-158061,0,0
-123109,0,0
-102811,0,0
-127981,0,0
-152475,0,0
21407,0,0
101554,0,0
256499,0,0
143467,0,0
-144836,0,0
546306,0,0
-168822,0,0
-319564,0,0
-6131,0,0
-189314,0,0
-328964,0,0
174509,0,0
111268,0,0
-259046,0,0
-116816,0,0
696786,0,0
447501,0,0
-228709,0,0
-361632,0,0
-329405,0,0
-39422,0,0
-181579,0,0
-501106,0,0
-281553,0,0
732346,0,0
946283,0,0
-254602,0,0
-620975,0,0
-454460,0,0
37460,0,0
374091,0,0
332479,0,0
116426,0,0
-346078,0,0
-490438,0,0
-443351,0,0
-284187,0,0
225011,0,0
797874,0,0
125686,0,0
-546296,0,0
-375925,0,0
-410426,0,0
234194,0,0
-336142,0,0
-654981,0,0
-266256,0,0
419954,0,0
528407,0,0
-332116,0,0
-857869,0,0
-304123,0,0
123003,0,0
348075,0,0
152786,0,0
-434339,0,0
-276956,0,0
-34320,0,0
-230558,0,0
-227276,0,0
254003,0,0
155887,0,0
439119,0,0
-293654,0,0
-655277,0,0
-377250,0,0
-114985,0,0
296596,0,0
-138626,0,0
-605256,0,0
-393644,0,0
143436,0,0
-88887,0,0
-471320,0,0
388410,0,0
46712,0,0
-580374,0,0
-585370,0,0
-155031,0,0
-78591,0,0
77240,0,0
160679,0,0
-402307,0,0
229460,0,0
125190,0,0
-560659,0,0
-437721,0,0
49278,0,0
270114,0,0
414140,0,0
219001,0,0
98021,0,0
-239213,0,0
-290694,0,0
70858,0,0
-128751,0,0
-102237,0,0
554810,0,0
398755,0,0
-301333,0,0
-157095,0,0
-114532,0,0
-55857,0,0
235762,0,0
-24714,0,0
416840,0,0
798303,0,0
-161267,0,0
-659520,0,0
-161985,0,0
-289199,0,0
-18561,0,0
290807,0,0
38555,0,0
-41920,0,0
555348,0,0
592909,0,0
-478014,0,0
-558726,0,0
237422,0,0
120534,0,0
-37020,0,0
-77185,0,0
13906,0,0
-208743,0,0
42942,0,0
-340385,0,0
-433148,0,0
486040,0,0
986621,0,0
66980,0,0
-543805,0,0
-456047,0,0
-475729,0,0
-133501,0,0
425121,0,0
148629,0,0
-175767,0,0
-311417,0,0
-384724,0,0
-95778,0,0
-114961,0,0
217176,0,0
524437,0,0
-120843,0,0
-303609,0,0
-29556,0,0
-141612,0,0
188207,0,0
-102630,0,0
-452698,0,0
51684,0,0
633087,0,0
487804,0,0
116596,0,0
-241554,0,0
-353733,0,0
-327665,0,0
81574,0,0
390033,0,0
547696,0,0
203976,0,0
-238471,0,0
-111084,0,0
-24890,0,0
-23297,0,0
-112196,0,0
-111546,0,0
39079,0,0
250728,0,0
-404380,0,0
89819,0,0
436361,0,0
-316892,0,0
-144315,0,0
-450068,0,0
-328184,0,0
-109206,0,0
12880,0,0
-322302,0,0
-146949,0,0
-369208,0,0
-695772,0,0
473567,0,0
1062207,0,0
-269862,0,0
-717378,0,0
-527591,0,0
-196215,0,0
65798,0,0
-176608,0,0
85845,0,0
239442,0,0
-23026,0,0
-111734,0,0
346788,0,0
-283214,0,0
-207462,0,0
1246618,0,0
282086,0,0
-347575,0,0
-362250,0,0
521415,0,0
561232,0,0
-212920,0,0
80857,0,0
635572,0,0
506460,0,0
209267,0,0
-50923,0,0
97156,0,0
631024,0,0
395444,0,0
565435,0,0
805048,0,0
182783,0,0
-132193,0,0
112836,0,0
305029,0,0
143351,0,0
509124,0,0
343410,0,0
-88820,0,0
-6932,0,0
-285905,0,0
370132,0,0
584726,0,0
251021,0,0
-231448,0,0
583188,0,0
186517,0,0
-559294,0,0
-232885,0,0
602255,0,0
351429,0,0
-336209,0,0
-298907,0,0
313662,0,0
731415,0,0
239461,0,0
262439,0,0
640988,0,0
-155039,0,0
16695,0,0
129984,0,0
90568,0,0
203315,0,0
237103,0,0
400309,0,0
846685,0,0
-110652,0,0
50337,0,0
259948,0,0
-139396,0,0
87777,0,0
368174,0,0
59415,0,0
310294,0,0
69815,0,0
-192560,0,0
167290,0,0
260414,0,0
-35091,0,0
223093,0,0
63970,0,0
-26760,0,0
-171215,0,0
-156482,0,0
484203,0,0
671297,0,0
169485,0,0
-15470,0,0
164024,0,0
-134162,0,0
-334375,0,0
-127907,0,0
-200134,0,0
-64187,0,0
567102,0,0
1182405,0,0
757963,0,0
-783506,0,0
-622553,0,0
169360,0,0
403802,0,0
89878,0,0
-54491,0,0
-153520,0,0
-38486,0,0
191308,0,0
-492926,0,0
-336548,0,0
266458,0,0
415279,0,0
-637789,0,0
-869168,0,0
-775568,0,0
-750291,0,0
-54270,0,0
93263,0,0
-514374,0,0
60653,0,0
-95571,0,0
-993126,0,0
-1195036,0,0
-917251,0,0
-574267,0,0
-359138,0,0
-434576,0,0
-249933,0,0
-574147,0,0
-528489,0,0
-377084,0,0
-572074,0,0
-652070,0,0
-580176,0,0
-544013,0,0
-499638,0,0
-232054,0,0
-539217,0,0
-280638,0,0
-645753,0,0
-769353,0,0
-649289,0,0
-906424,0,0
-394170,0,0
-325294,0,0
-283825,0,0
551689,0,0
637265,0,0
-953376,0,0
-964368,0,0
-467163,0,0
-147389,0,0
-173482,0,0
-275066,0,0
-372571,0,0
-74953,0,0
-18990,0,0
-402228,0,0
-51246,0,0
57775,0,0
-158672,0,0
-137602,0,0
-166933,0,0
482410,0,0
54108,0,0
-626057,0,0
-495715,0,0
310660,0,0
8,0,0
-66608,0,0
203706,0,0
44748,0,0
65790,0,0
218367,0,0
-242929,0,0
-400832,0,0
143430,0,0
244810,0,0
237920,0,0
-310480,0,0
-544104,0,0
-133515,0,0
342590,0,0
1060177,0,0
257956,0,0
-258315,0,0
-482099,0,0
-210424,0,0
-35270,0,0
180868,0,0
319455,0,0
-403778,0,0
-447137,0,0
-180120,0,0
366786,0,0
595312,0,0
381535,0,0
-390432,0,0
-562525,0,0
-260302,0,0
612753,0,0
568312,0,0
-647562,0,0
-609049,0,0
129531,0,0
200719,0,0
-314126,0,0
954101,0,0
365741,0,0
-152675,0,0
-3585,0,0
-124891,0,0
-103516,0,0
-177086,0,0
93830,0,0
490703,0,0
394209,0,0
24457,0,0
165647,0,0
-26771,0,0
-47318,0,0
74519,0,0
-73698,0,0
-29311,0,0
210420,0,0
133250,0,0
-72521,0,0
-583,0,0
-70587,0,0
142165,0,0
223397,0,0
-3906,0,0
79702,0,0
-77192,0,0
-247749,0,0
7269,0,0
368687,0,0
118735,0,0
210238,0,0
-61533,0,0
-310046,0,0
54440,0,0
-63396,0,0
151296,0,0
330576,0,0
61241,0,0
-35734,0,0
-33949,0,0
-453807,0,0
-163664,0,0
245860,0,0
-249956,0,0
-369081,0,0
-443879,0,0
-292892,0,0
-229893,0,0
305707,0,0
698548,0,0
481687,0,0
-913387,0,0
-593396,0,0
-87324,0,0
-375930,0,0
135996,0,0
476932,0,0
397628,0,0
440925,0,0
483288,0,0
-358327,0,0
-156327,0,0
254515,0,0
683013,0,0
468463,0,0
23435,0,0
77473,0,0
459942,0,0
620467,0,0
249523,0,0
495509,0,0
281667,0,0
85533,0,0
185076,0,0
-89230,0,0
-184639,0,0
-57108,0,0
-170134,0,0
444894,0,0
879068,0,0
421361,0,0
329899,0,0
174456,0,0
-418637,0,0
5644,0,0
1369278,0,0
529135,0,0
-454497,0,0
212279,0,0
336310,0,0
448701,0,0
362357,0,0
428135,0,0
620740,0,0
78155,0,0
213767,0,0
834678,0,0
978438,0,0
1050220,0,0
195511,0,0
-1097798,0,0
50403,0,0
528893,0,0
393970,0,0
320035,0,0
917186,0,0
249974,0,0
-406431,0,0
270838,0,0
372744,0,0
134571,0,0
-132545,0,0
75395,0,0
328968,0,0
486565,0,0
328862,0,0
-198421,0,0
-282516,0,0
-443003,0,0
-188911,0,0
308958,0,0
750810,0,0
-512925,0,0
-663318,0,0
-256142,0,0
460058,0,0
752296,0,0
177793,0,0
-784466,0,0
-920489,0,0
12866,0,0
340221,0,0
627290,0,0
127067,0,0
-560014,0,0
-309277,0,0
156202,0,0
138662,0,0
87239,0,0
433968,0,0
-298933,0,0
48449,0,0
518835,0,0
-80913,0,0
328800,0,0
202543,0,0
-675590,0,0
-328194,0,0
-61146,0,0
-216548,0,0
198792,0,0
153289,0,0
-348296,0,0
626,0,0
361593,0,0
-223762,0,0
-505251,0,0
-92044,0,0
-293175,0,0
27014,0,0
-106156,0,0
-142274,0,0
-265980,0,0
-646316,0,0
-180946,0,0
298040,0,0
68620,0,0
-273738,0,0
-389806,0,0
-272976,0,0
-159532,0,0
-689155,0,0
-510382,0,0
121701,0,0
917730,0,0
-47393,0,0
-918068,0,0
-1185795,0,0
-505971,0,0
238534,0,0
145317,0,0
140981,0,0
-1129136,0,0
-1269359,0,0
-456428,0,0
24375,0,0
401110,0,0
278598,0,0
-842710,0,0
-1171412,0,0
-463699,0,0
-173496,0,0
-515009,0,0
-317395,0,0
-291289,0,0
-505034,0,0
-380472,0,0
-373129,0,0
-452204,0,0
-158155,0,0
-508330,0,0
-367258,0,0
-365444,0,0
-569829,0,0
-202279,0,0
-287773,0,0
-842467,0,0
-584638,0,0
-171716,0,0
-397395,0,0
283829,0,0
-171186,0,0
-1117026,0,0
-632672,0,0
-139242,0,0
49646,0,0
-63436,0,0
-504241,0,0
-641171,0,0
-94039,0,0
-524555,0,0
337812,0,0
600503,0,0
-403078,0,0
-590484,0,0
-62261,0,0
-184031,0,0
-110405,0,0
228259,0,0
436606,0,0
167524,0,0
-398440,0,0
-130060,0,0
573767,0,0
65682,0,0
-331907,0,0
-175684,0,0
313414,0,0
1109981,0,0
1195747,0,0
-482376,0,0
-648997,0,0
163928,0,0
222718,0,0
548158,0,0
545602,0,0
76147,0,0
53593,0,0
177399,0,0
102535,0,0
389365,0,0
350134,0,0
215671,0,0
362130,0,0
201160,0,0
61266,0,0
270247,0,0
247061,0,0
195517,0,0
249620,0,0
-36755,0,0
280063,0,0
207243,0,0
-61731,0,0
-67111,0,0
594608,0,0
711924,0,0
102557,0,0
-406970,0,0
-361025,0,0
219633,0,0
359805,0,0
45419,0,0
-85036,0,0
379481,0,0
459352,0,0
59854,0,0
-137345,0,0
223091,0,0
210552,0,0
-230593,0,0
-178965,0,0
47160,0,0
164535,0,0
115741,0,0
-28716,0,0
205225,0,0
-27168,0,0
109412,0,0
-279704,0,0
-187834,0,0
-42506,0,0
-430601,0,0
52643,0,0
57085,0,0
-150250,0,0
-292660,0,0
-363900,0,0
-484858,0,0
-254749,0,0
-417556,0,0
-321644,0,0
-12686,0,0
147288,0,0
121835,0,0
-342750,0,0
-201004,0,0
-237698,0,0
-301687,0,0
-127268,0,0
8333,0,0
-201097,0,0
45114,0,0
398574,0,0
-71970,0,0
-238790,0,0
-235449,0,0
-145736,0,0
433725,0,0
94564,0,0
238582,0,0
-222339,0,0
-285326,0,0
-75899,0,0
20529,0,0
409886,0,0
382053,0,0
-723962,0,0
137827,0,0
380048,0,0
240808,0,0
-187920,0,0
-413986,0,0
-41551,0,0
-76138,0,0
65642,0,0
-11462,0,0
254096,0,0
542611,0,0
982165,0,0
151896,0,0
-680619,0,0
-386452,0,0
-166769,0,0
394331,0,0
283473,0,0
-193559,0,0
-48516,0,0
803459,0,0
645026,0,0
534553,0,0
-220839,0,0
-426491,0,0
468027,0,0
550858,0,0
323048,0,0
-91910,0,0
28974,0,0
623602,0,0
775290,0,0
198984,0,0
-228773,0,0
-58570,0,0
25100,0,0
234858,0,0
307005,0,0
529025,0,0
-105406,0,0
-281001,0,0
-284351,0,0
218766,0,0
948537,0,0
91113,0,0
-489667,0,0
-319194,0,0
-233354,0,0
126423,0,0
319626,0,0
4715,0,0
42058,0,0
379630,0,0
344765,0,0
65165,0,0
-94798,0,0
-365191,0,0
-379226,0,0
-3878,0,0
119642,0,0
171497,0,0
15466,0,0
68159,0,0
-218292,0,0
151381,0,0
407461,0,0
-261532,0,0
-625272,0,0
-293719,0,0
523003,0,0
-17100,0,0
-299340,0,0
-335884,0,0
-162321,0,0
410377,0,0
17782,0,0
-262316,0,0
-306233,0,0
45559,0,0
426063,0,0
451546,0,0
-248064,0,0
-226071,0,0
-227818,0,0
-136345,0,0
297124,0,0
260055,0,0
-226955,0,0
-58052,0,0
283734,0,0
-33569,0,0
-219529,0,0
-706080,0,0
-579159,0,0
279054,0,0
882454,0,0
514126,0,0
42154,0,0
-237515,0,0
-619668,0,0
-658065,0,0
5698,0,0
230506,0,0
-136591,0,0
-229732,0,0
-893,0,0
145053,0,0
528485,0,0
356755,0,0
-418047,0,0
-368527,0,0
-360318,0,0
142734,0,0
618195,0,0
234255,0,0
-327962,0,0
-196896,0,0
-151254,0,0
-560193,0,0
-757771,0,0
-518653,0,0
-166038,0,0
1113598,0,0
1473701,0,0
-592697,0,0
-365395,0,0
-500534,0,0
-1098169,0,0
-513909,0,0
126683,0,0
402417,0,0
231231,0,0
-342129,0,0
207205,0,0
605566,0,0
-275829,0,0
-1137889,0,0
-706425,0,0
-153808,0,0
-178854,0,0
78706,0,0
827125,0,0
769333,0,0
-555913,0,0
-795244,0,0
-133259,0,0
223848,0,0
60843,0,0
125269,0,0
64035,0,0
-447009,0,0
-186674,0,0
208657,0,0
462241,0,0
523467,0,0
228282,0,0
-6919,0,0
-175506,0,0
-49228,0,0
384345,0,0
254191,0,0
224664,0,0
198507,0,0
-317691,0,0
-246962,0,0
153625,0,0
54992,0,0
-20901,0,0
232560,0,0
134927,0,0
-58954,0,0
-299681,0,0
-327962,0,0
-1498,0,0
-56217,0,0
-39506,0,0
-417740,0,0
-452674,0,0
-253595,0,0
309014,0,0
224740,0,0
-227429,0,0
156562,0,0
-346853,0,0
-674189,0,0
-306182,0,0
-144295,0,0
-86650,0,0
-207233,0,0
25385,0,0
-152642,0,0
-378958,0,0
-475475,0,0
-53244,0,0
-136157,0,0
636638,0,0
354683,0,0
-443286,0,0
-724864,0,0
188862,0,0
1389404,0,0
448208,0,0
-868451,0,0
-586443,0,0
120300,0,0
585072,0,0
416452,0,0
1148746,0,0
710112,0,0
-451094,0,0
-935923,0,0
145832,0,0
1244585,0,0
1805342,0,0
1296246,0,0
-597774,0,0
-1126586,0,0
-534149,0,0
314731,0,0
1039193,0,0
644185,0,0
-27162,0,0
-287837,0,0
508770,0,0
1291475,0,0
506842,0,0
-518133,0,0
-582181,0,0
126474,0,0
509776,0,0
710747,0,0
605834,0,0
188596,0,0
107811,0,0
92016,0,0
114345,0,0
220196,0,0
309209,0,0
210941,0,0
181302,0,0
76440,0,0
166204,0,0
197675,0,0
-79470,0,0
-112487,0,0
298506,0,0
-125713,0,0
-101553,0,0
460953,0,0
389086,0,0
-565391,0,0
-612495,0,0
-217885,0,0
88316,0,0
14546,0,0
-29409,0,0
-321461,0,0
-485919,0,0
-10821,0,0
272154,0,0
-437674,0,0
-547113,0,0
-480632,0,0
265923,0,0
867975,0,0
-145082,0,0
-787093,0,0
-436126,0,0
-196910,0,0
-38050,0,0
-121775,0,0
39139,0,0
230679,0,0
279506,0,0
193679,0,0
-291576,0,0
-399433,0,0
-113636,0,0
-119210,0,0
255971,0,0
549474,0,0
39977,0,0
-25160,0,0
-338283,0,0
-295108,0,0
123684,0,0
534790,0,0
322768,0,0
-348219,0,0
-160776,0,0
476187,0,0
138051,0,0
-229018,0,0
128021,0,0
175059,0,0
-3373,0,0
-104984,0,0
-290732,0,0
72379,0,0
388734,0,0
-196088,0,0
-942817,0,0
-424161,0,0
-126610,0,0
544781,0,0
1892556,0,0
11947,0,0
-1433530,0,0
-1358416,0,0
-541703,0,0
644181,0,0
544287,0,0
265785,0,0
617642,0,0
516340,0,0
-268709,0,0
-226364,0,0
-174401,0,0
-405705,0,0
14845,0,0
327410,0,0
461260,0,0
774496,0,0
304587,0,0
-451109,0,0
-282800,0,0
66796,0,0
373638,0,0
374898,0,0
-348735,0,0
-193491,0,0
116789,0,0
485080,0,0
218574,0,0
-297375,0,0
-610315,0,0
-85686,0,0
786828,0,0
524181,0,0
12264,0,0
-75800,0,0
-223931,0,0
-76056,0,0
103956,0,0
-25204,0,0
86319,0,0
519896,0,0
-24669,0,0
-324571,0,0
-200282,0,0
197633,0,0
692564,0,0
239717,0,0
-448557,0,0
-395073,0,0
-11722,0,0
137816,0,0
512511,0,0
229750,0,0
87914,0,0
11811,0,0
-325900,0,0
-217303,0,0
-22143,0,0
118542,0,0
340977,0,0
488464,0,0
144355,0,0
-154078,0,0
-192869,0,0
35812,0,0
-118407,0,0
-368503,0,0
-102497,0,0
62417,0,0
229725,0,0
790700,0,0
23579,0,0
-1070058,0,0
-562494,0,0
229424,0,0
971041,0,0
601879,0,0
-873711,0,0
-397889,0,0
194302,0,0
-657960,0,0
-511433,0,0
-165726,0,0
92883,0,0
496693,0,0
159932,0,0
-601727,0,0
153651,0,0
261888,0,0
-71795,0,0
27585,0,0
-499777,0,0
-772706,0,0
-246692,0,0
187034,0,0
483201,0,0
724371,0,0
223106,0,0
13898,0,0
-174464,0,0
-251191,0,0
-110527,0,0
300488,0,0
514203,0,0
179422,0,0
582286,0,0
221590,0,0
-150314,0,0
314730,0,0
-104210,0,0
-196412,0,0
-65654,0,0
557474,0,0
605221,0,0
285609,0,0
74030,0,0
-84662,0,0
-218986,0,0
-303129,0,0
40058,0,0
401548,0,0
-10033,0,0
175211,0,0
440239,0,0
92193,0,0
-259680,0,0
-428195,0,0
-482694,0,0
-149020,0,0
175029,0,0
322892,0,0
-243801,0,0
-588323,0,0
-365880,0,0
-140503,0,0
-449620,0,0
-868863,0,0
-355578,0,0
739363,0,0
571172,0,0
-178261,0,0
-836444,0,0
-933034,0,0
-565070,0,0
-395864,0,0
276576,0,0
467781,0,0
222107,0,0
-526730,0,0
-610364,0,0
-352287,0,0
-128145,0,0
-170153,0,0
78823,0,0
16231,0,0
-623506,0,0
-662184,0,0
-265940,0,0
111632,0,0
442201,0,0
443470,0,0
-378911,0,0
-743099,0,0
-691131,0,0
-37253,0,0
35140,0,0
-117732,0,0
93534,0,0
171519,0,0
-40142,0,0
-233617,0,0
12315,0,0
-130587,0,0
184381,0,0
-38670,0,0
-149886,0,0
278407,0,0
240123,0,0
98585,0,0
617434,0,0
382489,0,0
-721229,0,0
-672408,0,0
-34573,0,0
990584,0,0
1089296,0,0
96,0,0
-362158,0,0
63277,0,0
717525,0,0
1018232,0,0
-51148,0,0
-495539,0,0
-317336,0,0
299433,0,0
412615,0,0
698885,0,0
257023,0,0
-393865,0,0
-268406,0,0
461734,0,0
133218,0,0
-161156,0,0
359570,0,0
-27034,0,0
-192370,0,0
-151171,0,0
-92900,0,0
11940,0,0
32190,0,0
-24712,0,0
-179792,0,0
-16693,0,0
-365575,0,0
-335612,0,0
-62449,0,0
-218994,0,0
118973,0,0
642449,0,0
166277,0,0
-688504,0,0
-1275025,0,0
-642312,0,0
853682,0,0
460572,0,0
-305527,0,0
-626756,0,0
-474043,0,0
61932,0,0
621234,0,0
54243,0,0
-106328,0,0
-14981,0,0
73190,0,0
45121,0,0
-208158,0,0
-73378,0,0
285544,0,0
431349,0,0
252110,0,0
184428,0,0
97486,0,0
370158,0,0
280886,0,0
219145,0,0
23263,0,0
151850,0,0
179973,0,0
233455,0,0
232960,0,0
67282,0,0
247405,0,0
-66456,0,0
-124706,0,0
27409,0,0
26814,0,0
818345,0,0
793101,0,0
-208050,0,0
-440004,0,0
-161527,0,0
192024,0,0
485585,0,0
300075,0,0
-249873,0,0
167692,0,0
238460,0,0
246328,0,0
579252,0,0
471382,0,0
27842,0,0
-239905,0,0
-278082,0,0
-77509,0,0
48470,0,0
262162,0,0
493842,0,0
301626,0,0
-760602,0,0
-841210,0,0
-72690,0,0
-141298,0,0
226009,0,0
504626,0,0
555836,0,0
271995,0,0
-158853,0,0
-1232420,0,0
-675927,0,0
571828,0,0
344513,0,0
189378,0,0
105212,0,0
-71768,0,0
-144793,0,0
289830,0,0
339206,0,0
614597,0,0
97723,0,0
-56377,0,0
153317,0,0
-256882,0,0
-34162,0,0
379077,0,0
-35362,0,0
170665,0,0
799267,0,0
612825,0,0
-564084,0,0
62827,0,0
321666,0,0
775881,0,0
407300,0,0
157527,0,0
51362,0,0
-90636,0,0
335046,0,0
563955,0,0
219824,0,0
207040,0,0
-34441,0,0
-90962,0,0
-40478,0,0
-50217,0,0
293189,0,0
135343,0,0
-870097,0,0
-850996,0,0
555590,0,0
591660,0,0
324211,0,0
263924,0,0
-488013,0,0
-913826,0,0
-689082,0,0
-323134,0,0
-107152,0,0
67451,0,0
37650,0,0
43017,0,0
147563,0,0
-408735,0,0
-828360,0,0
-883405,0,0
-334323,0,0
608918,0,0
207377,0,0
55911,0,0
-675273,0,0
-1552335,0,0
-1390102,0,0
-301868,0,0
52821,0,0
420937,0,0
606861,0,0
466862,0,0
-939166,0,0
-1279302,0,0
-868692,0,0
-625833,0,0
-310787,0,0
672738,0,0
49060,0,0
-654012,0,0
-199566,0,0
-434042,0,0
-2460900,0,0
-4137428,0,0
-2787383,0,0
355114,0,0
1964362,0,0
3565259,0,0
2639605,0,0
-3029457,0,0
-4310131,0,0
-3322720,0,0
-658423,0,0
1382509,0,0
1548857,0,0
1357968,0,0
1330143,0,0
1113472,0,0
962242,0,0
592723,0,0
595725,0,0
491512,0,0
574612,0,0
374307,0,0
511787,0,0
324768,0,0
-125529,0,0
-69832,0,0
71430,0,0
274492,0,0
254789,0,0
102129,0,0
-146472,0,0
-104740,0,0
58331,0,0
122391,0,0
-184852,0,0
-314516,0,0
66777,0,0
114675,0,0
2234,0,0
-56293,0,0
-66925,0,0
-16142,0,0
80425,0,0
5383,0,0
-198458,0,0
39150,0,0
18732,0,0
-96709,0,0
-214658,0,0
-218251,0,0
-203092,0,0
108239,0,0
13813,0,0
-259691,0,0
-381529,0,0
-359282,0,0
-107214,0,0
393199,0,0
-31852,0,0
-207930,0,0
-283187,0,0
-335251,0,0
137166,0,0
-17604,0,0
-154717,0,0
-275928,0,0
-136605,0,0
230437,0,0
-85637,0,0
-178714,0,0
-340117,0,0
-256960,0,0
710754,0,0
170573,0,0
-339644,0,0
-384388,0,0
-360676,0,0
50385,0,0
13068,0,0
-37994,0,0
185443,0,0
-342233,0,0
-394686,0,0
-698426,0,0
-173052,0,0
801421,0,0
370539,0,0
-125487,0,0
-44587,0,0
286769,0,0
-137746,0,0
-63120,0,0
327615,0,0
494710,0,0
-639956,0,0
-840510,0,0
442429,0,0
2124114,0,0
1610072,0,0
-129245,0,0
-1086956,0,0
-817084,0,0
487059,0,0
1171609,0,0
987970,0,0
817083,0,0
13280,0,0
-211265,0,0
122128,0,0
195320,0,0
113644,0,0
550447,0,0
385810,0,0
82470,0,0
195573,0,0
201479,0,0
118397,0,0
461001,0,0
350777,0,0
-155582,0,0
-208974,0,0
-182344,0,0
479333,0,0
583317,0,0
-138105,0,0
-186432,0,0
-108345,0,0
-332320,0,0
-125078,0,0
203284,0,0
74447,0,0
403501,0,0
294344,0,0
-105409,0,0
-230326,0,0
-257332,0,0
-186181,0,0
-85787,0,0
-42361,0,0
94665,0,0
529409,0,0
-36286,0,0
-36697,0,0
266561,0,0
-165374,0,0
-329863,0,0
21018,0,0
111845,0,0
136211,0,0
-49167,0,0
-278482,0,0
-160821,0,0
-150391,0,0
-204109,0,0
77829,0,0
569,0,0
-245056,0,0
-499677,0,0
-74914,0,0
150089,0,0
-776797,0,0
-1079744,0,0
-412220,0,0
-125335,0,0
-158754,0,0
-60426,0,0
470778,0,0
-247612,0,0
-772163,0,0
-1163088,0,0
-595877,0,0
255307,0,0
-744692,0,0
-210196,0,0
693795,0,0
-167666,0,0
-1144343,0,0
-180718,0,0
491003,0,0
1241300,0,0
880835,0,0
-959140,0,0
-600753,0,0
314424,0,0
307934,0,0
202036,0,0
379014,0,0
296162,0,0
13090,0,0
102519,0,0
321359,0,0
498617,0,0
474201,0,0
690474,0,0
-105220,0,0
-685733,0,0
-164511,0,0
359274,0,0
621224,0,0
80509,0,0
-133624,0,0
-452960,0,0
-71621,0,0
83533,0,0
-56302,0,0
-86627,0,0
-110595,0,0
15232,0,0
-32139,0,0
-178233,0,0
-459403,0,0
-101919,0,0
174892,0,0
-191182,0,0
6708,0,0
-243508,0,0
-245326,0,0
-452242,0,0
-263060,0,0
-139227,0,0
-42004,0,0
-102759,0,0
-59619,0,0
-355568,0,0
-520412,0,0
-204516,0,0
-132665,0,0
-116478,0,0
-827479,0,0
-386904,0,0
514721,0,0
209714,0,0
-655594,0,0
-75053,0,0
277498,0,0
48835,0,0
-433604,0,0
-581220,0,0
-201725,0,0
374797,0,0
396146,0,0
136271,0,0
-48497,0,0
-103001,0,0
-157025,0,0
-304708,0,0
-343589,0,0
-116747,0,0
316552,0,0
561776,0,0
177913,0,0
-644498,0,0
-728001,0,0
532750,0,0
1206301,0,0
-247890,0,0
-799990,0,0
-336396,0,0
110027,0,0
267419,0,0
326369,0,0
-57458,0,0
63655,0,0
428335,0,0
410331,0,0
-268425,0,0
