525414,0,0
680312,0,0
631911,0,0
338568,0,0
-58533,0,0
-191541,0,0
-192220,0,0
-205596,0,0
83472,0,0
316160,0,0
346033,0,0
378768,0,0
144473,0,0
-201656,0,0
-315251,0,0
-330556,0,0
-284258,0,0
-257687,0,0
162234,0,0
497116,0,0
589001,0,0
308472,0,0
-48794,0,0
-295108,0,0
-117401,0,0
-56561,0,0
-70769,0,0
246127,0,0
533543,0,0
563308,0,0
385143,0,0
143960,0,0
-172089,0,0
-315143,0,0
-246164,0,0
-131553,0,0
325635,0,0
672660,0,0
686579,0,0
421779,0,0
63124,0,0
-255636,0,0
-203594,0,0
-159503,0,0
-206786,0,0
237485,0,0
511615,0,0
460382,0,0
254062,0,0
-124922,0,0
-409740,0,0
-449428,0,0
-603818,0,0
-561401,0,0
-57185,0,0
232295,0,0
530238,0,0
307389,0,0
-89910,0,0
-414750,0,0
-357327,0,0
-433223,0,0
-271897,0,0
223725,0,0
401210,0,0
571875,0,0
447989,0,0
167133,0,0
-124619,0,0
-266099,0,0
-422819,0,0
-389104,0,0
-72858,0,0
292527,0,0
642900,0,0
584059,0,0
273212,0,0
-304539,0,0
-468020,0,0
-483984,0,0
-279165,0,0
9531,0,0
316006,0,0
547815,0,0
448441,0,0
172410,0,0
-214334,0,0
-426512,0,0
-555138,0,0
-596659,0,0
-411511,0,0
126189,0,0
421549,0,0
264756,0,0
-64148,0,0
-543530,0,0
-671168,0,0
-546921,0,0
-495122,0,0
-165389,0,0
387107,0,0
530715,0,0
399097,0,0
32413,0,0
-456083,0,0
-556295,0,0
-599456,0,0
-503121,0,0
-116830,0,0
307781,0,0
409226,0,0
311821,0,0
-55594,0,0
-523498,0,0
-709269,0,0
-746269,0,0
-614216,0,0
-379226,0,0
-1070,0,0
266420,0,0
265166,0,0
-70894,0,0
-504561,0,0
-776407,0,0
-911855,0,0
-733120,0,0
-469191,0,0
-75255,0,0
292832,0,0
280954,0,0
-62482,0,0
-427460,0,0
-601968,0,0
-576424,0,0
-492919,0,0
-331123,0,0
120529,0,0
514766,0,0
502758,0,0
237669,0,0
-88108,0,0
-332540,0,0
-429757,0,0
-334908,0,0
-100005,0,0
430149,0,0
536079,0,0
458164,0,0
169918,0,0
-92075,0,0
-227110,0,0
-191806,0,0
-319958,0,0
-241578,0,0
237417,0,0
392191,0,0
405068,0,0
129893,0,0
-228823,0,0
-574663,0,0
-629097,0,0
-645906,0,0
-334035,0,0
84830,0,0
164303,0,0
91533,0,0
-179557,0,0
-419634,0,0
-799274,0,0
-882546,0,0
-991911,0,0
-694842,0,0
-302964,0,0
-69222,0,0
118170,0,0
-74050,0,0
-427183,0,0
-836138,0,0
-869122,0,0
-790261,0,0
-678062,0,0
-322751,0,0
-304,0,0
151034,0,0
-131474,0,0
-480516,0,0
-808511,0,0
-840199,0,0
-771991,0,0
-722684,0,0
-394948,0,0
-32312,0,0
18724,0,0
-70083,0,0
-348766,0,0
-733117,0,0
-856352,0,0
-759790,0,0
-596680,0,0
-324680,0,0
-56026,0,0
19465,0,0
9615,0,0
-259826,0,0
-567504,0,0
-741361,0,0
-820635,0,0
-798090,0,0
-519117,0,0
-98177,0,0
181769,0,0
214488,0,0
-122772,0,0
-549653,0,0
-794743,0,0
-766716,0,0
-676026,0,0
-485202,0,0
-110651,0,0
139801,0,0
228142,0,0
-71601,0,0
-428088,0,0
-660369,0,0
-579900,0,0
-618879,0,0
-555018,0,0
-194575,0,0
94698,0,0
152474,0,0
22422,0,0
-308248,0,0
-595110,0,0
-700015,0,0
-724031,0,0
-691244,0,0
-290654,0,0
76955,0,0
191074,0,0
116706,0,0
-144689,0,0
-502165,0,0
-675568,0,0
-690644,0,0
-771385,0,0
-454646,0,0
-56306,0,0
129271,0,0
202157,0,0
-19088,0,0
-408403,0,0
-666362,0,0
-789885,0,0
-839354,0,0
-682961,0,0
-309337,0,0
68725,0,0
233931,0,0
145380,0,0
-231948,0,0
-623014,0,0
-762726,0,0
-822697,0,0
-699032,0,0
-393612,0,0
32226,0,0
185499,0,0
164905,0,0
-50127,0,0
-408774,0,0
-692971,0,0
-788653,0,0
-732757,0,0
-597192,0,0
-52260,0,0
221596,0,0
232273,0,0
121091,0,0
-237587,0,0
-599469,0,0
-695813,0,0
-766802,0,0
-608560,0,0
-148356,0,0
103687,0,0
273519,0,0
220751,0,0
-64918,0,0
-457350,0,0
-636320,0,0
-686360,0,0
-657851,0,0
-477849,0,0
-85119,0,0
223996,0,0
300792,0,0
92731,0,0
-323671,0,0
-582545,0,0
-639913,0,0
-654021,0,0
-636342,0,0
-234068,0,0
199672,0,0
326179,0,0
168858,0,0
-222727,0,0
-566995,0,0
-765445,0,0
-649419,0,0
-531489,0,0
-304964,0,0
46597,0,0
187646,0,0
295058,0,0
1367,0,0
-407876,0,0
-613047,0,0
-673755,0,0
-687795,0,0
-462503,0,0
-63928,0,0
289830,0,0
368712,0,0
104115,0,0
-246716,0,0
-607170,0,0
-591637,0,0
-661566,0,0
-529927,0,0
-52836,0,0
303012,0,0
275862,0,0
79494,0,0
-226653,0,0
-486510,0,0
-598792,0,0
-659193,0,0
-608157,0,0
-256669,0,0
137020,0,0
284952,0,0
156302,0,0
-88423,0,0
-474741,0,0
-692897,0,0
-699320,0,0
-694253,0,0
-511017,0,0
-139166,0,0
136194,0,0
203910,0,0
74286,0,0
-313511,0,0
-590764,0,0
-735670,0,0
-735707,0,0
-630208,0,0
-370692,0,0
-2509,0,0
218386,0,0
261094,0,0
-13975,0,0
-445325,0,0
-742548,0,0
-765757,0,0
-756542,0,0
-482066,0,0
192662,0,0
484760,0,0
308590,0,0
38029,0,0
-348541,0,0
-633870,0,0
-638833,0,0
-608592,0,0
-596036,0,0
-260396,0,0
130086,0,0
330033,0,0
269679,0,0
-48912,0,0
-421911,0,0
-588709,0,0
-702772,0,0
-670587,0,0
-503540,0,0
-65560,0,0
204119,0,0
281160,0,0
84586,0,0
-278109,0,0
-534842,0,0
-667652,0,0
-695806,0,0
-644125,0,0
-208013,0,0
134487,0,0
272335,0,0
198935,0,0
-79983,0,0
-472697,0,0
-736230,0,0
-736320,0,0
-610524,0,0
-339402,0,0
41601,0,0
249408,0,0
199335,0,0
-21785,0,0
-387835,0,0
-573278,0,0
-550614,0,0
-651686,0,0
-529865,0,0
-147914,0,0
207201,0,0
278935,0,0
181022,0,0
-137098,0,0
-461778,0,0
-654647,0,0
-676624,0,0
-600534,0,0
-342031,0,0
77734,0,0
226503,0,0
196898,0,0
-19347,0,0
-370551,0,0
-560575,0,0
-643402,0,0
-711560,0,0
-644209,0,0
-198753,0,0
136063,0,0
262310,0,0
119350,0,0
-243325,0,0
-526264,0,0
-487713,0,0
-483302,0,0
-637345,0,0
-395750,0,0
-71686,0,0
188487,0,0
227692,0,0
16325,0,0
-371494,0,0
-564837,0,0
-633581,0,0
-585787,0,0
-489538,0,0
-113605,0,0
209016,0,0
353810,0,0
210383,0,0
-186805,0,0
-488185,0,0
-598893,0,0
-608107,0,0
-577132,0,0
-191398,0,0
170673,0,0
412006,0,0
339500,0,0
-26407,0,0
-356012,0,0
-640081,0,0
-688168,0,0
-676103,0,0
-379143,0,0
81146,0,0
388868,0,0
385526,0,0
80746,0,0
-329992,0,0
-644239,0,0
-626677,0,0
-605928,0,0
-440501,0,0
-56679,0,0
283839,0,0
477887,0,0
270227,0,0
-202019,0,0
-526879,0,0
-597758,0,0
-646011,0,0
-551246,0,0
-168025,0,0
236023,0,0
496347,0,0
338146,0,0
-111875,0,0
-500952,0,0
-635130,0,0
-629111,0,0
-359247,0,0
-43352,0,0
333307,0,0
447152,0,0
287217,0,0
-61287,0,0
-401031,0,0
-558432,0,0
-462740,0,0
-425641,0,0
-272600,0,0
157768,0,0
334866,0,0
243504,0,0
-71797,0,0
-421229,0,0
-629108,0,0
-714444,0,0
-665106,0,0
-439766,0,0
-36625,0,0
170458,0,0
186703,0,0
26378,0,0
-279698,0,0
-517095,0,0
-675154,0,0
-783525,0,0
-687414,0,0
-248256,0,0
177075,0,0
294479,0,0
120594,0,0
-239347,0,0
-564194,0,0
-670940,0,0
-595475,0,0
-619698,0,0
-343899,0,0
4497,0,0
261107,0,0
234329,0,0
14137,0,0
-339455,0,0
-602851,0,0
-649827,0,0
-652972,0,0
-464074,0,0
-68189,0,0
246818,0,0
252723,0,0
130351,0,0
-254272,0,0
-632735,0,0
-733222,0,0
-708059,0,0
-577800,0,0
-266564,0,0
107526,0,0
314639,0,0
243541,0,0
-73228,0,0
-469016,0,0
-646591,0,0
-743781,0,0
-649177,0,0
-429276,0,0
-238,0,0
211638,0,0
236151,0,0
41585,0,0
-307144,0,0
-576551,0,0
-680875,0,0
-700572,0,0
-713452,0,0
-288690,0,0
73251,0,0
280953,0,0
195509,0,0
-111158,0,0
-518087,0,0
-713867,0,0
-636785,0,0
-609407,0,0
-390153,0,0
-16784,0,0
261295,0,0
246233,0,0
48541,0,0
-385956,0,0
-557054,0,0
-671652,0,0
-651344,0,0
-549225,0,0
-125177,0,0
288866,0,0
420756,0,0
206010,0,0
-225989,0,0
-544011,0,0
-683052,0,0
-640605,0,0
-560752,0,0
-204646,0,0
215374,0,0
335038,0,0
247860,0,0
-69244,0,0
-463642,0,0
-701592,0,0
-696843,0,0
-600071,0,0
-356214,0,0
-8814,0,0
200939,0,0
216892,0,0
5657,0,0
-400697,0,0
-664016,0,0
-619672,0,0
-553892,0,0
-510680,0,0
-176486,0,0
70914,0,0
140617,0,0
116282,0,0
-184722,0,0
-522598,0,0
-629767,0,0
-670358,0,0
-607318,0,0
-428102,0,0
-40477,0,0
192490,0,0
228305,0,0
42231,0,0
-329668,0,0
-634818,0,0
-721954,0,0
-633015,0,0
-584841,0,0
-225684,0,0
74305,0,0
103001,0,0
207961,0,0
-5510,0,0
-411433,0,0
-621868,0,0
-632694,0,0
-694660,0,0
-384763,0,0
52673,0,0
237394,0,0
288816,0,0
9215,0,0
-389579,0,0
-536692,0,0
-548342,0,0
-572049,0,0
-493745,0,0
-124687,0,0
210535,0,0
330248,0,0
179144,0,0
-159869,0,0
-493680,0,0
-628294,0,0
-560454,0,0
-491752,0,0
-183813,0,0
125396,0,0
259215,0,0
222515,0,0
-66941,0,0
-449679,0,0
-575411,0,0
-593591,0,0
-603833,0,0
-427356,0,0
30047,0,0
244028,0,0
319048,0,0
149351,0,0
-283713,0,0
-569499,0,0
-639825,0,0
-692995,0,0
-574407,0,0
-109932,0,0
303409,0,0
429265,0,0
178791,0,0
-243253,0,0
-560968,0,0
-658015,0,0
-663963,0,0
-595725,0,0
-224060,0,0
183502,0,0
442219,0,0
208337,0,0
-116930,0,0
-440598,0,0
-633733,0,0
-633938,0,0
-630182,0,0
-490889,0,0
-60645,0,0
229434,0,0
253776,0,0
91972,0,0
-333370,0,0
-639106,0,0
-679369,0,0
-721808,0,0
-634207,0,0
-235237,0,0
121057,0,0
166749,0,0
153781,0,0
-125360,0,0
-468402,0,0
-620172,0,0
-689776,0,0
-719768,0,0
-566184,0,0
-202147,0,0
204980,0,0
316138,0,0
128449,0,0
-271664,0,0
-637736,0,0
-754726,0,0
-674890,0,0
-687088,0,0
-323580,0,0
145487,0,0
270297,0,0
197912,0,0
-15501,0,0
-393850,0,0
-646473,0,0
-653521,0,0
-647707,0,0
-463782,0,0
-52983,0,0
244908,0,0
347685,0,0
189464,0,0
-247666,0,0
-514355,0,0
-611682,0,0
-668568,0,0
-559480,0,0
-223807,0,0
105051,0,0
445503,0,0
391558,0,0
-41334,0,0
-372465,0,0
-535586,0,0
-637815,0,0
-625529,0,0
-293195,0,0
120805,0,0
454811,0,0
429023,0,0
119009,0,0
-352096,0,0
-655626,0,0
-628905,0,0
-610503,0,0
-537550,0,0
-83149,0,0
312893,0,0
400876,0,0
188898,0,0
-260578,0,0
-645638,0,0
-649354,0,0
-588914,0,0
-595347,0,0
-196426,0,0
141154,0,0
237158,0,0
191496,0,0
-124266,0,0
-475398,0,0
-640577,0,0
-667984,0,0
-610800,0,0
-386993,0,0
-39999,0,0
269979,0,0
238075,0,0
582,0,0
-378505,0,0
-654163,0,0
-731164,0,0
-741292,0,0
-634946,0,0
-183481,0,0
261475,0,0
199368,0,0
144408,0,0
-147147,0,0
-547277,0,0
-673191,0,0
-657527,0,0
-645134,0,0
-365130,0,0
11099,0,0
219666,0,0
296822,0,0
68705,0,0
-360393,0,0
-586868,0,0
-648490,0,0
-614778,0,0
-476005,0,0
-116140,0,0
194277,0,0
268385,0,0
180880,0,0
-126554,0,0
-453813,0,0
-688432,0,0
-674955,0,0
-561568,0,0
-290121,0,0
119328,0,0
309554,0,0
287181,0,0
-31327,0,0
-437315,0,0
-631267,0,0
-595164,0,0
-658547,0,0
-454081,0,0
47732,0,0
248944,0,0
289065,0,0
170940,0,0
-223198,0,0
-549750,0,0
-669308,0,0
-718691,0,0
-586929,0,0
-161289,0,0
182804,0,0
409671,0,0
222224,0,0
-188193,0,0
-507246,0,0
-671860,0,0
-681134,0,0
-624254,0,0
-321235,0,0
20820,0,0
299692,0,0
251463,0,0
66764,0,0
-233744,0,0
-531544,0,0
-593683,0,0
-601134,0,0
-528917,0,0
-24925,0,0
464111,0,0
445854,0,0
135862,0,0
-309481,0,0
-641208,0,0
-615096,0,0
-613746,0,0
-559036,0,0
-145759,0,0
192461,0,0
374401,0,0
286144,0,0
-78999,0,0
-497300,0,0
-698473,0,0
-761766,0,0
-605086,0,0
-288495,0,0
37221,0,0
241285,0,0
225785,0,0
-37912,0,0
-383751,0,0
-649861,0,0
-781886,0,0
-765855,0,0
-672768,0,0
-239366,0,0
347946,0,0
443517,0,0
150569,0,0
-287135,0,0
-683972,0,0
-753926,0,0
-676772,0,0
-639453,0,0
-332389,0,0
108118,0,0
252914,0,0
206153,0,0
-14885,0,0
-386782,0,0
-572492,0,0
-692805,0,0
-726441,0,0
-524304,0,0
-100748,0,0
200802,0,0
318207,0,0
152068,0,0
-252447,0,0
-519539,0,0
-677252,0,0
-692664,0,0
-575136,0,0
-270649,0,0
80220,0,0
239536,0,0
163088,0,0
-73877,0,0
-439205,0,0
-691771,0,0
-696461,0,0
-717602,0,0
-542088,0,0
-120020,0,0
182109,0,0
266741,0,0
104358,0,0
-280116,0,0
-576706,0,0
-631905,0,0
-668405,0,0
-642724,0,0
-271301,0,0
173112,0,0
417377,0,0
280179,0,0
-118922,0,0
-472677,0,0
-616529,0,0
-653263,0,0
-474181,0,0
-374893,0,0
-113124,0,0
194638,0,0
313782,0,0
92247,0,0
-243366,0,0
-512005,0,0
-614685,0,0
-566239,0,0
-571352,0,0
-220765,0,0
156020,0,0
201599,0,0
248816,0,0
-26101,0,0
-481469,0,0
-579173,0,0
-591563,0,0
-696015,0,0
-435095,0,0
-77413,0,0
121956,0,0
322355,0,0
151964,0,0
-226150,0,0
-328217,0,0
-708625,0,0
-755645,0,0
-518832,0,0
-132998,0,0
207147,0,0
351473,0,0
193118,0,0
-164844,0,0
-534924,0,0
-708915,0,0
-551373,0,0
-471947,0,0
-281286,0,0
37489,0,0
205108,0,0
229434,0,0
-6240,0,0
-413306,0,0
-630200,0,0
-584671,0,0
-665460,0,0
-553863,0,0
-67487,0,0
185784,0,0
245104,0,0
128355,0,0
-267127,0,0
-565573,0,0
-633691,0,0
-724084,0,0
-652397,0,0
-305277,0,0
12221,0,0
205816,0,0
214199,0,0
-95136,0,0
-441609,0,0
-671952,0,0
-732619,0,0
-658330,0,0
-541212,0,0
-175171,0,0
153788,0,0
195332,0,0
102203,0,0
-182276,0,0
-511855,0,0
-606659,0,0
-696571,0,0
-743462,0,0
-345045,0,0
66121,0,0
198535,0,0
352373,0,0
107881,0,0
-438172,0,0
-627902,0,0
-668599,0,0
-637140,0,0
-358907,0,0
37210,0,0
231661,0,0
313692,0,0
141264,0,0
-200520,0,0
-489270,0,0
-603895,0,0
-545224,0,0
-485056,0,0
-196655,0,0
211640,0,0
432957,0,0
261387,0,0
-106756,0,0
-562204,0,0
-748712,0,0
-518257,0,0
-380878,0,0
-240976,0,0
121068,0,0
246962,0,0
195125,0,0
34049,0,0
-272763,0,0
-564950,0,0
-569228,0,0
-633997,0,0
-460247,0,0
2212,0,0
228119,0,0
310121,0,0
115507,0,0
-284977,0,0
-546151,0,0
-582437,0,0
-694954,0,0
-582392,0,0
-216900,0,0
71940,0,0
388620,0,0
257113,0,0
-140376,0,0
-535666,0,0
-688654,0,0
-635911,0,0
-436743,0,0
-184859,0,0
176407,0,0
354280,0,0
217658,0,0
-43061,0,0
-427387,0,0
-613790,0,0
-534612,0,0
-463852,0,0
-393104,0,0
44518,0,0
314219,0,0
354348,0,0
177235,0,0
-277872,0,0
-527693,0,0
-544970,0,0
-569743,0,0
-352410,0,0
122680,0,0
328119,0,0
319230,0,0
97892,0,0
-326011,0,0
-556206,0,0
-620466,0,0
-648841,0,0
-598399,0,0
-231747,0,0
111588,0,0
391393,0,0
228593,0,0
-152417,0,0
-432903,0,0
-691258,0,0
-771824,0,0
-676161,0,0
-318577,0,0
257287,0,0
440210,0,0
180762,0,0
-61440,0,0
-388348,0,0
-658476,0,0
-693182,0,0
-680049,0,0
-561603,0,0
-54026,0,0
222077,0,0
153108,0,0
63142,0,0
-289759,0,0
-677833,0,0
-760128,0,0
-786582,0,0
-776252,0,0
-378226,0,0
85731,0,0
182820,0,0
186375,0,0
-101773,0,0
-468360,0,0
-719985,0,0
-800192,0,0
-725677,0,0
-580099,0,0
-192700,0,0
180296,0,0
224481,0,0
140224,0,0
-100848,0,0
-448527,0,0
-600313,0,0
-618634,0,0
-648192,0,0
-296235,0,0
152796,0,0
335009,0,0
331457,0,0
82917,0,0
-293513,0,0
-328446,0,0
-337095,0,0
-477699,0,0
-179416,0,0
323745,0,0
564248,0,0
595698,0,0
304314,0,0
-116563,0,0
-211210,0,0
-313395,0,0
-349050,0,0
59912,0,0
533121,0,0
759992,0,0
674816,0,0
376156,0,0
53903,0,0
-24218,0,0
-59379,0,0
-32302,0,0
173207,0,0
475685,0,0
796929,0,0
823473,0,0
539278,0,0
131293,0,0
-154383,0,0
-356855,0,0
-290092,0,0
-242845,0,0
54195,0,0
516841,0,0
539855,0,0
295628,0,0
-139607,0,0
-560340,0,0
-602553,0,0
-396554,0,0
-239275,0,0
142020,0,0
419650,0,0
307467,0,0
131054,0,0
-240657,0,0
-627512,0,0
-671880,0,0
-724663,0,0
-684825,0,0
-144258,0,0
214825,0,0
232596,0,0
45975,0,0
-383280,0,0
-630763,0,0
-735534,0,0
-829967,0,0
-714057,0,0
-132739,0,0
263351,0,0
374780,0,0
212444,0,0
-194016,0,0
-546580,0,0
-734586,0,0
-832215,0,0
-557573,0,0
-65671,0,0
193122,0,0
300677,0,0
38185,0,0
-363327,0,0
-578524,0,0
-712431,0,0
-677510,0,0
-500690,0,0
-237773,0,0
143965,0,0
260145,0,0
58208,0,0
-229260,0,0
-515880,0,0
-751864,0,0
-636498,0,0
-591037,0,0
-412146,0,0
-29233,0,0
219569,0,0
143076,0,0
-78906,0,0
-473964,0,0
-723569,0,0
-600813,0,0
-791739,0,0
-522215,0,0
94794,0,0
355284,0,0
314011,0,0
23583,0,0
-441349,0,0
-543818,0,0
-420063,0,0
-648115,0,0
-423465,0,0
-31520,0,0
195650,0,0
338930,0,0
211459,0,0
-168835,0,0
-381720,0,0
-481822,0,0
-693594,0,0
-483977,0,0
-91132,0,0
220376,0,0
324333,0,0
93866,0,0
-284750,0,0
-536587,0,0
-675582,0,0
-698265,0,0
-557302,0,0
-192529,0,0
273419,0,0
395153,0,0
182699,0,0
-207516,0,0
-617758,0,0
-786193,0,0
-703645,0,0
-692918,0,0
-255995,0,0
276139,0,0
412975,0,0
259622,0,0
-129301,0,0
-596118,0,0
-778587,0,0
-701168,0,0
-679381,0,0
-302361,0,0
132265,0,0
236202,0,0
177568,0,0
-192232,0,0
-588665,0,0
-676615,0,0
-675322,0,0
-661844,0,0
-350569,0,0
-40526,0,0
118550,0,0
322928,0,0
1110,0,0
-454425,0,0
-740569,0,0
-766705,0,0
-673644,0,0
-323898,0,0
-2997,0,0
200651,0,0
245794,0,0
-44585,0,0
-347350,0,0
-634239,0,0
-781391,0,0
-706549,0,0
-666956,0,0
-311621,0,0
249122,0,0
298685,0,0
15493,0,0
-244088,0,0
-587158,0,0
-672056,0,0
-715254,0,0
-710497,0,0
-352120,0,0
213528,0,0
264158,0,0
231065,0,0
-43613,0,0
-514617,0,0
-672487,0,0
-705929,0,0
-681759,0,0
-337986,0,0
209743,0,0
348310,0,0
382706,0,0
158935,0,0
-261315,0,0
-402715,0,0
-570805,0,0
-547823,0,0
-197604,0,0
296558,0,0
704215,0,0
770055,0,0
480471,0,0
29724,0,0
-183908,0,0
-301681,0,0
-224617,0,0
55119,0,0
412775,0,0
746553,0,0
692400,0,0
340720,0,0
-80701,0,0
-556657,0,0
-519190,0,0
-237317,0,0
-247173,0,0
-52964,0,0
254097,0,0
293817,0,0
22315,0,0
-382078,0,0
-708062,0,0
-646793,0,0
-474090,0,0
-547523,0,0
-183050,0,0
67630,0,0
109410,0,0
95942,0,0
-232864,0,0
-589656,0,0
-735674,0,0
-807108,0,0
-831145,0,0
-332623,0,0
184195,0,0
471137,0,0
340435,0,0
-100412,0,0
-618787,0,0
-779414,0,0
-776196,0,0
-571102,0,0
-219794,0,0
110216,0,0
368839,0,0
251648,0,0
-114628,0,0
-519660,0,0
-745692,0,0
-752978,0,0
-587211,0,0
-380931,0,0
-38259,0,0
328796,0,0
246346,0,0
-4274,0,0
-439633,0,0
-675871,0,0
-683028,0,0
-556667,0,0
-486685,0,0
-42499,0,0
349430,0,0
288698,0,0
52106,0,0
-376258,0,0
-630272,0,0
-667333,0,0
-677594,0,0
-509073,0,0
7608,0,0
327389,0,0
310629,0,0
60907,0,0
-403001,0,0
-653702,0,0
-688029,0,0
-782594,0,0
-597550,0,0
-173427,0,0
66105,0,0
285846,0,0
177443,0,0
-275485,0,0
-631628,0,0
-790553,0,0
-773871,0,0
-607128,0,0
-297785,0,0
-56689,0,0
199490,0,0
201192,0,0
-48230,0,0
-403887,0,0
-675837,0,0
-749431,0,0
-726937,0,0
-433621,0,0
68027,0,0
453456,0,0
353593,0,0
39045,0,0
-418853,0,0
-768985,0,0
-793333,0,0
-715623,0,0
-541864,0,0
32584,0,0
430508,0,0
375066,0,0
131601,0,0
-368561,0,0
-738551,0,0
-721288,0,0
-725536,0,0
-595859,0,0
-134168,0,0
220890,0,0
367818,0,0
267624,0,0
-80627,0,0
-406382,0,0
-440437,0,0
-698802,0,0
-592066,0,0
-61288,0,0
293014,0,0
408240,0,0
230861,0,0
-86803,0,0
-417738,0,0
-480747,0,0
-547304,0,0
-328361,0,0
-87169,0,0
321822,0,0
436335,0,0
252884,0,0
-109331,0,0
-373521,0,0
-507290,0,0
-472614,0,0
-330615,0,0
-195614,0,0
144637,0,0
294210,0,0
156016,0,0
-136109,0,0
-481675,0,0
-703585,0,0
-716573,0,0
-756222,0,0
-577901,0,0
-84768,0,0
107806,0,0
171435,0,0
-9559,0,0
-401361,0,0
-692722,0,0
-736900,0,0
-840375,0,0
-755573,0,0
-316145,0,0
4452,0,0
165769,0,0
176473,0,0
-167124,0,0
-547468,0,0
-787021,0,0
-855067,0,0
-777374,0,0
-526406,0,0
-83431,0,0
266317,0,0
152221,0,0
-23315,0,0
-384877,0,0
-664811,0,0
-715448,0,0
-679678,0,0
-680127,0,0
-295273,0,0
126503,0,0
202744,0,0
163245,0,0
-149323,0,0
-411450,0,0
-462840,0,0
-454367,0,0
-681426,0,0
-393916,0,0
91984,0,0
393504,0,0
404856,0,0
128951,0,0
-214854,0,0
-384105,0,0
-605136,0,0
-620036,0,0
-117753,0,0
461682,0,0
677138,0,0
496361,0,0
67366,0,0
-377434,0,0
-569227,0,0
-449726,0,0
-415105,0,0
-455437,0,0
-123854,0,0
352192,0,0
364628,0,0
59710,0,0
-267423,0,0
-560766,0,0
-646051,0,0
-678396,0,0
-560274,0,0
-125729,0,0
310071,0,0
318228,0,0
150949,0,0
-211123,0,0
-602003,0,0
-692477,0,0
-773146,0,0
-741646,0,0
-309663,0,0
140583,0,0
237963,0,0
250934,0,0
-96016,0,0
-490459,0,0
-658989,0,0
-701830,0,0
-702916,0,0
-512046,0,0
-63124,0,0
230060,0,0
349075,0,0
70693,0,0
-352971,0,0
-624561,0,0
-695534,0,0
-742080,0,0
-678448,0,0
-229157,0,0
203679,0,0
249007,0,0
66781,0,0
-225947,0,0
-576980,0,0
-781503,0,0
-719823,0,0
-754936,0,0
-501727,0,0
-94689,0,0
111090,0,0
137285,0,0
14567,0,0
-430124,0,0
-722488,0,0
-748535,0,0
-754731,0,0
-668150,0,0
-387014,0,0
-41265,0,0
199702,0,0
208750,0,0
-126251,0,0
-484955,0,0
-767707,0,0
-714555,0,0
-587480,0,0
-496681,0,0
-66805,0,0
154562,0,0
247865,0,0
110435,0,0
-162379,0,0
-414292,0,0
-540354,0,0
-542115,0,0
-525241,0,0
-130461,0,0
226668,0,0
411892,0,0
302576,0,0
-79259,0,0
-454296,0,0
-556697,0,0
-627879,0,0
-645251,0,0
-213519,0,0
262688,0,0
474817,0,0
290640,0,0
-81985,0,0
-472487,0,0
-606188,0,0
-617674,0,0
-616144,0,0
-317954,0,0
18104,0,0
296394,0,0
316339,0,0
70414,0,0
-330258,0,0
-592283,0,0
-655065,0,0
-644411,0,0
-440014,0,0
-75448,0,0
250372,0,0
267642,0,0
138716,0,0
-192326,0,0
-523699,0,0
-629520,0,0
-598994,0,0
-628162,0,0
-260298,0,0
195784,0,0
363947,0,0
370090,0,0
80711,0,0
-339221,0,0
-576344,0,0
-634290,0,0
-671846,0,0
-295116,0,0
114488,0,0
303466,0,0
385420,0,0
65621,0,0
-358228,0,0
-543051,0,0
-529703,0,0
-633906,0,0
-397647,0,0
16733,0,0
390299,0,0
366726,0,0
26947,0,0
-319706,0,0
-471434,0,0
-467199,0,0
-623226,0,0
-522385,0,0
-112543,0,0
413973,0,0
436963,0,0
140154,0,0
-268492,0,0
-574742,0,0
-630309,0,0
-614351,0,0
-586105,0,0
-186870,0,0
263335,0,0
334966,0,0
217103,0,0
-138952,0,0
-515689,0,0
-631704,0,0
-720224,0,0
-715556,0,0
-313756,0,0
123746,0,0
255698,0,0
255699,0,0
-43760,0,0
-433201,0,0
-658164,0,0
-688462,0,0
-673394,0,0
-559649,0,0
-106005,0,0
305576,0,0
483374,0,0
171452,0,0
-317083,0,0
-645474,0,0
-652717,0,0
-606746,0,0
-550567,0,0
-191344,0,0
89639,0,0
267121,0,0
125306,0,0
-187426,0,0
-526039,0,0
-652780,0,0
-660144,0,0
-695895,0,0
-393003,0,0
176315,0,0
412009,0,0
253685,0,0
-19318,0,0
-406541,0,0
-662839,0,0
-692772,0,0
-697277,0,0
-333045,0,0
115467,0,0
376927,0,0
398278,0,0
156246,0,0
-307266,0,0
-598450,0,0
-618282,0,0
-682156,0,0
-531192,0,0
-159591,0,0
194033,0,0
349285,0,0
329973,0,0
29407,0,0
-448423,0,0
-722292,0,0
-692413,0,0
-550064,0,0
-157956,0,0
289813,0,0
412543,0,0
263814,0,0
-93823,0,0
-332638,0,0
-531493,0,0
-599220,0,0
-585802,0,0
-308910,0,0
157007,0,0
338270,0,0
311238,0,0
-11879,0,0
-340167,0,0
-608040,0,0
-661333,0,0
-657076,0,0
-374358,0,0
64639,0,0
238871,0,0
282562,0,0
-1889,0,0
-408086,0,0
-661487,0,0
-619264,0,0
-697024,0,0
-545719,0,0
-131917,0,0
134126,0,0
265327,0,0
108394,0,0
-258390,0,0
-625344,0,0
-688995,0,0
-715448,0,0
-611819,0,0
-285320,0,0
206307,0,0
373786,0,0
245962,0,0
-112157,0,0
-486681,0,0
-574201,0,0
-604875,0,0
-615055,0,0
-338107,0,0
211590,0,0
563919,0,0
480884,0,0
94476,0,0
-377988,0,0
-566761,0,0
-602744,0,0
-450179,0,0
-59752,0,0
497054,0,0
645564,0,0
517539,0,0
174839,0,0
-284043,0,0
-336726,0,0
-442580,0,0
-549221,0,0
-179489,0,0
458901,0,0
627159,0,0
453328,0,0
197558,0,0
-144458,0,0
-349139,0,0
-366212,0,0
-281490,0,0
-163938,0,0
130701,0,0
359510,0,0
511170,0,0
421485,0,0
154024,0,0
-169446,0,0
-367978,0,0
-569205,0,0
-507887,0,0
-144284,0,0
286080,0,0
409162,0,0
83435,0,0
-344147,0,0
-647121,0,0
-756936,0,0
-746828,0,0
-685594,0,0
-241341,0,0
148163,0,0
226576,0,0
93960,0,0
-245843,0,0
-643639,0,0
-759245,0,0
-715179,0,0
-733727,0,0
-383296,0,0
-56283,0,0
132852,0,0
131430,0,0
-77736,0,0
-471398,0,0
-739396,0,0
-791610,0,0
-798411,0,0
-586384,0,0
-120698,0,0
210172,0,0
226306,0,0
39897,0,0
-376962,0,0
-687602,0,0
-751332,0,0
-698378,0,0
-591900,0,0
-263086,0,0
90018,0,0
249385,0,0
196036,0,0
-162054,0,0
-497544,0,0
-680509,0,0
-693732,0,0
-591431,0,0
-315936,0,0
139294,0,0
320965,0,0
243728,0,0
-56265,0,0
-366511,0,0
-451886,0,0
-397912,0,0
-346015,0,0
-76505,0,0
361102,0,0
498289,0,0
370588,0,0
132802,0,0
-216325,0,0
-562932,0,0
-266707,0,0
-12773,0,0
92561,0,0
291706,0,0
414369,0,0
310825,0,0
109810,0,0
-234853,0,0
-404318,0,0
-280903,0,0
-303074,0,0
-85633,0,0
133756,0,0
369262,0,0
456926,0,0
238336,0,0
-239321,0,0
-502718,0,0
-649161,0,0
-625375,0,0
-392255,0,0
60718,0,0
436613,0,0
370934,0,0
35610,0,0
-426946,0,0
-634679,0,0
-748301,0,0
-744107,0,0
-511806,0,0
-30699,0,0
300725,0,0
327325,0,0
71140,0,0
-279304,0,0
-487302,0,0
-723495,0,0
-748310,0,0
-608277,0,0
-228064,0,0
154596,0,0
278363,0,0
101691,0,0
-251960,0,0
-587324,0,0
-707241,0,0
-757327,0,0
-679330,0,0
-299945,0,0
193585,0,0
307566,0,0
159173,0,0
-111625,0,0
-489276,0,0
-694173,0,0
-746084,0,0
-687204,0,0
-488052,0,0
90343,0,0
397371,0,0
360833,0,0
22484,0,0
-503377,0,0
-721542,0,0
-769123,0,0
-618866,0,0
-268489,0,0
208888,0,0
349155,0,0
402410,0,0
115680,0,0
-332558,0,0
-553866,0,0
-703154,0,0
-564570,0,0
-231632,0,0
231706,0,0
395143,0,0
309803,0,0
6044,0,0
-348372,0,0
-391835,0,0
-483059,0,0
-587940,0,0
-517855,0,0
-106181,0,0
363227,0,0
583937,0,0
370179,0,0
12488,0,0
-494676,0,0
-624107,0,0
-602830,0,0
-385109,0,0
98911,0,0
310483,0,0
383409,0,0
166735,0,0
-182472,0,0
-650034,0,0
-740251,0,0
-758456,0,0
-707285,0,0
-309299,0,0
86423,0,0
243208,0,0
70433,0,0
-273676,0,0
-633177,0,0
-810957,0,0
-884169,0,0
-872108,0,0
-567527,0,0
-129786,0,0
95078,0,0
78105,0,0
-110328,0,0
-438840,0,0
-697751,0,0
-839938,0,0
-762549,0,0
-790619,0,0
-395703,0,0
-5663,0,0
128364,0,0
125595,0,0
-160074,0,0
-492517,0,0
-655661,0,0
-724472,0,0
-717397,0,0
-398476,0,0
6843,0,0
261310,0,0
260861,0,0
12981,0,0
-425561,0,0
-620162,0,0
-511986,0,0
-633836,0,0
-503564,0,0
-85878,0,0
230053,0,0
215325,0,0
78313,0,0
-247506,0,0
-406894,0,0
-638703,0,0
-695345,0,0
-533686,0,0
-85662,0,0
264728,0,0
398179,0,0
273678,0,0
-64728,0,0
-435280,0,0
-576506,0,0
-406711,0,0
-340291,0,0
-4256,0,0
379777,0,0
477337,0,0
303246,0,0
40631,0,0
-390798,0,0
-587830,0,0
-395760,0,0
-326742,0,0
-158918,0,0
185126,0,0
340237,0,0
255535,0,0
8905,0,0
-462397,0,0
-622297,0,0
-544704,0,0
-625370,0,0
-386658,0,0
40712,0,0
222275,0,0
214830,0,0
-81685,0,0
-507164,0,0
-681643,0,0
-756170,0,0
-714241,0,0
-529303,0,0
-141335,0,0
83626,0,0
245015,0,0
105690,0,0
-286617,0,0
-583397,0,0
-782035,0,0
-774835,0,0
-661329,0,0
-261948,0,0
178341,0,0
345938,0,0
142524,0,0
-191833,0,0
-564999,0,0
-732742,0,0
-694441,0,0
-714569,0,0
-494291,0,0
-23078,0,0
342975,0,0
267696,0,0
21078,0,0
-434069,0,0
-713600,0,0
-769808,0,0
-730912,0,0
-494151,0,0
-50319,0,0
229771,0,0
315502,0,0
154636,0,0
-232721,0,0
-461674,0,0
-617515,0,0
-709979,0,0
-633819,0,0
-198235,0,0
464671,0,0
764701,0,0
577014,0,0
103635,0,0
-273709,0,0
-492286,0,0
-474794,0,0
-191291,0,0
291789,0,0
587057,0,0
748518,0,0
600089,0,0
245174,0,0
-103667,0,0
-355355,0,0
-383398,0,0
-410878,0,0
-161720,0,0
214114,0,0
363888,0,0
181152,0,0
-131797,0,0
-462309,0,0
-684411,0,0
-688388,0,0
-654197,0,0
-396886,0,0
-7610,0,0
172539,0,0
211266,0,0
-47135,0,0
-488632,0,0
-665584,0,0
-678321,0,0
-721243,0,0
-555963,0,0
-152729,0,0
137476,0,0
254835,0,0
24029,0,0
-379990,0,0
-574702,0,0
-718743,0,0
-765528,0,0
-636608,0,0
-227950,0,0
142796,0,0
294277,0,0
150814,0,0
-200357,0,0
-517879,0,0
-740354,0,0
-719368,0,0
-666164,0,0
-367077,0,0
75327,0,0
268304,0,0
218008,0,0
-57746,0,0
-442978,0,0
-622158,0,0
-716174,0,0
-667859,0,0
-364266,0,0
112497,0,0
346604,0,0
284274,0,0
-8196,0,0
-441630,0,0
-586977,0,0
-471973,0,0
-474256,0,0
-285272,0,0
189993,0,0
298150,0,0
305229,0,0
64490,0,0
-367841,0,0
-506995,0,0
-665320,0,0
-652134,0,0
-481072,0,0
-62306,0,0
213041,0,0
443766,0,0
287697,0,0
-147305,0,0
-440350,0,0
-669834,0,0
-654330,0,0
-288040,0,0
82498,0,0
358266,0,0
371551,0,0
117243,0,0
-193672,0,0
-401910,0,0
-376113,0,0
-214872,0,0
-228264,0,0
-20102,0,0
382473,0,0
513911,0,0
314046,0,0
12297,0,0
-380905,0,0
-520886,0,0
-462970,0,0
-470725,0,0
-43552,0,0
337046,0,0
350496,0,0
147239,0,0
-239060,0,0
-654047,0,0
-732966,0,0
-624318,0,0
-517954,0,0
-179870,0,0
100802,0,0
212120,0,0
181585,0,0
-134906,0,0
-519005,0,0
-552255,0,0
-517241,0,0
-474298,0,0
-150561,0,0
200138,0,0
361934,0,0
302517,0,0
-93295,0,0
-361297,0,0
-413165,0,0
-579762,0,0
-559369,0,0
-318924,0,0
28644,0,0
281944,0,0
238297,0,0
-85535,0,0
-423265,0,0
-673629,0,0
-702511,0,0
-637222,0,0
-448435,0,0
-87103,0,0
230973,0,0
298153,0,0
104742,0,0
-175079,0,0
-645586,0,0
-748742,0,0
-720746,0,0
-554123,0,0
66401,0,0
429135,0,0
441039,0,0
188360,0,0
-280805,0,0
-681596,0,0
-726186,0,0
-728410,0,0
-566920,0,0
-50661,0,0
269628,0,0
299502,0,0
105264,0,0
-280964,0,0
-481585,0,0
-356366,0,0
-634948,0,0
-649320,0,0
-90931,0,0
235341,0,0
385855,0,0
191440,0,0
-285263,0,0
-623654,0,0
-687289,0,0
-688145,0,0
-498227,0,0
-96202,0,0
194663,0,0
373310,0,0
148028,0,0
-254859,0,0
-532330,0,0
-707542,0,0
-649868,0,0
-643066,0,0
-349013,0,0
193088,0,0
464151,0,0
292863,0,0
-159250,0,0
-583629,0,0
-715676,0,0
-649662,0,0
-642866,0,0
-289173,0,0
284794,0,0
464256,0,0
290582,0,0
-11152,0,0
-466162,0,0
-690242,0,0
-528815,0,0
-499368,0,0
-259552,0,0
192223,0,0
370435,0,0
300450,0,0
-33125,0,0
-500399,0,0
-706328,0,0
-722154,0,0
-729592,0,0
-406539,0,0
237560,0,0
504598,0,0
501660,0,0
145841,0,0
-372051,0,0
-648129,0,0
-677620,0,0
-599343,0,0
-324027,0,0
52930,0,0
350518,0,0
353597,0,0
77927,0,0
-251851,0,0
-491771,0,0
-704803,0,0
-751788,0,0
-652137,0,0
-279712,0,0
168962,0,0
255524,0,0
130082,0,0
-171847,0,0
-559352,0,0
-729610,0,0
-696210,0,0
-690720,0,0
-379303,0,0
76216,0,0
212456,0,0
125310,0,0
-135060,0,0
-510740,0,0
-635994,0,0
-634535,0,0
-670055,0,0
-439796,0,0
-8193,0,0
172340,0,0
241083,0,0
-6414,0,0
-397564,0,0
-500372,0,0
-615089,0,0
-685997,0,0
-466204,0,0
-52106,0,0
228340,0,0
354193,0,0
101481,0,0
-277596,0,0
-520839,0,0
-722057,0,0
-685344,0,0
-520165,0,0
-96634,0,0
263809,0,0
250637,0,0
85041,0,0
-261795,0,0
-555821,0,0
-693502,0,0
-608418,0,0
-615389,0,0
-281168,0,0
154649,0,0
331165,0,0
129588,0,0
-154962,0,0
-513124,0,0
-620043,0,0
-535969,0,0
-598912,0,0
-260859,0,0
145916,0,0
214912,0,0
248627,0,0
-29550,0,0
-497421,0,0
-665569,0,0
-718881,0,0
-742328,0,0
-465893,0,0
-37543,0,0
253251,0,0
388905,0,0
69652,0,0
-442907,0,0
-623252,0,0
-622585,0,0
-654261,0,0
-596097,0,0
-200161,0,0
286354,0,0
396996,0,0
161389,0,0
-235779,0,0
-574188,0,0
-659778,0,0
-573806,0,0
-551659,0,0
-158186,0,0
331095,0,0
374873,0,0
233013,0,0
-69211,0,0
-450871,0,0
-599115,0,0
-439784,0,0
-446564,0,0
-121257,0,0
200788,0,0
304689,0,0
322379,0,0
80402,0,0
-338289,0,0
-573967,0,0
-630031,0,0
-614823,0,0
-113389,0,0
457661,0,0
673911,0,0
504844,0,0
86465,0,0
-245955,0,0
-335557,0,0
-353272,0,0
-414934,0,0
-89441,0,0
310397,0,0
540625,0,0
503924,0,0
123853,0,0
-152083,0,0
-300041,0,0
-481702,0,0
-443593,0,0
-195747,0,0
122690,0,0
482786,0,0
440662,0,0
149506,0,0
-116177,0,0
-363906,0,0
-343836,0,0
-303857,0,0
-237789,0,0
157594,0,0
360091,0,0
256417,0,0
91062,0,0
-175096,0,0
-570179,0,0
-606143,0,0
-509688,0,0
-497570,0,0
-99682,0,0
255031,0,0
276250,0,0
68804,0,0
-386766,0,0
-718071,0,0
-611229,0,0
-547016,0,0
-440967,0,0
2723,0,0
246752,0,0
314586,0,0
104118,0,0
-327711,0,0
-652443,0,0
-643370,0,0
-725367,0,0
-511658,0,0
-74323,0,0
178187,0,0
221654,0,0
35579,0,0
-344794,0,0
-635795,0,0
-734241,0,0
-821167,0,0
-716920,0,0
-373706,0,0
16934,0,0
292699,0,0
155729,0,0
-168010,0,0
-505227,0,0
-686814,0,0
-754506,0,0
-675553,0,0
-376962,0,0
130781,0,0
360736,0,0
241060,0,0
-23050,0,0
-408065,0,0
-717028,0,0
-634706,0,0
-561345,0,0
-261455,0,0
307841,0,0
477526,0,0
410396,0,0
153678,0,0
-187041,0,0
-393260,0,0
-312768,0,0
-418687,0,0
-166364,0,0
389968,0,0
563106,0,0
542507,0,0
221411,0,0
-264742,0,0
-526122,0,0
-800153,0,0
-708592,0,0
-185780,0,0
230361,0,0
379441,0,0
474763,0,0
207329,0,0
-205296,0,0
-445558,0,0
-550949,0,0
-598034,0,0
-138889,0,0
275048,0,0
575292,0,0
549773,0,0
184819,0,0
-230792,0,0
-568596,0,0
-728839,0,0
-651240,0,0
-422894,0,0
-131137,0,0
194895,0,0
244579,0,0
105152,0,0
-54910,0,0
-305530,0,0
-302498,0,0
-392075,0,0
-295796,0,0
170255,0,0
563914,0,0
487132,0,0
291988,0,0
32204,0,0
-228697,0,0
-309421,0,0
-316019,0,0
-175131,0,0
257032,0,0
521633,0,0
456494,0,0
258761,0,0
-164929,0,0
-536468,0,0
-453187,0,0
-466137,0,0
-401760,0,0
136856,0,0
367299,0,0
357801,0,0
99216,0,0
-380669,0,0
-623736,0,0
-578456,0,0
-655544,0,0
-458016,0,0
-120074,0,0
184712,0,0
339854,0,0
108247,0,0
-327587,0,0
-638989,0,0
-794793,0,0
-869809,0,0
-588356,0,0
-218223,0,0
102250,0,0
248054,0,0
89169,0,0
-291012,0,0
-456422,0,0
-580413,0,0
-589051,0,0
-458156,0,0
-115254,0,0
286547,0,0
401724,0,0
238894,0,0
-112009,0,0
-350389,0,0
-553205,0,0
-447069,0,0
-404565,0,0
-109584,0,0
374810,0,0
486452,0,0
412495,0,0
165103,0,0
-193526,0,0
-244898,0,0
-275950,0,0
-387455,0,0
135716,0,0
642994,0,0
625834,0,0
436398,0,0
37938,0,0
-400387,0,0
-388359,0,0
-368589,0,0
-271931,0,0
162216,0,0
413989,0,0
398719,0,0
247391,0,0
-183225,0,0
-514319,0,0
-573879,0,0
-729979,0,0
-608852,0,0
-34620,0,0
356697,0,0
479041,0,0
285075,0,0
-150302,0,0
-462964,0,0
-661410,0,0
-706158,0,0
-673326,0,0
-304022,0,0
154270,0,0
410369,0,0
265544,0,0
1202,0,0
-292876,0,0
-431335,0,0
-342434,0,0
-270808,0,0
9378,0,0
317938,0,0
513902,0,0
291621,0,0
-46126,0,0
-363679,0,0
-655196,0,0
-585920,0,0
-457546,0,0
-316102,0,0
17124,0,0
60780,0,0
-92839,0,0
-299274,0,0
-648033,0,0
-949367,0,0
-969666,0,0
-944501,0,0
-620307,0,0
-77297,0,0
185792,0,0
20840,0,0
-301798,0,0
-678281,0,0
-903863,0,0
-933613,0,0
-926190,0,0
-610116,0,0
-272933,0,0
-61690,0,0
18832,0,0
-87990,0,0
-358934,0,0
-607702,0,0
-806313,0,0
-950659,0,0
-757137,0,0
-439685,0,0
-63247,0,0
188787,0,0
121323,0,0
-202415,0,0
-538149,0,0
-731846,0,0
-749072,0,0
-735447,0,0
-540007,0,0
-44473,0,0
212689,0,0
195239,0,0
-38327,0,0
-465270,0,0
-736089,0,0
-605668,0,0
-653892,0,0
-528700,0,0
-7377,0,0
206846,0,0
175397,0,0
37599,0,0
-335995,0,0
-611245,0,0
-685252,0,0
-713106,0,0
-567948,0,0
-85406,0,0
212176,0,0
405024,0,0
232618,0,0
-219082,0,0
-658894,0,0
-740441,0,0
-804768,0,0
-615300,0,0
-205016,0,0
127857,0,0
360247,0,0
129039,0,0
-207303,0,0
-531405,0,0
-655869,0,0
-610778,0,0
-521296,0,0
-373177,0,0
-8568,0,0
283061,0,0
196536,0,0
-53088,0,0
-486417,0,0
-730245,0,0
-707337,0,0
-682256,0,0
-486510,0,0
19410,0,0
261968,0,0
178543,0,0
36012,0,0
-363537,0,0
-561211,0,0
-680537,0,0
-753522,0,0
-537228,0,0
-44495,0,0
198634,0,0
285022,0,0
93533,0,0
-339635,0,0
-638317,0,0
-713444,0,0
-656578,0,0
-579709,0,0
-338880,0,0
-67082,0,0
219651,0,0
240080,0,0
-60279,0,0
-431294,0,0
-739528,0,0
-820352,0,0
-700754,0,0
-363314,0,0
75839,0,0
398475,0,0
207996,0,0
-91042,0,0
-448448,0,0
-687240,0,0
-600730,0,0
-638826,0,0
-513960,0,0
-63588,0,0
178330,0,0
186476,0,0
119239,0,0
-277686,0,0
-646540,0,0
-697255,0,0
-749317,0,0
-636535,0,0
-270191,0,0
93478,0,0
220133,0,0
228639,0,0
-199579,0,0
-490988,0,0
-531518,0,0
-708246,0,0
-660584,0,0
-414235,0,0
5729,0,0
342564,0,0
439842,0,0
142453,0,0
-268416,0,0
-594126,0,0
-675147,0,0
-523283,0,0
-372320,0,0
-222,0,0
455245,0,0
552432,0,0
325054,0,0
-48169,0,0
-461840,0,0
-650694,0,0
-591101,0,0
-442511,0,0
151606,0,0
396166,0,0
369721,0,0
109699,0,0
-312734,0,0
-667452,0,0
-648849,0,0
-682472,0,0
-617114,0,0
-148270,0,0
184588,0,0
246550,0,0
167218,0,0
-189496,0,0
-543622,0,0
-645788,0,0
-685511,0,0
-592383,0,0
-158471,0,0
108005,0,0
314995,0,0
230169,0,0
-108157,0,0
-454663,0,0
-609798,0,0
-686170,0,0
-564163,0,0
-312317,0,0
-7042,0,0
312316,0,0
290602,0,0
97219,0,0
-112723,0,0
-303328,0,0
-457748,0,0
-381858,0,0
-302092,0,0
212535,0,0
562687,0,0
423083,0,0
145263,0,0
-279961,0,0
-569789,0,0
-625956,0,0
-548799,0,0
-425336,0,0
28380,0,0
238159,0,0
165202,0,0
-31140,0,0
-425483,0,0
-695170,0,0
-730312,0,0
-699262,0,0
-608559,0,0
-162451,0,0
54881,0,0
169849,0,0
118846,0,0
-255040,0,0
-606279,0,0
-801486,0,0
-853480,0,0
-734574,0,0
-393051,0,0
-1775,0,0
217733,0,0
160557,0,0
-81537,0,0
-389883,0,0
-735052,0,0
-797828,0,0
-772180,0,0
-617451,0,0
-102454,0,0
289862,0,0
257248,0,0
30452,0,0
-301287,0,0
-553343,0,0
-672106,0,0
-690973,0,0
-670385,0,0
-220747,0,0
135425,0,0
250322,0,0
263901,0,0
-104302,0,0
-475240,0,0
-604395,0,0
-667284,0,0
-611863,0,0
-262520,0,0
137905,0,0
292852,0,0
441341,0,0
84512,0,0
-417684,0,0
-596909,0,0
-607833,0,0
-541508,0,0
-332939,0,0
132398,0,0
410902,0,0
386939,0,0
132504,0,0
-165982,0,0
-338576,0,0
-457872,0,0
-440308,0,0
-383978,0,0
85323,0,0
434080,0,0
421029,0,0
150689,0,0
-191359,0,0
-470102,0,0
-549814,0,0
-583636,0,0
-543630,0,0
-69947,0,0
244071,0,0
290571,0,0
114733,0,0
-265947,0,0
-604829,0,0
-697835,0,0
-727939,0,0
-617043,0,0
-129374,0,0
149066,0,0
359157,0,0
228341,0,0
-109846,0,0
-493739,0,0
-566841,0,0
-663391,0,0
-589696,0,0
-31021,0,0
336179,0,0
583099,0,0
493384,0,0
155748,0,0
-305519,0,0
-475371,0,0
-507638,0,0
-421067,0,0
-196545,0,0
135594,0,0
395402,0,0
255554,0,0
-71534,0,0
-411787,0,0
-503690,0,0
-559725,0,0
-605292,0,0
-450230,0,0
-77492,0,0
336524,0,0
350261,0,0
19816,0,0
-475356,0,0
-769013,0,0
-733531,0,0
-683148,0,0
-528803,0,0
-15990,0,0
271848,0,0
137097,0,0
12035,0,0
-363974,0,0
-662795,0,0
-734074,0,0
-687766,0,0
-631700,0,0
-258330,0,0
-70870,0,0
84626,0,0
168270,0,0
-135786,0,0
-450435,0,0
-740887,0,0
-903673,0,0
-838457,0,0
-471811,0,0
-42397,0,0
124816,0,0
174251,0,0
-26613,0,0
-354799,0,0
-625041,0,0
-640338,0,0
-658326,0,0
-599172,0,0
-203558,0,0
210912,0,0
336797,0,0
214690,0,0
-123653,0,0
-503724,0,0
-596869,0,0
-606623,0,0
-550988,0,0
-171809,0,0
311210,0,0
341083,0,0
193364,0,0
-152230,0,0
-516115,0,0
-551449,0,0
-440277,0,0
-549317,0,0
-257021,0,0
89188,0,0
288947,0,0
340032,0,0
20511,0,0
-464065,0,0
-606448,0,0
-656591,0,0
-587080,0,0
-347371,0,0
39614,0,0
263319,0,0
261528,0,0
-48108,0,0
-386189,0,0
-590374,0,0
-604627,0,0
-584424,0,0
-510550,0,0
-120115,0,0
204270,0,0
303206,0,0
105304,0,0
-252430,0,0
-577525,0,0
-633056,0,0
-633363,0,0
-589792,0,0
-89913,0,0
216850,0,0
283804,0,0
154733,0,0
-228490,0,0
-575476,0,0
-657867,0,0
-629688,0,0
-633908,0,0
-268202,0,0
74464,0,0
278366,0,0
291295,0,0
-5736,0,0
-331524,0,0
-530123,0,0
-707842,0,0
-580288,0,0
23294,0,0
266925,0,0
378452,0,0
279160,0,0
-33443,0,0
-422335,0,0
-478330,0,0
-420775,0,0
-285125,0,0
-217654,0,0
37434,0,0
320190,0,0
308574,0,0
24104,0,0
-415623,0,0
-620466,0,0
-725387,0,0
-654463,0,0
-436058,0,0
-3046,0,0
314370,0,0
255746,0,0
36060,0,0
-393674,0,0
-660905,0,0
-707911,0,0
-682381,0,0
-532064,0,0
-84379,0,0
218905,0,0
252851,0,0
139399,0,0
-242768,0,0
-580827,0,0
-686568,0,0
-396558,0,0
-272988,0,0
12943,0,0
255856,0,0
389428,0,0
265950,0,0
-47878,0,0
-404882,0,0
-515863,0,0
-505936,0,0
-466502,0,0
-139660,0,0
170057,0,0
325020,0,0
176888,0,0
-127943,0,0
-435676,0,0
-495129,0,0
-628427,0,0
-664983,0,0
-323183,0,0
101117,0,0
511451,0,0
522487,0,0
123715,0,0
-446134,0,0
-639891,0,0
-624990,0,0
-642913,0,0
-352125,0,0
136064,0,0
409871,0,0
284745,0,0
-83589,0,0
-424163,0,0
-528754,0,0
-653918,0,0
-582580,0,0
-233508,0,0
161582,0,0
367636,0,0
277732,0,0
30537,0,0
-296672,0,0
-527333,0,0
-699856,0,0
-728860,0,0
-369862,0,0
-8545,0,0
225857,0,0
309048,0,0
142868,0,0
-162247,0,0
-567533,0,0
-754563,0,0
-799230,0,0
-523384,0,0
-135273,0,0
306905,0,0
351398,0,0
187044,0,0
-105470,0,0
-462841,0,0
-641884,0,0
-749796,0,0
-501915,0,0
-162086,0,0
248127,0,0
299866,0,0
130918,0,0
-209641,0,0
-547379,0,0
-764675,0,0
-765888,0,0
-597044,0,0
-250860,0,0
169193,0,0
375379,0,0
293139,0,0
-102120,0,0
-533395,0,0
-720992,0,0
-683790,0,0
-627894,0,0
-210309,0,0
241165,0,0
284635,0,0
183792,0,0
-130505,0,0
-401780,0,0
-619042,0,0
-439919,0,0
-511714,0,0
-326789,0,0
-968,0,0
240989,0,0
368685,0,0
144386,0,0
-256253,0,0
-468831,0,0
-453898,0,0
-495136,0,0
-164530,0,0
148193,0,0
465069,0,0
502803,0,0
241297,0,0
-152061,0,0
-465856,0,0
-474380,0,0
-474816,0,0
-312746,0,0
-50160,0,0
222602,0,0
321479,0,0
36352,0,0
-324199,0,0
-569462,0,0
-670685,0,0
-710733,0,0
-471116,0,0
-10160,0,0
251273,0,0
195575,0,0
5725,0,0
-345620,0,0
-490501,0,0
-662386,0,0
-754934,0,0
-527749,0,0
-48513,0,0
301910,0,0
308725,0,0
50704,0,0
-300245,0,0
-596353,0,0
-638337,0,0
-649953,0,0
-468749,0,0
-7668,0,0
406903,0,0
477793,0,0
240351,0,0
-100868,0,0
-354417,0,0
-312454,0,0
-360776,0,0
-265229,0,0
44104,0,0
311946,0,0
321633,0,0
122734,0,0
-268899,0,0
-633738,0,0
-731049,0,0
-763556,0,0
-692414,0,0
-372409,0,0
105612,0,0
326006,0,0
238471,0,0
-142640,0,0
-600371,0,0
-831735,0,0
-843385,0,0
-715363,0,0
-382930,0,0
177000,0,0
423382,0,0
238773,0,0
-147174,0,0
-539951,0,0
-768930,0,0
-696549,0,0
-598038,0,0
-460704,0,0
10906,0,0
249554,0,0
294468,0,0
36772,0,0
-341095,0,0
-666039,0,0
-734692,0,0
-729118,0,0
-508977,0,0
-55424,0,0
243520,0,0
250699,0,0
48562,0,0
-331909,0,0
-659124,0,0
-725619,0,0
-713337,0,0
-622326,0,0
-189376,0,0
221252,0,0
261896,0,0
65125,0,0
-228923,0,0
-487438,0,0
-421636,0,0
-612677,0,0
-643379,0,0
-281610,0,0
194236,0,0
468964,0,0
396888,0,0
6577,0,0
-399961,0,0
-519467,0,0
-661387,0,0
-530141,0,0
-213839,0,0
167073,0,0
329747,0,0
205069,0,0
-74501,0,0
-301561,0,0
-452335,0,0
-650417,0,0
-563162,0,0
-324373,0,0
162467,0,0
396107,0,0
255586,0,0
-40690,0,0
-417145,0,0
-628889,0,0
-557306,0,0
-466417,0,0
-297469,0,0
133692,0,0
443602,0,0
449912,0,0
209813,0,0
-230368,0,0
-481268,0,0
-447842,0,0
-409895,0,0
-130624,0,0
433463,0,0
640614,0,0
600127,0,0
418264,0,0
61316,0,0
-221242,0,0
-177002,0,0
-143300,0,0
69418,0,0
455227,0,0
605648,0,0
554442,0,0
259373,0,0
-270279,0,0
-406201,0,0
-404335,0,0
-456061,0,0
-207861,0,0
320433,0,0
600340,0,0
569959,0,0
205779,0,0
-305485,0,0
-572884,0,0
-651809,0,0
-500796,0,0
-356002,0,0
66516,0,0
306753,0,0
300021,0,0
16035,0,0
-258619,0,0
-492782,0,0
-782563,0,0
-748104,0,0
-426462,0,0
68168,0,0
317358,0,0
361356,0,0
127583,0,0
-247380,0,0
-590951,0,0
-722319,0,0
-679445,0,0
-408006,0,0
22900,0,0
308850,0,0
347429,0,0
119681,0,0
-265790,0,0
-706391,0,0
-782621,0,0
-737440,0,0
-634030,0,0
-140932,0,0
290347,0,0
419904,0,0
192665,0,0
-291987,0,0
-703098,0,0
-703550,0,0
-810942,0,0
-546337,0,0
-60457,0,0
183103,0,0
272131,0,0
161548,0,0
-182375,0,0
-297369,0,0
-405647,0,0
-669806,0,0
-680893,0,0
-272468,0,0
109829,0,0
246819,0,0
63385,0,0
-306904,0,0
-496388,0,0
-564066,0,0
-752575,0,0
-710175,0,0
-345358,0,0
90256,0,0
243530,0,0
136384,0,0
-193545,0,0
-598658,0,0
-797492,0,0
-731623,0,0
-453849,0,0
-164077,0,0
179879,0,0
273607,0,0
108279,0,0
-233683,0,0
-592473,0,0
-720929,0,0
-486239,0,0
-458619,0,0
-174025,0,0
373677,0,0
509519,0,0
337091,0,0
42720,0,0
-308275,0,0
-378359,0,0
-369998,0,0
-449955,0,0
-145302,0,0
297733,0,0
496623,0,0
377067,0,0
-24307,0,0
-583323,0,0
-768513,0,0
-771760,0,0
-781745,0,0
-498355,0,0
2371,0,0
376359,0,0
426812,0,0
57597,0,0
-425190,0,0
-564972,0,0
-749581,0,0
-605806,0,0
-246771,0,0
180109,0,0
390809,0,0
360336,0,0
4795,0,0
-370390,0,0
-620368,0,0
-791219,0,0
-735900,0,0
-436229,0,0
42178,0,0
337552,0,0
312779,0,0
-19274,0,0
-404685,0,0
-690238,0,0
-665633,0,0
-486033,0,0
-345273,0,0
-36114,0,0
157778,0,0
262742,0,0
68369,0,0
-371683,0,0
-727133,0,0
-744550,0,0
-723101,0,0
-594410,0,0
47978,0,0
466552,0,0
527676,0,0
299750,0,0
-167272,0,0
-626399,0,0
-623465,0,0
-534069,0,0
-365099,0,0
79625,0,0
379198,0,0
542169,0,0
422415,0,0
-46699,0,0
-389779,0,0
-443584,0,0
-524184,0,0
-471900,0,0
-129698,0,0
206211,0,0
252333,0,0
91801,0,0
-281581,0,0
-403264,0,0
-623277,0,0
-673451,0,0
-604186,0,0
-277791,0,0
128544,0,0
317002,0,0
209536,0,0
-119439,0,0
-406771,0,0
-626670,0,0
-601639,0,0
-448693,0,0
-143685,0,0
224393,0,0
297723,0,0
110178,0,0
-214540,0,0
-581170,0,0
-752845,0,0
-645802,0,0
-562511,0,0
-307656,0,0
129938,0,0
288321,0,0
137636,0,0
-157219,0,0
-556924,0,0
-716495,0,0
-735534,0,0
-714934,0,0
-344096,0,0
90762,0,0
187752,0,0
156401,0,0
-177984,0,0
-648233,0,0
-819793,0,0
-771856,0,0
-689459,0,0
-348080,0,0
-33082,0,0
27424,0,0
50829,0,0
-126155,0,0
-432421,0,0
-601835,0,0
-652695,0,0
-628664,0,0
-496745,0,0
-158535,0,0
51768,0,0
209483,0,0
21194,0,0
-323287,0,0
-588386,0,0
-699620,0,0
-660491,0,0
-635115,0,0
-265737,0,0
194438,0,0
315431,0,0
124675,0,0
-204462,0,0
-574313,0,0
-750106,0,0
-769515,0,0
-669330,0,0
-257793,0,0
117161,0,0
177528,0,0
144248,0,0
-132231,0,0
-498008,0,0
-602143,0,0
-636169,0,0
-691107,0,0
-474343,0,0
-122620,0,0
197311,0,0
252638,0,0
65112,0,0
-354596,0,0
-557762,0,0
-515781,0,0
-544095,0,0
-375414,0,0
-13299,0,0
237726,0,0
291229,0,0
78014,0,0
-246036,0,0
-418536,0,0
-519530,0,0
-599011,0,0
-515943,0,0
-88562,0,0
267187,0,0
303261,0,0
127379,0,0
-213347,0,0
-573551,0,0
-645841,0,0
-530870,0,0
-353437,0,0
-45647,0,0
234443,0,0
259038,0,0
141524,0,0
-179904,0,0
-592775,0,0
-665812,0,0
-620209,0,0
-640713,0,0
-244069,0,0
120953,0,0
268423,0,0
246458,0,0
-101382,0,0
-530350,0,0
-632741,0,0
-742161,0,0
-750581,0,0
-338355,0,0
213112,0,0
416662,0,0
360791,0,0
-16053,0,0
-415969,0,0
-549204,0,0
-698673,0,0
-662649,0,0
-334854,0,0
18817,0,0
277041,0,0
233978,0,0
-41584,0,0
-381381,0,0
-649382,0,0
-832869,0,0
-731861,0,0
-528944,0,0
-16949,0,0
305693,0,0
205045,0,0
33412,0,0
-300100,0,0
-667133,0,0
-725279,0,0
-669872,0,0
-674611,0,0
-304191,0,0
247812,0,0
456090,0,0
321534,0,0
-138346,0,0
-653034,0,0
-734478,0,0
-726258,0,0
-625459,0,0
-234226,0,0
91402,0,0
149096,0,0
257553,0,0
22140,0,0
-408877,0,0
-627307,0,0
-687002,0,0
-591867,0,0
-352282,0,0
103580,0,0
377372,0,0
382386,0,0
7204,0,0
-417118,0,0
-535863,0,0
-643283,0,0
-525064,0,0
-226046,0,0
160772,0,0
433828,0,0
399447,0,0
111026,0,0
-236514,0,0
-493870,0,0
-565343,0,0
-456870,0,0
-369377,0,0
39787,0,0
312078,0,0
304308,0,0
74347,0,0
-335976,0,0
-629183,0,0
-653369,0,0
-717332,0,0
-653083,0,0
-21522,0,0
380137,0,0
291339,0,0
111062,0,0
-269188,0,0
-583769,0,0
-595007,0,0
-646668,0,0
-574761,0,0
-106357,0,0
193714,0,0
283915,0,0
162851,0,0
-228845,0,0
-522290,0,0
-578128,0,0
-573929,0,0
-454096,0,0
-224006,0,0
51241,0,0
231398,0,0
227076,0,0
-90114,0,0
-352148,0,0
-452860,0,0
-584770,0,0
-508432,0,0
-243838,0,0
168045,0,0
389967,0,0
242470,0,0
-32896,0,0
-343454,0,0
-624277,0,0
-619553,0,0
-567874,0,0
-316678,0,0
132399,0,0
340048,0,0
198373,0,0
-65998,0,0
-467318,0,0
-727572,0,0
-686360,0,0
-686539,0,0
-464017,0,0
23816,0,0
357611,0,0
315627,0,0
-10121,0,0
-454553,0,0
-719494,0,0
-650438,0,0
-613152,0,0
-267103,0,0
213119,0,0
303783,0,0
259797,0,0
17466,0,0
-429952,0,0
-612886,0,0
-500526,0,0
-599873,0,0
-538874,0,0
-157746,0,0
168459,0,0
288801,0,0
144898,0,0
-187895,0,0
-340768,0,0
-411571,0,0
-537032,0,0
-539285,0,0
-242313,0,0
254898,0,0
458999,0,0
288828,0,0
-78794,0,0
-491515,0,0
-683911,0,0
-610928,0,0
-563051,0,0
-209403,0,0
308132,0,0
372621,0,0
177333,0,0
-138147,0,0
-513433,0,0
-644200,0,0
-537327,0,0
-490994,0,0
-89888,0,0
280512,0,0
284963,0,0
177487,0,0
-120839,0,0
-483162,0,0
-589883,0,0
-658155,0,0
-681367,0,0
-384033,0,0
49491,0,0
244010,0,0
274323,0,0
-15876,0,0
-409417,0,0
-623373,0,0
-730803,0,0
-741100,0,0
-404043,0,0
-10657,0,0
271334,0,0
327815,0,0
39677,0,0
-372256,0,0
-654370,0,0
-718121,0,0
-705876,0,0
-496378,0,0
-141365,0,0
271474,0,0
434163,0,0
178369,0,0
-224469,0,0
-584830,0,0
-516506,0,0
-339464,0,0
-333945,0,0
41339,0,0
473526,0,0
460892,0,0
211957,0,0
-119073,0,0
-483799,0,0
-444590,0,0
-520873,0,0
-488610,0,0
-67301,0,0
307985,0,0
330811,0,0
203169,0,0
-200636,0,0
-633638,0,0
-637952,0,0
-699128,0,0
-597562,0,0
-159053,0,0
156161,0,0
263490,0,0
134473,0,0
-247282,0,0
-470776,0,0
-325288,0,0
-541550,0,0
-614139,0,0
-349378,0,0
-111155,0,0
176698,0,0
203958,0,0
-86064,0,0
-393683,0,0
-641804,0,0
-798305,0,0
-660772,0,0
-488777,0,0
-19415,0,0
357037,0,0
198498,0,0
-72052,0,0
-404526,0,0
-645731,0,0
-677032,0,0
-642181,0,0
-503571,0,0
-49099,0,0
213971,0,0
246007,0,0
73856,0,0
-334850,0,0
-693872,0,0
-689216,0,0
-731891,0,0
-671635,0,0
-28902,0,0
348974,0,0
364840,0,0
156730,0,0
-190383,0,0
-533298,0,0
-613001,0,0
-662179,0,0
-496641,0,0
-45497,0,0
198329,0,0
394860,0,0
282802,0,0
-53642,0,0
-465058,0,0
-628648,0,0
-667291,0,0
-541006,0,0
-256635,0,0
120482,0,0
416542,0,0
352974,0,0
99634,0,0
-308669,0,0
-516126,0,0
-640397,0,0
-466231,0,0
-308582,0,0
89805,0,0
343097,0,0
233663,0,0
-27682,0,0
-409917,0,0
-509995,0,0
-286335,0,0
-349658,0,0
-325886,0,0
72297,0,0
188442,0,0
196084,0,0
73614,0,0
-245197,0,0
-348174,0,0
-369544,0,0
-491309,0,0
-302748,0,0
217892,0,0
425230,0,0
355422,0,0
33033,0,0
-423122,0,0
-529669,0,0
-607512,0,0
-682676,0,0
-438214,0,0
-65130,0,0
123913,0,0
216165,0,0
31555,0,0
-397780,0,0
-633027,0,0
-826763,0,0
-814725,0,0
-413640,0,0
-32686,0,0
123441,0,0
190588,0,0
67675,0,0
-270166,0,0
-580587,0,0
-771711,0,0
-767291,0,0
-667159,0,0
-326448,0,0
191574,0,0
338070,0,0
179594,0,0
-110653,0,0
-528696,0,0
-742738,0,0
-659385,0,0
-702643,0,0
-435962,0,0
21467,0,0
227738,0,0
252751,0,0
-9797,0,0
-460186,0,0
-609316,0,0
-663439,0,0
-750193,0,0
-468336,0,0
-41146,0,0
237798,0,0
244350,0,0
40516,0,0
-376980,0,0
-589861,0,0
-679707,0,0
-741098,0,0
-484553,0,0
-59900,0,0
258859,0,0
358562,0,0
140583,0,0
-200990,0,0
-417137,0,0
-642794,0,0
-654386,0,0
-516149,0,0
-210455,0,0
236580,0,0
357088,0,0
214465,0,0
-88492,0,0
-389700,0,0
-614984,0,0
-666388,0,0
-648428,0,0
-358872,0,0
150967,0,0
262024,0,0
255655,0,0
-55403,0,0
-473443,0,0
-689550,0,0
-525856,0,0
-690984,0,0
-439932,0,0
162474,0,0
310658,0,0
283513,0,0
21524,0,0
-380452,0,0
-580832,0,0
-669346,0,0
-681475,0,0
-401115,0,0
-21471,0,0
253023,0,0
430626,0,0
184257,0,0
-217852,0,0
-600174,0,0
-694157,0,0
-654411,0,0
-414166,0,0
-138653,0,0
210143,0,0
364464,0,0
91831,0,0
-285885,0,0
-651030,0,0
-759977,0,0
-746493,0,0
-581602,0,0
-247343,0,0
185845,0,0
279656,0,0
92558,0,0
-141473,0,0
-490657,0,0
-612498,0,0
-631718,0,0
-638907,0,0
-355561,0,0
108608,0,0
346050,0,0
325435,0,0
14135,0,0
-431033,0,0
-467202,0,0
-673830,0,0
-687641,0,0
-348746,0,0
57978,0,0
284475,0,0
328655,0,0
30422,0,0
-380727,0,0
-566277,0,0
-665361,0,0
-631734,0,0
-513300,0,0
-116411,0,0
241385,0,0
393559,0,0
119221,0,0
-272536,0,0
-544378,0,0
-671921,0,0
-640552,0,0
-560259,0,0
-249092,0,0
190658,0,0
351023,0,0
181429,0,0
-78841,0,0
-462894,0,0
-611392,0,0
-579830,0,0
-570942,0,0
-247074,0,0
218478,0,0
367491,0,0
231713,0,0
-63026,0,0
-489379,0,0
-635283,0,0
-519734,0,0
-419124,0,0
5979,0,0
334705,0,0
461630,0,0
348963,0,0
30671,0,0
-331956,0,0
-390775,0,0
-365835,0,0
-433671,0,0
-56531,0,0
338258,0,0
577671,0,0
522575,0,0
222658,0,0
-157904,0,0
-327424,0,0
-476269,0,0
-286653,0,0
44010,0,0
332531,0,0
604317,0,0
530580,0,0
226438,0,0
-236095,0,0
-535156,0,0
-687552,0,0
-634412,0,0
-516326,0,0
-146681,0,0
229042,0,0
195074,0,0
35307,0,0
-294625,0,0
-486727,0,0
-732182,0,0
-673573,0,0
-284425,0,0
218613,0,0
452536,0,0
307987,0,0
19878,0,0
-383194,0,0
-572517,0,0
-430558,0,0
-423987,0,0
-497457,0,0
-82257,0,0
217810,0,0
235123,0,0
125786,0,0
-326350,0,0
-628467,0,0
-679882,0,0
-703838,0,0
-606265,0,0
-3000,0,0
262186,0,0
351304,0,0
116003,0,0
-319220,0,0
-637921,0,0
-699008,0,0
-721322,0,0
-577806,0,0
-131136,0,0
62481,0,0
239658,0,0
89835,0,0
-271820,0,0
-518653,0,0
-666072,0,0
-787825,0,0
-663060,0,0
-266779,0,0
115109,0,0
312384,0,0
163784,0,0
-129243,0,0
-480360,0,0
-733108,0,0
-696201,0,0
-673667,0,0
-409008,0,0
61137,0,0
197812,0,0
125726,0,0
12163,0,0
-355195,0,0
-686500,0,0
-690177,0,0
-661940,0,0
-492982,0,0
-73028,0,0
125827,0,0
202736,0,0
145780,0,0
-245520,0,0
-492788,0,0
-531868,0,0
-727194,0,0
-580173,0,0
-155634,0,0
140177,0,0
329179,0,0
204634,0,0
-135517,0,0
-434405,0,0
-625100,0,0
-784626,0,0
-611053,0,0
-246557,0,0
216798,0,0
356897,0,0
137961,0,0
-175584,0,0
-412401,0,0
-608414,0,0
-754173,0,0
-650366,0,0
-363570,0,0
133531,0,0
324630,0,0
225424,0,0
-90429,0,0
-483121,0,0
-711239,0,0
-724403,0,0
-660595,0,0
-475399,0,0
-6086,0,0
182036,0,0
289465,0,0
51351,0,0
-318740,0,0
-510299,0,0
-548522,0,0
-720825,0,0
-469982,0,0
104806,0,0
316457,0,0
334143,0,0
95316,0,0
-304937,0,0
-573877,0,0
-608924,0,0
-713898,0,0
-552208,0,0
-145763,0,0
167733,0,0
453402,0,0
228317,0,0
-208012,0,0
-614321,0,0
-707707,0,0
-734910,0,0
-605737,0,0
-288363,0,0
184327,0,0
365397,0,0
163686,0,0
-155723,0,0
-559205,0,0
-682018,0,0
-468722,0,0
-601846,0,0
-425720,0,0
22545,0,0
281245,0,0
221577,0,0
-38756,0,0
-433705,0,0
-604508,0,0
-640681,0,0
-596685,0,0
-351954,0,0
50788,0,0
204840,0,0
258765,0,0
88767,0,0
-287207,0,0
-486539,0,0
-629733,0,0
-695459,0,0
-518849,0,0
-127618,0,0
238593,0,0
415211,0,0
138594,0,0
-260579,0,0
-571826,0,0
-702016,0,0
-589026,0,0
-302046,0,0
126032,0,0
437059,0,0
524308,0,0
274755,0,0
-127123,0,0
-499889,0,0
-634560,0,0
-609366,0,0
-546012,0,0
-150830,0,0
288478,0,0
480562,0,0
195867,0,0
-222007,0,0
-539015,0,0
-587852,0,0
-445641,0,0
-586774,0,0
-259180,0,0
120036,0,0
342331,0,0
246078,0,0
-56250,0,0
-459410,0,0
-628568,0,0
-649345,0,0
-670821,0,0
-270216,0,0
113192,0,0
279299,0,0
222113,0,0
-84510,0,0
-472853,0,0
-629967,0,0
-710809,0,0
-734380,0,0
-451521,0,0
-134779,0,0
175133,0,0
265540,0,0
13208,0,0
-400143,0,0
-625110,0,0
-645584,0,0
-693729,0,0
-601358,0,0
-237856,0,0
103667,0,0
218403,0,0
118619,0,0
-207378,0,0
-548875,0,0
-801711,0,0
-696988,0,0
-556184,0,0
-305675,0,0
55630,0,0
129307,0,0
193815,0,0
-45531,0,0
-420614,0,0
-691969,0,0
-632464,0,0
-734796,0,0
-453541,0,0
38441,0,0
198479,0,0
298888,0,0
127579,0,0
-185008,0,0
-470772,0,0
-593320,0,0
-762817,0,0
-515900,0,0
-122883,0,0
192367,0,0
402912,0,0
171649,0,0
-213350,0,0
-559107,0,0
-664241,0,0
-667587,0,0
-596699,0,0
-293884,0,0
73378,0,0
253911,0,0
156506,0,0
-70592,0,0
-482283,0,0
-654288,0,0
-725804,0,0
-707002,0,0
-552249,0,0
-48427,0,0
154320,0,0
178086,0,0
109709,0,0
-277592,0,0
-517052,0,0
-690015,0,0
-756453,0,0
-666533,0,0
-265818,0,0
59074,0,0
284439,0,0
235919,0,0
-141015,0,0
-492282,0,0
-730367,0,0
-748164,0,0
-716162,0,0
-519832,0,0
-180072,0,0
153638,0,0
284677,0,0
20977,0,0
-344840,0,0
-674006,0,0
-738933,0,0
-733685,0,0
-692069,0,0
-346564,0,0
80659,0,0
200503,0,0
161822,0,0
-70170,0,0
-493422,0,0
-710513,0,0
-741564,0,0
-709962,0,0
-515717,0,0
-107787,0,0
91497,0,0
189209,0,0
98827,0,0
-214035,0,0
-480602,0,0
-693622,0,0
-753844,0,0
-727838,0,0
-423558,0,0
-38736,0,0
219730,0,0
274114,0,0
100763,0,0
-307737,0,0
-576327,0,0
-703067,0,0
-749848,0,0
-602942,0,0
-200835,0,0
157525,0,0
251795,0,0
187938,0,0
-179652,0,0
-526885,0,0
-625059,0,0
-627203,0,0
-633885,0,0
-412989,0,0
-91337,0,0
196880,0,0
293462,0,0
60950,0,0
-314508,0,0
-621165,0,0
-726221,0,0
-677406,0,0
-549654,0,0
-184039,0,0
85331,0,0
201850,0,0
134773,0,0
-94384,0,0
-479183,0,0
-687917,0,0
-676906,0,0
-653333,0,0
-420260,0,0
22743,0,0
227363,0,0
202761,0,0
133134,0,0
-255427,0,0
-612194,0,0
-703686,0,0
-690475,0,0
-618151,0,0
-323895,0,0
129777,0,0
302845,0,0
235606,0,0
-123108,0,0
-479454,0,0
-651948,0,0
-775411,0,0
-689302,0,0
-555841,0,0
-184156,0,0
125260,0,0
345348,0,0
223264,0,0
-200890,0,0
-642482,0,0
-729283,0,0
-624490,0,0
-667348,0,0
-366539,0,0
56585,0,0
358768,0,0
264290,0,0
-22388,0,0
-404507,0,0
-632825,0,0
-634187,0,0
-612448,0,0
-480378,0,0
-160918,0,0
156818,0,0
333370,0,0
225794,0,0
-128702,0,0
-524470,0,0
-679503,0,0
-661142,0,0
-620343,0,0
-376180,0,0
161166,0,0
415276,0,0
229207,0,0
-54902,0,0
-406420,0,0
-653040,0,0
-692383,0,0
-631712,0,0
-552724,0,0
-111400,0,0
174178,0,0
270276,0,0
140826,0,0
-174117,0,0
-536816,0,0
-627529,0,0
-630819,0,0
-648547,0,0
-353922,0,0
45641,0,0
288746,0,0
255310,0,0
46788,0,0
-330695,0,0
-557846,0,0
-702644,0,0
-645557,0,0
-506638,0,0
-119136,0,0
276312,0,0
328553,0,0
232801,0,0
-135816,0,0
-472700,0,0
-635500,0,0
-632705,0,0
-626390,0,0
-303383,0,0
189765,0,0
365647,0,0
274262,0,0
-16785,0,0
-341712,0,0
-658099,0,0
-645738,0,0
-653381,0,0
-533951,0,0
-76560,0,0
222179,0,0
352638,0,0
206112,0,0
-182073,0,0
-569070,0,0
-688811,0,0
-754383,0,0
-639956,0,0
-289570,0,0
156731,0,0
396123,0,0
351602,0,0
72867,0,0
-385001,0,0
-631413,0,0
-740449,0,0
-584330,0,0
-384879,0,0
54007,0,0
317236,0,0
292629,0,0
136298,0,0
-212193,0,0
-470100,0,0
-578164,0,0
-588330,0,0
-519563,0,0
-106590,0,0
153606,0,0
330936,0,0
269850,0,0
-110964,0,0
-477952,0,0
-541111,0,0
-493888,0,0
-606499,0,0
-350405,0,0
61940,0,0
309376,0,0
287125,0,0
-27916,0,0
-415625,0,0
-629822,0,0
-642399,0,0
-662686,0,0
-473155,0,0
3005,0,0
254756,0,0
318994,0,0
138644,0,0
-249401,0,0
-556645,0,0
-657263,0,0
-596940,0,0
-586389,0,0
-203636,0,0
196649,0,0
298680,0,0
263939,0,0
-69788,0,0
-504622,0,0
-608244,0,0
-578531,0,0
-549373,0,0
-304564,0,0
152744,0,0
316282,0,0
265102,0,0
64532,0,0
-322884,0,0
-595705,0,0
-596773,0,0
-603376,0,0
-395376,0,0
48207,0,0
301204,0,0
400140,0,0
91555,0,0
-347617,0,0
-584366,0,0
-604178,0,0
-467062,0,0
-416307,0,0
-28118,0,0
232880,0,0
327313,0,0
141622,0,0
-195076,0,0
-406596,0,0
-557249,0,0
-556153,0,0
-553958,0,0
-176284,0,0
204347,0,0
379652,0,0
214280,0,0
-60224,0,0
-334148,0,0
-599871,0,0
-658491,0,0
-614676,0,0
-176703,0,0
186339,0,0
406191,0,0
321223,0,0
47224,0,0
-338028,0,0
-579759,0,0
-571163,0,0
-566794,0,0
-250600,0,0
131469,0,0
447913,0,0
465976,0,0
161100,0,0
-367804,0,0
-583076,0,0
-613301,0,0
-605648,0,0
-390357,0,0
39710,0,0
335097,0,0
333831,0,0
84755,0,0
-352857,0,0
-562371,0,0
-655113,0,0
-623949,0,0
-456875,0,0
33777,0,0
312189,0,0
290284,0,0
90590,0,0
-286297,0,0
-537211,0,0
-653110,0,0
-631135,0,0
-552821,0,0
-150742,0,0
230841,0,0
355432,0,0
175382,0,0
-167309,0,0
-515313,0,0
-677248,0,0
-630358,0,0
-580829,0,0
-210162,0,0
125827,0,0
244415,0,0
201735,0,0
-133917,0,0
-558088,0,0
-708789,0,0
-618494,0,0
-604859,0,0
-316772,0,0
30593,0,0
301867,0,0
233780,0,0
-66516,0,0
-482431,0,0
-664999,0,0
-584291,0,0
-623705,0,0
-438555,0,0
-35777,0,0
280358,0,0
442846,0,0
276022,0,0
-280982,0,0
-670454,0,0
-706108,0,0
-443089,0,0
-242484,0,0
62031,0,0
260227,0,0
250367,0,0
65929,0,0
-276485,0,0
-584964,0,0
-696692,0,0
-578895,0,0
-516031,0,0
-110220,0,0
423688,0,0
445339,0,0
240211,0,0
-103451,0,0
-511260,0,0
-621094,0,0
-618233,0,0
-518860,0,0
-148022,0,0
312463,0,0
432233,0,0
223500,0,0
-151435,0,0
-525243,0,0
-633440,0,0
-571251,0,0
-548471,0,0
-214592,0,0
187618,0,0
338667,0,0
292783,0,0
-63629,0,0
-434515,0,0
-389621,0,0
-482590,0,0
-484040,0,0
-230175,0,0
141913,0,0
348655,0,0
328921,0,0
21587,0,0
-326758,0,0
-553025,0,0
-684969,0,0
-672570,0,0
-380998,0,0
39449,0,0
278783,0,0
292789,0,0
27263,0,0
-306507,0,0
-571713,0,0
-743850,0,0
-784774,0,0
-518893,0,0
-57395,0,0
264701,0,0
272873,0,0
49421,0,0
-336963,0,0
-625325,0,0
-715004,0,0
-706995,0,0
-616524,0,0
-154676,0,0
151172,0,0
246466,0,0
169043,0,0
-198937,0,0
-542228,0,0
-382539,0,0
-506171,0,0
-609806,0,0
-246085,0,0
146258,0,0
310406,0,0
181690,0,0
-177153,0,0
-540574,0,0
-671542,0,0
-714820,0,0
-665213,0,0
-400266,0,0
-27831,0,0
198931,0,0
96389,0,0
-80760,0,0
-346671,0,0
-578851,0,0
-748210,0,0
-756818,0,0
-648416,0,0
-222072,0,0
128125,0,0
277367,0,0
225486,0,0
-81225,0,0
-532172,0,0
-675007,0,0
-686025,0,0
-607301,0,0
-210442,0,0
189306,0,0
379953,0,0
256293,0,0
-95816,0,0
-519955,0,0
-596573,0,0
-639715,0,0
-618560,0,0
-247833,0,0
132549,0,0
349153,0,0
239228,0,0
-40440,0,0
-342962,0,0
-470444,0,0
-665863,0,0
-719434,0,0
-410931,0,0
-33635,0,0
354547,0,0
344892,0,0
-16962,0,0
-376412,0,0
-635019,0,0
-691869,0,0
-701106,0,0
-525129,0,0
-122546,0,0
256402,0,0
363444,0,0
148966,0,0
-206117,0,0
-623949,0,0
-732373,0,0
-702889,0,0
-643901,0,0
-248715,0,0
157374,0,0
292452,0,0
197976,0,0
-192047,0,0
-647840,0,0
-680661,0,0
-556625,0,0
-575567,0,0
-241351,0,0
79886,0,0
168222,0,0
271574,0,0
-48396,0,0
-458775,0,0
-524446,0,0
-356001,0,0
-271099,0,0
-170089,0,0
89753,0,0
291603,0,0
264079,0,0
-38798,0,0
-316953,0,0
-318548,0,0
-436205,0,0
-369432,0,0
-402864,0,0
-47954,0,0
333299,0,0
327811,0,0
52099,0,0
-315024,0,0
-598871,0,0
-651322,0,0
-624709,0,0
-553556,0,0
-131220,0,0
201114,0,0
300186,0,0
171773,0,0
-184021,0,0
-595620,0,0
-758364,0,0
-767908,0,0
-656397,0,0
-264078,0,0
182859,0,0
332741,0,0
227631,0,0
-137944,0,0
-548719,0,0
-627593,0,0
-668847,0,0
-650646,0,0
-300304,0,0
99940,0,0
292307,0,0
255588,0,0
-70464,0,0
-418336,0,0
-606087,0,0
-647398,0,0
-602844,0,0
-474862,0,0
-98975,0,0
277870,0,0
364777,0,0
112141,0,0
-222734,0,0
-626406,0,0
-696494,0,0
-646689,0,0
-577226,0,0
-139011,0,0
264877,0,0
250723,0,0
173695,0,0
-138452,0,0
-566781,0,0
-652164,0,0
-695732,0,0
-674285,0,0
-272865,0,0
111108,0,0
252782,0,0
178991,0,0
-124941,0,0
-536872,0,0
-633071,0,0
-641585,0,0
-633688,0,0
-426567,0,0
-67033,0,0
232275,0,0
300530,0,0
27948,0,0
-361951,0,0
-648321,0,0
-723909,0,0
-630093,0,0
-494625,0,0
-178690,0,0
107123,0,0
193341,0,0
180031,0,0
-144093,0,0
-470578,0,0
-666558,0,0
-784039,0,0
-621058,0,0
-244569,0,0
130830,0,0
308426,0,0
229615,0,0
-48249,0,0
-428595,0,0
-550227,0,0
-477176,0,0
-618808,0,0
-413498,0,0
28794,0,0
260589,0,0
321255,0,0
113877,0,0
-323689,0,0
-558536,0,0
-653718,0,0
-664193,0,0
-480030,0,0
-83129,0,0
198315,0,0
355598,0,0
161589,0,0
-211086,0,0
-479516,0,0
-607376,0,0
-655659,0,0
-598737,0,0
-308401,0,0
119283,0,0
325366,0,0
255901,0,0
-15360,0,0
-433673,0,0
-702161,0,0
-654559,0,0
-653525,0,0
-387902,0,0
98334,0,0
298382,0,0
265871,0,0
38072,0,0
-362221,0,0
-493720,0,0
-478387,0,0
-665367,0,0
-534660,0,0
-59570,0,0
207434,0,0
264749,0,0
96003,0,0
-320602,0,0
-631903,0,0
-710980,0,0
-699219,0,0
-595617,0,0
-288688,0,0
1687,0,0
194628,0,0
122366,0,0
-146338,0,0
-432781,0,0
-595063,0,0
-642221,0,0
-615614,0,0
-484988,0,0
-81924,0,0
206300,0,0
181250,0,0
77248,0,0
-215260,0,0
-355123,0,0
-156706,0,0
-308506,0,0
-598552,0,0
-187457,0,0
221482,0,0
406804,0,0
372245,0,0
105991,0,0
-273926,0,0
-293115,0,0
-354249,0,0
-391288,0,0
99896,0,0
430558,0,0
576074,0,0
459630,0,0
55508,0,0
-299974,0,0
-402235,0,0
-609834,0,0
-431900,0,0
-167153,0,0
85050,0,0
354638,0,0
268414,0,0
-115938,0,0
-448422,0,0
-680062,0,0
-589549,0,0
-364833,0,0
-240556,0,0
106317,0,0
376833,0,0
272835,0,0
21564,0,0
-277529,0,0
-578571,0,0
-392155,0,0
-495135,0,0
-463701,0,0
105839,0,0
383365,0,0
340219,0,0
104783,0,0
-340003,0,0
-673889,0,0
-639213,0,0
-681474,0,0
-471936,0,0
21348,0,0
362096,0,0
372636,0,0
135515,0,0
-348974,0,0
-657003,0,0
-556105,0,0
-647047,0,0
-502636,0,0
-32072,0,0
224282,0,0
369887,0,0
168065,0,0
-308756,0,0
-582398,0,0
-637541,0,0
-764302,0,0
-617570,0,0
-167469,0,0
238360,0,0
411264,0,0
174090,0,0
-254210,0,0
-543550,0,0
-629386,0,0
-702478,0,0
-614417,0,0
-259422,0,0
176126,0,0
324646,0,0
95875,0,0
-200294,0,0
-504471,0,0
-771199,0,0
-668143,0,0
-697119,0,0
-434843,0,0
181200,0,0
358132,0,0
184570,0,0
-47302,0,0
-409451,0,0
-612322,0,0
-543389,0,0
-657738,0,0
-415981,0,0
67840,0,0
278156,0,0
294502,0,0
31060,0,0
-415386,0,0
-604238,0,0
-696580,0,0
-729431,0,0
-489525,0,0
-124366,0,0
319778,0,0
478910,0,0
162851,0,0
-342585,0,0
-637185,0,0
-626904,0,0
-611306,0,0
-451337,0,0
34096,0,0
451452,0,0
506481,0,0
218417,0,0
-214446,0,0
-578020,0,0
-692798,0,0
-647876,0,0
-551324,0,0
-180098,0,0
243461,0,0
334025,0,0
157246,0,0
-162952,0,0
-577070,0,0
-691533,0,0
-670255,0,0
-627034,0,0
-124216,0,0
333576,0,0
326574,0,0
185309,0,0
-149949,0,0
-599693,0,0
-584069,0,0
-304192,0,0
-265466,0,0
-82739,0,0
216810,0,0
365671,0,0
350697,0,0
28773,0,0
-434737,0,0
-541565,0,0
-674921,0,0
-685160,0,0
-337213,0,0
298965,0,0
591504,0,0
555837,0,0
134235,0,0
-335203,0,0
-520857,0,0
-684363,0,0
-590437,0,0
-320643,0,0
1714,0,0
296714,0,0
377269,0,0
212643,0,0
-59183,0,0
-466322,0,0
-728092,0,0
-563251,0,0
-324414,0,0
144347,0,0
469320,0,0
380649,0,0
85873,0,0
-286933,0,0
-614340,0,0
-554024,0,0
-478559,0,0
-381510,0,0
55262,0,0
307078,0,0
271290,0,0
42860,0,0
-341384,0,0
-661386,0,0
-592932,0,0
-597340,0,0
-614874,0,0
-145346,0,0
103559,0,0
298438,0,0
237704,0,0
-16031,0,0
-391298,0,0
-450028,0,0
-712063,0,0
-602830,0,0
-151918,0,0
155000,0,0
389626,0,0
225881,0,0
-193081,0,0
-566119,0,0
-759113,0,0
-836517,0,0
-659182,0,0
-200786,0,0
164936,0,0
376422,0,0
217683,0,0
-85721,0,0
-413888,0,0
-633156,0,0
-718555,0,0
-602982,0,0
-345410,0,0
157420,0,0
466849,0,0
353142,0,0
122759,0,0
-322039,0,0
-578958,0,0
-523475,0,0
-588256,0,0
-457673,0,0
91759,0,0
307267,0,0
293995,0,0
98286,0,0
-409092,0,0
-723013,0,0
-713637,0,0
-657191,0,0
-458982,0,0
100589,0,0
391890,0,0
280028,0,0
-33582,0,0
-403594,0,0
-520495,0,0
-630698,0,0
-684827,0,0
-497385,0,0
-44754,0,0
185197,0,0
329319,0,0
85240,0,0
-336847,0,0
-596894,0,0
-669561,0,0
-626281,0,0
-568452,0,0
-237921,0,0
136799,0,0
375090,0,0
77818,0,0
-278602,0,0
-460417,0,0
-658784,0,0
-647553,0,0
-581391,0,0
-220578,0,0
220933,0,0
320237,0,0
137145,0,0
-88128,0,0
-349267,0,0
-514288,0,0
-500936,0,0
-542816,0,0
-257337,0,0
263288,0,0
412482,0,0
295768,0,0
37350,0,0
-380827,0,0
-502608,0,0
-507657,0,0
-645166,0,0
-268338,0,0
197092,0,0
352607,0,0
273131,0,0
-79354,0,0
-526324,0,0
-672895,0,0
-737465,0,0
-753012,0,0
-376766,0,0
54376,0,0
246508,0,0
275999,0,0
21603,0,0
-351703,0,0
-552987,0,0
-747696,0,0
-736437,0,0
-454247,0,0
-87415,0,0
269207,0,0
350012,0,0
98760,0,0
-324288,0,0
-642289,0,0
-718965,0,0
-665636,0,0
-560269,0,0
-221810,0,0
253530,0,0
316603,0,0
98078,0,0
-264911,0,0
-635304,0,0
-756368,0,0
-715176,0,0
-678216,0,0
-281544,0,0
274750,0,0
348419,0,0
159279,0,0
-192212,0,0
-559050,0,0
-711448,0,0
-681174,0,0
-760359,0,0
-369960,0,0
16778,0,0
108354,0,0
194735,0,0
-6974,0,0
-350738,0,0
-541478,0,0
-778416,0,0
-807874,0,0
-462595,0,0
166026,0,0
539584,0,0
581143,0,0
186449,0,0
-302899,0,0
-607306,0,0
-621903,0,0
-549783,0,0
-405379,0,0
-41087,0,0
338614,0,0
365090,0,0
64562,0,0
-277568,0,0
-591245,0,0
-605160,0,0
-597569,0,0
-493735,0,0
-135602,0,0
257549,0,0
258405,0,0
123059,0,0
-176148,0,0
-522262,0,0
-488469,0,0
-569583,0,0
-585095,0,0
-158586,0,0
183617,0,0
300268,0,0
245747,0,0
-129762,0,0
-511336,0,0
-617069,0,0
-669334,0,0
-605037,0,0
-182349,0,0
217293,0,0
318888,0,0
238973,0,0
-175931,0,0
-516660,0,0
-629398,0,0
-715522,0,0
-609135,0,0
-321470,0,0
49660,0,0
216126,0,0
234519,0,0
-92669,0,0
-451275,0,0
-712531,0,0
-754110,0,0
-614524,0,0
-529714,0,0
-62898,0,0
232039,0,0
224134,0,0
-18436,0,0
-404478,0,0
-678055,0,0
-712745,0,0
-693102,0,0
-642199,0,0
-84406,0,0
261235,0,0
144161,0,0
69611,0,0
-229842,0,0
-541790,0,0
-546472,0,0
-667365,0,0
-709820,0,0
-348448,0,0
-59878,0,0
230050,0,0
378902,0,0
79624,0,0
-429474,0,0
-629996,0,0
-740537,0,0
-689091,0,0
-537312,0,0
-82204,0,0
400660,0,0
389128,0,0
63954,0,0
-393862,0,0
-679512,0,0
-735166,0,0
-715349,0,0
-609985,0,0
-155461,0,0
247008,0,0
270785,0,0
187252,0,0
-123969,0,0
-524928,0,0
-680351,0,0
-611063,0,0
-594709,0,0
-231540,0,0
143366,0,0
174126,0,0
259420,0,0
20145,0,0
-322690,0,0
-603589,0,0
-665045,0,0
-643944,0,0
-212242,0,0
175572,0,0
279071,0,0
315976,0,0
-27179,0,0
-380281,0,0
-567694,0,0
-429952,0,0
-407134,0,0
-93139,0,0
154119,0,0
407727,0,0
413921,0,0
78285,0,0
-288377,0,0
-553284,0,0
-558083,0,0
-424802,0,0
-255828,0,0
19289,0,0
332063,0,0
297783,0,0
47127,0,0
-311877,0,0
-606676,0,0
-647019,0,0
-706605,0,0
-587967,0,0
-58456,0,0
484181,0,0
486777,0,0
172599,0,0
-325140,0,0
-675119,0,0
-622253,0,0
-672931,0,0
-743750,0,0
-305249,0,0
110921,0,0
379553,0,0
314140,0,0
-72268,0,0
-490274,0,0
-594200,0,0
-734319,0,0
-712933,0,0
-293500,0,0
202531,0,0
460937,0,0
438996,0,0
29511,0,0
-460099,0,0
-586542,0,0
-649093,0,0
-614223,0,0
-392021,0,0
2320,0,0
260698,0,0
333464,0,0
31517,0,0
-335344,0,0
-630675,0,0
-697548,0,0
-660202,0,0
-565040,0,0
-146675,0,0
219064,0,0
337067,0,0
129239,0,0
-218151,0,0
-559226,0,0
-636801,0,0
-697230,0,0
-680094,0,0
-170821,0,0
175923,0,0
320215,0,0
223612,0,0
-138306,0,0
-560936,0,0
-660088,0,0
-646911,0,0
-676202,0,0
-303896,0,0
68745,0,0
321604,0,0
313737,0,0
5205,0,0
-446429,0,0
-623165,0,0
-694000,0,0
-666230,0,0
-362336,0,0
35773,0,0
358414,0,0
374086,0,0
90093,0,0
-385852,0,0
-642084,0,0
-752004,0,0
-553136,0,0
-180310,0,0
186672,0,0
422856,0,0
387200,0,0
140000,0,0
-296816,0,0
-373144,0,0
-262853,0,0
-75618,0,0
-167068,0,0
145249,0,0
530091,0,0
553701,0,0
401538,0,0
30408,0,0
-324205,0,0
-468475,0,0
-503687,0,0
-507875,0,0
12358,0,0
320332,0,0
385284,0,0
281232,0,0
-110650,0,0
-393409,0,0
-411960,0,0
-372461,0,0
-269372,0,0
100340,0,0
348389,0,0
545620,0,0
484853,0,0
121237,0,0
-191295,0,0
-282609,0,0
-362214,0,0
-406629,0,0
4382,0,0
289035,0,0
432972,0,0
249511,0,0
-72363,0,0
-444118,0,0
-590919,0,0
-460329,0,0
-508479,0,0
-323539,0,0
91142,0,0
329366,0,0
172777,0,0
-188803,0,0
-509654,0,0
-639890,0,0
-780625,0,0
-792995,0,0
-348337,0,0
156030,0,0
275494,0,0
54653,0,0
-229675,0,0
-594801,0,0
-780398,0,0
-772737,0,0
-722252,0,0
-206283,0,0
189905,0,0
347165,0,0
140762,0,0
-169215,0,0
-554029,0,0
-694054,0,0
-675642,0,0
-726074,0,0
-430317,0,0
-15046,0,0
124072,0,0
203945,0,0
-53064,0,0
-493731,0,0
-701532,0,0
-509063,0,0
-530665,0,0
-488020,0,0
-148082,0,0
231372,0,0
308482,0,0
82743,0,0
-396302,0,0
-716544,0,0
-739701,0,0
-659918,0,0
-405412,0,0
-78712,0,0
203582,0,0
242923,0,0
55342,0,0
-312270,0,0
-589586,0,0
-747672,0,0
-756451,0,0
-682840,0,0
-315161,0,0
162400,0,0
211235,0,0
85409,0,0
-238791,0,0
-501892,0,0
-535019,0,0
-604791,0,0
-689784,0,0
-320469,0,0
214006,0,0
308310,0,0
247967,0,0
-58044,0,0
-352862,0,0
-368805,0,0
-278217,0,0
-348970,0,0
-69473,0,0
276900,0,0
389059,0,0
368902,0,0
92864,0,0
-311516,0,0
-514082,0,0
-583652,0,0
-624362,0,0
-240220,0,0
191604,0,0
489951,0,0
529848,0,0
202917,0,0
-292190,0,0
-738480,0,0
-799710,0,0
-720390,0,0
-570110,0,0
-115751,0,0
236534,0,0
162815,0,0
5970,0,0
-307932,0,0
-621059,0,0
-821273,0,0
-785300,0,0
-652733,0,0
-349993,0,0
85872,0,0
200529,0,0
116498,0,0
-143767,0,0
-442515,0,0
-563106,0,0
-733620,0,0
-755253,0,0
-391960,0,0
-14048,0,0
191681,0,0
234338,0,0
-35510,0,0
-403654,0,0
-536089,0,0
-488137,0,0
-525448,0,0
-419218,0,0
6514,0,0
311852,0,0
360867,0,0
76999,0,0
-388620,0,0
-621822,0,0
-639816,0,0
-638466,0,0
-434210,0,0
-78989,0,0
149315,0,0
270242,0,0
2336,0,0
-399577,0,0
-646245,0,0
-718508,0,0
-699577,0,0
-695905,0,0
-216805,0,0
159789,0,0
234897,0,0
173744,0,0
-117749,0,0
-519323,0,0
-656278,0,0
-680211,0,0
-612570,0,0
-176489,0,0
206610,0,0
350879,0,0
189312,0,0
-145791,0,0
-504747,0,0
-587661,0,0
-601160,0,0
-646397,0,0
-280869,0,0
75291,0,0
264621,0,0
228475,0,0
-55103,0,0
-461393,0,0
-673976,0,0
-709894,0,0
-666710,0,0
-452554,0,0
-62505,0,0
317300,0,0
330839,0,0
28870,0,0
-395667,0,0
-680713,0,0
-707495,0,0
-664661,0,0
-597889,0,0
-211589,0,0
212143,0,0
294907,0,0
52937,0,0
-285623,0,0
-553232,0,0
-668867,0,0
-751101,0,0
-684626,0,0
-247883,0,0
211062,0,0
208405,0,0
138741,0,0
-118560,0,0
-401919,0,0
-605537,0,0
-712423,0,0
-772604,0,0
-511397,0,0
-82051,0,0
178959,0,0
276339,0,0
79863,0,0
-279497,0,0
-618921,0,0
-723869,0,0
-764750,0,0
-692234,0,0
-356090,0,0
90099,0,0
259446,0,0
103117,0,0
-102088,0,0
-429691,0,0
-610801,0,0
-711656,0,0
-743576,0,0
-600935,0,0
-123159,0,0
227557,0,0
156330,0,0
133294,0,0
-217060,0,0
-586217,0,0
-728515,0,0
-673196,0,0
-693745,0,0
-386657,0,0
-11906,0,0
350783,0,0
280531,0,0
-16056,0,0
-411368,0,0
-619362,0,0
-719850,0,0
-692715,0,0
-495244,0,0
-55641,0,0
311392,0,0
354414,0,0
98882,0,0
-257563,0,0
-527858,0,0
-585068,0,0
-560314,0,0
-402834,0,0
-67720,0,0
320506,0,0
354569,0,0
240355,0,0
-61434,0,0
-433199,0,0
-587040,0,0
-509073,0,0
-402731,0,0
-183683,0,0
147108,0,0
278611,0,0
264147,0,0
-75356,0,0
-440259,0,0
-556172,0,0
-708623,0,0
-681290,0,0
-319174,0,0
74687,0,0
313619,0,0
293123,0,0
-25758,0,0
-426681,0,0
-657476,0,0
-691994,0,0
-669101,0,0
-543943,0,0
-158406,0,0
162717,0,0
201094,0,0
29433,0,0
-273813,0,0
-589145,0,0
-743859,0,0
-694600,0,0
-677881,0,0
-492207,0,0
-42437,0,0
246469,0,0
199535,0,0
10532,0,0
-422666,0,0
-735530,0,0
-743031,0,0
-717818,0,0
-595530,0,0
-252994,0,0
113909,0,0
281107,0,0
134278,0,0
-201894,0,0
-576563,0,0
-726932,0,0
-683583,0,0
-625467,0,0
-487762,0,0
-80269,0,0
142677,0,0
153169,0,0
51923,0,0
-244874,0,0
-446666,0,0
-582944,0,0
-646239,0,0
-606380,0,0
-234047,0,0
114909,0,0
286026,0,0
275202,0,0
-60235,0,0
-497673,0,0
-642409,0,0
-595176,0,0
-682915,0,0
-367983,0,0
161279,0,0
504229,0,0
393056,0,0
72957,0,0
-398599,0,0
-626199,0,0
-618666,0,0
-565768,0,0
-331843,0,0
96041,0,0
451640,0,0
448072,0,0
169111,0,0
-302442,0,0
-567296,0,0
-595985,0,0
-585105,0,0
-474608,0,0
-87510,0,0
281833,0,0
300984,0,0
205077,0,0
-163793,0,0
-495553,0,0
-662891,0,0
-672510,0,0
-582638,0,0
-178906,0,0
152064,0,0
221514,0,0
249426,0,0
-58714,0,0
-488143,0,0
-710896,0,0
-601154,0,0
-551594,0,0
-323053,0,0
23153,0,0
183121,0,0
228454,0,0
37545,0,0
-329846,0,0
-540427,0,0
-472154,0,0
-647460,0,0
-530511,0,0
-148368,0,0
205878,0,0
362952,0,0
170671,0,0
-191137,0,0
-492356,0,0
-607431,0,0
-694523,0,0
-585207,0,0
-264661,0,0
131135,0,0
319012,0,0
253386,0,0
-144688,0,0
-543577,0,0
-680178,0,0
-612559,0,0
-600019,0,0
-408812,0,0
-23166,0,0
164165,0,0
295261,0,0
112668,0,0
-302463,0,0
-637222,0,0
-696928,0,0
-646542,0,0
-594939,0,0
-223164,0,0
164305,0,0
354567,0,0
229587,0,0
-173517,0,0
-558951,0,0
-658995,0,0
-595247,0,0
-590368,0,0
-307196,0,0
55038,0,0
253502,0,0
315772,0,0
24685,0,0
-387147,0,0
-497415,0,0
-360612,0,0
-356245,0,0
-374412,0,0
-38137,0,0
227994,0,0
288854,0,0
95932,0,0
-266751,0,0
-549020,0,0
-633765,0,0
-599369,0,0
-498943,0,0
-117786,0,0
264934,0,0
249176,0,0
102190,0,0
-184562,0,0
-527374,0,0
-672394,0,0
-597752,0,0
-585436,0,0
-363737,0,0
39132,0,0
169138,0,0
170421,0,0
-88004,0,0
-461344,0,0
-563360,0,0
-650736,0,0
-648962,0,0
-512948,0,0
-146865,0,0
116672,0,0
225577,0,0
131854,0,0
-182392,0,0
-487204,0,0
-663185,0,0
-648891,0,0
-587498,0,0
-202282,0,0
163745,0,0
368557,0,0
300619,0,0
35739,0,0
-373901,0,0
-661298,0,0
-686912,0,0
-629713,0,0
-228240,0,0
209054,0,0
345450,0,0
227814,0,0
-56805,0,0
-387048,0,0
-339910,0,0
-265583,0,0
-564378,0,0
-408291,0,0
-40639,0,0
238381,0,0
354962,0,0
184180,0,0
-281291,0,0
-503219,0,0
-614920,0,0
-688713,0,0
-539556,0,0
-103343,0,0
319359,0,0
470765,0,0
134360,0,0
-306494,0,0
-572948,0,0
-674626,0,0
-679140,0,0
-558859,0,0
-222513,0,0
96417,0,0
219231,0,0
267573,0,0
2725,0,0
-425248,0,0
-708503,0,0
-735421,0,0
-684064,0,0
-429683,0,0
47,0,0
374330,0,0
351099,0,0
19315,0,0
-437091,0,0
-657962,0,0
-601986,0,0
-627539,0,0
-445614,0,0
-18660,0,0
253466,0,0
291463,0,0
55245,0,0
-327054,0,0
-566946,0,0
-641495,0,0
-733967,0,0
-564873,0,0
-121010,0,0
192535,0,0
212747,0,0
112450,0,0
-202690,0,0
-501577,0,0
-637518,0,0
-663595,0,0
-549231,0,0
-330950,0,0
13213,0,0
235642,0,0
245793,0,0
-19141,0,0
-391505,0,0
-673238,0,0
-701595,0,0
-638710,0,0
-559565,0,0
-84796,0,0
262113,0,0
264545,0,0
153315,0,0
-224067,0,0
-614953,0,0
-649699,0,0
-635971,0,0
-617549,0,0
-163708,0,0
156052,0,0
173280,0,0
203590,0,0
32170,0,0
-268656,0,0
-345026,0,0
-604488,0,0
-610584,0,0
-316292,0,0
67538,0,0
363388,0,0
322453,0,0
-4034,0,0
-361362,0,0
-590481,0,0
-692154,0,0
-573705,0,0
-333958,0,0
25274,0,0
278328,0,0
290918,0,0
70342,0,0
-234199,0,0
-506382,0,0
-578553,0,0
-627353,0,0
-530563,0,0
-71904,0,0
348714,0,0
315057,0,0
139478,0,0
-184807,0,0
-479801,0,0
-414896,0,0
-443577,0,0
-513781,0,0
-91977,0,0
299357,0,0
432692,0,0
317296,0,0
-59293,0,0
-524670,0,0
-618002,0,0
-673184,0,0
-547066,0,0
29238,0,0
370362,0,0
394290,0,0
163444,0,0
-209585,0,0
-556762,0,0
-645325,0,0
-617527,0,0
-498639,0,0
-279601,0,0
17116,0,0
254965,0,0
254666,0,0
-52866,0,0
-379412,0,0
-559568,0,0
-647987,0,0
-634073,0,0
-421637,0,0
-26526,0,0
321373,0,0
398581,0,0
169879,0,0
-335994,0,0
-654216,0,0
-578847,0,0
-640958,0,0
-490648,0,0
-72921,0,0
269868,0,0
307198,0,0
153088,0,0
-218695,0,0
-526166,0,0
-573112,0,0
-541204,0,0
-380825,0,0
-91036,0,0
206303,0,0
335019,0,0
283712,0,0
-49500,0,0
-449102,0,0
-530396,0,0
-482772,0,0
-411200,0,0
-162271,0,0
123764,0,0
313173,0,0
254812,0,0
-48326,0,0
-238879,0,0
-473589,0,0
-675730,0,0
-636002,0,0
-317332,0,0
104872,0,0
292828,0,0
286284,0,0
94554,0,0
-171947,0,0
-613678,0,0
-699758,0,0
-460516,0,0
-214275,0,0
131489,0,0
323929,0,0
248867,0,0
-39373,0,0
-433908,0,0
-656040,0,0
-526103,0,0
-474625,0,0
-396895,0,0
39537,0,0
216945,0,0
282522,0,0
157844,0,0
-198855,0,0
-539151,0,0
-585395,0,0
-689946,0,0
-501127,0,0
-23995,0,0
291288,0,0
408198,0,0
159596,0,0
-334704,0,0
-555173,0,0
-676514,0,0
-681389,0,0
-413699,0,0
-42487,0,0
187492,0,0
410536,0,0
276692,0,0
-72609,0,0
-398215,0,0
-666871,0,0
-739462,0,0
-529382,0,0
-193686,0,0
158492,0,0
262506,0,0
82389,0,0
-197612,0,0
-479325,0,0
-770092,0,0
-732767,0,0
-677361,0,0
-371752,0,0
23674,0,0
146530,0,0
141340,0,0
-28881,0,0
-397357,0,0
-651629,0,0
-717312,0,0
-815239,0,0
-614578,0,0
-120037,0,0
328726,0,0
418205,0,0
63324,0,0
-418438,0,0
-615406,0,0
-622931,0,0
-673406,0,0
-538703,0,0
-108726,0,0
125670,0,0
274908,0,0
234954,0,0
-11404,0,0
-317216,0,0
-594023,0,0
-579206,0,0
-414508,0,0
-177272,0,0
186183,0,0
351712,0,0
202194,0,0
-109747,0,0
-455150,0,0
-640660,0,0
-635249,0,0
-661735,0,0
-422555,0,0
50682,0,0
319924,0,0
286371,0,0
-28289,0,0
-470218,0,0
-707099,0,0
-585989,0,0
-472729,0,0
-226201,0,0
123144,0,0
182933,0,0
249638,0,0
54009,0,0
-401662,0,0
-581523,0,0
-555072,0,0
-650016,0,0
-494344,0,0
-24237,0,0
276368,0,0
386783,0,0
119204,0,0
-332392,0,0
-551119,0,0
-660867,0,0
-675770,0,0
-499448,0,0
-62840,0,0
316143,0,0
407723,0,0
163927,0,0
-188013,0,0
-310133,0,0
-411150,0,0
-330174,0,0
-148302,0,0
89616,0,0
497170,0,0
482480,0,0
226306,0,0
-104753,0,0
-330122,0,0
-494640,0,0
-314882,0,0
-335563,0,0
-52632,0,0
391954,0,0
535826,0,0
442326,0,0
258719,0,0
-111077,0,0
-268393,0,0
-232324,0,0
-223769,0,0
142389,0,0
515576,0,0
601550,0,0
475924,0,0
162829,0,0
-285093,0,0
-308361,0,0
-414432,0,0
-478535,0,0
-115747,0,0
244376,0,0
283190,0,0
187009,0,0
-92344,0,0
-401323,0,0
-335166,0,0
-391625,0,0
-249135,0,0
-67718,0,0
102174,0,0
262634,0,0
328298,0,0
89488,0,0
-178738,0,0
-389045,0,0
-581448,0,0
-265852,0,0
24676,0,0
211932,0,0
541967,0,0
547400,0,0
279043,0,0
-68125,0,0
-268409,0,0
-327409,0,0
-267812,0,0
-161087,0,0
254161,0,0
552408,0,0
465712,0,0
255237,0,0
-105580,0,0
-427115,0,0
-326606,0,0
-429213,0,0
-342516,0,0
82325,0,0
393342,0,0
556106,0,0
534339,0,0
251032,0,0
-110766,0,0
-186676,0,0
-236379,0,0
-4273,0,0
484379,0,0
714033,0,0
772362,0,0
604201,0,0
142842,0,0
-161262,0,0
-136666,0,0
-116301,0,0
58731,0,0
437003,0,0
562724,0,0
626080,0,0
427254,0,0
39129,0,0
-157188,0,0
-260170,0,0
-408389,0,0
-257764,0,0
-9566,0,0
109509,0,0
353847,0,0
278885,0,0
-15120,0,0
-269943,0,0
-307971,0,0
-334028,0,0
-389732,0,0
-232123,0,0
45070,0,0
62911,0,0
-58247,0,0
-216019,0,0
-394732,0,0
-588017,0,0
-329538,0,0
-309471,0,0
-162442,0,0
204048,0,0
253633,0,0
89340,0,0
-95949,0,0
-270229,0,0
-339854,0,0
-483729,0,0
-650834,0,0
-290493,0,0
152942,0,0
231884,0,0
56232,0,0
-395138,0,0
-763845,0,0
-637009,0,0
-766604,0,0
-895095,0,0
-352169,0,0
49244,0,0
152658,0,0
39767,0,0
-331099,0,0
-662323,0,0
-812870,0,0
-912000,0,0
-641186,0,0
-135460,0,0
61681,0,0
261015,0,0
197679,0,0
-133950,0,0
-607618,0,0
-846669,0,0
-964756,0,0
-835505,0,0
-504427,0,0
-84018,0,0
195772,0,0
82017,0,0
-241733,0,0
-597330,0,0
-816929,0,0
-824137,0,0
-699096,0,0
-456846,0,0
-85259,0,0
155825,0,0
32264,0,0
-263603,0,0
-638566,0,0
-897173,0,0
-873764,0,0
-837127,0,0
-667107,0,0
-65293,0,0
180975,0,0
43400,0,0
-98279,0,0
-531692,0,0
-840322,0,0
-789439,0,0
-759744,0,0
-658106,0,0
-163136,0,0
67044,0,0
127342,0,0
-27611,0,0
-463261,0,0
-766608,0,0
-707266,0,0
-463521,0,0
-472044,0,0
-294421,0,0
-30505,0,0
271937,0,0
168040,0,0
-257881,0,0
-518438,0,0
-688103,0,0
-711917,0,0
-450549,0,0
30612,0,0
459741,0,0
573827,0,0
357773,0,0
-30909,0,0
-493820,0,0
-736900,0,0
-571192,0,0
-470163,0,0
-118284,0,0
260277,0,0
302895,0,0
61009,0,0
-167540,0,0
-502406,0,0
-771267,0,0
-703253,0,0
-557115,0,0
-371100,0,0
-35178,0,0
183434,0,0
187511,0,0
-74942,0,0
-407196,0,0
-371347,0,0
-473529,0,0
-705922,0,0
-447354,0,0
11889,0,0
306142,0,0
368819,0,0
75963,0,0
-448152,0,0
-661813,0,0
-659728,0,0
-694888,0,0
-429996,0,0
-103091,0,0
201477,0,0
336613,0,0
88708,0,0
-335912,0,0
-589791,0,0
-766899,0,0
-713098,0,0
-572025,0,0
-255750,0,0
136468,0,0
276467,0,0
126042,0,0
-234574,0,0
-613790,0,0
-814234,0,0
-716021,0,0
-616304,0,0
-293456,0,0
163245,0,0
243020,0,0
99486,0,0
-228726,0,0
-570860,0,0
-735510,0,0
-657909,0,0
-676458,0,0
-392364,0,0
-1033,0,0
113687,0,0
266258,0,0
-17827,0,0
-472420,0,0
-723440,0,0
-758267,0,0
-789187,0,0
-544656,0,0
-143116,0,0
124356,0,0
312157,0,0
57022,0,0
-341697,0,0
-629829,0,0
-761174,0,0
-795760,0,0
-641728,0,0
-282726,0,0
110344,0,0
264072,0,0
147697,0,0
-155575,0,0
-568422,0,0
-742976,0,0
-763846,0,0
-768816,0,0
-565423,0,0
-2946,0,0
286871,0,0
227502,0,0
9979,0,0
-438994,0,0
-685076,0,0
-766910,0,0
-766829,0,0
-643250,0,0
-204393,0,0
131489,0,0
177853,0,0
137234,0,0
-239100,0,0
-537672,0,0
-596529,0,0
-670648,0,0
-741906,0,0
-456456,0,0
-80352,0,0
307063,0,0
312197,0,0
-5922,0,0
-387220,0,0
-696336,0,0
-688365,0,0
-655750,0,0
-547575,0,0
-80564,0,0
352989,0,0
212155,0,0
26886,0,0
-298005,0,0
-606152,0,0
-623284,0,0
-693030,0,0
-711219,0,0
-346156,0,0
37184,0,0
140028,0,0
217363,0,0
-68683,0,0
-487299,0,0
-639561,0,0
-725281,0,0
-727613,0,0
-530975,0,0
-175677,0,0
145537,0,0
214298,0,0
66107,0,0
-194321,0,0
-370478,0,0
-605747,0,0
-723502,0,0
-657041,0,0
-331491,0,0
102228,0,0
314176,0,0
248456,0,0
-11064,0,0
-430050,0,0
-679602,0,0
-647123,0,0
-659744,0,0
-479250,0,0
-36073,0,0
185516,0,0
253486,0,0
102601,0,0
-316080,0,0
-569838,0,0
-689325,0,0
-735884,0,0
-594504,0,0
-234566,0,0
87118,0,0
255611,0,0
203289,0,0
-129587,0,0
-409567,0,0
-670702,0,0
-698772,0,0
-630321,0,0
-514289,0,0
16118,0,0
377279,0,0
283775,0,0
86437,0,0
-327036,0,0
-672946,0,0
-704070,0,0
-600864,0,0
-573050,0,0
-166906,0,0
234475,0,0
290565,0,0
150136,0,0
-198960,0,0
-570563,0,0
-644233,0,0
-671423,0,0
-642373,0,0
-351439,0,0
12046,0,0
213705,0,0
210746,0,0
89865,0,0
-285441,0,0
-572679,0,0
-695332,0,0
-654799,0,0
-464581,0,0
-153306,0,0
242517,0,0
346558,0,0
199582,0,0
-100082,0,0
-443427,0,0
-641400,0,0
-613599,0,0
-614452,0,0
-379329,0,0
200329,0,0
528536,0,0
515476,0,0
113075,0,0
-387669,0,0
-660750,0,0
-568730,0,0
-611426,0,0
-347416,0,0
236881,0,0
413514,0,0
398252,0,0
81555,0,0
-348619,0,0
-533513,0,0
-632338,0,0
-694971,0,0
-468365,0,0
-60781,0,0
221908,0,0
378920,0,0
143700,0,0
-193921,0,0
-498926,0,0
-622216,0,0
-687195,0,0
-478190,0,0
-199186,0,0
134973,0,0
301705,0,0
152963,0,0
-113635,0,0
-467037,0,0
-617055,0,0
-660830,0,0
-676511,0,0
-467381,0,0
33605,0,0
259070,0,0
194954,0,0
25031,0,0
-426928,0,0
-646836,0,0
-655208,0,0
-624055,0,0
-484220,0,0
-78025,0,0
151082,0,0
145696,0,0
106885,0,0
-205864,0,0
-439741,0,0
-513581,0,0
-618772,0,0
-636138,0,0
-426566,0,0
-26763,0,0
426808,0,0
377296,0,0
36141,0,0
-385809,0,0
-620914,0,0
-647489,0,0
-604563,0,0
-428229,0,0
6051,0,0
359171,0,0
333495,0,0
152475,0,0
-266818,0,0
-629367,0,0
-626248,0,0
-407181,0,0
-261808,0,0
81095,0,0
314114,0,0
287763,0,0
185116,0,0
-167405,0,0
-442627,0,0
-454209,0,0
-454228,0,0
-181578,0,0
309560,0,0
524287,0,0
554376,0,0
342088,0,0
-149439,0,0
-430533,0,0
-433662,0,0
-518985,0,0
-366565,0,0
53163,0,0
270597,0,0
351664,0,0
211658,0,0
-155844,0,0
-500614,0,0
-587129,0,0
-735434,0,0
-527599,0,0
-228706,0,0
86759,0,0
264722,0,0
155186,0,0
-190058,0,0
-541212,0,0
-723025,0,0
-694662,0,0
-624602,0,0
-465645,0,0
-88054,0,0
124726,0,0
179789,0,0
-14794,0,0
-403286,0,0
-736214,0,0
-772340,0,0
-748110,0,0
-710077,0,0
-320478,0,0
-39505,0,0
99058,0,0
75973,0,0
-198523,0,0
-531859,0,0
-667595,0,0
-770043,0,0
-795708,0,0
-511640,0,0
-114078,0,0
205467,0,0
209212,0,0
61409,0,0
-336065,0,0
-666140,0,0
-719954,0,0
-667642,0,0
-578302,0,0
-349476,0,0
276885,0,0
364645,0,0
334663,0,0
16765,0,0
-346994,0,0
-599216,0,0
-624848,0,0
-657529,0,0
-255150,0,0
301145,0,0
514050,0,0
425035,0,0
38919,0,0
-328093,0,0
-448587,0,0
-490258,0,0
-587136,0,0
-110857,0,0
230418,0,0
326791,0,0
333904,0,0
-4925,0,0
-363357,0,0
-471617,0,0
-611336,0,0
-660124,0,0
-331226,0,0
114838,0,0
375389,0,0
314967,0,0
-46934,0,0
-377436,0,0
-573168,0,0
-626860,0,0
-650175,0,0
-538327,0,0
-163445,0,0
202524,0,0
267041,0,0
60704,0,0
-249257,0,0
-539681,0,0
-601071,0,0
-639366,0,0
-671787,0,0
-267257,0,0
323684,0,0
503169,0,0
353387,0,0
-17364,0,0
-537700,0,0
-657621,0,0
-671077,0,0
-563235,0,0
-90108,0,0
304322,0,0
356912,0,0
309022,0,0
-10712,0,0
-367048,0,0
-487577,0,0
-554199,0,0
-399259,0,0
-60174,0,0
298027,0,0
463285,0,0
400001,0,0
65347,0,0
-275424,0,0
-242258,0,0
-423821,0,0
-340418,0,0
18261,0,0
426462,0,0
589755,0,0
498073,0,0
173869,0,0
-176430,0,0
-331005,0,0
-310617,0,0
-173386,0,0
-160027,0,0
257868,0,0
551347,0,0
482847,0,0
176948,0,0
-91746,0,0
-278926,0,0
-261514,0,0
-279614,0,0
-408193,0,0
-54158,0,0
214722,0,0
266063,0,0
-5127,0,0
-330234,0,0
-383718,0,0
-237015,0,0
-192215,0,0
-212201,0,0
144329,0,0
332630,0,0
369053,0,0
110333,0,0
-157668,0,0
-375510,0,0
-405921,0,0
-408920,0,0
-245559,0,0
154499,0,0
346482,0,0
447960,0,0
252032,0,0
-94746,0,0
-528225,0,0
-632561,0,0
-654916,0,0
-586574,0,0
-189345,0,0
86219,0,0
292870,0,0
139661,0,0
-281347,0,0
-658473,0,0
-783343,0,0
-797203,0,0
-713683,0,0
-477857,0,0
-118071,0,0
174626,0,0
118632,0,0
-147002,0,0
-538189,0,0
-780064,0,0
-800237,0,0
-749921,0,0
-577011,0,0
-122002,0,0
175593,0,0
125082,0,0
-9813,0,0
-368223,0,0
-694228,0,0
-784951,0,0
-750729,0,0
-618410,0,0
-97488,0,0
81778,0,0
168649,0,0
153594,0,0
-229972,0,0
-647035,0,0
-785091,0,0
-734305,0,0
-703285,0,0
-394937,0,0
-21109,0,0
226881,0,0
166401,0,0
-155422,0,0
-505448,0,0
-718215,0,0
-771987,0,0
-704950,0,0
-375175,0,0
-17806,0,0
227902,0,0
215107,0,0
-14129,0,0
-386483,0,0
-639109,0,0
-692920,0,0
-737427,0,0
-609597,0,0
-194657,0,0
60056,0,0
232648,0,0
182761,0,0
-184036,0,0
-617074,0,0
-702003,0,0
-725286,0,0
-639134,0,0
-345931,0,0
22470,0,0
230807,0,0
263687,0,0
-32826,0,0
-401587,0,0
-590105,0,0
-708670,0,0
-673773,0,0
-366768,0,0
70443,0,0
259972,0,0
260170,0,0
-66926,0,0
-476618,0,0
-704683,0,0
-708886,0,0
-583821,0,0
-584448,0,0
-128996,0,0
348710,0,0
365775,0,0
44800,0,0
-377682,0,0
-706135,0,0
-710499,0,0
-652743,0,0
-584595,0,0
-136801,0,0
169122,0,0
257138,0,0
128296,0,0
-258060,0,0
-659068,0,0
-710631,0,0
-620172,0,0
-575383,0,0
-321494,0,0
-29203,0,0
169647,0,0
238498,0,0
69540,0,0
-323116,0,0
-654658,0,0
-723797,0,0
-673225,0,0
-422358,0,0
32019,0,0
458599,0,0
450272,0,0
129180,0,0
-345857,0,0
-619978,0,0
-668252,0,0
-573173,0,0
-465342,0,0
-74575,0,0
288034,0,0
307116,0,0
151940,0,0
-236365,0,0
-521731,0,0
-650923,0,0
-605735,0,0
-524328,0,0
-124622,0,0
253061,0,0
342503,0,0
223938,0,0
-143326,0,0
-467830,0,0
-637577,0,0
-630161,0,0
-614200,0,0
-231826,0,0
203261,0,0
392602,0,0
298717,0,0
-16153,0,0
-433474,0,0
-634676,0,0
-596922,0,0
-540982,0,0
-191274,0,0
137345,0,0
325736,0,0
314762,0,0
-10377,0,0
-368314,0,0
-466888,0,0
-339645,0,0
-432675,0,0
-447667,0,0
-30668,0,0
291324,0,0
297368,0,0
37345,0,0
-367023,0,0
-570364,0,0
-664990,0,0
-756500,0,0
-465607,0,0
-64509,0,0
314208,0,0
350110,0,0
142876,0,0
-240442,0,0
-583338,0,0
-714800,0,0
-679531,0,0
-627389,0,0
-184626,0,0
359402,0,0
530577,0,0
296521,0,0
-95633,0,0
-532572,0,0
-673826,0,0
-678769,0,0
-512651,0,0
-26533,0,0
384678,0,0
474931,0,0
316078,0,0
1252,0,0
-428783,0,0
-416111,0,0
-369252,0,0
-417703,0,0
-185075,0,0
251641,0,0
408212,0,0
313262,0,0
22926,0,0
-456475,0,0
-634396,0,0
-527222,0,0
-336701,0,0
-182228,0,0
237533,0,0
374754,0,0
284907,0,0
-18166,0,0
-340789,0,0
-418925,0,0
-421215,0,0
-353152,0,0
-35231,0,0
402831,0,0
550112,0,0
452799,0,0
155678,0,0
-125610,0,0
-283456,0,0
-323245,0,0
-290816,0,0
-112083,0,0
293332,0,0
538996,0,0
490940,0,0
141003,0,0
-209688,0,0
-433167,0,0
-398016,0,0
-480883,0,0
-174755,0,0
231287,0,0
484036,0,0
469752,0,0
266964,0,0
-43972,0,0
-277880,0,0
-343980,0,0
-474783,0,0
-406276,0,0
-11214,0,0
227798,0,0
218661,0,0
-10543,0,0
-406955,0,0
-770306,0,0
-694603,0,0
-595582,0,0
-475253,0,0
-203299,0,0
70822,0,0
155993,0,0
-39561,0,0
-394210,0,0
-656004,0,0
-615346,0,0
-755605,0,0
-733364,0,0
-330669,0,0
16686,0,0
143874,0,0
38921,0,0
-285290,0,0
-581248,0,0
-769060,0,0
-776156,0,0
-741967,0,0
-458834,0,0
-87533,0,0
171799,0,0
194565,0,0
-80113,0,0
-495868,0,0
-784291,0,0
-818189,0,0
-734384,0,0
-513828,0,0
-29619,0,0
149478,0,0
109662,0,0
-69420,0,0
-379925,0,0
-683890,0,0
-727343,0,0
-666909,0,0
-609237,0,0
-159246,0,0
99584,0,0
71198,0,0
12054,0,0
-302011,0,0
-615102,0,0
-660326,0,0
-667198,0,0
-680473,0,0
-351751,0,0
-49636,0,0
131292,0,0
89851,0,0
-130540,0,0
-426518,0,0
-625337,0,0
-666015,0,0
-709673,0,0
-546691,0,0
-120266,0,0
234849,0,0
381519,0,0
180277,0,0
-193645,0,0
-577254,0,0
-680701,0,0
-603924,0,0
-407900,0,0
15864,0,0
338692,0,0
403452,0,0
203549,0,0
-253063,0,0
-623633,0,0
-574632,0,0
-461972,0,0
-382548,0,0
-31468,0,0
212513,0,0
355366,0,0
247235,0,0
-177238,0,0
-545161,0,0
-384485,0,0
-311805,0,0
-224621,0,0
37878,0,0
265617,0,0
291576,0,0
176860,0,0
-150172,0,0
-432864,0,0
-589285,0,0
-691996,0,0
-661508,0,0
-297689,0,0
141350,0,0
324643,0,0
229132,0,0
-129872,0,0
-512156,0,0
-708080,0,0
-704912,0,0
-578583,0,0
-277127,0,0
138572,0,0
287500,0,0
225035,0,0
-48813,0,0
-403037,0,0
-694161,0,0
-674276,0,0
-660620,0,0
-481883,0,0
-44462,0,0
257121,0,0
322292,0,0
119017,0,0
-307133,0,0
-678491,0,0
-689588,0,0
-713888,0,0
-577818,0,0
-153786,0,0
159735,0,0
197067,0,0
81275,0,0
-255374,0,0
-540753,0,0
-691680,0,0
-764374,0,0
-750888,0,0
-391838,0,0
62593,0,0
300401,0,0
239695,0,0
-114639,0,0
-439937,0,0
-655075,0,0
-725377,0,0
-681401,0,0
-484091,0,0
-61610,0,0
237754,0,0
162909,0,0
38392,0,0
-247406,0,0
-496294,0,0
-593839,0,0
-685969,0,0
-566108,0,0
-97812,0,0
138971,0,0
288450,0,0
189722,0,0
-190507,0,0
-546113,0,0
-530890,0,0
-586078,0,0
-536384,0,0
-100799,0,0
252991,0,0
384148,0,0
247095,0,0
-104735,0,0
-443599,0,0
-625070,0,0
-605413,0,0
-428024,0,0
-48595,0,0
146717,0,0
242297,0,0
187283,0,0
-111792,0,0
-425814,0,0
-478275,0,0
-468827,0,0
-547093,0,0
-294446,0,0
43364,0,0
351383,0,0
341623,0,0
66891,0,0
-259005,0,0
-578817,0,0
-638931,0,0
-623549,0,0
-475592,0,0
58816,0,0
380548,0,0
254578,0,0
5000,0,0
-429738,0,0
-731597,0,0
-734003,0,0
-672257,0,0
-538385,0,0
-173829,0,0
115651,0,0
115596,0,0
104709,0,0
-230446,0,0
-586828,0,0
-747863,0,0
-787660,0,0
-777227,0,0
-457583,0,0
10469,0,0
215789,0,0
169608,0,0
-121573,0,0
-431971,0,0
-681312,0,0
-833602,0,0
-790417,0,0
-627308,0,0
-268680,0,0
66401,0,0
402302,0,0
324950,0,0
-28301,0,0
-601750,0,0
-807175,0,0
-740953,0,0
-661449,0,0
-284546,0,0
157390,0,0
231902,0,0
156827,0,0
-54451,0,0
-411515,0,0
-571940,0,0
-682980,0,0
-749703,0,0
-598017,0,0
-175381,0,0
218955,0,0
317500,0,0
108674,0,0
-279665,0,0
-509013,0,0
-675265,0,0
-709665,0,0
-616814,0,0
-235506,0,0
150246,0,0
297944,0,0
219317,0,0
-89567,0,0
-448969,0,0
-662415,0,0
-675944,0,0
-665689,0,0
-439196,0,0
3269,0,0
294904,0,0
320085,0,0
88274,0,0
-362683,0,0
-623183,0,0
-646265,0,0
-749776,0,0
-566489,0,0
-112689,0,0
195657,0,0
382693,0,0
226279,0,0
-159915,0,0
-511466,0,0
-684190,0,0
-738264,0,0
-601664,0,0
-248166,0,0
133735,0,0
284377,0,0
264419,0,0
18081,0,0
-228993,0,0
-538056,0,0
-645421,0,0
-624399,0,0
-433452,0,0
20757,0,0
363133,0,0
395680,0,0
113225,0,0
-296691,0,0
-630378,0,0
-581315,0,0
-450582,0,0
-440309,0,0
-92954,0,0
166485,0,0
310316,0,0
121203,0,0
-241518,0,0
-546774,0,0
-440814,0,0
-654289,0,0
-684527,0,0
-263424,0,0
115917,0,0
303707,0,0
222657,0,0
-144181,0,0
-469123,0,0
-605702,0,0
-664516,0,0
-674701,0,0
-422507,0,0
-71584,0,0
244843,0,0
287228,0,0
91274,0,0
-305463,0,0
-649112,0,0
-732902,0,0
-694930,0,0
-564787,0,0
-194711,0,0
312274,0,0
312845,0,0
199301,0,0
-103921,0,0
-517467,0,0
-657824,0,0
-632278,0,0
-688575,0,0
-311589,0,0
185077,0,0
272598,0,0
208612,0,0
-37570,0,0
-385153,0,0
-291031,0,0
-340374,0,0
-585841,0,0
-392931,0,0
57622,0,0
320342,0,0
359287,0,0
94891,0,0
-307734,0,0
-425038,0,0
-538323,0,0
-492687,0,0
-353377,0,0
-51244,0,0
221298,0,0
358710,0,0
159493,0,0
-173032,0,0
-505378,0,0
-660885,0,0
-643165,0,0
-544496,0,0
-168279,0,0
276774,0,0
354870,0,0
191249,0,0
-181173,0,0
-564648,0,0
-604581,0,0
-553240,0,0
-630947,0,0
-244415,0,0
132684,0,0
262384,0,0
150314,0,0
-144943,0,0
-485682,0,0
-598273,0,0
-526611,0,0
-528247,0,0
-325257,0,0
88025,0,0
271326,0,0
274431,0,0
-15493,0,0
-378900,0,0
-423129,0,0
-442497,0,0
-530028,0,0
-300072,0,0
37650,0,0
264670,0,0
281202,0,0
39871,0,0
-346413,0,0
-619542,0,0
-697604,0,0
-749793,0,0
-575917,0,0
-153727,0,0
184929,0,0
232526,0,0
110186,0,0
-209077,0,0
-597551,0,0
-754483,0,0
-655480,0,0
-589281,0,0
-330836,0,0
112503,0,0
206100,0,0
152120,0,0
-119392,0,0
-522190,0,0
-619202,0,0
-583652,0,0
-685180,0,0
-488971,0,0
-43106,0,0
98609,0,0
224114,0,0
92442,0,0
-267673,0,0
-410339,0,0
-615892,0,0
-721853,0,0
-597826,0,0
-193595,0,0
161069,0,0
318119,0,0
225731,0,0
-73913,0,0
-395949,0,0
-728966,0,0
-696744,0,0
-660688,0,0
-394804,0,0
118942,0,0
251403,0,0
214330,0,0
34342,0,0
-388039,0,0
-709298,0,0
-645915,0,0
-694959,0,0
-579232,0,0
-110721,0,0
140125,0,0
250162,0,0
123866,0,0
-248935,0,0
-582178,0,0
-615578,0,0
-683423,0,0
-696332,0,0
-370425,0,0
15557,0,0
192238,0,0
148090,0,0
-58965,0,0
-377862,0,0
-600023,0,0
-668355,0,0
-635594,0,0
-453794,0,0
-84025,0,0
187783,0,0
190503,0,0
120967,0,0
-185582,0,0
-514327,0,0
-593930,0,0
-529351,0,0
-553231,0,0
-151315,0,0
201242,0,0
279773,0,0
194623,0,0
-142364,0,0
-522376,0,0
-622493,0,0
-637492,0,0
-659005,0,0
-414062,0,0
40105,0,0
239726,0,0
223818,0,0
-11942,0,0
-372300,0,0
-599085,0,0
-753786,0,0
-669413,0,0
-574145,0,0
-287261,0,0
51761,0,0
198929,0,0
84361,0,0
-189330,0,0
-558583,0,0
-735661,0,0
-620330,0,0
-618834,0,0
-472845,0,0
-54114,0,0
105277,0,0
197942,0,0
110295,0,0
-285581,0,0
-605303,0,0
-629701,0,0
-656333,0,0
-615563,0,0
-216283,0,0
120330,0,0
395772,0,0
321907,0,0
-110705,0,0
-510187,0,0
-708232,0,0
-758627,0,0
-548467,0,0
-272600,0,0
53207,0,0
291536,0,0
213843,0,0
-37321,0,0
-357228,0,0
-589437,0,0
-504810,0,0
-559327,0,0
-625666,0,0
-259684,0,0
92649,0,0
175855,0,0
199236,0,0
-59084,0,0
-509763,0,0
-703133,0,0
-702612,0,0
-730755,0,0
-473974,0,0
80,0,0
176995,0,0
237604,0,0
471,0,0
-354883,0,0
-519112,0,0
-615923,0,0
-660941,0,0
-548079,0,0
-237648,0,0
161843,0,0
318778,0,0
200216,0,0
-79028,0,0
-423798,0,0
-654983,0,0
-661742,0,0
-596153,0,0
-356946,0,0
183822,0,0
435461,0,0
326589,0,0
37666,0,0
-397486,0,0
-589974,0,0
-573244,0,0
-548330,0,0
-319623,0,0
134330,0,0
404163,0,0
436140,0,0
161046,0,0
-267320,0,0
-477738,0,0
-564802,0,0
-603367,0,0
-463254,0,0
-71293,0,0
229894,0,0
365593,0,0
240770,0,0
-184491,0,0
-491730,0,0
-637596,0,0
-625196,0,0
-563825,0,0
-241964,0,0
157992,0,0
378936,0,0
209998,0,0
-55963,0,0
-411002,0,0
-699455,0,0
-628850,0,0
-591620,0,0
-470179,0,0
-4632,0,0
291107,0,0
256620,0,0
101485,0,0
-275059,0,0
-625034,0,0
-660080,0,0
-712495,0,0
-639761,0,0
-178176,0,0
233697,0,0
276498,0,0
166729,0,0
-154665,0,0
-462867,0,0
-523006,0,0
-690477,0,0
-642435,0,0
-395037,0,0
32342,0,0
405446,0,0
