-621543,0,0
-665371,0,0
-608307,0,0
-477723,0,0
-246873,0,0
106032,0,0
269266,0,0
202522,0,0
-137855,0,0
-469003,0,0
-673791,0,0
-679336,0,0
-630517,0,0
-385911,0,0
103184,0,0
235114,0,0
179533,0,0
-51199,0,0
-412834,0,0
-691096,0,0
-624802,0,0
-637842,0,0
-584020,0,0
-116086,0,0
138874,0,0
176176,0,0
138798,0,0
-266872,0,0
-614477,0,0
-601769,0,0
-661890,0,0
-548955,0,0
-179228,0,0
77646,0,0
280153,0,0
173334,0,0
-179185,0,0
-491959,0,0
-533673,0,0
-734752,0,0
-660074,0,0
-388161,0,0
10820,0,0
357322,0,0
342286,0,0
82041,0,0
-381869,0,0
-608823,0,0
-647624,0,0
-556477,0,0
-496946,0,0
-66001,0,0
271153,0,0
281176,0,0
92393,0,0
-372227,0,0
-630936,0,0
-568928,0,0
-631392,0,0
-627395,0,0
-162233,0,0
192276,0,0
300184,0,0
299726,0,0
-85508,0,0
-489863,0,0
-697443,0,0
-747899,0,0
-637008,0,0
-55843,0,0
396094,0,0
651737,0,0
484767,0,0
826,0,0
-548515,0,0
-677167,0,0
-702520,0,0
-658972,0,0
-337909,0,0
16691,0,0
291029,0,0
395872,0,0
45161,0,0
-427999,0,0
-781986,0,0
-730617,0,0
-660667,0,0
-415122,0,0
99430,0,0
484869,0,0
240444,0,0
-5159,0,0
-350563,0,0
-614672,0,0
-550405,0,0
-608440,0,0
-520805,0,0
-55653,0,0
223551,0,0
254505,0,0
150438,0,0
-255179,0,0
-617297,0,0
-625394,0,0
-675904,0,0
-607774,0,0
-164591,0,0
150395,0,0
292230,0,0
230096,0,0
-161803,0,0
-506395,0,0
-650727,0,0
-755037,0,0
-609002,0,0
-239615,0,0
73774,0,0
338929,0,0
254579,0,0
-164023,0,0
-523571,0,0
-730484,0,0
-712024,0,0
-637116,0,0
-466439,0,0
-53701,0,0
213413,0,0
169316,0,0
-933,0,0
-385997,0,0
-629252,0,0
-700902,0,0
-744867,0,0
-643020,0,0
-211877,0,0
113082,0,0
217742,0,0
164400,0,0
-218761,0,0
-643711,0,0
-680670,0,0
-764604,0,0
-712573,0,0
-273636,0,0
114337,0,0
284920,0,0
275978,0,0
-101996,0,0
-486734,0,0
-614932,0,0
-721116,0,0
-677609,0,0
-420140,0,0
-2789,0,0
360830,0,0
294331,0,0
-1959,0,0
-397178,0,0
-629390,0,0
-745651,0,0
-713994,0,0
-524392,0,0
-99102,0,0
319423,0,0
334873,0,0
128510,0,0
-275510,0,0
-606972,0,0
-702794,0,0
-653863,0,0
-626541,0,0
-184141,0,0
247239,0,0
242426,0,0
193273,0,0
-135480,0,0
-499099,0,0
-647024,0,0
-629665,0,0
-645760,0,0
-311148,0,0
98923,0,0
232011,0,0
360112,0,0
12943,0,0
-420886,0,0
-587522,0,0
-626191,0,0
-582052,0,0
-304312,0,0
71298,0,0
322504,0,0
305975,0,0
21852,0,0
-277493,0,0
-543611,0,0
-721912,0,0
-708294,0,0
-431538,0,0
-658,0,0
349229,0,0
436856,0,0
206251,0,0
-211184,0,0
-666069,0,0
-706523,0,0
-590629,0,0
-323006,0,0
123331,0,0
396493,0,0
391221,0,0
260014,0,0
149,0,0
-479549,0,0
-527285,0,0
-577397,0,0
-466616,0,0
-27243,0,0
391297,0,0
521965,0,0
337548,0,0
-148612,0,0
-667099,0,0
-674595,0,0
-659248,0,0
-473778,0,0
80702,0,0
384914,0,0
388453,0,0
180848,0,0
-272148,0,0
-600283,0,0
-673387,0,0
-599729,0,0
-312579,0,0
8144,0,0
181369,0,0
317874,0,0
73400,0,0
-380551,0,0
-293650,0,0
-361192,0,0
-581629,0,0
-358576,0,0
34910,0,0
308147,0,0
359910,0,0
98801,0,0
-313149,0,0
-482747,0,0
-656771,0,0
-620148,0,0
-437435,0,0
-81241,0,0
240105,0,0
264197,0,0
-27755,0,0
-348215,0,0
-609299,0,0
-800933,0,0
-765787,0,0
-623790,0,0
-200541,0,0
213532,0,0
352562,0,0
70154,0,0
-341446,0,0
-656532,0,0
-733429,0,0
-685341,0,0
-632683,0,0
-215106,0,0
145776,0,0
240923,0,0
176537,0,0
-185995,0,0
-592383,0,0
-730741,0,0
-753580,0,0
-676253,0,0
-259377,0,0
115874,0,0
250856,0,0
184472,0,0
-173480,0,0
-551837,0,0
-698786,0,0
-794526,0,0
-650965,0,0
-273894,0,0
90831,0,0
238041,0,0
170114,0,0
-102712,0,0
-434448,0,0
-679901,0,0
-730545,0,0
-629627,0,0
-468388,0,0
-41836,0,0
212472,0,0
174463,0,0
-22138,0,0
-345364,0,0
-671507,0,0
-739064,0,0
-726715,0,0
-586111,0,0
-62407,0,0
238696,0,0
203446,0,0
51937,0,0
-324802,0,0
-693801,0,0
-743818,0,0
-736986,0,0
-713098,0,0
-279786,0,0
139709,0,0
283545,0,0
113637,0,0
-272037,0,0
-636435,0,0
-727478,0,0
-672588,0,0
-641623,0,0
-382050,0,0
-66281,0,0
125863,0,0
139398,0,0
-28852,0,0
-393391,0,0
-640467,0,0
-803033,0,0
-674441,0,0
-465149,0,0
-67387,0,0
242470,0,0
252387,0,0
-15901,0,0
-373608,0,0
-664503,0,0
-659599,0,0
-593806,0,0
-633866,0,0
-315732,0,0
171359,0,0
310189,0,0
259092,0,0
-85380,0,0
-571477,0,0
-750673,0,0
-719061,0,0
-704078,0,0
-438086,0,0
38440,0,0
225313,0,0
213142,0,0
-66632,0,0
-449739,0,0
-683118,0,0
-703312,0,0
-705208,0,0
-598628,0,0
-198504,0,0
76142,0,0
191116,0,0
84419,0,0
-251469,0,0
-554065,0,0
-651918,0,0
-498626,0,0
-617511,0,0
-438819,0,0
-39896,0,0
215575,0,0
227710,0,0
-19274,0,0
-406393,0,0
-653124,0,0
-714929,0,0
-709581,0,0
-550527,0,0
-132865,0,0
227391,0,0
338092,0,0
105966,0,0
-311351,0,0
-601039,0,0
-639797,0,0
-742143,0,0
-647117,0,0
-282556,0,0
80469,0,0
236743,0,0
233213,0,0
-98702,0,0
-460308,0,0
-609868,0,0
-633392,0,0
-672720,0,0
-520435,0,0
-98964,0,0
219821,0,0
336494,0,0
119036,0,0
-272257,0,0
-591704,0,0
-649651,0,0
-657165,0,0
-511906,0,0
-30577,0,0
230768,0,0
288030,0,0
177096,0,0
-149124,0,0
-523619,0,0
-596439,0,0
-616098,0,0
-583458,0,0
-299214,0,0
79424,0,0
323636,0,0
300825,0,0
-30403,0,0
-466478,0,0
-597549,0,0
-648672,0,0
-633278,0,0
-489255,0,0
-64394,0,0
224206,0,0
240823,0,0
60131,0,0
-347834,0,0
-590207,0,0
-661432,0,0
-731060,0,0
-723163,0,0
-246111,0,0
111734,0,0
157983,0,0
196230,0,0
-140136,0,0
-503261,0,0
-712940,0,0
-669712,0,0
-607846,0,0
-319683,0,0
17763,0,0
294054,0,0
310850,0,0
6045,0,0
-462946,0,0
-697245,0,0
-685844,0,0
-625499,0,0
-475365,0,0
-22771,0,0
357382,0,0
265963,0,0
18161,0,0
-357014,0,0
-628503,0,0
-626951,0,0
-548100,0,0
-586380,0,0
-305163,0,0
119231,0,0
283480,0,0
287608,0,0
-40089,0,0
-447802,0,0
-628436,0,0
-666519,0,0
-667467,0,0
-366207,0,0
15538,0,0
306227,0,0
393678,0,0
91683,0,0
-392507,0,0
-630590,0,0
-644915,0,0
-638988,0,0
-503170,0,0
-59181,0,0
235349,0,0
388544,0,0
164706,0,0
-252444,0,0
-539302,0,0
-701519,0,0
-673925,0,0
-653194,0,0
-255065,0,0
253978,0,0
468090,0,0
173143,0,0
-219434,0,0
-561288,0,0
-707869,0,0
-672019,0,0
-645395,0,0
-368630,0,0
25780,0,0
272643,0,0
227524,0,0
-6822,0,0
-455045,0,0
-632556,0,0
-619034,0,0
-729694,0,0
-537853,0,0
-109452,0,0
194074,0,0
285231,0,0
109545,0,0
-295030,0,0
-577183,0,0
-647470,0,0
-710969,0,0
-585305,0,0
-308755,0,0
79160,0,0
268344,0,0
229859,0,0
-82039,0,0
-442388,0,0
-657074,0,0
-682735,0,0
-657796,0,0
-435066,0,0
48735,0,0
232104,0,0
214789,0,0
28839,0,0
-340221,0,0
-582372,0,0
-643410,0,0
-745453,0,0
-680547,0,0
-194505,0,0
233931,0,0
433894,0,0
204627,0,0
-172530,0,0
-613287,0,0
-674685,0,0
-714990,0,0
-575831,0,0
-299538,0,0
32094,0,0
337036,0,0
343444,0,0
27504,0,0
-429260,0,0
-547313,0,0
-668701,0,0
-598160,0,0
-349223,0,0
-40288,0,0
352347,0,0
338148,0,0
75427,0,0
-348561,0,0
-587746,0,0
-619630,0,0
-545596,0,0
-513924,0,0
-45576,0,0
391278,0,0
343837,0,0
131308,0,0
-248813,0,0
-525832,0,0
-621620,0,0
-657328,0,0
-597400,0,0
-71557,0,0
235634,0,0
272265,0,0
236602,0,0
-153961,0,0
-516132,0,0
-645386,0,0
-656469,0,0
-670648,0,0
-247489,0,0
108696,0,0
388523,0,0
253229,0,0
-162043,0,0
-471628,0,0
-587414,0,0
-559538,0,0
-637956,0,0
-407338,0,0
-37038,0,0
269613,0,0
262110,0,0
12834,0,0
-388441,0,0
-694013,0,0
-698202,0,0
-610697,0,0
-494611,0,0
16378,0,0
459195,0,0
324482,0,0
35650,0,0
-348213,0,0
-611650,0,0
-633582,0,0
-553406,0,0
-470104,0,0
-154795,0,0
189861,0,0
209035,0,0
218061,0,0
-141196,0,0
-515181,0,0
-640126,0,0
-727611,0,0
-637995,0,0
-306683,0,0
185652,0,0
459481,0,0
306894,0,0
-162046,0,0
-543450,0,0
-625856,0,0
-789427,0,0
-647497,0,0
-364518,0,0
180188,0,0
387828,0,0
258624,0,0
-62643,0,0
-411022,0,0
-674401,0,0
-575498,0,0
-281196,0,0
-337257,0,0
8098,0,0
217096,0,0
245835,0,0
71899,0,0
-247771,0,0
-554712,0,0
-563929,0,0
-481633,0,0
-432918,0,0
-2026,0,0
253832,0,0
222841,0,0
134918,0,0
-181465,0,0
-530620,0,0
-637969,0,0
-613072,0,0
-499419,0,0
-23231,0,0
227494,0,0
297379,0,0
153137,0,0
-235134,0,0
-579640,0,0
-505763,0,0
-628642,0,0
-474853,0,0
-4397,0,0
190386,0,0
389139,0,0
184894,0,0
-211169,0,0
-520992,0,0
-589606,0,0
-658366,0,0
-588509,0,0
-243377,0,0
166420,0,0
441119,0,0
250827,0,0
-128440,0,0
-499612,0,0
-655759,0,0
-667056,0,0
-530023,0,0
-332359,0,0
110397,0,0
334140,0,0
221503,0,0
-96412,0,0
-504834,0,0
-689089,0,0
-714963,0,0
-646876,0,0
-435334,0,0
39441,0,0
268529,0,0
193949,0,0
-20654,0,0
-450164,0,0
-714284,0,0
-649124,0,0
-551855,0,0
-387728,0,0
25590,0,0
150521,0,0
174793,0,0
33255,0,0
-354249,0,0
-580854,0,0
-662769,0,0
-719051,0,0
-572461,0,0
-161042,0,0
55733,0,0
312259,0,0
118365,0,0
-269595,0,0
-516873,0,0
-638607,0,0
-716105,0,0
-650579,0,0
-315882,0,0
69556,0,0
453716,0,0
225748,0,0
-209713,0,0
-621924,0,0
-798090,0,0
-612436,0,0
-588086,0,0
-449014,0,0
93654,0,0
266107,0,0
104627,0,0
-41822,0,0
-445259,0,0
-696424,0,0
-705596,0,0
-724200,0,0
-491319,0,0
-11775,0,0
183450,0,0
179857,0,0
63393,0,0
-321602,0,0
-508826,0,0
-576782,0,0
-713290,0,0
-634441,0,0
-300445,0,0
46089,0,0
323882,0,0
216571,0,0
-170806,0,0
-511277,0,0
-693449,0,0
-729884,0,0
-685752,0,0
-447494,0,0
-13334,0,0
278819,0,0
263006,0,0
-1881,0,0
-410438,0,0
-702956,0,0
-708988,0,0
-675163,0,0
-585257,0,0
-177177,0,0
152998,0,0
211572,0,0
148552,0,0
-213632,0,0
-624943,0,0
-717135,0,0
-751578,0,0
-656370,0,0
-246697,0,0
82890,0,0
194333,0,0
215118,0,0
-90562,0,0
-463785,0,0
-610154,0,0
-719452,0,0
-666656,0,0
-414122,0,0
-21296,0,0
259796,0,0
291033,0,0
18014,0,0
-365789,0,0
-576284,0,0
-704632,0,0
-639317,0,0
-565914,0,0
-123382,0,0
321127,0,0
354473,0,0
135453,0,0
-209128,0,0
-566345,0,0
-681430,0,0
-607880,0,0
-578361,0,0
-231947,0,0
135250,0,0
255839,0,0
209918,0,0
-73562,0,0
-412337,0,0
-567409,0,0
-683232,0,0
-725607,0,0
-429926,0,0
-8981,0,0
151472,0,0
257581,0,0
-13424,0,0
-364635,0,0
-558279,0,0
-603773,0,0
-616833,0,0
-455240,0,0
-109436,0,0
129518,0,0
216762,0,0
126772,0,0
-235343,0,0
-543843,0,0
-543810,0,0
-607390,0,0
-553633,0,0
-231280,0,0
187666,0,0
347297,0,0
217988,0,0
-117040,0,0
-476168,0,0
-625420,0,0
-660444,0,0
-609688,0,0
-256092,0,0
223228,0,0
332516,0,0
221661,0,0
-133944,0,0
-574122,0,0
-619426,0,0
-602154,0,0
-646155,0,0
-414536,0,0
-11113,0,0
179405,0,0
247427,0,0
-22080,0,0
-404809,0,0
-600448,0,0
-696253,0,0
-663599,0,0
-510705,0,0
-120104,0,0
168234,0,0
287605,0,0
152047,0,0
-213248,0,0
-523672,0,0
-671086,0,0
-626500,0,0
-485328,0,0
-133866,0,0
215393,0,0
327618,0,0
152399,0,0
-158395,0,0
-529885,0,0
-639879,0,0
-588901,0,0
-574990,0,0
-203358,0,0
257621,0,0
295999,0,0
250336,0,0
-62944,0,0
-513438,0,0
-599717,0,0
-681436,0,0
-718482,0,0
-372577,0,0
108006,0,0
276027,0,0
238655,0,0
-37389,0,0
-433736,0,0
-557465,0,0
-701390,0,0
-693111,0,0
-457832,0,0
-30279,0,0
215735,0,0
339571,0,0
75717,0,0
-299298,0,0
-566247,0,0
-717635,0,0
-622506,0,0
-426884,0,0
-57048,0,0
287335,0,0
409841,0,0
126355,0,0
-328523,0,0
-602894,0,0
-674192,0,0
-696311,0,0
-664653,0,0
-101739,0,0
326069,0,0
235480,0,0
166977,0,0
-162090,0,0
-525635,0,0
-721853,0,0
-696336,0,0
-575842,0,0
-92708,0,0
202397,0,0
272191,0,0
205457,0,0
-129014,0,0
-533737,0,0
-662349,0,0
-660916,0,0
-692058,0,0
-494182,0,0
-41354,0,0
254789,0,0
243599,0,0
1677,0,0
-413163,0,0
-571496,0,0
-699743,0,0
-716411,0,0
-584705,0,0
-179816,0,0
194120,0,0
356114,0,0
107493,0,0
-267183,0,0
-553880,0,0
-609536,0,0
-632115,0,0
-647907,0,0
-225888,0,0
249703,0,0
482807,0,0
293892,0,0
-53649,0,0
-554326,0,0
-661281,0,0
-539750,0,0
-539671,0,0
-167271,0,0
186751,0,0
354697,0,0
250136,0,0
-122939,0,0
-552294,0,0
-494381,0,0
-662210,0,0
-589026,0,0
-219613,0,0
139781,0,0
223831,0,0
166357,0,0
-100519,0,0
-432610,0,0
-605758,0,0
-624259,0,0
-633090,0,0
-437552,0,0
6532,0,0
344728,0,0
285165,0,0
10829,0,0
-369352,0,0
-620094,0,0
-656834,0,0
-587178,0,0
-487581,0,0
-126834,0,0
232462,0,0
384119,0,0
155529,0,0
-133415,0,0
-577260,0,0
-717748,0,0
-727665,0,0
-495236,0,0
103592,0,0
411508,0,0
292138,0,0
137759,0,0
-205155,0,0
-619891,0,0
-646028,0,0
-592394,0,0
-405913,0,0
2180,0,0
253785,0,0
291381,0,0
206350,0,0
-178248,0,0
-576189,0,0
-680335,0,0
-672819,0,0
-564847,0,0
-126375,0,0
337383,0,0
410052,0,0
237329,0,0
-199249,0,0
-594815,0,0
-701942,0,0
-644788,0,0
-501686,0,0
-166309,0,0
194779,0,0
277343,0,0
129034,0,0
-232175,0,0
-580944,0,0
-756160,0,0
-758295,0,0
-681907,0,0
-362763,0,0
124348,0,0
300308,0,0
241295,0,0
-127406,0,0
-501867,0,0
-733635,0,0
-734468,0,0
-690045,0,0
-413875,0,0
34079,0,0
278884,0,0
322572,0,0
98524,0,0
-307892,0,0
-637494,0,0
-696197,0,0
-710345,0,0
-471405,0,0
-51972,0,0
201348,0,0
264544,0,0
64586,0,0
-271801,0,0
-590494,0,0
-581734,0,0
-622383,0,0
-602851,0,0
-292826,0,0
71369,0,0
429368,0,0
363790,0,0
-54826,0,0
-446933,0,0
-639324,0,0
-703427,0,0
-696846,0,0
-255567,0,0
359872,0,0
590291,0,0
326066,0,0
-167845,0,0
-518777,0,0
-655996,0,0
-691959,0,0
-618245,0,0
-282621,0,0
142178,0,0
338073,0,0
262691,0,0
-47087,0,0
-475161,0,0
-708780,0,0
-714309,0,0
-634419,0,0
-372162,0,0
29550,0,0
196281,0,0
231458,0,0
-33641,0,0
-400456,0,0
-614271,0,0
-695452,0,0
-739617,0,0
-499330,0,0
11158,0,0
262274,0,0
292389,0,0
-23289,0,0
-437367,0,0
-671626,0,0
-646550,0,0
-625360,0,0
-538753,0,0
-117380,0,0
222757,0,0
280491,0,0
17699,0,0
-285727,0,0
-548423,0,0
-699255,0,0
-680497,0,0
-601210,0,0
-209923,0,0
76329,0,0
237026,0,0
227374,0,0
-51744,0,0
-180813,0,0
-395819,0,0
-653801,0,0
-675185,0,0
-238435,0,0
132161,0,0
330377,0,0
217849,0,0
-98830,0,0
-518252,0,0
-732116,0,0
-726016,0,0
-634357,0,0
-246250,0,0
128675,0,0
261713,0,0
92143,0,0
-157773,0,0
-489735,0,0
-724663,0,0
-751286,0,0
-588104,0,0
-303846,0,0
-52930,0,0
114277,0,0
248602,0,0
29254,0,0
-396252,0,0
-702390,0,0
-626344,0,0
-527885,0,0
-542441,0,0
-179118,0,0
224456,0,0
303200,0,0
195780,0,0
-190618,0,0
-474990,0,0
-613735,0,0
-584443,0,0
-605178,0,0
-187456,0,0
277478,0,0
300669,0,0
194817,0,0
-179243,0,0
-528184,0,0
-626445,0,0
-651542,0,0
-710448,0,0
-320796,0,0
66066,0,0
168592,0,0
244246,0,0
-100437,0,0
-448823,0,0
-686886,0,0
-686059,0,0
-693748,0,0
-431162,0,0
-57755,0,0
212150,0,0
303174,0,0
-8819,0,0
-385364,0,0
-630176,0,0
-709615,0,0
-695642,0,0
-564588,0,0
-192472,0,0
232265,0,0
337915,0,0
93637,0,0
-263573,0,0
-569924,0,0
-664039,0,0
-693479,0,0
-615939,0,0
-250807,0,0
214722,0,0
283966,0,0
221466,0,0
-90538,0,0
-499667,0,0
-638113,0,0
-660830,0,0
-678898,0,0
-370244,0,0
83006,0,0
313273,0,0
248392,0,0
-46394,0,0
-482983,0,0
-654354,0,0
-704329,0,0
-675724,0,0
-477030,0,0
-7828,0,0
300692,0,0
392558,0,0
8178,0,0
-505843,0,0
-724970,0,0
-672565,0,0
-509846,0,0
-462136,0,0
-126093,0,0
138850,0,0
298614,0,0
88231,0,0
-262842,0,0
-527615,0,0
-619279,0,0
-637958,0,0
-636907,0,0
-216800,0,0
151716,0,0
264612,0,0
228948,0,0
-65812,0,0
-427504,0,0
-617204,0,0
-677937,0,0
-693215,0,0
-245794,0,0
166779,0,0
364258,0,0
267544,0,0
-79788,0,0
-539870,0,0
-687132,0,0
-704080,0,0
-654725,0,0
-310847,0,0
30566,0,0
249581,0,0
272024,0,0
-18348,0,0
-459665,0,0
-647670,0,0
-693837,0,0
-693422,0,0
-531976,0,0
-140569,0,0
281842,0,0
357488,0,0
41125,0,0
-391818,0,0
-658993,0,0
-798550,0,0
-668522,0,0
-602432,0,0
-209749,0,0
240424,0,0
302470,0,0
177004,0,0
-216773,0,0
-584797,0,0
-727716,0,0
-630938,0,0
-643419,0,0
-306868,0,0
143270,0,0
258743,0,0
264073,0,0
-73185,0,0
-484321,0,0
-676857,0,0
-672875,0,0
-697466,0,0
-436519,0,0
-54602,0,0
195083,0,0
303625,0,0
48405,0,0
-350205,0,0
-623153,0,0
-679331,0,0
-668749,0,0
-534545,0,0
-216552,0,0
185791,0,0
353108,0,0
148470,0,0
-199041,0,0
-561400,0,0
-692747,0,0
-673367,0,0
-584414,0,0
-304595,0,0
135879,0,0
288550,0,0
174311,0,0
-92840,0,0
-519649,0,0
-658932,0,0
-654078,0,0
-617899,0,0
-385042,0,0
90068,0,0
160808,0,0
233114,0,0
69776,0,0
-234720,0,0
-560622,0,0
-710202,0,0
-683084,0,0
-474061,0,0
-104881,0,0
114147,0,0
470943,0,0
310476,0,0
-219416,0,0
-588759,0,0
-705916,0,0
-673108,0,0
-545068,0,0
-158675,0,0
176686,0,0
292059,0,0
106462,0,0
-239829,0,0
-536088,0,0
-662200,0,0
-523163,0,0
-594978,0,0
-360600,0,0
41144,0,0
292369,0,0
156967,0,0
-86938,0,0
-486285,0,0
-658443,0,0
-630819,0,0
-681490,0,0
-419657,0,0
72630,0,0
225400,0,0
222697,0,0
49425,0,0
-381771,0,0
-621352,0,0
-709604,0,0
-724634,0,0
-506206,0,0
-60751,0,0
262209,0,0
330397,0,0
89541,0,0
-302128,0,0
-592115,0,0
-693583,0,0
-705778,0,0
-566564,0,0
-215436,0,0
228512,0,0
349150,0,0
208996,0,0
-126204,0,0
-444436,0,0
-668467,0,0
-594744,0,0
-580915,0,0
-373342,0,0
99545,0,0
307426,0,0
291281,0,0
21626,0,0
-388128,0,0
-649781,0,0
-642795,0,0
-621555,0,0
-460729,0,0
98690,0,0
297230,0,0
335375,0,0
74901,0,0
-365027,0,0
-607673,0,0
-467928,0,0
-553376,0,0
-360711,0,0
105991,0,0
307428,0,0
341665,0,0
88357,0,0
-307638,0,0
-454828,0,0
-610728,0,0
-704286,0,0
-541318,0,0
31479,0,0
435964,0,0
560185,0,0
225583,0,0
-282170,0,0
-586432,0,0
-601004,0,0
-609712,0,0
-395269,0,0
29415,0,0
405486,0,0
443538,0,0
198150,0,0
-181078,0,0
-465980,0,0
-556921,0,0
-454818,0,0
-455862,0,0
-153556,0,0
269652,0,0
332284,0,0
161725,0,0
-62097,0,0
-396438,0,0
-477368,0,0
-552450,0,0
-541299,0,0
-100093,0,0
320086,0,0
352685,0,0
136667,0,0
-249378,0,0
-649020,0,0
-621599,0,0
-536085,0,0
-490809,0,0
-92940,0,0
199507,0,0
242337,0,0
164301,0,0
-249560,0,0
-626129,0,0
-605864,0,0
-532464,0,0
-563993,0,0
-263696,0,0
66702,0,0
324084,0,0
312669,0,0
-45351,0,0
-437215,0,0
-545636,0,0
-670146,0,0
-440569,0,0
-254931,0,0
73470,0,0
412959,0,0
346873,0,0
-26927,0,0
-310811,0,0
-481821,0,0
-704287,0,0
-585511,0,0
-176857,0,0
187251,0,0
369744,0,0
194819,0,0
-140454,0,0
-367256,0,0
-621272,0,0
-697041,0,0
-660421,0,0
-404655,0,0
86364,0,0
270462,0,0
152508,0,0
-151619,0,0
-531566,0,0
-673803,0,0
-608180,0,0
-681445,0,0
-488123,0,0
39989,0,0
231738,0,0
203464,0,0
-31605,0,0
-405277,0,0
-599798,0,0
-536277,0,0
-671808,0,0
-441229,0,0
40968,0,0
239696,0,0
258522,0,0
1478,0,0
-444307,0,0
-643731,0,0
-726179,0,0
-772010,0,0
-622043,0,0
-181641,0,0
155694,0,0
297409,0,0
123239,0,0
-290802,0,0
-698586,0,0
-787222,0,0
-793288,0,0
-665434,0,0
-299056,0,0
135946,0,0
235243,0,0
97402,0,0
-194224,0,0
-469860,0,0
-712940,0,0
-726704,0,0
-644910,0,0
-333843,0,0
77836,0,0
272483,0,0
211640,0,0
-36710,0,0
-440468,0,0
-613579,0,0
-615888,0,0
-602943,0,0
-337241,0,0
87609,0,0
264839,0,0
278202,0,0
10999,0,0
-475458,0,0
-595726,0,0
-566827,0,0
-672649,0,0
-437276,0,0
-20889,0,0
210661,0,0
264542,0,0
-4584,0,0
-398896,0,0
-637856,0,0
-715905,0,0
-647113,0,0
-476598,0,0
-175635,0,0
174235,0,0
321867,0,0
103849,0,0
-264008,0,0
-577293,0,0
-700659,0,0
-648439,0,0
-531425,0,0
-241972,0,0
144551,0,0
209106,0,0
101112,0,0
-217837,0,0
-513706,0,0
-696403,0,0
-653795,0,0
-725165,0,0
-483532,0,0
64975,0,0
325316,0,0
259830,0,0
-69793,0,0
-524292,0,0
-660512,0,0
-756721,0,0
-761949,0,0
-546022,0,0
-31771,0,0
257396,0,0
263683,0,0
32826,0,0
-390613,0,0
-636828,0,0
-745031,0,0
-729498,0,0
-640682,0,0
-256711,0,0
98060,0,0
438979,0,0
375969,0,0
-74607,0,0
-533203,0,0
-769225,0,0
-684360,0,0
-667652,0,0
-285997,0,0
190652,0,0
372538,0,0
196994,0,0
-121186,0,0
-507560,0,0
-723346,0,0
-651039,0,0
-619052,0,0
-349041,0,0
41788,0,0
230974,0,0
196611,0,0
-61936,0,0
-425186,0,0
-515950,0,0
-302475,0,0
-501751,0,0
-458724,0,0
-62579,0,0
201166,0,0
335453,0,0
160056,0,0
-258880,0,0
-601110,0,0
-639548,0,0
-646610,0,0
-482513,0,0
-116751,0,0
221664,0,0
320746,0,0
149093,0,0
-282543,0,0
-581002,0,0
-692115,0,0
-671559,0,0
-587426,0,0
-185528,0,0
242870,0,0
290661,0,0
131480,0,0
-187009,0,0
-519448,0,0
-692989,0,0
-655686,0,0
-642058,0,0
-300216,0,0
131267,0,0
279999,0,0
227436,0,0
-60909,0,0
-457714,0,0
-653391,0,0
-617114,0,0
-626396,0,0
-362860,0,0
46830,0,0
320666,0,0
330779,0,0
-3862,0,0
-451126,0,0
-551020,0,0
-576218,0,0
-621088,0,0
-474338,0,0
-38273,0,0
282744,0,0
318190,0,0
31481,0,0
-360975,0,0
-556416,0,0
-673897,0,0
-689988,0,0
-529249,0,0
-106414,0,0
278317,0,0
242375,0,0
125620,0,0
-247051,0,0
-597128,0,0
-710946,0,0
-711207,0,0
-603890,0,0
-175319,0,0
235824,0,0
269510,0,0
139690,0,0
-205435,0,0
-569048,0,0
-705841,0,0
-698450,0,0
-622149,0,0
-292562,0,0
229037,0,0
357840,0,0
287897,0,0
-27198,0,0
-414317,0,0
-648548,0,0
-721138,0,0
-678044,0,0
-370296,0,0
134278,0,0
422340,0,0
352520,0,0
-85276,0,0
-542586,0,0
-716072,0,0
-722970,0,0
-632032,0,0
-427816,0,0
78124,0,0
294664,0,0
306177,0,0
15928,0,0
-410928,0,0
-627999,0,0
-705483,0,0
-639877,0,0
-488737,0,0
-56884,0,0
211333,0,0
316774,0,0
128338,0,0
-190480,0,0
-525622,0,0
-766174,0,0
-712106,0,0
-581537,0,0
14386,0,0
254334,0,0
300569,0,0
193258,0,0
-192390,0,0
-581488,0,0
-646032,0,0
-672281,0,0
-648425,0,0
-188344,0,0
164206,0,0
181468,0,0
203168,0,0
-31030,0,0
-403002,0,0
-710736,0,0
-710610,0,0
-649800,0,0
-462805,0,0
-89918,0,0
276053,0,0
261259,0,0
9847,0,0
-394824,0,0
-557378,0,0
-706604,0,0
-671791,0,0
-495217,0,0
-8364,0,0
382090,0,0
328674,0,0
80579,0,0
-353237,0,0
-681921,0,0
-715290,0,0
-594247,0,0
-508140,0,0
-31634,0,0
214860,0,0
166284,0,0
120024,0,0
-224078,0,0
-563391,0,0
-665796,0,0
-643466,0,0
-581155,0,0
-132497,0,0
145226,0,0
291163,0,0
166971,0,0
-223670,0,0
-575873,0,0
-683360,0,0
-687559,0,0
-641883,0,0
-333904,0,0
113654,0,0
347332,0,0
157328,0,0
-135539,0,0
-439699,0,0
-654910,0,0
-657405,0,0
-697685,0,0
-453371,0,0
10371,0,0
404854,0,0
359320,0,0
46691,0,0
-400031,0,0
-683838,0,0
-689579,0,0
-663689,0,0
-485242,0,0
-11694,0,0
310930,0,0
198525,0,0
80289,0,0
-335983,0,0
-636048,0,0
-643371,0,0
-677340,0,0
-603121,0,0
-229246,0,0
179159,0,0
288145,0,0
215076,0,0
-226316,0,0
-594024,0,0
-580290,0,0
-618503,0,0
-669969,0,0
-424842,0,0
21027,0,0
355986,0,0
369696,0,0
55903,0,0
-309393,0,0
-630030,0,0
-758286,0,0
-619504,0,0
-402542,0,0
80638,0,0
328757,0,0
402760,0,0
116981,0,0
-281031,0,0
-606442,0,0
-615469,0,0
-679202,0,0
-564750,0,0
24983,0,0
501081,0,0
563919,0,0
157790,0,0
-318820,0,0
-623075,0,0
-413927,0,0
-539550,0,0
-481191,0,0
28088,0,0
282128,0,0
335435,0,0
78549,0,0
-267810,0,0
-514862,0,0
-600473,0,0
-708237,0,0
-540441,0,0
-34159,0,0
247499,0,0
316627,0,0
88196,0,0
-315668,0,0
-604273,0,0
-650693,0,0
-732149,0,0
-495798,0,0
-128263,0,0
154027,0,0
352536,0,0
110206,0,0
-252435,0,0
-544346,0,0
-550969,0,0
-655122,0,0
-479697,0,0
-194213,0,0
171758,0,0
389974,0,0
162850,0,0
-218129,0,0
-565724,0,0
-615582,0,0
-654062,0,0
-656878,0,0
-363338,0,0
258294,0,0
526532,0,0
285201,0,0
-120072,0,0
-553168,0,0
-696231,0,0
-659838,0,0
-564919,0,0
-220930,0,0
343878,0,0
327147,0,0
143087,0,0
-166415,0,0
-492868,0,0
-520484,0,0
-688085,0,0
-713976,0,0
-371832,0,0
21803,0,0
171461,0,0
381512,0,0
229568,0,0
-238365,0,0
-435234,0,0
-370792,0,0
-379045,0,0
-169224,0,0
218211,0,0
518252,0,0
581901,0,0
246887,0,0
-134993,0,0
-257632,0,0
-302088,0,0
-132627,0,0
-58397,0,0
167655,0,0
430578,0,0
437550,0,0
158452,0,0
-255745,0,0
-496862,0,0
-640991,0,0
-523191,0,0
-311532,0,0
112740,0,0
328175,0,0
247658,0,0
-17788,0,0
-330217,0,0
-581896,0,0
-593999,0,0
-330319,0,0
-147549,0,0
245667,0,0
422891,0,0
336328,0,0
65268,0,0
-272213,0,0
-546429,0,0
-526821,0,0
-535631,0,0
-310143,0,0
227895,0,0
434508,0,0
398386,0,0
95100,0,0
-263567,0,0
-496758,0,0
-440019,0,0
-568025,0,0
-391359,0,0
21031,0,0
169276,0,0
229710,0,0
43213,0,0
-391868,0,0
-764899,0,0
-763116,0,0
-782503,0,0
-560943,0,0
-147447,0,0
133196,0,0
243484,0,0
-95702,0,0
-476432,0,0
-717305,0,0
-720460,0,0
-786120,0,0
-641032,0,0
-333615,0,0
25002,0,0
246076,0,0
80670,0,0
-263249,0,0
-586474,0,0
-744312,0,0
-786150,0,0
-785832,0,0
-447338,0,0
84008,0,0
321579,0,0
170413,0,0
-136496,0,0
-365368,0,0
-481179,0,0
-687520,0,0
-695553,0,0
-322626,0,0
179108,0,0
264896,0,0
163596,0,0
-188136,0,0
-569945,0,0
-617512,0,0
-746125,0,0
-768209,0,0
-303765,0,0
62723,0,0
158796,0,0
151868,0,0
-158543,0,0
-538847,0,0
-665198,0,0
-707123,0,0
-617700,0,0
-401192,0,0
-59428,0,0
214758,0,0
282334,0,0
-58997,0,0
-439204,0,0
-623872,0,0
-758666,0,0
-663199,0,0
-364800,0,0
98343,0,0
340828,0,0
312272,0,0
-34954,0,0
-412903,0,0
-668003,0,0
-703631,0,0
-581347,0,0
-507777,0,0
-62828,0,0
297650,0,0
333688,0,0
70209,0,0
-322972,0,0
-639976,0,0
-641165,0,0
-551003,0,0
-492153,0,0
-60500,0,0
233668,0,0
229479,0,0
24384,0,0
-380593,0,0
-680483,0,0
-668160,0,0
-750857,0,0
-634453,0,0
-186582,0,0
208952,0,0
295622,0,0
127999,0,0
-308088,0,0
-682637,0,0
-724315,0,0
-745672,0,0
-731850,0,0
-368207,0,0
46168,0,0
384353,0,0
246493,0,0
-180990,0,0
-585649,0,0
-733375,0,0
-689464,0,0
-451850,0,0
-301708,0,0
46216,0,0
381585,0,0
259442,0,0
-69493,0,0
-482178,0,0
-660089,0,0
-685780,0,0
-484373,0,0
-197139,0,0
170494,0,0
327431,0,0
294109,0,0
10132,0,0
-533848,0,0
-734653,0,0
-680671,0,0
-681512,0,0
-510226,0,0
49222,0,0
370807,0,0
185231,0,0
-32307,0,0
-412676,0,0
-637744,0,0
-721081,0,0
-749422,0,0
-542042,0,0
-16001,0,0
106784,0,0
216456,0,0
51446,0,0
-364159,0,0
-517141,0,0
-656828,0,0
-787672,0,0
-602647,0,0
-209075,0,0
119714,0,0
303164,0,0
112615,0,0
-206837,0,0
-468752,0,0
-685359,0,0
-724049,0,0
-654345,0,0
-309711,0,0
77392,0,0
280865,0,0
206160,0,0
-68600,0,0
-425703,0,0
-686636,0,0
-732376,0,0
-693975,0,0
-382117,0,0
153031,0,0
296991,0,0
176651,0,0
-76029,0,0
-449361,0,0
-647432,0,0
-654636,0,0
-690991,0,0
-512703,0,0
-32534,0,0
225261,0,0
267718,0,0
62430,0,0
-314436,0,0
-529726,0,0
-686158,0,0
-732935,0,0
-574876,0,0
-148933,0,0
157190,0,0
324966,0,0
129249,0,0
-303794,0,0
-578670,0,0
-731351,0,0
-714850,0,0
-601605,0,0
-299754,0,0
101296,0,0
234155,0,0
125151,0,0
-119165,0,0
-423570,0,0
-719682,0,0
-749948,0,0
-646788,0,0
-492326,0,0
-50784,0,0
243546,0,0
231833,0,0
14279,0,0
-373941,0,0
-688177,0,0
-698044,0,0
-755377,0,0
-653977,0,0
-196618,0,0
165619,0,0
240543,0,0
205617,0,0
-167927,0,0
-564490,0,0
-702538,0,0
-692129,0,0
-701626,0,0
-427368,0,0
-20500,0,0
312616,0,0
182583,0,0
-104073,0,0
-412497,0,0
-620162,0,0
-632707,0,0
-588511,0,0
-578011,0,0
-111122,0,0
227656,0,0
372099,0,0
226329,0,0
-166913,0,0
-546489,0,0
-674444,0,0
-622829,0,0
-495814,0,0
58562,0,0
469481,0,0
427083,0,0
171848,0,0
-238654,0,0
-598122,0,0
-565802,0,0
-536068,0,0
-535971,0,0
-210269,0,0
121160,0,0
297474,0,0
267060,0,0
-127570,0,0
-488330,0,0
-553229,0,0
-634719,0,0
-592290,0,0
-131342,0,0
333725,0,0
496938,0,0
343964,0,0
-87289,0,0
-338570,0,0
-403550,0,0
-552352,0,0
-531259,0,0
-249560,0,0
137064,0,0
259867,0,0
163261,0,0
-77925,0,0
-288756,0,0
-635082,0,0
-701351,0,0
-689886,0,0
-461700,0,0
34011,0,0
294790,0,0
213855,0,0
-36441,0,0
-383246,0,0
-694275,0,0
-740190,0,0
-705413,0,0
-478310,0,0
-41037,0,0
165418,0,0
213938,0,0
22107,0,0
-398559,0,0
-622712,0,0
-624222,0,0
-662335,0,0
-554542,0,0
-139816,0,0
218734,0,0
341770,0,0
177726,0,0
-225259,0,0
-552967,0,0
-555005,0,0
-587395,0,0
-519724,0,0
3855,0,0
382801,0,0
477605,0,0
229780,0,0
-226225,0,0
-465414,0,0
-524224,0,0
-496500,0,0
-397795,0,0
6351,0,0
348217,0,0
502148,0,0
272761,0,0
-87259,0,0
-295846,0,0
-416698,0,0
-466674,0,0
-504040,0,0
-83297,0,0
299250,0,0
364528,0,0
174842,0,0
-112511,0,0
-350904,0,0
-456339,0,0
-408987,0,0
-529292,0,0
-286263,0,0
182757,0,0
418792,0,0
299426,0,0
-4519,0,0
-378843,0,0
-313321,0,0
-442783,0,0
-506454,0,0
-115414,0,0
290175,0,0
490162,0,0
341732,0,0
-2651,0,0
-493825,0,0
-652145,0,0
-620146,0,0
-593984,0,0
-336043,0,0
109802,0,0
298378,0,0
197673,0,0
-147955,0,0
-345906,0,0
-333845,0,0
-539523,0,0
-563260,0,0
-305096,0,0
50459,0,0
192937,0,0
188081,0,0
-84219,0,0
-283386,0,0
-351462,0,0
-402504,0,0
-332824,0,0
-148519,0,0
183453,0,0
337167,0,0
205198,0,0
-36451,0,0
-281212,0,0
-454526,0,0
-531087,0,0
-445378,0,0
-139288,0,0
226437,0,0
344598,0,0
255003,0,0
-39626,0,0
-445576,0,0
-654235,0,0
-838328,0,0
-849543,0,0
-460225,0,0
84350,0,0
266828,0,0
172862,0,0
-151691,0,0
-568239,0,0
-744536,0,0
-757991,0,0
-768075,0,0
-470394,0,0
43554,0,0
308252,0,0
276155,0,0
-101929,0,0
-518724,0,0
-583852,0,0
-607104,0,0
-553720,0,0
-348207,0,0
125767,0,0
270361,0,0
210212,0,0
-102323,0,0
-472688,0,0
-648536,0,0
-654764,0,0
-591891,0,0
-458898,0,0
20017,0,0
271450,0,0
248215,0,0
-57272,0,0
-436722,0,0
-609040,0,0
-684339,0,0
-618687,0,0
-491876,0,0
-52694,0,0
243309,0,0
285657,0,0
1035,0,0
-432486,0,0
-751831,0,0
-688015,0,0
-652415,0,0
-555647,0,0
-145541,0,0
192737,0,0
242084,0,0
37335,0,0
-320332,0,0
-685150,0,0
-772221,0,0
-783175,0,0
-602104,0,0
57095,0,0
389877,0,0
441466,0,0
158786,0,0
-321621,0,0
-737688,0,0
-745838,0,0
-716777,0,0
-563651,0,0
-73575,0,0
349017,0,0
427352,0,0
152293,0,0
-282108,0,0
-645160,0,0
-652783,0,0
-701940,0,0
-513600,0,0
-254403,0,0
185962,0,0
362524,0,0
176587,0,0
-126226,0,0
-475309,0,0
-522134,0,0
-672944,0,0
-629850,0,0
-296036,0,0
172036,0,0
336343,0,0
144383,0,0
-170746,0,0
-522757,0,0
-651552,0,0
-703508,0,0
-666612,0,0
-310902,0,0
194515,0,0
243356,0,0
195252,0,0
-96978,0,0
-514604,0,0
-705384,0,0
-724182,0,0
-680441,0,0
-385687,0,0
35621,0,0
137074,0,0
258525,0,0
-100340,0,0
-428233,0,0
-470344,0,0
-608178,0,0
-639574,0,0
-420728,0,0
13861,0,0
312650,0,0
422508,0,0
158198,0,0
-354537,0,0
-530850,0,0
-681559,0,0
-554431,0,0
-150222,0,0
373646,0,0
620853,0,0
572320,0,0
172854,0,0
-256427,0,0
-473797,0,0
-447345,0,0
-50222,0,0
156168,0,0
534153,0,0
686996,0,0
632465,0,0
329872,0,0
-60461,0,0
-277748,0,0
-227433,0,0
-156721,0,0
-63029,0,0
397609,0,0
605346,0,0
545782,0,0
209584,0,0
-190626,0,0
-529776,0,0
-467776,0,0
-494946,0,0
-276966,0,0
220954,0,0
292435,0,0
167849,0,0
-112193,0,0
-276561,0,0
-307137,0,0
-305374,0,0
-509306,0,0
-358312,0,0
-14252,0,0
132024,0,0
239762,0,0
96546,0,0
-195309,0,0
-238148,0,0
-357361,0,0
-683181,0,0
-295450,0,0
120653,0,0
261479,0,0
243888,0,0
-81916,0,0
-446449,0,0
-701074,0,0
-664283,0,0
-655924,0,0
-303595,0,0
-30419,0,0
245219,0,0
164289,0,0
-192760,0,0
-552510,0,0
-801235,0,0
-848727,0,0
-801653,0,0
-538897,0,0
-170546,0,0
286490,0,0
246666,0,0
-86762,0,0
-503760,0,0
-801846,0,0
-761228,0,0
-713585,0,0
-512009,0,0
-90718,0,0
285221,0,0
185207,0,0
-60281,0,0
-408000,0,0
-774919,0,0
-708359,0,0
-633658,0,0
-424211,0,0
63278,0,0
310680,0,0
217119,0,0
-25516,0,0
-478243,0,0
-650430,0,0
-486636,0,0
-492559,0,0
-242252,0,0
265291,0,0
512728,0,0
437599,0,0
142095,0,0
-225169,0,0
-326068,0,0
-165425,0,0
-203998,0,0
105548,0,0
424376,0,0
655990,0,0
643519,0,0
410516,0,0
51292,0,0
-61488,0,0
-195942,0,0
-248450,0,0
110766,0,0
427429,0,0
689072,0,0
634686,0,0
346851,0,0
-53047,0,0
-129227,0,0
-169343,0,0
-106592,0,0
121067,0,0
322956,0,0
550432,0,0
447175,0,0
132872,0,0
-228332,0,0
-364400,0,0
-522548,0,0
-333336,0,0
-135739,0,0
151304,0,0
405539,0,0
276940,0,0
73803,0,0
-219779,0,0
-423524,0,0
-668233,0,0
-556871,0,0
-464633,0,0
-82496,0,0
235089,0,0
152216,0,0
-124272,0,0
-485770,0,0
-737286,0,0
-852648,0,0
-908902,0,0
-711093,0,0
-240016,0,0
102665,0,0
81157,0,0
-196653,0,0
-618264,0,0
-892999,0,0
-948030,0,0
-955851,0,0
-642021,0,0
-65495,0,0
-2318,0,0
35490,0,0
-197564,0,0
-578403,0,0
-824739,0,0
-922051,0,0
-954858,0,0
-702244,0,0
-236486,0,0
-23485,0,0
69628,0,0
-166839,0,0
-450789,0,0
-660967,0,0
-816279,0,0
-889337,0,0
-751853,0,0
-371835,0,0
-41305,0,0
211387,0,0
8898,0,0
-313143,0,0
-589759,0,0
-845126,0,0
-785099,0,0
-780981,0,0
-425278,0,0
48935,0,0
218743,0,0
59656,0,0
-227853,0,0
-606469,0,0
-825354,0,0
-726862,0,0
-722937,0,0
-448961,0,0
-49845,0,0
83302,0,0
164375,0,0
-65497,0,0
-527627,0,0
-712486,0,0
-611586,0,0
-662969,0,0
-368973,0,0
9819,0,0
148899,0,0
194606,0,0
-11489,0,0
-384948,0,0
-527815,0,0
-659285,0,0
-708448,0,0
-453720,0,0
-129179,0,0
206558,0,0
308303,0,0
44507,0,0
-331001,0,0
-456652,0,0
-705076,0,0
-791582,0,0
-636092,0,0
-199614,0,0
219061,0,0
295495,0,0
83666,0,0
-331233,0,0
-642081,0,0
-809914,0,0
-759206,0,0
-697080,0,0
-298053,0,0
166524,0,0
224262,0,0
165519,0,0
-163790,0,0
-584614,0,0
-754604,0,0
-697605,0,0
-688469,0,0
-347335,0,0
51177,0,0
151901,0,0
185452,0,0
-84280,0,0
-468341,0,0
-676114,0,0
-682953,0,0
-766087,0,0
-530723,0,0
-139062,0,0
161407,0,0
332799,0,0
14466,0,0
-469587,0,0
-741393,0,0
-832849,0,0
-742242,0,0
-459377,0,0
-102302,0,0
78549,0,0
201771,0,0
5107,0,0
-365808,0,0
-642020,0,0
-762235,0,0
-706239,0,0
-589811,0,0
-349934,0,0
25711,0,0
116253,0,0
70509,0,0
-111682,0,0
-482620,0,0
-629758,0,0
-715149,0,0
-732752,0,0
-540166,0,0
-71741,0,0
156415,0,0
169239,0,0
29426,0,0
-332237,0,0
-572811,0,0
-672157,0,0
-733327,0,0
-666403,0,0
-295469,0,0
64851,0,0
250618,0,0
176137,0,0
-150990,0,0
-494232,0,0
-719438,0,0
-721285,0,0
-681837,0,0
-461585,0,0
-11772,0,0
269608,0,0
234806,0,0
40612,0,0
-369006,0,0
-736160,0,0
-734259,0,0
-677225,0,0
-479770,0,0
-27975,0,0
230531,0,0
202461,0,0
23074,0,0
-324754,0,0
-550328,0,0
-571864,0,0
-600520,0,0
-571549,0,0
-198091,0,0
110581,0,0
306744,0,0
288918,0,0
-91396,0,0
-472782,0,0
-597277,0,0
-662355,0,0
-542650,0,0
-182772,0,0
142347,0,0
339241,0,0
217929,0,0
-103811,0,0
-396284,0,0
-480166,0,0
-678497,0,0
-644347,0,0
-293876,0,0
154521,0,0
345408,0,0
267130,0,0
-43483,0,0
-372206,0,0
-665611,0,0
-623361,0,0
-616693,0,0
-462146,0,0
-19033,0,0
242219,0,0
325739,0,0
74416,0,0
-352331,0,0
-655138,0,0
-657969,0,0
-610170,0,0
-491478,0,0
-89800,0,0
249651,0,0
359658,0,0
220893,0,0
-275948,0,0
-637191,0,0
-670954,0,0
-596117,0,0
-415514,0,0
-16842,0,0
182907,0,0
332286,0,0
218086,0,0
-186867,0,0
-549977,0,0
-692308,0,0
-714579,0,0
-612423,0,0
-216794,0,0
194639,0,0
416472,0,0
279975,0,0
-95129,0,0
-533755,0,0
-708164,0,0
-704882,0,0
-555466,0,0
-185243,0,0
247685,0,0
318857,0,0
137190,0,0
-130240,0,0
-462015,0,0
-746244,0,0
-749547,0,0
-660937,0,0
-355948,0,0
91862,0,0
291262,0,0
171410,0,0
-97379,0,0
-465893,0,0
-630159,0,0
-626933,0,0
-742392,0,0
-513491,0,0
-93250,0,0
227127,0,0
366968,0,0
118087,0,0
-357526,0,0
-596146,0,0
-616445,0,0
-689763,0,0
-472304,0,0
-99234,0,0
171837,0,0
276962,0,0
81438,0,0
-263095,0,0
-373920,0,0
-547570,0,0
-639668,0,0
-554464,0,0
-156424,0,0
215302,0,0
380730,0,0
216785,0,0
-179286,0,0
-574986,0,0
-737378,0,0
-688278,0,0
-526796,0,0
-82072,0,0
359414,0,0
365319,0,0
130563,0,0
-239564,0,0
-603805,0,0
-682091,0,0
-620426,0,0
-569842,0,0
-219333,0,0
296454,0,0
346371,0,0
264991,0,0
80459,0,0
-409588,0,0
-535037,0,0
-514322,0,0
-586323,0,0
-218493,0,0
209373,0,0
366693,0,0
293405,0,0
-42591,0,0
-486939,0,0
-539167,0,0
-643576,0,0
-512510,0,0
-259446,0,0
149035,0,0
295783,0,0
230947,0,0
-140898,0,0
-528527,0,0
-668614,0,0
-621366,0,0
-609117,0,0
-330594,0,0
124251,0,0
265048,0,0
156374,0,0
-179667,0,0
-484546,0,0
-554731,0,0
-632526,0,0
-586975,0,0
-499653,0,0
-51768,0,0
235564,0,0
263380,0,0
22291,0,0
-382579,0,0
-620401,0,0
-642704,0,0
-663306,0,0
-450153,0,0
37772,0,0
243763,0,0
275722,0,0
71060,0,0
-323582,0,0
-591421,0,0
-567015,0,0
-643932,0,0
-502798,0,0
-128181,0,0
133659,0,0
294653,0,0
103810,0,0
-303715,0,0
-629645,0,0
-721131,0,0
-774113,0,0
-653273,0,0
-232760,0,0
128895,0,0
339171,0,0
197775,0,0
-152261,0,0
-561556,0,0
-773951,0,0
-742094,0,0
-651221,0,0
-341498,0,0
144739,0,0
294398,0,0
172731,0,0
-77021,0,0
-336106,0,0
-488089,0,0
-607633,0,0
-651437,0,0
-365815,0,0
107396,0,0
324909,0,0
350049,0,0
104921,0,0
-187658,0,0
-572884,0,0
-622797,0,0
-611583,0,0
-339877,0,0
88235,0,0
258241,0,0
259468,0,0
-24247,0,0
-435073,0,0
-530296,0,0
-692710,0,0
-702791,0,0
-441062,0,0
103437,0,0
437911,0,0
466213,0,0
134167,0,0
-387138,0,0
-608022,0,0
-670355,0,0
-533275,0,0
-225958,0,0
180366,0,0
406935,0,0
373752,0,0
32162,0,0
-319672,0,0
-424754,0,0
-498197,0,0
-455313,0,0
-330426,0,0
139554,0,0
421185,0,0
442903,0,0
118692,0,0
-326784,0,0
-612628,0,0
-715536,0,0
-648374,0,0
-417531,0,0
10456,0,0
279695,0,0
270082,0,0
-41422,0,0
-442798,0,0
-753728,0,0
-777370,0,0
-774103,0,0
-619726,0,0
-95196,0,0
257696,0,0
252832,0,0
17532,0,0
-375613,0,0
-739728,0,0
-779272,0,0
-785144,0,0
-572328,0,0
-137379,0,0
267730,0,0
519252,0,0
296798,0,0
-285854,0,0
-669714,0,0
-688025,0,0
-724284,0,0
-555833,0,0
-74982,0,0
237891,0,0
448222,0,0
250075,0,0
-217709,0,0
-545325,0,0
-637465,0,0
-619168,0,0
-198065,0,0
213309,0,0
526399,0,0
563288,0,0
260720,0,0
-112593,0,0
-284047,0,0
-251175,0,0
-449109,0,0
-300654,0,0
117713,0,0
536333,0,0
604704,0,0
379452,0,0
-19163,0,0
-430702,0,0
-508753,0,0
-455382,0,0
-146895,0,0
268863,0,0
600646,0,0
616404,0,0
368474,0,0
-73347,0,0
-370965,0,0
-417615,0,0
-385646,0,0
-275248,0,0
156526,0,0
526244,0,0
464491,0,0
222696,0,0
-150925,0,0
-489521,0,0
-527117,0,0
-543456,0,0
-148685,0,0
457655,0,0
649466,0,0
547836,0,0
292308,0,0
-102285,0,0
-333898,0,0
-247289,0,0
-332761,0,0
-12032,0,0
379135,0,0
590672,0,0
547795,0,0
314861,0,0
-165217,0,0
-310093,0,0
-297715,0,0
-252440,0,0
75180,0,0
296759,0,0
479938,0,0
406474,0,0
151893,0,0
-280651,0,0
-573870,0,0
-585452,0,0
-324429,0,0
-19700,0,0
231792,0,0
408132,0,0
279439,0,0
-2853,0,0
-493591,0,0
-600386,0,0
-747758,0,0
-603177,0,0
-393607,0,0
-118625,0,0
257310,0,0
281068,0,0
110202,0,0
-240530,0,0
-453241,0,0
-646013,0,0
-625352,0,0
-515714,0,0
-110596,0,0
389640,0,0
391477,0,0
123529,0,0
-347736,0,0
-707147,0,0
-965668,0,0
-864148,0,0
-462705,0,0
21350,0,0
121192,0,0
-37766,0,0
-313707,0,0
-711333,0,0
-885174,0,0
-876299,0,0
-867516,0,0
-495849,0,0
62670,0,0
88499,0,0
-8728,0,0
-288742,0,0
-589793,0,0
-560542,0,0
-715376,0,0
-753118,0,0
-402053,0,0
68537,0,0
128598,0,0
112118,0,0
-210490,0,0
-574557,0,0
-502971,0,0
-554383,0,0
-528997,0,0
-150822,0,0
182913,0,0
220078,0,0
100577,0,0
-306955,0,0
-631068,0,0
-664543,0,0
-797714,0,0
-598567,0,0
-411725,0,0
-98409,0,0
145090,0,0
192752,0,0
-99998,0,0
-512121,0,0
-864790,0,0
-865073,0,0
-710071,0,0
-494377,0,0
8316,0,0
336171,0,0
206787,0,0
-240594,0,0
-621979,0,0
-762952,0,0
-403883,0,0
-333567,0,0
-360956,0,0
88587,0,0
179755,0,0
98871,0,0
-201261,0,0
-390249,0,0
-661076,0,0
-676641,0,0
-699715,0,0
-366430,0,0
181841,0,0
324239,0,0
211264,0,0
-154637,0,0
-441283,0,0
-663515,0,0
-641418,0,0
-685687,0,0
-328410,0,0
94625,0,0
197025,0,0
150043,0,0
-224945,0,0
-600946,0,0
-748615,0,0
-769461,0,0
-834343,0,0
-449869,0,0
-47702,0,0
142835,0,0
242269,0,0
-113083,0,0
-505938,0,0
-794131,0,0
-814621,0,0
-739558,0,0
-384164,0,0
-78242,0,0
121071,0,0
243063,0,0
-50196,0,0
-444122,0,0
-672516,0,0
-780475,0,0
-802649,0,0
-576795,0,0
-150093,0,0
171888,0,0
177518,0,0
60943,0,0
-304646,0,0
-694873,0,0
-783445,0,0
-699274,0,0
-550147,0,0
-184636,0,0
226234,0,0
212680,0,0
91851,0,0
-265748,0,0
-620631,0,0
-623157,0,0
-671267,0,0
-674076,0,0
-244075,0,0
190682,0,0
243467,0,0
208627,0,0
-180001,0,0
-598546,0,0
-617392,0,0
-597278,0,0
-636115,0,0
-246802,0,0
248313,0,0
484492,0,0
275412,0,0
-229366,0,0
-634415,0,0
-749306,0,0
-802933,0,0
-501568,0,0
93635,0,0
430925,0,0
573444,0,0
323933,0,0
-228894,0,0
-593034,0,0
-681164,0,0
-613310,0,0
-479603,0,0
-187533,0,0
202287,0,0
435303,0,0
336108,0,0
-53737,0,0
-373895,0,0
-621203,0,0
-652663,0,0
-590293,0,0
-311776,0,0
207997,0,0
401995,0,0
227335,0,0
-140153,0,0
-491000,0,0
-725753,0,0
-690140,0,0
-675433,0,0
-389029,0,0
110088,0,0
373712,0,0
270878,0,0
-118238,0,0
-523329,0,0
-712679,0,0
-698869,0,0
-734581,0,0
-373989,0,0
52570,0,0
231581,0,0
240827,0,0
-90914,0,0
-512864,0,0
-709998,0,0
-749096,0,0
-759058,0,0
-477627,0,0
-10578,0,0
249056,0,0
262688,0,0
24188,0,0
-353229,0,0
-597968,0,0
-669694,0,0
-700659,0,0
-486063,0,0
-80385,0,0
208755,0,0
258025,0,0
34816,0,0
-330842,0,0
-568402,0,0
-665830,0,0
-687212,0,0
-639763,0,0
-276381,0,0
184190,0,0
264182,0,0
116176,0,0
-187370,0,0
-554680,0,0
-691809,0,0
-707042,0,0
-685940,0,0
-278718,0,0
211081,0,0
367870,0,0
248131,0,0
-29821,0,0
-508334,0,0
-636469,0,0
-702358,0,0
-667519,0,0
-292520,0,0
117794,0,0
272684,0,0
209364,0,0
-91058,0,0
-468777,0,0
-434081,0,0
-589664,0,0
-551906,0,0
-236097,0,0
106813,0,0
233315,0,0
171353,0,0
-67644,0,0
-305412,0,0
-514128,0,0
-726783,0,0
-627565,0,0
-251730,0,0
358801,0,0
522685,0,0
357822,0,0
-118209,0,0
-514312,0,0
-728766,0,0
-688924,0,0
-571001,0,0
-310798,0,0
126106,0,0
523791,0,0
413197,0,0
34807,0,0
-415857,0,0
-669691,0,0
-632387,0,0
-559057,0,0
-340445,0,0
140587,0,0
378891,0,0
317831,0,0
5040,0,0
-453347,0,0
-675797,0,0
-596793,0,0
-659797,0,0
-413983,0,0
76178,0,0
290308,0,0
253982,0,0
-21788,0,0
-418305,0,0
-596114,0,0
-631932,0,0
-711618,0,0
-478185,0,0
-56906,0,0
175955,0,0
184948,0,0
3125,0,0
-394769,0,0
-671196,0,0
-813016,0,0
-800217,0,0
-614182,0,0
-186968,0,0
193000,0,0
305681,0,0
76797,0,0
-340911,0,0
-654913,0,0
-776086,0,0
-764862,0,0
-652796,0,0
-243277,0,0
171350,0,0
306091,0,0
75621,0,0
-215484,0,0
-498159,0,0
-701259,0,0
-723484,0,0
-705603,0,0
-381930,0,0
29947,0,0
198534,0,0
188499,0,0
-73065,0,0
-537553,0,0
-751453,0,0
-716726,0,0
-723901,0,0
-469698,0,0
20025,0,0
199811,0,0
223837,0,0
-18996,0,0
-443177,0,0
-574020,0,0
-603365,0,0
-649782,0,0
-488845,0,0
-59625,0,0
285837,0,0
272048,0,0
105812,0,0
-255320,0,0
-405698,0,0
-563504,0,0
-606571,0,0
-372700,0,0
-66746,0,0
303377,0,0
343158,0,0
86161,0,0
-264697,0,0
-567752,0,0
-660443,0,0
-662291,0,0
-548910,0,0
-108939,0,0
233663,0,0
208789,0,0
100981,0,0
-210485,0,0
-525937,0,0
-714280,0,0
-776800,0,0
-564772,0,0
-137409,0,0
309070,0,0
312377,0,0
188695,0,0
-162953,0,0
-589429,0,0
-702662,0,0
-687887,0,0
-608975,0,0
-220352,0,0
181722,0,0
281165,0,0
239493,0,0
-118180,0,0
-549039,0,0
-630601,0,0
-668650,0,0
-637276,0,0
-289818,0,0
82368,0,0
349072,0,0
295458,0,0
-86052,0,0
-472758,0,0
-641159,0,0
-723796,0,0
-656273,0,0
-348246,0,0
77980,0,0
314210,0,0
259355,0,0
-67923,0,0
-441238,0,0
-606317,0,0
-703881,0,0
-710147,0,0
-554184,0,0
-74976,0,0
281563,0,0
305156,0,0
34872,0,0
-369265,0,0
-637372,0,0
-714928,0,0
-682440,0,0
-582915,0,0
-115113,0,0
166662,0,0
293581,0,0
215376,0,0
-153632,0,0
-592848,0,0
-712720,0,0
-764098,0,0
-587914,0,0
-146473,0,0
196510,0,0
293452,0,0
186727,0,0
-158490,0,0
-539207,0,0
-665950,0,0
-673920,0,0
-626347,0,0
-310279,0,0
24973,0,0
216979,0,0
182105,0,0
-76702,0,0
-408339,0,0
-654288,0,0
-776407,0,0
-689243,0,0
-486366,0,0
-29346,0,0
281381,0,0
213236,0,0
-46997,0,0
-415628,0,0
-612923,0,0
-696122,0,0
-650129,0,0
-502743,0,0
35275,0,0
332289,0,0
320987,0,0
94939,0,0
-309579,0,0
-581307,0,0
-634958,0,0
-631392,0,0
-466838,0,0
83429,0,0
342260,0,0
338806,0,0
128708,0,0
-240318,0,0
-540239,0,0
-524627,0,0
-547099,0,0
-490301,0,0
-3427,0,0
319642,0,0
407695,0,0
182741,0,0
-209262,0,0
-529180,0,0
-692018,0,0
-675239,0,0
-571266,0,0
-176813,0,0
152537,0,0
434157,0,0
266434,0,0
-159045,0,0
-543783,0,0
-703353,0,0
-663192,0,0
-535529,0,0
-96021,0,0
360180,0,0
557198,0,0
369207,0,0
21171,0,0
-284155,0,0
-414380,0,0
-510107,0,0
-570313,0,0
-177580,0,0
248315,0,0
387809,0,0
310549,0,0
20838,0,0
-436079,0,0
-577370,0,0
-601714,0,0
-661333,0,0
-289550,0,0
137098,0,0
336707,0,0
216349,0,0
-70773,0,0
-475382,0,0
-626198,0,0
-722114,0,0
-626914,0,0
-209659,0,0
120848,0,0
313236,0,0
150088,0,0
-184829,0,0
-557834,0,0
-602504,0,0
-702294,0,0
-664654,0,0
-331648,0,0
11387,0,0
190632,0,0
174282,0,0
-90205,0,0
-444735,0,0
-609931,0,0
-741901,0,0
-682929,0,0
-454227,0,0
-9775,0,0
276786,0,0
221566,0,0
-55949,0,0
-460457,0,0
-685637,0,0
-774239,0,0
-666461,0,0
-446656,0,0
104057,0,0
377255,0,0
239896,0,0
-59429,0,0
-414801,0,0
-612350,0,0
-514543,0,0
-438582,0,0
-319293,0,0
1113,0,0
172644,0,0
520435,0,0
604196,0,0
389864,0,0
-130433,0,0
-387401,0,0
-540822,0,0
-188887,0,0
322599,0,0
477336,0,0
486498,0,0
222380,0,0
-196744,0,0
-434257,0,0
-448329,0,0
-392354,0,0
-215052,0,0
155013,0,0
400625,0,0
412212,0,0
27201,0,0
-462724,0,0
-604050,0,0
-466545,0,0
-376463,0,0
-160322,0,0
134773,0,0
325328,0,0
254099,0,0
-131164,0,0
-466767,0,0
-649081,0,0
-731672,0,0
-626875,0,0
-327408,0,0
156790,0,0
316817,0,0
196904,0,0
-156469,0,0
-493226,0,0
-724569,0,0
-751033,0,0
-690387,0,0
-423440,0,0
198959,0,0
386122,0,0
205502,0,0
-166382,0,0
-531593,0,0
-786730,0,0
-744980,0,0
-722918,0,0
-488127,0,0
-36115,0,0
122520,0,0
233896,0,0
-33997,0,0
-386581,0,0
-720228,0,0
-562770,0,0
-699221,0,0
-490839,0,0
3307,0,0
186589,0,0
240952,0,0
-68454,0,0
-467069,0,0
-669467,0,0
-525898,0,0
-691832,0,0
-436971,0,0
-97703,0,0
78144,0,0
234399,0,0
-46909,0,0
-420629,0,0
-689066,0,0
-728392,0,0
-786577,0,0
-542906,0,0
-129337,0,0
228932,0,0
249881,0,0
-92111,0,0
-469407,0,0
-795708,0,0
-786682,0,0
-608892,0,0
-364353,0,0
-23320,0,0
173056,0,0
101156,0,0
24635,0,0
-312114,0,0
-610669,0,0
-613241,0,0
-474791,0,0
-369158,0,0
138964,0,0
599510,0,0
453482,0,0
127684,0,0
-210720,0,0
-488917,0,0
-503321,0,0
-533587,0,0
-575363,0,0
-118582,0,0
263477,0,0
317194,0,0
231154,0,0
-181870,0,0
-658006,0,0
-711257,0,0
-691185,0,0
-609914,0,0
-157389,0,0
199986,0,0
267315,0,0
128091,0,0
-324994,0,0
-649972,0,0
-704756,0,0
-764577,0,0
-559303,0,0
-196352,0,0
123841,0,0
243356,0,0
143162,0,0
-212745,0,0
-531710,0,0
-700550,0,0
-757046,0,0
-608869,0,0
-294196,0,0
142276,0,0
339434,0,0
206398,0,0
-177786,0,0
-477665,0,0
-628472,0,0
-704699,0,0
-649588,0,0
-358382,0,0
119576,0,0
362314,0,0
165827,0,0
-202163,0,0
-535108,0,0
-733400,0,0
-733675,0,0
-712628,0,0
-428689,0,0
6595,0,0
172740,0,0
155641,0,0
-74721,0,0
-446960,0,0
-680280,0,0
-688878,0,0
-825212,0,0
-538795,0,0
-47559,0,0
174494,0,0
292639,0,0
40166,0,0
-372642,0,0
-670978,0,0
-725370,0,0
-702819,0,0
-444391,0,0
-115583,0,0
174077,0,0
348053,0,0
150142,0,0
-226115,0,0
-578918,0,0
-660563,0,0
-650598,0,0
-553423,0,0
-217990,0,0
137755,0,0
258744,0,0
104133,0,0
-195275,0,0
-555308,0,0
-625584,0,0
-635909,0,0
-713695,0,0
-384161,0,0
61845,0,0
184799,0,0
160809,0,0
-43210,0,0
-446860,0,0
-617448,0,0
-761710,0,0
-741321,0,0
-505706,0,0
9706,0,0
379437,0,0
463870,0,0
145284,0,0
-444298,0,0
-748425,0,0
-758636,0,0
-653329,0,0
-386538,0,0
56951,0,0
231688,0,0
203135,0,0
25843,0,0
-333008,0,0
-518768,0,0
-654559,0,0
-671418,0,0
-517041,0,0
-150887,0,0
130448,0,0
266711,0,0
69570,0,0
-265867,0,0
-497435,0,0
-789125,0,0
-702895,0,0
-599288,0,0
-253035,0,0
199628,0,0
255701,0,0
114890,0,0
-181044,0,0
-536534,0,0
-745800,0,0
-642294,0,0
-647164,0,0
-412250,0,0
26487,0,0
271581,0,0
260323,0,0
4148,0,0
-450026,0,0
-633237,0,0
-641940,0,0
-728625,0,0
-515868,0,0
-72169,0,0
186590,0,0
291309,0,0
59357,0,0
-368731,0,0
-542432,0,0
-661821,0,0
-744788,0,0
-602420,0,0
-278329,0,0
150216,0,0
342164,0,0
214034,0,0
-193012,0,0
-538873,0,0
-671599,0,0
-655985,0,0
-643715,0,0
-323327,0,0
198470,0,0
287385,0,0
159516,0,0
-89632,0,0
-460233,0,0
-689158,0,0
-668198,0,0
-636138,0,0
-438409,0,0
67086,0,0
236123,0,0
231307,0,0
76972,0,0
-327387,0,0
-568197,0,0
-680018,0,0
-793805,0,0
-639070,0,0
-234404,0,0
365789,0,0
775705,0,0
564160,0,0
-155686,0,0
-696343,0,0
-790595,0,0
-778073,0,0
-540236,0,0
-69840,0,0
386281,0,0
438695,0,0
163022,0,0
-237129,0,0
-538314,0,0
-641136,0,0
-676056,0,0
-574728,0,0
-203388,0,0
246884,0,0
437120,0,0
204214,0,0
-181203,0,0
-485068,0,0
-470574,0,0
-519362,0,0
-579067,0,0
-267632,0,0
191236,0,0
356470,0,0
229454,0,0
-53602,0,0
-470280,0,0
-603169,0,0
-591928,0,0
-618444,0,0
-273587,0,0
201506,0,0
322151,0,0
204463,0,0
-139668,0,0
-525272,0,0
-576344,0,0
-658907,0,0
-678254,0,0
-328585,0,0
84853,0,0
255392,0,0
269780,0,0
-31876,0,0
-450119,0,0
-587198,0,0
-741246,0,0
-696518,0,0
-361762,0,0
22687,0,0
393615,0,0
482272,0,0
218257,0,0
-196468,0,0
-541785,0,0
-737832,0,0
-629028,0,0
-419992,0,0
-15857,0,0
246074,0,0
401674,0,0
91941,0,0
-333164,0,0
-652870,0,0
-774716,0,0
-679976,0,0
-424640,0,0
16624,0,0
268717,0,0
283545,0,0
77480,0,0
-242292,0,0
-614982,0,0
-615997,0,0
-574988,0,0
-552833,0,0
-93810,0,0
328392,0,0
390976,0,0
226568,0,0
-178506,0,0
-624046,0,0
-666083,0,0
-665683,0,0
-573716,0,0
-132811,0,0
155009,0,0
288393,0,0
245457,0,0
-94480,0,0
-479356,0,0
-701541,0,0
-749107,0,0
-645502,0,0
-166137,0,0
269451,0,0
410292,0,0
156882,0,0
-273361,0,0
-591843,0,0
-734777,0,0
-764567,0,0
-623192,0,0
-195402,0,0
343328,0,0
464941,0,0
170243,0,0
-193906,0,0
-506177,0,0
-592776,0,0
-576934,0,0
-553671,0,0
-205850,0,0
233032,0,0
388704,0,0
219637,0,0
-52801,0,0
-279569,0,0
-488579,0,0
-602624,0,0
-632005,0,0
-279249,0,0
157187,0,0
443029,0,0
307247,0,0
30614,0,0
-432258,0,0
-583030,0,0
-573897,0,0
-626163,0,0
-169156,0,0
215089,0,0
362345,0,0
296656,0,0
41639,0,0
-395554,0,0
-351080,0,0
-303694,0,0
-364074,0,0
-17805,0,0
242443,0,0
350756,0,0
189263,0,0
-251935,0,0
-569133,0,0
-448199,0,0
-638785,0,0
-387917,0,0
224816,0,0
454833,0,0
583998,0,0
432024,0,0
-14733,0,0
-378738,0,0
-580216,0,0
-660489,0,0
-540119,0,0
-97633,0,0
361688,0,0
604672,0,0
458424,0,0
8021,0,0
-485173,0,0
-717213,0,0
-601748,0,0
-412535,0,0
35378,0,0
389199,0,0
536807,0,0
282789,0,0
-70171,0,0
-344867,0,0
-428479,0,0
-363272,0,0
-388797,0,0
-107349,0,0
255877,0,0
346123,0,0
154422,0,0
-162234,0,0
-498913,0,0
-741692,0,0
-775396,0,0
-730269,0,0
-248534,0,0
153686,0,0
294218,0,0
64971,0,0
-307450,0,0
-688773,0,0
-785109,0,0
-764561,0,0
-617744,0,0
-170566,0,0
87995,0,0
186651,0,0
41651,0,0
-309758,0,0
-642772,0,0
-715540,0,0
-778299,0,0
-692951,0,0
-259946,0,0
76792,0,0
278114,0,0
103745,0,0
-230282,0,0
-430385,0,0
-438189,0,0
-618882,0,0
-537619,0,0
-245190,0,0
159452,0,0
311779,0,0
141370,0,0
-249542,0,0
-607412,0,0
-680717,0,0
-566833,0,0
-402264,0,0
-181872,0,0
166649,0,0
252058,0,0
71725,0,0
-300211,0,0
-523261,0,0
-508323,0,0
-512691,0,0
-476156,0,0
-58344,0,0
363484,0,0
441691,0,0
269384,0,0
4442,0,0
-272849,0,0
-447320,0,0
-490242,0,0
-429083,0,0
-62159,0,0
295262,0,0
354553,0,0
155299,0,0
-212934,0,0
-609369,0,0
-702477,0,0
-654582,0,0
-541984,0,0
-219271,0,0
126612,0,0
275978,0,0
182172,0,0
-209213,0,0
-596412,0,0
-400497,0,0
-497460,0,0
-594388,0,0
-262290,0,0
25987,0,0
109995,0,0
119813,0,0
-179337,0,0
-551807,0,0
-677991,0,0
-767327,0,0
-730621,0,0
-344373,0,0
94430,0,0
260065,0,0
135303,0,0
-259864,0,0
-567269,0,0
-615531,0,0
-643493,0,0
-493364,0,0
-205597,0,0
107211,0,0
239252,0,0
145236,0,0
-217579,0,0
-519056,0,0
-582730,0,0
-618105,0,0
-684453,0,0
-357815,0,0
146851,0,0
268219,0,0
174688,0,0
-161302,0,0
-420280,0,0
-535049,0,0
-576407,0,0
-675122,0,0
-259810,0,0
229891,0,0
356686,0,0
160630,0,0
-233027,0,0
-570513,0,0
-696351,0,0
-698396,0,0
-622425,0,0
-57524,0,0
239947,0,0
225106,0,0
132835,0,0
-248316,0,0
-585281,0,0
-705245,0,0
-560091,0,0
-414593,0,0
18441,0,0
238968,0,0
414271,0,0
307657,0,0
-29855,0,0
-353276,0,0
-552919,0,0
-518486,0,0
-460692,0,0
-46599,0,0
256481,0,0
449096,0,0
300843,0,0
-60045,0,0
-380464,0,0
-464004,0,0
-430868,0,0
-444174,0,0
-136865,0,0
169847,0,0
452454,0,0
302659,0,0
-123568,0,0
-445806,0,0
-759128,0,0
-797624,0,0
-591528,0,0
-79555,0,0
219397,0,0
364507,0,0
127986,0,0
-254826,0,0
-626337,0,0
-743048,0,0
-532316,0,0
-484851,0,0
-159137,0,0
114000,0,0
301497,0,0
156359,0,0
-57600,0,0
-259261,0,0
-469570,0,0
-570315,0,0
-545817,0,0
-17076,0,0
312859,0,0
361964,0,0
105827,0,0
-280146,0,0
-613264,0,0
-714548,0,0
-756872,0,0
-679735,0,0
-158840,0,0
96971,0,0
228290,0,0
107561,0,0
-258683,0,0
-630078,0,0
-699012,0,0
-765966,0,0
-715869,0,0
-330320,0,0
44274,0,0
261432,0,0
194527,0,0
-133103,0,0
-490979,0,0
-632228,0,0
-685359,0,0
-507407,0,0
-284814,0,0
59256,0,0
347114,0,0
219457,0,0
-133030,0,0
-541914,0,0
-625413,0,0
-692624,0,0
-634083,0,0
-332697,0,0
100487,0,0
296458,0,0
130710,0,0
-141834,0,0
-451029,0,0
-701927,0,0
-768706,0,0
-697858,0,0
-360392,0,0
164827,0,0
336539,0,0
191328,0,0
-94601,0,0
-509827,0,0
-610674,0,0
-630420,0,0
-506758,0,0
-232829,0,0
256391,0,0
400515,0,0
306706,0,0
-47232,0,0
-482126,0,0
-531687,0,0
-619117,0,0
-597857,0,0
-304504,0,0
88939,0,0
205265,0,0
171257,0,0
-166387,0,0
-553918,0,0
-665444,0,0
-753501,0,0
-706670,0,0
-391049,0,0
104934,0,0
287957,0,0
208744,0,0
-181001,0,0
-534004,0,0
-652755,0,0
-725401,0,0
-673523,0,0
-493682,0,0
-95350,0,0
134182,0,0
160719,0,0
-7023,0,0
-346098,0,0
-703806,0,0
-878512,0,0
-753074,0,0
-774306,0,0
-236489,0,0
165578,0,0
323401,0,0
86200,0,0
-310366,0,0
-686085,0,0
-765475,0,0
-733029,0,0
-694439,0,0
-279735,0,0
30808,0,0
65430,0,0
145703,0,0
-122568,0,0
-514865,0,0
-579350,0,0
-750537,0,0
-744235,0,0
-385755,0,0
-73286,0,0
179368,0,0
278174,0,0
-40231,0,0
-450764,0,0
-604503,0,0
-690794,0,0
-644107,0,0
-380017,0,0
-76138,0,0
258083,0,0
298900,0,0
81777,0,0
-358456,0,0
-676832,0,0
-808311,0,0
-636697,0,0
-438519,0,0
-129509,0,0
198068,0,0
317523,0,0
149646,0,0
-234419,0,0
-542550,0,0
-663031,0,0
-547494,0,0
-624295,0,0
-225201,0,0
198329,0,0
215472,0,0
253831,0,0
-73739,0,0
-363730,0,0
-615122,0,0
-692885,0,0
-710820,0,0
-304982,0,0
87679,0,0
280462,0,0
294103,0,0
-69125,0,0
-456249,0,0
-649486,0,0
-701230,0,0
-713663,0,0
-458533,0,0
31365,0,0
371584,0,0
284670,0,0
-66492,0,0
-414949,0,0
-683212,0,0
-734560,0,0
-685728,0,0
-560142,0,0
-165066,0,0
259389,0,0
208010,0,0
71334,0,0
-259572,0,0
-613758,0,0
-741616,0,0
-686377,0,0
-608743,0,0
-256513,0,0
111010,0,0
352620,0,0
194800,0,0
-198978,0,0
-610643,0,0
-678498,0,0
-734830,0,0
-643620,0,0
-240432,0,0
127971,0,0
310771,0,0
318076,0,0
-46248,0,0
-455033,0,0
-568056,0,0
-658121,0,0
-515244,0,0
-206933,0,0
106173,0,0
276257,0,0
232659,0,0
-25749,0,0
-266535,0,0
-284712,0,0
-588833,0,0
-603423,0,0
-382963,0,0
-16026,0,0
294623,0,0
329182,0,0
50020,0,0
-266305,0,0
-556998,0,0
-723407,0,0
-592355,0,0
-339265,0,0
140831,0,0
482993,0,0
392850,0,0
-14109,0,0
-322742,0,0
-627474,0,0
-634859,0,0
-547028,0,0
-406706,0,0
53775,0,0
435967,0,0
350331,0,0
12883,0,0
-467667,0,0
-725479,0,0
-674010,0,0
-692655,0,0
-428933,0,0
52698,0,0
255831,0,0
238473,0,0
-10650,0,0
-420887,0,0
-605601,0,0
-598304,0,0
-701608,0,0
-446476,0,0
27885,0,0
218528,0,0
248465,0,0
6163,0,0
-420758,0,0
-646128,0,0
-704005,0,0
-706762,0,0
-510198,0,0
-150785,0,0
185567,0,0
282934,0,0
100694,0,0
-271709,0,0
-614327,0,0
-712680,0,0
-724844,0,0
-618431,0,0
-260224,0,0
168455,0,0
255709,0,0
118595,0,0
-175020,0,0
-476248,0,0
-623267,0,0
-742025,0,0
-716164,0,0
-417356,0,0
13636,0,0
338894,0,0
296253,0,0
26008,0,0
-443769,0,0
-683442,0,0
-717058,0,0
-676741,0,0
-437807,0,0
9893,0,0
172879,0,0
261339,0,0
88908,0,0
-380327,0,0
-623850,0,0
-722166,0,0
-714474,0,0
-558870,0,0
-86077,0,0
201223,0,0
309244,0,0
105660,0,0
-296506,0,0
-553440,0,0
-652714,0,0
-610965,0,0
-517279,0,0
-164859,0,0
264862,0,0
396299,0,0
170623,0,0
-177629,0,0
-446874,0,0
-612708,0,0
-463278,0,0
-466442,0,0
-167247,0,0
234005,0,0
326146,0,0
157404,0,0
-190057,0,0
-556346,0,0
-628211,0,0
-275061,0,0
-274402,0,0
-89465,0,0
174109,0,0
166719,0,0
206026,0,0
40575,0,0
-262391,0,0
-420164,0,0
-451606,0,0
-552914,0,0
-203654,0,0
236991,0,0
323075,0,0
225192,0,0
-107400,0,0
-533227,0,0
-543326,0,0
-620042,0,0
-584345,0,0
-178041,0,0
186383,0,0
316993,0,0
177906,0,0
-155820,0,0
-499146,0,0
-505808,0,0
-632362,0,0
-642973,0,0
-292032,0,0
141434,0,0
383482,0,0
184671,0,0
-184003,0,0
-512793,0,0
-666346,0,0
-718041,0,0
-647313,0,0
-358136,0,0
85749,0,0
268517,0,0
175993,0,0
-129846,0,0
-393155,0,0
-466445,0,0
-663578,0,0
-771176,0,0
-359896,0,0
201526,0,0
353461,0,0
220605,0,0
-118391,0,0
-483786,0,0
-721944,0,0
-705197,0,0
-706729,0,0
-440075,0,0
150765,0,0
395483,0,0
327740,0,0
23545,0,0
-493289,0,0
-730306,0,0
-695594,0,0
-725977,0,0
-470406,0,0
18409,0,0
310337,0,0
340221,0,0
88036,0,0
-416372,0,0
-685443,0,0
-726958,0,0
-714193,0,0
-472891,0,0
703,0,0
262108,0,0
207462,0,0
-32917,0,0
-405141,0,0
-662799,0,0
-627056,0,0
-647100,0,0
-603667,0,0
-240187,0,0
128895,0,0
265761,0,0
181016,0,0
-163767,0,0
-600882,0,0
-826489,0,0
-779734,0,0
-726847,0,0
-374932,0,0
179205,0,0
354652,0,0
238058,0,0
-159971,0,0
-627127,0,0
-780618,0,0
-745026,0,0
-685869,0,0
-413630,0,0
54300,0,0
302273,0,0
251073,0,0
-8115,0,0
-429186,0,0
-650793,0,0
-719503,0,0
-686618,0,0
-475989,0,0
-67953,0,0
237289,0,0
317425,0,0
35237,0,0
-373042,0,0
-600003,0,0
-682717,0,0
-684394,0,0
-586469,0,0
-162006,0,0
144229,0,0
311010,0,0
163680,0,0
-179564,0,0
-507108,0,0
-669182,0,0
-669070,0,0
-657126,0,0
-287395,0,0
75453,0,0
337186,0,0
284775,0,0
-59826,0,0
-461034,0,0
-617371,0,0
-690343,0,0
-725956,0,0
-373112,0,0
120345,0,0
421904,0,0
328756,0,0
-36199,0,0
-511355,0,0
-680017,0,0
-698853,0,0
-697881,0,0
-372351,0,0
-399,0,0
257296,0,0
256606,0,0
2872,0,0
-458296,0,0
-712961,0,0
-792713,0,0
-688149,0,0
-551053,0,0
-160404,0,0
249994,0,0
437399,0,0
199634,0,0
-294578,0,0
-589378,0,0
-736322,0,0
-656739,0,0
-644469,0,0
-212321,0,0
485662,0,0
722823,0,0
504928,0,0
11881,0,0
-507792,0,0
-721390,0,0
-734242,0,0
-624111,0,0
-204333,0,0
212417,0,0
278331,0,0
190869,0,0
-160229,0,0
-496915,0,0
-688792,0,0
-694700,0,0
-679472,0,0
-303705,0,0
46388,0,0
241767,0,0
268274,0,0
-60497,0,0
-475085,0,0
-703750,0,0
-676422,0,0
-681565,0,0
-479809,0,0
-39379,0,0
263123,0,0
206819,0,0
-10717,0,0
-358796,0,0
-576462,0,0
-666627,0,0
-762154,0,0
-617656,0,0
-198695,0,0
202628,0,0
285488,0,0
175828,0,0
-222344,0,0
-586646,0,0
-643941,0,0
-662748,0,0
-704604,0,0
-391781,0,0
43514,0,0
155248,0,0
221535,0,0
-37320,0,0
-414213,0,0
-656798,0,0
-719908,0,0
-681735,0,0
-491420,0,0
59122,0,0
325308,0,0
285172,0,0
-38935,0,0
-404238,0,0
-584016,0,0
-611129,0,0
-635942,0,0
-529448,0,0
-156134,0,0
204628,0,0
350741,0,0
91111,0,0
-260629,0,0
-579160,0,0
-724175,0,0
-734671,0,0
-712240,0,0
-252068,0,0
209407,0,0
420496,0,0
252656,0,0
-160032,0,0
-615647,0,0
-728660,0,0
-673123,0,0
-695078,0,0
-302539,0,0
163226,0,0
227166,0,0
170424,0,0
-26087,0,0
-352940,0,0
-607176,0,0
-824445,0,0
-744476,0,0
-328185,0,0
-47968,0,0
185417,0,0
334528,0,0
72617,0,0
-398839,0,0
-592099,0,0
-572431,0,0
-629797,0,0
-519756,0,0
-168247,0,0
208485,0,0
261664,0,0
135310,0,0
-250636,0,0
-534436,0,0
-646555,0,0
-626240,0,0
-603650,0,0
-285891,0,0
138516,0,0
217151,0,0
244870,0,0
-130534,0,0
-509827,0,0
-695523,0,0
-647963,0,0
-662040,0,0
-378390,0,0
36560,0,0
208795,0,0
273346,0,0
-1766,0,0
-389890,0,0
-646238,0,0
-712911,0,0
-794474,0,0
-502808,0,0
-119106,0,0
188884,0,0
361610,0,0
101311,0,0
-277580,0,0
-634911,0,0
-690312,0,0
-687457,0,0
-588183,0,0
-251770,0,0
172438,0,0
386292,0,0
205728,0,0
-107239,0,0
-505233,0,0
-664266,0,0
-657908,0,0
-587325,0,0
-365703,0,0
86519,0,0
287932,0,0
275818,0,0
1106,0,0
-450756,0,0
-541400,0,0
-590200,0,0
-639384,0,0
-418029,0,0
44007,0,0
196029,0,0
325229,0,0
80585,0,0
-364806,0,0
-607535,0,0
-642108,0,0
-613436,0,0
-423222,0,0
-64594,0,0
96677,0,0
285234,0,0
141136,0,0
-251901,0,0
-545585,0,0
-656592,0,0
-656747,0,0
-550473,0,0
-157623,0,0
128866,0,0
347917,0,0
99076,0,0
-253252,0,0
-518088,0,0
-538421,0,0
-466507,0,0
-553342,0,0
-343306,0,0
13533,0,0
274111,0,0
219968,0,0
-44616,0,0
-447931,0,0
-506187,0,0
-577844,0,0
-652911,0,0
-276888,0,0
287044,0,0
457308,0,0
321580,0,0
-13849,0,0
-425815,0,0
-492069,0,0
-457226,0,0
-454292,0,0
-25186,0,0
416398,0,0
468200,0,0
376186,0,0
111984,0,0
-218877,0,0
-332338,0,0
-518776,0,0
-677651,0,0
-362042,0,0
24773,0,0
331130,0,0
338468,0,0
89008,0,0
-288009,0,0
-491022,0,0
-762169,0,0
-717149,0,0
-357377,0,0
3422,0,0
255848,0,0
248630,0,0
-60229,0,0
-414712,0,0
-643580,0,0
-774861,0,0
-456635,0,0
-251330,0,0
14380,0,0
295456,0,0
237288,0,0
-24083,0,0
-417036,0,0
-639650,0,0
-636512,0,0
-480082,0,0
-461302,0,0
-34689,0,0
241630,0,0
188551,0,0
27623,0,0
-318249,0,0
-474039,0,0
-605047,0,0
-722740,0,0
-675988,0,0
-216979,0,0
116785,0,0
278522,0,0
218877,0,0
-210503,0,0
-574087,0,0
-683383,0,0
-722037,0,0
-647312,0,0
-158193,0,0
187390,0,0
351391,0,0
166658,0,0
-248635,0,0
-554019,0,0
-650062,0,0
-685433,0,0
-577079,0,0
-249846,0,0
134111,0,0
376765,0,0
221977,0,0
-170239,0,0
-394274,0,0
-604852,0,0
-633512,0,0
-574515,0,0
-248937,0,0
106405,0,0
326395,0,0
169899,0,0
-149360,0,0
-373465,0,0
-665118,0,0
-712993,0,0
-709871,0,0
-427950,0,0
220773,0,0
502512,0,0
234765,0,0
-131798,0,0
-489716,0,0
-692745,0,0
-651490,0,0
-653748,0,0
-444525,0,0
36096,0,0
238743,0,0
325595,0,0
68838,0,0
-363964,0,0
-495563,0,0
-650247,0,0
-783069,0,0
-493160,0,0
-20920,0,0
280007,0,0
416998,0,0
199352,0,0
-302276,0,0
-618484,0,0
-754219,0,0
-741452,0,0
-444247,0,0
-68018,0,0
230469,0,0
240324,0,0
45987,0,0
-339074,0,0
-561748,0,0
-653324,0,0
-665222,0,0
-618708,0,0
-267659,0,0
190883,0,0
357456,0,0
146596,0,0
-220349,0,0
-515218,0,0
-773707,0,0
-692097,0,0
-585783,0,0
-205712,0,0
260155,0,0
314746,0,0
143986,0,0
-220924,0,0
-551839,0,0
-606477,0,0
-423157,0,0
-584983,0,0
-232912,0,0
141222,0,0
285080,0,0
219910,0,0
-145653,0,0
-546783,0,0
-630266,0,0
-626021,0,0
-699992,0,0
-325571,0,0
45408,0,0
199538,0,0
227997,0,0
-63004,0,0
-413906,0,0
-606079,0,0
-670334,0,0
-683821,0,0
-376350,0,0
13816,0,0
302488,0,0
307847,0,0
-21123,0,0
-377736,0,0
-603475,0,0
-674773,0,0
-623602,0,0
-407133,0,0
-5550,0,0
338573,0,0
333224,0,0
23268,0,0
-319122,0,0
-613000,0,0
-717452,0,0
-693148,0,0
-446922,0,0
42558,0,0
403695,0,0
386232,0,0
68666,0,0
-378922,0,0
-681328,0,0
-634004,0,0
-657012,0,0
-411684,0,0
94611,0,0
292998,0,0
223357,0,0
-3532,0,0
-378271,0,0
-533851,0,0
-407932,0,0
-509740,0,0
-478850,0,0
-55129,0,0
203236,0,0
311119,0,0
92775,0,0
-339419,0,0
-524468,0,0
-672188,0,0
-598428,0,0
-329483,0,0
76331,0,0
291306,0,0
332189,0,0
79965,0,0
-377958,0,0
-585501,0,0
-675122,0,0
-673519,0,0
-495038,0,0
3879,0,0
395921,0,0
533880,0,0
274537,0,0
-239712,0,0
-595432,0,0
-709445,0,0
-532508,0,0
-435299,0,0
-9467,0,0
313582,0,0
428224,0,0
169871,0,0
-244299,0,0
-608942,0,0
-703460,0,0
-533501,0,0
-437847,0,0
-131706,0,0
274422,0,0
335177,0,0
162950,0,0
-139938,0,0
-544806,0,0
-660198,0,0
-677272,0,0
-630702,0,0
-179718,0,0
270989,0,0
426370,0,0
313833,0,0
-90271,0,0
-581134,0,0
-704967,0,0
-690382,0,0
-675947,0,0
-304506,0,0
127413,0,0
345230,0,0
233556,0,0
-101723,0,0
-460761,0,0
-597375,0,0
-678764,0,0
-667315,0,0
-291855,0,0
101252,0,0
358322,0,0
334933,0,0
9965,0,0
-290495,0,0
-484626,0,0
-733146,0,0
-709563,0,0
-369932,0,0
56295,0,0
254089,0,0
211356,0,0
-126666,0,0
-465236,0,0
-673057,0,0
-741025,0,0
-708904,0,0
-488239,0,0
-66443,0,0
195003,0,0
225179,0,0
4860,0,0
-405745,0,0
-634672,0,0
-711094,0,0
-738760,0,0
-492550,0,0
-56984,0,0
181746,0,0
303566,0,0
121734,0,0
-323371,0,0
-721907,0,0
-728896,0,0
-733532,0,0
-578731,0,0
-57881,0,0
318569,0,0
472496,0,0
255364,0,0
-233702,0,0
-616349,0,0
-724558,0,0
-800100,0,0
-467384,0,0
155023,0,0
459993,0,0
545772,0,0
226270,0,0
-353766,0,0
-629120,0,0
-615254,0,0
-503088,0,0
-406180,0,0
-6263,0,0
291742,0,0
343792,0,0
93342,0,0
-229135,0,0
-295226,0,0
-325447,0,0
-406481,0,0
-473125,0,0
-153680,0,0
164826,0,0
330058,0,0
129994,0,0
-279079,0,0
-601013,0,0
-699752,0,0
-691284,0,0
-630410,0,0
-187196,0,0
136245,0,0
319975,0,0
153191,0,0
-256344,0,0
-683671,0,0
-759967,0,0
-701729,0,0
-608181,0,0
-160782,0,0
205761,0,0
347813,0,0
147106,0,0
-219531,0,0
-596890,0,0
-677175,0,0
-708988,0,0
-606087,0,0
-256942,0,0
94517,0,0
292541,0,0
220155,0,0
-145017,0,0
-559083,0,0
-657293,0,0
-725511,0,0
-658503,0,0
-342985,0,0
149491,0,0
365275,0,0
198521,0,0
-164169,0,0
-514708,0,0
-699606,0,0
-737853,0,0
-686130,0,0
-443282,0,0
24451,0,0
215115,0,0
148229,0,0
-40158,0,0
-370806,0,0
-678224,0,0
-719287,0,0
-667522,0,0
-533899,0,0
-114274,0,0
216303,0,0
291459,0,0
71263,0,0
-326070,0,0
-634839,0,0
-765566,0,0
-737104,0,0
-631771,0,0
-176787,0,0
170122,0,0
279567,0,0
172458,0,0
-212443,0,0
-583447,0,0
-705165,0,0
-672379,0,0
-704973,0,0
-291413,0,0
68289,0,0
198863,0,0
231956,0,0
-7276,0,0
-390800,0,0
-686108,0,0
-815700,0,0
-638218,0,0
-370351,0,0
21315,0,0
340740,0,0
253805,0,0
-26508,0,0
-411905,0,0
-628540,0,0
-676558,0,0
-722861,0,0
-486151,0,0
-36668,0,0
340569,0,0
298680,0,0
98228,0,0
-306417,0,0
-643531,0,0
-651375,0,0
-709659,0,0
-564121,0,0
-115916,0,0
187522,0,0
265928,0,0
115474,0,0
-305353,0,0
-607853,0,0
-727106,0,0
-730221,0,0
-668446,0,0
-290565,0,0
130506,0,0
258392,0,0
209131,0,0
-99640,0,0
-484118,0,0
-703589,0,0
-746119,0,0
-651476,0,0
-435961,0,0
34890,0,0
273851,0,0
267551,0,0
30425,0,0
-351175,0,0
-634847,0,0
-665579,0,0
-612309,0,0
-589833,0,0
-120880,0,0
177444,0,0
377822,0,0
193436,0,0
-183224,0,0
-617295,0,0
-719036,0,0
-704470,0,0
-510377,0,0
-98371,0,0
236254,0,0
315349,0,0
151808,0,0
-184173,0,0
-540798,0,0
-612650,0,0
-718902,0,0
-628709,0,0
-225898,0,0
139780,0,0
290703,0,0
174804,0,0
-80242,0,0
-434689,0,0
-581958,0,0
-665063,0,0
-574523,0,0
-334038,0,0
92264,0,0
314924,0,0
228827,0,0
-11124,0,0
-438631,0,0
-666275,0,0
-691682,0,0
-584571,0,0
-430225,0,0
24538,0,0
270390,0,0
195846,0,0
16633,0,0
-366876,0,0
-553168,0,0
-642483,0,0
-682028,0,0
-559462,0,0
-49638,0,0
298230,0,0
363491,0,0
148718,0,0
-282906,0,0
-581338,0,0
-660374,0,0
-642887,0,0
-560593,0,0
-96008,0,0
146935,0,0
325075,0,0
136142,0,0
-228156,0,0
-461913,0,0
-496246,0,0
-596717,0,0
-596920,0,0
-99056,0,0
232693,0,0
359209,0,0
153893,0,0
-167955,0,0
-419906,0,0
-401268,0,0
-565426,0,0
-614789,0,0
-183519,0,0
115519,0,0
328577,0,0
188618,0,0
-29004,0,0
-316250,0,0
-688480,0,0
-723524,0,0
-716698,0,0
-266760,0,0
156888,0,0
231039,0,0
187261,0,0
25510,0,0
-334511,0,0
-551545,0,0
-668371,0,0
-690350,0,0
-359960,0,0
3789,0,0
222624,0,0
283461,0,0
-3535,0,0
-436390,0,0
-696187,0,0
-688125,0,0
-670713,0,0
-343650,0,0
40169,0,0
240682,0,0
168441,0,0
-38299,0,0
-398499,0,0
-606147,0,0
-641425,0,0
-581714,0,0
-443756,0,0
-137658,0,0
216521,0,0
258827,0,0
64055,0,0
-295529,0,0
-491713,0,0
-680802,0,0
-516167,0,0
-495411,0,0
-107485,0,0
289602,0,0
355583,0,0
167113,0,0
-172389,0,0
-417415,0,0
-498794,0,0
-444222,0,0
-504468,0,0
-167227,0,0
214005,0,0
242172,0,0
155647,0,0
-200429,0,0
-552239,0,0
-658009,0,0
-662238,0,0
-586513,0,0
-78199,0,0
193861,0,0
222081,0,0
216699,0,0
-120712,0,0
-439053,0,0
-455339,0,0
-390851,0,0
-378576,0,0
31377,0,0
302127,0,0
406925,0,0
215128,0,0
-74727,0,0
-405234,0,0
-579671,0,0
-623304,0,0
-478442,0,0
-88261,0,0
155455,0,0
269495,0,0
104610,0,0
-247924,0,0
-564618,0,0
-748773,0,0
-703200,0,0
-611748,0,0
-354057,0,0
-4510,0,0
257210,0,0
180958,0,0
-72844,0,0
-462049,0,0
-761906,0,0
-752100,0,0
-690180,0,0
-344056,0,0
119047,0,0
290956,0,0
194514,0,0
-59131,0,0
-452825,0,0
-709766,0,0
-595974,0,0
-649948,0,0
-484948,0,0
21371,0,0
224471,0,0
279105,0,0
87544,0,0
-311444,0,0
-557530,0,0
-649843,0,0
-705665,0,0
-362770,0,0
-62572,0,0
225046,0,0
300562,0,0
16594,0,0
-439498,0,0
-614469,0,0
-655662,0,0
-663331,0,0
-496110,0,0
-175027,0,0
129004,0,0
259764,0,0
154217,0,0
-182439,0,0
-439986,0,0
-711940,0,0
-718662,0,0
-581281,0,0
-192803,0,0
288816,0,0
491017,0,0
255570,0,0
-242360,0,0
-589029,0,0
-794457,0,0
-686304,0,0
-627165,0,0
-254193,0,0
185618,0,0
260367,0,0
163607,0,0
-130466,0,0
-531739,0,0
-735154,0,0
-704673,0,0
-701844,0,0
-423087,0,0
-21122,0,0
97665,0,0
151592,0,0
-37047,0,0
-476230,0,0
-758332,0,0
-796974,0,0
-819732,0,0
-563431,0,0
-100496,0,0
172335,0,0
288853,0,0
86887,0,0
-337230,0,0
-710704,0,0
-781948,0,0
-708486,0,0
-568818,0,0
-248879,0,0
179940,0,0
332539,0,0
97094,0,0
-196437,0,0
-525899,0,0
-748597,0,0
-730323,0,0
-621008,0,0
-365741,0,0
39564,0,0
164617,0,0
172066,0,0
-13811,0,0
-421406,0,0
-698063,0,0
-725327,0,0
-717028,0,0
-548552,0,0
-29508,0,0
116651,0,0
270468,0,0
163860,0,0
-299791,0,0
-609097,0,0
-696344,0,0
-714380,0,0
-610897,0,0
-212304,0,0
70827,0,0
335674,0,0
259118,0,0
-152905,0,0
-482813,0,0
-688425,0,0
-714420,0,0
-581489,0,0
-264477,0,0
89223,0,0
290951,0,0
235851,0,0
-34891,0,0
-418766,0,0
-668791,0,0
-674494,0,0
-605417,0,0
-422412,0,0
-28711,0,0
271214,0,0
260542,0,0
68634,0,0
-382859,0,0
-671566,0,0
-677306,0,0
-720741,0,0
-560975,0,0
-50592,0,0
285098,0,0
263542,0,0
84594,0,0
-315121,0,0
-589288,0,0
-639796,0,0
-691252,0,0
-594285,0,0
-260441,0,0
66197,0,0
273064,0,0
199388,0,0
-173129,0,0
-496466,0,0
-617942,0,0
-606529,0,0
-684325,0,0
-455210,0,0
-29981,0,0
230874,0,0
286075,0,0
63691,0,0
-308951,0,0
-649912,0,0
-704222,0,0
-605710,0,0
-557236,0,0
-128760,0,0
242144,0,0
248581,0,0
120249,0,0
-274761,0,0
-641664,0,0
-643295,0,0
-671022,0,0
-682747,0,0
-259119,0,0
154992,0,0
288578,0,0
257327,0,0
-58897,0,0
-436600,0,0
-593598,0,0
-675684,0,0
-678414,0,0
-362938,0,0
31047,0,0
315456,0,0
329694,0,0
-5717,0,0
-418196,0,0
-638527,0,0
-633565,0,0
-603958,0,0
-485696,0,0
-86375,0,0
210247,0,0
271170,0,0
96778,0,0
-247078,0,0
-401276,0,0
-591095,0,0
-606310,0,0
-531679,0,0
-60494,0,0
290785,0,0
272580,0,0
115971,0,0
-251840,0,0
-519490,0,0
-470452,0,0
-602632,0,0
-569087,0,0
-156573,0,0
293285,0,0
420787,0,0
231808,0,0
-222442,0,0
-556488,0,0
-495952,0,0
-469700,0,0
-487527,0,0
-67683,0,0
189092,0,0
307912,0,0
262659,0,0
-82497,0,0
-379252,0,0
-602049,0,0
-690650,0,0
-594900,0,0
-268212,0,0
138629,0,0
299111,0,0
193690,0,0
-156984,0,0
-472700,0,0
-697773,0,0
-654622,0,0
-577233,0,0
-312152,0,0
148697,0,0
339245,0,0
229951,0,0
-78214,0,0
-387596,0,0
-608585,0,0
-515014,0,0
-545781,0,0
-339054,0,0
176854,0,0
387073,0,0
309734,0,0
26884,0,0
-412384,0,0
-612895,0,0
-496032,0,0
-473833,0,0
-285934,0,0
132015,0,0
388680,0,0
386713,0,0
202346,0,0
-203611,0,0
-253814,0,0
-323750,0,0
-435235,0,0
-247025,0,0
150351,0,0
489292,0,0
521992,0,0
193549,0,0
-296715,0,0
-429875,0,0
-618994,0,0
-547119,0,0
-233525,0,0
241612,0,0
420782,0,0
384949,0,0
103123,0,0
-266660,0,0
-395468,0,0
-539430,0,0
-489158,0,0
-241674,0,0
87616,0,0
317352,0,0
362750,0,0
130175,0,0
-339527,0,0
-651805,0,0
-575864,0,0
-507363,0,0
-449162,0,0
52243,0,0
396757,0,0
414321,0,0
104825,0,0
-252476,0,0
-431271,0,0
-547777,0,0
-518710,0,0
-162706,0,0
327158,0,0
456239,0,0
336564,0,0
34736,0,0
-471261,0,0
-733135,0,0
-732391,0,0
-725565,0,0
-366267,0,0
27187,0,0
218681,0,0
271591,0,0
7022,0,0
-449696,0,0
-703276,0,0
-754094,0,0
-765581,0,0
-451428,0,0
65247,0,0
321388,0,0
262735,0,0
-68335,0,0
-451689,0,0
-637674,0,0
-776509,0,0
-819435,0,0
-497036,0,0
-87167,0,0
162166,0,0
217826,0,0
-26064,0,0
-298065,0,0
-511946,0,0
-728090,0,0
-851451,0,0
-543854,0,0
-52273,0,0
521704,0,0
614235,0,0
356088,0,0
-41440,0,0
-459158,0,0
-563892,0,0
-548750,0,0
-260381,0,0
189421,0,0
463751,0,0
373337,0,0
51214,0,0
-328901,0,0
-698834,0,0
-739864,0,0
-720283,0,0
-571955,0,0
-81206,0,0
477130,0,0
475230,0,0
154440,0,0
-315667,0,0
-686544,0,0
-740350,0,0
-729577,0,0
-618719,0,0
-155545,0,0
220566,0,0
243669,0,0
45075,0,0
-343763,0,0
-562906,0,0
-569618,0,0
-674377,0,0
-645324,0,0
-192367,0,0
192758,0,0
305719,0,0
153518,0,0
-191153,0,0
-325126,0,0
-469978,0,0
-653338,0,0
-575970,0,0
-212287,0,0
256474,0,0
470316,0,0
403887,0,0
102539,0,0
-278659,0,0
-520630,0,0
-608982,0,0
-574507,0,0
-245939,0,0
325408,0,0
562503,0,0
374660,0,0
-4560,0,0
-279072,0,0
-477899,0,0
-468473,0,0
-518260,0,0
-136193,0,0
161755,0,0
167993,0,0
175663,0,0
-68800,0,0
-325844,0,0
-366979,0,0
-189018,0,0
-221898,0,0
-19508,0,0
170507,0,0
227117,0,0
144466,0,0
-57948,0,0
-411938,0,0
-353476,0,0
-337764,0,0
-326758,0,0
76620,0,0
323468,0,0
476954,0,0
411973,0,0
182388,0,0
-155283,0,0
-393847,0,0
-427713,0,0
-408876,0,0
73682,0,0
316588,0,0
431253,0,0
245177,0,0
-124387,0,0
-545391,0,0
-645934,0,0
-571826,0,0
-438184,0,0
35030,0,0
362404,0,0
524048,0,0
218602,0,0
-274964,0,0
-625196,0,0
-700501,0,0
-651662,0,0
-506576,0,0
13377,0,0
325614,0,0
327939,0,0
92354,0,0
-205088,0,0
-478909,0,0
-618557,0,0
-652236,0,0
-576054,0,0
-129386,0,0
266077,0,0
376887,0,0
107320,0,0
-271381,0,0
-555137,0,0
-593024,0,0
-556417,0,0
-580697,0,0
-76560,0,0
171237,0,0
205906,0,0
23401,0,0
-250352,0,0
-586957,0,0
-755802,0,0
-729106,0,0
-665279,0,0
-181175,0,0
78437,0,0
159776,0,0
-49261,0,0
-395081,0,0
-717012,0,0
-666995,0,0
-718044,0,0
-548911,0,0
-146912,0,0
49534,0,0
229443,0,0
105753,0,0
-185493,0,0
-512138,0,0
-578818,0,0
-820363,0,0
-544475,0,0
-217930,0,0
71945,0,0
324194,0,0
136769,0,0
-230962,0,0
-478479,0,0
-562982,0,0
-764947,0,0
-551883,0,0
-197991,0,0
260771,0,0
359939,0,0
63951,0,0
-354022,0,0
-695779,0,0
-710220,0,0
-565651,0,0
-477174,0,0
-163452,0,0
216594,0,0
284518,0,0
40811,0,0
-357670,0,0
-646037,0,0
-634958,0,0
-668008,0,0
-483467,0,0
-145865,0,0
231702,0,0
322147,0,0
138100,0,0
-239401,0,0
-511793,0,0
-525373,0,0
-641683,0,0
-563147,0,0
-106274,0,0
214398,0,0
248233,0,0
85116,0,0
-346754,0,0
-670965,0,0
-565153,0,0
-623716,0,0
-523745,0,0
-171330,0,0
161842,0,0
315998,0,0
161425,0,0
-271121,0,0
-623995,0,0
-707983,0,0
-774567,0,0
-527860,0,0
-34010,0,0
270578,0,0
281995,0,0
6551,0,0
-451546,0,0
-707361,0,0
-706614,0,0
-643963,0,0
-511700,0,0
-174264,0,0
184243,0,0
230746,0,0
70086,0,0
-311865,0,0
-506209,0,0
-622287,0,0
-501942,0,0
-366150,0,0
39424,0,0
349018,0,0
410289,0,0
211344,0,0
-220744,0,0
-593991,0,0
-775830,0,0
-683357,0,0
-570198,0,0
-133465,0,0
278408,0,0
198386,0,0
20943,0,0
-307921,0,0
-621607,0,0
-793077,0,0
-620493,0,0
-679251,0,0
-266105,0,0
250068,0,0
221277,0,0
167370,0,0
-191500,0,0
-617858,0,0
-717068,0,0
-734007,0,0
-738469,0,0
-296830,0,0
131255,0,0
319497,0,0
291005,0,0
-123093,0,0
-421015,0,0
-625941,0,0
-746985,0,0
-638413,0,0
-171611,0,0
118714,0,0
337414,0,0
224136,0,0
-92746,0,0
-437431,0,0
-563916,0,0
-687871,0,0
-669668,0,0
-356194,0,0
-843,0,0
219079,0,0
201318,0,0
-114959,0,0
-455539,0,0
-555368,0,0
-709820,0,0
-442746,0,0
-79249,0,0
293847,0,0
501829,0,0
298322,0,0
-3725,0,0
-382742,0,0
-607202,0,0
-491096,0,0
-513590,0,0
-242897,0,0
202496,0,0
380489,0,0
187882,0,0
-88056,0,0
-551740,0,0
-793278,0,0
-618072,0,0
-534078,0,0
-210750,0,0
167974,0,0
299619,0,0
160736,0,0
-63428,0,0
-409969,0,0
-480975,0,0
-394940,0,0
-497447,0,0
-109659,0,0
325882,0,0
491068,0,0
384339,0,0
116111,0,0
-403882,0,0
-588085,0,0
-308592,0,0
-215653,0,0
119106,0,0
291347,0,0
402018,0,0
465084,0,0
284442,0,0
-99100,0,0
-143755,0,0
-263101,0,0
-244758,0,0
-31608,0,0
260859,0,0
595545,0,0
518930,0,0
152190,0,0
-249643,0,0
-299985,0,0
-432156,0,0
-407193,0,0
-174303,0,0
182021,0,0
501013,0,0
525632,0,0
329950,0,0
19446,0,0
-229087,0,0
-294254,0,0
-131173,0,0
-113715,0,0
298049,0,0
583138,0,0
598433,0,0
423213,0,0
23375,0,0
-239421,0,0
-392305,0,0
-546299,0,0
-321925,0,0
212862,0,0
524895,0,0
456529,0,0
274651,0,0
-162432,0,0
-436729,0,0
-452650,0,0
-468646,0,0
-183358,0,0
270961,0,0
479059,0,0
411957,0,0
101225,0,0
-340706,0,0
-353083,0,0
-260107,0,0
-334521,0,0
-18062,0,0
295934,0,0
413872,0,0
397868,0,0
80218,0,0
-372318,0,0
-421958,0,0
-493269,0,0
-429866,0,0
-96056,0,0
213264,0,0
371359,0,0
288039,0,0
-58456,0,0
-433510,0,0
-649743,0,0
-892498,0,0
-806249,0,0
-353119,0,0
-45128,0,0
177197,0,0
118188,0,0
-226477,0,0
-517892,0,0
-966398,0,0
-1022492,0,0
-661020,0,0
-390140,0,0
43445,0,0
289040,0,0
113014,0,0
-323024,0,0
-593009,0,0
-835468,0,0
-830537,0,0
-659663,0,0
-211446,0,0
246455,0,0
322167,0,0
167685,0,0
-129706,0,0
-462456,0,0
-851536,0,0
-722421,0,0
-767548,0,0
-423985,0,0
69201,0,0
183579,0,0
100792,0,0
-256111,0,0
-686890,0,0
-855266,0,0
-674425,0,0
-630597,0,0
-288158,0,0
139849,0,0
249657,0,0
129242,0,0
-268511,0,0
-680002,0,0
-814405,0,0
-816955,0,0
-795857,0,0
-400508,0,0
-21430,0,0
115434,0,0
125968,0,0
-199281,0,0
-634997,0,0
-753283,0,0
-706265,0,0
-756480,0,0
-397690,0,0
-53067,0,0
180483,0,0
133757,0,0
-188491,0,0
-487570,0,0
-636722,0,0
-668485,0,0
-614733,0,0
-278540,0,0
40210,0,0
254642,0,0
134901,0,0
-248693,0,0
-543098,0,0
-673310,0,0
-617301,0,0
-535358,0,0
-322677,0,0
-4060,0,0
290456,0,0
236444,0,0
-92319,0,0
-419981,0,0
-659671,0,0
-630014,0,0
-538036,0,0
-221195,0,0
241727,0,0
375804,0,0
183433,0,0
-90513,0,0
-430203,0,0
-629978,0,0
-557004,0,0
-475350,0,0
-158285,0,0
262403,0,0
391640,0,0
237663,0,0
-11326,0,0
-497196,0,0
-658205,0,0
-785789,0,0
-711398,0,0
-231994,0,0
224396,0,0
244444,0,0
26011,0,0
-331233,0,0
-649412,0,0
-683843,0,0
-782851,0,0
-803837,0,0
-422052,0,0
-5009,0,0
165210,0,0
185556,0,0
-149381,0,0
-509379,0,0
-498691,0,0
-674679,0,0
-784371,0,0
-410737,0,0
72043,0,0
352274,0,0
220698,0,0
-169755,0,0
-505096,0,0
-692868,0,0
-756659,0,0
-602118,0,0
-334529,0,0
89819,0,0
296648,0,0
212797,0,0
-150336,0,0
-528761,0,0
-748770,0,0
-736467,0,0
-572713,0,0
-235551,0,0
104679,0,0
243054,0,0
103398,0,0
-203515,0,0
-556464,0,0
-670893,0,0
-583859,0,0
-673224,0,0
-458759,0,0
-43107,0,0
180510,0,0
192905,0,0
-71371,0,0
-507460,0,0
-727717,0,0
-709251,0,0
-719855,0,0
-527282,0,0
-145971,0,0
160755,0,0
294260,0,0
-11164,0,0
-433788,0,0
-690188,0,0
-712454,0,0
-738990,0,0
-587581,0,0
-158048,0,0
165999,0,0
178908,0,0
25284,0,0
-361015,0,0
-642965,0,0
-714238,0,0
-778800,0,0
-707312,0,0
-274996,0,0
311635,0,0
453809,0,0
185113,0,0
-212763,0,0
-638679,0,0
-809943,0,0
-725538,0,0
-662871,0,0
-369669,0,0
60859,0,0
219763,0,0
186596,0,0
-145154,0,0
-541474,0,0
-753078,0,0
-745786,0,0
-683852,0,0
-475389,0,0
-60430,0,0
77398,0,0
168044,0,0
-28134,0,0
-370270,0,0
-664165,0,0
-749342,0,0
-780862,0,0
-659237,0,0
-273482,0,0
93455,0,0
195922,0,0
88756,0,0
-250218,0,0
-547053,0,0
-701916,0,0
-744974,0,0
-743201,0,0
-499572,0,0
-76564,0,0
196545,0,0
250097,0,0
56443,0,0
-373796,0,0
-624741,0,0
-606003,0,0
-726871,0,0
-642744,0,0
-240714,0,0
156237,0,0
228829,0,0
129528,0,0
-212502,0,0
-540049,0,0
-584966,0,0
-615569,0,0
-657679,0,0
-387112,0,0
46295,0,0
242526,0,0
207642,0,0
-93982,0,0
-416851,0,0
-542669,0,0
-661305,0,0
-696982,0,0
-464978,0,0
-41653,0,0
250163,0,0
356065,0,0
85520,0,0
-359539,0,0
-694763,0,0
-738449,0,0
-672079,0,0
-594983,0,0
-158420,0,0
140426,0,0
298986,0,0
197452,0,0
-202070,0,0
-610982,0,0
-615712,0,0
-631633,0,0
-666478,0,0
-318091,0,0
112436,0,0
403885,0,0
313960,0,0
-46060,0,0
-532361,0,0
-685133,0,0
-666810,0,0
-592253,0,0
-414574,0,0
37603,0,0
383384,0,0
267165,0,0
-10568,0,0
-430291,0,0
-604199,0,0
-688037,0,0
-657483,0,0
-570563,0,0
-163601,0,0
148232,0,0
264841,0,0
180354,0,0
-206028,0,0
-583425,0,0
-709372,0,0
-702928,0,0
-685191,0,0
-262560,0,0
81593,0,0
187093,0,0
205197,0,0
-80125,0,0
-440925,0,0
-662498,0,0
-687473,0,0
-696949,0,0
-435235,0,0
-62710,0,0
279636,0,0
368430,0,0
84374,0,0
-364159,0,0
-606348,0,0
-630885,0,0
-699118,0,0
-534140,0,0
-115890,0,0
247904,0,0
363302,0,0
151028,0,0
-228571,0,0
-592955,0,0
-708360,0,0
-700488,0,0
-620441,0,0
-249844,0,0
117659,0,0
223359,0,0
260298,0,0
-70640,0,0
-515751,0,0
-737003,0,0
-759033,0,0
-675047,0,0
-400771,0,0
7174,0,0
97152,0,0
97624,0,0
-59366,0,0
-351927,0,0
-572631,0,0
-703223,0,0
-623133,0,0
-524504,0,0
-223067,0,0
44348,0,0
249139,0,0
82994,0,0
-251710,0,0
-550117,0,0
-642967,0,0
-624236,0,0
-672100,0,0
-435318,0,0
-46210,0,0
253429,0,0
223749,0,0
17081,0,0
-409028,0,0
-653083,0,0
-665969,0,0
-722838,0,0
-540810,0,0
-58479,0,0
304343,0,0
273959,0,0
152792,0,0
-257564,0,0
-562960,0,0
-581458,0,0
-681902,0,0
-572495,0,0
-226399,0,0
140277,0,0
284438,0,0
191368,0,0
-123977,0,0
-432174,0,0
-648469,0,0
-712027,0,0
-647476,0,0
-459071,0,0
-9640,0,0
223479,0,0
208253,0,0
27908,0,0
-357896,0,0
-645360,0,0
-589773,0,0
-685166,0,0
-638320,0,0
-149019,0,0
149385,0,0
215937,0,0
178816,0,0
-143045,0,0
-555608,0,0
-688866,0,0
-642631,0,0
-668683,0,0
-269071,0,0
43206,0,0
224955,0,0
206833,0,0
-45619,0,0
-442677,0,0
-554586,0,0
-702728,0,0
-702957,0,0
-475716,0,0
-98976,0,0
315567,0,0
326806,0,0
66120,0,0
-353678,0,0
-636433,0,0
-699280,0,0
-604776,0,0
-537123,0,0
-145636,0,0
335778,0,0
295484,0,0
132647,0,0
-224766,0,0
-500600,0,0
-652453,0,0
-617022,0,0
-594832,0,0
-147321,0,0
340387,0,0
313628,0,0
260088,0,0
-104777,0,0
-479652,0,0
-580941,0,0
-600987,0,0
-669616,0,0
-243719,0,0
194728,0,0
433175,0,0
371452,0,0
-10823,0,0
-365786,0,0
-565232,0,0
-538582,0,0
-547692,0,0
-123145,0,0
281008,0,0
501241,0,0
402338,0,0
42452,0,0
-394263,0,0
-547872,0,0
-585751,0,0
-560485,0,0
-265781,0,0
91564,0,0
391658,0,0
291384,0,0
-35430,0,0
-405531,0,0
-497804,0,0
-408362,0,0
-511672,0,0
-367360,0,0
56777,0,0
339977,0,0
210559,0,0
-27400,0,0
-367202,0,0
-584851,0,0
-629554,0,0
-648461,0,0
-408770,0,0
37829,0,0
237903,0,0
189388,0,0
91312,0,0
-303771,0,0
-623660,0,0
-646565,0,0
-643923,0,0
-450312,0,0
62321,0,0
279850,0,0
317989,0,0
131959,0,0
-324353,0,0
-615530,0,0
-595443,0,0
-692826,0,0
-467023,0,0
1343,0,0
316172,0,0
322973,0,0
79605,0,0
-333235,0,0
-475987,0,0
-472823,0,0
-592143,0,0
-366558,0,0
-34305,0,0
257173,0,0
273593,0,0
87948,0,0
-283838,0,0
-323735,0,0
-401520,0,0
-114455,0,0
-87075,0,0
39582,0,0
316065,0,0
328244,0,0
65780,0,0
-318186,0,0
-399582,0,0
-424773,0,0
-342657,0,0
-185893,0,0
151840,0,0
437127,0,0
374320,0,0
127900,0,0
-278524,0,0
-426590,0,0
-423465,0,0
-282469,0,0
-269189,0,0
51991,0,0
292280,0,0
357345,0,0
241230,0,0
-163410,0,0
-552013,0,0
-665150,0,0
-632879,0,0
-574849,0,0
44653,0,0
308327,0,0
230489,0,0
282,0,0
-460503,0,0
-664541,0,0
-707520,0,0
-707006,0,0
-609538,0,0
-79314,0,0
202916,0,0
294378,0,0
2772,0,0
-522140,0,0
-720851,0,0
-736310,0,0
-752721,0,0
-549947,0,0
-166639,0,0
56999,0,0
262833,0,0
62061,0,0
-364867,0,0
-600587,0,0
-738056,0,0
-715297,0,0
-539033,0,0
-193102,0,0
110858,0,0
276563,0,0
88733,0,0
-247768,0,0
-476916,0,0
-697187,0,0
-659203,0,0
-659705,0,0
-285716,0,0
152307,0,0
256315,0,0
162608,0,0
-103684,0,0
-512069,0,0
-715956,0,0
-641488,0,0
-664843,0,0
-337750,0,0
165711,0,0
390757,0,0
300975,0,0
61504,0,0
-361716,0,0
-640321,0,0
-639628,0,0
-610777,0,0
-198376,0,0
211826,0,0
327957,0,0
196475,0,0
-162085,0,0
-577257,0,0
-586043,0,0
-544131,0,0
-655145,0,0
-298355,0,0
66471,0,0
240121,0,0
258791,0,0
-56357,0,0
-449982,0,0
-533733,0,0
-540514,0,0
-467164,0,0
-270330,0,0
24728,0,0
322613,0,0
316935,0,0
-10576,0,0
-443962,0,0
-654670,0,0
-753472,0,0
-632625,0,0
-261653,0,0
117077,0,0
351223,0,0
214317,0,0
-99430,0,0
-401921,0,0
-590435,0,0
-547756,0,0
-460403,0,0
-206447,0,0
248217,0,0
481407,0,0
354052,0,0
9217,0,0
-507652,0,0
-704944,0,0
-595829,0,0
-417942,0,0
-84976,0,0
360129,0,0
414534,0,0
197489,0,0
-114232,0,0
-485762,0,0
-604242,0,0
-511224,0,0
-506430,0,0
-119664,0,0
281542,0,0
370142,0,0
219184,0,0
-156750,0,0
-574969,0,0
-629527,0,0
-685157,0,0
-741235,0,0
-410292,0,0
167512,0,0
301598,0,0
203385,0,0
-99675,0,0
-562946,0,0
-705562,0,0
-764796,0,0
-784887,0,0
-505238,0,0
-94367,0,0
135293,0,0
235066,0,0
72761,0,0
-242553,0,0
-467475,0,0
-740048,0,0
-831821,0,0
-603296,0,0
-197458,0,0
240554,0,0
289516,0,0
30192,0,0
-358641,0,0
-658566,0,0
-711530,0,0
-670783,0,0
-609351,0,0
-199908,0,0
131560,0,0
245882,0,0
141675,0,0
-191960,0,0
-637295,0,0
-737109,0,0
-749156,0,0
-696894,0,0
-298824,0,0
195725,0,0
338828,0,0
189583,0,0
-235497,0,0
-651331,0,0
-707871,0,0
-694682,0,0
-664906,0,0
-244775,0,0
222200,0,0
331168,0,0
202131,0,0
-203250,0,0
-580189,0,0
-602411,0,0
-594940,0,0
-474009,0,0
-232024,0,0
-840,0,0
253061,0,0
186151,0,0
-135577,0,0
-471888,0,0
-601235,0,0
-601394,0,0
-513810,0,0
-360175,0,0
-10750,0,0
257922,0,0
248542,0,0
-17846,0,0
-395033,0,0
-512076,0,0
-609337,0,0
-608230,0,0
-355839,0,0
160327,0,0
404410,0,0
317711,0,0
-2513,0,0
-439621,0,0
-609785,0,0
-607378,0,0
-622027,0,0
-447431,0,0
-27094,0,0
202459,0,0
231462,0,0
-17341,0,0
-455638,0,0
-619435,0,0
-483593,0,0
-612353,0,0
-549229,0,0
-174018,0,0
142624,0,0
276952,0,0
47286,0,0
-369799,0,0
-537676,0,0
-556986,0,0
-697477,0,0
-604548,0,0
-156678,0,0
181645,0,0
290870,0,0
124574,0,0
-271682,0,0
-541638,0,0
-696586,0,0
-736598,0,0
-612823,0,0
-235902,0,0
220936,0,0
389755,0,0
222167,0,0
-150605,0,0
-504376,0,0
-705147,0,0
-715906,0,0
-586060,0,0
-236721,0,0
125007,0,0
263443,0,0
216509,0,0
-99452,0,0
-487644,0,0
-650752,0,0
-663956,0,0
-600644,0,0
-273217,0,0
163306,0,0
304245,0,0
247174,0,0
-62098,0,0
-514633,0,0
-624993,0,0
-605710,0,0
-597915,0,0
-323261,0,0
154222,0,0
264760,0,0
199549,0,0
-112861,0,0
-507533,0,0
-667555,0,0
-659510,0,0
-655597,0,0
-329267,0,0
69837,0,0
186828,0,0
230626,0,0
-24323,0,0
-404696,0,0
-637331,0,0
-721416,0,0
-640572,0,0
-424388,0,0
-19278,0,0
238163,0,0
274746,0,0
-2926,0,0
-418970,0,0
-724189,0,0
-764866,0,0
-667954,0,0
-595456,0,0
-133926,0,0
226421,0,0
343569,0,0
98725,0,0
-315657,0,0
-645506,0,0
-717952,0,0
-734135,0,0
-618615,0,0
-205020,0,0
134707,0,0
247517,0,0
182540,0,0
-131332,0,0
-539595,0,0
-614279,0,0
-705957,0,0
-711365,0,0
-431910,0,0
-47734,0,0
259931,0,0
260579,0,0
-27088,0,0
-461826,0,0
-666314,0,0
-723990,0,0
-687909,0,0
-543433,0,0
-25252,0,0
288474,0,0
239927,0,0
15038,0,0
-386911,0,0
-633972,0,0
-716522,0,0
-683509,0,0
-615084,0,0
-168349,0,0
107128,0,0
103200,0,0
141151,0,0
-183050,0,0
-534544,0,0
-694175,0,0
-741638,0,0
-694553,0,0
-368045,0,0
105,0,0
245975,0,0
358852,0,0
38250,0,0
-472579,0,0
-657481,0,0
-667631,0,0
-669207,0,0
-403568,0,0
-24297,0,0
327442,0,0
303812,0,0
-582,0,0
-389929,0,0
-548229,0,0
-625316,0,0
-631308,0,0
-457823,0,0
-31766,0,0
292505,0,0
289039,0,0
96204,0,0
-293047,0,0
-533393,0,0
-590213,0,0
-627829,0,0
-525129,0,0
-134475,0,0
232903,0,0
299514,0,0
179942,0,0
-221364,0,0
-564297,0,0
-599089,0,0
-641931,0,0
-556784,0,0
-196227,0,0
158441,0,0
278085,0,0
246945,0,0
-150879,0,0
-562149,0,0
-624992,0,0
-674375,0,0
-568090,0,0
-273611,0,0
74945,0,0
210661,0,0
191355,0,0
-123192,0,0
-467166,0,0
-694725,0,0
-748978,0,0
-680589,0,0
-500413,0,0
-86368,0,0
310327,0,0
309229,0,0
-34015,0,0
-414080,0,0
-620029,0,0
-678199,0,0
-658180,0,0
-528883,0,0
-68645,0,0
196919,0,0
282020,0,0
128685,0,0
-184262,0,0
-536671,0,0
-623143,0,0
-676508,0,0
-634326,0,0
-212342,0,0
111644,0,0
301805,0,0
219395,0,0
-112417,0,0
-516844,0,0
-636635,0,0
-673461,0,0
-572132,0,0
-223169,0,0
79467,0,0
281286,0,0
246390,0,0
-75757,0,0
-499123,0,0
-663231,0,0
-665572,0,0
-576976,0,0
-362858,0,0
35623,0,0
275425,0,0
204078,0,0
8599,0,0
-392549,0,0
-594188,0,0
-656664,0,0
-571620,0,0
-413312,0,0
-2844,0,0
227386,0,0
185812,0,0
73820,0,0
-331368,0,0
-640284,0,0
-616350,0,0
-546599,0,0
-558063,0,0
-157921,0,0
139806,0,0
256554,0,0
171653,0,0
-217599,0,0
-540773,0,0
-673287,0,0
-684427,0,0
-661187,0,0
-252266,0,0
93388,0,0
287190,0,0
285531,0,0
-111940,0,0
-464377,0,0
-682700,0,0
-717390,0,0
-685831,0,0
-437074,0,0
-65444,0,0
200617,0,0
283257,0,0
38957,0,0
-357655,0,0
-622554,0,0
-627734,0,0
-635895,0,0
-539853,0,0
-161836,0,0
229339,0,0
253967,0,0
138209,0,0
-238388,0,0
-557751,0,0
-551157,0,0
-632537,0,0
-660691,0,0
-302345,0,0
186911,0,0
308124,0,0
331078,0,0
-16517,0,0
-486220,0,0
-683163,0,0
-734576,0,0
-716270,0,0
-295118,0,0
169511,0,0
287741,0,0
241516,0,0
-156383,0,0
-463166,0,0
-587320,0,0
-654193,0,0
-691646,0,0
-490834,0,0
-10169,0,0
320217,0,0
266713,0,0
-25527,0,0
-358411,0,0
-583825,0,0
-617170,0,0
-533296,0,0
-507579,0,0
-92354,0,0
296189,0,0
370328,0,0
145804,0,0
-253628,0,0
-534114,0,0
-464623,0,0
-458339,0,0
-495471,0,0
-80541,0,0
234901,0,0
316439,0,0
195994,0,0
-166142,0,0
-509055,0,0
-616897,0,0
-705783,0,0
-621167,0,0
-134705,0,0
198484,0,0
358176,0,0
210106,0,0
-175396,0,0
-579140,0,0
-642287,0,0
-675554,0,0
-598812,0,0
-215359,0,0
97572,0,0
284924,0,0
210057,0,0
-158412,0,0
-527654,0,0
-669511,0,0
-718912,0,0
-616613,0,0
-388258,0,0
-23096,0,0
313771,0,0
217573,0,0
-84326,0,0
-454834,0,0
-654084,0,0
-703440,0,0
-633241,0,0
-540905,0,0
-65491,0,0
347229,0,0
257284,0,0
49918,0,0
-361167,0,0
-592499,0,0
-672252,0,0
-688674,0,0
-647670,0,0
-150007,0,0
178070,0,0
242669,0,0
197366,0,0
-176004,0,0
-566000,0,0
-681053,0,0
-637474,0,0
-585925,0,0
-206612,0,0
57181,0,0
186557,0,0
199306,0,0
-88237,0,0
-395309,0,0
-618529,0,0
-728743,0,0
-591826,0,0
-385129,0,0
-113695,0,0
295776,0,0
367384,0,0
57746,0,0
-390124,0,0
-642990,0,0
-631783,0,0
-630346,0,0
-431138,0,0
19829,0,0
218898,0,0
155143,0,0
110037,0,0
-117092,0,0
-360309,0,0
-549316,0,0
-675421,0,0
-591512,0,0
-153984,0,0
257266,0,0
263288,0,0
170856,0,0
-215181,0,0
-612402,0,0
-666256,0,0
-672981,0,0
-628575,0,0
-281169,0,0
172751,0,0
455672,0,0
294658,0,0
-194216,0,0
-577522,0,0
-647423,0,0
-703120,0,0
-579838,0,0
-243623,0,0
113258,0,0
336167,0,0
241866,0,0
-100063,0,0
-419031,0,0
-622821,0,0
-672071,0,0
-531497,0,0
-364750,0,0
88869,0,0
502597,0,0
415893,0,0
9554,0,0
-381367,0,0
-574209,0,0
-595230,0,0
-580129,0,0
-371940,0,0
119189,0,0
354887,0,0
268850,0,0
-29754,0,0
-444565,0,0
-713098,0,0
-604565,0,0
-633665,0,0
-442411,0,0
70009,0,0
303481,0,0
255216,0,0
10808,0,0
-390512,0,0
-636799,0,0
-630034,0,0
-652670,0,0
-391632,0,0
70336,0,0
269381,0,0
305373,0,0
13798,0,0
-444458,0,0
-622042,0,0
-690505,0,0
-733867,0,0
-496177,0,0
126018,0,0
503965,0,0
504869,0,0
84603,0,0
-411249,0,0
-660041,0,0
-661618,0,0
-588588,0,0
-368714,0,0
11939,0,0
235832,0,0
233600,0,0
44408,0,0
-336491,0,0
-627017,0,0
-611535,0,0
-508135,0,0
-561228,0,0
-255999,0,0
164146,0,0
267678,0,0
146128,0,0
-156838,0,0
-534802,0,0
-662210,0,0
-601102,0,0
-599887,0,0
-237058,0,0
252162,0,0
345240,0,0
204549,0,0
-109522,0,0
-531923,0,0
-550971,0,0
-568441,0,0
-613770,0,0
-289856,0,0
64800,0,0
314776,0,0
299404,0,0
-38557,0,0
-428972,0,0
-557165,0,0
-733226,0,0
-705820,0,0
-284104,0,0
180500,0,0
445113,0,0
342478,0,0
-37560,0,0
-434533,0,0
-546982,0,0
-623918,0,0
-582856,0,0
-253994,0,0
114832,0,0
347859,0,0
238356,0,0
-147874,0,0
-465666,0,0
-664218,0,0
-668162,0,0
-610527,0,0
-365375,0,0
80732,0,0
359994,0,0
275833,0,0
-65117,0,0
-353700,0,0
-593450,0,0
-653371,0,0
-626159,0,0
-444623,0,0
56394,0,0
235961,0,0
195992,0,0
-53239,0,0
-417033,0,0
-619223,0,0
-540084,0,0
-728752,0,0
-459067,0,0
105950,0,0
356568,0,0
250670,0,0
6168,0,0
-435762,0,0
-601239,0,0
-600819,0,0
-674395,0,0
-437467,0,0
27969,0,0
277376,0,0
323139,0,0
98388,0,0
-344277,0,0
-660121,0,0
-740348,0,0
-764767,0,0
-541911,0,0
-53250,0,0
306441,0,0
343166,0,0
96271,0,0
-334853,0,0
-640217,0,0
-720125,0,0
-693051,0,0
-553621,0,0
-143883,0,0
230550,0,0
357661,0,0
150242,0,0
-206880,0,0
-556546,0,0
-733170,0,0
-698019,0,0
-563303,0,0
-143665,0,0
235714,0,0
329186,0,0
135837,0,0
-193115,0,0
-576557,0,0
-694658,0,0
-490646,0,0
-396067,0,0
-56859,0,0
223308,0,0
287655,0,0
171041,0,0
-185725,0,0
-587377,0,0
-643086,0,0
-687587,0,0
-661453,0,0
-270580,0,0
73633,0,0
256893,0,0
197865,0,0
-161994,0,0
-563559,0,0
-711726,0,0
-778549,0,0
-761366,0,0
-456114,0,0
-80198,0,0
236855,0,0
234922,0,0
-6809,0,0
-383995,0,0
-633625,0,0
-754926,0,0
-771867,0,0
-581475,0,0
-186542,0,0
115219,0,0
278642,0,0
122894,0,0
-253559,0,0
-573403,0,0
-721630,0,0
-728907,0,0
-696370,0,0
-364197,0,0
150757,0,0
398851,0,0
247919,0,0
-91151,0,0
-546050,0,0
-678811,0,0
-705035,0,0
-709533,0,0
-361542,0,0
253,0,0
143710,0,0
351018,0,0
58591,0,0
-420922,0,0
-616440,0,0
-769861,0,0
-685080,0,0
-402616,0,0
60481,0,0
256962,0,0
299144,0,0
1235,0,0
-392577,0,0
-565829,0,0
-659970,0,0
-665783,0,0
-540178,0,0
-51716,0,0
203600,0,0
211065,0,0
57286,0,0
-241952,0,0
-527005,0,0
-662680,0,0
-593885,0,0
-590676,0,0
-219613,0,0
222132,0,0
409056,0,0
250779,0,0
-105391,0,0
-358277,0,0
-403013,0,0
-486739,0,0
-432940,0,0
51189,0,0
594551,0,0
750631,0,0
592693,0,0
223745,0,0
-227737,0,0
-364170,0,0
-420434,0,0
-410792,0,0
-78495,0,0
443205,0,0
624409,0,0
481513,0,0
13937,0,0
-444595,0,0
-545149,0,0
-622142,0,0
-471989,0,0
-133825,0,0
203319,0,0
336595,0,0
99742,0,0
-259590,0,0
-539571,0,0
-686540,0,0
-720059,0,0
-545041,0,0
-301342,0,0
97420,0,0
220749,0,0
68011,0,0
-216189,0,0
-532746,0,0
-687567,0,0
-509450,0,0
-345632,0,0
-247904,0,0
145848,0,0
252091,0,0
235832,0,0
9956,0,0
-444071,0,0
-647360,0,0
-668335,0,0
-642724,0,0
-467817,0,0
33133,0,0
246089,0,0
187764,0,0
-77731,0,0
-456729,0,0
-593724,0,0
-616039,0,0
-559245,0,0
-414004,0,0
-32684,0,0
219623,0,0
233965,0,0
-23635,0,0
-423715,0,0
-642914,0,0
-674829,0,0
-623851,0,0
-308574,0,0
111899,0,0
229228,0,0
259824,0,0
-9961,0,0
-399403,0,0
-577331,0,0
-555694,0,0
-510598,0,0
-437026,0,0
-31466,0,0
258416,0,0
310524,0,0
68173,0,0
-304211,0,0
-585427,0,0
-523510,0,0
-461265,0,0
-537861,0,0
-91592,0,0
243365,0,0
286640,0,0
80644,0,0
-295100,0,0
-646568,0,0
-757223,0,0
-736256,0,0
-659514,0,0
-146191,0,0
261144,0,0
384852,0,0
76092,0,0
-364404,0,0
-718364,0,0
-756464,0,0
-761358,0,0
-634329,0,0
-133365,0,0
274199,0,0
401203,0,0
181465,0,0
-239320,0,0
-649368,0,0
-735377,0,0
-727719,0,0
-573579,0,0
-188824,0,0
213173,0,0
341845,0,0
179003,0,0
-193800,0,0
-566421,0,0
-580386,0,0
-689746,0,0
-565403,0,0
-182951,0,0
283565,0,0
489183,0,0
244572,0,0
-153360,0,0
-494731,0,0
-602354,0,0
-707236,0,0
-546944,0,0
-260126,0,0
130337,0,0
228480,0,0
167448,0,0
-118165,0,0
-486110,0,0
-558175,0,0
-626483,0,0
-693576,0,0
-365790,0,0
131506,0,0
298717,0,0
231862,0,0
-113801,0,0
-512590,0,0
-695408,0,0
-745942,0,0
-639278,0,0
-311626,0,0
120695,0,0
145916,0,0
173956,0,0
-116979,0,0
-486237,0,0
-699231,0,0
-694531,0,0
-687564,0,0
-522597,0,0
-27583,0,0
285454,0,0
390337,0,0
64418,0,0
-436192,0,0
-674316,0,0
-785374,0,0
-602472,0,0
-415391,0,0
4803,0,0
271687,0,0
377826,0,0
89820,0,0
-324686,0,0
-616388,0,0
-667642,0,0
-623505,0,0
-519173,0,0
-63306,0,0
314328,0,0
331974,0,0
117970,0,0
-200226,0,0
-638695,0,0
-674446,0,0
-625835,0,0
-597777,0,0
-174500,0,0
233540,0,0
355307,0,0
122105,0,0
-272644,0,0
-599654,0,0
-608420,0,0
-698754,0,0
-644055,0,0
-58847,0,0
225774,0,0
376783,0,0
191904,0,0
-91680,0,0
-457326,0,0
-506802,0,0
-587075,0,0
-487501,0,0
-115552,0,0
109405,0,0
381532,0,0
256386,0,0
-125776,0,0
-423646,0,0
-540372,0,0
-728881,0,0
-506943,0,0
-200300,0,0
95296,0,0
335486,0,0
124714,0,0
-182758,0,0
-489530,0,0
-525879,0,0
-686435,0,0
-538999,0,0
-233995,0,0
170251,0,0
367542,0,0
139557,0,0
-166210,0,0
-499693,0,0
-611157,0,0
-644720,0,0
-631050,0,0
-371834,0,0
196476,0,0
321361,0,0
156898,0,0
-130602,0,0
-471021,0,0
-652674,0,0
-685677,0,0
-659324,0,0
-409318,0,0
95066,0,0
180808,0,0
260008,0,0
-11479,0,0
-446182,0,0
-670110,0,0
-751547,0,0
-618164,0,0
-466877,0,0
9173,0,0
290713,0,0
363192,0,0
5967,0,0
-451757,0,0
-623431,0,0
-709495,0,0
-703805,0,0
-474210,0,0
16493,0,0
218490,0,0
487452,0,0
332677,0,0
4460,0,0
-442934,0,0
-731478,0,0
-590532,0,0
-297856,0,0
192898,0,0
395142,0,0
409557,0,0
180010,0,0
-60024,0,0
-359487,0,0
-519566,0,0
-349330,0,0
-279860,0,0
84354,0,0
377681,0,0
497122,0,0
296433,0,0
-41190,0,0
