-85017,0,0
163899,0,0
135031,0,0
-121208,0,0
-490793,0,0
-683614,0,0
-756151,0,0
-839567,0,0
-555314,0,0
-119225,0,0
102370,0,0
278822,0,0
-63448,0,0
-527467,0,0
-693743,0,0
-803321,0,0
-761243,0,0
-423629,0,0
5165,0,0
219270,0,0
167319,0,0
-230811,0,0
-610044,0,0
-740380,0,0
-814115,0,0
-754485,0,0
-449374,0,0
-75493,0,0
164083,0,0
84314,0,0
-295004,0,0
-659358,0,0
-797906,0,0
-855601,0,0
-849712,0,0
-572899,0,0
-151719,0,0
125960,0,0
53634,0,0
-259403,0,0
-631644,0,0
-778734,0,0
-802652,0,0
-851610,0,0
-657060,0,0
-203862,0,0
144353,0,0
184658,0,0
-77975,0,0
-611953,0,0
-949126,0,0
-837600,0,0
-745355,0,0
-537940,0,0
-106050,0,0
160874,0,0
132719,0,0
-138390,0,0
-601756,0,0
-792544,0,0
-714404,0,0
-806955,0,0
-652005,0,0
-147578,0,0
155531,0,0
141379,0,0
-118437,0,0
-538343,0,0
-719148,0,0
-755571,0,0
-803677,0,0
-632733,0,0
-237225,0,0
105973,0,0
205378,0,0
-65082,0,0
-519926,0,0
-706853,0,0
-813684,0,0
-840188,0,0
-624970,0,0
-214814,0,0
103785,0,0
102624,0,0
-90152,0,0
-473301,0,0
-738989,0,0
-843380,0,0
-746801,0,0
-626826,0,0
-308837,0,0
34392,0,0
131937,0,0
-18263,0,0
-433466,0,0
-732587,0,0
-853584,0,0
-775798,0,0
-660335,0,0
-230397,0,0
172083,0,0
148599,0,0
-37335,0,0
-478717,0,0
-749741,0,0
-743347,0,0
-734099,0,0
-732467,0,0
-220489,0,0
129092,0,0
138072,0,0
-20704,0,0
-454834,0,0
-715458,0,0
-754429,0,0
-781966,0,0
-686673,0,0
-193528,0,0
123891,0,0
218730,0,0
36869,0,0
-478699,0,0
-793675,0,0
-807900,0,0
-753627,0,0
-615589,0,0
-161729,0,0
133646,0,0
166265,0,0
-74537,0,0
-506509,0,0
-785726,0,0
-753724,0,0
-741379,0,0
-667767,0,0
-254634,0,0
90693,0,0
198364,0,0
-58766,0,0
-482144,0,0
-729095,0,0
-801038,0,0
-823423,0,0
-692021,0,0
-257295,0,0
137305,0,0
102403,0,0
-104990,0,0
-396749,0,0
-637117,0,0
-779329,0,0
-785010,0,0
-720646,0,0
-376026,0,0
41431,0,0
168896,0,0
21316,0,0
-373494,0,0
-746026,0,0
-809165,0,0
-738843,0,0
-698120,0,0
-287858,0,0
67853,0,0
106174,0,0
-223,0,0
-426776,0,0
-715665,0,0
-783977,0,0
-817752,0,0
-687319,0,0
-309090,0,0
137998,0,0
184211,0,0
47937,0,0
-352484,0,0
-720112,0,0
-792545,0,0
-743180,0,0
-690643,0,0
-342191,0,0
42736,0,0
196625,0,0
49548,0,0
-353438,0,0
-666345,0,0
-747602,0,0
-853732,0,0
-760086,0,0
-424558,0,0
-67110,0,0
148974,0,0
99616,0,0
-300517,0,0
-678043,0,0
-785500,0,0
-828741,0,0
-735038,0,0
-435531,0,0
-31654,0,0
113066,0,0
31882,0,0
-284502,0,0
-637153,0,0
-782100,0,0
-767996,0,0
-694541,0,0
-446371,0,0
-25840,0,0
137111,0,0
61743,0,0
-270202,0,0
-633123,0,0
-775641,0,0
-755486,0,0
-706714,0,0
-416459,0,0
53520,0,0
143826,0,0
71773,0,0
-284904,0,0
-663205,0,0
-767349,0,0
-729576,0,0
-647915,0,0
-327931,0,0
45808,0,0
115880,0,0
90854,0,0
-311691,0,0
-664642,0,0
-756778,0,0
-681988,0,0
-638970,0,0
-351731,0,0
70550,0,0
144707,0,0
114227,0,0
-303155,0,0
-670519,0,0
-730825,0,0
-766332,0,0
-649082,0,0
-254972,0,0
80118,0,0
92742,0,0
29356,0,0
-364486,0,0
-693220,0,0
-745928,0,0
-777577,0,0
-659685,0,0
-285447,0,0
41594,0,0
56626,0,0
7599,0,0
-389652,0,0
-663914,0,0
-772595,0,0
-831690,0,0
-722170,0,0
-357722,0,0
67163,0,0
121642,0,0
13454,0,0
-380631,0,0
-722683,0,0
-795141,0,0
-819071,0,0
-751520,0,0
-428242,0,0
-14640,0,0
104044,0,0
25324,0,0
-358168,0,0
-674949,0,0
-784391,0,0
-825648,0,0
-824672,0,0
-452613,0,0
41490,0,0
59542,0,0
12481,0,0
-313477,0,0
-668756,0,0
-754323,0,0
-854725,0,0
-814139,0,0
-474847,0,0
-85730,0,0
64922,0,0
137839,0,0
-199981,0,0
-640327,0,0
-774786,0,0
-769609,0,0
-758337,0,0
-496670,0,0
-95675,0,0
142563,0,0
126926,0,0
-235326,0,0
-608495,0,0
-739077,0,0
-811683,0,0
-817295,0,0
-531307,0,0
-129232,0,0
146710,0,0
92105,0,0
-270907,0,0
-642663,0,0
-755588,0,0
-745547,0,0
-780743,0,0
-541804,0,0
-120760,0,0
119950,0,0
72383,0,0
-162587,0,0
-511206,0,0
-742631,0,0
-750101,0,0
-765915,0,0
-554679,0,0
-189467,0,0
105579,0,0
92011,0,0
-130579,0,0
-508009,0,0
-725419,0,0
-785695,0,0
-796211,0,0
-634500,0,0
-181015,0,0
94910,0,0
142981,0,0
-74444,0,0
-538288,0,0
-807367,0,0
-788229,0,0
-902032,0,0
-659849,0,0
-137799,0,0
182627,0,0
171620,0,0
-93448,0,0
-500833,0,0
-783724,0,0
-861925,0,0
-859131,0,0
-641104,0,0
-147327,0,0
169242,0,0
175565,0,0
-113802,0,0
-577940,0,0
-735797,0,0
-775704,0,0
-763045,0,0
-555182,0,0
-134021,0,0
82298,0,0
99640,0,0
-109128,0,0
-506567,0,0
-722218,0,0
-838972,0,0
-805130,0,0
-624708,0,0
-197641,0,0
112888,0,0
286557,0,0
-29491,0,0
-521127,0,0
-778225,0,0
-876248,0,0
-836916,0,0
-636784,0,0
-115581,0,0
212379,0,0
154053,0,0
-104745,0,0
-501077,0,0
-732235,0,0
-841952,0,0
-828646,0,0
-663953,0,0
-204673,0,0
138204,0,0
164754,0,0
-53599,0,0
-478280,0,0
-741742,0,0
-839289,0,0
-833248,0,0
-702889,0,0
-236483,0,0
129570,0,0
189176,0,0
21475,0,0
-465494,0,0
-716799,0,0
-821273,0,0
-853301,0,0
-702047,0,0
-219763,0,0
178044,0,0
227848,0,0
-29280,0,0
-484397,0,0
-743268,0,0
-731634,0,0
-765501,0,0
-617688,0,0
-163783,0,0
216778,0,0
259098,0,0
-2146,0,0
-467227,0,0
-724332,0,0
-696488,0,0
-696408,0,0
-617841,0,0
-140746,0,0
176852,0,0
171765,0,0
-52098,0,0
-460822,0,0
-691479,0,0
-748776,0,0
-712657,0,0
-570469,0,0
-111198,0,0
185895,0,0
167975,0,0
-119435,0,0
-534669,0,0
-735354,0,0
-814667,0,0
-735570,0,0
-564000,0,0
-143244,0,0
162459,0,0
132309,0,0
-142964,0,0
-546285,0,0
-837920,0,0
-852111,0,0
-736911,0,0
-650879,0,0
-197859,0,0
118232,0,0
118427,0,0
-135393,0,0
-570861,0,0
-795058,0,0
-798401,0,0
-789510,0,0
-601804,0,0
-169730,0,0
60435,0,0
81421,0,0
-131299,0,0
-522073,0,0
-750874,0,0
-763508,0,0
-713757,0,0
-651372,0,0
-217923,0,0
27319,0,0
124921,0,0
-41056,0,0
-503318,0,0
-738101,0,0
-746560,0,0
-774434,0,0
-590864,0,0
-128922,0,0
112950,0,0
202433,0,0
-104183,0,0
-538180,0,0
-741581,0,0
-789575,0,0
-781280,0,0
-563176,0,0
-76400,0,0
161933,0,0
155697,0,0
-169950,0,0
-586562,0,0
-778188,0,0
-752148,0,0
-657110,0,0
-476985,0,0
-46402,0,0
221025,0,0
140288,0,0
-218368,0,0
-581273,0,0
-702507,0,0
-737989,0,0
-704113,0,0
-521006,0,0
-34912,0,0
236001,0,0
216717,0,0
-183822,0,0
-610209,0,0
-782140,0,0
-752840,0,0
-665655,0,0
-435523,0,0
27323,0,0
231886,0,0
149928,0,0
-197910,0,0
-526834,0,0
-781768,0,0
-816241,0,0
-723704,0,0
-391832,0,0
68266,0,0
195840,0,0
103882,0,0
-274419,0,0
-661313,0,0
-812143,0,0
-776710,0,0
-764978,0,0
-422589,0,0
107296,0,0
271555,0,0
125982,0,0
-311140,0,0
-735691,0,0
-813178,0,0
-737169,0,0
-705845,0,0
-327050,0,0
28029,0,0
176131,0,0
68164,0,0
-380229,0,0
-723548,0,0
-773804,0,0
-755442,0,0
-720440,0,0
-350545,0,0
-28013,0,0
79710,0,0
19710,0,0
-374344,0,0
-705153,0,0
-711804,0,0
-762922,0,0
-831972,0,0
-474628,0,0
21661,0,0
206091,0,0
49583,0,0
-403349,0,0
-693292,0,0
-712248,0,0
-788335,0,0
-753310,0,0
-437020,0,0
-63357,0,0
187092,0,0
114469,0,0
-311247,0,0
-676217,0,0
-773140,0,0
-784293,0,0
-669245,0,0
-312749,0,0
-4525,0,0
127045,0,0
80605,0,0
-317158,0,0
-641800,0,0
-754323,0,0
-731114,0,0
-779783,0,0
-393524,0,0
84172,0,0
163264,0,0
61600,0,0
-387740,0,0
-741992,0,0
-820137,0,0
-757618,0,0
-770634,0,0
-366928,0,0
58629,0,0
115361,0,0
58197,0,0
-343289,0,0
-757762,0,0
-803830,0,0
-853908,0,0
-809166,0,0
-438291,0,0
-6092,0,0
108659,0,0
84086,0,0
-340720,0,0
-766538,0,0
-801782,0,0
-801391,0,0
-793349,0,0
-427970,0,0
-29378,0,0
146457,0,0
106711,0,0
-248639,0,0
-615457,0,0
-680626,0,0
-779802,0,0
-758450,0,0
-414949,0,0
36630,0,0
321526,0,0
169323,0,0
-294135,0,0
-628919,0,0
-776594,0,0
-823467,0,0
-697462,0,0
-322544,0,0
70679,0,0
183285,0,0
68581,0,0
-314219,0,0
-592690,0,0
-678401,0,0
-724108,0,0
-700150,0,0
-322187,0,0
47391,0,0
163094,0,0
62515,0,0
-361617,0,0
-671301,0,0
-777709,0,0
-854595,0,0
-819515,0,0
-418735,0,0
82416,0,0
204636,0,0
32188,0,0
-382165,0,0
-676311,0,0
-767919,0,0
-902434,0,0
-782964,0,0
-351985,0,0
84355,0,0
183759,0,0
-19734,0,0
-375518,0,0
-720280,0,0
-706659,0,0
-723312,0,0
-775847,0,0
-371022,0,0
48868,0,0
140074,0,0
4902,0,0
-423961,0,0
-738917,0,0
-721150,0,0
-841964,0,0
-781758,0,0
-348885,0,0
95846,0,0
214094,0,0
29498,0,0
-418988,0,0
-730259,0,0
-797174,0,0
-856836,0,0
-767895,0,0
-401927,0,0
26740,0,0
174337,0,0
56017,0,0
-406574,0,0
-742675,0,0
-835607,0,0
-918194,0,0
-782323,0,0
-383321,0,0
25638,0,0
156594,0,0
33121,0,0
-355197,0,0
-653401,0,0
-752260,0,0
-787361,0,0
-766862,0,0
-490419,0,0
7145,0,0
170834,0,0
78044,0,0
-266354,0,0
-661134,0,0
-804431,0,0
-752139,0,0
-735272,0,0
-411216,0,0
84081,0,0
206893,0,0
117180,0,0
-254130,0,0
-624736,0,0
-776638,0,0
-798010,0,0
-739543,0,0
-384942,0,0
65460,0,0
176565,0,0
112310,0,0
-272990,0,0
-694137,0,0
-765347,0,0
-746667,0,0
-750970,0,0
-380631,0,0
5916,0,0
90928,0,0
52625,0,0
-239259,0,0
-547112,0,0
-748817,0,0
-826757,0,0
-724717,0,0
-312788,0,0
97948,0,0
161246,0,0
103069,0,0
-295085,0,0
-671991,0,0
-769664,0,0
-831546,0,0
-730453,0,0
-306952,0,0
85218,0,0
218744,0,0
71781,0,0
-370340,0,0
-656719,0,0
-772491,0,0
-759461,0,0
-721415,0,0
-304381,0,0
128468,0,0
235643,0,0
31526,0,0
-380492,0,0
-597759,0,0
-790723,0,0
-789800,0,0
-690688,0,0
-254525,0,0
143658,0,0
165992,0,0
-4187,0,0
-407486,0,0
-698711,0,0
-830443,0,0
-776565,0,0
-663694,0,0
-264706,0,0
82138,0,0
218898,0,0
-8772,0,0
-397381,0,0
-717507,0,0
-811437,0,0
-809989,0,0
-755813,0,0
-294136,0,0
95306,0,0
169516,0,0
-5140,0,0
-458517,0,0
-767650,0,0
-776150,0,0
-868487,0,0
-784956,0,0
-269809,0,0
124399,0,0
166785,0,0
-34074,0,0
-463943,0,0
-763586,0,0
-801338,0,0
-866285,0,0
-785328,0,0
-341807,0,0
56369,0,0
277193,0,0
43443,0,0
-450505,0,0
-787461,0,0
-877408,0,0
-879691,0,0
-776463,0,0
-321139,0,0
116727,0,0
294590,0,0
76712,0,0
-381285,0,0
-780832,0,0
-825621,0,0
-779817,0,0
-632445,0,0
-332011,0,0
36574,0,0
202024,0,0
19879,0,0
-367803,0,0
-674704,0,0
-815407,0,0
-841145,0,0
-749394,0,0
-369464,0,0
109928,0,0
207216,0,0
42355,0,0
-321235,0,0
-663932,0,0
-853561,0,0
-855795,0,0
-744253,0,0
-246937,0,0
227009,0,0
229107,0,0
23833,0,0
-380815,0,0
-747003,0,0
-791495,0,0
-771961,0,0
-637934,0,0
-190092,0,0
137032,0,0
192911,0,0
72388,0,0
-378253,0,0
-796461,0,0
-810044,0,0
-805588,0,0
-697344,0,0
-216048,0,0
142286,0,0
225484,0,0
45438,0,0
-457591,0,0
-717429,0,0
-758979,0,0
-888773,0,0
-690627,0,0
-219013,0,0
146342,0,0
288189,0,0
2783,0,0
-567646,0,0
-773549,0,0
-830237,0,0
-846619,0,0
-622573,0,0
-160601,0,0
151671,0,0
156527,0,0
-40489,0,0
-504925,0,0
-714546,0,0
-866738,0,0
-815603,0,0
-626044,0,0
-237381,0,0
130839,0,0
208551,0,0
-68455,0,0
-533356,0,0
-805550,0,0
-884386,0,0
-798256,0,0
-660922,0,0
-274958,0,0
115453,0,0
140144,0,0
-83019,0,0
-514450,0,0
-758168,0,0
-745604,0,0
-748816,0,0
-725910,0,0
-254977,0,0
104388,0,0
121034,0,0
-38615,0,0
-491262,0,0
-756741,0,0
-795006,0,0
-777892,0,0
-684413,0,0
-144445,0,0
143186,0,0
28745,0,0
-55059,0,0
-441263,0,0
-718185,0,0
-770280,0,0
-767122,0,0
-633175,0,0
-184754,0,0
52273,0,0
95982,0,0
-39375,0,0
-442137,0,0
-705852,0,0
-742832,0,0
-817126,0,0
-682559,0,0
-257800,0,0
82213,0,0
277450,0,0
64881,0,0
-467754,0,0
-773546,0,0
-805637,0,0
-643814,0,0
-606999,0,0
-210514,0,0
107038,0,0
204949,0,0
-56735,0,0
-471034,0,0
-630429,0,0
-740419,0,0
-717904,0,0
-622370,0,0
-190916,0,0
168456,0,0
186404,0,0
-146960,0,0
-490108,0,0
-651426,0,0
-741790,0,0
-758496,0,0
-736933,0,0
-231590,0,0
170342,0,0
180851,0,0
-54225,0,0
-473251,0,0
-791843,0,0
-823935,0,0
-790219,0,0
-720675,0,0
-215260,0,0
53731,0,0
175752,0,0
-9987,0,0
-451432,0,0
-729995,0,0
-772338,0,0
-886912,0,0
-735234,0,0
-154219,0,0
138868,0,0
210246,0,0
21211,0,0
-399964,0,0
-730105,0,0
-730152,0,0
-768985,0,0
-631513,0,0
-150494,0,0
125882,0,0
199896,0,0
-46613,0,0
-468028,0,0
-760812,0,0
-771391,0,0
-831484,0,0
-568442,0,0
-137558,0,0
11940,0,0
153478,0,0
-70657,0,0
-493156,0,0
-733260,0,0
-801774,0,0
-763756,0,0
-590640,0,0
-221869,0,0
23013,0,0
167856,0,0
-102029,0,0
-494561,0,0
-715721,0,0
-757590,0,0
-802127,0,0
-608004,0,0
-281757,0,0
104578,0,0
215450,0,0
-102687,0,0
-482949,0,0
-739288,0,0
-718334,0,0
-750008,0,0
-600183,0,0
-136734,0,0
112276,0,0
108536,0,0
-108800,0,0
-476310,0,0
-745332,0,0
-760304,0,0
-769236,0,0
-614222,0,0
-157808,0,0
187857,0,0
183137,0,0
-85809,0,0
-541270,0,0
-834286,0,0
-810353,0,0
-804608,0,0
-608922,0,0
-68786,0,0
197902,0,0
111559,0,0
-143263,0,0
-596551,0,0
-785480,0,0
-762408,0,0
-844329,0,0
-637002,0,0
-140381,0,0
128288,0,0
30178,0,0
-97136,0,0
-505148,0,0
-719838,0,0
-848022,0,0
-957581,0,0
-730684,0,0
-185457,0,0
175018,0,0
163083,0,0
-89770,0,0
-534716,0,0
-773647,0,0
-847507,0,0
-807886,0,0
-686634,0,0
-273542,0,0
169817,0,0
190528,0,0
-48742,0,0
-454025,0,0
-731781,0,0
-913484,0,0
-827586,0,0
-650731,0,0
-272521,0,0
172581,0,0
284937,0,0
-15724,0,0
-466182,0,0
-745007,0,0
-723981,0,0
-774037,0,0
-719882,0,0
-235118,0,0
206512,0,0
153994,0,0
-7473,0,0
-440217,0,0
-687936,0,0
-756929,0,0
-709049,0,0
-650329,0,0
-207263,0,0
73424,0,0
71639,0,0
2639,0,0
-428928,0,0
-628883,0,0
-811334,0,0
-774221,0,0
-637731,0,0
-161447,0,0
110049,0,0
130056,0,0
-25398,0,0
-499042,0,0
-777125,0,0
-756854,0,0
-768771,0,0
-699572,0,0
-273938,0,0
41998,0,0
141123,0,0
-38458,0,0
-484549,0,0
-800494,0,0
-789817,0,0
-755550,0,0
-654551,0,0
-305860,0,0
36571,0,0
189265,0,0
-49822,0,0
-496289,0,0
-749212,0,0
-792911,0,0
-738057,0,0
-643843,0,0
-279716,0,0
81642,0,0
166296,0,0
-24854,0,0
-395264,0,0
-718104,0,0
-837648,0,0
-766501,0,0
-663268,0,0
-225613,0,0
128943,0,0
153978,0,0
-19523,0,0
-421024,0,0
-756723,0,0
-776316,0,0
-730072,0,0
-683786,0,0
-194018,0,0
188566,0,0
140319,0,0
-68362,0,0
-443764,0,0
-750105,0,0
-678355,0,0
-700547,0,0
-716672,0,0
-189845,0,0
128289,0,0
184845,0,0
6457,0,0
-438015,0,0
-714076,0,0
-778181,0,0
-765948,0,0
-549347,0,0
-127087,0,0
160695,0,0
266111,0,0
-18744,0,0
-502277,0,0
-800133,0,0
-786695,0,0
-744978,0,0
-496724,0,0
-103450,0,0
60044,0,0
204857,0,0
-38724,0,0
-459046,0,0
-730684,0,0
-794677,0,0
-738009,0,0
-511340,0,0
-174637,0,0
144262,0,0
278053,0,0
-112099,0,0
-541039,0,0
-762527,0,0
-839284,0,0
-784197,0,0
-537492,0,0
-154711,0,0
117406,0,0
153435,0,0
-145184,0,0
-557423,0,0
-784999,0,0
-839057,0,0
-791807,0,0
-548031,0,0
-114800,0,0
228938,0,0
109694,0,0
-143508,0,0
-506976,0,0
-742129,0,0
-785640,0,0
-729970,0,0
-532952,0,0
-90198,0,0
251014,0,0
147291,0,0
-108196,0,0
-529658,0,0
-728932,0,0
-745612,0,0
-746901,0,0
-467372,0,0
1332,0,0
225757,0,0
151828,0,0
-216661,0,0
-698243,0,0
-776747,0,0
-674622,0,0
-724675,0,0
-463345,0,0
-101613,0,0
118681,0,0
87935,0,0
-275610,0,0
-681521,0,0
-788909,0,0
-815695,0,0
-841655,0,0
-456443,0,0
-69179,0,0
87557,0,0
57914,0,0
-278528,0,0
-687771,0,0
-810265,0,0
-833635,0,0
-868890,0,0
-531846,0,0
-93933,0,0
124233,0,0
45953,0,0
-241380,0,0
-574341,0,0
-760177,0,0
-913440,0,0
-846760,0,0
-612811,0,0
-169460,0,0
127244,0,0
171467,0,0
-145329,0,0
-606742,0,0
-846175,0,0
-832536,0,0
-739037,0,0
-622060,0,0
-207735,0,0
173282,0,0
114427,0,0
-196955,0,0
-627796,0,0
-798251,0,0
-812701,0,0
-709896,0,0
-547283,0,0
-131821,0,0
17784,0,0
-2531,0,0
-146930,0,0
-506265,0,0
-659613,0,0
-811098,0,0
-837914,0,0
-611429,0,0
-73133,0,0
184897,0,0
207098,0,0
-74323,0,0
-547540,0,0
-735534,0,0
-804154,0,0
-809372,0,0
-524698,0,0
-33256,0,0
108983,0,0
213185,0,0
-135804,0,0
-577046,0,0
-709030,0,0
-735044,0,0
-753523,0,0
-431448,0,0
-25643,0,0
177538,0,0
191711,0,0
-133819,0,0
-523093,0,0
-682284,0,0
-739916,0,0
-696274,0,0
-435443,0,0
17855,0,0
260386,0,0
219177,0,0
-208781,0,0
-604926,0,0
-753056,0,0
-778270,0,0
-689921,0,0
-415667,0,0
52413,0,0
199991,0,0
123196,0,0
-248416,0,0
-643257,0,0
-801778,0,0
-784388,0,0
-621512,0,0
-354196,0,0
58440,0,0
167332,0,0
28975,0,0
-299998,0,0
-621678,0,0
-769506,0,0
-770180,0,0
-753303,0,0
-415805,0,0
56222,0,0
230615,0,0
67260,0,0
-318738,0,0
-621685,0,0
-783194,0,0
-784336,0,0
-737687,0,0
-349965,0,0
58359,0,0
183927,0,0
136366,0,0
-265846,0,0
-696690,0,0
-841526,0,0
-816083,0,0
-779787,0,0
-215556,0,0
197310,0,0
141533,0,0
49028,0,0
-393764,0,0
-706046,0,0
-735570,0,0
-822770,0,0
-730704,0,0
-270130,0,0
122212,0,0
247216,0,0
125097,0,0
-352657,0,0
-717123,0,0
-817742,0,0
-814309,0,0
-746768,0,0
-195387,0,0
243913,0,0
332399,0,0
-57837,0,0
-523966,0,0
-770233,0,0
-729101,0,0
-695600,0,0
-614233,0,0
-158243,0,0
162901,0,0
290562,0,0
-72165,0,0
-572632,0,0
-717543,0,0
-728954,0,0
-775013,0,0
-580387,0,0
-127332,0,0
171560,0,0
157088,0,0
-173887,0,0
-541368,0,0
-728341,0,0
-770003,0,0
-766252,0,0
-537125,0,0
-59355,0,0
204129,0,0
180448,0,0
-191328,0,0
-578965,0,0
-715164,0,0
-749013,0,0
-707752,0,0
-424792,0,0
12139,0,0
218503,0,0
117561,0,0
-245007,0,0
-613899,0,0
-755860,0,0
-740389,0,0
-760512,0,0
-439789,0,0
30397,0,0
247683,0,0
125109,0,0
-321485,0,0
-645601,0,0
-773366,0,0
-778958,0,0
-717250,0,0
-335367,0,0
81132,0,0
132709,0,0
-1523,0,0
-377104,0,0
-665433,0,0
-840431,0,0
-800791,0,0
-768098,0,0
-281394,0,0
190346,0,0
171103,0,0
-22356,0,0
-449835,0,0
-816348,0,0
-736830,0,0
-683633,0,0
-621821,0,0
-163091,0,0
119871,0,0
187628,0,0
-2082,0,0
-452867,0,0
-709982,0,0
-750042,0,0
-699846,0,0
-550624,0,0
-129217,0,0
233885,0,0
256735,0,0
-70796,0,0
-555917,0,0
-727625,0,0
-772952,0,0
-697544,0,0
-431363,0,0
17873,0,0
135796,0,0
204578,0,0
-153036,0,0
-593467,0,0
-744085,0,0
-760172,0,0
-732121,0,0
-383761,0,0
109298,0,0
142325,0,0
64250,0,0
-364067,0,0
-715797,0,0
-783317,0,0
-782123,0,0
-724430,0,0
-371933,0,0
40631,0,0
184568,0,0
56149,0,0
-370442,0,0
-690702,0,0
-791339,0,0
-787488,0,0
-685845,0,0
-346868,0,0
89412,0,0
215942,0,0
19462,0,0
-430780,0,0
-749279,0,0
-767794,0,0
-758147,0,0
-753780,0,0
-379303,0,0
136341,0,0
285589,0,0
77981,0,0
-401093,0,0
-758313,0,0
-842922,0,0
-817177,0,0
-684133,0,0
-152217,0,0
292021,0,0
210070,0,0
-104308,0,0
-547107,0,0
-791679,0,0
-800506,0,0
-755142,0,0
-656556,0,0
-168532,0,0
53055,0,0
82444,0,0
-107435,0,0
-516408,0,0
-811699,0,0
-842998,0,0
-793922,0,0
-683888,0,0
-219102,0,0
67154,0,0
90939,0,0
-92547,0,0
-516414,0,0
-773902,0,0
-796158,0,0
-840438,0,0
-682460,0,0
-231107,0,0
71765,0,0
109281,0,0
-95344,0,0
-459712,0,0
-731827,0,0
-763990,0,0
-767497,0,0
-642489,0,0
-189747,0,0
115655,0,0
193208,0,0
-62718,0,0
-499952,0,0
-764298,0,0
-808803,0,0
-761050,0,0
-606352,0,0
-107494,0,0
197594,0,0
121900,0,0
-137344,0,0
-532883,0,0
-743848,0,0
-784999,0,0
-787406,0,0
-579970,0,0
-136330,0,0
73509,0,0
165241,0,0
-105981,0,0
-495976,0,0
-702651,0,0
-756706,0,0
-749371,0,0
-576073,0,0
-60565,0,0
149587,0,0
153983,0,0
-153434,0,0
-542496,0,0
-700497,0,0
-754455,0,0
-787327,0,0
-577337,0,0
-44250,0,0
209786,0,0
183193,0,0
-116607,0,0
-555750,0,0
-731786,0,0
-734213,0,0
-764841,0,0
-512781,0,0
-38943,0,0
149766,0,0
141244,0,0
-184444,0,0
-570331,0,0
-780274,0,0
-768943,0,0
-804214,0,0
-481734,0,0
6034,0,0
195698,0,0
101009,0,0
-254883,0,0
-694278,0,0
-884341,0,0
-785037,0,0
-776078,0,0
-507704,0,0
-107806,0,0
131617,0,0
170696,0,0
-226156,0,0
-697532,0,0
-802048,0,0
-854184,0,0
-766684,0,0
-413563,0,0
-45276,0,0
44204,0,0
29102,0,0
-258697,0,0
-608019,0,0
-718287,0,0
-736265,0,0
-723689,0,0
-463579,0,0
-44778,0,0
136195,0,0
92439,0,0
-198195,0,0
-569961,0,0
-743624,0,0
-782760,0,0
-739496,0,0
-419395,0,0
10692,0,0
181850,0,0
85268,0,0
-271723,0,0
-624691,0,0
-736987,0,0
-741616,0,0
-692001,0,0
-403778,0,0
-22627,0,0
237068,0,0
80795,0,0
-276335,0,0
-605833,0,0
-765301,0,0
-740749,0,0
-712303,0,0
-329846,0,0
45000,0,0
129954,0,0
36361,0,0
-355197,0,0
-684605,0,0
-793076,0,0
-789402,0,0
-814051,0,0
-349586,0,0
148380,0,0
263244,0,0
98349,0,0
-359338,0,0
-704259,0,0
-804060,0,0
-826816,0,0
-721816,0,0
-270549,0,0
138326,0,0
306333,0,0
131736,0,0
-362960,0,0
-800249,0,0
-823432,0,0
-774364,0,0
-698549,0,0
-304541,0,0
114225,0,0
193587,0,0
21272,0,0
-392514,0,0
-714932,0,0
-808938,0,0
-796836,0,0
-662014,0,0
-217169,0,0
138191,0,0
261201,0,0
-47507,0,0
-503657,0,0
-762301,0,0
-808403,0,0
-805756,0,0
-584293,0,0
-174357,0,0
93361,0,0
124470,0,0
-40548,0,0
-455282,0,0
-714982,0,0
-799107,0,0
-788038,0,0
-625976,0,0
-173883,0,0
139446,0,0
213613,0,0
-50724,0,0
-474264,0,0
-700135,0,0
-819202,0,0
-828102,0,0
-653918,0,0
-195659,0,0
123026,0,0
54880,0,0
-120111,0,0
-466447,0,0
-778006,0,0
-805150,0,0
-760336,0,0
-673744,0,0
-271653,0,0
80595,0,0
80530,0,0
-94443,0,0
-472234,0,0
-747181,0,0
-768140,0,0
-832193,0,0
-714850,0,0
-189997,0,0
197802,0,0
225041,0,0
-91541,0,0
-545004,0,0
-846890,0,0
-802536,0,0
-757249,0,0
-634722,0,0
-195047,0,0
81594,0,0
102855,0,0
-40527,0,0
-445817,0,0
-735565,0,0
-852297,0,0
-764742,0,0
-591474,0,0
-213549,0,0
54935,0,0
126613,0,0
-38456,0,0
-443193,0,0
-677428,0,0
-749397,0,0
-798362,0,0
-706172,0,0
-312528,0,0
70098,0,0
116388,0,0
14453,0,0
-384886,0,0
-650721,0,0
-773809,0,0
-802762,0,0
-672643,0,0
-240527,0,0
141259,0,0
217245,0,0
-56209,0,0
-479321,0,0
-769707,0,0
-804338,0,0
-689470,0,0
-668689,0,0
-306749,0,0
125416,0,0
181096,0,0
-18725,0,0
-447858,0,0
-776310,0,0
-820864,0,0
-747898,0,0
-735445,0,0
-369050,0,0
30273,0,0
122247,0,0
26388,0,0
-412738,0,0
-778136,0,0
-817701,0,0
-844658,0,0
-810391,0,0
-383456,0,0
41775,0,0
128544,0,0
61168,0,0
-399436,0,0
-792263,0,0
-809356,0,0
-820045,0,0
-769859,0,0
-392195,0,0
-18746,0,0
61571,0,0
125093,0,0
-260258,0,0
-693029,0,0
-824047,0,0
-800546,0,0
-781917,0,0
-468878,0,0
-34444,0,0
177966,0,0
96981,0,0
-283593,0,0
-667332,0,0
-804955,0,0
-741747,0,0
-764657,0,0
-551436,0,0
-66139,0,0
216370,0,0
104736,0,0
-221604,0,0
-554626,0,0
-781482,0,0
-738340,0,0
-785766,0,0
-554382,0,0
-50153,0,0
202322,0,0
141478,0,0
-164352,0,0
-539426,0,0
-767394,0,0
-849695,0,0
-788101,0,0
-486717,0,0
47795,0,0
186156,0,0
133640,0,0
-189306,0,0
-634142,0,0
-708792,0,0
-729958,0,0
-832880,0,0
-469709,0,0
22159,0,0
157860,0,0
103465,0,0
-206321,0,0
-610550,0,0
-686614,0,0
-722660,0,0
-785800,0,0
-493620,0,0
-40184,0,0
111900,0,0
126951,0,0
-209592,0,0
-599355,0,0
-772956,0,0
-854597,0,0
-756990,0,0
-417025,0,0
-7938,0,0
109840,0,0
27300,0,0
-307996,0,0
-616277,0,0
-729652,0,0
-884968,0,0
-869420,0,0
-567327,0,0
-112969,0,0
127585,0,0
113083,0,0
-180155,0,0
-594230,0,0
-823146,0,0
-843590,0,0
-755820,0,0
-602483,0,0
-123082,0,0
168269,0,0
107440,0,0
-191108,0,0
-561361,0,0
-770269,0,0
-713399,0,0
-716898,0,0
-607759,0,0
-132281,0,0
125028,0,0
158603,0,0
-103306,0,0
-521933,0,0
-763826,0,0
-728358,0,0
-790897,0,0
-622753,0,0
-181027,0,0
101516,0,0
163331,0,0
-34208,0,0
-494614,0,0
-779010,0,0
-800429,0,0
-855873,0,0
-699226,0,0
-193049,0,0
124354,0,0
166093,0,0
-64956,0,0
-564148,0,0
-808252,0,0
-807023,0,0
-799925,0,0
-648697,0,0
-200381,0,0
72859,0,0
146071,0,0
-12047,0,0
-452946,0,0
-701195,0,0
-812415,0,0
-784262,0,0
-655331,0,0
-268432,0,0
109311,0,0
214372,0,0
3834,0,0
-470296,0,0
-755616,0,0
-867506,0,0
-811116,0,0
-666171,0,0
-272113,0,0
126913,0,0
136735,0,0
4356,0,0
-473982,0,0
-804171,0,0
-860996,0,0
-733874,0,0
-675313,0,0
-303736,0,0
84349,0,0
57622,0,0
-34296,0,0
-383373,0,0
-687308,0,0
-758027,0,0
-771168,0,0
-697544,0,0
-323132,0,0
26274,0,0
130655,0,0
91956,0,0
-296986,0,0
-647626,0,0
-733795,0,0
-763318,0,0
-648330,0,0
-138253,0,0
134244,0,0
154285,0,0
68564,0,0
-391945,0,0
-710907,0,0
-731323,0,0
-706704,0,0
-638793,0,0
-209697,0,0
28434,0,0
192922,0,0
49875,0,0
-427876,0,0
-634445,0,0
-756133,0,0
-803059,0,0
-668304,0,0
-227092,0,0
65251,0,0
175512,0,0
6757,0,0
-418724,0,0
-732344,0,0
-794159,0,0
-743861,0,0
-718025,0,0
-309729,0,0
63342,0,0
169507,0,0
-44063,0,0
-428088,0,0
-755854,0,0
-808313,0,0
-746630,0,0
-719851,0,0
-327971,0,0
82270,0,0
64395,0,0
-59647,0,0
-353862,0,0
-692769,0,0
-751230,0,0
-791290,0,0
-749737,0,0
-375835,0,0
13987,0,0
103689,0,0
34611,0,0
-378732,0,0
-775121,0,0
-798045,0,0
-781641,0,0
-702082,0,0
-327455,0,0
1613,0,0
123086,0,0
71447,0,0
-351671,0,0
-721782,0,0
-726551,0,0
-790990,0,0
-830406,0,0
-413065,0,0
35695,0,0
165215,0,0
92950,0,0
-341923,0,0
-685373,0,0
-779613,0,0
-867521,0,0
-741831,0,0
-373466,0,0
12305,0,0
173184,0,0
83569,0,0
-296506,0,0
-653559,0,0
-778524,0,0
-754379,0,0
-701661,0,0
-422245,0,0
18108,0,0
209108,0,0
57958,0,0
-275376,0,0
-605866,0,0
-739505,0,0
-767356,0,0
-801598,0,0
-534607,0,0
11370,0,0
230102,0,0
155048,0,0
-231951,0,0
-691787,0,0
-776345,0,0
-734226,0,0
-720723,0,0
-441534,0,0
34696,0,0
123070,0,0
121074,0,0
-174141,0,0
-617336,0,0
-720320,0,0
-713256,0,0
-742033,0,0
-501564,0,0
-40577,0,0
194219,0,0
200016,0,0
-207664,0,0
-645542,0,0
-689831,0,0
-796178,0,0
-774649,0,0
-322896,0,0
-2466,0,0
128401,0,0
133602,0,0
-275538,0,0
-670092,0,0
-711234,0,0
-827005,0,0
-768894,0,0
-480043,0,0
-41211,0,0
121924,0,0
113700,0,0
-261340,0,0
-623868,0,0
-758492,0,0
-823392,0,0
-770781,0,0
-509380,0,0
-58670,0,0
157118,0,0
136849,0,0
-195658,0,0
-546476,0,0
-784614,0,0
-817055,0,0
-718833,0,0
-512413,0,0
-42661,0,0
217716,0,0
105623,0,0
-168577,0,0
-574165,0,0
-820123,0,0
-785011,0,0
-766171,0,0
-447032,0,0
40670,0,0
148913,0,0
146865,0,0
-161817,0,0
-594467,0,0
-773155,0,0
-701636,0,0
-822583,0,0
-504024,0,0
-31923,0,0
154444,0,0
154083,0,0
-206429,0,0
-626112,0,0
-776976,0,0
-745206,0,0
-800964,0,0
-509086,0,0
-82862,0,0
155740,0,0
167305,0,0
-232570,0,0
-636921,0,0
-778111,0,0
-802220,0,0
-746994,0,0
-416138,0,0
-17645,0,0
193595,0,0
120085,0,0
-241552,0,0
-575443,0,0
-681650,0,0
-747090,0,0
-761146,0,0
-497307,0,0
-114781,0,0
233368,0,0
187079,0,0
-223842,0,0
-607249,0,0
-764620,0,0
-761791,0,0
-787272,0,0
-546333,0,0
-114969,0,0
180627,0,0
136748,0,0
-213133,0,0
-605446,0,0
-869128,0,0
-802132,0,0
-794656,0,0
-564925,0,0
-122025,0,0
91617,0,0
13516,0,0
-192221,0,0
-567173,0,0
-829147,0,0
-733993,0,0
-822409,0,0
-589466,0,0
-117921,0,0
4252,0,0
31412,0,0
-137647,0,0
-557518,0,0
-751415,0,0
-754027,0,0
-818071,0,0
-626524,0,0
-213446,0,0
54581,0,0
103629,0,0
-35300,0,0
-566746,0,0
-768099,0,0
-778988,0,0
-790678,0,0
-624214,0,0
-164124,0,0
144701,0,0
161090,0,0
-80774,0,0
-515651,0,0
-730234,0,0
-780897,0,0
-705089,0,0
-619344,0,0
-251681,0,0
128245,0,0
200319,0,0
-50889,0,0
-478459,0,0
-670923,0,0
-863536,0,0
-817733,0,0
-637778,0,0
-179789,0,0
222801,0,0
211999,0,0
-33280,0,0
-475520,0,0
-702832,0,0
-787836,0,0
-612554,0,0
-577513,0,0
-159052,0,0
129092,0,0
157461,0,0
21744,0,0
-466778,0,0
-728971,0,0
-774787,0,0
-748873,0,0
-542458,0,0
-51113,0,0
141356,0,0
133938,0,0
-50743,0,0
-493037,0,0
-732683,0,0
-767734,0,0
-766960,0,0
-591230,0,0
-31655,0,0
187017,0,0
109351,0,0
-138326,0,0
-605544,0,0
-725576,0,0
-722875,0,0
-809182,0,0
-563588,0,0
-97703,0,0
73940,0,0
130220,0,0
-140726,0,0
-574187,0,0
-743306,0,0
-785426,0,0
-776390,0,0
-511226,0,0
-81297,0,0
137631,0,0
231907,0,0
-195426,0,0
-651075,0,0
-743684,0,0
-807519,0,0
-683587,0,0
-528860,0,0
-126689,0,0
66372,0,0
69478,0,0
-187107,0,0
-472513,0,0
-717172,0,0
-906625,0,0
-812542,0,0
-576412,0,0
-79388,0,0
168753,0,0
174386,0,0
-134084,0,0
-528741,0,0
-797543,0,0
-751957,0,0
-667544,0,0
-515674,0,0
-28246,0,0
224754,0,0
113209,0,0
-205938,0,0
-543535,0,0
-712754,0,0
-726820,0,0
-757531,0,0
-456035,0,0
87502,0,0
188421,0,0
150069,0,0
-216994,0,0
-607149,0,0
-745730,0,0
-686946,0,0
-746774,0,0
-435499,0,0
41009,0,0
142949,0,0
128673,0,0
-251671,0,0
-674161,0,0
-785142,0,0
-780308,0,0
-814673,0,0
-411930,0,0
37019,0,0
204801,0,0
84775,0,0
-341042,0,0
-688467,0,0
-768300,0,0
-777778,0,0
-716445,0,0
-353796,0,0
122,0,0
133199,0,0
109815,0,0
-274978,0,0
-645373,0,0
-800425,0,0
-781484,0,0
-703201,0,0
-379335,0,0
20844,0,0
189271,0,0
127404,0,0
-249597,0,0
-609262,0,0
-744538,0,0
-772648,0,0
-715425,0,0
-408263,0,0
-13624,0,0
298776,0,0
114323,0,0
-273235,0,0
-637322,0,0
-856439,0,0
-857682,0,0
-731646,0,0
-404396,0,0
51793,0,0
201665,0,0
67033,0,0
-323445,0,0
-693335,0,0
-787480,0,0
-718088,0,0
-708868,0,0
-330485,0,0
118227,0,0
210330,0,0
65133,0,0
-350647,0,0
-687519,0,0
-738139,0,0
-670499,0,0
-665736,0,0
-215300,0,0
116067,0,0
167141,0,0
-17069,0,0
-421227,0,0
-734507,0,0
-806329,0,0
-766410,0,0
-572143,0,0
-83820,0,0
154845,0,0
163505,0,0
-29577,0,0
-463394,0,0
-676454,0,0
-675346,0,0
-750392,0,0
-561217,0,0
-28344,0,0
170660,0,0
270614,0,0
-71369,0,0
-528721,0,0
-686423,0,0
-734686,0,0
-766628,0,0
-444713,0,0
34428,0,0
145731,0,0
162834,0,0
-176006,0,0
-558168,0,0
-726171,0,0
-755237,0,0
-669717,0,0
-301185,0,0
63328,0,0
200828,0,0
151900,0,0
-271814,0,0
-645033,0,0
-732485,0,0
-826372,0,0
-740080,0,0
-299642,0,0
80080,0,0
249493,0,0
69626,0,0
-375635,0,0
-710898,0,0
-759107,0,0
-756364,0,0
-706477,0,0
-268582,0,0
84624,0,0
196319,0,0
-82610,0,0
-463138,0,0
-685051,0,0
-761591,0,0
-754044,0,0
-686086,0,0
-265058,0,0
125563,0,0
189664,0,0
-72927,0,0
-458444,0,0
-705705,0,0
-871376,0,0
-797772,0,0
-679487,0,0
-157972,0,0
283966,0,0
257169,0,0
-118396,0,0
-509648,0,0
-789722,0,0
-807143,0,0
-740264,0,0
-636144,0,0
-64191,0,0
246757,0,0
188726,0,0
-186480,0,0
-602295,0,0
-872843,0,0
-779997,0,0
-784624,0,0
-573941,0,0
-56337,0,0
178253,0,0
138594,0,0
-203151,0,0
-584158,0,0
-775603,0,0
-692962,0,0
-751206,0,0
-547622,0,0
-8948,0,0
204092,0,0
148715,0,0
-211284,0,0
-599593,0,0
-727869,0,0
-740104,0,0
-782684,0,0
-436653,0,0
-45744,0,0
106540,0,0
160937,0,0
-282463,0,0
-625624,0,0
-707722,0,0
-686106,0,0
-816182,0,0
-453829,0,0
-39704,0,0
189837,0,0
116025,0,0
-322067,0,0
-632130,0,0
-718970,0,0
-780774,0,0
-780399,0,0
-415613,0,0
-79326,0,0
216745,0,0
95665,0,0
-307983,0,0
-670863,0,0
-769386,0,0
-721081,0,0
-645706,0,0
-288808,0,0
63082,0,0
253889,0,0
-6986,0,0
-378559,0,0
-580641,0,0
-681394,0,0
-738546,0,0
-657520,0,0
-224944,0,0
97740,0,0
202974,0,0
-40740,0,0
-396552,0,0
-626897,0,0
-726770,0,0
-679114,0,0
-539286,0,0
-126904,0,0
218769,0,0
243971,0,0
-126172,0,0
-535828,0,0
-722709,0,0
-705715,0,0
-673937,0,0
-396354,0,0
136449,0,0
267290,0,0
108622,0,0
-284493,0,0
-602674,0,0
-736564,0,0
-759229,0,0
-655398,0,0
-293396,0,0
120004,0,0
191555,0,0
54327,0,0
-372670,0,0
-673599,0,0
-805288,0,0
-707507,0,0
-674238,0,0
-214166,0,0
152509,0,0
101993,0,0
-62841,0,0
-488986,0,0
-763993,0,0
-862011,0,0
-787573,0,0
-761143,0,0
-229587,0,0
138736,0,0
61390,0,0
-133095,0,0
-561866,0,0
-791197,0,0
-803680,0,0
-853345,0,0
-767772,0,0
-185050,0,0
99411,0,0
136751,0,0
-78488,0,0
-538221,0,0
-768563,0,0
-753143,0,0
-778154,0,0
-696475,0,0
-174278,0,0
137986,0,0
156914,0,0
-114966,0,0
-502748,0,0
-644326,0,0
-728388,0,0
-750327,0,0
-535685,0,0
-127212,0,0
99290,0,0
219843,0,0
-131882,0,0
-548146,0,0
-808477,0,0
-830206,0,0
-733766,0,0
-535175,0,0
-86243,0,0
150573,0,0
124592,0,0
-243699,0,0
-618577,0,0
-820723,0,0
-884782,0,0
-757805,0,0
-411448,0,0
-8361,0,0
73187,0,0
64171,0,0
-259258,0,0
-586438,0,0
-717512,0,0
-797829,0,0
-793058,0,0
-509859,0,0
-93179,0,0
111330,0,0
147882,0,0
-184166,0,0
-591388,0,0
-809412,0,0
-875391,0,0
-862477,0,0
-565766,0,0
68047,0,0
248819,0,0
128452,0,0
-260151,0,0
-636541,0,0
-818684,0,0
-797895,0,0
-802022,0,0
-433640,0,0
21622,0,0
132579,0,0
117957,0,0
-253766,0,0
-646325,0,0
-809678,0,0
-786603,0,0
-784478,0,0
-370403,0,0
24245,0,0
34179,0,0
94253,0,0
-237129,0,0
-592711,0,0
-748840,0,0
-756466,0,0
-714953,0,0
-364321,0,0
5846,0,0
206075,0,0
155990,0,0
-309172,0,0
-647591,0,0
-720778,0,0
-759544,0,0
-758431,0,0
-359364,0,0
41471,0,0
278152,0,0
79131,0,0
-394117,0,0
-721188,0,0
-787856,0,0
-785340,0,0
-641734,0,0
-214829,0,0
130637,0,0
209539,0,0
-13866,0,0
-429299,0,0
-719325,0,0
-773388,0,0
-750604,0,0
-695471,0,0
-246659,0,0
85936,0,0
129306,0,0
-9490,0,0
-405867,0,0
-703064,0,0
-811545,0,0
-790079,0,0
-675740,0,0
-274140,0,0
48906,0,0
196210,0,0
11888,0,0
-413099,0,0
-711662,0,0
-779883,0,0
-726517,0,0
-660853,0,0
-230100,0,0
108956,0,0
153246,0,0
-32305,0,0
-420782,0,0
-716414,0,0
-767660,0,0
-736567,0,0
-654931,0,0
-148642,0,0
88780,0,0
154703,0,0
-56933,0,0
-487230,0,0
-761899,0,0
-769794,0,0
-755843,0,0
-670123,0,0
-217881,0,0
72463,0,0
45505,0,0
-119193,0,0
-464525,0,0
-740281,0,0
-829850,0,0
-921114,0,0
-753673,0,0
-295815,0,0
13028,0,0
114639,0,0
-17106,0,0
-441443,0,0
-757125,0,0
-835241,0,0
-870626,0,0
-723861,0,0
-304763,0,0
58169,0,0
160900,0,0
-42589,0,0
-412414,0,0
-686410,0,0
-724899,0,0
-740845,0,0
-690886,0,0
-321688,0,0
98436,0,0
217912,0,0
11963,0,0
-398909,0,0
-598782,0,0
-703867,0,0
-729260,0,0
-561296,0,0
-123211,0,0
311371,0,0
279519,0,0
-68422,0,0
-543694,0,0
-704956,0,0
-680491,0,0
-712115,0,0
-576821,0,0
-96652,0,0
257108,0,0
34696,0,0
-205137,0,0
-572954,0,0
-797914,0,0
-778273,0,0
-784954,0,0
-625402,0,0
-222213,0,0
123097,0,0
102014,0,0
-161847,0,0
-596691,0,0
-826305,0,0
-844385,0,0
-861348,0,0
-664767,0,0
-234356,0,0
-5746,0,0
41270,0,0
-118320,0,0
-558543,0,0
-861205,0,0
-778428,0,0
-779997,0,0
-716003,0,0
-314643,0,0
-5767,0,0
9008,0,0
-91652,0,0
-478735,0,0
-725933,0,0
-784584,0,0
-802473,0,0
-690603,0,0
-326887,0,0
-8807,0,0
120270,0,0
-16872,0,0
-379985,0,0
-714024,0,0
-797934,0,0
-825842,0,0
-739456,0,0
-359434,0,0
4706,0,0
102757,0,0
86705,0,0
-347919,0,0
-634282,0,0
-771133,0,0
-774392,0,0
-712904,0,0
-288536,0,0
108460,0,0
175300,0,0
54669,0,0
-374508,0,0
-706740,0,0
-793350,0,0
-741008,0,0
-710383,0,0
-293460,0,0
97376,0,0
133156,0,0
-6183,0,0
-412734,0,0
-743012,0,0
-755090,0,0
-711061,0,0
-751160,0,0
-387550,0,0
-7438,0,0
135766,0,0
79246,0,0
-376762,0,0
-731540,0,0
-750834,0,0
-758565,0,0
-737888,0,0
-428301,0,0
-103603,0,0
83934,0,0
73489,0,0
-307947,0,0
-660465,0,0
-739995,0,0
-806482,0,0
-769436,0,0
-471612,0,0
-26809,0,0
203216,0,0
144520,0,0
-214918,0,0
-653234,0,0
-814554,0,0
-882534,0,0
-790198,0,0
-465406,0,0
14604,0,0
210733,0,0
73866,0,0
-229391,0,0
-617579,0,0
-798082,0,0
-858124,0,0
-777819,0,0
-467791,0,0
-57582,0,0
174149,0,0
182392,0,0
-109751,0,0
-528904,0,0
-740811,0,0
-754480,0,0
-813456,0,0
-567731,0,0
-155029,0,0
225995,0,0
230969,0,0
-171207,0,0
-567715,0,0
-713565,0,0
-806730,0,0
-781035,0,0
-544306,0,0
-145817,0,0
81181,0,0
80562,0,0
-146557,0,0
-565161,0,0
-840303,0,0
-764810,0,0
-752479,0,0
-580690,0,0
-189401,0,0
41984,0,0
116820,0,0
-106474,0,0
-553807,0,0
-814981,0,0
-836039,0,0
-827386,0,0
-720092,0,0
-313953,0,0
67031,0,0
180925,0,0
151,0,0
-523889,0,0
-833617,0,0
-886321,0,0
-829596,0,0
-737061,0,0
-288520,0,0
73490,0,0
117860,0,0
-25485,0,0
-401451,0,0
-720201,0,0
-826547,0,0
-815420,0,0
-761528,0,0
-347409,0,0
41194,0,0
98868,0,0
29783,0,0
-296833,0,0
-676208,0,0
-800058,0,0
-706060,0,0
-693096,0,0
-399376,0,0
-30382,0,0
124998,0,0
153411,0,0
-251375,0,0
-659030,0,0
-702361,0,0
-681622,0,0
-722821,0,0
-430041,0,0
-23228,0,0
222733,0,0
140941,0,0
-251522,0,0
-609128,0,0
-704065,0,0
-744381,0,0
-685336,0,0
-340308,0,0
49471,0,0
151194,0,0
49926,0,0
-301188,0,0
-631429,0,0
-682907,0,0
-713774,0,0
-614629,0,0
-333529,0,0
21828,0,0
187397,0,0
39715,0,0
-345267,0,0
-615920,0,0
-720731,0,0
-774188,0,0
-717567,0,0
-372950,0,0
97936,0,0
265403,0,0
83884,0,0
-333348,0,0
-689780,0,0
-795229,0,0
-739439,0,0
-717636,0,0
-417906,0,0
24941,0,0
146651,0,0
77660,0,0
-319599,0,0
-689169,0,0
-847041,0,0
-835563,0,0
-795393,0,0
-425115,0,0
44460,0,0
118482,0,0
53932,0,0
-304909,0,0
-713717,0,0
-779535,0,0
-775107,0,0
-857636,0,0
-455507,0,0
-55481,0,0
106577,0,0
130368,0,0
-233447,0,0
-667951,0,0
-805267,0,0
-836172,0,0
-797439,0,0
-510189,0,0
-44591,0,0
173469,0,0
162106,0,0
-195124,0,0
-609632,0,0
-704887,0,0
-714707,0,0
-757465,0,0
-506136,0,0
-19830,0,0
244957,0,0
176816,0,0
-158004,0,0
-535894,0,0
-746576,0,0
-793296,0,0
-734704,0,0
-456866,0,0
10967,0,0
209278,0,0
136638,0,0
-203225,0,0
-529226,0,0
-738951,0,0
-821125,0,0
-723329,0,0
-448019,0,0
-1925,0,0
205715,0,0
176604,0,0
-204470,0,0
-622849,0,0
-766738,0,0
-717767,0,0
-700854,0,0
-405180,0,0
65201,0,0
198832,0,0
81037,0,0
-247867,0,0
-652906,0,0
-769395,0,0
-687512,0,0
-663009,0,0
-313816,0,0
117791,0,0
192965,0,0
111210,0,0
-256104,0,0
-670866,0,0
-733055,0,0
-686734,0,0
-704953,0,0
-288456,0,0
133813,0,0
187273,0,0
26765,0,0
-364707,0,0
-690625,0,0
-739230,0,0
-800432,0,0
-718720,0,0
-302873,0,0
64098,0,0
146671,0,0
71638,0,0
-371045,0,0
-758034,0,0
-755441,0,0
-788765,0,0
-716097,0,0
-338510,0,0
-21527,0,0
121614,0,0
7721,0,0
-417533,0,0
-719879,0,0
-873359,0,0
-823663,0,0
-741097,0,0
-399339,0,0
17107,0,0
147416,0,0
53622,0,0
-320399,0,0
-676960,0,0
-812121,0,0
-829024,0,0
-730584,0,0
-343529,0,0
16252,0,0
165224,0,0
110899,0,0
-299258,0,0
-666589,0,0
-793530,0,0
-788168,0,0
-760895,0,0
-420788,0,0
36574,0,0
197690,0,0
95728,0,0
-304651,0,0
-695716,0,0
-779967,0,0
-815112,0,0
-753507,0,0
-244110,0,0
167886,0,0
216829,0,0
43967,0,0
-395018,0,0
-714523,0,0
-675374,0,0
-789151,0,0
-736859,0,0
-257517,0,0
114704,0,0
226551,0,0
22245,0,0
-441391,0,0
-726013,0,0
-715742,0,0
-797153,0,0
-719577,0,0
-248887,0,0
173928,0,0
252448,0,0
-62516,0,0
-455396,0,0
-649740,0,0
-671961,0,0
-745641,0,0
-651012,0,0
-219585,0,0
110593,0,0
315360,0,0
36718,0,0
-531883,0,0
-735239,0,0
-749153,0,0
-765303,0,0
-529595,0,0
-64778,0,0
201014,0,0
226200,0,0
-131143,0,0
-526005,0,0
-648443,0,0
-765008,0,0
-747717,0,0
-452727,0,0
-15806,0,0
257390,0,0
158874,0,0
-223225,0,0
-594205,0,0
-777108,0,0
-876181,0,0
-749064,0,0
-509990,0,0
-43108,0,0
250232,0,0
121907,0,0
-237727,0,0
-640678,0,0
-809909,0,0
-776441,0,0
-788276,0,0
-463962,0,0
12292,0,0
207239,0,0
137575,0,0
-234831,0,0
-686774,0,0
-799947,0,0
-773835,0,0
-818678,0,0
-526236,0,0
32369,0,0
181640,0,0
53955,0,0
-201745,0,0
-549843,0,0
-710518,0,0
-828551,0,0
-742838,0,0
-305971,0,0
10138,0,0
217598,0,0
126038,0,0
-272818,0,0
-650761,0,0
-688506,0,0
-744165,0,0
-662805,0,0
-138500,0,0
206343,0,0
212314,0,0
-5170,0,0
-458936,0,0
-679057,0,0
-635493,0,0
-724220,0,0
-571710,0,0
-86806,0,0
183173,0,0
247199,0,0
-34343,0,0
-526385,0,0
-706380,0,0
-734188,0,0
-767828,0,0
-471631,0,0
52751,0,0
200797,0,0
132828,0,0
-218490,0,0
-668366,0,0
-736673,0,0
-769714,0,0
-761591,0,0
-404515,0,0
111176,0,0
218593,0,0
132774,0,0
-303101,0,0
-743257,0,0
-733124,0,0
-714714,0,0
-632905,0,0
-332278,0,0
563,0,0
206580,0,0
54953,0,0
-399658,0,0
-697014,0,0
-667513,0,0
-724967,0,0
-610457,0,0
-199434,0,0
104345,0,0
250700,0,0
-34343,0,0
-472245,0,0
-706503,0,0
-701889,0,0
-710632,0,0
-613554,0,0
-138906,0,0
183521,0,0
197865,0,0
-128513,0,0
-508410,0,0
-745076,0,0
-801421,0,0
-742020,0,0
-573116,0,0
-193908,0,0
112655,0,0
82042,0,0
-167379,0,0
-515066,0,0
-749515,0,0
-799765,0,0
-765778,0,0
-587600,0,0
-118968,0,0
146252,0,0
104292,0,0
-153383,0,0
-533763,0,0
-772894,0,0
-866420,0,0
-829672,0,0
-613299,0,0
-116541,0,0
76885,0,0
103099,0,0
-175568,0,0
-614576,0,0
-873081,0,0
-802522,0,0
-800101,0,0
-615865,0,0
-170692,0,0
104991,0,0
162813,0,0
-141021,0,0
-633893,0,0
-795784,0,0
-810425,0,0
-866019,0,0
-516448,0,0
21932,0,0
165168,0,0
111980,0,0
-198736,0,0
-647456,0,0
-773503,0,0
-788344,0,0
-801779,0,0
-506790,0,0
-30258,0,0
206850,0,0
151723,0,0
-207190,0,0
-654429,0,0
-702110,0,0
-786271,0,0
-752577,0,0
-539887,0,0
-119545,0,0
189349,0,0
138379,0,0
-183003,0,0
-563882,0,0
-778783,0,0
-866425,0,0
-761462,0,0
-517050,0,0
-82939,0,0
267317,0,0
176668,0,0
-155997,0,0
-600330,0,0
-772485,0,0
-770209,0,0
-708867,0,0
-444252,0,0
24038,0,0
237733,0,0
95373,0,0
-283554,0,0
-652268,0,0
-742740,0,0
-803843,0,0
-761639,0,0
-465030,0,0
-12485,0,0
140224,0,0
100042,0,0
-228931,0,0
-665422,0,0
-805370,0,0
-776833,0,0
-742251,0,0
-410597,0,0
69756,0,0
185722,0,0
103609,0,0
-303572,0,0
-732576,0,0
-784636,0,0
-738362,0,0
-704890,0,0
-391530,0,0
11675,0,0
132380,0,0
121654,0,0
-272141,0,0
-694236,0,0
-780943,0,0
-806958,0,0
-693839,0,0
-341690,0,0
35746,0,0
83516,0,0
38534,0,0
-358021,0,0
-692918,0,0
-782158,0,0
-814836,0,0
-686904,0,0
-325850,0,0
60282,0,0
113886,0,0
7382,0,0
-422927,0,0
-722328,0,0
-802700,0,0
-794931,0,0
-690397,0,0
-346496,0,0
57098,0,0
247361,0,0
19211,0,0
-419876,0,0
-690173,0,0
-724195,0,0
-687413,0,0
-678336,0,0
-287793,0,0
122472,0,0
135808,0,0
-29564,0,0
-370163,0,0
-680352,0,0
-803715,0,0
-741680,0,0
-679582,0,0
-271418,0,0
222987,0,0
179655,0,0
-829,0,0
-437056,0,0
-657582,0,0
-719969,0,0
-676007,0,0
-620126,0,0
-153993,0,0
178606,0,0
173410,0,0
-16113,0,0
-443404,0,0
-689548,0,0
-718534,0,0
-703197,0,0
-616370,0,0
-106332,0,0
197300,0,0
165354,0,0
-80275,0,0
-521256,0,0
-697245,0,0
-746268,0,0
-726120,0,0
-521661,0,0
-22163,0,0
142210,0,0
114786,0,0
-139601,0,0
-528624,0,0
-669279,0,0
-753675,0,0
-857007,0,0
-581590,0,0
-110299,0,0
86838,0,0
171177,0,0
-86325,0,0
-570101,0,0
-740118,0,0
-815313,0,0
-864131,0,0
-545384,0,0
-32559,0,0
190406,0,0
141221,0,0
-223139,0,0
-601917,0,0
-716682,0,0
-864483,0,0
-781127,0,0
-509998,0,0
-38309,0,0
183310,0,0
126109,0,0
-255110,0,0
-655096,0,0
-817620,0,0
-829928,0,0
-779525,0,0
-566366,0,0
-54739,0,0
176092,0,0
184093,0,0
-211106,0,0
-625357,0,0
-830505,0,0
-838957,0,0
-733495,0,0
-496355,0,0
-12273,0,0
192122,0,0
76016,0,0
-282679,0,0
-634034,0,0
-828742,0,0
-770978,0,0
-793645,0,0
-476024,0,0
35072,0,0
116505,0,0
106061,0,0
-260868,0,0
-679252,0,0
-792282,0,0
-721021,0,0
-785124,0,0
-533730,0,0
26876,0,0
99011,0,0
18594,0,0
-266430,0,0
-665799,0,0
-745912,0,0
-798127,0,0
-847197,0,0
-514802,0,0
-53490,0,0
149444,0,0
141060,0,0
-259034,0,0
-626570,0,0
-758475,0,0
-784224,0,0
-786028,0,0
-429886,0,0
15635,0,0
210257,0,0
139601,0,0
-272288,0,0
-623411,0,0
-817494,0,0
-848377,0,0
-728366,0,0
-397262,0,0
-7376,0,0
209920,0,0
72305,0,0
-284273,0,0
-594725,0,0
-782110,0,0
-830208,0,0
-776480,0,0
-385217,0,0
-11590,0,0
224510,0,0
135330,0,0
-235775,0,0
-636707,0,0
-804813,0,0
-797195,0,0
-740764,0,0
-433021,0,0
-506,0,0
206426,0,0
146857,0,0
-222044,0,0
-626534,0,0
-829627,0,0
-769214,0,0
-767279,0,0
-401417,0,0
94525,0,0
229991,0,0
72840,0,0
-291850,0,0
-624637,0,0
-751843,0,0
-767726,0,0
-782755,0,0
-362536,0,0
74062,0,0
202308,0,0
76742,0,0
-321598,0,0
-703032,0,0
-807132,0,0
-818862,0,0
-780834,0,0
-321720,0,0
63692,0,0
139442,0,0
55803,0,0
-351215,0,0
-660881,0,0
-710810,0,0
-760518,0,0
-702450,0,0
-341834,0,0
-4373,0,0
231872,0,0
57341,0,0
-358834,0,0
-656332,0,0
-750692,0,0
-827274,0,0
-707760,0,0
-247060,0,0
101570,0,0
202347,0,0
-80427,0,0
-458767,0,0
-712273,0,0
-732928,0,0
-756722,0,0
-625114,0,0
-246640,0,0
44929,0,0
12858,0,0
-100017,0,0
-407941,0,0
-703195,0,0
-821106,0,0
-776581,0,0
-653243,0,0
-302849,0,0
65042,0,0
48362,0,0
-79389,0,0
-401532,0,0
-706721,0,0
-752294,0,0
-686982,0,0
-633452,0,0
-277532,0,0
81494,0,0
137317,0,0
-28022,0,0
-429568,0,0
-720574,0,0
-745014,0,0
-744310,0,0
-658839,0,0
-306364,0,0
67424,0,0
125539,0,0
11780,0,0
-458000,0,0
-787416,0,0
-804049,0,0
-814787,0,0
-708043,0,0
-287277,0,0
81359,0,0
151785,0,0
-14805,0,0
-491035,0,0
-774134,0,0
-778414,0,0
-831778,0,0
-699323,0,0
-305037,0,0
97397,0,0
165086,0,0
-23931,0,0
-457963,0,0
-707394,0,0
-801500,0,0
-819674,0,0
-655342,0,0
-319651,0,0
45907,0,0
139908,0,0
44168,0,0
-424737,0,0
-708453,0,0
-815979,0,0
-785892,0,0
-659592,0,0
-308844,0,0
62818,0,0
63483,0,0
-14475,0,0
-372298,0,0
-697011,0,0
-848118,0,0
-809473,0,0
-769179,0,0
-395218,0,0
151216,0,0
150223,0,0
-9397,0,0
-425717,0,0
-692404,0,0
-783116,0,0
-773663,0,0
-748085,0,0
-383523,0,0
48623,0,0
120042,0,0
92353,0,0
-369210,0,0
-734718,0,0
-819268,0,0
-799134,0,0
-780723,0,0
-291552,0,0
129853,0,0
97890,0,0
37933,0,0
-357884,0,0
-658647,0,0
-741895,0,0
-836413,0,0
-776086,0,0
-387238,0,0
28573,0,0
227500,0,0
109814,0,0
-330801,0,0
-654412,0,0
-785014,0,0
-850478,0,0
-817895,0,0
-467471,0,0
-19860,0,0
179564,0,0
69615,0,0
-282938,0,0
-642468,0,0
-729096,0,0
-712716,0,0
-671471,0,0
-478104,0,0
-130446,0,0
214097,0,0
116003,0,0
-230228,0,0
-579053,0,0
-745244,0,0
-807512,0,0
-770671,0,0
-488241,0,0
7937,0,0
264088,0,0
159879,0,0
-197404,0,0
-644721,0,0
-825739,0,0
-741093,0,0
-727531,0,0
-300422,0,0
88653,0,0
157481,0,0
122476,0,0
-260644,0,0
-663868,0,0
-697843,0,0
-683216,0,0
-704174,0,0
-321943,0,0
-3961,0,0
81034,0,0
76817,0,0
-265844,0,0
-668226,0,0
-758505,0,0
-730366,0,0
-726221,0,0
-332599,0,0
5318,0,0
155239,0,0
60837,0,0
-325869,0,0
-648834,0,0
-701739,0,0
-718421,0,0
-640430,0,0
-122081,0,0
139089,0,0
170118,0,0
44556,0,0
-376743,0,0
-675802,0,0
-720450,0,0
-811599,0,0
-676975,0,0
-229674,0,0
123289,0,0
255584,0,0
32009,0,0
-404223,0,0
-721026,0,0
-843780,0,0
-872819,0,0
-613009,0,0
-133125,0,0
180087,0,0
260199,0,0
-59580,0,0
-490201,0,0
-741957,0,0
-817618,0,0
-827640,0,0
-604485,0,0
-195966,0,0
123896,0,0
184287,0,0
-52742,0,0
-481173,0,0
-813756,0,0
-795642,0,0
-781742,0,0
-624996,0,0
-193534,0,0
180783,0,0
157797,0,0
-121577,0,0
-510940,0,0
-775207,0,0
-782142,0,0
-779921,0,0
-688253,0,0
-251272,0,0
129670,0,0
128509,0,0
-21103,0,0
-473371,0,0
-824392,0,0
-801231,0,0
-897875,0,0
-697903,0,0
-176638,0,0
156219,0,0
96728,0,0
-68594,0,0
-506552,0,0
-758667,0,0
-671485,0,0
-838579,0,0
-726779,0,0
-253211,0,0
111649,0,0
245154,0,0
8332,0,0
-528615,0,0
-812521,0,0
-815380,0,0
-800098,0,0
-610868,0,0
-166131,0,0
180616,0,0
174023,0,0
-84278,0,0
-540009,0,0
-766394,0,0
-802811,0,0
-697755,0,0
-559722,0,0
-224041,0,0
95676,0,0
108128,0,0
-31818,0,0
-476011,0,0
-676176,0,0
-804802,0,0
-837300,0,0
-684771,0,0
-205571,0,0
194330,0,0
251477,0,0
-11008,0,0
-487618,0,0
-727911,0,0
-800398,0,0
-743980,0,0
-656027,0,0
-184147,0,0
199287,0,0
171993,0,0
-32250,0,0
-484616,0,0
-769499,0,0
-806789,0,0
-780930,0,0
-700496,0,0
-204649,0,0
106933,0,0
158285,0,0
-33858,0,0
-502224,0,0
-751472,0,0
-773212,0,0
-747079,0,0
-701581,0,0
-226803,0,0
66994,0,0
217116,0,0
8551,0,0
-489003,0,0
-678208,0,0
-768171,0,0
-806012,0,0
-616540,0,0
-134606,0,0
68280,0,0
182420,0,0
-9663,0,0
-474861,0,0
-661904,0,0
-770677,0,0
-780860,0,0
-541291,0,0
-29281,0,0
224364,0,0
209276,0,0
-183352,0,0
-615373,0,0
-730008,0,0
-695807,0,0
-773553,0,0
-544150,0,0
-89632,0,0
200508,0,0
201938,0,0
-182571,0,0
-607553,0,0
-766290,0,0
-814962,0,0
-732855,0,0
-403077,0,0
71741,0,0
204588,0,0
140154,0,0
-236161,0,0
-622188,0,0
-799368,0,0
-764671,0,0
-650323,0,0
-408759,0,0
33710,0,0
196458,0,0
100494,0,0
-273777,0,0
-659027,0,0
-817391,0,0
-778392,0,0
-712935,0,0
-381972,0,0
36904,0,0
164974,0,0
67126,0,0
-350576,0,0
-686892,0,0
-791625,0,0
-712769,0,0
-684656,0,0
-383558,0,0
39908,0,0
132448,0,0
104267,0,0
-293047,0,0
-676263,0,0
-816664,0,0
-826434,0,0
-762002,0,0
-318957,0,0
63141,0,0
103223,0,0
98379,0,0
-303077,0,0
-648143,0,0
-754063,0,0
-803512,0,0
-786644,0,0
-335178,0,0
102385,0,0
234946,0,0
118973,0,0
-345583,0,0
-701841,0,0
-771148,0,0
-836502,0,0
-735819,0,0
-280474,0,0
-2036,0,0
126420,0,0
43201,0,0
-384777,0,0
-712318,0,0
-798689,0,0
-796254,0,0
-761992,0,0
-321290,0,0
24936,0,0
209898,0,0
17301,0,0
-401544,0,0
-732055,0,0
-779641,0,0
-749361,0,0
-695749,0,0
-287242,0,0
54758,0,0
207460,0,0
31636,0,0
-367887,0,0
-705565,0,0
-763184,0,0
-729669,0,0
-710550,0,0
-305238,0,0
106838,0,0
261913,0,0
44763,0,0
-416062,0,0
-785866,0,0
-789865,0,0
-769426,0,0
-763501,0,0
-319195,0,0
73104,0,0
133492,0,0
-4076,0,0
-437777,0,0
-746181,0,0
-730913,0,0
-704016,0,0
-703210,0,0
-332169,0,0
76204,0,0
239671,0,0
36027,0,0
-405830,0,0
-712875,0,0
-712249,0,0
-711027,0,0
-593701,0,0
-23916,0,0
196366,0,0
125256,0,0
-71544,0,0
-466634,0,0
-707931,0,0
-697245,0,0
-785816,0,0
-522656,0,0
-102304,0,0
101342,0,0
229868,0,0
-73478,0,0
-558093,0,0
-767716,0,0
-750973,0,0
-758429,0,0
-483061,0,0
-50697,0,0
163747,0,0
252821,0,0
-148696,0,0
-596059,0,0
-739021,0,0
-768120,0,0
-732270,0,0
-429478,0,0
20841,0,0
229110,0,0
131786,0,0
-268898,0,0
-639692,0,0
-645523,0,0
-663941,0,0
-666956,0,0
-302955,0,0
101869,0,0
261067,0,0
61641,0,0
-367467,0,0
-620652,0,0
-784547,0,0
-754498,0,0
-689694,0,0
-242228,0,0
159580,0,0
225362,0,0
-195984,0,0
-545871,0,0
-801447,0,0
-830877,0,0
-747410,0,0
-639804,0,0
-254221,0,0
24727,0,0
194694,0,0
-75206,0,0
-548628,0,0
-765604,0,0
-818579,0,0
-850961,0,0
-701262,0,0
-172720,0,0
179613,0,0
133381,0,0
-100185,0,0
-496855,0,0
-782418,0,0
-779378,0,0
-734691,0,0
-708531,0,0
-276165,0,0
89367,0,0
157085,0,0
-34549,0,0
-523607,0,0
-760239,0,0
-713865,0,0
-805229,0,0
-684855,0,0
-248392,0,0
17314,0,0
157842,0,0
42826,0,0
-403059,0,0
-807527,0,0
-849994,0,0
-793352,0,0
-597851,0,0
-171217,0,0
87662,0,0
215287,0,0
-17638,0,0
-510235,0,0
-789508,0,0
-728774,0,0
-736962,0,0
-508679,0,0
-80702,0,0
179508,0,0
215266,0,0
-162759,0,0
-573600,0,0
-722870,0,0
-786000,0,0
-788506,0,0
-580128,0,0
-155426,0,0
116493,0,0
205066,0,0
-140486,0,0
-549283,0,0
-740597,0,0
-832991,0,0
-860995,0,0
-614071,0,0
-105329,0,0
286034,0,0
250315,0,0
-115953,0,0
-568070,0,0
-826127,0,0
-839520,0,0
-724131,0,0
-470366,0,0
604,0,0
251901,0,0
160457,0,0
-175482,0,0
-588168,0,0
-817782,0,0
-734427,0,0
-703175,0,0
-379077,0,0
113894,0,0
227345,0,0
88786,0,0
-261749,0,0
-625629,0,0
-737001,0,0
-731709,0,0
-768185,0,0
-350047,0,0
77810,0,0
192111,0,0
38932,0,0
-365170,0,0
-715910,0,0
-824576,0,0
-823314,0,0
-766179,0,0
-384847,0,0
77291,0,0
134265,0,0
37286,0,0
-353295,0,0
-709205,0,0
-823637,0,0
-847061,0,0
-741011,0,0
-206178,0,0
218014,0,0
173667,0,0
-19877,0,0
-405587,0,0
-727042,0,0
-812535,0,0
-856128,0,0
-647729,0,0
-189827,0,0
108226,0,0
131202,0,0
-5382,0,0
-418745,0,0
-702564,0,0
-817652,0,0
-784050,0,0
-649209,0,0
-223529,0,0
130639,0,0
247083,0,0
-104357,0,0
-516797,0,0
-662294,0,0
-710176,0,0
-764369,0,0
-539615,0,0
-116715,0,0
165012,0,0
173657,0,0
-121787,0,0
-501903,0,0
-674599,0,0
-741655,0,0
-748451,0,0
-441672,0,0
41722,0,0
241639,0,0
131466,0,0
-154442,0,0
-551646,0,0
-738820,0,0
-786656,0,0
-728958,0,0
-462337,0,0
-37261,0,0
224001,0,0
93115,0,0
-269472,0,0
-617203,0,0
-723866,0,0
-767998,0,0
-774349,0,0
-471229,0,0
-46,0,0
141913,0,0
70486,0,0
-248809,0,0
-551460,0,0
-723565,0,0
-759805,0,0
-746444,0,0
-324144,0,0
122950,0,0
197817,0,0
91895,0,0
-347972,0,0
-705487,0,0
-761551,0,0
-766448,0,0
-699860,0,0
-221169,0,0
149525,0,0
198878,0,0
-13894,0,0
-423324,0,0
-696270,0,0
-726666,0,0
-782259,0,0
-686978,0,0
-207688,0,0
106408,0,0
170248,0,0
-25379,0,0
-453241,0,0
-820191,0,0
-860251,0,0
-805685,0,0
-583905,0,0
-254652,0,0
-18358,0,0
172997,0,0
-28668,0,0
-493156,0,0
-811669,0,0
-814247,0,0
-756885,0,0
-604265,0,0
-222662,0,0
66336,0,0
148858,0,0
-77354,0,0
-499162,0,0
-756602,0,0
-827702,0,0
-794082,0,0
-606963,0,0
-217551,0,0
68817,0,0
115029,0,0
-136000,0,0
-463999,0,0
-616117,0,0
-796867,0,0
-834933,0,0
-570374,0,0
-133273,0,0
76355,0,0
164140,0,0
-34130,0,0
-473440,0,0
-722573,0,0
-784866,0,0
-751547,0,0
-525507,0,0
-68799,0,0
216001,0,0
187151,0,0
-155267,0,0
-557785,0,0
-723756,0,0
-744612,0,0
-678961,0,0
-454453,0,0
-9071,0,0
275760,0,0
159956,0,0
-178452,0,0
-546593,0,0
-694239,0,0
-802161,0,0
-772783,0,0
-326706,0,0
128942,0,0
236585,0,0
75900,0,0
-351260,0,0
-695585,0,0
-765456,0,0
-759809,0,0
-739562,0,0
-367012,0,0
56904,0,0
146421,0,0
104161,0,0
-315337,0,0
-728396,0,0
-884658,0,0
-833864,0,0
-717679,0,0
-234008,0,0
105365,0,0
141083,0,0
-18485,0,0
-423345,0,0
-722244,0,0
-776251,0,0
-810395,0,0
-717011,0,0
-376776,0,0
79026,0,0
213838,0,0
38549,0,0
-414481,0,0
-706217,0,0
-820765,0,0
-873689,0,0
-704534,0,0
-258168,0,0
137566,0,0
228600,0,0
-5749,0,0
-471512,0,0
-716306,0,0
-816086,0,0
-843273,0,0
-778273,0,0
-329472,0,0
102597,0,0
212759,0,0
373,0,0
-445535,0,0
-727075,0,0
-888494,0,0
-866604,0,0
-696025,0,0
-307125,0,0
2911,0,0
69078,0,0
22381,0,0
-388231,0,0
-777110,0,0
-828766,0,0
-746990,0,0
-672594,0,0
-367757,0,0
-60321,0,0
40088,0,0
-29763,0,0
-353968,0,0
-716340,0,0
-806708,0,0
-825217,0,0
-767464,0,0
-413178,0,0
57034,0,0
147244,0,0
71076,0,0
-279916,0,0
-680413,0,0
-806678,0,0
-880465,0,0
-868863,0,0
-450298,0,0
4454,0,0
158615,0,0
141542,0,0
-285932,0,0
-746684,0,0
-834992,0,0
-902639,0,0
-815162,0,0
-483686,0,0
-77836,0,0
106798,0,0
93766,0,0
-250919,0,0
-614212,0,0
-801714,0,0
-880153,0,0
-789747,0,0
-572806,0,0
-122004,0,0
156135,0,0
141450,0,0
-178710,0,0
-614583,0,0
-782037,0,0
-843631,0,0
-801771,0,0
-571136,0,0
-88786,0,0
159372,0,0
114049,0,0
-194703,0,0
-558278,0,0
-706212,0,0
-767981,0,0
-770344,0,0
-568622,0,0
-117185,0,0
168797,0,0
162530,0,0
-146806,0,0
-596457,0,0
-804089,0,0
-782379,0,0
-736779,0,0
-514507,0,0
-45970,0,0
157545,0,0
176536,0,0
-6747,0,0
-467087,0,0
-763352,0,0
-756374,0,0
-697603,0,0
-456461,0,0
19652,0,0
212692,0,0
248053,0,0
-93539,0,0
-555028,0,0
-691116,0,0
-722966,0,0
-714909,0,0
-508253,0,0
-34983,0,0
251306,0,0
189499,0,0
-145700,0,0
-578567,0,0
-771677,0,0
-827595,0,0
-726881,0,0
-404007,0,0
40420,0,0
187963,0,0
111861,0,0
-202801,0,0
-571576,0,0
-703877,0,0
-782591,0,0
-710238,0,0
-404922,0,0
42238,0,0
261764,0,0
132993,0,0
-278532,0,0
-600239,0,0
-729917,0,0
-765183,0,0
-676680,0,0
-294543,0,0
149925,0,0
324514,0,0
106856,0,0
-315445,0,0
-621676,0,0
-754572,0,0
-758179,0,0
-660974,0,0
-349899,0,0
119691,0,0
318316,0,0
52034,0,0
-381868,0,0
-672388,0,0
-794294,0,0
-724906,0,0
-699244,0,0
-236203,0,0
206602,0,0
191052,0,0
4204,0,0
-420778,0,0
-671094,0,0
-699115,0,0
-704932,0,0
-542923,0,0
-78447,0,0
201959,0,0
254279,0,0
-69280,0,0
-524871,0,0
-705945,0,0
-602354,0,0
-512092,0,0
-434909,0,0
-26613,0,0
246104,0,0
174504,0,0
-168860,0,0
-612280,0,0
-702110,0,0
-671464,0,0
-656956,0,0
-272043,0,0
109430,0,0
265127,0,0
95026,0,0
-314570,0,0
-696288,0,0
-737580,0,0
-714039,0,0
-654720,0,0
-177680,0,0
142272,0,0
182090,0,0
-114120,0,0
-542678,0,0
-735845,0,0
-798051,0,0
-810764,0,0
-555000,0,0
-52818,0,0
149207,0,0
70453,0,0
-193659,0,0
-616116,0,0
-777542,0,0
-807892,0,0
-814116,0,0
-554798,0,0
-113635,0,0
108860,0,0
175936,0,0
-177731,0,0
-627834,0,0
-762811,0,0
-869946,0,0
-807674,0,0
-471574,0,0
-75106,0,0
131897,0,0
163587,0,0
-189596,0,0
-597377,0,0
-695291,0,0
-826185,0,0
-804999,0,0
-468521,0,0
12675,0,0
253111,0,0
138694,0,0
-281727,0,0
-686231,0,0
-794021,0,0
-838166,0,0
-745607,0,0
-420758,0,0
97452,0,0
204533,0,0
48024,0,0
-343184,0,0
-641120,0,0
-730784,0,0
-760111,0,0
-751960,0,0
-357024,0,0
33416,0,0
171372,0,0
45657,0,0
-363872,0,0
-708177,0,0
-844153,0,0
-793634,0,0
-748381,0,0
-388759,0,0
44109,0,0
192951,0,0
42177,0,0
-439932,0,0
-801150,0,0
-793560,0,0
-817111,0,0
-723682,0,0
-254400,0,0
115057,0,0
138676,0,0
9116,0,0
-436638,0,0
-770806,0,0
-776785,0,0
-738792,0,0
-720985,0,0
-188451,0,0
172773,0,0
216259,0,0
-53833,0,0
-518026,0,0
-787150,0,0
-772140,0,0
-773660,0,0
-589301,0,0
-117771,0,0
147897,0,0
200835,0,0
-54376,0,0
-508993,0,0
-744104,0,0
-764887,0,0
-791245,0,0
-645801,0,0
-174028,0,0
151434,0,0
285711,0,0
-100326,0,0
-612297,0,0
-786684,0,0
-859790,0,0
-812732,0,0
-557008,0,0
-69909,0,0
241512,0,0
175403,0,0
-160393,0,0
-583629,0,0
-756283,0,0
-856077,0,0
-752785,0,0
-515352,0,0
-62321,0,0
243477,0,0
168533,0,0
-212630,0,0
-601766,0,0
-766830,0,0
-839280,0,0
-766903,0,0
-518244,0,0
-87936,0,0
213973,0,0
191561,0,0
-130696,0,0
-580338,0,0
-769344,0,0
-814072,0,0
-735060,0,0
-460139,0,0
-26089,0,0
179628,0,0
130676,0,0
-249303,0,0
-671590,0,0
-765588,0,0
-725820,0,0
-819550,0,0
-514611,0,0
-15613,0,0
99088,0,0
57337,0,0
-225431,0,0
-617872,0,0
-785571,0,0
-837115,0,0
-790070,0,0
-496224,0,0
-15204,0,0
130649,0,0
94445,0,0
-239511,0,0
-672277,0,0
-822996,0,0
-790779,0,0
-732480,0,0
-502958,0,0
-89776,0,0
130117,0,0
132449,0,0
-192042,0,0
-634169,0,0
-760645,0,0
-821707,0,0
-782295,0,0
-483850,0,0
19736,0,0
262705,0,0
202448,0,0
-238126,0,0
-633660,0,0
-758029,0,0
-790374,0,0
-709927,0,0
-409849,0,0
41084,0,0
373612,0,0
146362,0,0
-370259,0,0
-730127,0,0
-727347,0,0
-760616,0,0
-681845,0,0
-320190,0,0
35781,0,0
197560,0,0
86555,0,0
-322348,0,0
-570380,0,0
-707762,0,0
-790434,0,0
-676602,0,0
-241372,0,0
213425,0,0
246938,0,0
6061,0,0
-442467,0,0
-703356,0,0
-755912,0,0
-787678,0,0
-731477,0,0
-235689,0,0
194430,0,0
90118,0,0
-9577,0,0
-407254,0,0
-693426,0,0
-836682,0,0
-808233,0,0
-677456,0,0
-152425,0,0
149194,0,0
169453,0,0
-80917,0,0
-554080,0,0
-789224,0,0
-800821,0,0
-819239,0,0
-695239,0,0
-152658,0,0
135883,0,0
143010,0,0
-133231,0,0
-527348,0,0
-753733,0,0
-754440,0,0
-781387,0,0
-652320,0,0
-173672,0,0
79326,0,0
161272,0,0
-81059,0,0
-544572,0,0
-720057,0,0
-840019,0,0
-843724,0,0
-603184,0,0
-154237,0,0
103590,0,0
156563,0,0
-144694,0,0
-560147,0,0
-709003,0,0
-804258,0,0
-842772,0,0
-636657,0,0
-158868,0,0
140490,0,0
208855,0,0
-127768,0,0
-558171,0,0
-809087,0,0
-838764,0,0
-808069,0,0
-665003,0,0
-156070,0,0
162078,0,0
194261,0,0
-138786,0,0
-589855,0,0
-799201,0,0
-805700,0,0
-748501,0,0
-585581,0,0
-112651,0,0
99600,0,0
15117,0,0
-119277,0,0
-477082,0,0
-712381,0,0
-745576,0,0
-755478,0,0
-692851,0,0
-173286,0,0
76141,0,0
68739,0,0
-126772,0,0
-516387,0,0
-733332,0,0
-745417,0,0
-860969,0,0
-673432,0,0
-76934,0,0
238509,0,0
112238,0,0
-117831,0,0
-516369,0,0
-763704,0,0
-789472,0,0
-834651,0,0
-658900,0,0
-90329,0,0
206354,0,0
166373,0,0
-126819,0,0
-587537,0,0
-807917,0,0
-795053,0,0
-767901,0,0
-610434,0,0
-152149,0,0
93674,0,0
110665,0,0
-138660,0,0
-535285,0,0
-725734,0,0
-777223,0,0
-766393,0,0
-574546,0,0
-151830,0,0
113218,0,0
116335,0,0
-112738,0,0
-487359,0,0
-718592,0,0
-796631,0,0
-814329,0,0
-717594,0,0
-268198,0,0
169594,0,0
208870,0,0
-50577,0,0
-439938,0,0
-729504,0,0
-918834,0,0
-825501,0,0
-615813,0,0
-175254,0,0
104365,0,0
189023,0,0
12539,0,0
-436281,0,0
-765117,0,0
-763932,0,0
-835631,0,0
-693966,0,0
-193800,0,0
116704,0,0
145267,0,0
-27424,0,0
-453625,0,0
-770271,0,0
-738118,0,0
-788566,0,0
-685066,0,0
-242635,0,0
73726,0,0
179484,0,0
66537,0,0
-432799,0,0
-741376,0,0
-785669,0,0
-820241,0,0
-680462,0,0
-215696,0,0
201848,0,0
187706,0,0
-3989,0,0
-510676,0,0
-808243,0,0
-801777,0,0
-788805,0,0
-568909,0,0
-184133,0,0
98102,0,0
157691,0,0
-1035,0,0
-448205,0,0
-670201,0,0
-812109,0,0
-815898,0,0
-712947,0,0
-246110,0,0
230970,0,0
241070,0,0
3601,0,0
-491737,0,0
-744674,0,0
-864842,0,0
-778490,0,0
-594302,0,0
-186758,0,0
183653,0,0
199268,0,0
-29658,0,0
-458158,0,0
-707884,0,0
-792776,0,0
-714932,0,0
-608046,0,0
-156740,0,0
148780,0,0
170354,0,0
-19167,0,0
-467958,0,0
-756425,0,0
-742646,0,0
-861160,0,0
-734722,0,0
-180536,0,0
234999,0,0
230378,0,0
-4671,0,0
-525758,0,0
-857224,0,0
-854238,0,0
-724634,0,0
-593945,0,0
-42669,0,0
246769,0,0
185735,0,0
-111239,0,0
-565470,0,0
-698774,0,0
-677203,0,0
-738956,0,0
-645306,0,0
-133243,0,0
165026,0,0
252528,0,0
-91628,0,0
-606874,0,0
-746228,0,0
-774644,0,0
-751616,0,0
-593805,0,0
-147410,0,0
214590,0,0
229550,0,0
-171739,0,0
-565298,0,0
-694547,0,0
-870200,0,0
-775323,0,0
-585946,0,0
-113989,0,0
155560,0,0
136834,0,0
-119613,0,0
-519036,0,0
-786828,0,0
-858028,0,0
-710146,0,0
-557158,0,0
-76504,0,0
182353,0,0
75984,0,0
-173341,0,0
-500634,0,0
-762221,0,0
-797184,0,0
-691607,0,0
-545486,0,0
-64214,0,0
159327,0,0
160124,0,0
-116402,0,0
-535239,0,0
-842498,0,0
-798608,0,0
-779693,0,0
-553335,0,0
-64154,0,0
170779,0,0
174020,0,0
-127787,0,0
-563063,0,0
-788829,0,0
-784911,0,0
-805230,0,0
-619390,0,0
-77605,0,0
108839,0,0
133654,0,0
-126655,0,0
-541892,0,0
-739916,0,0
-768365,0,0
-820808,0,0
-557588,0,0
-55727,0,0
131136,0,0
110637,0,0
-161559,0,0
-555835,0,0
-720713,0,0
-735214,0,0
-764558,0,0
-566937,0,0
-176255,0,0
161302,0,0
145241,0,0
-168469,0,0
-531748,0,0
-655031,0,0
-755907,0,0
-812056,0,0
-576829,0,0
-166308,0,0
237717,0,0
184567,0,0
-181325,0,0
-584150,0,0
-787761,0,0
-779666,0,0
-783905,0,0
-533006,0,0
2741,0,0
233206,0,0
105802,0,0
-199958,0,0
-583326,0,0
-846716,0,0
-815264,0,0
-747514,0,0
-525444,0,0
-154916,0,0
116421,0,0
178122,0,0
-102343,0,0
-574243,0,0
-814568,0,0
-780640,0,0
-788682,0,0
-466248,0,0
-31980,0,0
255874,0,0
111837,0,0
-184562,0,0
-621004,0,0
-749270,0,0
-723767,0,0
-717692,0,0
-405205,0,0
170,0,0
119541,0,0
140463,0,0
-208132,0,0
-673560,0,0
-758602,0,0
-735661,0,0
-699705,0,0
-363469,0,0
-15637,0,0
177794,0,0
121393,0,0
-241620,0,0
-653596,0,0
-723483,0,0
-784515,0,0
-724183,0,0
-414045,0,0
-60272,0,0
187814,0,0
137430,0,0
-264230,0,0
-644962,0,0
-733273,0,0
-943149,0,0
-806152,0,0
-413207,0,0
67247,0,0
339181,0,0
87871,0,0
-343037,0,0
-684566,0,0
-768910,0,0
-746794,0,0
-644879,0,0
-409127,0,0
9320,0,0
208040,0,0
63864,0,0
-306966,0,0
-652391,0,0
-720186,0,0
-765684,0,0
-779237,0,0
-442007,0,0
54697,0,0
213652,0,0
82443,0,0
-308730,0,0
-611754,0,0
-729694,0,0
-862554,0,0
-743650,0,0
-288589,0,0
178648,0,0
248498,0,0
20243,0,0
-380128,0,0
-680151,0,0
-695195,0,0
-746639,0,0
-665584,0,0
-207353,0,0
115093,0,0
173806,0,0
-19021,0,0
-456582,0,0
-733466,0,0
-675773,0,0
-764970,0,0
-680537,0,0
-176257,0,0
189680,0,0
200625,0,0
-78021,0,0
-541470,0,0
-748220,0,0
-776396,0,0
-797606,0,0
-519683,0,0
8939,0,0
251671,0,0
166381,0,0
-166381,0,0
-623396,0,0
-737343,0,0
-758592,0,0
-751458,0,0
-402724,0,0
9152,0,0
197716,0,0
134044,0,0
-209222,0,0
-589557,0,0
-661827,0,0
-786771,0,0
-722985,0,0
-395712,0,0
86494,0,0
305124,0,0
156608,0,0
-308519,0,0
-734152,0,0
-771080,0,0
-781293,0,0
-660342,0,0
-302241,0,0
103163,0,0
354910,0,0
76230,0,0
-404924,0,0
-711986,0,0
-725727,0,0
-732968,0,0
-562077,0,0
-159909,0,0
187080,0,0
283786,0,0
-21889,0,0
-423950,0,0
-732553,0,0
-781218,0,0
-682473,0,0
-523558,0,0
-123682,0,0
188412,0,0
175120,0,0
-161016,0,0
-532253,0,0
-691215,0,0
-745452,0,0
-789494,0,0
-461327,0,0
40204,0,0
275368,0,0
124981,0,0
-238242,0,0
-597298,0,0
-792521,0,0
-800864,0,0
-732154,0,0
-339831,0,0
155188,0,0
191604,0,0
13080,0,0
-372352,0,0
-738617,0,0
-814390,0,0
-774181,0,0
-726908,0,0
-215841,0,0
215384,0,0
313087,0,0
-30243,0,0
-511348,0,0
-819961,0,0
-807365,0,0
-781509,0,0
-648148,0,0
-135479,0,0
205422,0,0
207785,0,0
-80409,0,0
-537103,0,0
-848284,0,0
-819710,0,0
-791893,0,0
-625183,0,0
-76013,0,0
174134,0,0
183366,0,0
-148574,0,0
-590504,0,0
-766925,0,0
-679294,0,0
-775649,0,0
-510714,0,0
6316,0,0
159441,0,0
141893,0,0
-190867,0,0
-632398,0,0
-782127,0,0
-673910,0,0
-760306,0,0
-454923,0,0
-59580,0,0
67065,0,0
151845,0,0
-228101,0,0
-638104,0,0
-801055,0,0
-795527,0,0
-785340,0,0
-374678,0,0
6026,0,0
164898,0,0
105857,0,0
-322212,0,0
-733771,0,0
-803556,0,0
-851019,0,0
-776548,0,0
-348739,0,0
-20406,0,0
215723,0,0
59988,0,0
-386761,0,0
-705303,0,0
-842295,0,0
-832892,0,0
-703209,0,0
-266786,0,0
115391,0,0
257800,0,0
-21812,0,0
-433972,0,0
-711299,0,0
-825303,0,0
-810034,0,0
-692837,0,0
-275049,0,0
105660,0,0
150944,0,0
5660,0,0
-339882,0,0
-620131,0,0
-841622,0,0
-836219,0,0
-762079,0,0
-280308,0,0
106347,0,0
179599,0,0
9122,0,0
-402868,0,0
-716861,0,0
-767407,0,0
-774040,0,0
-790304,0,0
-272138,0,0
132952,0,0
223501,0,0
-19614,0,0
-488797,0,0
-828174,0,0
-793553,0,0
-730146,0,0
-674109,0,0
-154668,0,0
76595,0,0
87361,0,0
-97936,0,0
-480806,0,0
-733727,0,0
-732538,0,0
-742842,0,0
-649402,0,0
-155154,0,0
124735,0,0
186003,0,0
-71776,0,0
-498109,0,0
-751323,0,0
-736908,0,0
-822560,0,0
-634673,0,0
-187540,0,0
65398,0,0
210600,0,0
-96894,0,0
-518943,0,0
-737154,0,0
-771940,0,0
-820237,0,0
-616102,0,0
-257495,0,0
200975,0,0
219688,0,0
-120550,0,0
-535324,0,0
-772858,0,0
-854095,0,0
-733814,0,0
-523893,0,0
-180482,0,0
106704,0,0
128242,0,0
-113524,0,0
-470180,0,0
-699784,0,0
-711335,0,0
-814090,0,0
-688707,0,0
-128460,0,0
328789,0,0
140077,0,0
-212768,0,0
-577773,0,0
-714646,0,0
-742432,0,0
-730497,0,0
-521974,0,0
-86535,0,0
123554,0,0
98231,0,0
-111410,0,0
-519662,0,0
-796719,0,0
-765100,0,0
-742978,0,0
-520997,0,0
-38916,0,0
317114,0,0
161142,0,0
-226115,0,0
-651856,0,0
-791339,0,0
-810350,0,0
-796080,0,0
-445180,0,0
5624,0,0
121888,0,0
123082,0,0
-210909,0,0
-650914,0,0
-825812,0,0
-811757,0,0
-753068,0,0
-409809,0,0
-26011,0,0
142227,0,0
100597,0,0
-246725,0,0
-645138,0,0
-727235,0,0
-766988,0,0
-791675,0,0
-504343,0,0
3563,0,0
300298,0,0
213867,0,0
-271635,0,0
-728847,0,0
-811780,0,0
-783880,0,0
-673501,0,0
-326984,0,0
36649,0,0
225841,0,0
102951,0,0
-296952,0,0
-631930,0,0
-697954,0,0
-769251,0,0
-650798,0,0
-304939,0,0
139664,0,0
247106,0,0
5162,0,0
-373879,0,0
-643364,0,0
-751040,0,0
-786099,0,0
-635317,0,0
-244769,0,0
151302,0,0
121397,0,0
-64261,0,0
-428322,0,0
-646709,0,0
-736019,0,0
-754046,0,0
-663755,0,0
-218349,0,0
191262,0,0
210253,0,0
-35544,0,0
-468362,0,0
-773518,0,0
-811531,0,0
-776869,0,0
-627441,0,0
-112096,0,0
239879,0,0
74532,0,0
-81004,0,0
-498139,0,0
-760995,0,0
-781652,0,0
-794234,0,0
-607069,0,0
-89645,0,0
272554,0,0
115725,0,0
-144732,0,0
-566533,0,0
-752708,0,0
-733350,0,0
-797783,0,0
-555427,0,0
-102455,0,0
126018,0,0
146041,0,0
-108251,0,0
-560108,0,0
-779888,0,0
-816723,0,0
-778257,0,0
-504123,0,0
-36492,0,0
137379,0,0
90732,0,0
-205015,0,0
-587566,0,0
-704643,0,0
-844472,0,0
-787358,0,0
-423335,0,0
-50374,0,0
159803,0,0
70291,0,0
-271098,0,0
-611581,0,0
-704257,0,0
-835214,0,0
-828272,0,0
-489289,0,0
-80821,0,0
177811,0,0
103889,0,0
-240931,0,0
-576601,0,0
-713481,0,0
-791465,0,0
-753127,0,0
-485621,0,0
63544,0,0
372769,0,0
47401,0,0
-348259,0,0
-656038,0,0
-732592,0,0
-748155,0,0
-719597,0,0
-389830,0,0
168141,0,0
222961,0,0
-17365,0,0
-414694,0,0
-686991,0,0
-760524,0,0
-794789,0,0
-698864,0,0
-234299,0,0
190461,0,0
154264,0,0
-8884,0,0
-438375,0,0
-675253,0,0
-678152,0,0
-799654,0,0
-708972,0,0
-226786,0,0
173349,0,0
124533,0,0
-3514,0,0
-461379,0,0
-763677,0,0
-726281,0,0
-777113,0,0
-708784,0,0
-283772,0,0
142817,0,0
136740,0,0
-58517,0,0
-540008,0,0
-784656,0,0
-772782,0,0
-807131,0,0
-697213,0,0
-293264,0,0
16021,0,0
25380,0,0
20320,0,0
-391215,0,0
-714118,0,0
-844083,0,0
-889999,0,0
-716905,0,0
-289711,0,0
109307,0,0
213540,0,0
71351,0,0
-394060,0,0
-735950,0,0
-861771,0,0
-765119,0,0
-536921,0,0
-133426,0,0
250873,0,0
150302,0,0
-108781,0,0
-484040,0,0
-686882,0,0
-779792,0,0
-757994,0,0
-634767,0,0
-183806,0,0
155535,0,0
137237,0,0
-89384,0,0
-480034,0,0
-760895,0,0
-863806,0,0
-828213,0,0
-715229,0,0
-207953,0,0
129793,0,0
117537,0,0
-58381,0,0
-524520,0,0
-800849,0,0
-838701,0,0
-844535,0,0
-759574,0,0
-185885,0,0
61487,0,0
109837,0,0
-12275,0,0
-498228,0,0
-773934,0,0
-844508,0,0
-777651,0,0
-643031,0,0
-190915,0,0
47745,0,0
40659,0,0
-21123,0,0
-442142,0,0
-681587,0,0
-667083,0,0
-746831,0,0
-714071,0,0
-278203,0,0
-5490,0,0
148523,0,0
27185,0,0
-440794,0,0
-691410,0,0
-809748,0,0
-852881,0,0
-704724,0,0
-183324,0,0
144609,0,0
266647,0,0
-42554,0,0
-468631,0,0
-701924,0,0
-780009,0,0
-808367,0,0
-672107,0,0
-214051,0,0
116529,0,0
155831,0,0
-92545,0,0
-453917,0,0
-701360,0,0
-789716,0,0
-783742,0,0
-665389,0,0
-210362,0,0
122992,0,0
177975,0,0
-53204,0,0
-471215,0,0
-763523,0,0
-774029,0,0
-723214,0,0
-705387,0,0
-291022,0,0
-15423,0,0
215907,0,0
114740,0,0
-351540,0,0
-766901,0,0
-858407,0,0
-835732,0,0
-726301,0,0
-248991,0,0
81854,0,0
194966,0,0
25160,0,0
-405961,0,0
-740383,0,0
-805119,0,0
-827764,0,0
-678812,0,0
-138353,0,0
163737,0,0
111054,0,0
-57692,0,0
-449078,0,0
-758022,0,0
-703457,0,0
-748954,0,0
-626672,0,0
-209053,0,0
62972,0,0
186061,0,0
40880,0,0
-392634,0,0
-707866,0,0
-769685,0,0
-750695,0,0
-541654,0,0
-133803,0,0
293721,0,0
290812,0,0
-70466,0,0
-539799,0,0
-700401,0,0
-704823,0,0
-688776,0,0
-491279,0,0
-111829,0,0
209381,0,0
159141,0,0
-207980,0,0
-552406,0,0
-749142,0,0
-766236,0,0
-766783,0,0
-582680,0,0
-143780,0,0
214763,0,0
94052,0,0
-185042,0,0
-574901,0,0
-808622,0,0
-889655,0,0
-783556,0,0
-601115,0,0
-105436,0,0
197979,0,0
108824,0,0
-151173,0,0
-620553,0,0
-888370,0,0
-799594,0,0
-852722,0,0
-638601,0,0
-205581,0,0
124042,0,0
172214,0,0
-95452,0,0
-596285,0,0
-802270,0,0
-806414,0,0
-823342,0,0
-635338,0,0
-236398,0,0
42062,0,0
151808,0,0
-25932,0,0
-509156,0,0
-753138,0,0
-825161,0,0
-877662,0,0
-690416,0,0
-223087,0,0
130064,0,0
204615,0,0
-30641,0,0
-487334,0,0
-800864,0,0
-855343,0,0
-808924,0,0
-596249,0,0
-207049,0,0
154291,0,0
257020,0,0
-30070,0,0
-487353,0,0
-749345,0,0
-796504,0,0
-749955,0,0
-656051,0,0
-227817,0,0
142304,0,0
159942,0,0
4263,0,0
-472414,0,0
-651093,0,0
-751427,0,0
-670965,0,0
-589503,0,0
-164137,0,0
215509,0,0
212792,0,0
-69805,0,0
-543607,0,0
-778655,0,0
-760752,0,0
-724156,0,0
-629983,0,0
-42686,0,0
241797,0,0
171425,0,0
-126252,0,0
-527022,0,0
-748005,0,0
-783875,0,0
-741302,0,0
-576793,0,0
-160470,0,0
50858,0,0
102052,0,0
-27069,0,0
-475943,0,0
-769117,0,0
-771413,0,0
-744275,0,0
-669284,0,0
-202490,0,0
12438,0,0
57603,0,0
-141753,0,0
-499697,0,0
-720628,0,0
-686230,0,0
-777183,0,0
-731147,0,0
-279447,0,0
25417,0,0
124357,0,0
-21766,0,0
-449591,0,0
-772460,0,0
-789718,0,0
-771382,0,0
-731688,0,0
-291481,0,0
22457,0,0
170658,0,0
13834,0,0
-433102,0,0
-775357,0,0
-869827,0,0
-839432,0,0
-743652,0,0
-304946,0,0
44324,0,0
181788,0,0
48384,0,0
-390040,0,0
-723683,0,0
-809101,0,0
-713307,0,0
-799802,0,0
-362608,0,0
27309,0,0
172991,0,0
68604,0,0
-333160,0,0
-620114,0,0
-766816,0,0
-918333,0,0
-802643,0,0
-370550,0,0
17937,0,0
212825,0,0
81245,0,0
-323995,0,0
-689848,0,0
-778541,0,0
-826048,0,0
-726634,0,0
-393213,0,0
-33257,0,0
83028,0,0
67445,0,0
-261805,0,0
-635544,0,0
-833527,0,0
-818931,0,0
-704105,0,0
-466516,0,0
-91979,0,0
129664,0,0
70322,0,0
-264982,0,0
-635816,0,0
-759417,0,0
-768881,0,0
-708355,0,0
-574135,0,0
-102270,0,0
151838,0,0
94289,0,0
-194428,0,0
-593040,0,0
-821215,0,0
-853408,0,0
-714303,0,0
-584125,0,0
-111198,0,0
161393,0,0
106687,0,0
-152118,0,0
-568564,0,0
-815916,0,0
-793464,0,0
-715194,0,0
-563616,0,0
-151186,0,0
132257,0,0
158223,0,0
-58780,0,0
-493807,0,0
-737940,0,0
-825526,0,0
-829724,0,0
-640864,0,0
-89491,0,0
143216,0,0
142961,0,0
-146853,0,0
-599302,0,0
-744827,0,0
-733403,0,0
-769430,0,0
-658940,0,0
-137391,0,0
112361,0,0
208724,0,0
-84823,0,0
-553684,0,0
-763612,0,0
-806103,0,0
-786312,0,0
-644127,0,0
-183736,0,0
84400,0,0
96549,0,0
-93219,0,0
-461873,0,0
-707949,0,0
-822198,0,0
-891235,0,0
-818057,0,0
-317685,0,0
46515,0,0
177988,0,0
50887,0,0
-351219,0,0
-655307,0,0
-818088,0,0
-869933,0,0
-800132,0,0
-298857,0,0
89643,0,0
139516,0,0
-17411,0,0
-366266,0,0
-658001,0,0
-724986,0,0
-728523,0,0
-744748,0,0
-325092,0,0
16145,0,0
146965,0,0
79925,0,0
-325879,0,0
-640439,0,0
-741285,0,0
-778748,0,0
-682153,0,0
-298217,0,0
146994,0,0
251186,0,0
36327,0,0
-360101,0,0
-710338,0,0
-725781,0,0
-749762,0,0
-709759,0,0
-375399,0,0
15235,0,0
175832,0,0
113880,0,0
-286706,0,0
-699327,0,0
-802371,0,0
-819875,0,0
-657731,0,0
-308053,0,0
12355,0,0
149325,0,0
35604,0,0
-358991,0,0
-644806,0,0
-709345,0,0
-788528,0,0
-740291,0,0
-381397,0,0
75675,0,0
105238,0,0
5538,0,0
-380917,0,0
-697420,0,0
-759776,0,0
-764119,0,0
-710091,0,0
-348537,0,0
36337,0,0
118084,0,0
50011,0,0
-287236,0,0
-675677,0,0
-846295,0,0
-792978,0,0
-746051,0,0
-413167,0,0
25482,0,0
142105,0,0
82029,0,0
-312695,0,0
-712025,0,0
-845309,0,0
-747821,0,0
-800294,0,0
-472120,0,0
3419,0,0
139347,0,0
82614,0,0
-259953,0,0
-668791,0,0
-789737,0,0
-819288,0,0
-762060,0,0
-476338,0,0
-22070,0,0
167226,0,0
136309,0,0
-230040,0,0
-700963,0,0
-829065,0,0
-802555,0,0
-747844,0,0
-486177,0,0
-104538,0,0
115956,0,0
105439,0,0
-187433,0,0
-591645,0,0
-784111,0,0
-826152,0,0
-743608,0,0
-627290,0,0
-178144,0,0
102688,0,0
101227,0,0
-96463,0,0
-489276,0,0
-751573,0,0
-831058,0,0
-817007,0,0
-681199,0,0
-184908,0,0
197988,0,0
171910,0,0
-29097,0,0
-451635,0,0
-754614,0,0
-785929,0,0
-756175,0,0
-558891,0,0
-101744,0,0
170412,0,0
162722,0,0
-21825,0,0
-426793,0,0
-672579,0,0
-733650,0,0
-738366,0,0
-552317,0,0
-81641,0,0
177363,0,0
233519,0,0
-32823,0,0
-500363,0,0
-632769,0,0
-666579,0,0
-677998,0,0
-426353,0,0
-1408,0,0
268936,0,0
288988,0,0
-46558,0,0
-554312,0,0
-665039,0,0
-678419,0,0
-662887,0,0
-313048,0,0
121894,0,0
228920,0,0
146086,0,0
-279546,0,0
-650078,0,0
-685867,0,0
-697078,0,0
-706599,0,0
-313481,0,0
102351,0,0
218179,0,0
50974,0,0
-354488,0,0
-655189,0,0
-727057,0,0
-796775,0,0
-689608,0,0
-274412,0,0
51576,0,0
177665,0,0
11694,0,0
-398995,0,0
-703088,0,0
-807346,0,0
-783491,0,0
-627413,0,0
-213773,0,0
73574,0,0
146861,0,0
8133,0,0
-428955,0,0
-664645,0,0
-719170,0,0
-808201,0,0
-798317,0,0
-352393,0,0
120036,0,0
240853,0,0
74825,0,0
-399383,0,0
-775972,0,0
-834534,0,0
-818147,0,0
-715486,0,0
-279638,0,0
124289,0,0
219683,0,0
-6460,0,0
-455261,0,0
-787913,0,0
-813400,0,0
-734193,0,0
-670926,0,0
-305016,0,0
67496,0,0
245363,0,0
593,0,0
-462867,0,0
-779266,0,0
-796354,0,0
-800113,0,0
-671838,0,0
-257591,0,0
101330,0,0
271686,0,0
26228,0,0
-481267,0,0
-802213,0,0
-797388,0,0
-763556,0,0
-583204,0,0
-97688,0,0
246009,0,0
348109,0,0
74846,0,0
-530934,0,0
-761483,0,0
-732840,0,0
-719957,0,0
-455842,0,0
-5866,0,0
185827,0,0
243418,0,0
-124318,0,0
-592042,0,0
-707258,0,0
-723074,0,0
-743082,0,0
-430435,0,0
25789,0,0
189121,0,0
128486,0,0
-222958,0,0
-611979,0,0
-788683,0,0
-861525,0,0
-770543,0,0
-414727,0,0
24768,0,0
178179,0,0
32733,0,0
-371900,0,0
-695471,0,0
-830101,0,0
-843671,0,0
-811799,0,0
-447013,0,0
25851,0,0
195874,0,0
57993,0,0
-317386,0,0
-684023,0,0
-845988,0,0
-862728,0,0
-781529,0,0
-480583,0,0
-117871,0,0
70103,0,0
22303,0,0
-275613,0,0
-654475,0,0
-811716,0,0
-822970,0,0
-859021,0,0
-578150,0,0
-99355,0,0
71958,0,0
32272,0,0
-284073,0,0
-645458,0,0
-729361,0,0
-719556,0,0
-879682,0,0
-558871,0,0
-198442,0,0
63382,0,0
96100,0,0
-143469,0,0
-525023,0,0
-685225,0,0
-798553,0,0
-861829,0,0
-607837,0,0
-154850,0,0
88297,0,0
126465,0,0
-133737,0,0
-592353,0,0
-657064,0,0
-670890,0,0
-701735,0,0
-536148,0,0
-89099,0,0
84322,0,0
111232,0,0
-126959,0,0
-525250,0,0
-718182,0,0
-775639,0,0
-692349,0,0
-453113,0,0
-87369,0,0
153764,0,0
138185,0,0
-168727,0,0
-532128,0,0
-739201,0,0
-733770,0,0
-648438,0,0
-417570,0,0
29695,0,0
215101,0,0
177234,0,0
-145389,0,0
-481864,0,0
-737667,0,0
-647440,0,0
-553567,0,0
-313077,0,0
106543,0,0
253714,0,0
122452,0,0
-273438,0,0
-633884,0,0
-780869,0,0
-659375,0,0
-600630,0,0
-288693,0,0
152909,0,0
158629,0,0
13156,0,0
-365444,0,0
-703931,0,0
-765608,0,0
-759559,0,0
-698902,0,0
-266071,0,0
76937,0,0
126777,0,0
13235,0,0
-414948,0,0
-822290,0,0
-855172,0,0
-807073,0,0
-734762,0,0
-261122,0,0
120030,0,0
290816,0,0
-20552,0,0
-518148,0,0
-819843,0,0
-751797,0,0
-766641,0,0
-641991,0,0
-220147,0,0
74250,0,0
109777,0,0
-32602,0,0
-490753,0,0
-755561,0,0
-749106,0,0
-799683,0,0
-674170,0,0
-214036,0,0
130339,0,0
203367,0,0
-28149,0,0
-490325,0,0
-735569,0,0
-774082,0,0
-787200,0,0
-643144,0,0
-213802,0,0
122396,0,0
179093,0,0
-53433,0,0
-478937,0,0
-742256,0,0
-805227,0,0
-825340,0,0
-721930,0,0
-291961,0,0
101747,0,0
158385,0,0
-15775,0,0
-437751,0,0
-799464,0,0
-860842,0,0
-798119,0,0
-698904,0,0
-280819,0,0
87718,0,0
146389,0,0
-23446,0,0
-393718,0,0
-714284,0,0
-764474,0,0
-823426,0,0
-720942,0,0
-240440,0,0
103009,0,0
265352,0,0
-7410,0,0
-493625,0,0
-735715,0,0
-681937,0,0
-765517,0,0
-665543,0,0
-205634,0,0
110025,0,0
256514,0,0
49131,0,0
-429179,0,0
-698224,0,0
-848945,0,0
-770975,0,0
-586914,0,0
-86666,0,0
97035,0,0
190619,0,0
-29902,0,0
-541448,0,0
-726295,0,0
-792610,0,0
-780404,0,0
-598817,0,0
-181936,0,0
168035,0,0
292286,0,0
-48354,0,0
-520725,0,0
-696605,0,0
-750392,0,0
-764972,0,0
-581705,0,0
-84300,0,0
237644,0,0
221322,0,0
-141351,0,0
-569800,0,0
-745860,0,0
-822376,0,0
-790492,0,0
-568004,0,0
-113524,0,0
268731,0,0
227860,0,0
-159212,0,0
-597242,0,0
-781705,0,0
-750677,0,0
-795909,0,0
-538623,0,0
-74686,0,0
132677,0,0
174489,0,0
-129439,0,0
-610919,0,0
-869959,0,0
-852076,0,0
-777003,0,0
-523358,0,0
10647,0,0
233044,0,0
136339,0,0
-242287,0,0
-673706,0,0
-778735,0,0
-793309,0,0
-788026,0,0
-457826,0,0
40842,0,0
185375,0,0
126599,0,0
-218346,0,0
-673882,0,0
-682856,0,0
-701741,0,0
-778093,0,0
-414867,0,0
-29272,0,0
157476,0,0
117057,0,0
-264377,0,0
-645258,0,0
-724252,0,0
-768343,0,0
-740230,0,0
-371582,0,0
21426,0,0
240505,0,0
124885,0,0
-292757,0,0
-672463,0,0
-709620,0,0
-799679,0,0
-733901,0,0
-301966,0,0
145089,0,0
273032,0,0
56827,0,0
-423012,0,0
-707462,0,0
-818497,0,0
-776329,0,0
-703935,0,0
-307436,0,0
68542,0,0
183533,0,0
4026,0,0
-410679,0,0
-595104,0,0
-745917,0,0
-794649,0,0
-757734,0,0
-389934,0,0
157797,0,0
262315,0,0
-7923,0,0
-447207,0,0
-756003,0,0
-820309,0,0
-786225,0,0
-688330,0,0
-209622,0,0
214759,0,0
179117,0,0
-105521,0,0
-470121,0,0
-705445,0,0
-735803,0,0
-722930,0,0
-589770,0,0
-147334,0,0
158532,0,0
134591,0,0
-65963,0,0
-485185,0,0
-742934,0,0
-814247,0,0
-767613,0,0
-641778,0,0
-121424,0,0
136370,0,0
109789,0,0
-102730,0,0
-551905,0,0
-769913,0,0
-732562,0,0
-827635,0,0
-683528,0,0
-189472,0,0
135192,0,0
209975,0,0
-67520,0,0
-591543,0,0
-776398,0,0
-768543,0,0
-799455,0,0
-637124,0,0
-173724,0,0
114984,0,0
191621,0,0
-48920,0,0
-529144,0,0
-728220,0,0
-857178,0,0
-845821,0,0
-565227,0,0
-100631,0,0
139947,0,0
177265,0,0
-103558,0,0
-537066,0,0
-746875,0,0
-880608,0,0
-769388,0,0
-577051,0,0
-159184,0,0
139433,0,0
151551,0,0
-107509,0,0
-515896,0,0
-797574,0,0
-843020,0,0
-773872,0,0
-639340,0,0
-175527,0,0
143893,0,0
147356,0,0
-84948,0,0
-451868,0,0
-748965,0,0
-793105,0,0
-729012,0,0
-671924,0,0
-157488,0,0
207408,0,0
183161,0,0
-101678,0,0
-508994,0,0
-787908,0,0
-764262,0,0
-770590,0,0
-672992,0,0
-126119,0,0
146620,0,0
125829,0,0
-78377,0,0
-506256,0,0
-745081,0,0
-769860,0,0
-845414,0,0
-752324,0,0
-227268,0,0
58559,0,0
145950,0,0
-51462,0,0
-507212,0,0
-799829,0,0
-868471,0,0
-856860,0,0
-662553,0,0
-298956,0,0
-18398,0,0
185781,0,0
75698,0,0
-375964,0,0
-818382,0,0
-945318,0,0
-861821,0,0
-657867,0,0
-290092,0,0
68242,0,0
206481,0,0
-22969,0,0
-417530,0,0
-750265,0,0
-762653,0,0
-779374,0,0
-803175,0,0
-442198,0,0
3473,0,0
276849,0,0
104537,0,0
-306368,0,0
-724747,0,0
-850096,0,0
-790416,0,0
-712716,0,0
-350713,0,0
121132,0,0
130311,0,0
14,0,0
-364146,0,0
-707794,0,0
-781021,0,0
-720362,0,0
-753833,0,0
-437935,0,0
-49539,0,0
143301,0,0
117195,0,0
-230465,0,0
-631476,0,0
-747381,0,0
-819096,0,0
-742045,0,0
-368843,0,0
-11358,0,0
208658,0,0
124840,0,0
-261664,0,0
-618929,0,0
-755008,0,0
-834517,0,0
-686825,0,0
-278532,0,0
39809,0,0
137863,0,0
55797,0,0
-318444,0,0
-596703,0,0
-673413,0,0
-726369,0,0
-675484,0,0
-389612,0,0
12477,0,0
308481,0,0
137816,0,0
-281204,0,0
-605189,0,0
-743939,0,0
-731766,0,0
-656370,0,0
-323623,0,0
149008,0,0
209792,0,0
42475,0,0
-354146,0,0
-646482,0,0
-810630,0,0
-785932,0,0
-723781,0,0
-329387,0,0
206237,0,0
274648,0,0
2011,0,0
-405259,0,0
-730915,0,0
-764705,0,0
-774397,0,0
-713727,0,0
-327672,0,0
96719,0,0
111835,0,0
50357,0,0
-375460,0,0
-690835,0,0
-691803,0,0
-819885,0,0
-813774,0,0
-330712,0,0
120679,0,0
216833,0,0
79661,0,0
-385687,0,0
-685335,0,0
-750777,0,0
-766586,0,0
-671517,0,0
-213555,0,0
95990,0,0
152880,0,0
61356,0,0
-416794,0,0
-682679,0,0
-723670,0,0
-803163,0,0
-737996,0,0
-356619,0,0
-41025,0,0
140530,0,0
11332,0,0
-465870,0,0
-691126,0,0
-794954,0,0
-853815,0,0
-778097,0,0
-409801,0,0
-29517,0,0
123552,0,0
21274,0,0
-400906,0,0
-696927,0,0
-780718,0,0
-757615,0,0
-810727,0,0
-488048,0,0
-1369,0,0
153564,0,0
79944,0,0
-293805,0,0
-697647,0,0
-865389,0,0
-735643,0,0
-654445,0,0
-355963,0,0
66974,0,0
126067,0,0
90301,0,0
-287110,0,0
-691274,0,0
-773189,0,0
-739889,0,0
-750005,0,0
-368014,0,0
98631,0,0
197367,0,0
102313,0,0
-333351,0,0
-761136,0,0
-760186,0,0
-808782,0,0
-807415,0,0
-350856,0,0
10454,0,0
90704,0,0
91061,0,0
-288776,0,0
-702031,0,0
-799172,0,0
-831062,0,0
-753839,0,0
-378252,0,0
-43843,0,0
167416,0,0
88569,0,0
-326660,0,0
-697211,0,0
-771198,0,0
-813563,0,0
-728806,0,0
-427946,0,0
-49893,0,0
197079,0,0
81324,0,0
-252450,0,0
-630768,0,0
-766424,0,0
-774958,0,0
-695414,0,0
-477650,0,0
-68075,0,0
147692,0,0
79091,0,0
-278841,0,0
-652971,0,0
-806813,0,0
-790343,0,0
-804510,0,0
-566251,0,0
-69998,0,0
123589,0,0
48336,0,0
-240641,0,0
-642801,0,0
-796255,0,0
-770899,0,0
-800392,0,0
-545281,0,0
-29699,0,0
142137,0,0
124343,0,0
-232878,0,0
-682915,0,0
-739384,0,0
-796457,0,0
-832011,0,0
-551466,0,0
-106694,0,0
72382,0,0
154585,0,0
-94268,0,0
-569971,0,0
-757530,0,0
-861178,0,0
-842316,0,0
-567799,0,0
-83043,0,0
155699,0,0
161150,0,0
-179014,0,0
-595779,0,0
-688263,0,0
-805803,0,0
-761647,0,0
-576102,0,0
-197964,0,0
95674,0,0
91641,0,0
-138368,0,0
-474658,0,0
-714886,0,0
-851425,0,0
-749865,0,0
-629263,0,0
-212826,0,0
117003,0,0
157294,0,0
-93136,0,0
-488553,0,0
-780412,0,0
-768800,0,0
-767240,0,0
-661799,0,0
-158405,0,0
96936,0,0
95740,0,0
-31923,0,0
-412487,0,0
-738527,0,0
-747556,0,0
-781176,0,0
-712194,0,0
-248460,0,0
14014,0,0
116514,0,0
101228,0,0
-354240,0,0
-676300,0,0
-683254,0,0
-774781,0,0
-671201,0,0
-235769,0,0
-28440,0,0
131069,0,0
104908,0,0
-304268,0,0
-666891,0,0
-795269,0,0
-817068,0,0
-632818,0,0
-246616,0,0
53689,0,0
228193,0,0
19292,0,0
-398844,0,0
-665384,0,0
-796647,0,0
-783371,0,0
-613774,0,0
-274225,0,0
93412,0,0
244607,0,0
-40370,0,0
-420831,0,0
-731624,0,0
-783808,0,0
-740175,0,0
-686092,0,0
-365693,0,0
47483,0,0
155748,0,0
27607,0,0
-342474,0,0
-747517,0,0
-780107,0,0
-665960,0,0
-687572,0,0
-419029,0,0
-19481,0,0
131433,0,0
107966,0,0
-263419,0,0
-699415,0,0
-790705,0,0
-800134,0,0
-776231,0,0
-370959,0,0
8631,0,0
68240,0,0
116926,0,0
-251386,0,0
-676047,0,0
-755155,0,0
-836059,0,0
-796998,0,0
-364022,0,0
31029,0,0
123943,0,0
103030,0,0
-329213,0,0
-689054,0,0
-774473,0,0
-842223,0,0
-721325,0,0
-431485,0,0
-66226,0,0
198967,0,0
80272,0,0
-334286,0,0
-643541,0,0
-729398,0,0
-770672,0,0
-751996,0,0
-495233,0,0
-15892,0,0
229041,0,0
161583,0,0
-214105,0,0
-607266,0,0
-750008,0,0
-725083,0,0
-688433,0,0
-484785,0,0
13999,0,0
205533,0,0
81821,0,0
-257503,0,0
-629942,0,0
-752842,0,0
-667448,0,0
-709855,0,0
-500927,0,0
69640,0,0
204654,0,0
45632,0,0
-270585,0,0
-607261,0,0
-718837,0,0
-690243,0,0
-748000,0,0
-466822,0,0
54056,0,0
133447,0,0
129147,0,0
-223734,0,0
-596225,0,0
-753623,0,0
-745506,0,0
-803838,0,0
-404858,0,0
-2814,0,0
127148,0,0
164580,0,0
-239445,0,0
-593084,0,0
-793073,0,0
-790178,0,0
-702734,0,0
-311536,0,0
19301,0,0
155554,0,0
92358,0,0
-334361,0,0
-604508,0,0
-650500,0,0
-770811,0,0
-781475,0,0
-422800,0,0
-30204,0,0
186652,0,0
101285,0,0
-276766,0,0
-634294,0,0
-767717,0,0
-774708,0,0
-708389,0,0
-354284,0,0
15185,0,0
197627,0,0
39499,0,0
-348328,0,0
-638402,0,0
-793327,0,0
-743817,0,0
-688872,0,0
-384981,0,0
12047,0,0
188170,0,0
22047,0,0
-351989,0,0
-729109,0,0
-807806,0,0
-748993,0,0
-715667,0,0
-344926,0,0
112343,0,0
157229,0,0
-42012,0,0
-385342,0,0
-648360,0,0
-600211,0,0
-679815,0,0
-805248,0,0
-347818,0,0
34850,0,0
164151,0,0
138192,0,0
-266341,0,0
-711313,0,0
-740696,0,0
-713579,0,0
-714081,0,0
-229659,0,0
75430,0,0
158980,0,0
55680,0,0
-366109,0,0
-690858,0,0
-718827,0,0
-747144,0,0
-689969,0,0
-217474,0,0
146234,0,0
257679,0,0
13167,0,0
-425642,0,0
-713036,0,0
-804374,0,0
-838600,0,0
-581702,0,0
-164306,0,0
90486,0,0
271800,0,0
2512,0,0
-478206,0,0
-708333,0,0
-756613,0,0
-884165,0,0
-655286,0,0
-224182,0,0
172479,0,0
312690,0,0
-47965,0,0
-476152,0,0
-808277,0,0
-873362,0,0
-797754,0,0
-600395,0,0
-229531,0,0
177393,0,0
240647,0,0
-99403,0,0
-526349,0,0
-771828,0,0
-756119,0,0
-774281,0,0
-657086,0,0
-178305,0,0
221651,0,0
208132,0,0
-61417,0,0
-512386,0,0
-782796,0,0
-783826,0,0
-815947,0,0
-624627,0,0
-166154,0,0
161665,0,0
128448,0,0
-93866,0,0
-508752,0,0
-778429,0,0
-780340,0,0
-767265,0,0
-636759,0,0
-195798,0,0
107265,0,0
150268,0,0
-103277,0,0
-549155,0,0
-760194,0,0
-745684,0,0
-854300,0,0
-637499,0,0
-243106,0,0
35330,0,0
210527,0,0
-14881,0,0
-525171,0,0
-733331,0,0
-816534,0,0
-876488,0,0
-529875,0,0
-161554,0,0
77901,0,0
141451,0,0
-53922,0,0
-485924,0,0
-691065,0,0
-780094,0,0
-753458,0,0
-512673,0,0
-150352,0,0
185294,0,0
102349,0,0
-165305,0,0
-521385,0,0
-657518,0,0
-839240,0,0
-747953,0,0
-580676,0,0
-141141,0,0
180810,0,0
131829,0,0
-151477,0,0
-582702,0,0
-775870,0,0
-749378,0,0
-744054,0,0
-708099,0,0
-257707,0,0
98147,0,0
49826,0,0
-92418,0,0
-548026,0,0
-813280,0,0
-866930,0,0
-860258,0,0
-762995,0,0
-207668,0,0
90644,0,0
8848,0,0
-63732,0,0
-467112,0,0
-769230,0,0
-949797,0,0
-871193,0,0
-724144,0,0
-218576,0,0
29902,0,0
141569,0,0
-7366,0,0
-512693,0,0
-814766,0,0
-905669,0,0
-818712,0,0
-694772,0,0
-347910,0,0
-34670,0,0
202670,0,0
-12515,0,0
-465252,0,0
-773884,0,0
-858915,0,0
-803533,0,0
-712571,0,0
-375193,0,0
-22615,0,0
151918,0,0
24056,0,0
-359944,0,0
-717325,0,0
-860732,0,0
-734606,0,0
-732405,0,0
-476887,0,0
-85133,0,0
26679,0,0
-87136,0,0
-283964,0,0
-577160,0,0
-696685,0,0
-728723,0,0
-896480,0,0
-579928,0,0
-171021,0,0
141060,0,0
132140,0,0
-189595,0,0
-641577,0,0
-796019,0,0
-829648,0,0
-863729,0,0
-544428,0,0
-132805,0,0
71606,0,0
108489,0,0
-152568,0,0
-615082,0,0
-804167,0,0
-885961,0,0
-876676,0,0
-615232,0,0
-200670,0,0
94768,0,0
-4381,0,0
-130807,0,0
-471603,0,0
-705756,0,0
-888158,0,0
-889854,0,0
-717092,0,0
-375191,0,0
63826,0,0
156866,0,0
21028,0,0
-393516,0,0
-720746,0,0
-912642,0,0
-827445,0,0
-796816,0,0
-392524,0,0
100701,0,0
163534,0,0
75914,0,0
-355129,0,0
-722912,0,0
-812618,0,0
-741071,0,0
-789105,0,0
-468560,0,0
35341,0,0
106637,0,0
132590,0,0
-227626,0,0
-600057,0,0
-737228,0,0
-807295,0,0
-863555,0,0
-436272,0,0
16543,0,0
100767,0,0
158973,0,0
-206868,0,0
-570024,0,0
-763407,0,0
-794933,0,0
-758760,0,0
-437198,0,0
-121145,0,0
165210,0,0
206629,0,0
-187965,0,0
-534012,0,0
-709098,0,0
-777105,0,0
-814841,0,0
-577054,0,0
-111662,0,0
211707,0,0
220676,0,0
-129409,0,0
-549695,0,0
-770373,0,0
-790857,0,0
-775328,0,0
-564589,0,0
-77966,0,0
237971,0,0
151721,0,0
-113323,0,0
-542885,0,0
-826407,0,0
-829594,0,0
-741442,0,0
-502358,0,0
-90886,0,0
131219,0,0
107893,0,0
-33031,0,0
-485428,0,0
-744582,0,0
-728324,0,0
-821794,0,0
-597477,0,0
-23307,0,0
231312,0,0
181936,0,0
-71179,0,0
-582805,0,0
-725472,0,0
-660975,0,0
-795598,0,0
-577651,0,0
-106251,0,0
225950,0,0
194522,0,0
-117288,0,0
-608176,0,0
-794669,0,0
-793819,0,0
-821242,0,0
-486221,0,0
-16390,0,0
186826,0,0
84856,0,0
-179925,0,0
-596130,0,0
-807261,0,0
-774409,0,0
-724248,0,0
-555400,0,0
-175114,0,0
140345,0,0
91999,0,0
-135382,0,0
-511658,0,0
-743711,0,0
-812847,0,0
-751099,0,0
-685021,0,0
-252064,0,0
245008,0,0
124422,0,0
-111515,0,0
-505055,0,0
-702920,0,0
-795190,0,0
-784087,0,0
-734734,0,0
-250290,0,0
223593,0,0
122648,0,0
-61842,0,0
-464877,0,0
-713860,0,0
-790518,0,0
-779069,0,0
-753425,0,0
-286737,0,0
83457,0,0
115251,0,0
47279,0,0
-400793,0,0
-748570,0,0
-818968,0,0
-729685,0,0
-687211,0,0
-293679,0,0
2831,0,0
147444,0,0
97478,0,0
-392467,0,0
-717805,0,0
-806504,0,0
-800879,0,0
-711742,0,0
-295526,0,0
31438,0,0
80158,0,0
-31962,0,0
-352866,0,0
-601487,0,0
-747800,0,0
-856743,0,0
-805164,0,0
-359736,0,0
39495,0,0
239736,0,0
42569,0,0
-338669,0,0
-657639,0,0
-870367,0,0
-817824,0,0
-726845,0,0
-368832,0,0
13139,0,0
67061,0,0
-20500,0,0
-265614,0,0
-634858,0,0
-808380,0,0
-795164,0,0
-775876,0,0
-464791,0,0
-37436,0,0
217091,0,0
123685,0,0
-259775,0,0
-715070,0,0
-794116,0,0
-712089,0,0
-791830,0,0
-400673,0,0
22785,0,0
234974,0,0
117352,0,0
-240449,0,0
-637488,0,0
-721925,0,0
-703888,0,0
-761988,0,0
-459311,0,0
-53421,0,0
252241,0,0
194428,0,0
-195881,0,0
-640938,0,0
-740842,0,0
-817564,0,0
-780553,0,0
-443560,0,0
-106809,0,0
116206,0,0
114248,0,0
-174776,0,0
-555146,0,0
-803222,0,0
-904846,0,0
-789655,0,0
-513243,0,0
-128067,0,0
122442,0,0
120690,0,0
-196633,0,0
-637985,0,0
-794003,0,0
-846224,0,0
-753623,0,0
-622031,0,0
-188476,0,0
122060,0,0
66937,0,0
-117044,0,0
-545663,0,0
-751253,0,0
-862774,0,0
-840282,0,0
-698482,0,0
-192351,0,0
37821,0,0
43892,0,0
-50282,0,0
-484322,0,0
-751737,0,0
-854091,0,0
-876591,0,0
-697953,0,0
-178385,0,0
150306,0,0
189025,0,0
-48356,0,0
-550748,0,0
-806438,0,0
-831927,0,0
-718946,0,0
-589273,0,0
-248698,0,0
-29662,0,0
109792,0,0
-37359,0,0
-513395,0,0
-745414,0,0
-790121,0,0
-770105,0,0
-722234,0,0
-324100,0,0
-16911,0,0
143872,0,0
-3310,0,0
-403694,0,0
-753232,0,0
-838384,0,0
-803442,0,0
-820205,0,0
-428560,0,0
5744,0,0
196807,0,0
-1970,0,0
-346468,0,0
-704831,0,0
-820097,0,0
-779283,0,0
-808420,0,0
-440102,0,0
-48436,0,0
174812,0,0
136747,0,0
-213642,0,0
-670101,0,0
-830613,0,0
-781651,0,0
-707326,0,0
-284612,0,0
42974,0,0
32328,0,0
76658,0,0
-205073,0,0
-531571,0,0
-707817,0,0
-845080,0,0
-810080,0,0
-368757,0,0
65947,0,0
167508,0,0
108203,0,0
-254180,0,0
-641313,0,0
-718314,0,0
-839290,0,0
-786295,0,0
-450124,0,0
-82811,0,0
181616,0,0
128667,0,0
-201078,0,0
-626137,0,0
-793498,0,0
-872849,0,0
-740912,0,0
-565112,0,0
-129007,0,0
217608,0,0
125518,0,0
-180840,0,0
-641447,0,0
-797788,0,0
-868688,0,0
-715572,0,0
-569266,0,0
-122108,0,0
182806,0,0
103677,0,0
-121353,0,0
-538362,0,0
-790363,0,0
-776997,0,0
-684704,0,0
-644225,0,0
-150134,0,0
124292,0,0
85031,0,0
-74000,0,0
-478083,0,0
-699892,0,0
-730963,0,0
-723872,0,0
-649398,0,0
-221946,0,0
66186,0,0
200315,0,0
55176,0,0
-472651,0,0
-743681,0,0
-796596,0,0
-770770,0,0
-613906,0,0
-161605,0,0
108620,0,0
187706,0,0
-65017,0,0
-505417,0,0
-740195,0,0
-780126,0,0
-756132,0,0
-606321,0,0
-177462,0,0
130600,0,0
228153,0,0
-77845,0,0
-486452,0,0
-675301,0,0
-767613,0,0
-787873,0,0
-674774,0,0
-205676,0,0
121223,0,0
232592,0,0
-89075,0,0
-518724,0,0
-664245,0,0
-758076,0,0
-777904,0,0
-706474,0,0
-227797,0,0
112481,0,0
179638,0,0
-28786,0,0
-465817,0,0
-683130,0,0
-718806,0,0
-715438,0,0
-691433,0,0
-188873,0,0
165998,0,0
191692,0,0
-29952,0,0
-456511,0,0
-720154,0,0
-766698,0,0
-736653,0,0
-653301,0,0
-187157,0,0
109067,0,0
281113,0,0
49937,0,0
-425743,0,0
-768915,0,0
-767738,0,0
-772580,0,0
-555549,0,0
-71406,0,0
157918,0,0
151568,0,0
-72910,0,0
-463652,0,0
-676535,0,0
-682690,0,0
-739878,0,0
-620377,0,0
-115666,0,0
99060,0,0
154537,0,0
-80191,0,0
-463105,0,0
-700263,0,0
-751266,0,0
-791044,0,0
-603472,0,0
-173226,0,0
152787,0,0
234624,0,0
-97699,0,0
-536156,0,0
-704603,0,0
-666924,0,0
-725814,0,0
-641701,0,0
-210578,0,0
160537,0,0
203238,0,0
-93076,0,0
-527852,0,0
-690741,0,0
-749377,0,0
-755643,0,0
-589633,0,0
-117336,0,0
211930,0,0
128444,0,0
-109865,0,0
-546620,0,0
-700468,0,0
-742293,0,0
-728474,0,0
-558635,0,0
-137310,0,0
181095,0,0
152026,0,0
-121708,0,0
-539478,0,0
-768852,0,0
-804754,0,0
-749975,0,0
-538063,0,0
-136671,0,0
114572,0,0
124188,0,0
-157647,0,0
-583936,0,0
-727319,0,0
-726979,0,0
-755462,0,0
-612410,0,0
-173990,0,0
95441,0,0
99459,0,0
-147633,0,0
-582761,0,0
-828332,0,0
-754543,0,0
-766745,0,0
-630019,0,0
-217799,0,0
104297,0,0
120585,0,0
-68906,0,0
-464856,0,0
-726227,0,0
-856996,0,0
-837736,0,0
-615395,0,0
-176860,0,0
155241,0,0
142518,0,0
-114696,0,0
-536690,0,0
-710796,0,0
-726895,0,0
-783972,0,0
-671911,0,0
-175391,0,0
148213,0,0
133533,0,0
-87746,0,0
-532087,0,0
-737761,0,0
-778729,0,0
-795061,0,0
-609551,0,0
-130359,0,0
118365,0,0
178214,0,0
-40954,0,0
-514487,0,0
-767898,0,0
-822386,0,0
-738913,0,0
-589230,0,0
-100836,0,0
70414,0,0
87078,0,0
-82127,0,0
-501223,0,0
-720120,0,0
-770913,0,0
-740725,0,0
-589946,0,0
-107514,0,0
91884,0,0
123977,0,0
-72442,0,0
-507357,0,0
-723972,0,0
-746543,0,0
-802451,0,0
-607921,0,0
-146074,0,0
180433,0,0
69325,0,0
-168087,0,0
-535590,0,0
-758962,0,0
-746236,0,0
-758661,0,0
-576982,0,0
-159223,0,0
43132,0,0
98601,0,0
-126887,0,0
-471973,0,0
-688729,0,0
-817859,0,0
-762563,0,0
-651326,0,0
-166365,0,0
135784,0,0
85860,0,0
-155078,0,0
-504244,0,0
-668196,0,0
-730648,0,0
-769145,0,0
-634046,0,0
-194291,0,0
165219,0,0
136673,0,0
-88016,0,0
-486344,0,0
-753252,0,0
-762569,0,0
-716965,0,0
-552540,0,0
-124973,0,0
94081,0,0
139851,0,0
-65821,0,0
-486118,0,0
-704996,0,0
-760036,0,0
-777527,0,0
-669289,0,0
-178272,0,0
220857,0,0
256112,0,0
-48357,0,0
-524555,0,0
-779872,0,0
-735077,0,0
-729791,0,0
-531833,0,0
-98814,0,0
126021,0,0
160495,0,0
-56683,0,0
-442285,0,0
-729111,0,0
-784942,0,0
-764312,0,0
-534077,0,0
-126763,0,0
168078,0,0
114753,0,0
-107828,0,0
-491391,0,0
-710182,0,0
-648233,0,0
-685322,0,0
-581122,0,0
-161152,0,0
165722,0,0
285403,0,0
-42082,0,0
-531340,0,0
-753283,0,0
-735333,0,0
-721676,0,0
-529951,0,0
-75868,0,0
238980,0,0
201695,0,0
-143602,0,0
-560372,0,0
-778278,0,0
-791066,0,0
-748128,0,0
-450132,0,0
-4194,0,0
277828,0,0
126149,0,0
-231694,0,0
-608854,0,0
-761497,0,0
-724413,0,0
-697470,0,0
-434318,0,0
-43709,0,0
194158,0,0
129370,0,0
-227241,0,0
-596282,0,0
-774492,0,0
-781650,0,0
-687432,0,0
-357637,0,0
12200,0,0
181395,0,0
80580,0,0
-283692,0,0
-606073,0,0
-686212,0,0
-704531,0,0
-688168,0,0
-343664,0,0
-32407,0,0
163087,0,0
46331,0,0
-350922,0,0
-676775,0,0
-757285,0,0
-777404,0,0
-765692,0,0
-323783,0,0
115071,0,0
285607,0,0
44281,0,0
-381482,0,0
-755075,0,0
-811768,0,0
-764006,0,0
-602706,0,0
-104093,0,0
171721,0,0
176682,0,0
-48033,0,0
-424861,0,0
-707615,0,0
-719838,0,0
-784351,0,0
-607816,0,0
-108114,0,0
139204,0,0
229623,0,0
-19791,0,0
-484591,0,0
-768582,0,0
-742742,0,0
-731325,0,0
-581327,0,0
-94225,0,0
239182,0,0
258415,0,0
-78747,0,0
-565227,0,0
-728450,0,0
-788574,0,0
-773464,0,0
-508623,0,0
-7658,0,0
210783,0,0
151745,0,0
-214552,0,0
-611560,0,0
-687469,0,0
-716039,0,0
-731390,0,0
-447511,0,0
9920,0,0
256669,0,0
138069,0,0
-210698,0,0
-589193,0,0
-655365,0,0
-765684,0,0
-728736,0,0
-310964,0,0
81189,0,0
252218,0,0
46689,0,0
-362013,0,0
-660037,0,0
-798974,0,0
-759505,0,0
-697830,0,0
-216634,0,0
203044,0,0
312529,0,0
-33523,0,0
-479515,0,0
-747559,0,0
-759678,0,0
-719273,0,0
-625933,0,0
-104293,0,0
101941,0,0
90292,0,0
-128107,0,0
-481109,0,0
-701103,0,0
-755168,0,0
-792474,0,0
-621274,0,0
-101729,0,0
247782,0,0
182292,0,0
-197727,0,0
-594213,0,0
-801104,0,0
-747516,0,0
-680028,0,0
-504958,0,0
-37357,0,0
152934,0,0
140199,0,0
-182343,0,0
-551314,0,0
-777359,0,0
-789584,0,0
-723308,0,0
-467607,0,0
22330,0,0
178288,0,0
89550,0,0
-287345,0,0
-636969,0,0
-718083,0,0
-651572,0,0
-695058,0,0
-311877,0,0
84798,0,0
222094,0,0
123657,0,0
-285004,0,0
-682238,0,0
-749151,0,0
-782729,0,0
-662869,0,0
-149836,0,0
191769,0,0
227085,0,0
-72772,0,0
-494349,0,0
-710495,0,0
-837410,0,0
-786335,0,0
-582623,0,0
-39496,0,0
209013,0,0
188719,0,0
-139510,0,0
-553726,0,0
-771712,0,0
-825987,0,0
-794908,0,0
-563500,0,0
-52034,0,0
167781,0,0
143392,0,0
-218650,0,0
-648602,0,0
-778711,0,0
-840214,0,0
-787718,0,0
-509585,0,0
486,0,0
57210,0,0
63114,0,0
-275592,0,0
-634630,0,0
-713885,0,0
-800770,0,0
-770548,0,0
-419298,0,0
18294,0,0
139330,0,0
49573,0,0
-383543,0,0
-717906,0,0
-842268,0,0
-894030,0,0
-743527,0,0
-325029,0,0
102483,0,0
159624,0,0
772,0,0
-424080,0,0
-709591,0,0
-794985,0,0
-792429,0,0
-704362,0,0
-320639,0,0
32461,0,0
115173,0,0
-1549,0,0
-376221,0,0
-639484,0,0
-812825,0,0
-879563,0,0
-783367,0,0
-299876,0,0
82578,0,0
180517,0,0
28584,0,0
-414241,0,0
-804043,0,0
-868187,0,0
-748053,0,0
-777330,0,0
-390643,0,0
88974,0,0
237941,0,0
72840,0,0
-399643,0,0
-790124,0,0
-687578,0,0
-720208,0,0
-716020,0,0
-276819,0,0
84940,0,0
185220,0,0
