-5943,0,0
-479842,0,0
-769272,0,0
-738410,0,0
-800682,0,0
-679605,0,0
-228644,0,0
88270,0,0
165230,0,0
-27006,0,0
-448405,0,0
-718421,0,0
-770306,0,0
-825886,0,0
-764197,0,0
-294245,0,0
58221,0,0
167767,0,0
26,0,0
-457420,0,0
-616278,0,0
-784963,0,0
-816865,0,0
-649244,0,0
-237900,0,0
125485,0,0
163824,0,0
-38693,0,0
-425368,0,0
-648218,0,0
-812677,0,0
-753993,0,0
-645847,0,0
-225727,0,0
245467,0,0
204648,0,0
-115299,0,0
-536501,0,0
-725248,0,0
-768432,0,0
-806469,0,0
-636074,0,0
-111711,0,0
166433,0,0
81567,0,0
-211606,0,0
-614768,0,0
-756295,0,0
-830787,0,0
-781149,0,0
-619758,0,0
-92810,0,0
126079,0,0
14242,0,0
-171869,0,0
-570127,0,0
-754964,0,0
-733786,0,0
-875025,0,0
-683780,0,0
-142731,0,0
159773,0,0
187744,0,0
-136538,0,0
-628502,0,0
-809460,0,0
-804183,0,0
-826070,0,0
-604154,0,0
-91203,0,0
62621,0,0
145664,0,0
-148734,0,0
-633734,0,0
-748922,0,0
-756381,0,0
-812413,0,0
-544674,0,0
-37466,0,0
208578,0,0
219932,0,0
-200312,0,0
-630788,0,0
-761883,0,0
-845418,0,0
-763696,0,0
-488664,0,0
-101674,0,0
86588,0,0
190633,0,0
-208077,0,0
-642808,0,0
-756894,0,0
-804176,0,0
-603158,0,0
-431486,0,0
-137033,0,0
19689,0,0
112978,0,0
-237191,0,0
-575628,0,0
-747702,0,0
-718767,0,0
-715863,0,0
-453636,0,0
26701,0,0
143971,0,0
23052,0,0
-273592,0,0
-584465,0,0
-766151,0,0
-737169,0,0
-695865,0,0
-468042,0,0
35266,0,0
103490,0,0
39107,0,0
-284097,0,0
-638625,0,0
-747549,0,0
-693841,0,0
-679284,0,0
-301146,0,0
116151,0,0
127338,0,0
74863,0,0
-386808,0,0
-757383,0,0
-743472,0,0
-710399,0,0
-709893,0,0
-275383,0,0
118739,0,0
169760,0,0
-9444,0,0
-517123,0,0
-794640,0,0
-751364,0,0
-758361,0,0
-694085,0,0
-214240,0,0
64988,0,0
125882,0,0
-69350,0,0
-539584,0,0
-777369,0,0
-746280,0,0
-792686,0,0
-685198,0,0
-247235,0,0
29382,0,0
174017,0,0
-27786,0,0
-501378,0,0
-687145,0,0
-750947,0,0
-826426,0,0
-622407,0,0
-124021,0,0
155038,0,0
211284,0,0
-101435,0,0
-540577,0,0
-692603,0,0
-751950,0,0
-702346,0,0
-567574,0,0
-177116,0,0
168520,0,0
124432,0,0
-198233,0,0
-576610,0,0
-757497,0,0
-801129,0,0
-761439,0,0
-649902,0,0
-189437,0,0
120801,0,0
98533,0,0
-197976,0,0
-617478,0,0
-908143,0,0
-889719,0,0
-691481,0,0
-633190,0,0
-210344,0,0
113906,0,0
7240,0,0
-271151,0,0
-567965,0,0
-779878,0,0
-807498,0,0
-867599,0,0
-646087,0,0
-110629,0,0
215306,0,0
296472,0,0
-19716,0,0
-581340,0,0
-871932,0,0
-762349,0,0
-780716,0,0
-519884,0,0
-2111,0,0
172572,0,0
259503,0,0
-143276,0,0
-584691,0,0
-732068,0,0
-716805,0,0
-777897,0,0
-439801,0,0
56491,0,0
262700,0,0
185345,0,0
-331028,0,0
-700904,0,0
-737987,0,0
-744644,0,0
-743867,0,0
-353525,0,0
51951,0,0
240517,0,0
89334,0,0
-400149,0,0
-708919,0,0
-788256,0,0
-826274,0,0
-747278,0,0
-335370,0,0
-37602,0,0
175675,0,0
39215,0,0
-434022,0,0
-727486,0,0
-802898,0,0
-795373,0,0
-724889,0,0
-318806,0,0
44130,0,0
260977,0,0
-32981,0,0
-491026,0,0
-709562,0,0
-820574,0,0
-711975,0,0
-581623,0,0
-263198,0,0
87879,0,0
169290,0,0
-36971,0,0
-428324,0,0
-704738,0,0
-745172,0,0
-717772,0,0
-619630,0,0
-130304,0,0
217226,0,0
164660,0,0
-101838,0,0
-496160,0,0
-719863,0,0
-734204,0,0
-706025,0,0
-523464,0,0
-31356,0,0
160297,0,0
107404,0,0
-196220,0,0
-550417,0,0
-812499,0,0
-748567,0,0
-827295,0,0
-541621,0,0
-63061,0,0
77172,0,0
76626,0,0
-231868,0,0
-654307,0,0
-788736,0,0
-786061,0,0
-981436,0,0
-593355,0,0
27274,0,0
69083,0,0
17141,0,0
-292762,0,0
-704964,0,0
-763326,0,0
-774777,0,0
-904107,0,0
-521549,0,0
-81952,0,0
151080,0,0
188804,0,0
-238589,0,0
-677181,0,0
-824698,0,0
-762515,0,0
-785568,0,0
-375546,0,0
131537,0,0
321124,0,0
146413,0,0
-325877,0,0
-679249,0,0
-781939,0,0
-758476,0,0
-644118,0,0
-197692,0,0
117698,0,0
326565,0,0
67950,0,0
-467189,0,0
-743360,0,0
-794368,0,0
-731953,0,0
-602944,0,0
-145124,0,0
146029,0,0
213488,0,0
-105529,0,0
-509721,0,0
-742746,0,0
-841684,0,0
-801204,0,0
-612751,0,0
-184603,0,0
141695,0,0
187780,0,0
-132337,0,0
-553136,0,0
-829214,0,0
-883682,0,0
-774131,0,0
-632894,0,0
-154205,0,0
96113,0,0
108697,0,0
-160845,0,0
-523382,0,0
-845050,0,0
-850513,0,0
-835633,0,0
-637453,0,0
-93718,0,0
113215,0,0
108715,0,0
-176401,0,0
-625658,0,0
-903978,0,0
-829819,0,0
-790038,0,0
-589958,0,0
-64189,0,0
43139,0,0
18411,0,0
-220970,0,0
-611569,0,0
-769231,0,0
-726114,0,0
-826991,0,0
-686309,0,0
-178654,0,0
76853,0,0
113215,0,0
-142642,0,0
-623300,0,0
-863764,0,0
-815192,0,0
-752442,0,0
-596720,0,0
-256734,0,0
-7484,0,0
222342,0,0
-94695,0,0
-554237,0,0
-724030,0,0
-756087,0,0
-794375,0,0
-604298,0,0
-217675,0,0
-1258,0,0
112901,0,0
-82960,0,0
-441241,0,0
-559402,0,0
-711007,0,0
-847984,0,0
-664238,0,0
-228837,0,0
130437,0,0
185544,0,0
-139108,0,0
-541974,0,0
-783298,0,0
-779397,0,0
-743339,0,0
-574321,0,0
-150991,0,0
149172,0,0
164271,0,0
-116636,0,0
-565337,0,0
-844559,0,0
-861155,0,0
-781947,0,0
-544735,0,0
-46952,0,0
172136,0,0
112199,0,0
-112751,0,0
-542816,0,0
-806318,0,0
-797059,0,0
-845575,0,0
-569504,0,0
-48011,0,0
193728,0,0
126403,0,0
-207395,0,0
-660995,0,0
-810062,0,0
-755968,0,0
-804775,0,0
-470019,0,0
-19613,0,0
216233,0,0
28268,0,0
-307822,0,0
-686012,0,0
-768481,0,0
-796735,0,0
-839656,0,0
-421102,0,0
57011,0,0
218802,0,0
79000,0,0
-306874,0,0
-705070,0,0
-715455,0,0
-833902,0,0
-808995,0,0
-520215,0,0
-40158,0,0
321619,0,0
136993,0,0
-309477,0,0
-677592,0,0
-846073,0,0
-889175,0,0
-758171,0,0
-443103,0,0
-27855,0,0
226486,0,0
47785,0,0
-372595,0,0
-690306,0,0
-704350,0,0
-787793,0,0
-767704,0,0
-505173,0,0
-42362,0,0
149804,0,0
-31120,0,0
-285525,0,0
-551665,0,0
-745414,0,0
-859073,0,0
-824075,0,0
-517323,0,0
3132,0,0
176178,0,0
88812,0,0
-258542,0,0
-614846,0,0
-747951,0,0
-864185,0,0
-775637,0,0
-417959,0,0
101150,0,0
208517,0,0
88927,0,0
-327613,0,0
-709725,0,0
-741728,0,0
-821478,0,0
-774546,0,0
-409938,0,0
46832,0,0
87528,0,0
69155,0,0
-374695,0,0
-825496,0,0
-769776,0,0
-817039,0,0
-727097,0,0
-344529,0,0
99960,0,0
149793,0,0
33291,0,0
-443962,0,0
-774346,0,0
-827712,0,0
-786618,0,0
-618774,0,0
-315893,0,0
56371,0,0
192199,0,0
16856,0,0
-434860,0,0
-686591,0,0
-770473,0,0
-779032,0,0
-639208,0,0
-353869,0,0
42402,0,0
234054,0,0
87536,0,0
-394012,0,0
-650839,0,0
-788960,0,0
-793188,0,0
-677904,0,0
-272368,0,0
147800,0,0
205780,0,0
-23753,0,0
-460566,0,0
-732630,0,0
-812448,0,0
-796695,0,0
-680930,0,0
-283832,0,0
157701,0,0
144305,0,0
-77992,0,0
-476007,0,0
-728896,0,0
-801669,0,0
-746010,0,0
-696122,0,0
-228190,0,0
107920,0,0
101638,0,0
-48153,0,0
-417359,0,0
-686034,0,0
-788599,0,0
-846872,0,0
-701411,0,0
-82807,0,0
112864,0,0
51416,0,0
-88057,0,0
-491201,0,0
-683013,0,0
-756734,0,0
-813509,0,0
-670990,0,0
-171705,0,0
109123,0,0
184379,0,0
-105302,0,0
-566975,0,0
-790830,0,0
-824772,0,0
-829378,0,0
-648943,0,0
-110944,0,0
84711,0,0
99819,0,0
-136836,0,0
-505753,0,0
-738533,0,0
-797052,0,0
-724253,0,0
-555298,0,0
-102756,0,0
103385,0,0
150059,0,0
-163612,0,0
-561534,0,0
-656826,0,0
-708709,0,0
-705565,0,0
-506796,0,0
-34743,0,0
191329,0,0
169377,0,0
-176686,0,0
-573196,0,0
-764864,0,0
-807168,0,0
-702140,0,0
-526418,0,0
-23061,0,0
188336,0,0
199582,0,0
-216008,0,0
-609498,0,0
-800850,0,0
-839909,0,0
-774518,0,0
-496378,0,0
-14984,0,0
195116,0,0
74137,0,0
-268458,0,0
-644014,0,0
-880437,0,0
-762963,0,0
-782370,0,0
-477454,0,0
52965,0,0
194853,0,0
63198,0,0
-351330,0,0
-712734,0,0
-798148,0,0
-754388,0,0
-743776,0,0
-399984,0,0
32577,0,0
86355,0,0
35850,0,0
-342596,0,0
-719576,0,0
-818453,0,0
-803319,0,0
-829520,0,0
-341629,0,0
30476,0,0
146143,0,0
99143,0,0
-343511,0,0
-702905,0,0
-782852,0,0
-760175,0,0
-765739,0,0
-371224,0,0
37375,0,0
326507,0,0
112675,0,0
-416772,0,0
-699512,0,0
-701265,0,0
-795038,0,0
-728656,0,0
-246149,0,0
59507,0,0
175939,0,0
31568,0,0
-419006,0,0
-652572,0,0
-797961,0,0
-797041,0,0
-674060,0,0
-250956,0,0
28754,0,0
181113,0,0
-5143,0,0
-449653,0,0
-703502,0,0
-812760,0,0
-680428,0,0
-642856,0,0
-255506,0,0
116790,0,0
191250,0,0
-93006,0,0
-442806,0,0
-726381,0,0
-848542,0,0
-723669,0,0
-617718,0,0
-113766,0,0
180284,0,0
191457,0,0
-108079,0,0
-530895,0,0
-765404,0,0
-797374,0,0
-759848,0,0
-620501,0,0
-119868,0,0
172108,0,0
191583,0,0
-119120,0,0
-511731,0,0
-817455,0,0
-801831,0,0
-790099,0,0
-535166,0,0
16075,0,0
164809,0,0
131667,0,0
-189247,0,0
-591819,0,0
-762812,0,0
-736420,0,0
-783509,0,0
-575344,0,0
-58594,0,0
156422,0,0
164323,0,0
-237587,0,0
-671818,0,0
-812811,0,0
-865820,0,0
-844401,0,0
-466749,0,0
-11984,0,0
58100,0,0
80087,0,0
-270530,0,0
-636568,0,0
-760689,0,0
-831228,0,0
-829385,0,0
-450694,0,0
-61245,0,0
145146,0,0
126881,0,0
-277431,0,0
-665751,0,0
-749538,0,0
-856921,0,0
-754712,0,0
-460887,0,0
-183849,0,0
167540,0,0
121144,0,0
-295430,0,0
-617137,0,0
-756698,0,0
-848832,0,0
-803999,0,0
-390799,0,0
-24588,0,0
193828,0,0
51437,0,0
-377388,0,0
-642387,0,0
-757601,0,0
-805145,0,0
-728356,0,0
-380567,0,0
40835,0,0
158330,0,0
37308,0,0
-343931,0,0
-694632,0,0
-782015,0,0
-766591,0,0
-768385,0,0
-308649,0,0
34803,0,0
72351,0,0
-82505,0,0
-446241,0,0
-662252,0,0
-608895,0,0
-610414,0,0
-774174,0,0
-353408,0,0
-29907,0,0
153492,0,0
26671,0,0
-407277,0,0
-800605,0,0
-831580,0,0
-826765,0,0
-735335,0,0
-241530,0,0
158798,0,0
233739,0,0
45539,0,0
-420404,0,0
-761958,0,0
-784196,0,0
-760470,0,0
-628077,0,0
-178715,0,0
65509,0,0
237501,0,0
47280,0,0
-435585,0,0
-698004,0,0
-753808,0,0
-807594,0,0
-516350,0,0
-107558,0,0
146147,0,0
231878,0,0
-129282,0,0
-555571,0,0
-738589,0,0
-746745,0,0
-738247,0,0
-443796,0,0
-4251,0,0
224784,0,0
185238,0,0
-241656,0,0
-625439,0,0
-775963,0,0
-785782,0,0
-725176,0,0
-359072,0,0
25828,0,0
204893,0,0
84316,0,0
-320548,0,0
-632090,0,0
-692367,0,0
-713055,0,0
-678247,0,0
-328330,0,0
45995,0,0
297552,0,0
70334,0,0
-372021,0,0
-655848,0,0
-748379,0,0
-697928,0,0
-614434,0,0
-144046,0,0
192861,0,0
220820,0,0
-115247,0,0
-532588,0,0
-744454,0,0
-792761,0,0
-646984,0,0
-563801,0,0
-107119,0,0
4806,0,0
58957,0,0
-215408,0,0
-525680,0,0
-747469,0,0
-771795,0,0
-743577,0,0
-500133,0,0
-52110,0,0
139277,0,0
21763,0,0
-326877,0,0
-673222,0,0
-822200,0,0
-712082,0,0
-754177,0,0
-470823,0,0
-16312,0,0
91524,0,0
100288,0,0
-272793,0,0
-642275,0,0
-800765,0,0
-739586,0,0
-776515,0,0
-449891,0,0
-42682,0,0
56525,0,0
77286,0,0
-305970,0,0
-623960,0,0
-774776,0,0
-764027,0,0
-744443,0,0
-359296,0,0
-39519,0,0
19138,0,0
27366,0,0
-366061,0,0
-681257,0,0
-762844,0,0
-767326,0,0
-681763,0,0
-140847,0,0
174880,0,0
250879,0,0
-73775,0,0
-558300,0,0
-791656,0,0
-693026,0,0
-763847,0,0
-675866,0,0
-213864,0,0
41994,0,0
150863,0,0
-50966,0,0
-518861,0,0
-725334,0,0
-810873,0,0
-828902,0,0
-633345,0,0
-166077,0,0
109104,0,0
192673,0,0
-171626,0,0
-575685,0,0
-755163,0,0
-903054,0,0
-799497,0,0
-649955,0,0
-207532,0,0
192383,0,0
300377,0,0
-87607,0,0
-549315,0,0
-863839,0,0
-916243,0,0
-736331,0,0
-542800,0,0
-69634,0,0
169810,0,0
173150,0,0
-200411,0,0
-630018,0,0
-790974,0,0
-732403,0,0
-653309,0,0
-525133,0,0
36321,0,0
283479,0,0
108770,0,0
-230215,0,0
-553261,0,0
-765013,0,0
-827214,0,0
-739027,0,0
-331586,0,0
193875,0,0
262525,0,0
84790,0,0
-362009,0,0
-688649,0,0
-746996,0,0
-672764,0,0
-685685,0,0
-227111,0,0
211820,0,0
179748,0,0
-39681,0,0
-512318,0,0
-778973,0,0
-728401,0,0
-708432,0,0
-625368,0,0
-137000,0,0
101364,0,0
111969,0,0
-75683,0,0
-530364,0,0
-662007,0,0
-669683,0,0
-756064,0,0
-597285,0,0
-20082,0,0
172958,0,0
108883,0,0
-203013,0,0
-619443,0,0
-727426,0,0
-760986,0,0
-712588,0,0
-445098,0,0
-121729,0,0
2736,0,0
117753,0,0
-206670,0,0
-675079,0,0
-794987,0,0
-870086,0,0
-841971,0,0
-491948,0,0
-9383,0,0
107006,0,0
57172,0,0
-338681,0,0
-678026,0,0
-779767,0,0
-883412,0,0
-804191,0,0
-456815,0,0
-74934,0,0
101324,0,0
125216,0,0
-325983,0,0
-702414,0,0
-816500,0,0
-828993,0,0
-779896,0,0
-503609,0,0
-41156,0,0
201650,0,0
57913,0,0
-389917,0,0
-666767,0,0
-764556,0,0
-715207,0,0
-776372,0,0
-597365,0,0
-63698,0,0
158286,0,0
112479,0,0
-287215,0,0
-731637,0,0
-903488,0,0
-817167,0,0
-756798,0,0
-418124,0,0
59049,0,0
133938,0,0
86155,0,0
-349043,0,0
-797434,0,0
-915748,0,0
-760482,0,0
-777167,0,0
-463692,0,0
-42336,0,0
182200,0,0
85438,0,0
-348000,0,0
-716094,0,0
-900988,0,0
-861446,0,0
-778481,0,0
-434514,0,0
-40218,0,0
101352,0,0
153913,0,0
-252332,0,0
-606464,0,0
-745766,0,0
-826223,0,0
-756159,0,0
-282261,0,0
131222,0,0
432510,0,0
222165,0,0
-374875,0,0
-733351,0,0
-754069,0,0
-681680,0,0
-591442,0,0
-150729,0,0
74798,0,0
230039,0,0
-16562,0,0
-507573,0,0
-676588,0,0
-741713,0,0
-784667,0,0
-613151,0,0
-138418,0,0
99772,0,0
144869,0,0
-172720,0,0
-560696,0,0
-725761,0,0
-869369,0,0
-821276,0,0
-612938,0,0
-169182,0,0
37154,0,0
11243,0,0
-274477,0,0
-560852,0,0
-728864,0,0
-809728,0,0
-850534,0,0
-753289,0,0
-331255,0,0
-21829,0,0
120722,0,0
-93296,0,0
-538688,0,0
-853358,0,0
-878562,0,0
-802470,0,0
-648951,0,0
-191138,0,0
33212,0,0
71080,0,0
-154100,0,0
-534493,0,0
-794191,0,0
-743482,0,0
-764787,0,0
-641096,0,0
-109356,0,0
204731,0,0
164749,0,0
-131644,0,0
-524967,0,0
-758496,0,0
-632937,0,0
-742755,0,0
-598392,0,0
-83612,0,0
197537,0,0
270132,0,0
-76852,0,0
-583750,0,0
-772344,0,0
-644572,0,0
-735101,0,0
-500076,0,0
-33816,0,0
68893,0,0
163621,0,0
-210458,0,0
-614793,0,0
-724323,0,0
-769540,0,0
-837612,0,0
-538154,0,0
-107851,0,0
232846,0,0
158033,0,0
-305982,0,0
-686374,0,0
-803668,0,0
-800821,0,0
-769993,0,0
-568570,0,0
-94972,0,0
205861,0,0
93188,0,0
-250550,0,0
-612193,0,0
-748590,0,0
-795274,0,0
-797935,0,0
-476205,0,0
-17332,0,0
241282,0,0
104034,0,0
-244670,0,0
-615805,0,0
-780858,0,0
-730825,0,0
-688954,0,0
-456796,0,0
15048,0,0
183476,0,0
44328,0,0
-278485,0,0
-686930,0,0
-797339,0,0
-704339,0,0
-685711,0,0
-357795,0,0
5531,0,0
112828,0,0
40134,0,0
-322837,0,0
-681195,0,0
-728474,0,0
-712883,0,0
-832933,0,0
-404873,0,0
83033,0,0
147229,0,0
69642,0,0
-344988,0,0
-772238,0,0
-852178,0,0
-783453,0,0
-798383,0,0
-371674,0,0
9387,0,0
160760,0,0
79897,0,0
-369507,0,0
-716086,0,0
-773888,0,0
-810847,0,0
-718327,0,0
-344756,0,0
-35905,0,0
155927,0,0
45170,0,0
-404378,0,0
-718941,0,0
-732388,0,0
-821893,0,0
-627802,0,0
-253094,0,0
-2952,0,0
210557,0,0
9948,0,0
-421560,0,0
-717793,0,0
-725753,0,0
-765598,0,0
-602661,0,0
-192316,0,0
146756,0,0
214033,0,0
-95033,0,0
-492621,0,0
-733846,0,0
-789433,0,0
-862583,0,0
-714406,0,0
-303351,0,0
165808,0,0
201197,0,0
-91150,0,0
-461408,0,0
-752200,0,0
-823435,0,0
-898995,0,0
-738484,0,0
-202940,0,0
265165,0,0
168450,0,0
-122901,0,0
-513564,0,0
-742731,0,0
-763739,0,0
-778089,0,0
-701138,0,0
-218699,0,0
160765,0,0
136933,0,0
-63870,0,0
-522314,0,0
-859813,0,0
-778421,0,0
-802169,0,0
-638624,0,0
-184411,0,0
100751,0,0
94901,0,0
-145683,0,0
-617495,0,0
-830124,0,0
-788865,0,0
-885147,0,0
-625738,0,0
-126033,0,0
144479,0,0
19633,0,0
-182942,0,0
-589260,0,0
-749650,0,0
-829994,0,0
-808738,0,0
-530032,0,0
-107871,0,0
95631,0,0
101635,0,0
-122353,0,0
-545754,0,0
-656278,0,0
-706002,0,0
-737194,0,0
-565834,0,0
-126454,0,0
215197,0,0
196486,0,0
-162513,0,0
-598742,0,0
-791279,0,0
-848650,0,0
-734069,0,0
-492092,0,0
-98597,0,0
150307,0,0
127367,0,0
-148832,0,0
-563501,0,0
-739884,0,0
-827115,0,0
-727524,0,0
-524739,0,0
-5286,0,0
190552,0,0
97673,0,0
-215122,0,0
-619675,0,0
-796673,0,0
-724377,0,0
-666138,0,0
-477575,0,0
-57,0,0
151299,0,0
105616,0,0
-240751,0,0
-639665,0,0
-694811,0,0
-711798,0,0
-699080,0,0
-388021,0,0
132464,0,0
201309,0,0
97105,0,0
-300256,0,0
-657375,0,0
-806718,0,0
-787691,0,0
-701068,0,0
-319604,0,0
-570,0,0
13902,0,0
35996,0,0
-368393,0,0
-790093,0,0
-880701,0,0
-866400,0,0
-789431,0,0
-397366,0,0
36238,0,0
97669,0,0
-39061,0,0
-540567,0,0
-909769,0,0
-864996,0,0
-847578,0,0
-731460,0,0
-342422,0,0
-68866,0,0
13406,0,0
-31460,0,0
-398115,0,0
-731953,0,0
-832578,0,0
-921869,0,0
-808842,0,0
-390897,0,0
141195,0,0
268790,0,0
78035,0,0
-373206,0,0
-740045,0,0
-867105,0,0
-777083,0,0
-653382,0,0
-325496,0,0
182531,0,0
289665,0,0
72202,0,0
-394943,0,0
-735917,0,0
-851589,0,0
-762248,0,0
-696991,0,0
-280289,0,0
194230,0,0
217517,0,0
-7633,0,0
-435927,0,0
-732248,0,0
-753207,0,0
-702468,0,0
-705334,0,0
-219397,0,0
161111,0,0
139607,0,0
7312,0,0
-448309,0,0
-757454,0,0
-868521,0,0
-789012,0,0
-620612,0,0
-40323,0,0
165029,0,0
118271,0,0
-71106,0,0
-536108,0,0
-733115,0,0
-749136,0,0
-734762,0,0
-549870,0,0
-1824,0,0
219851,0,0
163316,0,0
-146686,0,0
-585551,0,0
-673948,0,0
-700262,0,0
-748177,0,0
-468152,0,0
20676,0,0
152023,0,0
190411,0,0
-209158,0,0
-669793,0,0
-751000,0,0
-779070,0,0
-673291,0,0
-375734,0,0
42321,0,0
168639,0,0
106686,0,0
-374641,0,0
-712938,0,0
-786523,0,0
-915159,0,0
-720662,0,0
-248019,0,0
64615,0,0
98121,0,0
-17605,0,0
-439947,0,0
-798319,0,0
-777431,0,0
-666502,0,0
-660766,0,0
-387434,0,0
-100793,0,0
99992,0,0
7386,0,0
-402207,0,0
-689754,0,0
-857331,0,0
-841370,0,0
-772804,0,0
-410147,0,0
27075,0,0
97378,0,0
10590,0,0
-395888,0,0
-773594,0,0
-949704,0,0
-856456,0,0
-810551,0,0
-445736,0,0
87364,0,0
219317,0,0
70808,0,0
-374227,0,0
-713139,0,0
-854735,0,0
-755371,0,0
-719553,0,0
-302429,0,0
158691,0,0
208651,0,0
55014,0,0
-399544,0,0
-769074,0,0
-778088,0,0
-658560,0,0
-645511,0,0
-232594,0,0
56565,0,0
82463,0,0
9462,0,0
-458093,0,0
-725093,0,0
-727511,0,0
-721969,0,0
-647642,0,0
-167081,0,0
83743,0,0
159149,0,0
-30316,0,0
-468771,0,0
-677590,0,0
-758260,0,0
-731859,0,0
-628701,0,0
-167005,0,0
58688,0,0
140164,0,0
-58349,0,0
-492083,0,0
-697136,0,0
-793975,0,0
-816811,0,0
-616639,0,0
-142713,0,0
121588,0,0
145792,0,0
-195779,0,0
-534464,0,0
-664384,0,0
-837388,0,0
-764306,0,0
-578637,0,0
-164447,0,0
206154,0,0
245651,0,0
-117720,0,0
-565054,0,0
-795656,0,0
-845573,0,0
-689537,0,0
-481716,0,0
24854,0,0
246372,0,0
163612,0,0
-213327,0,0
-563769,0,0
-774113,0,0
-815341,0,0
-685602,0,0
-374557,0,0
94577,0,0
226339,0,0
29941,0,0
-363389,0,0
-666025,0,0
-789542,0,0
-822294,0,0
-749596,0,0
-358700,0,0
82129,0,0
155338,0,0
10078,0,0
-405073,0,0
-765852,0,0
-899163,0,0
-816921,0,0
-787505,0,0
-319427,0,0
179360,0,0
41673,0,0
-36702,0,0
-409792,0,0
-763306,0,0
-860396,0,0
-864101,0,0
-760692,0,0
-223772,0,0
192672,0,0
138472,0,0
12422,0,0
-458491,0,0
-810685,0,0
-808002,0,0
-725521,0,0
-641608,0,0
-253051,0,0
17791,0,0
147086,0,0
19305,0,0
-451260,0,0
-681036,0,0
-709889,0,0
-753715,0,0
-690785,0,0
-244589,0,0
44503,0,0
163998,0,0
-58184,0,0
-513724,0,0
-727452,0,0
-729220,0,0
-755734,0,0
-676779,0,0
-257765,0,0
26379,0,0
179282,0,0
21918,0,0
-449803,0,0
-711815,0,0
-856684,0,0
-817571,0,0
-670949,0,0
-194111,0,0
162722,0,0
133303,0,0
-146772,0,0
-524310,0,0
-730183,0,0
-845328,0,0
-768310,0,0
-589396,0,0
-154723,0,0
94995,0,0
80725,0,0
-142068,0,0
-518698,0,0
-807877,0,0
-823006,0,0
-729735,0,0
-598999,0,0
-134793,0,0
154278,0,0
179220,0,0
-121045,0,0
-552653,0,0
-827189,0,0
-767674,0,0
-726196,0,0
-581861,0,0
-65997,0,0
174379,0,0
144767,0,0
-166362,0,0
-571408,0,0
-782476,0,0
-754342,0,0
-804050,0,0
-530694,0,0
4735,0,0
90681,0,0
112674,0,0
-227281,0,0
-647194,0,0
-808669,0,0
-809429,0,0
-835845,0,0
-543710,0,0
-83445,0,0
111262,0,0
87405,0,0
-271480,0,0
-604552,0,0
-755716,0,0
-852859,0,0
-809208,0,0
-450864,0,0
-13865,0,0
211490,0,0
144594,0,0
-264104,0,0
-654497,0,0
-773772,0,0
-784533,0,0
-741630,0,0
-386709,0,0
14548,0,0
208757,0,0
72521,0,0
-327528,0,0
-686839,0,0
-804727,0,0
-826887,0,0
-764045,0,0
-364956,0,0
36652,0,0
157292,0,0
-61669,0,0
-365991,0,0
-599321,0,0
-791445,0,0
-795208,0,0
-759089,0,0
-436952,0,0
-50217,0,0
182619,0,0
56,0,0
-378451,0,0
-678598,0,0
-768529,0,0
-761760,0,0
-858683,0,0
-457499,0,0
94028,0,0
378796,0,0
98072,0,0
-375131,0,0
-735400,0,0
-801232,0,0
-752065,0,0
-733945,0,0
-316339,0,0
102954,0,0
145873,0,0
70492,0,0
-385777,0,0
-749255,0,0
-744100,0,0
-787876,0,0
-766321,0,0
-311289,0,0
44848,0,0
147231,0,0
52127,0,0
-394677,0,0
-734572,0,0
-732984,0,0
-814929,0,0
-754180,0,0
-286069,0,0
82423,0,0
230431,0,0
-17354,0,0
-467154,0,0
-754060,0,0
-759249,0,0
-842041,0,0
-663570,0,0
-244533,0,0
81323,0,0
262659,0,0
-46923,0,0
-502957,0,0
-779544,0,0
-783244,0,0
-818528,0,0
-628624,0,0
-242008,0,0
136221,0,0
190986,0,0
-53774,0,0
-462279,0,0
-727605,0,0
-804494,0,0
-790315,0,0
-652374,0,0
-259838,0,0
148631,0,0
195885,0,0
-118798,0,0
-537248,0,0
-803620,0,0
-789359,0,0
-668463,0,0
-558674,0,0
-149943,0,0
231776,0,0
123969,0,0
-192270,0,0
-614282,0,0
-840228,0,0
-761939,0,0
-762094,0,0
-636664,0,0
-159937,0,0
194738,0,0
50056,0,0
-214458,0,0
-633875,0,0
-840966,0,0
-791418,0,0
-832290,0,0
-626337,0,0
-170680,0,0
22882,0,0
10937,0,0
-153506,0,0
-593554,0,0
-809227,0,0
-780194,0,0
-867548,0,0
-585546,0,0
-105958,0,0
113909,0,0
41208,0,0
-171222,0,0
-602344,0,0
-736392,0,0
-781274,0,0
-815751,0,0
-601736,0,0
-198274,0,0
76289,0,0
135489,0,0
-117952,0,0
-573460,0,0
-767398,0,0
-742377,0,0
-668553,0,0
-463967,0,0
-135311,0,0
94157,0,0
117686,0,0
-154839,0,0
-591919,0,0
-752085,0,0
-762862,0,0
-622378,0,0
-517265,0,0
-94099,0,0
209170,0,0
109715,0,0
-187041,0,0
-572797,0,0
-737124,0,0
-754918,0,0
-659116,0,0
-574343,0,0
-119682,0,0
194632,0,0
108999,0,0
-131513,0,0
-585884,0,0
-799291,0,0
-813991,0,0
-708358,0,0
-497846,0,0
-33602,0,0
113616,0,0
92161,0,0
-151616,0,0
-582352,0,0
-832244,0,0
-839170,0,0
-687905,0,0
-436253,0,0
91549,0,0
170679,0,0
79486,0,0
-301136,0,0
-698438,0,0
-781722,0,0
-780889,0,0
-728551,0,0
-388184,0,0
16687,0,0
21634,0,0
52941,0,0
-270388,0,0
-647728,0,0
-710534,0,0
-815527,0,0
-846913,0,0
-446425,0,0
128001,0,0
238526,0,0
112817,0,0
-338105,0,0
-710165,0,0
-689564,0,0
-740315,0,0
-691467,0,0
-402451,0,0
-11067,0,0
251758,0,0
148775,0,0
-309270,0,0
-644488,0,0
-747356,0,0
-795335,0,0
-633942,0,0
-279436,0,0
128232,0,0
208256,0,0
61639,0,0
-404111,0,0
-649351,0,0
-677032,0,0
-779595,0,0
-712406,0,0
-211862,0,0
262118,0,0
261762,0,0
-82303,0,0
-526354,0,0
-701401,0,0
-815625,0,0
-747502,0,0
-622799,0,0
-132444,0,0
245470,0,0
110779,0,0
-193431,0,0
-574226,0,0
-621840,0,0
-737820,0,0
-683886,0,0
-540598,0,0
-34632,0,0
274546,0,0
134837,0,0
-180406,0,0
-643684,0,0
-761722,0,0
-743397,0,0
-656276,0,0
-467841,0,0
-58130,0,0
132626,0,0
107234,0,0
-212527,0,0
-627435,0,0
-748282,0,0
-777377,0,0
-734735,0,0
-412196,0,0
114318,0,0
216903,0,0
52852,0,0
-343462,0,0
-708074,0,0
-797435,0,0
-766454,0,0
-671747,0,0
-295575,0,0
115422,0,0
196815,0,0
42746,0,0
-448708,0,0
-782430,0,0
-820953,0,0
-868520,0,0
-754549,0,0
-243491,0,0
92015,0,0
152899,0,0
64246,0,0
-455567,0,0
-829064,0,0
-840508,0,0
-888639,0,0
-694753,0,0
-267624,0,0
81630,0,0
107793,0,0
-60064,0,0
-510706,0,0
-749430,0,0
-811620,0,0
-883019,0,0
-689670,0,0
-301540,0,0
62159,0,0
113081,0,0
-14419,0,0
-479976,0,0
-727316,0,0
-837402,0,0
-837771,0,0
-654832,0,0
-266080,0,0
119506,0,0
185905,0,0
-25129,0,0
-511166,0,0
-797688,0,0
-817404,0,0
-738617,0,0
-609069,0,0
-237128,0,0
93025,0,0
60835,0,0
-144699,0,0
-475763,0,0
-660033,0,0
-797275,0,0
-714339,0,0
-620168,0,0
-191267,0,0
88955,0,0
62468,0,0
-90913,0,0
-524446,0,0
-761209,0,0
-781455,0,0
-761503,0,0
-629796,0,0
-93658,0,0
141039,0,0
48312,0,0
-158794,0,0
-532666,0,0
-726430,0,0
-785119,0,0
-801200,0,0
-646901,0,0
-117327,0,0
46176,0,0
151360,0,0
-148400,0,0
-580713,0,0
-746848,0,0
-838092,0,0
-879189,0,0
-626795,0,0
-175636,0,0
25648,0,0
120844,0,0
-139875,0,0
-589834,0,0
-806578,0,0
-830143,0,0
-833226,0,0
-656778,0,0
-184900,0,0
32032,0,0
46059,0,0
-220697,0,0
-513605,0,0
-589589,0,0
-804263,0,0
-870036,0,0
-688289,0,0
-229001,0,0
41216,0,0
182155,0,0
-123726,0,0
-530800,0,0
-793394,0,0
-891375,0,0
-787086,0,0
-617796,0,0
-108981,0,0
156486,0,0
131270,0,0
-174788,0,0
-570852,0,0
-785580,0,0
-728409,0,0
-742929,0,0
-600894,0,0
-111566,0,0
123909,0,0
161014,0,0
-109659,0,0
-520169,0,0
-761729,0,0
-755378,0,0
-880572,0,0
-606241,0,0
-28798,0,0
143978,0,0
114020,0,0
-197687,0,0
-619702,0,0
-806497,0,0
-682973,0,0
-689860,0,0
-547522,0,0
-129708,0,0
84794,0,0
147541,0,0
-197041,0,0
-639933,0,0
-782370,0,0
-771163,0,0
-802498,0,0
-492914,0,0
-28049,0,0
81802,0,0
111423,0,0
-243634,0,0
-677674,0,0
-825568,0,0
-702946,0,0
-754732,0,0
-525216,0,0
-153436,0,0
92041,0,0
131937,0,0
-223473,0,0
-656558,0,0
-804025,0,0
-843730,0,0
-830005,0,0
-556947,0,0
-102769,0,0
168818,0,0
119984,0,0
-232091,0,0
-672112,0,0
-820652,0,0
-768518,0,0
-761039,0,0
-532196,0,0
-158166,0,0
215128,0,0
134031,0,0
-183589,0,0
-613690,0,0
-789101,0,0
-739960,0,0
-736007,0,0
-625065,0,0
-181594,0,0
125767,0,0
107478,0,0
-117686,0,0
-610908,0,0
-859683,0,0
-799878,0,0
-815299,0,0
-572752,0,0
-130254,0,0
115953,0,0
88479,0,0
-174461,0,0
-566776,0,0
-770537,0,0
-812168,0,0
-861078,0,0
-601732,0,0
-96214,0,0
109117,0,0
73742,0,0
-150849,0,0
-590514,0,0
-747787,0,0
-798984,0,0
-861475,0,0
-643287,0,0
-193780,0,0
145456,0,0
130629,0,0
-130062,0,0
-503602,0,0
-649603,0,0
-833717,0,0
-839071,0,0
-647682,0,0
-187501,0,0
102945,0,0
137684,0,0
-70045,0,0
-499893,0,0
-708295,0,0
-827556,0,0
-784999,0,0
-640005,0,0
-245090,0,0
124071,0,0
225192,0,0
-55934,0,0
-543706,0,0
-799590,0,0
-769494,0,0
-660569,0,0
-699767,0,0
-286896,0,0
88136,0,0
122913,0,0
-7507,0,0
-498371,0,0
-774923,0,0
-819162,0,0
-808547,0,0
-790213,0,0
-287800,0,0
61261,0,0
35823,0,0
-16359,0,0
-464865,0,0
-781700,0,0
-819206,0,0
-812809,0,0
-750958,0,0
-302792,0,0
-46734,0,0
130184,0,0
46104,0,0
-461697,0,0
-796167,0,0
-837754,0,0
-850843,0,0
-738236,0,0
-366175,0,0
-34810,0,0
148854,0,0
-60212,0,0
-488252,0,0
-727729,0,0
-782367,0,0
-887777,0,0
-803207,0,0
-390596,0,0
-27079,0,0
152077,0,0
-36730,0,0
-391014,0,0
-740668,0,0
-856819,0,0
-800561,0,0
-698395,0,0
-480786,0,0
-182942,0,0
108531,0,0
42490,0,0
-264374,0,0
-658599,0,0
-798095,0,0
-828965,0,0
-827107,0,0
-560574,0,0
-133851,0,0
183452,0,0
120494,0,0
-259674,0,0
-728708,0,0
-834835,0,0
-743449,0,0
-803771,0,0
-536084,0,0
-103097,0,0
73147,0,0
72825,0,0
-238119,0,0
-709741,0,0
-820650,0,0
-777706,0,0
-802478,0,0
-527329,0,0
-195129,0,0
18921,0,0
34028,0,0
-129367,0,0
-522987,0,0
-756816,0,0
-890913,0,0
-775788,0,0
-552403,0,0
-150578,0,0
76030,0,0
91451,0,0
-103180,0,0
-455200,0,0
-704290,0,0
-798395,0,0
-706716,0,0
-585421,0,0
-174541,0,0
199264,0,0
192542,0,0
-66568,0,0
-521009,0,0
-663458,0,0
-718005,0,0
-673839,0,0
-572574,0,0
-102972,0,0
316927,0,0
137818,0,0
-89133,0,0
-510335,0,0
-655963,0,0
-688752,0,0
-656242,0,0
-529282,0,0
-4112,0,0
214315,0,0
128252,0,0
-140298,0,0
-564624,0,0
-713445,0,0
-715204,0,0
-730371,0,0
-520407,0,0
71181,0,0
318905,0,0
203191,0,0
-206728,0,0
-720021,0,0
-809366,0,0
-807424,0,0
-793636,0,0
-448477,0,0
70444,0,0
157795,0,0
129100,0,0
-235038,0,0
-688192,0,0
-809183,0,0
-843500,0,0
-810063,0,0
-513113,0,0
-46900,0,0
139752,0,0
140495,0,0
-293975,0,0
-665856,0,0
-764762,0,0
-842666,0,0
-800474,0,0
-444296,0,0
-11000,0,0
80432,0,0
-1392,0,0
-287171,0,0
-580710,0,0
-749020,0,0
-869896,0,0
-651305,0,0
-467815,0,0
2676,0,0
194487,0,0
134805,0,0
-219583,0,0
-602817,0,0
-788661,0,0
-734185,0,0
-705442,0,0
-511258,0,0
-11162,0,0
191883,0,0
102459,0,0
-265825,0,0
-646626,0,0
-846247,0,0
-800800,0,0
-794435,0,0
-564084,0,0
-92849,0,0
63155,0,0
54969,0,0
-271900,0,0
-644662,0,0
-858341,0,0
-773602,0,0
-861489,0,0
-613717,0,0
-175534,0,0
-47387,0,0
139381,0,0
-81356,0,0
-554569,0,0
-784013,0,0
-811098,0,0
-865295,0,0
-589169,0,0
-150731,0,0
134737,0,0
157997,0,0
-144022,0,0
-534153,0,0
-709479,0,0
-723826,0,0
-753676,0,0
-548555,0,0
-144770,0,0
175026,0,0
211342,0,0
-158616,0,0
-541112,0,0
-732845,0,0
-790890,0,0
-768875,0,0
-566041,0,0
-116345,0,0
198924,0,0
119151,0,0
-221431,0,0
-560286,0,0
-678363,0,0
-816808,0,0
-824159,0,0
-632998,0,0
-177581,0,0
234267,0,0
68788,0,0
-189962,0,0
-563561,0,0
-794539,0,0
-832989,0,0
-806071,0,0
-650816,0,0
-173372,0,0
132270,0,0
99168,0,0
-120797,0,0
-516268,0,0
-830743,0,0
-782720,0,0
-751522,0,0
-573347,0,0
-91620,0,0
201865,0,0
160627,0,0
-61947,0,0
-584503,0,0
-746661,0,0
-699469,0,0
-718886,0,0
-552291,0,0
-99106,0,0
226488,0,0
227257,0,0
-37846,0,0
-503673,0,0
-723753,0,0
-777093,0,0
-783682,0,0
-499540,0,0
-51917,0,0
208926,0,0
195308,0,0
-118620,0,0
-573396,0,0
-802625,0,0
-864957,0,0
-666339,0,0
-218313,0,0
204585,0,0
278263,0,0
72372,0,0
-336607,0,0
-690132,0,0
-687385,0,0
-704053,0,0
-604973,0,0
-273910,0,0
76827,0,0
221584,0,0
63270,0,0
-336249,0,0
-642525,0,0
-650895,0,0
-723066,0,0
-554198,0,0
-204314,0,0
155264,0,0
194172,0,0
-51547,0,0
-447616,0,0
-686918,0,0
-677804,0,0
-714203,0,0
-548422,0,0
-146802,0,0
223233,0,0
205112,0,0
-93680,0,0
-513790,0,0
-675031,0,0
-756083,0,0
-733680,0,0
-488337,0,0
9758,0,0
315937,0,0
120677,0,0
-259772,0,0
-634030,0,0
-764550,0,0
-746448,0,0
-687510,0,0
-405472,0,0
24379,0,0
208671,0,0
-10464,0,0
-323101,0,0
-663739,0,0
-781165,0,0
-757172,0,0
-706242,0,0
-338974,0,0
51569,0,0
141465,0,0
-6337,0,0
-400784,0,0
-728481,0,0
-886106,0,0
-865689,0,0
-750256,0,0
-277433,0,0
181141,0,0
191323,0,0
-76351,0,0
-481384,0,0
-807670,0,0
-842336,0,0
-910329,0,0
-843553,0,0
-315425,0,0
208053,0,0
368979,0,0
-1996,0,0
-500461,0,0
-848805,0,0
-800791,0,0
-803250,0,0
-692241,0,0
-144733,0,0
151897,0,0
224276,0,0
-50945,0,0
-450404,0,0
-772989,0,0
-832842,0,0
-788847,0,0
-639898,0,0
-203926,0,0
95818,0,0
240370,0,0
-79780,0,0
-576437,0,0
-776796,0,0
-800859,0,0
-819528,0,0
-587057,0,0
-175365,0,0
216406,0,0
244010,0,0
-121466,0,0
-597008,0,0
-794531,0,0
-780107,0,0
-761966,0,0
-396910,0,0
14829,0,0
238815,0,0
113477,0,0
-276167,0,0
-598616,0,0
-711821,0,0
-734337,0,0
-684932,0,0
-227531,0,0
166788,0,0
289100,0,0
-8896,0,0
-430494,0,0
-613247,0,0
-675294,0,0
-729308,0,0
-694003,0,0
-262422,0,0
147790,0,0
287033,0,0
-40831,0,0
-491666,0,0
-712928,0,0
-782197,0,0
-773203,0,0
-591044,0,0
-21380,0,0
318066,0,0
216833,0,0
-185506,0,0
-581945,0,0
-748710,0,0
-774394,0,0
-675235,0,0
-418645,0,0
75078,0,0
275170,0,0
103542,0,0
-272492,0,0
-593041,0,0
-821160,0,0
-815067,0,0
-678701,0,0
-320329,0,0
153154,0,0
195527,0,0
-10954,0,0
-443505,0,0
-699604,0,0
-618044,0,0
-746738,0,0
-744563,0,0
-217035,0,0
215861,0,0
188972,0,0
-91541,0,0
-528593,0,0
-789142,0,0
-870183,0,0
-684795,0,0
-522574,0,0
-54154,0,0
115499,0,0
49671,0,0
-221525,0,0
-578527,0,0
-762453,0,0
-872728,0,0
-825995,0,0
-503834,0,0
141712,0,0
213712,0,0
130533,0,0
-229513,0,0
-661201,0,0
-816536,0,0
-829112,0,0
-761931,0,0
-424417,0,0
-50709,0,0
86267,0,0
109386,0,0
-290781,0,0
-690934,0,0
-726016,0,0
-710294,0,0
-751530,0,0
-371053,0,0
104632,0,0
249369,0,0
46073,0,0
-474224,0,0
-749350,0,0
-733810,0,0
-713376,0,0
-588216,0,0
-123222,0,0
278708,0,0
238082,0,0
-107726,0,0
-587561,0,0
-796312,0,0
-738496,0,0
-666039,0,0
-391578,0,0
38848,0,0
263865,0,0
113771,0,0
-261449,0,0
-640694,0,0
-682020,0,0
-736579,0,0
-743124,0,0
-335436,0,0
57032,0,0
296005,0,0
105436,0,0
-356523,0,0
-753666,0,0
-766897,0,0
-815162,0,0
-588194,0,0
-178582,0,0
75663,0,0
153514,0,0
-49196,0,0
-418212,0,0
-621939,0,0
-752182,0,0
-798702,0,0
-562433,0,0
-92024,0,0
180384,0,0
220384,0,0
-203502,0,0
-622592,0,0
-736338,0,0
-689733,0,0
-688017,0,0
-399588,0,0
-17683,0,0
261619,0,0
82023,0,0
-362076,0,0
-677907,0,0
-707557,0,0
-756633,0,0
-676634,0,0
-205668,0,0
121411,0,0
178010,0,0
-73416,0,0
-462058,0,0
-626091,0,0
-798138,0,0
-753026,0,0
-585256,0,0
-162067,0,0
81205,0,0
120172,0,0
-195370,0,0
-620645,0,0
-772754,0,0
-822296,0,0
-743963,0,0
-560352,0,0
-38318,0,0
228827,0,0
140443,0,0
-246358,0,0
-625172,0,0
-795325,0,0
-824224,0,0
-679424,0,0
-380573,0,0
60479,0,0
225470,0,0
109396,0,0
-309872,0,0
-647228,0,0
-856363,0,0
-779333,0,0
-728123,0,0
-319563,0,0
131914,0,0
190745,0,0
-32896,0,0
-465995,0,0
-704168,0,0
-826251,0,0
-800586,0,0
-734457,0,0
-255069,0,0
158770,0,0
204588,0,0
-82368,0,0
-548214,0,0
-810017,0,0
-785318,0,0
-717666,0,0
-634045,0,0
-194731,0,0
158480,0,0
149090,0,0
-90414,0,0
-414732,0,0
-500106,0,0
-789803,0,0
-788530,0,0
-453475,0,0
75721,0,0
244290,0,0
122691,0,0
-255193,0,0
-622955,0,0
-649685,0,0
-700491,0,0
-692858,0,0
-287241,0,0
84141,0,0
158738,0,0
1445,0,0
-477125,0,0
-729618,0,0
-798392,0,0
-815234,0,0
-614011,0,0
-195239,0,0
125769,0,0
141607,0,0
-103867,0,0
-547811,0,0
-741102,0,0
-798385,0,0
-856833,0,0
-532189,0,0
-62648,0,0
201973,0,0
147986,0,0
-205202,0,0
-648264,0,0
-830053,0,0
-836755,0,0
-846731,0,0
-344207,0,0
26279,0,0
159529,0,0
67746,0,0
-326171,0,0
-702705,0,0
-772969,0,0
-799202,0,0
-746855,0,0
-413285,0,0
-67647,0,0
197261,0,0
118185,0,0
-361519,0,0
-754708,0,0
-805703,0,0
-838237,0,0
-715324,0,0
-299549,0,0
26239,0,0
155101,0,0
-34524,0,0
-474945,0,0
-770201,0,0
-824625,0,0
-853832,0,0
-607672,0,0
-189550,0,0
144180,0,0
160541,0,0
-172006,0,0
-537212,0,0
-749200,0,0
-792811,0,0
-839880,0,0
-626053,0,0
-202733,0,0
172625,0,0
150429,0,0
-189580,0,0
-582521,0,0
-765841,0,0
-724703,0,0
-784463,0,0
-584469,0,0
-138744,0,0
223225,0,0
126899,0,0
-176375,0,0
-592613,0,0
-701098,0,0
-699207,0,0
-750318,0,0
-498314,0,0
-71456,0,0
193531,0,0
99959,0,0
-233871,0,0
-599340,0,0
-817802,0,0
-818450,0,0
-759492,0,0
-335408,0,0
126160,0,0
172047,0,0
-44027,0,0
-435648,0,0
-802712,0,0
-899297,0,0
-801460,0,0
-748671,0,0
-317230,0,0
102752,0,0
157252,0,0
3852,0,0
-492761,0,0
-813176,0,0
-797179,0,0
-875168,0,0
-759637,0,0
-258452,0,0
166485,0,0
217885,0,0
-38874,0,0
-501983,0,0
-811859,0,0
-861202,0,0
-786236,0,0
-637810,0,0
-151848,0,0
105395,0,0
90021,0,0
-131319,0,0
-561187,0,0
-828773,0,0
-805420,0,0
-826056,0,0
-695381,0,0
-266220,0,0
38904,0,0
299852,0,0
-38601,0,0
-569578,0,0
-837155,0,0
-840443,0,0
-795479,0,0
-550708,0,0
-166716,0,0
109265,0,0
174537,0,0
-103009,0,0
-482151,0,0
-741320,0,0
-745014,0,0
-749126,0,0
-586235,0,0
-155833,0,0
181216,0,0
140458,0,0
-189327,0,0
-570177,0,0
-735900,0,0
-713067,0,0
-731255,0,0
-501282,0,0
-67414,0,0
241394,0,0
136528,0,0
-197637,0,0
-611088,0,0
-763408,0,0
-732525,0,0
-747807,0,0
-448730,0,0
19815,0,0
239901,0,0
58302,0,0
-291656,0,0
-696080,0,0
-812831,0,0
-805962,0,0
-753039,0,0
-342958,0,0
67457,0,0
197655,0,0
66626,0,0
-336861,0,0
-754232,0,0
-838162,0,0
-765913,0,0
-664698,0,0
-224280,0,0
75732,0,0
117481,0,0
7159,0,0
-405101,0,0
-750978,0,0
-803014,0,0
-733885,0,0
-665464,0,0
-240017,0,0
129800,0,0
208976,0,0
-41071,0,0
-441910,0,0
-677802,0,0
-731789,0,0
-786225,0,0
-589621,0,0
-109809,0,0
150288,0,0
152883,0,0
-151774,0,0
-517039,0,0
-707410,0,0
-780374,0,0
-871526,0,0
-537125,0,0
-110626,0,0
59379,0,0
221873,0,0
-152526,0,0
-633149,0,0
-781170,0,0
-779840,0,0
-896072,0,0
-558348,0,0
-141148,0,0
230207,0,0
218803,0,0
-188544,0,0
-583982,0,0
-791020,0,0
-842986,0,0
-852585,0,0
-507594,0,0
-40172,0,0
162781,0,0
67046,0,0
-288677,0,0
-579054,0,0
-730770,0,0
-791839,0,0
-748342,0,0
-407990,0,0
-20213,0,0
230952,0,0
141963,0,0
-286445,0,0
-679303,0,0
-802284,0,0
-751131,0,0
-612096,0,0
-100753,0,0
267277,0,0
261607,0,0
-109107,0,0
-471339,0,0
-715721,0,0
-762548,0,0
-645464,0,0
-632887,0,0
-190392,0,0
197276,0,0
216194,0,0
-102797,0,0
-499362,0,0
-691263,0,0
-736066,0,0
-741735,0,0
-587504,0,0
-109506,0,0
185454,0,0
150360,0,0
-174974,0,0
-566481,0,0
-762142,0,0
-759436,0,0
-730229,0,0
-471809,0,0
46218,0,0
195864,0,0
126045,0,0
-267653,0,0
-653731,0,0
-783892,0,0
-681070,0,0
-789797,0,0
-395481,0,0
95303,0,0
211108,0,0
60985,0,0
-385845,0,0
-752575,0,0
-780907,0,0
-822731,0,0
-800344,0,0
-231795,0,0
101118,0,0
91774,0,0
-9823,0,0
-433323,0,0
-730256,0,0
-754798,0,0
-710530,0,0
-700717,0,0
-328281,0,0
17518,0,0
237354,0,0
61417,0,0
-456647,0,0
-756134,0,0
-866770,0,0
-868141,0,0
-677618,0,0
-101850,0,0
160914,0,0
136341,0,0
-128532,0,0
-575041,0,0
-822591,0,0
-780816,0,0
-755253,0,0
-577286,0,0
-81704,0,0
73809,0,0
94343,0,0
-172000,0,0
-546659,0,0
-751792,0,0
-817227,0,0
-763479,0,0
-558181,0,0
-134525,0,0
67914,0,0
143960,0,0
-187463,0,0
-560839,0,0
-780262,0,0
-841551,0,0
-854177,0,0
-569532,0,0
-67323,0,0
144311,0,0
172660,0,0
-189253,0,0
-579761,0,0
-809603,0,0
-795879,0,0
-751401,0,0
-498941,0,0
13650,0,0
203837,0,0
65322,0,0
-297351,0,0
-634308,0,0
-850883,0,0
-813202,0,0
-793510,0,0
-481030,0,0
78413,0,0
170459,0,0
37405,0,0
-333113,0,0
-644194,0,0
-746211,0,0
-744632,0,0
-742094,0,0
-342506,0,0
82041,0,0
185261,0,0
51315,0,0
-387388,0,0
-706607,0,0
-800773,0,0
-809099,0,0
-663851,0,0
-133363,0,0
279537,0,0
147760,0,0
-90373,0,0
-529792,0,0
-769233,0,0
-763547,0,0
-652045,0,0
-514145,0,0
-87512,0,0
139033,0,0
186097,0,0
-85459,0,0
-565119,0,0
-736767,0,0
-750767,0,0
-766638,0,0
-489923,0,0
-64228,0,0
67543,0,0
117250,0,0
-180381,0,0
-585949,0,0
-746202,0,0
-724418,0,0
-817337,0,0
-385996,0,0
110100,0,0
217449,0,0
154418,0,0
-292148,0,0
-727747,0,0
-725362,0,0
-831764,0,0
-708432,0,0
-197513,0,0
168803,0,0
163536,0,0
-39647,0,0
-473144,0,0
-776372,0,0
-788237,0,0
-841403,0,0
-690365,0,0
-226448,0,0
118155,0,0
122036,0,0
1344,0,0
-462477,0,0
-762973,0,0
-879883,0,0
-821543,0,0
-530791,0,0
-77074,0,0
137471,0,0
82803,0,0
-187631,0,0
-548376,0,0
-688133,0,0
-796728,0,0
-761317,0,0
-562624,0,0
-111325,0,0
194201,0,0
136716,0,0
-228786,0,0
-651703,0,0
-781585,0,0
-785026,0,0
-721656,0,0
-564855,0,0
-99853,0,0
179634,0,0
54045,0,0
-315177,0,0
-692294,0,0
-820223,0,0
-757453,0,0
-743019,0,0
-451723,0,0
-66047,0,0
17315,0,0
-71839,0,0
-324243,0,0
-649065,0,0
-712459,0,0
-613485,0,0
-733414,0,0
-422429,0,0
-15307,0,0
94214,0,0
24452,0,0
-299204,0,0
-567124,0,0
-675488,0,0
-818918,0,0
-821699,0,0
-363575,0,0
119052,0,0
160951,0,0
23396,0,0
-405506,0,0
-711502,0,0
-773385,0,0
-801313,0,0
-716664,0,0
-293678,0,0
63665,0,0
37353,0,0
-60352,0,0
-453738,0,0
-690034,0,0
-768929,0,0
-834227,0,0
-679522,0,0
-278844,0,0
119792,0,0
135064,0,0
-38140,0,0
-457560,0,0
-702844,0,0
-754798,0,0
-771109,0,0
-627171,0,0
-195086,0,0
172472,0,0
259429,0,0
17714,0,0
-498424,0,0
-778299,0,0
-804039,0,0
-729553,0,0
-516274,0,0
-78221,0,0
162888,0,0
123632,0,0
-172407,0,0
-588473,0,0
-755640,0,0
-799478,0,0
-764472,0,0
-575404,0,0
-108393,0,0
217185,0,0
159049,0,0
-223230,0,0
-629264,0,0
-797257,0,0
-803353,0,0
-687271,0,0
-511125,0,0
-89884,0,0
218411,0,0
108567,0,0
-206302,0,0
-628877,0,0
-827234,0,0
-803219,0,0
-714956,0,0
-458616,0,0
42624,0,0
236168,0,0
38624,0,0
-331662,0,0
-696693,0,0
-841353,0,0
-791674,0,0
-694191,0,0
-375658,0,0
24956,0,0
174488,0,0
106409,0,0
-278729,0,0
-696347,0,0
-816836,0,0
-810868,0,0
-709805,0,0
-338629,0,0
123736,0,0
127788,0,0
-12644,0,0
-433811,0,0
-734911,0,0
-773540,0,0
-826085,0,0
-749843,0,0
-274556,0,0
160281,0,0
137517,0,0
-70035,0,0
-523356,0,0
-773125,0,0
-806084,0,0
-817981,0,0
-665237,0,0
-308198,0,0
63838,0,0
166457,0,0
-20528,0,0
-474669,0,0
-733079,0,0
-783661,0,0
-865491,0,0
-663933,0,0
-228733,0,0
129009,0,0
207228,0,0
-42859,0,0
-535806,0,0
-703721,0,0
-826091,0,0
-775740,0,0
-533464,0,0
-198078,0,0
107709,0,0
190712,0,0
-174434,0,0
-597596,0,0
-688952,0,0
-733597,0,0
-682043,0,0
-571233,0,0
-187760,0,0
153359,0,0
128907,0,0
-164176,0,0
-573229,0,0
-791325,0,0
-728552,0,0
-599568,0,0
-408324,0,0
-22286,0,0
179302,0,0
102077,0,0
-277078,0,0
-640889,0,0
-762799,0,0
-792078,0,0
-717525,0,0
-400113,0,0
77545,0,0
191729,0,0
2949,0,0
-351204,0,0
-682393,0,0
-837711,0,0
-774835,0,0
-740310,0,0
-408288,0,0
30229,0,0
121245,0,0
34793,0,0
-369832,0,0
-689455,0,0
-794988,0,0
-809698,0,0
-762000,0,0
-341391,0,0
57324,0,0
63494,0,0
-2550,0,0
-387237,0,0
-695407,0,0
-768372,0,0
-780936,0,0
-687119,0,0
-278419,0,0
69777,0,0
123562,0,0
26137,0,0
-441700,0,0
-764373,0,0
-821100,0,0
-763044,0,0
-597502,0,0
-233273,0,0
35830,0,0
129096,0,0
-80111,0,0
-526724,0,0
-782873,0,0
-823162,0,0
-824270,0,0
-632974,0,0
-273547,0,0
86750,0,0
202124,0,0
-46199,0,0
-503560,0,0
-753172,0,0
-847728,0,0
-845847,0,0
-615513,0,0
-199816,0,0
116209,0,0
138913,0,0
-112130,0,0
-519511,0,0
-769694,0,0
-818717,0,0
-835752,0,0
-734604,0,0
-268131,0,0
141627,0,0
179327,0,0
-53588,0,0
-504809,0,0
-802741,0,0
-902002,0,0
-766006,0,0
-664829,0,0
-214917,0,0
152897,0,0
162863,0,0
-69846,0,0
-484382,0,0
-780368,0,0
-1005332,0,0
-802431,0,0
-656124,0,0
-157923,0,0
149848,0,0
124047,0,0
-76570,0,0
-518392,0,0
-888001,0,0
-849417,0,0
-697904,0,0
-552062,0,0
-77045,0,0
209456,0,0
199283,0,0
-39249,0,0
-506992,0,0
-721286,0,0
-713187,0,0
-737140,0,0
-548776,0,0
-61318,0,0
138517,0,0
279843,0,0
-78064,0,0
-598729,0,0
-792891,0,0
-765753,0,0
-747687,0,0
-531989,0,0
-36277,0,0
193897,0,0
96109,0,0
-318912,0,0
-659259,0,0
-713767,0,0
-772808,0,0
-794168,0,0
-493994,0,0
-70943,0,0
121669,0,0
101892,0,0
-271137,0,0
-638072,0,0
-752295,0,0
-815951,0,0
-725216,0,0
-424651,0,0
32534,0,0
164276,0,0
107984,0,0
-253797,0,0
-622630,0,0
-796043,0,0
-832507,0,0
-678890,0,0
-429432,0,0
-33103,0,0
120779,0,0
110991,0,0
-263832,0,0
-665281,0,0
-820239,0,0
-813989,0,0
-733489,0,0
-546498,0,0
-98759,0,0
105045,0,0
87914,0,0
-283818,0,0
-625963,0,0
-780146,0,0
-796096,0,0
-812371,0,0
-470671,0,0
17131,0,0
151325,0,0
75127,0,0
-321483,0,0
-687288,0,0
-782662,0,0
-786922,0,0
-825520,0,0
-428205,0,0
-2576,0,0
115910,0,0
44618,0,0
-324484,0,0
-668535,0,0
-740861,0,0
-836368,0,0
-825960,0,0
-431195,0,0
-21271,0,0
103650,0,0
75621,0,0
-324399,0,0
-704965,0,0
-769359,0,0
-767927,0,0
-761984,0,0
-399124,0,0
2175,0,0
193027,0,0
45328,0,0
-388549,0,0
-709733,0,0
-728181,0,0
-719426,0,0
-710341,0,0
-324153,0,0
59140,0,0
231662,0,0
72946,0,0
-363672,0,0
-618684,0,0
-744680,0,0
-795971,0,0
-697228,0,0
-307372,0,0
28162,0,0
169386,0,0
-29714,0,0
-399692,0,0
-682708,0,0
-802028,0,0
-750926,0,0
-763355,0,0
-384957,0,0
114897,0,0
208366,0,0
-23537,0,0
-408302,0,0
-726680,0,0
-769763,0,0
-742966,0,0
-678228,0,0
-265490,0,0
86319,0,0
111419,0,0
-38789,0,0
-416384,0,0
-722923,0,0
-717764,0,0
-737204,0,0
-720380,0,0
-203183,0,0
160017,0,0
216418,0,0
-66436,0,0
-500150,0,0
-727159,0,0
-735450,0,0
-755981,0,0
-613081,0,0
-159400,0,0
198101,0,0
207727,0,0
-72570,0,0
-507994,0,0
-767872,0,0
-718129,0,0
-775794,0,0
-582916,0,0
-156287,0,0
95672,0,0
156982,0,0
-117926,0,0
-500050,0,0
-757203,0,0
-737704,0,0
-772075,0,0
-561929,0,0
-248699,0,0
121035,0,0
207180,0,0
-128983,0,0
-562380,0,0
-780702,0,0
-853809,0,0
-796316,0,0
-569608,0,0
-94579,0,0
168696,0,0
111309,0,0
-269120,0,0
-631416,0,0
-750405,0,0
-791589,0,0
-825373,0,0
-553566,0,0
-111744,0,0
224980,0,0
126498,0,0
-179616,0,0
-583789,0,0
-829396,0,0
-867505,0,0
-780793,0,0
-513538,0,0
-19327,0,0
201123,0,0
95126,0,0
-202156,0,0
-550780,0,0
-751984,0,0
-847782,0,0
-777792,0,0
-438973,0,0
53384,0,0
236051,0,0
198482,0,0
-165544,0,0
-643307,0,0
-835282,0,0
-802220,0,0
-792160,0,0
-407112,0,0
23324,0,0
246796,0,0
180873,0,0
-215824,0,0
-678690,0,0
-863373,0,0
-852422,0,0
-757269,0,0
-411981,0,0
12817,0,0
146670,0,0
119986,0,0
-275427,0,0
-669037,0,0
-784947,0,0
-784977,0,0
-670034,0,0
-368501,0,0
-11555,0,0
35927,0,0
26380,0,0
-323548,0,0
-683862,0,0
-734623,0,0
-842018,0,0
-739703,0,0
-358300,0,0
-11921,0,0
144278,0,0
30125,0,0
-393375,0,0
-731710,0,0
-774237,0,0
-766685,0,0
-633123,0,0
-308479,0,0
62784,0,0
192229,0,0
5073,0,0
-423775,0,0
-680601,0,0
-720201,0,0
-749988,0,0
-691125,0,0
-366278,0,0
-24882,0,0
117595,0,0
16620,0,0
-400619,0,0
-697771,0,0
-830086,0,0
-843613,0,0
-704761,0,0
-322688,0,0
71302,0,0
168763,0,0
-30021,0,0
-461664,0,0
-759209,0,0
-799331,0,0
-821425,0,0
-752350,0,0
-288155,0,0
87814,0,0
221673,0,0
56620,0,0
-486489,0,0
-845215,0,0
-806505,0,0
-803796,0,0
-584083,0,0
-92206,0,0
226745,0,0
141945,0,0
-93409,0,0
-522518,0,0
-695387,0,0
-699964,0,0
-771408,0,0
-611047,0,0
-121708,0,0
167369,0,0
102329,0,0
-95847,0,0
-525645,0,0
-706285,0,0
-811916,0,0
-837519,0,0
-560070,0,0
-134875,0,0
192003,0,0
122912,0,0
-147337,0,0
-536229,0,0
-693060,0,0
-779187,0,0
-790211,0,0
-443810,0,0
-6783,0,0
210274,0,0
132289,0,0
-209406,0,0
-616595,0,0
-741544,0,0
-780731,0,0
-703203,0,0
-381583,0,0
-56123,0,0
165670,0,0
145188,0,0
-267617,0,0
-680888,0,0
-830880,0,0
-911415,0,0
-756044,0,0
-375677,0,0
65754,0,0
262123,0,0
-25178,0,0
-415347,0,0
-677838,0,0
-700315,0,0
-814242,0,0
-733635,0,0
-302477,0,0
162586,0,0
201873,0,0
-14865,0,0
-399366,0,0
-624938,0,0
-719137,0,0
-770641,0,0
-561522,0,0
-100885,0,0
284152,0,0
228884,0,0
-103787,0,0
-559703,0,0
-744525,0,0
-746747,0,0
-764468,0,0
-534875,0,0
-31240,0,0
200129,0,0
41466,0,0
-252727,0,0
-630833,0,0
-777125,0,0
-755450,0,0
-774071,0,0
-608736,0,0
-75759,0,0
266383,0,0
120304,0,0
-157892,0,0
-580511,0,0
-853760,0,0
-818834,0,0
-743574,0,0
-415168,0,0
28490,0,0
192120,0,0
88925,0,0
-297184,0,0
-672319,0,0
-790912,0,0
-773071,0,0
-785974,0,0
-462200,0,0
777,0,0
119906,0,0
47464,0,0
-311283,0,0
-654643,0,0
-812747,0,0
-850574,0,0
-791375,0,0
-421819,0,0
51593,0,0
179086,0,0
58597,0,0
-340940,0,0
-709599,0,0
-799930,0,0
-812969,0,0
-718157,0,0
-400522,0,0
-8337,0,0
160712,0,0
29325,0,0
-382495,0,0
-674310,0,0
-644815,0,0
-739310,0,0
-741085,0,0
-424319,0,0
-51456,0,0
332455,0,0
103733,0,0
-407985,0,0
-783044,0,0
-788244,0,0
-820655,0,0
-628177,0,0
-305713,0,0
203812,0,0
290529,0,0
-36958,0,0
-474018,0,0
-728179,0,0
-786915,0,0
-758479,0,0
-672529,0,0
-252579,0,0
99396,0,0
170582,0,0
33352,0,0
-448417,0,0
-740732,0,0
-773786,0,0
-782813,0,0
-672064,0,0
-311918,0,0
159721,0,0
91252,0,0
-173907,0,0
-544324,0,0
-758002,0,0
-764290,0,0
-737188,0,0
-571489,0,0
-141312,0,0
141205,0,0
97884,0,0
-131913,0,0
-510882,0,0
-784360,0,0
-774743,0,0
-729583,0,0
-462037,0,0
-20024,0,0
127198,0,0
143672,0,0
-169295,0,0
-621060,0,0
-826423,0,0
-777383,0,0
-783581,0,0
-502890,0,0
-84109,0,0
116770,0,0
136466,0,0
-267283,0,0
-661922,0,0
-759929,0,0
-847652,0,0
-830301,0,0
-504582,0,0
-98580,0,0
134208,0,0
163837,0,0
-194751,0,0
-663569,0,0
-789739,0,0
-831619,0,0
-785743,0,0
-551449,0,0
-98344,0,0
195093,0,0
130077,0,0
-215342,0,0
-657558,0,0
-809344,0,0
-817151,0,0
-694425,0,0
-532281,0,0
-86123,0,0
230968,0,0
121871,0,0
-253467,0,0
-676660,0,0
-784250,0,0
-868601,0,0
-781741,0,0
-477829,0,0
65189,0,0
172663,0,0
-10302,0,0
-313769,0,0
-627859,0,0
-703136,0,0
-722928,0,0
-742160,0,0
-396433,0,0
3448,0,0
118562,0,0
142617,0,0
-216702,0,0
-599793,0,0
-792981,0,0
-777038,0,0
-742070,0,0
-355080,0,0
83752,0,0
248924,0,0
132842,0,0
-303411,0,0
-640258,0,0
-685627,0,0
-787984,0,0
-717156,0,0
-277174,0,0
232513,0,0
275119,0,0
70041,0,0
-456688,0,0
-798239,0,0
-728601,0,0
-694363,0,0
-594688,0,0
-191056,0,0
99082,0,0
132727,0,0
-90569,0,0
-530723,0,0
-731834,0,0
-750769,0,0
-824649,0,0
-673622,0,0
-205127,0,0
121747,0,0
180774,0,0
-80583,0,0
-582489,0,0
-820662,0,0
-814275,0,0
-790566,0,0
-568329,0,0
-89266,0,0
140932,0,0
121287,0,0
-192805,0,0
-626911,0,0
-799380,0,0
-819296,0,0
-814224,0,0
-638723,0,0
-169638,0,0
153562,0,0
188204,0,0
-159331,0,0
-640343,0,0
-779551,0,0
-778260,0,0
-827563,0,0
-648344,0,0
-215636,0,0
111558,0,0
88236,0,0
-137414,0,0
-466335,0,0
-661875,0,0
-790145,0,0
-870885,0,0
-693974,0,0
-165488,0,0
171418,0,0
112299,0,0
-132578,0,0
-538153,0,0
-808335,0,0
-816511,0,0
-793318,0,0
-618510,0,0
-99998,0,0
114749,0,0
120076,0,0
-55946,0,0
-526644,0,0
-874295,0,0
-844131,0,0
-780117,0,0
-652414,0,0
-54846,0,0
212197,0,0
147156,0,0
-187435,0,0
-592201,0,0
-750956,0,0
-726850,0,0
-725261,0,0
-516917,0,0
8063,0,0
325439,0,0
252023,0,0
-217258,0,0
-676478,0,0
-738740,0,0
-788485,0,0
-745465,0,0
-391241,0,0
127595,0,0
268840,0,0
100250,0,0
-360077,0,0
-748220,0,0
-745161,0,0
-801089,0,0
-744994,0,0
-369678,0,0
15274,0,0
152651,0,0
63621,0,0
-376512,0,0
-734046,0,0
-804553,0,0
-812060,0,0
-713317,0,0
-338927,0,0
85926,0,0
175327,0,0
-35270,0,0
-408217,0,0
-650632,0,0
-753131,0,0
-779649,0,0
-732033,0,0
-333943,0,0
118252,0,0
228869,0,0
-44289,0,0
-438374,0,0
-617336,0,0
-760926,0,0
-773420,0,0
-698297,0,0
-137086,0,0
211411,0,0
135612,0,0
-137499,0,0
-499955,0,0
-737991,0,0
-796255,0,0
-718202,0,0
-668394,0,0
-228231,0,0
72180,0,0
114425,0,0
-142329,0,0
-543933,0,0
-757735,0,0
-805349,0,0
-757778,0,0
-640999,0,0
-187657,0,0
70967,0,0
112562,0,0
-81538,0,0
-547542,0,0
-812204,0,0
-745726,0,0
-768835,0,0
-676384,0,0
-104777,0,0
78463,0,0
27214,0,0
-185889,0,0
-549823,0,0
-780822,0,0
-716077,0,0
-739491,0,0
-631264,0,0
-112416,0,0
132055,0,0
152245,0,0
-130685,0,0
-556706,0,0
-711222,0,0
-771219,0,0
-785247,0,0
-547636,0,0
-65289,0,0
147536,0,0
162233,0,0
-156430,0,0
-546354,0,0
-659004,0,0
-839496,0,0
-798016,0,0
-512815,0,0
-60681,0,0
159874,0,0
158549,0,0
-195299,0,0
-604802,0,0
-743020,0,0
-888749,0,0
-715153,0,0
-478889,0,0
-126538,0,0
137675,0,0
170104,0,0
-175707,0,0
-591972,0,0
-774358,0,0
-903458,0,0
-851345,0,0
-547657,0,0
-82931,0,0
98308,0,0
194950,0,0
-90924,0,0
-557774,0,0
-763669,0,0
-834493,0,0
-787475,0,0
-485243,0,0
-6232,0,0
236589,0,0
88202,0,0
-294081,0,0
-637795,0,0
-794629,0,0
-769929,0,0
-794099,0,0
-423779,0,0
-34477,0,0
67477,0,0
78447,0,0
-300900,0,0
-701767,0,0
-800333,0,0
-764378,0,0
-796068,0,0
-414444,0,0
-40690,0,0
167373,0,0
148172,0,0
-308804,0,0
-697655,0,0
-745746,0,0
-778741,0,0
-766797,0,0
-267254,0,0
121725,0,0
182266,0,0
43383,0,0
-444635,0,0
-760063,0,0
-752483,0,0
-773965,0,0
-665055,0,0
-178841,0,0
81386,0,0
168715,0,0
-10435,0,0
-448474,0,0
-724584,0,0
-782657,0,0
-765071,0,0
-643044,0,0
-219205,0,0
48971,0,0
126179,0,0
-76517,0,0
-496697,0,0
-701043,0,0
-830141,0,0
-830790,0,0
-652205,0,0
-222888,0,0
110935,0,0
221627,0,0
-77530,0,0
-566999,0,0
-834509,0,0
-843446,0,0
-754913,0,0
-668343,0,0
-238869,0,0
45302,0,0
82720,0,0
-115082,0,0
-491124,0,0
-810281,0,0
-870775,0,0
-818932,0,0
-750568,0,0
-285800,0,0
20115,0,0
69076,0,0
-86430,0,0
-501616,0,0
-778955,0,0
-828458,0,0
-881669,0,0
-754421,0,0
-262080,0,0
153182,0,0
183278,0,0
-147136,0,0
-587407,0,0
-881589,0,0
-820530,0,0
-766231,0,0
-658726,0,0
-288041,0,0
20720,0,0
114339,0,0
-30580,0,0
-461771,0,0
-802970,0,0
-790833,0,0
-840684,0,0
-748963,0,0
-340793,0,0
19375,0,0
143747,0,0
-29050,0,0
-408404,0,0
-687168,0,0
-798860,0,0
-803651,0,0
-705113,0,0
-358278,0,0
21302,0,0
188137,0,0
6544,0,0
-423537,0,0
-697371,0,0
-733903,0,0
-807189,0,0
-681813,0,0
-284720,0,0
39939,0,0
201444,0,0
147801,0,0
-309290,0,0
-737256,0,0
-791589,0,0
-763253,0,0
-710273,0,0
-290061,0,0
60862,0,0
130455,0,0
811,0,0
-455235,0,0
-706994,0,0
-831487,0,0
-752703,0,0
-706729,0,0
-345979,0,0
70939,0,0
85058,0,0
-39024,0,0
-396200,0,0
-753828,0,0
-819632,0,0
-856706,0,0
-746843,0,0
-347818,0,0
10435,0,0
45946,0,0
-23429,0,0
-368904,0,0
-732771,0,0
-791154,0,0
-821719,0,0
-796740,0,0
-420175,0,0
-22990,0,0
102972,0,0
102284,0,0
-285988,0,0
-702799,0,0
-788980,0,0
-809775,0,0
-668573,0,0
-443554,0,0
-87904,0,0
150941,0,0
104117,0,0
-307987,0,0
-725964,0,0
-795589,0,0
-754984,0,0
-765866,0,0
-486653,0,0
21119,0,0
205032,0,0
119670,0,0
-264628,0,0
-669045,0,0
-849373,0,0
-791804,0,0
-743534,0,0
-360872,0,0
198225,0,0
249624,0,0
48402,0,0
-367693,0,0
-705509,0,0
-765600,0,0
-652580,0,0
-756924,0,0
-451307,0,0
-47903,0,0
88420,0,0
175186,0,0
-142727,0,0
-603109,0,0
-863197,0,0
-735031,0,0
-726388,0,0
-347721,0,0
109403,0,0
271570,0,0
61261,0,0
-408206,0,0
-720930,0,0
-731646,0,0
-744406,0,0
-674523,0,0
-245693,0,0
101416,0,0
185127,0,0
-17585,0,0
-462169,0,0
-759528,0,0
-744501,0,0
-823397,0,0
-684936,0,0
-148933,0,0
91113,0,0
114526,0,0
-17328,0,0
-455365,0,0
-810603,0,0
-792795,0,0
-732382,0,0
-662990,0,0
-226339,0,0
56549,0,0
142792,0,0
-62113,0,0
-482345,0,0
-721022,0,0
-819600,0,0
-794878,0,0
-651168,0,0
-267770,0,0
10241,0,0
170103,0,0
-53709,0,0
-459387,0,0
-712329,0,0
-769413,0,0
-754610,0,0
-666291,0,0
-288209,0,0
76431,0,0
39895,0,0
-116052,0,0
-444792,0,0
-696545,0,0
-730774,0,0
-753358,0,0
-782917,0,0
-378651,0,0
74681,0,0
171771,0,0
25199,0,0
-420197,0,0
-755541,0,0
-774475,0,0
-777011,0,0
-742354,0,0
-256295,0,0
114788,0,0
71987,0,0
-71691,0,0
-413742,0,0
-697599,0,0
-722765,0,0
-791678,0,0
-668169,0,0
-259652,0,0
55443,0,0
76480,0,0
11000,0,0
-410205,0,0
-713208,0,0
-770528,0,0
-804618,0,0
-621112,0,0
-225611,0,0
30358,0,0
80251,0,0
-43855,0,0
-423692,0,0
-651942,0,0
-719960,0,0
-884395,0,0
-771617,0,0
-351755,0,0
73009,0,0
184698,0,0
-59665,0,0
-456014,0,0
-690573,0,0
-812854,0,0
-819629,0,0
-727554,0,0
-329040,0,0
81792,0,0
141128,0,0
-37112,0,0
-425490,0,0
-726284,0,0
-841298,0,0
-788796,0,0
-721901,0,0
-357312,0,0
135104,0,0
133420,0,0
-22000,0,0
-394947,0,0
-777310,0,0
-814648,0,0
-731674,0,0
-764879,0,0
-471959,0,0
27892,0,0
126954,0,0
65918,0,0
-264127,0,0
-579573,0,0
-736672,0,0
-815766,0,0
-745432,0,0
-364570,0,0
86440,0,0
186016,0,0
133369,0,0
-314990,0,0
-668578,0,0
-764196,0,0
-785877,0,0
-585728,0,0
-204966,0,0
93544,0,0
228304,0,0
88589,0,0
-336495,0,0
-641525,0,0
-729756,0,0
-780549,0,0
-614587,0,0
-165748,0,0
182723,0,0
228500,0,0
-89286,0,0
-550753,0,0
-727415,0,0
-658187,0,0
-683771,0,0
-601262,0,0
-118824,0,0
203118,0,0
115993,0,0
-179486,0,0
-547569,0,0
-666290,0,0
-711994,0,0
-721953,0,0
-453497,0,0
-18499,0,0
251585,0,0
149158,0,0
-291016,0,0
-653167,0,0
-759383,0,0
-731657,0,0
-702917,0,0
-414407,0,0
31529,0,0
118820,0,0
65110,0,0
-331109,0,0
-609544,0,0
-776058,0,0
-811490,0,0
-741834,0,0
-408290,0,0
-19567,0,0
200278,0,0
89602,0,0
-317490,0,0
-696881,0,0
-848944,0,0
-758268,0,0
-733135,0,0
-311634,0,0
90145,0,0
139446,0,0
1696,0,0
-449386,0,0
-743971,0,0
-846825,0,0
-766995,0,0
-621443,0,0
-232664,0,0
101534,0,0
171253,0,0
-3536,0,0
-406535,0,0
-704362,0,0
-791640,0,0
-867990,0,0
-692886,0,0
-180658,0,0
231463,0,0
234497,0,0
-96591,0,0
-535381,0,0
-781589,0,0
-789421,0,0
-855765,0,0
-679417,0,0
-82226,0,0
184874,0,0
171624,0,0
-30583,0,0
-444407,0,0
-758680,0,0
-803333,0,0
-805303,0,0
-521606,0,0
-35452,0,0
182842,0,0
119179,0,0
-178062,0,0
-562061,0,0
-712348,0,0
-630269,0,0
-720786,0,0
-551391,0,0
-188469,0,0
190593,0,0
256276,0,0
-244746,0,0
-662640,0,0
-703282,0,0
-731658,0,0
-755330,0,0
-460818,0,0
-51752,0,0
207538,0,0
115259,0,0
-270300,0,0
-587588,0,0
-812300,0,0
-867981,0,0
-760240,0,0
-401356,0,0
44496,0,0
226911,0,0
-29391,0,0
-457431,0,0
-736537,0,0
-844070,0,0
-853520,0,0
-738597,0,0
-405432,0,0
98973,0,0
172673,0,0
-6068,0,0
-423237,0,0
-751758,0,0
-847252,0,0
-848501,0,0
-763793,0,0
-361817,0,0
77023,0,0
108245,0,0
-23391,0,0
-422007,0,0
-724447,0,0
-841641,0,0
-708900,0,0
-634447,0,0
-345688,0,0
61440,0,0
118219,0,0
46494,0,0
-346743,0,0
-723795,0,0
-757745,0,0
-797589,0,0
-710431,0,0
-261914,0,0
174241,0,0
199930,0,0
-19872,0,0
-455863,0,0
-737750,0,0
-784638,0,0
-873881,0,0
-678967,0,0
-148836,0,0
180079,0,0
205005,0,0
-9663,0,0
-475296,0,0
-764291,0,0
-875074,0,0
-797450,0,0
-580820,0,0
-135339,0,0
102898,0,0
100026,0,0
-145905,0,0
-524705,0,0
-662079,0,0
-713688,0,0
-811675,0,0
-666343,0,0
-167743,0,0
117726,0,0
158404,0,0
-94247,0,0
-568398,0,0
-751348,0,0
-762005,0,0
-733260,0,0
-483823,0,0
-53683,0,0
101627,0,0
61588,0,0
-156381,0,0
-488373,0,0
-727851,0,0
-819173,0,0
-760970,0,0
-501313,0,0
-89219,0,0
165351,0,0
162732,0,0
-195697,0,0
-593051,0,0
-780799,0,0
-805186,0,0
-729225,0,0
-464881,0,0
49203,0,0
241067,0,0
127662,0,0
-240856,0,0
-650815,0,0
-825645,0,0
-850061,0,0
-784989,0,0
-352822,0,0
344336,0,0
363145,0,0
51954,0,0
-391863,0,0
-737387,0,0
-762720,0,0
-695761,0,0
-656295,0,0
-234714,0,0
212231,0,0
206476,0,0
32771,0,0
-365813,0,0
-712476,0,0
-769759,0,0
-851839,0,0
-632943,0,0
-106323,0,0
185129,0,0
154111,0,0
-97257,0,0
-552772,0,0
-806692,0,0
-771092,0,0
-809256,0,0
-660495,0,0
-174014,0,0
150567,0,0
209227,0,0
-97846,0,0
-538399,0,0
-816979,0,0
-860341,0,0
-767788,0,0
-534156,0,0
-80597,0,0
115139,0,0
117082,0,0
-157784,0,0
-552823,0,0
-821834,0,0
-823025,0,0
-761418,0,0
-567538,0,0
-114653,0,0
161676,0,0
153402,0,0
-185171,0,0
-633002,0,0
-753768,0,0
-816715,0,0
-806394,0,0
-528566,0,0
-51334,0,0
133597,0,0
140422,0,0
-208773,0,0
-653828,0,0
-788638,0,0
-792452,0,0
-830244,0,0
-665396,0,0
-141205,0,0
175323,0,0
66667,0,0
-228597,0,0
-571927,0,0
-817138,0,0
-869781,0,0
-779826,0,0
-595620,0,0
-97560,0,0
118227,0,0
94231,0,0
-198482,0,0
-606235,0,0
-854858,0,0
-846922,0,0
-815028,0,0
-577063,0,0
-145090,0,0
152266,0,0
162426,0,0
-235063,0,0
-682757,0,0
-826820,0,0
-757197,0,0
-792839,0,0
-603232,0,0
-136219,0,0
191146,0,0
182402,0,0
-137160,0,0
-572317,0,0
-751541,0,0
-813711,0,0
-795756,0,0
-462807,0,0
-799,0,0
105162,0,0
102042,0,0
-254134,0,0
-655130,0,0
-709923,0,0
-728949,0,0
-797509,0,0
-507916,0,0
-84154,0,0
114426,0,0
125167,0,0
-200160,0,0
-598090,0,0
-719264,0,0
-847403,0,0
-807133,0,0
-499952,0,0
-62447,0,0
119770,0,0
132598,0,0
-219729,0,0
-659052,0,0
-825587,0,0
-818674,0,0
-767092,0,0
-516933,0,0
-97168,0,0
155877,0,0
116175,0,0
-243210,0,0
-650155,0,0
-809484,0,0
-777595,0,0
-744238,0,0
-446608,0,0
2457,0,0
96394,0,0
65839,0,0
-277178,0,0
-660953,0,0
-778741,0,0
-759238,0,0
-788129,0,0
-462269,0,0
-67420,0,0
145217,0,0
129802,0,0
-215175,0,0
-650955,0,0
-818322,0,0
-839628,0,0
-845390,0,0
-506303,0,0
-115772,0,0
231746,0,0
191936,0,0
-255663,0,0
-717598,0,0
-705476,0,0
-749569,0,0
-826381,0,0
-477381,0,0
-19093,0,0
232006,0,0
168262,0,0
-304570,0,0
-716512,0,0
-709197,0,0
-756113,0,0
-732997,0,0
-356919,0,0
33024,0,0
174996,0,0
89777,0,0
-289370,0,0
-649928,0,0
-794127,0,0
-784192,0,0
-717013,0,0
-305075,0,0
4377,0,0
121608,0,0
34321,0,0
-385964,0,0
-677891,0,0
-816837,0,0
-815239,0,0
-664008,0,0
-342062,0,0
21698,0,0
135532,0,0
45915,0,0
-373484,0,0
-623616,0,0
-860775,0,0
-839596,0,0
-702716,0,0
-281039,0,0
61965,0,0
125041,0,0
-22614,0,0
-386248,0,0
-689302,0,0
-873643,0,0
-857749,0,0
-671444,0,0
-287482,0,0
144729,0,0
222571,0,0
4280,0,0
-453546,0,0
-705805,0,0
-751924,0,0
-773838,0,0
-682828,0,0
-189479,0,0
126955,0,0
218988,0,0
-14189,0,0
-449962,0,0
-768612,0,0
-734185,0,0
-832022,0,0
-752273,0,0
-262059,0,0
30579,0,0
98585,0,0
-35363,0,0
-458111,0,0
-777185,0,0
-851166,0,0
-714551,0,0
-615711,0,0
-217603,0,0
37106,0,0
68617,0,0
-117589,0,0
-512605,0,0
-643758,0,0
-798376,0,0
-823872,0,0
-560829,0,0
-102492,0,0
102489,0,0
111274,0,0
-123114,0,0
-544895,0,0
-670091,0,0
-768167,0,0
-809356,0,0
-591626,0,0
-194349,0,0
101356,0,0
202855,0,0
-71205,0,0
-496826,0,0
-743932,0,0
-867023,0,0
-769793,0,0
-565052,0,0
-151132,0,0
140146,0,0
73810,0,0
-181448,0,0
-518203,0,0
-768648,0,0
-858386,0,0
-856706,0,0
-638553,0,0
-108762,0,0
245850,0,0
170219,0,0
-140516,0,0
-560273,0,0
-832486,0,0
-882472,0,0
-810618,0,0
-567430,0,0
-59628,0,0
165635,0,0
95147,0,0
-174773,0,0
-561631,0,0
-792998,0,0
-812049,0,0
-807776,0,0
-594449,0,0
-72592,0,0
182980,0,0
200863,0,0
-120859,0,0
-573979,0,0
-838270,0,0
-779346,0,0
-839138,0,0
-468328,0,0
-2537,0,0
151703,0,0
132506,0,0
-204543,0,0
-640249,0,0
-784429,0,0
-829605,0,0
-865324,0,0
-513010,0,0
-38158,0,0
151921,0,0
78558,0,0
-291727,0,0
-669200,0,0
-762185,0,0
-788842,0,0
-745237,0,0
-548116,0,0
-106107,0,0
189788,0,0
163622,0,0
-217232,0,0
-640684,0,0
-824320,0,0
-850439,0,0
-724178,0,0
-512746,0,0
-140178,0,0
200542,0,0
90782,0,0
-236239,0,0
-564646,0,0
-775776,0,0
-834377,0,0
-831385,0,0
-580281,0,0
-68431,0,0
224553,0,0
65204,0,0
-245361,0,0
-606304,0,0
-865370,0,0
-762941,0,0
-738718,0,0
-537218,0,0
-93457,0,0
143522,0,0
89330,0,0
-250892,0,0
-660804,0,0
-860290,0,0
-765474,0,0
-739943,0,0
-476621,0,0
-93971,0,0
188648,0,0
149762,0,0
-167316,0,0
-616538,0,0
-754217,0,0
-748492,0,0
-794724,0,0
-508592,0,0
-25188,0,0
168013,0,0
184668,0,0
-191403,0,0
-654917,0,0
-787497,0,0
-828632,0,0
-761359,0,0
-397299,0,0
19278,0,0
147932,0,0
146638,0,0
-258875,0,0
-655561,0,0
-765742,0,0
-801990,0,0
-621087,0,0
-346726,0,0
34975,0,0
160662,0,0
52455,0,0
-331532,0,0
-655536,0,0
-780594,0,0
-775426,0,0
-677144,0,0
-352827,0,0
4434,0,0
170420,0,0
78184,0,0
-359602,0,0
-659746,0,0
-726236,0,0
-754988,0,0
-684864,0,0
-265714,0,0
150568,0,0
252284,0,0
-615,0,0
-493199,0,0
-732858,0,0
-754582,0,0
-669969,0,0
-614400,0,0
-166334,0,0
184180,0,0
148679,0,0
-45870,0,0
-441470,0,0
-771645,0,0
-755020,0,0
-695597,0,0
-617174,0,0
-170147,0,0
161382,0,0
195932,0,0
-93771,0,0
-530460,0,0
-818019,0,0
-789571,0,0
-744702,0,0
-575053,0,0
-80361,0,0
105237,0,0
69758,0,0
-167547,0,0
-574247,0,0
-840007,0,0
-773440,0,0
-754578,0,0
-599163,0,0
-141200,0,0
90072,0,0
75933,0,0
-176835,0,0
-623395,0,0
-769199,0,0
-723653,0,0
-801681,0,0
-666089,0,0
-248263,0,0
85209,0,0
199238,0,0
-120271,0,0
-632444,0,0
-774254,0,0
-813667,0,0
-858384,0,0
-647911,0,0
-171897,0,0
198770,0,0
296498,0,0
-95024,0,0
-606706,0,0
-791584,0,0
-856988,0,0
-803709,0,0
-563662,0,0
-120201,0,0
184707,0,0
184090,0,0
-157897,0,0
-570137,0,0
-749458,0,0
-790469,0,0
-818427,0,0
-593155,0,0
-43100,0,0
232175,0,0
209733,0,0
-172088,0,0
-587047,0,0
-840157,0,0
-742966,0,0
-708770,0,0
-509452,0,0
-19541,0,0
223992,0,0
132437,0,0
-218988,0,0
-622681,0,0
-711979,0,0
-733711,0,0
-776785,0,0
-513582,0,0
2205,0,0
196787,0,0
91277,0,0
-254531,0,0
-629099,0,0
-755036,0,0
-801489,0,0
-804565,0,0
-426027,0,0
-2077,0,0
117675,0,0
143775,0,0
-245320,0,0
-721458,0,0
-778360,0,0
-840022,0,0
-816069,0,0
-402835,0,0
-31628,0,0
158107,0,0
104023,0,0
-296233,0,0
-682092,0,0
-701306,0,0
-813949,0,0
-769313,0,0
-332789,0,0
111981,0,0
217021,0,0
88028,0,0
-363362,0,0
-653065,0,0
-695850,0,0
-751264,0,0
-727103,0,0
-291542,0,0
75257,0,0
257866,0,0
34636,0,0
-463485,0,0
-681501,0,0
-804625,0,0
-830250,0,0
-718350,0,0
-276171,0,0
67238,0,0
239568,0,0
6561,0,0
-463354,0,0
-689017,0,0
-862545,0,0
-810880,0,0
-696570,0,0
-199396,0,0
130672,0,0
116857,0,0
-136279,0,0
-559057,0,0
-817085,0,0
-753578,0,0
-662619,0,0
-585163,0,0
-78186,0,0
153865,0,0
128185,0,0
-136950,0,0
-542844,0,0
-745245,0,0
-678669,0,0
-562557,0,0
-468059,0,0
-117315,0,0
95430,0,0
113443,0,0
-109029,0,0
-451120,0,0
-653240,0,0
-753533,0,0
-795870,0,0
-528037,0,0
-48688,0,0
229132,0,0
126346,0,0
-238449,0,0
-634413,0,0
-726604,0,0
-693244,0,0
-712981,0,0
-400610,0,0
83936,0,0
233834,0,0
145069,0,0
-266952,0,0
-718364,0,0
-718095,0,0
-733351,0,0
-734835,0,0
-237642,0,0
140839,0,0
258534,0,0
53333,0,0
-460914,0,0
-727874,0,0
-697623,0,0
-778878,0,0
-628009,0,0
-190111,0,0
181755,0,0
235515,0,0
-16391,0,0
-490038,0,0
-726204,0,0
-816650,0,0
-849114,0,0
-599412,0,0
-81828,0,0
165804,0,0
196767,0,0
-171180,0,0
-704106,0,0
-832165,0,0
-806344,0,0
-757174,0,0
-505358,0,0
-85022,0,0
211693,0,0
82845,0,0
-298254,0,0
-613534,0,0
-721548,0,0
-868918,0,0
-783674,0,0
-451597,0,0
20426,0,0
158113,0,0
38846,0,0
-341817,0,0
-648503,0,0
-652253,0,0
-774851,0,0
-782823,0,0
-459048,0,0
-19878,0,0
205286,0,0
125167,0,0
-297598,0,0
-685249,0,0
-738248,0,0
-704493,0,0
-681886,0,0
-298969,0,0
108892,0,0
229845,0,0
10473,0,0
-422475,0,0
-698440,0,0
-757471,0,0
-833073,0,0
-717839,0,0
-275596,0,0
134724,0,0
287838,0,0
-11955,0,0
-477760,0,0
-749282,0,0
-783638,0,0
-780734,0,0
-552956,0,0
-10055,0,0
196365,0,0
116742,0,0
-173497,0,0
-548771,0,0
-805873,0,0
-708023,0,0
-597365,0,0
-383312,0,0
100519,0,0
113848,0,0
36814,0,0
-276434,0,0
-616219,0,0
-743149,0,0
-781281,0,0
-759915,0,0
-422524,0,0
93861,0,0
225774,0,0
81418,0,0
-289755,0,0
-755366,0,0
-853563,0,0
-694307,0,0
-648612,0,0
-321150,0,0
55794,0,0
122166,0,0
4581,0,0
-465184,0,0
-835834,0,0
-770375,0,0
-774191,0,0
-618519,0,0
-178621,0,0
97148,0,0
179763,0,0
-69438,0,0
-543445,0,0
-796727,0,0
-675732,0,0
-741370,0,0
-569199,0,0
-143336,0,0
145583,0,0
229056,0,0
-118581,0,0
-605682,0,0
-753971,0,0
-772807,0,0
-776079,0,0
-441356,0,0
11669,0,0
252938,0,0
166143,0,0
-298825,0,0
-730293,0,0
-754040,0,0
-774715,0,0
-734856,0,0
-330412,0,0
15955,0,0
190949,0,0
72261,0,0
-386917,0,0
-670870,0,0
-782787,0,0
-830084,0,0
-764611,0,0
-349377,0,0
40427,0,0
213126,0,0
45373,0,0
-441699,0,0
-674531,0,0
-768216,0,0
-809767,0,0
-706208,0,0
-262679,0,0
104358,0,0
208008,0,0
-118558,0,0
-529060,0,0
-748891,0,0
-778704,0,0
-681607,0,0
-551696,0,0
-195228,0,0
120350,0,0
128561,0,0
-151016,0,0
-526467,0,0
-732033,0,0
-780613,0,0
-760974,0,0
-510493,0,0
-61198,0,0
270492,0,0
194658,0,0
-203307,0,0
-618316,0,0
-789947,0,0
-809031,0,0
-731979,0,0
-406555,0,0
180258,0,0
228490,0,0
34169,0,0
-375039,0,0
-740253,0,0
-816825,0,0
-763367,0,0
-764988,0,0
-335486,0,0
91424,0,0
88380,0,0
-28786,0,0
-413646,0,0
-709796,0,0
-773218,0,0
-849630,0,0
-748735,0,0
-286557,0,0
102784,0,0
111426,0,0
-677,0,0
-474058,0,0
-767447,0,0
-817285,0,0
-822172,0,0
-760626,0,0
-321856,0,0
55443,0,0
108204,0,0
-36942,0,0
-458520,0,0
-705586,0,0
-748629,0,0
-809125,0,0
-682643,0,0
-184356,0,0
-24465,0,0
97593,0,0
-84562,0,0
-502853,0,0
-727156,0,0
-769395,0,0
-807557,0,0
-595737,0,0
-156433,0,0
66658,0,0
74560,0,0
-154607,0,0
-571731,0,0
-725724,0,0
-783023,0,0
-760553,0,0
-590270,0,0
-145334,0,0
102938,0,0
114852,0,0
-134272,0,0
-520228,0,0
-733372,0,0
-839692,0,0
-732502,0,0
-489126,0,0
-83022,0,0
220663,0,0
173524,0,0
-232618,0,0
-612822,0,0
-784116,0,0
-842618,0,0
-723831,0,0
-468681,0,0
-23284,0,0
211494,0,0
92047,0,0
-285520,0,0
-602921,0,0
-841420,0,0
-819875,0,0
-798039,0,0
-502667,0,0
23961,0,0
127396,0,0
22587,0,0
-365969,0,0
-679223,0,0
-852873,0,0
-870475,0,0
-835780,0,0
-507034,0,0
1056,0,0
189585,0,0
47865,0,0
-297164,0,0
-656332,0,0
-820814,0,0
-806517,0,0
-842689,0,0
-480150,0,0
8960,0,0
149286,0,0
150423,0,0
-183135,0,0
-601291,0,0
-832077,0,0
-835591,0,0
-737278,0,0
-376781,0,0
-24182,0,0
175675,0,0
125001,0,0
-306851,0,0
-693719,0,0
-770193,0,0
-799809,0,0
-789002,0,0
-326896,0,0
108417,0,0
230019,0,0
49561,0,0
-451347,0,0
-753684,0,0
-813597,0,0
-835675,0,0
-733333,0,0
-337620,0,0
-3977,0,0
208340,0,0
25536,0,0
-487407,0,0
-729610,0,0
-831954,0,0
-815013,0,0
-700367,0,0
-303048,0,0
91605,0,0
213173,0,0
35877,0,0
-451953,0,0
-743814,0,0
-829188,0,0
-769215,0,0
-661539,0,0
-229815,0,0
105262,0,0
123149,0,0
-83298,0,0
-465046,0,0
-760279,0,0
-770590,0,0
-776089,0,0
-767574,0,0
-334823,0,0
116624,0,0
208904,0,0
31068,0,0
-407191,0,0
-787331,0,0
-816065,0,0
-755694,0,0
-700996,0,0
-298004,0,0
62716,0,0
221181,0,0
56442,0,0
-400370,0,0
-775254,0,0
-729731,0,0
-816675,0,0
-711466,0,0
-188586,0,0
83116,0,0
208594,0,0
35423,0,0
-406988,0,0
-696999,0,0
-697777,0,0
-828233,0,0
-697802,0,0
-219749,0,0
97130,0,0
235587,0,0
-48830,0,0
-501997,0,0
-735361,0,0
-824238,0,0
-834161,0,0
-696165,0,0
-288365,0,0
-3302,0,0
212307,0,0
-26928,0,0
-511963,0,0
-776014,0,0
-883601,0,0
-852178,0,0
-676925,0,0
-210836,0,0
229911,0,0
223542,0,0
-101640,0,0
-601525,0,0
-852164,0,0
-827391,0,0
-772685,0,0
-605776,0,0
-159838,0,0
218838,0,0
103220,0,0
-187749,0,0
-543009,0,0
-766663,0,0
-837208,0,0
-806401,0,0
-641560,0,0
-155066,0,0
91279,0,0
104055,0,0
-138307,0,0
-524784,0,0
-788161,0,0
-803921,0,0
-737816,0,0
-610565,0,0
-161770,0,0
165365,0,0
120753,0,0
-179831,0,0
-583619,0,0
-822681,0,0
-790856,0,0
-833196,0,0
-615820,0,0
-145990,0,0
203120,0,0
240724,0,0
-66148,0,0
-576777,0,0
-870880,0,0
-767183,0,0
-744268,0,0
-548528,0,0
-145075,0,0
81510,0,0
170153,0,0
-116735,0,0
-624532,0,0
-751063,0,0
-801564,0,0
-828379,0,0
-547675,0,0
-67191,0,0
113932,0,0
177298,0,0
-180960,0,0
-602785,0,0
-707420,0,0
-763733,0,0
-722044,0,0
-607737,0,0
-278857,0,0
66696,0,0
191879,0,0
-181682,0,0
-617769,0,0
-761663,0,0
-805993,0,0
-775609,0,0
-601706,0,0
-189996,0,0
91468,0,0
93631,0,0
-159879,0,0
-552828,0,0
-769145,0,0
-830719,0,0
-835193,0,0
-647757,0,0
-124361,0,0
113432,0,0
125269,0,0
-143779,0,0
-557962,0,0
-823685,0,0
-779009,0,0
-767389,0,0
-615264,0,0
-140930,0,0
97832,0,0
111709,0,0
-97698,0,0
-557683,0,0
-717302,0,0
-712535,0,0
-742989,0,0
-641278,0,0
-130365,0,0
117125,0,0
182032,0,0
-80039,0,0
-584896,0,0
-762348,0,0
-842714,0,0
-805078,0,0
-586615,0,0
-114790,0,0
42466,0,0
160654,0,0
-91635,0,0
-544981,0,0
-710529,0,0
-793486,0,0
-758445,0,0
-579677,0,0
-179570,0,0
55941,0,0
156808,0,0
-94664,0,0
-504847,0,0
-693357,0,0
-785718,0,0
-770487,0,0
-582429,0,0
-157080,0,0
119043,0,0
115055,0,0
-159688,0,0
-536920,0,0
-754504,0,0
-859703,0,0
-770075,0,0
-631163,0,0
-176372,0,0
67039,0,0
148622,0,0
-65811,0,0
-435719,0,0
-776933,0,0
-815994,0,0
-815511,0,0
-690078,0,0
-130785,0,0
188732,0,0
181758,0,0
-93991,0,0
-557334,0,0
-819867,0,0
-806341,0,0
-785363,0,0
-609124,0,0
-89173,0,0
95419,0,0
84534,0,0
-38185,0,0
-442342,0,0
-770407,0,0
-855189,0,0
-806354,0,0
-594008,0,0
-123058,0,0
76177,0,0
134355,0,0
-124164,0,0
-577225,0,0
-746998,0,0
-750911,0,0
-844153,0,0
-658786,0,0
-170029,0,0
134588,0,0
166391,0,0
-145061,0,0
-547454,0,0
-736544,0,0
-854405,0,0
-699958,0,0
-466501,0,0
-134640,0,0
70590,0,0
79257,0,0
-155341,0,0
-510260,0,0
-740198,0,0
-819156,0,0
-807527,0,0
-639786,0,0
-139059,0,0
229649,0,0
138896,0,0
-128099,0,0
-506770,0,0
-763786,0,0
-868487,0,0
-858386,0,0
-611663,0,0
-111461,0,0
180131,0,0
158400,0,0
-89883,0,0
-504814,0,0
-800312,0,0
-845567,0,0
-807489,0,0
-597161,0,0
-79902,0,0
189905,0,0
181610,0,0
-90390,0,0
-568885,0,0
-816836,0,0
-791222,0,0
-750265,0,0
-557451,0,0
-92430,0,0
71646,0,0
113918,0,0
-49758,0,0
-497031,0,0
-713926,0,0
-750732,0,0
-802825,0,0
-663629,0,0
-246544,0,0
145459,0,0
161535,0,0
-127637,0,0
-578297,0,0
-726373,0,0
-815340,0,0
-917944,0,0
-622956,0,0
-135079,0,0
57389,0,0
147047,0,0
-122801,0,0
-570863,0,0
-708466,0,0
-812824,0,0
-855441,0,0
-627929,0,0
-212176,0,0
79097,0,0
167008,0,0
-76476,0,0
-507129,0,0
-744885,0,0
-869122,0,0
-824830,0,0
-594242,0,0
-191903,0,0
97876,0,0
153483,0,0
-63167,0,0
-472248,0,0
-726657,0,0
-835693,0,0
-794875,0,0
-636710,0,0
-170453,0,0
108432,0,0
156754,0,0
-30525,0,0
-511480,0,0
-770128,0,0
-827594,0,0
-850897,0,0
-684020,0,0
-201451,0,0
117723,0,0
136528,0,0
-82460,0,0
-585569,0,0
-768944,0,0
-780344,0,0
-885632,0,0
-707930,0,0
-140754,0,0
109005,0,0
137171,0,0
-109140,0,0
-559996,0,0
-762113,0,0
-857046,0,0
-874074,0,0
-687463,0,0
-220855,0,0
30348,0,0
115565,0,0
-59443,0,0
-500811,0,0
-745764,0,0
-850980,0,0
-878252,0,0
-680881,0,0
-276489,0,0
-39468,0,0
-5391,0,0
-34012,0,0
-342887,0,0
-673052,0,0
-913615,0,0
-760409,0,0
-717777,0,0
-340382,0,0
-38250,0,0
44588,0,0
458,0,0
-365020,0,0
-715850,0,0
-812490,0,0
-713381,0,0
-703094,0,0
-301868,0,0
60237,0,0
131301,0,0
31473,0,0
-345332,0,0
-673825,0,0
-766410,0,0
-757916,0,0
-746618,0,0
-301418,0,0
109412,0,0
169852,0,0
67431,0,0
-354742,0,0
-716850,0,0
-803934,0,0
-818587,0,0
-771247,0,0
-265907,0,0
107624,0,0
150958,0,0
50554,0,0
-383626,0,0
-752569,0,0
-732042,0,0
-747457,0,0
-690728,0,0
-328684,0,0
-201,0,0
148630,0,0
59286,0,0
-408404,0,0
-686474,0,0
-690710,0,0
-871361,0,0
-775689,0,0
-362337,0,0
16452,0,0
201232,0,0
61433,0,0
-354194,0,0
-712951,0,0
-747972,0,0
-780982,0,0
-678441,0,0
-420320,0,0
-67709,0,0
150745,0,0
82033,0,0
-285492,0,0
-670078,0,0
-756037,0,0
-738593,0,0
-813175,0,0
-494379,0,0
14871,0,0
196006,0,0
103464,0,0
-268939,0,0
-661220,0,0
-809643,0,0
-895643,0,0
-748335,0,0
-320824,0,0
62147,0,0
82792,0,0
24370,0,0
-350730,0,0
-710728,0,0
-723938,0,0
-765512,0,0
-802879,0,0
-466221,0,0
-33455,0,0
242666,0,0
207810,0,0
-288844,0,0
-763330,0,0
-795884,0,0
-812387,0,0
-835428,0,0
-459201,0,0
51792,0,0
228541,0,0
119014,0,0
-308700,0,0
-674935,0,0
-796948,0,0
-777846,0,0
-702230,0,0
-413577,0,0
-3429,0,0
234070,0,0
146229,0,0
-308043,0,0
-664240,0,0
-750954,0,0
-801368,0,0
-722802,0,0
-323813,0,0
79498,0,0
175829,0,0
49335,0,0
-307956,0,0
-543432,0,0
-733202,0,0
-789840,0,0
-745696,0,0
-432783,0,0
125323,0,0
387482,0,0
115281,0,0
-404981,0,0
-751677,0,0
-809597,0,0
-785437,0,0
-682236,0,0
-313578,0,0
149100,0,0
186712,0,0
36135,0,0
-373577,0,0
-663254,0,0
-841565,0,0
-757982,0,0
-623350,0,0
-208574,0,0
142270,0,0
171870,0,0
20767,0,0
-471163,0,0
-869045,0,0
-821302,0,0
-669875,0,0
-634434,0,0
-173963,0,0
-4236,0,0
88071,0,0
-21613,0,0
-431752,0,0
-654219,0,0
-774942,0,0
-810281,0,0
-672758,0,0
-154435,0,0
78964,0,0
100514,0,0
-124120,0,0
-570038,0,0
-736080,0,0
-712610,0,0
-832010,0,0
-688303,0,0
-274115,0,0
-14283,0,0
142733,0,0
-106398,0,0
-567757,0,0
-665872,0,0
-808271,0,0
-899429,0,0
-757045,0,0
-213427,0,0
136432,0,0
117451,0,0
-74758,0,0
-503476,0,0
-803757,0,0
-791354,0,0
-784474,0,0
-694786,0,0
-227644,0,0
165951,0,0
230691,0,0
-62542,0,0
-475303,0,0
-762794,0,0
-863147,0,0
-778415,0,0
-660361,0,0
-123746,0,0
208953,0,0
120591,0,0
-82468,0,0
-448867,0,0
-750597,0,0
-740201,0,0
-689087,0,0
-680812,0,0
-187678,0,0
129892,0,0
113334,0,0
-79315,0,0
-490185,0,0
-747451,0,0
-796868,0,0
-774868,0,0
-602416,0,0
-45517,0,0
127219,0,0
61850,0,0
-103204,0,0
-503612,0,0
-743800,0,0
-680511,0,0
-719592,0,0
-548489,0,0
-133242,0,0
114309,0,0
195778,0,0
-164115,0,0
-581180,0,0
-713821,0,0
-759892,0,0
-827312,0,0
-582037,0,0
-111280,0,0
118756,0,0
179891,0,0
-186944,0,0
-580673,0,0
-746147,0,0
-789544,0,0
-778990,0,0
-526031,0,0
-185493,0,0
90539,0,0
144151,0,0
-170995,0,0
-523832,0,0
-758638,0,0
-855803,0,0
-826185,0,0
-581785,0,0
-174499,0,0
222629,0,0
137911,0,0
-205351,0,0
-587816,0,0
-772485,0,0
-801468,0,0
-705203,0,0
-554158,0,0
-103673,0,0
197279,0,0
112048,0,0
-196719,0,0
-575224,0,0
-837052,0,0
-799805,0,0
-764844,0,0
-509576,0,0
-31986,0,0
160854,0,0
125406,0,0
-183766,0,0
-601676,0,0
-843847,0,0
-766781,0,0
-760897,0,0
-516793,0,0
47716,0,0
260448,0,0
184530,0,0
-203597,0,0
-643949,0,0
-744418,0,0
-763972,0,0
-774337,0,0
-373469,0,0
102773,0,0
203787,0,0
101473,0,0
-294242,0,0
-740008,0,0
-720530,0,0
-759474,0,0
-709152,0,0
-305913,0,0
121768,0,0
165531,0,0
36567,0,0
-366373,0,0
-659518,0,0
-700489,0,0
-746552,0,0
-621067,0,0
-159065,0,0
86470,0,0
193305,0,0
-6051,0,0
-444049,0,0
-669488,0,0
-755720,0,0
-788918,0,0
-648655,0,0
-221759,0,0
41580,0,0
143301,0,0
-60520,0,0
-428017,0,0
-614766,0,0
-703743,0,0
-893510,0,0
-692541,0,0
-160590,0,0
245494,0,0
197596,0,0
-137965,0,0
-521912,0,0
-727306,0,0
-777050,0,0
-721725,0,0
-508230,0,0
-187574,0,0
126824,0,0
129477,0,0
-167582,0,0
-500670,0,0
-690014,0,0
-800588,0,0
-740143,0,0
-520141,0,0
-30170,0,0
291661,0,0
122478,0,0
-237985,0,0
-589638,0,0
-795053,0,0
-735148,0,0
-739772,0,0
-406516,0,0
80752,0,0
213223,0,0
87946,0,0
-301517,0,0
-671124,0,0
-795683,0,0
-764780,0,0
-790158,0,0
-348353,0,0
45643,0,0
412436,0,0
222445,0,0
-308597,0,0
-723368,0,0
-811819,0,0
-762156,0,0
-658773,0,0
-135831,0,0
249173,0,0
210519,0,0
-27168,0,0
-445353,0,0
-753560,0,0
-659964,0,0
-671635,0,0
-658091,0,0
-3513,0,0
237466,0,0
180972,0,0
-161110,0,0
-556407,0,0
-776794,0,0
-821935,0,0
-801057,0,0
-312379,0,0
195439,0,0
218759,0,0
80779,0,0
-386057,0,0
-766335,0,0
-767506,0,0
-701457,0,0
-699045,0,0
-260042,0,0
83768,0,0
131099,0,0
19163,0,0
-432791,0,0
-728550,0,0
-782415,0,0
-665107,0,0
-617386,0,0
-130549,0,0
88340,0,0
144687,0,0
-99647,0,0
-564180,0,0
-732397,0,0
-792047,0,0
-779405,0,0
-582057,0,0
-136652,0,0
33490,0,0
120921,0,0
-119804,0,0
-530771,0,0
-692961,0,0
-866948,0,0
-775846,0,0
-498185,0,0
-15920,0,0
251789,0,0
188246,0,0
-248432,0,0
-623950,0,0
-720081,0,0
-839890,0,0
-751035,0,0
-386962,0,0
21371,0,0
190139,0,0
143926,0,0
-281054,0,0
-604843,0,0
-802838,0,0
-832276,0,0
-711760,0,0
-285111,0,0
94842,0,0
165741,0,0
-13766,0,0
-384259,0,0
-591707,0,0
-709671,0,0
-653363,0,0
-610403,0,0
-306215,0,0
153292,0,0
268341,0,0
-76487,0,0
-551705,0,0
-684687,0,0
-805237,0,0
-745137,0,0
-465809,0,0
-31931,0,0
186979,0,0
101469,0,0
-218313,0,0
-634095,0,0
-776724,0,0
-772151,0,0
-723082,0,0
-542259,0,0
4413,0,0
304657,0,0
104097,0,0
-297013,0,0
-646679,0,0
-765190,0,0
-741075,0,0
-697728,0,0
-436160,0,0
107071,0,0
249849,0,0
56773,0,0
-348058,0,0
-705748,0,0
-815612,0,0
-711841,0,0
-541729,0,0
-103468,0,0
245038,0,0
151938,0,0
-108307,0,0
-425447,0,0
-687616,0,0
-615080,0,0
-629114,0,0
-429304,0,0
46672,0,0
285632,0,0
145557,0,0
-199103,0,0
-593053,0,0
-746804,0,0
-621810,0,0
-638914,0,0
-195160,0,0
194865,0,0
195732,0,0
-39796,0,0
-406635,0,0
-701746,0,0
-702672,0,0
-602354,0,0
-665915,0,0
-148945,0,0
222497,0,0
152572,0,0
-191629,0,0
-587151,0,0
-893004,0,0
-841598,0,0
-784533,0,0
-504276,0,0
-45838,0,0
140026,0,0
75213,0,0
-288637,0,0
-669156,0,0
-881481,0,0
-870786,0,0
-853418,0,0
-467084,0,0
20402,0,0
159161,0,0
5530,0,0
-404954,0,0
-710820,0,0
-816725,0,0
-821067,0,0
-857001,0,0
-414661,0,0
7951,0,0
50912,0,0
26475,0,0
-412333,0,0
-710463,0,0
-770200,0,0
-838804,0,0
-820031,0,0
-283111,0,0
143486,0,0
171240,0,0
-40881,0,0
-486516,0,0
-768003,0,0
-786174,0,0
-797833,0,0
-728782,0,0
-344616,0,0
-18247,0,0
210335,0,0
-25114,0,0
-483453,0,0
-713310,0,0
-765775,0,0
-842786,0,0
-734862,0,0
-325830,0,0
7419,0,0
201233,0,0
-4390,0,0
-510302,0,0
-737679,0,0
-853788,0,0
-717149,0,0
-615109,0,0
-287326,0,0
33959,0,0
161677,0,0
-49631,0,0
-400482,0,0
-684591,0,0
-838310,0,0
-729538,0,0
-617428,0,0
-98010,0,0
250435,0,0
213916,0,0
-155732,0,0
-536728,0,0
-745749,0,0
-746029,0,0
-696110,0,0
-486781,0,0
-37619,0,0
196389,0,0
150598,0,0
-196377,0,0
-595874,0,0
-815618,0,0
-752676,0,0
-746787,0,0
-430428,0,0
140062,0,0
267479,0,0
91040,0,0
-355096,0,0
-678428,0,0
-733815,0,0
-664957,0,0
-663534,0,0
-192377,0,0
213214,0,0
182590,0,0
-31002,0,0
-495499,0,0
-781888,0,0
-773120,0,0
-736568,0,0
-604768,0,0
-108172,0,0
181447,0,0
170266,0,0
-171833,0,0
-629332,0,0
-854818,0,0
-838929,0,0
-831469,0,0
-605952,0,0
29917,0,0
272258,0,0
49214,0,0
-309791,0,0
-727949,0,0
-771170,0,0
-799317,0,0
-761137,0,0
-546429,0,0
-177080,0,0
24893,0,0
211443,0,0
-192013,0,0
-734899,0,0
-828502,0,0
-843668,0,0
-793642,0,0
-439433,0,0
-51046,0,0
107079,0,0
68773,0,0
-349730,0,0
-701204,0,0
-709922,0,0
-826120,0,0
-752458,0,0
-470928,0,0
-115265,0,0
77370,0,0
59882,0,0
-280548,0,0
-606587,0,0
-751733,0,0
-852725,0,0
-779610,0,0
-490755,0,0
-39820,0,0
147322,0,0
80049,0,0
-273648,0,0
-603464,0,0
-773326,0,0
-728681,0,0
-706390,0,0
-495121,0,0
-22055,0,0
122600,0,0
46996,0,0
-322267,0,0
-638778,0,0
-796025,0,0
-719141,0,0
-753325,0,0
-429297,0,0
52046,0,0
112838,0,0
46223,0,0
-341625,0,0
-693351,0,0
-767716,0,0
-722337,0,0
-762996,0,0
-336621,0,0
103589,0,0
148086,0,0
98765,0,0
-382610,0,0
-740890,0,0
-842042,0,0
-716448,0,0
-684038,0,0
-247821,0,0
55760,0,0
76391,0,0
-56206,0,0
-442153,0,0
-656104,0,0
-616942,0,0
-831759,0,0
-763999,0,0
-209374,0,0
72037,0,0
165972,0,0
-36901,0,0
-494844,0,0
-702727,0,0
-778227,0,0
-793797,0,0
-671439,0,0
-231260,0,0
66480,0,0
188611,0,0
-68165,0,0
-510417,0,0
-733054,0,0
-792858,0,0
-777693,0,0
-605276,0,0
-178506,0,0
170676,0,0
242024,0,0
-96361,0,0
-531105,0,0
-695463,0,0
-882583,0,0
-775780,0,0
-479258,0,0
-20919,0,0
209506,0,0
136308,0,0
-211315,0,0
-606984,0,0
-760255,0,0
-788316,0,0
-759049,0,0
-563173,0,0
-113419,0,0
118134,0,0
137055,0,0
-187985,0,0
-506881,0,0
-734041,0,0
-809676,0,0
-804283,0,0
-560030,0,0
-72263,0,0
222443,0,0
81083,0,0
-249636,0,0
-602805,0,0
-850520,0,0
-790977,0,0
-704700,0,0
-482128,0,0
-73357,0,0
171312,0,0
113585,0,0
-265901,0,0
-646937,0,0
-813212,0,0
-702484,0,0
-819182,0,0
-435836,0,0
71202,0,0
130391,0,0
85357,0,0
-315590,0,0
-691526,0,0
-780142,0,0
-802857,0,0
-798453,0,0
-490719,0,0
-42191,0,0
195831,0,0
67431,0,0
-345488,0,0
-692944,0,0
-766606,0,0
-797128,0,0
-841666,0,0
-375068,0,0
-10704,0,0
155014,0,0
33353,0,0
-441742,0,0
-687093,0,0
-709597,0,0
-844092,0,0
-799799,0,0
-378629,0,0
-35828,0,0
144517,0,0
16262,0,0
-386808,0,0
-640467,0,0
-734659,0,0
-756015,0,0
-754038,0,0
-410067,0,0
5804,0,0
203252,0,0
30799,0,0
-375943,0,0
-662985,0,0
-805324,0,0
-760959,0,0
-673639,0,0
-308182,0,0
30680,0,0
139030,0,0
-680,0,0
-382254,0,0
-707299,0,0
-846502,0,0
-721162,0,0
-689534,0,0
-304343,0,0
94305,0,0
130296,0,0
-12833,0,0
-417026,0,0
-765401,0,0
-792661,0,0
-758507,0,0
-668632,0,0
-218371,0,0
141590,0,0
146175,0,0
-25039,0,0
-448537,0,0
-774864,0,0
-707840,0,0
-831516,0,0
-721546,0,0
-172010,0,0
160572,0,0
161635,0,0
-39055,0,0
-514516,0,0
-825221,0,0
-718219,0,0
-763436,0,0
-642300,0,0
-199113,0,0
-10648,0,0
165227,0,0
3846,0,0
-500496,0,0
-716380,0,0
-811097,0,0
-876171,0,0
-633536,0,0
-151557,0,0
96584,0,0
197013,0,0
-62937,0,0
-533374,0,0
-692109,0,0
-748092,0,0
-859059,0,0
-663265,0,0
-280058,0,0
115362,0,0
246044,0,0
-58967,0,0
-446422,0,0
-734366,0,0
-855900,0,0
-846733,0,0
-647699,0,0
-225230,0,0
159620,0,0
271971,0,0
-73269,0,0
-528874,0,0
-760794,0,0
-739824,0,0
-685497,0,0
-540425,0,0
-101196,0,0
236464,0,0
124537,0,0
-187520,0,0
-514721,0,0
-723508,0,0
-811834,0,0
-744049,0,0
-493703,0,0
-8046,0,0
228333,0,0
118315,0,0
-151130,0,0
-590109,0,0
-901623,0,0
-689005,0,0
-729749,0,0
-417689,0,0
9028,0,0
187709,0,0
73607,0,0
-319281,0,0
-688759,0,0
-664970,0,0
-717443,0,0
-787302,0,0
-378342,0,0
12474,0,0
98612,0,0
50713,0,0
-300071,0,0
-680459,0,0
-782139,0,0
-844801,0,0
-777408,0,0
-258700,0,0
127077,0,0
130252,0,0
-54286,0,0
-413703,0,0
-650209,0,0
-612366,0,0
-840018,0,0
-820545,0,0
-277351,0,0
100627,0,0
117401,0,0
6591,0,0
-461625,0,0
-699791,0,0
-779756,0,0
-874329,0,0
-660338,0,0
-157352,0,0
73754,0,0
127453,0,0
-97114,0,0
-455111,0,0
-692616,0,0
-735847,0,0
-773686,0,0
-598590,0,0
-208796,0,0
151494,0,0
230954,0,0
-74234,0,0
-495577,0,0
-779249,0,0
-766781,0,0
-718425,0,0
-601984,0,0
-187375,0,0
179584,0,0
199906,0,0
-129956,0,0
-530665,0,0
-733718,0,0
-714739,0,0
-700230,0,0
-557793,0,0
-159270,0,0
178649,0,0
150895,0,0
-191305,0,0
-551945,0,0
-717978,0,0
-754367,0,0
-763057,0,0
-609175,0,0
-155167,0,0
143765,0,0
122914,0,0
-148484,0,0
-599524,0,0
-842643,0,0
-764545,0,0
-807954,0,0
-533117,0,0
-47285,0,0
204756,0,0
142347,0,0
-214385,0,0
-658333,0,0
-792474,0,0
-786248,0,0
-795426,0,0
-415394,0,0
72939,0,0
138859,0,0
92212,0,0
-300949,0,0
-722916,0,0
-766375,0,0
-731794,0,0
-723880,0,0
-334402,0,0
56496,0,0
65672,0,0
-12953,0,0
-349851,0,0
-674591,0,0
-626879,0,0
-777870,0,0
-847064,0,0
-373201,0,0
93516,0,0
181275,0,0
99429,0,0
-406645,0,0
-747314,0,0
-769484,0,0
-841982,0,0
-652191,0,0
-211864,0,0
103736,0,0
249766,0,0
-67097,0,0
-483963,0,0
-730943,0,0
-735403,0,0
-738842,0,0
-543399,0,0
-221499,0,0
114727,0,0
227306,0,0
-76214,0,0
-472831,0,0
-743688,0,0
-792985,0,0
-728703,0,0
-572049,0,0
-194154,0,0
161115,0,0
103133,0,0
-96208,0,0
-520998,0,0
-752452,0,0
-811048,0,0
-773825,0,0
-629412,0,0
-89357,0,0
295197,0,0
140979,0,0
-210488,0,0
-565471,0,0
-771619,0,0
-813538,0,0
-821310,0,0
-545810,0,0
-41149,0,0
164292,0,0
129462,0,0
-131450,0,0
-561299,0,0
-818530,0,0
-806995,0,0
-801499,0,0
-488008,0,0
100077,0,0
166510,0,0
124607,0,0
-224375,0,0
-709130,0,0
-770700,0,0
-745196,0,0
-760366,0,0
-328041,0,0
99266,0,0
155522,0,0
64372,0,0
-363298,0,0
-740760,0,0
-739960,0,0
-737292,0,0
-669708,0,0
-200236,0,0
33006,0,0
124048,0,0
29297,0,0
-427510,0,0
-696587,0,0
-722064,0,0
-792933,0,0
-706201,0,0
-246378,0,0
73471,0,0
208555,0,0
-9330,0,0
-523259,0,0
-758943,0,0
-762182,0,0
-854422,0,0
-667371,0,0
-206652,0,0
95798,0,0
253531,0,0
-71174,0,0
-566179,0,0
-807773,0,0
-774048,0,0
-800862,0,0
-605678,0,0
-148956,0,0
129237,0,0
148333,0,0
-149223,0,0
-462538,0,0
-669770,0,0
-860725,0,0
-860920,0,0
-591628,0,0
-246087,0,0
81627,0,0
202700,0,0
-101526,0,0
-526823,0,0
-704319,0,0
-817618,0,0
-859722,0,0
-627828,0,0
-126532,0,0
341480,0,0
203246,0,0
-214658,0,0
-660420,0,0
-842757,0,0
-732955,0,0
-746451,0,0
-486098,0,0
-15380,0,0
135541,0,0
26580,0,0
-279409,0,0
-669488,0,0
-823620,0,0
-765969,0,0
-782805,0,0
-430312,0,0
-2117,0,0
145163,0,0
73459,0,0
-303800,0,0
-715935,0,0
-813157,0,0
-794274,0,0
-793939,0,0
-416507,0,0
70135,0,0
184861,0,0
87718,0,0
-292001,0,0
-685420,0,0
-762322,0,0
-822844,0,0
-789855,0,0
-390873,0,0
26514,0,0
160019,0,0
119634,0,0
-274715,0,0
-667986,0,0
-749313,0,0
-817867,0,0
-738828,0,0
-395273,0,0
25221,0,0
262581,0,0
119438,0,0
-363627,0,0
-718635,0,0
-850365,0,0
-888694,0,0
-689194,0,0
-271162,0,0
68983,0,0
275487,0,0
5827,0,0
-478352,0,0
-689716,0,0
-802712,0,0
-844675,0,0
-696896,0,0
-332336,0,0
82591,0,0
200882,0,0
-58892,0,0
-423427,0,0
-699313,0,0
-822264,0,0
-912884,0,0
-763450,0,0
-275196,0,0
147343,0,0
79373,0,0
-45664,0,0
-351580,0,0
-728790,0,0
-837065,0,0
-789953,0,0
-688235,0,0
-264885,0,0
170492,0,0
120744,0,0
-9549,0,0
-418543,0,0
-699039,0,0
-744795,0,0
-814771,0,0
-693487,0,0
-201249,0,0
171097,0,0
234541,0,0
47148,0,0
-490873,0,0
-830303,0,0
-777614,0,0
-773491,0,0
-600322,0,0
-72347,0,0
229849,0,0
150623,0,0
-106045,0,0
-522263,0,0
-736700,0,0
-749009,0,0
-805962,0,0
-497992,0,0
-25618,0,0
151637,0,0
131548,0,0
-180395,0,0
-604357,0,0
-765604,0,0
-775369,0,0
-746668,0,0
-410973,0,0
60761,0,0
179959,0,0
103101,0,0
-205188,0,0
-609874,0,0
-729705,0,0
-770776,0,0
-774717,0,0
-347069,0,0
72287,0,0
226426,0,0
131911,0,0
-300435,0,0
-684478,0,0
-823190,0,0
-903756,0,0
-702011,0,0
-280953,0,0
146837,0,0
339185,0,0
-16604,0,0
-461260,0,0
-710646,0,0
-763066,0,0
-806306,0,0
-577520,0,0
-172483,0,0
206486,0,0
219829,0,0
-129505,0,0
-498424,0,0
-733751,0,0
-746857,0,0
-746903,0,0
-548710,0,0
-154708,0,0
187745,0,0
140807,0,0
-156285,0,0
-559651,0,0
-799421,0,0
-830047,0,0
-784972,0,0
-532801,0,0
-84101,0,0
233362,0,0
115128,0,0
-210695,0,0
-639572,0,0
-814781,0,0
-887714,0,0
-760337,0,0
-441827,0,0
-69739,0,0
194870,0,0
153300,0,0
-165558,0,0
-630379,0,0
-884900,0,0
-812819,0,0
-752934,0,0
-361445,0,0
80638,0,0
179529,0,0
-4833,0,0
-362849,0,0
-715080,0,0
-746670,0,0
-752653,0,0
-806405,0,0
-404125,0,0
658,0,0
66550,0,0
1660,0,0
-338498,0,0
-687069,0,0
-782186,0,0
-836443,0,0
-863184,0,0
-359733,0,0
90927,0,0
168852,0,0
37642,0,0
-364630,0,0
-685350,0,0
-762603,0,0
-844094,0,0
-747799,0,0
-308875,0,0
47709,0,0
239314,0,0
122961,0,0
-366734,0,0
-732708,0,0
-791121,0,0
-879381,0,0
-725320,0,0
-227382,0,0
83826,0,0
195313,0,0
-56495,0,0
-470633,0,0
-734300,0,0
-777398,0,0
-739574,0,0
-627010,0,0
-304810,0,0
146533,0,0
195766,0,0
-110014,0,0
-467192,0,0
-727803,0,0
-767915,0,0
-828918,0,0
-610893,0,0
-214486,0,0
130540,0,0
182986,0,0
-83901,0,0
-476744,0,0
-765890,0,0
-803739,0,0
-793793,0,0
-611937,0,0
-114094,0,0
171601,0,0
74510,0,0
-128617,0,0
-495968,0,0
-809690,0,0
-829024,0,0
-725776,0,0
-526283,0,0
-87788,0,0
94831,0,0
-11335,0,0
-159089,0,0
-567569,0,0
-736255,0,0
-731600,0,0
-805739,0,0
-507204,0,0
-66868,0,0
115819,0,0
139414,0,0
-194968,0,0
-670150,0,0
-769099,0,0
-726534,0,0
-718769,0,0
-514603,0,0
-72296,0,0
141933,0,0
63778,0,0
-310900,0,0
-686824,0,0
-762904,0,0
-816545,0,0
-838821,0,0
-429114,0,0
-20128,0,0
94694,0,0
37674,0,0
-296673,0,0
-637478,0,0
-710601,0,0
-834812,0,0
-822209,0,0
-505227,0,0
-94370,0,0
153813,0,0
66560,0,0
-282223,0,0
-681138,0,0
-809726,0,0
-904119,0,0
-808602,0,0
-551909,0,0
-180505,0,0
223978,0,0
18420,0,0
-358961,0,0
-724057,0,0
-812503,0,0
-772418,0,0
-707370,0,0
-581595,0,0
-164298,0,0
82846,0,0
-866,0,0
-180567,0,0
-582740,0,0
-808814,0,0
-799776,0,0
-731804,0,0
-573915,0,0
-111259,0,0
90861,0,0
45732,0,0
-191671,0,0
-622680,0,0
-745290,0,0
-791632,0,0
-860183,0,0
-537257,0,0
294,0,0
76635,0,0
66034,0,0
-219954,0,0
-629765,0,0
-747473,0,0
-812601,0,0
-840055,0,0
-533617,0,0
-96389,0,0
-10301,0,0
112296,0,0
-162403,0,0
-616677,0,0
-752497,0,0
-812705,0,0
-773531,0,0
-558496,0,0
-174609,0,0
3469,0,0
141522,0,0
-118967,0,0
-497397,0,0
-663189,0,0
-810898,0,0
-803176,0,0
-552498,0,0
-111432,0,0
116391,0,0
159561,0,0
-161647,0,0
-551699,0,0
-682307,0,0
-747070,0,0
-641632,0,0
-534529,0,0
-94653,0,0
89847,0,0
94032,0,0
-186873,0,0
-523291,0,0
-732393,0,0
-731827,0,0
-639074,0,0
-531494,0,0
-25045,0,0
157961,0,0
136437,0,0
-153897,0,0
-588970,0,0
-802641,0,0
-656046,0,0
-824721,0,0
-570550,0,0
78758,0,0
247857,0,0
168397,0,0
-189489,0,0
-561172,0,0
-751973,0,0
-733011,0,0
-729820,0,0
-404907,0,0
131469,0,0
282045,0,0
189756,0,0
-276717,0,0
-632332,0,0
-715537,0,0
-742968,0,0
-749956,0,0
-221692,0,0
105936,0,0
162376,0,0
98041,0,0
-354809,0,0
-652194,0,0
-796464,0,0
-802860,0,0
-681371,0,0
-199265,0,0
98995,0,0
172838,0,0
-38722,0,0
-491356,0,0
-764231,0,0
-815944,0,0
-729401,0,0
-657983,0,0
-237901,0,0
-39184,0,0
101879,0,0
-9862,0,0
-495124,0,0
-770361,0,0
-846361,0,0
-821109,0,0
-663878,0,0
-254709,0,0
80256,0,0
219736,0,0
-82424,0,0
-567648,0,0
-787548,0,0
-833871,0,0
-738028,0,0
-672298,0,0
-293564,0,0
-14832,0,0
84431,0,0
-16224,0,0
-391271,0,0
-748089,0,0
-874059,0,0
-812913,0,0
-725419,0,0
-264055,0,0
116425,0,0
106860,0,0
-80255,0,0
-422003,0,0
-649973,0,0
-764647,0,0
-791727,0,0
-728222,0,0
-261478,0,0
2884,0,0
43506,0,0
-51831,0,0
-468146,0,0
-782154,0,0
-784334,0,0
-812845,0,0
-728051,0,0
-240331,0,0
26957,0,0
-10794,0,0
-44830,0,0
-440162,0,0
-721698,0,0
-665541,0,0
-805985,0,0
-695551,0,0
-189045,0,0
58617,0,0
181869,0,0
-46823,0,0
-461612,0,0
-674696,0,0
-708272,0,0
-811671,0,0
-575277,0,0
-234845,0,0
32940,0,0
276284,0,0
-41974,0,0
-513113,0,0
-785951,0,0
-801533,0,0
-795693,0,0
-595890,0,0
-257337,0,0
149218,0,0
166925,0,0
-142729,0,0
-543545,0,0
-812801,0,0
-814502,0,0
-755964,0,0
-515027,0,0
-176980,0,0
100467,0,0
136852,0,0
-150476,0,0
-543325,0,0
-772546,0,0
-798053,0,0
-746192,0,0
-548434,0,0
-115872,0,0
249844,0,0
108821,0,0
-115078,0,0
-502311,0,0
-804827,0,0
-821930,0,0
-722083,0,0
-534883,0,0
-48946,0,0
197788,0,0
31752,0,0
-161528,0,0
-542596,0,0
-795526,0,0
-753742,0,0
-764264,0,0
-563671,0,0
-80035,0,0
148681,0,0
99986,0,0
-169955,0,0
-610566,0,0
-796147,0,0
-831775,0,0
-867217,0,0
-533391,0,0
-91292,0,0
175202,0,0
92576,0,0
-266141,0,0
-673992,0,0
-869874,0,0
-748055,0,0
-801178,0,0
-506796,0,0
-118224,0,0
150497,0,0
132836,0,0
-226557,0,0
-656351,0,0
-771835,0,0
-805163,0,0
-723364,0,0
-515272,0,0
-174061,0,0
77544,0,0
103469,0,0
-188343,0,0
-579232,0,0
-747714,0,0
-872395,0,0
-814491,0,0
-500213,0,0
-181390,0,0
133154,0,0
182506,0,0
-153462,0,0
-574867,0,0
-769737,0,0
-838950,0,0
-702274,0,0
-524588,0,0
-75340,0,0
242258,0,0
114177,0,0
-190785,0,0
-631010,0,0
-857256,0,0
-844789,0,0
-682249,0,0
-507708,0,0
-19726,0,0
17017,0,0
157043,0,0
-98518,0,0
-634980,0,0
-818510,0,0
-823919,0,0
-786083,0,0
-538634,0,0
33829,0,0
231021,0,0
204118,0,0
-197550,0,0
-646017,0,0
-741569,0,0
-879288,0,0
-811989,0,0
-432998,0,0
-38548,0,0
25454,0,0
136416,0,0
-210778,0,0
-588872,0,0
-752179,0,0
-854720,0,0
-827616,0,0
-451037,0,0
-42891,0,0
118991,0,0
152996,0,0
-287014,0,0
-673309,0,0
-746185,0,0
-836465,0,0
-737578,0,0
-400399,0,0
-23022,0,0
150267,0,0
68779,0,0
-333277,0,0
-662456,0,0
-794541,0,0
-849901,0,0
-737846,0,0
-492776,0,0
-90939,0,0
101803,0,0
68013,0,0
-280128,0,0
-623119,0,0
-815193,0,0
-864911,0,0
-770514,0,0
-559737,0,0
-87753,0,0
151937,0,0
126482,0,0
-151756,0,0
-561048,0,0
-897973,0,0
-845023,0,0
-751779,0,0
-473276,0,0
79466,0,0
90404,0,0
22296,0,0
-244072,0,0
-569915,0,0
-670527,0,0
-742403,0,0
-797282,0,0
-437917,0,0
129464,0,0
149800,0,0
168640,0,0
-241434,0,0
-668922,0,0
-763146,0,0
-757917,0,0
-719912,0,0
-232904,0,0
186000,0,0
123056,0,0
43137,0,0
-360546,0,0
-646573,0,0
-721065,0,0
-688510,0,0
-747021,0,0
-276537,0,0
37161,0,0
180447,0,0
116827,0,0
-377779,0,0
-699787,0,0
-811559,0,0
-759027,0,0
-698982,0,0
-302329,0,0
1713,0,0
261400,0,0
6862,0,0
-457291,0,0
-633004,0,0
-763031,0,0
-790012,0,0
-683319,0,0
-276792,0,0
58739,0,0
230112,0,0
-17621,0,0
-450667,0,0
-724459,0,0
-900159,0,0
-782323,0,0
-646801,0,0
-231879,0,0
152151,0,0
239353,0,0
-143715,0,0
-543846,0,0
-801941,0,0
-887399,0,0
-792212,0,0
-707319,0,0
-232470,0,0
87363,0,0
123561,0,0
-69438,0,0
-516478,0,0
-768264,0,0
-793997,0,0
-797699,0,0
-671262,0,0
-179660,0,0
95146,0,0
140282,0,0
-54435,0,0
-544687,0,0
-843450,0,0
-829693,0,0
-784534,0,0
-718737,0,0
-268655,0,0
60787,0,0
257062,0,0
-32735,0,0
-522058,0,0
-760988,0,0
-816092,0,0
-922239,0,0
-684056,0,0
-185848,0,0
71248,0,0
185756,0,0
-34126,0,0
-523851,0,0
-844363,0,0
-798118,0,0
-742287,0,0
-496180,0,0
-159035,0,0
22847,0,0
120788,0,0
-109238,0,0
-491257,0,0
-700770,0,0
-789609,0,0
-792574,0,0
-544561,0,0
-116149,0,0
12542,0,0
233088,0,0
-81351,0,0
-520310,0,0
-775782,0,0
-805127,0,0
-798313,0,0
-566642,0,0
-117958,0,0
216512,0,0
99047,0,0
-222558,0,0
-534623,0,0
-752965,0,0
-734244,0,0
-817146,0,0
-591730,0,0
-41012,0,0
319502,0,0
118945,0,0
-213690,0,0
-608060,0,0
-767817,0,0
-696770,0,0
-752114,0,0
-564778,0,0
-71071,0,0
191083,0,0
108583,0,0
-136113,0,0
-552805,0,0
-749606,0,0
-712835,0,0
-758146,0,0
-424336,0,0
62367,0,0
233596,0,0
141422,0,0
-267563,0,0
-650011,0,0
-729027,0,0
-616380,0,0
-699638,0,0
-241148,0,0
147373,0,0
208071,0,0
47093,0,0
-360608,0,0
-657189,0,0
-746158,0,0
-756056,0,0
-691549,0,0
-227989,0,0
52469,0,0
199127,0,0
-4911,0,0
-469262,0,0
-748815,0,0
-738108,0,0
-741142,0,0
-688603,0,0
-249735,0,0
52047,0,0
306897,0,0
5395,0,0
-516607,0,0
-762037,0,0
-761774,0,0
-731259,0,0
-480353,0,0
-17450,0,0
148381,0,0
195930,0,0
-165546,0,0
-571922,0,0
-797447,0,0
-650180,0,0
-647738,0,0
-425662,0,0
-1330,0,0
165279,0,0
214480,0,0
-249776,0,0
-665261,0,0
-726010,0,0
-715398,0,0
-724108,0,0
-391126,0,0
-5433,0,0
194594,0,0
82775,0,0
-341690,0,0
-635399,0,0
-774379,0,0
-834043,0,0
-743839,0,0
-333949,0,0
55876,0,0
306397,0,0
46200,0,0
-410616,0,0
-760506,0,0
-858813,0,0
-786299,0,0
-636483,0,0
-166430,0,0
187500,0,0
209519,0,0
-91256,0,0
-469794,0,0
-710780,0,0
-825461,0,0
-780209,0,0
-622168,0,0
-176840,0,0
126563,0,0
218113,0,0
-63456,0,0
-519429,0,0
-808846,0,0
-829915,0,0
-761629,0,0
-652886,0,0
-126179,0,0
165702,0,0
148580,0,0
-123438,0,0
-500538,0,0
-761236,0,0
-763403,0,0
-785483,0,0
-611826,0,0
31391,0,0
263959,0,0
162787,0,0
-246938,0,0
-632233,0,0
-827407,0,0
-679514,0,0
-763594,0,0
-473881,0,0
111362,0,0
203392,0,0
96549,0,0
-334694,0,0
-639869,0,0
-818441,0,0
-834553,0,0
-818968,0,0
-364532,0,0
46359,0,0
137086,0,0
66169,0,0
-420573,0,0
-695507,0,0
-730832,0,0
-761917,0,0
-730510,0,0
-249177,0,0
28874,0,0
104635,0,0
37428,0,0
-393535,0,0
-673042,0,0
-791485,0,0
-751806,0,0
-636371,0,0
-206192,0,0
12144,0,0
150549,0,0
-39433,0,0
-452075,0,0
-716059,0,0
-836531,0,0
-730984,0,0
-586600,0,0
-173350,0,0
89602,0,0
199742,0,0
-104762,0,0
-501656,0,0
-701919,0,0
-801887,0,0
-747365,0,0
-571446,0,0
-136871,0,0
171548,0,0
149617,0,0
-211133,0,0
-597865,0,0
-671572,0,0
-792194,0,0
-770286,0,0
-491269,0,0
105279,0,0
252661,0,0
21701,0,0
-298392,0,0
-626356,0,0
-773852,0,0
-770039,0,0
-635738,0,0
-387899,0,0
82730,0,0
141703,0,0
34021,0,0
-337651,0,0
-613683,0,0
-718091,0,0
-742850,0,0
-779590,0,0
-377817,0,0
118453,0,0
202881,0,0
640,0,0
-464847,0,0
-724308,0,0
-836701,0,0
-784297,0,0
-741216,0,0
-354495,0,0
113190,0,0
209288,0,0
18365,0,0
-469529,0,0
-827041,0,0
-921418,0,0
-844540,0,0
-589690,0,0
-101600,0,0
137202,0,0
85680,0,0
-96526,0,0
-510575,0,0
-751256,0,0
-763752,0,0
-719912,0,0
-609892,0,0
-92432,0,0
79126,0,0
122092,0,0
-80742,0,0
-501203,0,0
-639012,0,0
-718233,0,0
-790442,0,0
-614910,0,0
-102476,0,0
134347,0,0
230501,0,0
-139439,0,0
-594464,0,0
-785800,0,0
-829782,0,0
-783363,0,0
-496024,0,0
26200,0,0
108176,0,0
180018,0,0
-288742,0,0
-720502,0,0
-814239,0,0
-833568,0,0
-703938,0,0
-290288,0,0
-26601,0,0
84994,0,0
