5323,0,0
477635,0,0
-33538,0,0
7178,0,0
10821,0,0
-186320,0,0
202726,0,0
-209776,0,0
-161889,0,0
-41471,0,0
295526,0,0
49513,0,0
-210018,0,0
-228326,0,0
-10300,0,0
300980,0,0
-98914,0,0
-20103,0,0
54739,0,0
-333440,0,0
-171892,0,0
13802,0,0
225787,0,0
112702,0,0
-48929,0,0
-67839,0,0
61451,0,0
-86190,0,0
-95785,0,0
97417,0,0
-168785,0,0
-136440,0,0
-21851,0,0
-40143,0,0
215698,0,0
174289,0,0
-172661,0,0
-12310,0,0
71323,0,0
-448967,0,0
-146661,0,0
196708,0,0
52874,0,0
149429,0,0
-51142,0,0
-331914,0,0
83544,0,0
56812,0,0
-165508,0,0
6099,0,0
-164180,0,0
-135920,0,0
15757,0,0
-240721,0,0
-331,0,0
416564,0,0
-217413,0,0
-103895,0,0
77422,0,0
-443627,0,0
-259977,0,0
265539,0,0
127318,0,0
79158,0,0
-152448,0,0
-210830,0,0
84097,0,0
-57612,0,0
-248273,0,0
136472,0,0
12827,0,0
-228385,0,0
20647,0,0
164169,0,0
157880,0,0
101000,0,0
-297814,0,0
-246620,0,0
118110,0,0
-66759,0,0
-33219,0,0
375273,0,0
117080,0,0
-140125,0,0
75666,0,0
208998,0,0
313569,0,0
159308,0,0
-47063,0,0
-38497,0,0
-14034,0,0
97533,0,0
85387,0,0
53506,0,0
261452,0,0
484439,0,0
209087,0,0
-35679,0,0
57842,0,0
-71514,0,0
133890,0,0
251139,0,0
113768,0,0
42633,0,0
145556,0,0
182360,0,0
215180,0,0
-8326,0,0
-83806,0,0
107976,0,0
14806,0,0
-127115,0,0
12379,0,0
3867,0,0
89088,0,0
272414,0,0
-117349,0,0
93686,0,0
53036,0,0
-366181,0,0
-137372,0,0
185467,0,0
125991,0,0
19406,0,0
-20645,0,0
-48886,0,0
194406,0,0
15427,0,0
-249381,0,0
-47714,0,0
-27118,0,0
-46049,0,0
73731,0,0
-99936,0,0
-50491,0,0
200207,0,0
-117628,0,0
121305,0,0
-17084,0,0
-325370,0,0
-13234,0,0
219518,0,0
4714,0,0
10118,0,0
-73663,0,0
-175154,0,0
137394,0,0
-4114,0,0
-147104,0,0
30011,0,0
-18131,0,0
-104226,0,0
-89989,0,0
-209362,0,0
-70050,0,0
356419,0,0
-104586,0,0
-222201,0,0
24893,0,0
-117929,0,0
-139178,0,0
97817,0,0
-28771,0,0
-44601,0,0
-3049,0,0
-163765,0,0
179575,0,0
65294,0,0
-202784,0,0
52939,0,0
-155409,0,0
-65822,0,0
98564,0,0
-4489,0,0
-104555,0,0
298222,0,0
62325,0,0
3266,0,0
72968,0,0
-363715,0,0
-27749,0,0
298295,0,0
14673,0,0
148610,0,0
48256,0,0
-160610,0,0
354295,0,0
159988,0,0
-180968,0,0
-72710,0,0
-66033,0,0
-3093,0,0
5302,0,0
8490,0,0
82983,0,0
398518,0,0
-62431,0,0
-141843,0,0
128333,0,0
-341547,0,0
-65967,0,0
263147,0,0
211849,0,0
32938,0,0
-9836,0,0
-131028,0,0
126771,0,0
61605,0,0
-6760,0,0
100051,0,0
-98908,0,0
-133725,0,0
67262,0,0
5873,0,0
-16247,0,0
298264,0,0
-64802,0,0
19981,0,0
100981,0,0
-391634,0,0
-31016,0,0
185906,0,0
116370,0,0
19050,0,0
59446,0,0
-92139,0,0
64258,0,0
-66545,0,0
-214149,0,0
28704,0,0
90337,0,0
35841,0,0
-9842,0,0
-126891,0,0
25022,0,0
295488,0,0
-31387,0,0
10043,0,0
84777,0,0
-362291,0,0
-97121,0,0
358360,0,0
199879,0,0
-64215,0,0
55209,0,0
20546,0,0
191185,0,0
50029,0,0
-153132,0,0
-53033,0,0
-17892,0,0
-10483,0,0
-61494,0,0
80496,0,0
128330,0,0
384980,0,0
-127599,0,0
-60658,0,0
172349,0,0
-311852,0,0
-169924,0,0
206930,0,0
205574,0,0
113521,0,0
79447,0,0
-133944,0,0
176797,0,0
99145,0,0
-83196,0,0
29418,0,0
-200558,0,0
-106960,0,0
74435,0,0
26585,0,0
60242,0,0
366483,0,0
-164406,0,0
-207537,0,0
80010,0,0
-271528,0,0
47987,0,0
237850,0,0
102232,0,0
-52653,0,0
-37682,0,0
-78851,0,0
220697,0,0
13182,0,0
-167227,0,0
110563,0,0
78210,0,0
-8486,0,0
55209,0,0
53893,0,0
-70391,0,0
308546,0,0
12528,0,0
-1549,0,0
135001,0,0
-169765,0,0
-19473,0,0
278588,0,0
190624,0,0
61882,0,0
111762,0,0
-99137,0,0
164157,0,0
122476,0,0
-57607,0,0
129421,0,0
35354,0,0
-10819,0,0
60354,0,0
-3088,0,0
30360,0,0
299068,0,0
-55650,0,0
-5302,0,0
177651,0,0
-192428,0,0
-31070,0,0
188796,0,0
150222,0,0
25890,0,0
158220,0,0
-136736,0,0
265274,0,0
79196,0,0
-280052,0,0
86040,0,0
-9333,0,0
-45783,0,0
69950,0,0
29949,0,0
-41704,0,0
303695,0,0
-115680,0,0
-34466,0,0
360518,0,0
-169244,0,0
-199763,0,0
83948,0,0
153122,0,0
81633,0,0
48667,0,0
-60710,0,0
264336,0,0
170401,0,0
-138979,0,0
-31064,0,0
-98972,0,0
-108205,0,0
86268,0,0
67403,0,0
2641,0,0
399583,0,0
132127,0,0
-85388,0,0
31617,0,0
-330842,0,0
-21782,0,0
277725,0,0
133210,0,0
8719,0,0
81171,0,0
-155936,0,0
146087,0,0
161859,0,0
-94518,0,0
27260,0,0
-110020,0,0
-61537,0,0
59442,0,0
-5117,0,0
-119889,0,0
300527,0,0
-69371,0,0
-43420,0,0
47506,0,0
-373920,0,0
-177594,0,0
112504,0,0
200600,0,0
115638,0,0
-49118,0,0
-335579,0,0
117085,0,0
42614,0,0
-187308,0,0
-16928,0,0
-111089,0,0
-129577,0,0
-60733,0,0
-64756,0,0
-114449,0,0
326906,0,0
-17342,0,0
-75038,0,0
103118,0,0
-256767,0,0
-139491,0,0
-9266,0,0
96813,0,0
66692,0,0
78105,0,0
-193091,0,0
165007,0,0
156450,0,0
-134195,0,0
-38049,0,0
-65065,0,0
-62842,0,0
47627,0,0
-109044,0,0
-91662,0,0
420642,0,0
-99256,0,0
-79042,0,0
133143,0,0
-348843,0,0
-127923,0,0
215937,0,0
104494,0,0
8246,0,0
210800,0,0
-8121,0,0
107754,0,0
-159062,0,0
-317387,0,0
103422,0,0
-4363,0,0
36142,0,0
166089,0,0
-28986,0,0
-173308,0,0
225802,0,0
-142147,0,0
-71897,0,0
220116,0,0
-103345,0,0
-98027,0,0
99075,0,0
-49851,0,0
-83722,0,0
114718,0,0
-50483,0,0
97278,0,0
-68116,0,0
-293674,0,0
13167,0,0
-73743,0,0
-6149,0,0
47194,0,0
-119508,0,0
-98126,0,0
240765,0,0
-206123,0,0
-155934,0,0
77369,0,0
-448832,0,0
-248684,0,0
102749,0,0
-243,0,0
-66805,0,0
145115,0,0
-140013,0,0
136299,0,0
11864,0,0
-213634,0,0
-34696,0,0
-185462,0,0
-157485,0,0
67812,0,0
21513,0,0
-70704,0,0
362945,0,0
-49793,0,0
-42646,0,0
253421,0,0
-198300,0,0
-20285,0,0
207386,0,0
125038,0,0
-49631,0,0
156867,0,0
-49728,0,0
229677,0,0
147511,0,0
-147462,0,0
64102,0,0
37455,0,0
-87218,0,0
93307,0,0
72174,0,0
-14152,0,0
400602,0,0
-12835,0,0
-72161,0,0
244615,0,0
-220619,0,0
-107600,0,0
208199,0,0
206527,0,0
52113,0,0
138070,0,0
-154509,0,0
136859,0,0
155299,0,0
-114723,0,0
60714,0,0
-98912,0,0
-59574,0,0
141719,0,0
38189,0,0
-55939,0,0
289983,0,0
-111065,0,0
-68624,0,0
116785,0,0
-385863,0,0
-122750,0,0
235041,0,0
99348,0,0
-109382,0,0
84944,0,0
-82315,0,0
191838,0,0
-58268,0,0
-380119,0,0
-142033,0,0
-119811,0,0
-67776,0,0
5113,0,0
-37516,0,0
-82126,0,0
226845,0,0
-223708,0,0
-202631,0,0
134143,0,0
-268153,0,0
-142665,0,0
130849,0,0
131134,0,0
-22293,0,0
-22107,0,0
-264013,0,0
275463,0,0
93637,0,0
-317886,0,0
-43542,0,0
-156191,0,0
-177379,0,0
40564,0,0
-14971,0,0
-102600,0,0
373378,0,0
180969,0,0
83398,0,0
-31257,0,0
-456501,0,0
-228010,0,0
133497,0,0
256992,0,0
139971,0,0
135232,0,0
-172641,0,0
215257,0,0
127675,0,0
-142252,0,0
62999,0,0
60726,0,0
75092,0,0
22940,0,0
-33806,0,0
-84796,0,0
315390,0,0
14218,0,0
-14953,0,0
297823,0,0
-255025,0,0
-147074,0,0
176104,0,0
64037,0,0
11413,0,0
113913,0,0
-182182,0,0
130942,0,0
80756,0,0
-176485,0,0
42376,0,0
-26190,0,0
-120419,0,0
-81573,0,0
-28565,0,0
-115197,0,0
304817,0,0
-118659,0,0
-80496,0,0
214619,0,0
-339966,0,0
-227788,0,0
37558,0,0
25885,0,0
-30338,0,0
76258,0,0
-189413,0,0
154819,0,0
-4644,0,0
-259416,0,0
-11648,0,0
-142750,0,0
-249419,0,0
-16380,0,0
-17246,0,0
-240668,0,0
210282,0,0
-112222,0,0
-130345,0,0
66500,0,0
-390783,0,0
-222158,0,0
28128,0,0
-4337,0,0
-116731,0,0
-5815,0,0
-284851,0,0
65398,0,0
-285,0,0
-328902,0,0
-137039,0,0
-139481,0,0
-163414,0,0
-118804,0,0
-86277,0,0
-160620,0,0
263486,0,0
-169370,0,0
-213924,0,0
90713,0,0
-362847,0,0
-213080,0,0
54230,0,0
122571,0,0
119024,0,0
98470,0,0
-308739,0,0
63041,0,0
112705,0,0
-161623,0,0
-15984,0,0
-45760,0,0
61603,0,0
170493,0,0
68799,0,0
-117164,0,0
319740,0,0
144238,0,0
-17531,0,0
144703,0,0
-144042,0,0
2538,0,0
267351,0,0
245024,0,0
185947,0,0
198212,0,0
-219998,0,0
196594,0,0
253429,0,0
14665,0,0
171586,0,0
-112167,0,0
-106696,0,0
95987,0,0
166697,0,0
2151,0,0
390098,0,0
-17318,0,0
-8035,0,0
195407,0,0
-277125,0,0
-105094,0,0
147190,0,0
165381,0,0
-28603,0,0
96703,0,0
-131605,0,0
198921,0,0
159017,0,0
-215763,0,0
-77253,0,0
-137293,0,0
-78383,0,0
25496,0,0
13975,0,0
-107953,0,0
256048,0,0
-156560,0,0
-166930,0,0
119438,0,0
-328559,0,0
-133780,0,0
97825,0,0
84251,0,0
-100280,0,0
-4190,0,0
-255659,0,0
68273,0,0
-43921,0,0
-266568,0,0
-444,0,0
-142991,0,0
-230257,0,0
-111068,0,0
-62991,0,0
-188280,0,0
346263,0,0
-139097,0,0
-339108,0,0
17039,0,0
-347011,0,0
-122187,0,0
-11398,0,0
-72031,0,0
-94741,0,0
119630,0,0
-244874,0,0
117176,0,0
1795,0,0
-450006,0,0
-60276,0,0
-67380,0,0
-269840,0,0
-112485,0,0
90870,0,0
19603,0,0
413388,0,0
-98728,0,0
-197528,0,0
202356,0,0
-336063,0,0
-159273,0,0
180201,0,0
289045,0,0
45882,0,0
139605,0,0
-106402,0,0
219055,0,0
126390,0,0
-118315,0,0
24669,0,0
-28451,0,0
-14220,0,0
-14590,0,0
-12319,0,0
-9277,0,0
415005,0,0
23104,0,0
-23720,0,0
131348,0,0
-315999,0,0
-181223,0,0
119706,0,0
175505,0,0
45862,0,0
59774,0,0
-292447,0,0
217240,0,0
206531,0,0
-147264,0,0
129855,0,0
-93768,0,0
-200029,0,0
-15109,0,0
75184,0,0
-90871,0,0
355867,0,0
-39005,0,0
-116396,0,0
213300,0,0
-242340,0,0
-178528,0,0
152882,0,0
187787,0,0
13561,0,0
51823,0,0
-225580,0,0
196311,0,0
201043,0,0
-187295,0,0
-75353,0,0
-120242,0,0
-146337,0,0
31126,0,0
56704,0,0
-122390,0,0
326253,0,0
-45671,0,0
-148840,0,0
133783,0,0
-339831,0,0
-235834,0,0
-3650,0,0
136116,0,0
72643,0,0
99452,0,0
-235133,0,0
188128,0,0
-3402,0,0
-396705,0,0
-81409,0,0
-50803,0,0
49303,0,0
-26625,0,0
-22423,0,0
-185729,0,0
260585,0,0
1932,0,0
-64225,0,0
134786,0,0
-311014,0,0
-98970,0,0
115724,0,0
170307,0,0
-35515,0,0
58269,0,0
-251035,0,0
118703,0,0
147187,0,0
-40994,0,0
149193,0,0
-209935,0,0
-224740,0,0
54473,0,0
183026,0,0
53085,0,0
349786,0,0
-69568,0,0
-126374,0,0
196914,0,0
-175439,0,0
-42382,0,0
177520,0,0
198514,0,0
79214,0,0
247135,0,0
-170997,0,0
177358,0,0
174716,0,0
-142525,0,0
37499,0,0
52005,0,0
11535,0,0
97809,0,0
65587,0,0
-85531,0,0
403437,0,0
-68285,0,0
-189008,0,0
305857,0,0
-153933,0,0
-119861,0,0
159287,0,0
176153,0,0
64700,0,0
141517,0,0
-225407,0,0
105837,0,0
162569,0,0
-195484,0,0
46150,0,0
-67248,0,0
-79875,0,0
13130,0,0
-9836,0,0
-190786,0,0
289118,0,0
33511,0,0
-107485,0,0
123028,0,0
-321217,0,0
-231703,0,0
101648,0,0
110599,0,0
-42027,0,0
49287,0,0
-317207,0,0
256877,0,0
145980,0,0
-336233,0,0
-88358,0,0
-146913,0,0
-108006,0,0
-53517,0,0
-57912,0,0
-140818,0,0
320536,0,0
-62897,0,0
-174885,0,0
109142,0,0
-327111,0,0
-82397,0,0
148607,0,0
73801,0,0
-103329,0,0
96191,0,0
-257803,0,0
12415,0,0
151789,0,0
-171964,0,0
-41648,0,0
-77015,0,0
-150789,0,0
25573,0,0
65071,0,0
-192430,0,0
333138,0,0
-3117,0,0
-75524,0,0
183692,0,0
-338259,0,0
-251598,0,0
210515,0,0
219268,0,0
33079,0,0
180385,0,0
-149878,0,0
216252,0,0
167141,0,0
-193762,0,0
10173,0,0
-47116,0,0
-110918,0,0
117637,0,0
299750,0,0
-24482,0,0
281752,0,0
-106347,0,0
-148972,0,0
226397,0,0
-159254,0,0
25686,0,0
114724,0,0
139669,0,0
84887,0,0
55541,0,0
-224766,0,0
250965,0,0
250521,0,0
-124961,0,0
13359,0,0
-109312,0,0
-118226,0,0
17707,0,0
85916,0,0
-45863,0,0
445086,0,0
-5668,0,0
-220741,0,0
131886,0,0
-229438,0,0
-93871,0,0
131110,0,0
157019,0,0
41294,0,0
132744,0,0
-283893,0,0
142722,0,0
122855,0,0
-228624,0,0
8598,0,0
-48188,0,0
-93166,0,0
51893,0,0
83318,0,0
-156173,0,0
312668,0,0
-54263,0,0
-127257,0,0
155030,0,0
-219179,0,0
-54745,0,0
153994,0,0
89402,0,0
3279,0,0
140366,0,0
-209076,0,0
138955,0,0
153519,0,0
-105407,0,0
33347,0,0
-138943,0,0
-98572,0,0
17049,0,0
73568,0,0
-131269,0,0
357135,0,0
-55843,0,0
-142943,0,0
140381,0,0
-296370,0,0
-179584,0,0
44367,0,0
41314,0,0
-117775,0,0
2214,0,0
-136618,0,0
219520,0,0
37285,0,0
-314961,0,0
-85698,0,0
-269991,0,0
-133995,0,0
79084,0,0
85878,0,0
-194712,0,0
128458,0,0
-109687,0,0
-118104,0,0
156044,0,0
-175447,0,0
-100519,0,0
8147,0,0
73182,0,0
-17876,0,0
61388,0,0
-249251,0,0
113600,0,0
83586,0,0
-201931,0,0
45744,0,0
-67902,0,0
-67519,0,0
81770,0,0
4466,0,0
-301217,0,0
179277,0,0
-96788,0,0
-53034,0,0
452131,0,0
-135348,0,0
-183653,0,0
45873,0,0
96868,0,0
-49496,0,0
179297,0,0
-126573,0,0
277179,0,0
252426,0,0
-219192,0,0
-6882,0,0
34678,0,0
-61759,0,0
382,0,0
135390,0,0
-115923,0,0
387311,0,0
42035,0,0
-23549,0,0
200956,0,0
-212806,0,0
-147721,0,0
127932,0,0
230189,0,0
55073,0,0
128037,0,0
-182352,0,0
177729,0,0
202674,0,0
-170997,0,0
14699,0,0
-7043,0,0
8412,0,0
67100,0,0
68307,0,0
-89162,0,0
376914,0,0
15503,0,0
-106868,0,0
161410,0,0
-199111,0,0
-81040,0,0
109892,0,0
199536,0,0
1340,0,0
101407,0,0
-225557,0,0
163919,0,0
196079,0,0
-170560,0,0
-31682,0,0
-133888,0,0
-158624,0,0
9780,0,0
34039,0,0
-89652,0,0
287855,0,0
-86401,0,0
-182105,0,0
210553,0,0
-274203,0,0
-238656,0,0
79568,0,0
175055,0,0
5320,0,0
40153,0,0
-299304,0,0
75466,0,0
83301,0,0
-232959,0,0
-26735,0,0
-55993,0,0
-169214,0,0
6881,0,0
44811,0,0
-206314,0,0
261386,0,0
-57638,0,0
-175423,0,0
159534,0,0
-277403,0,0
-240166,0,0
87342,0,0
164892,0,0
-41082,0,0
56225,0,0
-162249,0,0
179436,0,0
91808,0,0
-189030,0,0
-116067,0,0
-160401,0,0
-26768,0,0
33481,0,0
-29451,0,0
-12669,0,0
402932,0,0
-73559,0,0
-256950,0,0
95811,0,0
-335542,0,0
-300097,0,0
76713,0,0
258243,0,0
114324,0,0
235650,0,0
-225903,0,0
-87188,0,0
107562,0,0
-129731,0,0
-33950,0,0
-150467,0,0
-57048,0,0
46273,0,0
150818,0,0
57459,0,0
348062,0,0
-99087,0,0
-53555,0,0
374717,0,0
-223874,0,0
-183791,0,0
130393,0,0
303648,0,0
80400,0,0
137415,0,0
-176915,0,0
172073,0,0
204565,0,0
-128253,0,0
21359,0,0
-84841,0,0
14029,0,0
124607,0,0
112781,0,0
-124345,0,0
316073,0,0
18316,0,0
-107767,0,0
243926,0,0
-206630,0,0
-188351,0,0
71406,0,0
210485,0,0
66225,0,0
168870,0,0
-131253,0,0
179471,0,0
195555,0,0
-189984,0,0
-45521,0,0
-84950,0,0
-41658,0,0
53079,0,0
55641,0,0
-138185,0,0
338850,0,0
3817,0,0
-179713,0,0
131337,0,0
-237823,0,0
-147663,0,0
69525,0,0
182041,0,0
-7702,0,0
50010,0,0
-281113,0,0
85436,0,0
135442,0,0
-236160,0,0
-35246,0,0
-77186,0,0
-133894,0,0
-36078,0,0
23208,0,0
-169860,0,0
191247,0,0
17781,0,0
-97427,0,0
136479,0,0
-294066,0,0
-127452,0,0
44941,0,0
167238,0,0
6435,0,0
695,0,0
-184003,0,0
174221,0,0
127122,0,0
-213222,0,0
-82496,0,0
-203713,0,0
-176825,0,0
76759,0,0
46222,0,0
-49801,0,0
307972,0,0
-40166,0,0
-223968,0,0
34990,0,0
-376179,0,0
-140874,0,0
289115,0,0
270192,0,0
85221,0,0
-25772,0,0
-316416,0,0
204464,0,0
150180,0,0
-172102,0,0
-16586,0,0
-3056,0,0
-9696,0,0
89627,0,0
205686,0,0
12139,0,0
243186,0,0
-145580,0,0
-142658,0,0
297854,0,0
-155565,0,0
-185347,0,0
126059,0,0
313782,0,0
48302,0,0
49253,0,0
-186083,0,0
232745,0,0
195545,0,0
-126558,0,0
42053,0,0
-42506,0,0
-12097,0,0
16625,0,0
106324,0,0
-77687,0,0
316919,0,0
55402,0,0
-35794,0,0
249974,0,0
-195093,0,0
-174048,0,0
48119,0,0
237170,0,0
58065,0,0
76185,0,0
-204641,0,0
104192,0,0
160829,0,0
-170764,0,0
-4589,0,0
-11624,0,0
-87914,0,0
-36243,0,0
11043,0,0
-170319,0,0
308239,0,0
7391,0,0
-182600,0,0
116390,0,0
-151020,0,0
-142463,0,0
-18059,0,0
125315,0,0
-6535,0,0
76182,0,0
-258156,0,0
97119,0,0
161241,0,0
-200045,0,0
-19255,0,0
-126420,0,0
-94002,0,0
-14688,0,0
53579,0,0
-189436,0,0
249653,0,0
-66668,0,0
-199845,0,0
138227,0,0
-233983,0,0
-220219,0,0
38274,0,0
93445,0,0
-24554,0,0
83862,0,0
-208799,0,0
81171,0,0
51923,0,0
-202823,0,0
-82182,0,0
-112645,0,0
-109086,0,0
-46140,0,0
-32588,0,0
-257721,0,0
275356,0,0
142608,0,0
-103430,0,0
36135,0,0
-222274,0,0
-153387,0,0
-20947,0,0
131504,0,0
-44209,0,0
73456,0,0
-182221,0,0
175880,0,0
246762,0,0
-96341,0,0
-42159,0,0
-105344,0,0
-85450,0,0
-2530,0,0
94723,0,0
-112741,0,0
304176,0,0
37533,0,0
-162863,0,0
172264,0,0
-27951,0,0
-82610,0,0
4912,0,0
86975,0,0
-38330,0,0
118255,0,0
-165724,0,0
75358,0,0
138458,0,0
-174755,0,0
21047,0,0
117704,0,0
16061,0,0
-74871,0,0
-29139,0,0
-186670,0,0
337123,0,0
84806,0,0
-94340,0,0
149941,0,0
-108354,0,0
-106264,0,0
129893,0,0
225366,0,0
11705,0,0
119651,0,0
-192906,0,0
169958,0,0
224658,0,0
-78372,0,0
46346,0,0
-48161,0,0
-22813,0,0
1003,0,0
133762,0,0
-48210,0,0
289081,0,0
62706,0,0
-80399,0,0
216237,0,0
-126600,0,0
-174761,0,0
61801,0,0
302046,0,0
174996,0,0
69545,0,0
-242295,0,0
94492,0,0
213599,0,0
-52924,0,0
48443,0,0
-28809,0,0
20956,0,0
32633,0,0
57894,0,0
-110345,0,0
287965,0,0
19829,0,0
-111207,0,0
124736,0,0
-109080,0,0
-170679,0,0
21429,0,0
195829,0,0
-24432,0,0
130565,0,0
-207544,0,0
-30874,0,0
66845,0,0
-99509,0,0
20125,0,0
-55325,0,0
-136432,0,0
-137489,0,0
-10404,0,0
-145429,0,0
243362,0,0
-68265,0,0
-147355,0,0
123912,0,0
-278938,0,0
-227509,0,0
103352,0,0
251217,0,0
35294,0,0
14206,0,0
-256259,0,0
46433,0,0
121924,0,0
-115471,0,0
20597,0,0
-20950,0,0
-128953,0,0
-52947,0,0
50606,0,0
-166591,0,0
228895,0,0
-44819,0,0
-205408,0,0
111406,0,0
-199259,0,0
-127488,0,0
144473,0,0
7982,0,0
-110773,0,0
39230,0,0
-209987,0,0
14697,0,0
50586,0,0
-275766,0,0
38678,0,0
53627,0,0
-126416,0,0
-107107,0,0
71965,0,0
-118465,0,0
189698,0,0
21648,0,0
-8935,0,0
257368,0,0
-302360,0,0
-289132,0,0
54365,0,0
316008,0,0
83240,0,0
-16427,0,0
-215002,0,0
160125,0,0
223080,0,0
-82189,0,0
46826,0,0
19621,0,0
-20597,0,0
5280,0,0
40474,0,0
-114886,0,0
319211,0,0
114102,0,0
-71166,0,0
160973,0,0
-231048,0,0
-233557,0,0
176716,0,0
414506,0,0
-31940,0,0
-15330,0,0
-150710,0,0
143541,0,0
115692,0,0
-180882,0,0
-78648,0,0
-113480,0,0
-86817,0,0
-54497,0,0
32228,0,0
-56376,0,0
349857,0,0
15634,0,0
-165355,0,0
14468,0,0
-251009,0,0
-209394,0,0
47738,0,0
207845,0,0
-17318,0,0
55273,0,0
-220603,0,0
88573,0,0
153808,0,0
-189566,0,0
-101460,0,0
-103058,0,0
-96388,0,0
-81424,0,0
92463,0,0
-91295,0,0
214551,0,0
-59312,0,0
-199977,0,0
102480,0,0
-158133,0,0
-286136,0,0
37283,0,0
237921,0,0
-50493,0,0
32825,0,0
-243548,0,0
18482,0,0
160439,0,0
-105228,0,0
12714,0,0
24110,0,0
-53043,0,0
-142235,0,0
-7301,0,0
-137252,0,0
286575,0,0
77295,0,0
-108146,0,0
117189,0,0
-218973,0,0
-254380,0,0
-12887,0,0
316045,0,0
32402,0,0
80473,0,0
-85964,0,0
64886,0,0
-18504,0,0
-224373,0,0
-583,0,0
-45302,0,0
-73506,0,0
-7146,0,0
187465,0,0
51931,0,0
42252,0,0
-59397,0,0
-196687,0,0
67252,0,0
-71281,0,0
-216863,0,0
-18002,0,0
167016,0,0
-120317,0,0
53592,0,0
-84263,0,0
73689,0,0
128387,0,0
-145086,0,0
-58193,0,0
-111797,0,0
-137319,0,0
-18406,0,0
119328,0,0
-104081,0,0
145005,0,0
-33422,0,0
-131379,0,0
147784,0,0
-34460,0,0
-92047,0,0
32324,0,0
215471,0,0
-12388,0,0
39417,0,0
-205809,0,0
30082,0,0
154664,0,0
-134907,0,0
-11510,0,0
48764,0,0
-34448,0,0
-61653,0,0
128955,0,0
-94884,0,0
210934,0,0
49910,0,0
-74436,0,0
117251,0,0
-105838,0,0
-162805,0,0
97710,0,0
286297,0,0
36256,0,0
96769,0,0
-50926,0,0
92136,0,0
223240,0,0
-148386,0,0
13889,0,0
-42967,0,0
-71119,0,0
-28306,0,0
71258,0,0
-53303,0,0
234061,0,0
25706,0,0
-111323,0,0
137555,0,0
-70345,0,0
-304685,0,0
-103696,0,0
325737,0,0
-3260,0,0
41162,0,0
-177146,0,0
71737,0,0
181538,0,0
-149659,0,0
-62271,0,0
-64086,0,0
-32988,0,0
34469,0,0
192486,0,0
-92267,0,0
178247,0,0
10474,0,0
-174410,0,0
165454,0,0
-41241,0,0
-200468,0,0
-103289,0,0
237232,0,0
129794,0,0
220292,0,0
-120166,0,0
-9715,0,0
198448,0,0
-62291,0,0
-90064,0,0
-70131,0,0
-71907,0,0
-42439,0,0
75231,0,0
-38185,0,0
271968,0,0
104476,0,0
-22708,0,0
134520,0,0
-200089,0,0
-257832,0,0
-52814,0,0
261914,0,0
56350,0,0
-57767,0,0
-109049,0,0
91771,0,0
131574,0,0
36827,0,0
118152,0,0
-27815,0,0
-151751,0,0
-127082,0,0
74662,0,0
-73190,0,0
259838,0,0
136807,0,0
-53603,0,0
114113,0,0
-70030,0,0
-179027,0,0
12383,0,0
219773,0,0
22758,0,0
80955,0,0
-114967,0,0
71806,0,0
146793,0,0
-48534,0,0
-13644,0,0
-68791,0,0
-161399,0,0
-65621,0,0
49515,0,0
-175902,0,0
120500,0,0
90159,0,0
-158448,0,0
94089,0,0
19630,0,0
-165278,0,0
-129327,0,0
204244,0,0
-34688,0,0
-23496,0,0
-108320,0,0
77981,0,0
146408,0,0
-118212,0,0
5297,0,0
38056,0,0
-99268,0,0
-53238,0,0
152667,0,0
-71971,0,0
244844,0,0
156083,0,0
-127695,0,0
69377,0,0
-86323,0,0
-199519,0,0
-12818,0,0
292710,0,0
69086,0,0
140869,0,0
-169471,0,0
3398,0,0
152181,0,0
-50793,0,0
-36176,0,0
-25828,0,0
-63196,0,0
-41851,0,0
57150,0,0
-109947,0,0
263312,0,0
113687,0,0
-166394,0,0
51356,0,0
-50864,0,0
-209724,0,0
-114555,0,0
181462,0,0
97045,0,0
137314,0,0
-143641,0,0
998,0,0
166305,0,0
-54600,0,0
-17196,0,0
31203,0,0
-65262,0,0
-91421,0,0
100557,0,0
-98826,0,0
99137,0,0
99235,0,0
11621,0,0
91058,0,0
5858,0,0
-168967,0,0
1546,0,0
242699,0,0
78383,0,0
94075,0,0
-66976,0,0
39293,0,0
116784,0,0
-61371,0,0
-35088,0,0
36572,0,0
-3693,0,0
44952,0,0
105043,0,0
-111271,0,0
173021,0,0
218674,0,0
23818,0,0
6662,0,0
-114181,0,0
-197702,0,0
30140,0,0
234285,0,0
36226,0,0
140339,0,0
-133396,0,0
9045,0,0
248874,0,0
-20513,0,0
-104422,0,0
-55988,0,0
-35106,0,0
28847,0,0
106447,0,0
-144382,0,0
151094,0,0
97742,0,0
-107319,0,0
115126,0,0
-73238,0,0
-295312,0,0
-53454,0,0
195720,0,0
12035,0,0
70008,0,0
-90079,0,0
88786,0,0
151742,0,0
-171252,0,0
-123871,0,0
-49419,0,0
-104086,0,0
-124728,0,0
25628,0,0
-49051,0,0
125144,0,0
125473,0,0
-79020,0,0
71408,0,0
-128239,0,0
-300301,0,0
-47263,0,0
229952,0,0
21824,0,0
26177,0,0
-140259,0,0
-33381,0,0
114053,0,0
-131794,0,0
-142668,0,0
-23588,0,0
-34522,0,0
-185720,0,0
59748,0,0
-189498,0,0
45473,0,0
151242,0,0
-96767,0,0
-21303,0,0
-206222,0,0
-350132,0,0
20376,0,0
343682,0,0
24315,0,0
-90658,0,0
-204033,0,0
-62045,0,0
136374,0,0
-17804,0,0
39000,0,0
54079,0,0
-113977,0,0
-169281,0,0
71790,0,0
-46192,0,0
237888,0,0
131245,0,0
-89430,0,0
94529,0,0
-50593,0,0
-176809,0,0
-93268,0,0
193629,0,0
68080,0,0
158396,0,0
-24160,0,0
21001,0,0
104881,0,0
-105949,0,0
-31480,0,0
23667,0,0
-32790,0,0
46722,0,0
147564,0,0
-86482,0,0
-20799,0,0
87454,0,0
-22494,0,0
135761,0,0
1838,0,0
-169255,0,0
3812,0,0
224125,0,0
7129,0,0
56194,0,0
-59201,0,0
78037,0,0
254001,0,0
-76608,0,0
-76094,0,0
1413,0,0
-17232,0,0
-39198,0,0
144389,0,0
110798,0,0
220088,0,0
117402,0,0
-76743,0,0
68310,0,0
10224,0,0
-164975,0,0
19521,0,0
324577,0,0
122543,0,0
82838,0,0
-80560,0,0
-48064,0,0
189203,0,0
28312,0,0
-77625,0,0
-65159,0,0
-70324,0,0
-91126,0,0
72860,0,0
-85297,0,0
62248,0,0
24194,0,0
-223979,0,0
-80912,0,0
-92451,0,0
-289286,0,0
-81983,0,0
372494,0,0
-100496,0,0
-154399,0,0
-189192,0,0
-127317,0,0
97730,0,0
-53122,0,0
-136754,0,0
-105060,0,0
-113068,0,0
-151540,0,0
24624,0,0
-116822,0,0
114286,0,0
83422,0,0
-203927,0,0
-75914,0,0
-210694,0,0
-428508,0,0
-112690,0,0
260910,0,0
26664,0,0
46860,0,0
-95864,0,0
-131158,0,0
178976,0,0
-117085,0,0
-189514,0,0
-68977,0,0
-48075,0,0
-103463,0,0
21360,0,0
-46330,0,0
189157,0,0
159987,0,0
-86341,0,0
125101,0,0
54534,0,0
-313786,0,0
-171078,0,0
220004,0,0
88603,0,0
157270,0,0
5541,0,0
-21133,0,0
122004,0,0
-146666,0,0
-6122,0,0
137027,0,0
29954,0,0
-73565,0,0
55289,0,0
-90376,0,0
134653,0,0
225754,0,0
-36991,0,0
63132,0,0
22753,0,0
-103919,0,0
18573,0,0
230905,0,0
31936,0,0
41717,0,0
-42432,0,0
17097,0,0
218302,0,0
111733,0,0
-66792,0,0
-74385,0,0
-96203,0,0
-95246,0,0
36781,0,0
-38341,0,0
150918,0,0
199079,0,0
-94792,0,0
23033,0,0
-19489,0,0
-290636,0,0
-83582,0,0
247370,0,0
140533,0,0
62340,0,0
-145863,0,0
-65337,0,0
166044,0,0
-14674,0,0
-154112,0,0
-16215,0,0
-40295,0,0
-80685,0,0
140909,0,0
-57392,0,0
74640,0,0
146611,0,0
-89696,0,0
40254,0,0
-13931,0,0
-315266,0,0
-63488,0,0
268942,0,0
40608,0,0
-9553,0,0
209,0,0
-33935,0,0
74512,0,0
-85577,0,0
-178436,0,0
-84697,0,0
-118064,0,0
-102735,0,0
90829,0,0
-91238,0,0
20271,0,0
2388,0,0
-162447,0,0
138122,0,0
22115,0,0
-306779,0,0
-234597,0,0
182869,0,0
24721,0,0
33489,0,0
-86947,0,0
-30758,0,0
109273,0,0
-31739,0,0
-60393,0,0
62162,0,0
-53338,0,0
-51216,0,0
117046,0,0
-77206,0,0
17168,0,0
159278,0,0
-14372,0,0
99426,0,0
-55347,0,0
-361010,0,0
-75210,0,0
312469,0,0
168969,0,0
93022,0,0
-4888,0,0
-59818,0,0
100152,0,0
-15057,0,0
-114294,0,0
38587,0,0
29002,0,0
-26040,0,0
123857,0,0
-62693,0,0
29513,0,0
210833,0,0
-92282,0,0
37533,0,0
95467,0,0
-201611,0,0
-30266,0,0
214250,0,0
45074,0,0
30441,0,0
-71311,0,0
-39410,0,0
229209,0,0
49838,0,0
-109619,0,0
-66587,0,0
-121481,0,0
-102765,0,0
134382,0,0
-54726,0,0
116525,0,0
200820,0,0
-132564,0,0
-28258,0,0
-3411,0,0
-363091,0,0
-85728,0,0
246581,0,0
88289,0,0
23885,0,0
-99587,0,0
-96015,0,0
69714,0,0
-90228,0,0
-195523,0,0
-31527,0,0
-96956,0,0
-178889,0,0
-32250,0,0
-126609,0,0
-14933,0,0
30637,0,0
-80592,0,0
-24703,0,0
-187007,0,0
-407684,0,0
-153403,0,0
154642,0,0
80011,0,0
18883,0,0
-191980,0,0
-110457,0,0
114283,0,0
-129947,0,0
-284169,0,0
-52032,0,0
-113310,0,0
-174295,0,0
36130,0,0
28779,0,0
115685,0,0
-18045,0,0
-208078,0,0
36339,0,0
-46189,0,0
-376581,0,0
-196199,0,0
143873,0,0
53860,0,0
95472,0,0
-114717,0,0
-186206,0,0
5796,0,0
-30402,0,0
-49804,0,0
32878,0,0
-47059,0,0
-173709,0,0
-109899,0,0
-130074,0,0
10421,0,0
219542,0,0
-112882,0,0
14222,0,0
109745,0,0
-329130,0,0
-48054,0,0
216215,0,0
3477,0,0
-42683,0,0
-76861,0,0
-92732,0,0
165696,0,0
85041,0,0
-110347,0,0
-12637,0,0
-152106,0,0
-133973,0,0
64201,0,0
-94915,0,0
36169,0,0
188822,0,0
-115856,0,0
120607,0,0
96656,0,0
-416008,0,0
-172315,0,0
163491,0,0
-5519,0,0
-27609,0,0
-17094,0,0
-134333,0,0
216471,0,0
126743,0,0
-70001,0,0
-14959,0,0
-134496,0,0
-158057,0,0
89585,0,0
-60726,0,0
21099,0,0
198284,0,0
-77819,0,0
26889,0,0
96220,0,0
-262601,0,0
-14992,0,0
353463,0,0
157902,0,0
-36973,0,0
-101780,0,0
-109086,0,0
180737,0,0
39507,0,0
-95676,0,0
131708,0,0
53819,0,0
-110932,0,0
-10293,0,0
-100269,0,0
31085,0,0
262030,0,0
-38477,0,0
78229,0,0
118653,0,0
-296220,0,0
-166341,0,0
198416,0,0
149286,0,0
200485,0,0
93533,0,0
-72860,0,0
110581,0,0
2492,0,0
-75673,0,0
73027,0,0
25578,0,0
-92543,0,0
79724,0,0
-45267,0,0
40306,0,0
189708,0,0
108349,0,0
228805,0,0
12244,0,0
-400563,0,0
-116826,0,0
247702,0,0
150669,0,0
107101,0,0
-40642,0,0
-11883,0,0
297900,0,0
130630,0,0
-193714,0,0
-42417,0,0
-61985,0,0
-83366,0,0
192857,0,0
127239,0,0
77039,0,0
301917,0,0
-84333,0,0
-85290,0,0
37762,0,0
-262953,0,0
-4472,0,0
385748,0,0
152268,0,0
53295,0,0
-3301,0,0
-92813,0,0
167615,0,0
2245,0,0
-74633,0,0
64529,0,0
46677,0,0
-139906,0,0
69526,0,0
-18972,0,0
27316,0,0
275670,0,0
-112812,0,0
-38981,0,0
163363,0,0
-296526,0,0
-73598,0,0
291116,0,0
28600,0,0
60865,0,0
41937,0,0
-11377,0,0
191617,0,0
-7837,0,0
-99401,0,0
78829,0,0
-57090,0,0
1965,0,0
180758,0,0
-56583,0,0
23482,0,0
327909,0,0
-2137,0,0
18334,0,0
55183,0,0
-304497,0,0
-62945,0,0
241541,0,0
83488,0,0
95761,0,0
15372,0,0
-150955,0,0
192731,0,0
119377,0,0
-80559,0,0
127899,0,0
5868,0,0
-229920,0,0
31150,0,0
7884,0,0
51619,0,0
310967,0,0
-66400,0,0
-17853,0,0
150111,0,0
-239886,0,0
-90968,0,0
253705,0,0
109978,0,0
127818,0,0
54122,0,0
-168452,0,0
184667,0,0
20085,0,0
-104045,0,0
40025,0,0
-22730,0,0
-161661,0,0
511,0,0
-16569,0,0
25481,0,0
301432,0,0
-85438,0,0
-41295,0,0
86094,0,0
-273445,0,0
-123202,0,0
172905,0,0
36560,0,0
57276,0,0
64880,0,0
-27894,0,0
126762,0,0
-74711,0,0
-195297,0,0
145505,0,0
158633,0,0
-82778,0,0
4255,0,0
-62986,0,0
21603,0,0
273964,0,0
-23390,0,0
-2538,0,0
117868,0,0
-281297,0,0
-147807,0,0
358307,0,0
115140,0,0
30551,0,0
-1412,0,0
-160236,0,0
164230,0,0
-15189,0,0
-240739,0,0
-52068,0,0
-47003,0,0
-37517,0,0
134694,0,0
-41920,0,0
-8410,0,0
266660,0,0
-132002,0,0
-139558,0,0
92876,0,0
-292505,0,0
-54848,0,0
204740,0,0
142247,0,0
135822,0,0
52238,0,0
-112247,0,0
140834,0,0
53122,0,0
-163884,0,0
30111,0,0
-33736,0,0
-110456,0,0
93429,0,0
102980,0,0
87481,0,0
269980,0,0
-145271,0,0
-93961,0,0
101092,0,0
-305619,0,0
-24055,0,0
229698,0,0
67482,0,0
3321,0,0
39399,0,0
-80712,0,0
176234,0,0
54714,0,0
-165371,0,0
70243,0,0
-67630,0,0
-167718,0,0
46828,0,0
-92967,0,0
37695,0,0
414657,0,0
-154467,0,0
-183334,0,0
148700,0,0
-332233,0,0
-60790,0,0
180093,0,0
-3953,0,0
29831,0,0
30971,0,0
-129430,0,0
175965,0,0
-9776,0,0
-289268,0,0
-43782,0,0
-3283,0,0
-184472,0,0
-11344,0,0
92232,0,0
-42522,0,0
187644,0,0
-177222,0,0
-110322,0,0
129273,0,0
-267423,0,0
-120440,0,0
198995,0,0
114779,0,0
-90575,0,0
-75972,0,0
-181662,0,0
232135,0,0
169684,0,0
-321799,0,0
-173003,0,0
-30534,0,0
62913,0,0
125004,0,0
-192209,0,0
-228746,0,0
168432,0,0
-98246,0,0
-141760,0,0
-2275,0,0
-387084,0,0
-14304,0,0
236082,0,0
-40370,0,0
-60169,0,0
-64765,0,0
-228057,0,0
138630,0,0
13168,0,0
-339570,0,0
-119895,0,0
-92615,0,0
29525,0,0
107007,0,0
-7492,0,0
-26232,0,0
304421,0,0
-80002,0,0
-59016,0,0
151096,0,0
-338057,0,0
-83363,0,0
360401,0,0
256935,0,0
95002,0,0
19046,0,0
-127075,0,0
293582,0,0
175637,0,0
-100066,0,0
102665,0,0
-6622,0,0
12691,0,0
83921,0,0
-26834,0,0
46839,0,0
367759,0,0
-96822,0,0
-16956,0,0
268785,0,0
-261281,0,0
653,0,0
181467,0,0
98993,0,0
22249,0,0
-25352,0,0
-156623,0,0
200629,0,0
136126,0,0
-141095,0,0
-17549,0,0
-11562,0,0
-45874,0,0
-3252,0,0
-115637,0,0
-83945,0,0
310933,0,0
-88590,0,0
-57846,0,0
156967,0,0
-354061,0,0
-172141,0,0
165703,0,0
87532,0,0
1291,0,0
8309,0,0
-178703,0,0
192587,0,0
74202,0,0
-274965,0,0
-67778,0,0
-68478,0,0
41126,0,0
74367,0,0
-115763,0,0
-91341,0,0
346393,0,0
-46431,0,0
-56966,0,0
183517,0,0
-357570,0,0
-84959,0,0
270144,0,0
65779,0,0
23492,0,0
99121,0,0
-96764,0,0
249236,0,0
66454,0,0
-186121,0,0
64730,0,0
-74656,0,0
-104331,0,0
62868,0,0
17991,0,0
44203,0,0
364349,0,0
-140771,0,0
-126180,0,0
82645,0,0
-338069,0,0
-116228,0,0
233138,0,0
125139,0,0
53554,0,0
77587,0,0
-206029,0,0
83113,0,0
13467,0,0
-183429,0,0
-52317,0,0
-102114,0,0
-107886,0,0
-28939,0,0
-48744,0,0
-71001,0,0
333348,0,0
-31664,0,0
-109113,0,0
145014,0,0
-219633,0,0
-31859,0,0
150626,0,0
-23109,0,0
-7129,0,0
138465,0,0
-28099,0,0
248297,0,0
85540,0,0
-138663,0,0
57881,0,0
-86232,0,0
-48614,0,0
201377,0,0
6520,0,0
-63210,0,0
228518,0,0
-119036,0,0
27331,0,0
321400,0,0
-254152,0,0
-180154,0,0
108007,0,0
109390,0,0
109620,0,0
139518,0,0
-209596,0,0
153937,0,0
120014,0,0
-165013,0,0
21317,0,0
-40400,0,0
-98230,0,0
33778,0,0
6728,0,0
-52393,0,0
240240,0,0
-60410,0,0
15955,0,0
209860,0,0
-275800,0,0
-62742,0,0
105828,0,0
-403,0,0
54870,0,0
133581,0,0
-140019,0,0
178654,0,0
125314,0,0
-167777,0,0
49455,0,0
-44297,0,0
-9380,0,0
124199,0,0
1461,0,0
-5428,0,0
330836,0,0
-96789,0,0
-57619,0,0
269752,0,0
-278743,0,0
-98468,0,0
206847,0,0
164784,0,0
87087,0,0
83281,0,0
-208630,0,0
137484,0,0
23711,0,0
-164778,0,0
148755,0,0
-42687,0,0
-82005,0,0
172414,0,0
-37162,0,0
-193475,0,0
217313,0,0
-161295,0,0
-75860,0,0
151001,0,0
-296991,0,0
-9753,0,0
194669,0,0
-72796,0,0
-94111,0,0
16362,0,0
-317538,0,0
87245,0,0
79489,0,0
-247327,0,0
-47013,0,0
-23074,0,0
-118057,0,0
-63898,0,0
-61495,0,0
-141676,0,0
231844,0,0
-150805,0,0
-97896,0,0
152070,0,0
-310289,0,0
-12860,0,0
243564,0,0
141712,0,0
98446,0,0
88831,0,0
-262391,0,0
63617,0,0
145365,0,0
-92265,0,0
122226,0,0
174994,0,0
79563,0,0
24237,0,0
-102652,0,0
-59229,0,0
367896,0,0
-98835,0,0
-35127,0,0
359787,0,0
-104970,0,0
-16903,0,0
119902,0,0
14952,0,0
20561,0,0
120027,0,0
-218287,0,0
142080,0,0
202686,0,0
-118833,0,0
68598,0,0
-107455,0,0
-150027,0,0
21905,0,0
-13351,0,0
-97176,0,0
322516,0,0
-140387,0,0
-112990,0,0
126447,0,0
-286163,0,0
-25560,0,0
184071,0,0
95570,0,0
-14058,0,0
59447,0,0
-206325,0,0
156133,0,0
81792,0,0
-120431,0,0
83824,0,0
-176374,0,0
-88315,0,0
98214,0,0
7572,0,0
-148474,0,0
302986,0,0
-59620,0,0
-83405,0,0
175475,0,0
-218485,0,0
-34170,0,0
112963,0,0
119858,0,0
26697,0,0
54021,0,0
-220121,0,0
59564,0,0
-2085,0,0
-230145,0,0
15605,0,0
-191320,0,0
-14061,0,0
112747,0,0
-107570,0,0
-64009,0,0
195734,0,0
-261139,0,0
-262606,0,0
45507,0,0
-398195,0,0
-118404,0,0
196770,0,0
53065,0,0
-120001,0,0
-57657,0,0
-290648,0,0
159207,0,0
51392,0,0
-320601,0,0
77867,0,0
-65045,0,0
-164186,0,0
31018,0,0
49230,0,0
-88654,0,0
346747,0,0
-37481,0,0
-58071,0,0
195308,0,0
-257808,0,0
-37003,0,0
188659,0,0
190925,0,0
117703,0,0
127686,0,0
-224335,0,0
215018,0,0
178855,0,0
-122922,0,0
138327,0,0
-11716,0,0
-67732,0,0
6362,0,0
-3850,0,0
-38256,0,0
414242,0,0
47706,0,0
-77264,0,0
131353,0,0
-279603,0,0
-99605,0,0
140445,0,0
91255,0,0
38874,0,0
112391,0,0
-143013,0,0
176970,0,0
17374,0,0
-281515,0,0
84441,0,0
-126426,0,0
-122353,0,0
7176,0,0
20265,0,0
-158455,0,0
311915,0,0
-122056,0,0
-186716,0,0
133985,0,0
-237941,0,0
-132710,0,0
178394,0,0
96646,0,0
31767,0,0
17381,0,0
-283641,0,0
210092,0,0
117447,0,0
-298231,0,0
-33027,0,0
-91487,0,0
-119610,0,0
174203,0,0
105359,0,0
-109948,0,0
207412,0,0
-69471,0,0
-131319,0,0
85019,0,0
-290750,0,0
-35273,0,0
186300,0,0
89337,0,0
195552,0,0
111386,0,0
-285561,0,0
103435,0,0
94704,0,0
-197834,0,0
47248,0,0
-110953,0,0
-108045,0,0
138916,0,0
-3753,0,0
-23571,0,0
493908,0,0
-174620,0,0
-294824,0,0
142814,0,0
-298223,0,0
-159286,0,0
169741,0,0
149948,0,0
22429,0,0
82882,0,0
-199909,0,0
173691,0,0
107787,0,0
-266340,0,0
46714,0,0
-35819,0,0
-86774,0,0
67317,0,0
51180,0,0
-120533,0,0
361646,0,0
39266,0,0
-35290,0,0
194409,0,0
-256730,0,0
-39008,0,0
242907,0,0
279967,0,0
143317,0,0
56480,0,0
-122184,0,0
281208,0,0
185319,0,0
-124847,0,0
125823,0,0
22427,0,0
49037,0,0
167238,0,0
42588,0,0
-56995,0,0
389336,0,0
-81075,0,0
-54750,0,0
394989,0,0
-178432,0,0
-104254,0,0
133943,0,0
128575,0,0
7421,0,0
62282,0,0
-270846,0,0
189439,0,0
99979,0,0
-283186,0,0
-11476,0,0
1541,0,0
-122706,0,0
-99137,0,0
-87160,0,0
-170608,0,0
303359,0,0
-196487,0,0
-243245,0,0
202752,0,0
-245560,0,0
-181076,0,0
-9310,0,0
-34422,0,0
-76246,0,0
22482,0,0
-333991,0,0
143312,0,0
92349,0,0
-296075,0,0
-33066,0,0
-38174,0,0
-156498,0,0
-65457,0,0
-74196,0,0
-220232,0,0
249037,0,0
-102596,0,0
-198267,0,0
184495,0,0
-286572,0,0
-61686,0,0
55960,0,0
944,0,0
60997,0,0
254489,0,0
-285346,0,0
84303,0,0
210613,0,0
-33934,0,0
52782,0,0
-67575,0,0
-64072,0,0
81399,0,0
97045,0,0
-31174,0,0
484480,0,0
44830,0,0
-76483,0,0
311900,0,0
-207249,0,0
4226,0,0
197017,0,0
194622,0,0
49858,0,0
103307,0,0
-187243,0,0
280798,0,0
198554,0,0
-219502,0,0
59143,0,0
-7413,0,0
-45882,0,0
47943,0,0
23379,0,0
-17277,0,0
449546,0,0
41123,0,0
-29513,0,0
233187,0,0
-263432,0,0
-99012,0,0
220217,0,0
197045,0,0
53321,0,0
173231,0,0
-84890,0,0
288694,0,0
199479,0,0
-109030,0,0
72953,0,0
-26974,0,0
-12204,0,0
85028,0,0
40069,0,0
-122502,0,0
387682,0,0
-38587,0,0
-165195,0,0
222472,0,0
-250644,0,0
-105107,0,0
172263,0,0
82206,0,0
-111170,0,0
-22006,0,0
-279004,0,0
133423,0,0
99206,0,0
-303591,0,0
-38284,0,0
-42192,0,0
-183481,0,0
-143228,0,0
-60253,0,0
-229321,0,0
183805,0,0
-170181,0,0
-266000,0,0
41291,0,0
-368419,0,0
-283713,0,0
-77842,0,0
65856,0,0
-193720,0,0
-130012,0,0
-208025,0,0
113706,0,0
-140076,0,0
-478099,0,0
-218520,0,0
-247071,0,0
-153671,0,0
-86582,0,0
-38677,0,0
-126185,0,0
278050,0,0
-82648,0,0
-219470,0,0
118937,0,0
-386229,0,0
-165520,0,0
109155,0,0
211957,0,0
140924,0,0
115772,0,0
-241117,0,0
204095,0,0
141059,0,0
-169590,0,0
119275,0,0
-28370,0,0
-57617,0,0
76675,0,0
63017,0,0
-95206,0,0
380661,0,0
32367,0,0
-34510,0,0
310036,0,0
-256399,0,0
11381,0,0
244823,0,0
160597,0,0
-21739,0,0
137832,0,0
-167054,0,0
249635,0,0
201722,0,0
-62598,0,0
138936,0,0
-76483,0,0
-69186,0,0
117338,0,0
134966,0,0
-109217,0,0
330622,0,0
-79,0,0
-78331,0,0
281517,0,0
-175371,0,0
-160162,0,0
129343,0,0
246941,0,0
115672,0,0
118811,0,0
-105478,0,0
226586,0,0
156380,0,0
-168697,0,0
126679,0,0
13074,0,0
-44735,0,0
61367,0,0
147243,0,0
-65986,0,0
407222,0,0
2797,0,0
-102953,0,0
258381,0,0
-206541,0,0
-124871,0,0
122231,0,0
195425,0,0
42510,0,0
87732,0,0
-193731,0,0
168991,0,0
90545,0,0
-197863,0,0
16640,0,0
-116740,0,0
-117189,0,0
-2096,0,0
56975,0,0
-106325,0,0
270780,0,0
-41254,0,0
-229727,0,0
164851,0,0
-219949,0,0
-155490,0,0
13427,0,0
152886,0,0
120469,0,0
85344,0,0
-243430,0,0
183326,0,0
107815,0,0
-243726,0,0
23301,0,0
-150559,0,0
-154925,0,0
52961,0,0
84539,0,0
-87638,0,0
473148,0,0
93265,0,0
-151952,0,0
121772,0,0
-315714,0,0
-180055,0,0
118743,0,0
255461,0,0
64616,0,0
83479,0,0
-145142,0,0
205196,0,0
143197,0,0
-178222,0,0
8211,0,0
-73448,0,0
-99615,0,0
-94043,0,0
-62034,0,0
-99616,0,0
409438,0,0
-44394,0,0
-125890,0,0
163937,0,0
-290196,0,0
-177605,0,0
-43758,0,0
212767,0,0
-32109,0,0
-34983,0,0
-231078,0,0
155826,0,0
57042,0,0
-246294,0,0
80824,0,0
-136522,0,0
-131811,0,0
68427,0,0
109548,0,0
-146049,0,0
335898,0,0
-66916,0,0
-150118,0,0
254255,0,0
-43996,0,0
-118396,0,0
51535,0,0
240971,0,0
154875,0,0
180779,0,0
-120886,0,0
266543,0,0
254981,0,0
-115588,0,0
78575,0,0
10284,0,0
-24983,0,0
60666,0,0
69436,0,0
-43731,0,0
383252,0,0
-40735,0,0
-113901,0,0
180601,0,0
-265139,0,0
-156526,0,0
36985,0,0
47315,0,0
-40741,0,0
89176,0,0
-303054,0,0
42530,0,0
69537,0,0
-227997,0,0
-109167,0,0
-172912,0,0
-136101,0,0
-102525,0,0
-50745,0,0
-193915,0,0
216600,0,0
-160925,0,0
-219161,0,0
186743,0,0
-229208,0,0
-168282,0,0
-34422,0,0
68270,0,0
-39783,0,0
-18433,0,0
-261394,0,0
91860,0,0
19156,0,0
-201322,0,0
88771,0,0
8847,0,0
-102221,0,0
-65819,0,0
-10792,0,0
-89077,0,0
369527,0,0
-64941,0,0
-196326,0,0
144170,0,0
-253918,0,0
-164064,0,0
125153,0,0
375185,0,0
132630,0,0
-6274,0,0
-367175,0,0
63457,0,0
78222,0,0
-251603,0,0
8995,0,0
-323,0,0
-92741,0,0
-56280,0,0
-64499,0,0
-213270,0,0
192329,0,0
-44075,0,0
-203321,0,0
53843,0,0
-369395,0,0
-211245,0,0
-55399,0,0
-7560,0,0
-88188,0,0
41341,0,0
-264059,0,0
63834,0,0
106153,0,0
-282959,0,0
-20600,0,0
-178170,0,0
-123320,0,0
104202,0,0
-14160,0,0
-244978,0,0
306513,0,0
18836,0,0
-115401,0,0
252230,0,0
-109187,0,0
-103505,0,0
57662,0,0
114121,0,0
-30934,0,0
176889,0,0
-86382,0,0
245793,0,0
180131,0,0
-222146,0,0
46200,0,0
66777,0,0
-89164,0,0
9309,0,0
134898,0,0
-98391,0,0
335876,0,0
-3627,0,0
-77296,0,0
274696,0,0
-178742,0,0
-84625,0,0
138560,0,0
250413,0,0
143901,0,0
106368,0,0
-185749,0,0
195115,0,0
153882,0,0
-101282,0,0
106626,0,0
94187,0,0
-33225,0,0
-798,0,0
142397,0,0
-56250,0,0
381164,0,0
6998,0,0
-75311,0,0
288067,0,0
-147303,0,0
-114744,0,0
103971,0,0
193427,0,0
-12415,0,0
180926,0,0
-175873,0,0
107422,0,0
168983,0,0
-178257,0,0
-65014,0,0
-109824,0,0
-109682,0,0
-8543,0,0
84681,0,0
-103421,0,0
243428,0,0
-108235,0,0
-202163,0,0
141962,0,0
-323273,0,0
-125724,0,0
170776,0,0
99884,0,0
-128759,0,0
-18113,0,0
-291889,0,0
166516,0,0
179127,0,0
-198510,0,0
10804,0,0
-114760,0,0
-158838,0,0
122280,0,0
119616,0,0
-306147,0,0
170182,0,0
-81550,0,0
-157099,0,0
265358,0,0
-155497,0,0
-152972,0,0
165675,0,0
182509,0,0
-55288,0,0
83791,0,0
-184611,0,0
214542,0,0
241000,0,0
-232436,0,0
-53787,0,0
-61707,0,0
1110,0,0
148868,0,0
164496,0,0
-88634,0,0
406951,0,0
33926,0,0
-158267,0,0
207531,0,0
-119323,0,0
-128850,0,0
38169,0,0
351355,0,0
204330,0,0
96065,0,0
-284382,0,0
75995,0,0
220126,0,0
19451,0,0
52403,0,0
14386,0,0
12669,0,0
2028,0,0
52071,0,0
-91321,0,0
324401,0,0
38099,0,0
-92114,0,0
173074,0,0
-162460,0,0
-172531,0,0
69349,0,0
195494,0,0
-12279,0,0
96957,0,0
-198864,0,0
110286,0,0
153302,0,0
-271054,0,0
-86694,0,0
-143750,0,0
-131398,0,0
-32527,0,0
12895,0,0
-144960,0,0
230272,0,0
-63040,0,0
-216277,0,0
103565,0,0
-177752,0,0
-192359,0,0
-67203,0,0
15120,0,0
-101116,0,0
-4388,0,0
-250437,0,0
119473,0,0
124540,0,0
-212292,0,0
-105343,0,0
-107510,0,0
-170525,0,0
-159166,0,0
57275,0,0
-80912,0,0
244113,0,0
-119907,0,0
-148020,0,0
211878,0,0
-197952,0,0
-194440,0,0
-17765,0,0
181397,0,0
-19222,0,0
93523,0,0
-167989,0,0
120612,0,0
208410,0,0
-82040,0,0
-115742,0,0
-174330,0,0
46992,0,0
18354,0,0
11435,0,0
-116808,0,0
371285,0,0
-18599,0,0
-236759,0,0
118927,0,0
-192534,0,0
-247727,0,0
39021,0,0
226735,0,0
90727,0,0
173401,0,0
-210870,0,0
-1988,0,0
79525,0,0
-130826,0,0
-74888,0,0
-73889,0,0
-81945,0,0
27029,0,0
37800,0,0
-60955,0,0
344508,0,0
-27981,0,0
-156487,0,0
203501,0,0
-104740,0,0
-182107,0,0
1902,0,0
182219,0,0
12512,0,0
107509,0,0
-154322,0,0
68782,0,0
149102,0,0
-107940,0,0
-52432,0,0
-119900,0,0
-13423,0,0
177643,0,0
214491,0,0
-183232,0,0
150478,0,0
57331,0,0
-49806,0,0
230852,0,0
-132146,0,0
-132177,0,0
66482,0,0
246215,0,0
94133,0,0
189271,0,0
-103694,0,0
168443,0,0
207499,0,0
-63287,0,0
17237,0,0
-96878,0,0
-50735,0,0
87397,0,0
40957,0,0
-155496,0,0
191739,0,0
-3950,0,0
-115496,0,0
140941,0,0
-196842,0,0
-238208,0,0
7393,0,0
202859,0,0
-67016,0,0
-72986,0,0
-235192,0,0
100550,0,0
44079,0,0
-299839,0,0
-55872,0,0
-171674,0,0
-143649,0,0
-12746,0,0
37990,0,0
-197745,0,0
142287,0,0
-126375,0,0
-274856,0,0
83699,0,0
-221360,0,0
-199768,0,0
-496,0,0
81756,0,0
-113069,0,0
-77,0,0
-219121,0,0
68584,0,0
8123,0,0
-196758,0,0
-49456,0,0
-50044,0,0
-187353,0,0
-185150,0,0
35067,0,0
-158826,0,0
152344,0,0
-54710,0,0
-167583,0,0
69265,0,0
-209954,0,0
-207151,0,0
-46035,0,0
74689,0,0
-80255,0,0
-40201,0,0
-279453,0,0
106403,0,0
184705,0,0
-150825,0,0
-114037,0,0
-139217,0,0
-106826,0,0
-13513,0,0
45760,0,0
-131279,0,0
332245,0,0
-18544,0,0
-99864,0,0
239213,0,0
-80714,0,0
-111934,0,0
64797,0,0
193772,0,0
60732,0,0
162560,0,0
-115644,0,0
208346,0,0
243621,0,0
-28830,0,0
8139,0,0
74126,0,0
70778,0,0
3818,0,0
128119,0,0
46853,0,0
414708,0,0
159040,0,0
-102722,0,0
155822,0,0
-31776,0,0
-7932,0,0
145194,0,0
231451,0,0
107537,0,0
149242,0,0
-139994,0,0
92945,0,0
220902,0,0
-63327,0,0
-19317,0,0
-2793,0,0
29123,0,0
-36735,0,0
89395,0,0
-62077,0,0
328491,0,0
33311,0,0
-153801,0,0
126171,0,0
-112158,0,0
-203107,0,0
2042,0,0
218019,0,0
6008,0,0
46209,0,0
-82323,0,0
169894,0,0
159740,0,0
-181119,0,0
-151822,0,0
-135373,0,0
-50060,0,0
-36115,0,0
28902,0,0
-180171,0,0
94138,0,0
-51929,0,0
-160017,0,0
47864,0,0
-301347,0,0
-374964,0,0
-67347,0,0
182116,0,0
-34799,0,0
-102711,0,0
-339085,0,0
21822,0,0
88727,0,0
-252969,0,0
-96137,0,0
-147265,0,0
-216123,0,0
-130373,0,0
12868,0,0
-157194,0,0
160053,0,0
-22312,0,0
-106253,0,0
177776,0,0
-173543,0,0
-313845,0,0
-68282,0,0
213628,0,0
40443,0,0
4901,0,0
-176434,0,0
97357,0,0
149245,0,0
-105467,0,0
-2217,0,0
70123,0,0
9622,0,0
-19448,0,0
24445,0,0
-34359,0,0
322984,0,0
151004,0,0
-28775,0,0
164656,0,0
-11845,0,0
-71231,0,0
12914,0,0
275472,0,0
197592,0,0
152797,0,0
-52699,0,0
210033,0,0
283086,0,0
3758,0,0
85687,0,0
28482,0,0
3477,0,0
81088,0,0
180182,0,0
-31404,0,0
254299,0,0
194873,0,0
-7621,0,0
202093,0,0
-64767,0,0
-144136,0,0
129075,0,0
215224,0,0
10053,0,0
157140,0,0
-43968,0,0
56425,0,0
128460,0,0
-83822,0,0
-75785,0,0
-7143,0,0
-26995,0,0
48484,0,0
45887,0,0
-205132,0,0
171279,0,0
27275,0,0
-58142,0,0
216762,0,0
-36915,0,0
-204319,0,0
-113928,0,0
168772,0,0
67579,0,0
112581,0,0
-141923,0,0
57965,0,0
119068,0,0
-135966,0,0
53225,0,0
28677,0,0
-63072,0,0
-87132,0,0
93056,0,0
-85848,0,0
134069,0,0
110920,0,0
-100108,0,0
173339,0,0
-99539,0,0
-273487,0,0
-55403,0,0
223988,0,0
65679,0,0
87748,0,0
-139576,0,0
25020,0,0
210387,0,0
-13276,0,0
-59331,0,0
-23446,0,0
-59470,0,0
-82494,0,0
62685,0,0
-13358,0,0
261458,0,0
79935,0,0
-176944,0,0
66440,0,0
-189761,0,0
-308109,0,0
-37085,0,0
291724,0,0
143505,0,0
25135,0,0
-302697,0,0
52312,0,0
146142,0,0
-111707,0,0
-127165,0,0
-154817,0,0
-186813,0,0
-68578,0,0
93451,0,0
-148033,0,0
144548,0,0
37604,0,0
-106420,0,0
206155,0,0
-110807,0,0
-380897,0,0
-139777,0,0
206351,0,0
19446,0,0
86572,0,0
-156921,0,0
-127845,0,0
56440,0,0
-53484,0,0
31172,0,0
-60577,0,0
-43930,0,0
10561,0,0
156369,0,0
-141398,0,0
50439,0,0
3700,0,0
-84322,0,0
178958,0,0
-12470,0,0
-141829,0,0
-10323,0,0
288118,0,0
148124,0,0
61479,0,0
-69460,0,0
81902,0,0
202097,0,0
10221,0,0
-19278,0,0
-6086,0,0
-39287,0,0
-38875,0,0
105822,0,0
-69587,0,0
176492,0,0
99130,0,0
17585,0,0
298778,0,0
-147799,0,0
-307858,0,0
-31771,0,0
203149,0,0
123701,0,0
140204,0,0
-107490,0,0
40728,0,0
213272,0,0
-78776,0,0
-94124,0,0
-24299,0,0
20817,0,0
-68238,0,0
67285,0,0
-22100,0,0
253873,0,0
164468,0,0
-186451,0,0
39003,0,0
-110244,0,0
-249446,0,0
41013,0,0
324082,0,0
83734,0,0
64732,0,0
-96951,0,0
-26143,0,0
146500,0,0
-48517,0,0
-115103,0,0
-61908,0,0
46378,0,0
-2558,0,0
109085,0,0
-63604,0,0
81678,0,0
-573,0,0
-104277,0,0
161612,0,0
-85036,0,0
-288158,0,0
-85313,0,0
198576,0,0
-68957,0,0
-51774,0,0
-167037,0,0
-37121,0,0
101379,0,0
-151380,0,0
-120979,0,0
-113847,0,0
-124244,0,0
-153639,0,0
-122431,0,0
-325584,0,0
81795,0,0
121002,0,0
-157797,0,0
-78718,0,0
-47977,0,0
-195070,0,0
-110567,0,0
70123,0,0
-137152,0,0
36559,0,0
-113052,0,0
73244,0,0
180626,0,0
-117117,0,0
-98132,0,0
70627,0,0
10544,0,0
-35652,0,0
120290,0,0
-77420,0,0
238620,0,0
195659,0,0
-16968,0,0
149771,0,0
-27152,0,0
-210257,0,0
-4861,0,0
330367,0,0
78644,0,0
95947,0,0
-23596,0,0
125092,0,0
168651,0,0
-114072,0,0
-118191,0,0
29569,0,0
47499,0,0
28200,0,0
62077,0,0
-139466,0,0
130968,0,0
96251,0,0
-137462,0,0
51625,0,0
-23101,0,0
-268993,0,0
-23263,0,0
293195,0,0
101613,0,0
70375,0,0
-182707,0,0
-61895,0,0
205285,0,0
-27198,0,0
-131131,0,0
20444,0,0
18017,0,0
-96185,0,0
26311,0,0
-73090,0,0
189417,0,0
161823,0,0
-114090,0,0
25860,0,0
-78196,0,0
-291443,0,0
-72927,0,0
267261,0,0
108433,0,0
108226,0,0
-133822,0,0
-34100,0,0
160080,0,0
-103264,0,0
-125638,0,0
-68483,0,0
-104307,0,0
-44159,0,0
36062,0,0
-165948,0,0
86815,0,0
119457,0,0
-217888,0,0
-42700,0,0
-11514,0,0
-244429,0,0
-56190,0,0
197472,0,0
-165281,0,0
-196395,0,0
-174931,0,0
10637,0,0
97845,0,0
-127062,0,0
-76733,0,0
59416,0,0
-152426,0,0
-200820,0,0
59048,0,0
-160289,0,0
126316,0,0
156406,0,0
-151197,0,0
-77871,0,0
-96288,0,0
-223938,0,0
-23203,0,0
339160,0,0
8731,0,0
30187,0,0
-42314,0,0
-44864,0,0
83823,0,0
2616,0,0
5256,0,0
74168,0,0
-70966,0,0
-242179,0,0
2290,0,0
33718,0,0
200029,0,0
260481,0,0
85078,0,0
94514,0,0
14688,0,0
-278322,0,0
-64164,0,0
291663,0,0
73775,0,0
91197,0,0
-50650,0,0
83883,0,0
246318,0,0
-18340,0,0
-49780,0,0
52023,0,0
8170,0,0
-80042,0,0
97355,0,0
-36439,0,0
88696,0,0
157820,0,0
-36913,0,0
79618,0,0
-48917,0,0
-334832,0,0
-62536,0,0
286676,0,0
34739,0,0
43892,0,0
-12956,0,0
-8491,0,0
99375,0,0
-60807,0,0
-125824,0,0
-24485,0,0
-8291,0,0
-43210,0,0
115758,0,0
-58840,0,0
112350,0,0
107651,0,0
-93296,0,0
84659,0,0
-4812,0,0
-226770,0,0
-38615,0,0
239005,0,0
25118,0,0
144718,0,0
43127,0,0
46788,0,0
184693,0,0
-25516,0,0
-63265,0,0
54476,0,0
-940,0,0
-84784,0,0
86302,0,0
37948,0,0
133101,0,0
234694,0,0
-22911,0,0
91385,0,0
54280,0,0
-246884,0,0
-39572,0,0
267324,0,0
15878,0,0
63541,0,0
-32069,0,0
36983,0,0
171441,0,0
-58597,0,0
-188520,0,0
27608,0,0
216,0,0
-82277,0,0
131222,0,0
-26582,0,0
67761,0,0
161149,0,0
-60407,0,0
17802,0,0
23928,0,0
-216417,0,0
-122702,0,0
238365,0,0
113494,0,0
3431,0,0
-117205,0,0
-47212,0,0
217220,0,0
7183,0,0
-145176,0,0
-52023,0,0
-82339,0,0
-48056,0,0
117230,0,0
-95676,0,0
38254,0,0
224249,0,0
-106729,0,0
-37749,0,0
71701,0,0
-78304,0,0
18798,0,0
307576,0,0
57786,0,0
-15879,0,0
44062,0,0
110188,0,0
259860,0,0
59285,0,0
-23480,0,0
95119,0,0
103771,0,0
16442,0,0
111823,0,0
-11059,0,0
136930,0,0
226971,0,0
-57173,0,0
26937,0,0
35389,0,0
-297145,0,0
-62740,0,0
316559,0,0
58231,0,0
433,0,0
-92942,0,0
-34911,0,0
108194,0,0
-72174,0,0
-132923,0,0
-75062,0,0
-156004,0,0
-122252,0,0
130359,0,0
-12194,0,0
6298,0,0
64943,0,0
-226954,0,0
-32735,0,0
-28235,0,0
-188715,0,0
-50579,0,0
77651,0,0
-41004,0,0
28015,0,0
-28330,0,0
-68140,0,0
141682,0,0
-186413,0,0
-270968,0,0
-21247,0,0
-48320,0,0
-112178,0,0
-708,0,0
-114804,0,0
42872,0,0
147715,0,0
-243161,0,0
-93121,0,0
-78760,0,0
-376616,0,0
-154743,0,0
210747,0,0
66094,0,0
-20052,0,0
-180516,0,0
-194107,0,0
56649,0,0
-74693,0,0
-147062,0,0
-19445,0,0
-79453,0,0
-172976,0,0
-94567,0,0
-103699,0,0
3949,0,0
85347,0,0
-129729,0,0
-9869,0,0
24354,0,0
-312232,0,0
-57929,0,0
119239,0,0
-121022,0,0
4734,0,0
205032,0,0
35420,0,0
45603,0,0
-178257,0,0
-175301,0,0
105623,0,0
46463,0,0
-160633,0,0
52050,0,0
-16684,0,0
95515,0,0
174994,0,0
-168907,0,0
-32478,0,0
94932,0,0
-197140,0,0
-121398,0,0
148177,0,0
39543,0,0
44166,0,0
-47072,0,0
-124546,0,0
119722,0,0
-5340,0,0
-113412,0,0
-66631,0,0
-109287,0,0
-188816,0,0
8631,0,0
-95558,0,0
15398,0,0
207617,0,0
-96104,0,0
-88623,0,0
-57482,0,0
-344130,0,0
-132074,0,0
210713,0,0
100484,0,0
489,0,0
-87496,0,0
-127423,0,0
66664,0,0
-32116,0,0
-48560,0,0
-27485,0,0
-87565,0,0
-62449,0,0
100295,0,0
-2711,0,0
11615,0,0
222056,0,0
-82083,0,0
41925,0,0
83510,0,0
-270903,0,0
-114091,0,0
217953,0,0
135721,0,0
139184,0,0
109093,0,0
-66526,0,0
113225,0,0
-44942,0,0
-113174,0,0
115520,0,0
58220,0,0
-106767,0,0
31864,0,0
1555,0,0
30107,0,0
219815,0,0
-128938,0,0
-22790,0,0
8451,0,0
-295542,0,0
-90941,0,0
273648,0,0
148336,0,0
-117598,0,0
-115528,0,0
-22818,0,0
157523,0,0
6395,0,0
-210471,0,0
-104549,0,0
-113570,0,0
-90011,0,0
-10132,0,0
-64398,0,0
111139,0,0
285374,0,0
-104264,0,0
-78186,0,0
-39620,0,0
-417103,0,0
-135669,0,0
136064,0,0
140,0,0
138377,0,0
81760,0,0
-55248,0,0
212618,0,0
-31188,0,0
-263733,0,0
-5399,0,0
-146029,0,0
-85152,0,0
253219,0,0
70939,0,0
23191,0,0
239254,0,0
76450,0,0
73919,0,0
92616,0,0
-218370,0,0
8908,0,0
348639,0,0
213151,0,0
122204,0,0
113051,0,0
26719,0,0
258789,0,0
77051,0,0
-63285,0,0
87619,0,0
52657,0,0
2354,0,0
136647,0,0
41536,0,0
122483,0,0
241266,0,0
-82689,0,0
81468,0,0
147956,0,0
-257868,0,0
-15015,0,0
257295,0,0
65176,0,0
41885,0,0
46282,0,0
-16660,0,0
191206,0,0
60574,0,0
-133801,0,0
60169,0,0
-3468,0,0
-89308,0,0
24806,0,0
-21918,0,0
70398,0,0
290282,0,0
-85512,0,0
-11633,0,0
60891,0,0
-262690,0,0
-58237,0,0
257396,0,0
93474,0,0
21507,0,0
-2698,0,0
-148235,0,0
176654,0,0
41570,0,0
-127768,0,0
83002,0,0
-60281,0,0
-153609,0,0
-44440,0,0
-45276,0,0
112647,0,0
248110,0,0
-89046,0,0
-54338,0,0
91402,0,0
-338399,0,0
-192401,0,0
153940,0,0
27624,0,0
28367,0,0
6999,0,0
-118106,0,0
119194,0,0
-28381,0,0
-176843,0,0
-18462,0,0
-89462,0,0
-142387,0,0
50770,0,0
-96640,0,0
-60101,0,0
252194,0,0
-148748,0,0
-112031,0,0
479,0,0
-280142,0,0
-20671,0,0
272798,0,0
-31228,0,0
15525,0,0
56958,0,0
-103889,0,0
116058,0,0
-7341,0,0
-50828,0,0
136712,0,0
-20536,0,0
-72620,0,0
220923,0,0
143802,0,0
-75602,0,0
280677,0,0
48749,0,0
20546,0,0
129279,0,0
-211725,0,0
-38089,0,0
323281,0,0
177565,0,0
165168,0,0
64077,0,0
-201773,0,0
156077,0,0
111170,0,0
-122787,0,0
115666,0,0
-35993,0,0
-105556,0,0
77211,0,0
-117439,0,0
-36497,0,0
345116,0,0
-30150,0,0
-36945,0,0
82344,0,0
-296190,0,0
-91793,0,0
166817,0,0
31070,0,0
41021,0,0
104292,0,0
-98274,0,0
121408,0,0
-38116,0,0
-144968,0,0
2839,0,0
-87553,0,0
-103300,0,0
58628,0,0
-103983,0,0
-55302,0,0
277826,0,0
-110164,0,0
-74754,0,0
-1302,0,0
-400283,0,0
-158742,0,0
205700,0,0
150949,0,0
51240,0,0
-101767,0,0
-151764,0,0
186495,0,0
-55008,0,0
-265677,0,0
-29965,0,0
-132903,0,0
-177978,0,0
-26814,0,0
-57640,0,0
-48115,0,0
186286,0,0
-2999,0,0
73565,0,0
39499,0,0
-403459,0,0
-155190,0,0
140146,0,0
54940,0,0
2713,0,0
21751,0,0
-171149,0,0
143635,0,0
74113,0,0
-87213,0,0
28906,0,0
-69102,0,0
-162044,0,0
56907,0,0
118030,0,0
44105,0,0
227927,0,0
-33291,0,0
2578,0,0
85199,0,0
-331325,0,0
-115710,0,0
247686,0,0
124809,0,0
62409,0,0
139061,0,0
-74187,0,0
130371,0,0
47498,0,0
-205751,0,0
27574,0,0
-54491,0,0
-182562,0,0
14129,0,0
-12569,0,0
-20249,0,0
245635,0,0
-141855,0,0
-93646,0,0
100774,0,0
-347178,0,0
-171960,0,0
132621,0,0
98592,0,0
25540,0,0
-2578,0,0
-207380,0,0
116563,0,0
55382,0,0
-183400,0,0
48827,0,0
-58695,0,0
-191754,0,0
-76206,0,0
-53892,0,0
29779,0,0
435555,0,0
-22318,0,0
-54180,0,0
33413,0,0
-408854,0,0
-131838,0,0
272099,0,0
166107,0,0
-15064,0,0
10026,0,0
-124331,0,0
232461,0,0
42329,0,0
-167258,0,0
106669,0,0
29937,0,0
-124078,0,0
-14833,0,0
-55013,0,0
1106,0,0
359503,0,0
-44597,0,0
-57148,0,0
124743,0,0
-392663,0,0
-78536,0,0
234679,0,0
64582,0,0
97599,0,0
132542,0,0
-88021,0,0
154957,0,0
-47173,0,0
-215241,0,0
55350,0,0
-48651,0,0
-95932,0,0
73035,0,0
91939,0,0
60625,0,0
346410,0,0
-75088,0,0
-134392,0,0
49265,0,0
-292214,0,0
-7340,0,0
277842,0,0
109026,0,0
84671,0,0
103025,0,0
-148673,0,0
239958,0,0
77918,0,0
-261391,0,0
24219,0,0
21,0,0
-13107,0,0
141721,0,0
37800,0,0
-21605,0,0
317636,0,0
-2526,0,0
22680,0,0
122967,0,0
-256284,0,0
-70645,0,0
201609,0,0
148693,0,0
170171,0,0
108767,0,0
-55823,0,0
256541,0,0
90812,0,0
-96680,0,0
87430,0,0
-58594,0,0
-77274,0,0
95066,0,0
72247,0,0
38358,0,0
375009,0,0
-79477,0,0
-18191,0,0
238075,0,0
-231535,0,0
-38309,0,0
220551,0,0
120184,0,0
80234,0,0
140953,0,0
-80006,0,0
226424,0,0
159314,0,0
-126766,0,0
66510,0,0
-69750,0,0
-63236,0,0
86974,0,0
52943,0,0
22615,0,0
380029,0,0
51652,0,0
15662,0,0
179900,0,0
-316900,0,0
-108048,0,0
114127,0,0
142476,0,0
74805,0,0
84120,0,0
-64423,0,0
236387,0,0
77815,0,0
-176182,0,0
-24250,0,0
-48300,0,0
-45445,0,0
62806,0,0
-16895,0,0
-81984,0,0
317914,0,0
-40508,0,0
-55157,0,0
182331,0,0
-214685,0,0
-34709,0,0
144002,0,0
49045,0,0
36786,0,0
79370,0,0
-162710,0,0
164180,0,0
65407,0,0
-203423,0,0
31370,0,0
-71487,0,0
-101789,0,0
5728,0,0
-25046,0,0
-99832,0,0
221545,0,0
-159769,0,0
-110745,0,0
66050,0,0
-322717,0,0
-153511,0,0
47715,0,0
-39801,0,0
-106837,0,0
-57221,0,0
-228633,0,0
77632,0,0
59768,0,0
-69478,0,0
-29718,0,0
-229287,0,0
-256312,0,0
-3161,0,0
7301,0,0
-109204,0,0
265320,0,0
-90366,0,0
-20850,0,0
237878,0,0
-380734,0,0
-165474,0,0
140060,0,0
100619,0,0
153268,0,0
103276,0,0
-258401,0,0
113500,0,0
170971,0,0
-120969,0,0
-16679,0,0
-144255,0,0
-177211,0,0
18566,0,0
5457,0,0
15525,0,0
434438,0,0
-50440,0,0
-106021,0,0
101061,0,0
-338410,0,0
-108050,0,0
144235,0,0
76651,0,0
68506,0,0
102606,0,0
-245638,0,0
251958,0,0
132747,0,0
-248716,0,0
123834,0,0
5864,0,0
-137553,0,0
14172,0,0
-108927,0,0
-78519,0,0
386956,0,0
-48544,0,0
-148185,0,0
208670,0,0
-245112,0,0
-96457,0,0
108236,0,0
95936,0,0
35995,0,0
85509,0,0
-218098,0,0
164284,0,0
70408,0,0
-198665,0,0
-2457,0,0
-107329,0,0
-116442,0,0
46735,0,0
40387,0,0
-134982,0,0
306537,0,0
-69283,0,0
-77148,0,0
145125,0,0
-367423,0,0
-136465,0,0
213135,0,0
144305,0,0
-15308,0,0
63773,0,0
-207160,0,0
87020,0,0
55564,0,0
-227874,0,0
24298,0,0
-21208,0,0
-17995,0,0
-30869,0,0
-167694,0,0
-213009,0,0
387922,0,0
16838,0,0
-111577,0,0
153046,0,0
-348113,0,0
-206713,0,0
182595,0,0
102355,0,0
-60171,0,0
12814,0,0
-278312,0,0
158117,0,0
157843,0,0
-252951,0,0
-46855,0,0
-88766,0,0
-100786,0,0
5682,0,0
65867,0,0
21365,0,0
234324,0,0
-295250,0,0
-146068,0,0
174893,0,0
-255022,0,0
7598,0,0
167763,0,0
156453,0,0
82506,0,0
51173,0,0
-317966,0,0
100929,0,0
95359,0,0
-76385,0,0
110556,0,0
-133242,0,0
-88387,0,0
54018,0,0
-33450,0,0
-24476,0,0
475691,0,0
-187139,0,0
-99410,0,0
156614,0,0
-310328,0,0
-108114,0,0
142172,0,0
138572,0,0
61970,0,0
143621,0,0
-189177,0,0
138597,0,0
129978,0,0
-211638,0,0
-35180,0,0
-87882,0,0
-65891,0,0
64676,0,0
21618,0,0
-160207,0,0
347652,0,0
-83680,0,0
-182086,0,0
149771,0,0
-311593,0,0
-144224,0,0
175702,0,0
138452,0,0
34401,0,0
44885,0,0
-273922,0,0
161962,0,0
68467,0,0
-269970,0,0
25481,0,0
-61143,0,0
-125238,0,0
51964,0,0
49815,0,0
-85887,0,0
292854,0,0
-176006,0,0
-145933,0,0
198693,0,0
-300201,0,0
-123375,0,0
171610,0,0
114963,0,0
11228,0,0
72079,0,0
-238659,0,0
134568,0,0
141647,0,0
-190139,0,0
-13838,0,0
-90000,0,0
-90632,0,0
35693,0,0
7239,0,0
-123501,0,0
287233,0,0
-56644,0,0
-75180,0,0
194546,0,0
-327843,0,0
-136162,0,0
126224,0,0
126395,0,0
-22156,0,0
35513,0,0
-299611,0,0
227293,0,0
131621,0,0
-345358,0,0
-19734,0,0
-100976,0,0
-189212,0,0
-103400,0,0
10884,0,0
-57687,0,0
384426,0,0
-191414,0,0
-307671,0,0
137171,0,0
-333097,0,0
-134994,0,0
196432,0,0
73340,0,0
-25320,0,0
50488,0,0
-311180,0,0
210816,0,0
126648,0,0
-382838,0,0
-106937,0,0
-93323,0,0
-17909,0,0
98991,0,0
26471,0,0
-181884,0,0
255913,0,0
-98623,0,0
-88905,0,0
132014,0,0
-353352,0,0
-73752,0,0
170315,0,0
197744,0,0
-21232,0,0
67310,0,0
-211445,0,0
245232,0,0
217559,0,0
-143731,0,0
31631,0,0
-28179,0,0
-63052,0,0
29007,0,0
73192,0,0
70823,0,0
415986,0,0
-70132,0,0
-123838,0,0
300019,0,0
-228339,0,0
-98974,0,0
199046,0,0
241772,0,0
158914,0,0
112813,0,0
-201200,0,0
295092,0,0
207819,0,0
-237163,0,0
41552,0,0
6577,0,0
-14370,0,0
175376,0,0
114109,0,0
-76733,0,0
356307,0,0
-62287,0,0
-72643,0,0
253180,0,0
-253944,0,0
-76613,0,0
207391,0,0
165460,0,0
-25899,0,0
67513,0,0
-205020,0,0
165281,0,0
134186,0,0
-225331,0,0
3178,0,0
-124419,0,0
-118799,0,0
-6127,0,0
-13059,0,0
-179033,0,0
263387,0,0
-83306,0,0
-169037,0,0
121130,0,0
-359057,0,0
-187920,0,0
101579,0,0
-3783,0,0
-139616,0,0
-34801,0,0
-252752,0,0
118657,0,0
25560,0,0
-342755,0,0
-63418,0,0
-102558,0,0
-204495,0,0
-77677,0,0
35613,0,0
-157740,0,0
265164,0,0
-108763,0,0
-176246,0,0
121492,0,0
-322391,0,0
-145650,0,0
113805,0,0
50018,0,0
-14065,0,0
37539,0,0
-292733,0,0
109749,0,0
216918,0,0
-169763,0,0
-125312,0,0
-254368,0,0
-160926,0,0
233933,0,0
-31620,0,0
-289503,0,0
346178,0,0
44765,0,0
-86580,0,0
152680,0,0
-315422,0,0
-204889,0,0
71054,0,0
213113,0,0
156642,0,0
185033,0,0
-222596,0,0
247264,0,0
231322,0,0
-223139,0,0
76101,0,0
139865,0,0
57537,0,0
10825,0,0
29963,0,0
-16146,0,0
423433,0,0
90691,0,0
30732,0,0
345891,0,0
-202644,0,0
-55895,0,0
197738,0,0
177044,0,0
106727,0,0
234673,0,0
-167742,0,0
235864,0,0
204463,0,0
-97634,0,0
112686,0,0
-82284,0,0
-74332,0,0
51228,0,0
44268,0,0
-65261,0,0
430090,0,0
-45485,0,0
-147455,0,0
218759,0,0
-256482,0,0
-97027,0,0
158807,0,0
174606,0,0
-6602,0,0
77227,0,0
-205917,0,0
193278,0,0
135858,0,0
-238488,0,0
14702,0,0
-90074,0,0
-28271,0,0
87399,0,0
-8702,0,0
-153589,0,0
350598,0,0
-31621,0,0
-166845,0,0
150854,0,0
-330265,0,0
-134705,0,0
139973,0,0
153650,0,0
8212,0,0
59204,0,0
-188467,0,0
156417,0,0
78334,0,0
-273957,0,0
2733,0,0
-112706,0,0
-184409,0,0
-90017,0,0
-44279,0,0
-801,0,0
266178,0,0
-148012,0,0
-143685,0,0
203704,0,0
-321810,0,0
-98678,0,0
162504,0,0
34792,0,0
-223918,0,0
-15250,0,0
-243056,0,0
169602,0,0
312913,0,0
25834,0,0
32517,0,0
-223854,0,0
-211043,0,0
15381,0,0
150887,0,0
20199,0,0
451079,0,0
-37462,0,0
-70032,0,0
351373,0,0
-67402,0,0
15410,0,0
193289,0,0
155559,0,0
77133,0,0
213635,0,0
-103235,0,0
269514,0,0
269931,0,0
4735,0,0
188027,0,0
2827,0,0
-71617,0,0
93454,0,0
167866,0,0
6179,0,0
436206,0,0
-41879,0,0
-110788,0,0
248442,0,0
-158187,0,0
-12880,0,0
121724,0,0
165828,0,0
93921,0,0
77973,0,0
-222131,0,0
169046,0,0
165106,0,0
-234737,0,0
23459,0,0
-72987,0,0
-151534,0,0
-8272,0,0
-3710,0,0
-179341,0,0
315996,0,0
-27899,0,0
-260014,0,0
104256,0,0
-290216,0,0
-209238,0,0
-1826,0,0
50190,0,0
-2479,0,0
140144,0,0
-256704,0,0
11025,0,0
29418,0,0
-223554,0,0
-51518,0,0
-171248,0,0
-126320,0,0
137126,0,0
25007,0,0
-226377,0,0
276994,0,0
-163225,0,0
-201667,0,0
198477,0,0
-190956,0,0
-102963,0,0
223125,0,0
46588,0,0
-150699,0,0
25877,0,0
-150243,0,0
340087,0,0
160549,0,0
-250762,0,0
-53234,0,0
-84729,0,0
-103107,0,0
65518,0,0
44689,0,0
-142675,0,0
343939,0,0
76464,0,0
-3796,0,0
285216,0,0
-279208,0,0
-165475,0,0
98649,0,0
187029,0,0
122077,0,0
149905,0,0
-168508,0,0
168048,0,0
266042,0,0
-31900,0,0
93063,0,0
-21271,0,0
-67028,0,0
80075,0,0
179517,0,0
-76613,0,0
393221,0,0
77486,0,0
-97796,0,0
228517,0,0
-160578,0,0
-52057,0,0
105439,0,0
162763,0,0
50713,0,0
133516,0,0
-267120,0,0
163277,0,0
183702,0,0
-128875,0,0
70989,0,0
-113663,0,0
-135796,0,0
-89230,0,0
-29579,0,0
-60711,0,0
346351,0,0
-139729,0,0
-170986,0,0
182128,0,0
-245059,0,0
-196068,0,0
681,0,0
17926,0,0
-120198,0,0
73147,0,0
-175570,0,0
82250,0,0
123028,0,0
-293615,0,0
-101870,0,0
-163137,0,0
-152615,0,0
-30107,0,0
-104588,0,0
-252665,0,0
327113,0,0
68340,0,0
-156937,0,0
86337,0,0
-325389,0,0
-335459,0,0
-13476,0,0
121253,0,0
-11282,0,0
102781,0,0
-267919,0,0
92682,0,0
213342,0,0
-316945,0,0
-143017,0,0
-55935,0,0
-95931,0,0
-139426,0,0
-69671,0,0
-183625,0,0
345603,0,0
-19914,0,0
-197158,0,0
157631,0,0
-223987,0,0
-131492,0,0
-12241,0,0
81274,0,0
22450,0,0
124208,0,0
-198918,0,0
184644,0,0
236593,0,0
-129224,0,0
1158,0,0
-69503,0,0
-59612,0,0
35152,0,0
93096,0,0
-50739,0,0
349226,0,0
5245,0,0
-27849,0,0
305963,0,0
-114987,0,0
-102075,0,0
87808,0,0
158654,0,0
6874,0,0
136733,0,0
-163175,0,0
196552,0,0
200333,0,0
-148013,0,0
24005,0,0
37841,0,0
-5238,0,0
-9075,0,0
146391,0,0
-112457,0,0
202026,0,0
-144200,0,0
-157061,0,0
248537,0,0
-98938,0,0
-160115,0,0
86416,0,0
87593,0,0
-83806,0,0
47921,0,0
-125161,0,0
160386,0,0
47354,0,0
-240418,0,0
-46326,0,0
-18537,0,0
-30638,0,0
-47028,0,0
-40778,0,0
-177731,0,0
264341,0,0
-76579,0,0
-173209,0,0
218795,0,0
-122569,0,0
-117037,0,0
-44249,0,0
79833,0,0
-111914,0,0
59429,0,0
-170503,0,0
83020,0,0
110105,0,0
-192789,0,0
-17069,0,0
-139851,0,0
-125175,0,0
31510,0,0
78583,0,0
-140083,0,0
316243,0,0
-45741,0,0
-150001,0,0
188994,0,0
-178382,0,0
-141340,0,0
135217,0,0
241914,0,0
112095,0,0
102068,0,0
-240863,0,0
195185,0,0
205803,0,0
-92161,0,0
88557,0,0
-44288,0,0
-36676,0,0
108925,0,0
165627,0,0
-47783,0,0
372678,0,0
84791,0,0
-21473,0,0
324935,0,0
-169550,0,0
-146633,0,0
206694,0,0
285347,0,0
58410,0,0
208715,0,0
-77296,0,0
190657,0,0
266040,0,0
-79197,0,0
91840,0,0
100842,0,0
75297,0,0
73145,0,0
81211,0,0
-91778,0,0
389110,0,0
84239,0,0
-75446,0,0
230077,0,0
-135447,0,0
-98621,0,0
71422,0,0
178440,0,0
-3630,0,0
187881,0,0
-78961,0,0
43022,0,0
110680,0,0
-10373,0,0
-23565,0,0
-151847,0,0
-104945,0,0
40691,0,0
43553,0,0
-124789,0,0
313442,0,0
49180,0,0
-205927,0,0
160967,0,0
-67616,0,0
-74471,0,0
55290,0,0
206634,0,0
63198,0,0
84223,0,0
-266684,0,0
90399,0,0
174959,0,0
-180548,0,0
-6257,0,0
-11715,0,0
-88589,0,0
-8362,0,0
67916,0,0
-207004,0,0
269682,0,0
24249,0,0
-107175,0,0
160320,0,0
-226858,0,0
-204772,0,0
32463,0,0
245741,0,0
41339,0,0
41742,0,0
-261856,0,0
130373,0,0
194670,0,0
-115336,0,0
2251,0,0
-6987,0,0
-16716,0,0
-51487,0,0
78935,0,0
-72147,0,0
279275,0,0
-17132,0,0
-131680,0,0
184084,0,0
-210929,0,0
-217899,0,0
15596,0,0
158295,0,0
-44740,0,0
45504,0,0
-176730,0,0
142736,0,0
82627,0,0
-219615,0,0
-68514,0,0
-104270,0,0
-162674,0,0
-50137,0,0
40477,0,0
-90848,0,0
246478,0,0
-94677,0,0
-125713,0,0
124830,0,0
-233785,0,0
-163781,0,0
22030,0,0
131569,0,0
-17721,0,0
62588,0,0
-121721,0,0
98145,0,0
87147,0,0
-139840,0,0
-61463,0,0
-91579,0,0
-81972,0,0
-86782,0,0
104280,0,0
-98047,0,0
206265,0,0
-4039,0,0
-142306,0,0
112035,0,0
-233058,0,0
-227195,0,0
18297,0,0
168011,0,0
-74135,0,0
49120,0,0
-198185,0,0
121100,0,0
55445,0,0
-317515,0,0
-148850,0,0
-163934,0,0
-136367,0,0
65343,0,0
125052,0,0
-261870,0,0
201382,0,0
41524,0,0
-196869,0,0
23952,0,0
-218341,0,0
-148822,0,0
45242,0,0
121767,0,0
-56537,0,0
181156,0,0
-80562,0,0
100162,0,0
148303,0,0
-161654,0,0
-11507,0,0
-24694,0,0
-87380,0,0
-32988,0,0
52390,0,0
-69892,0,0
368065,0,0
98841,0,0
-154797,0,0
33902,0,0
-161335,0,0
-127968,0,0
11560,0,0
227800,0,0
68934,0,0
45080,0,0
-130793,0,0
108384,0,0
158078,0,0
-70282,0,0
13205,0,0
-104379,0,0
-110701,0,0
-37784,0,0
84966,0,0
-142117,0,0
235297,0,0
67398,0,0
-61833,0,0
226790,0,0
-85315,0,0
-213130,0,0
-49257,0,0
174520,0,0
-13038,0,0
33814,0,0
-182896,0,0
83771,0,0
131940,0,0
-124908,0,0
41339,0,0
-40811,0,0
-102536,0,0
-14968,0,0
69761,0,0
-133737,0,0
180830,0,0
-2035,0,0
-128647,0,0
114697,0,0
-196337,0,0
-235790,0,0
14578,0,0
331813,0,0
19069,0,0
-56955,0,0
-157183,0,0
107149,0,0
45587,0,0
-128635,0,0
1799,0,0
-81096,0,0
-7193,0,0
-36537,0,0
6689,0,0
-113651,0,0
293888,0,0
-49519,0,0
-138096,0,0
163518,0,0
-163228,0,0
-182886,0,0
-82745,0,0
157895,0,0
95271,0,0
146545,0,0
-274501,0,0
24852,0,0
229107,0,0
-146135,0,0
-132590,0,0
-48559,0,0
-7273,0,0
78834,0,0
98620,0,0
-124890,0,0
187597,0,0
23324,0,0
-71970,0,0
145956,0,0
-122017,0,0
-115251,0,0
101116,0,0
238607,0,0
-37380,0,0
60640,0,0
-114682,0,0
113705,0,0
127906,0,0
-134103,0,0
-51606,0,0
-78368,0,0
-149233,0,0
-62053,0,0
185701,0,0
-96915,0,0
63931,0,0
-22421,0,0
-93358,0,0
159225,0,0
40035,0,0
-161131,0,0
-87628,0,0
126124,0,0
22847,0,0
119506,0,0
-77579,0,0
132508,0,0
202049,0,0
-103296,0,0
-5557,0,0
24957,0,0
-4636,0,0
56399,0,0
101769,0,0
-141045,0,0
290859,0,0
155009,0,0
-67128,0,0
108970,0,0
-129126,0,0
-224599,0,0
19016,0,0
261184,0,0
113516,0,0
89385,0,0
-175455,0,0
82973,0,0
179751,0,0
-40976,0,0
29623,0,0
-53681,0,0
-77829,0,0
-68442,0,0
94762,0,0
-109425,0,0
213809,0,0
143057,0,0
-64286,0,0
96323,0,0
-148939,0,0
-226291,0,0
11278,0,0
140433,0,0
-42288,0,0
47453,0,0
-118043,0,0
-9480,0,0
18034,0,0
-114548,0,0
40380,0,0
-109564,0,0
-208791,0,0
-111764,0,0
67326,0,0
-107239,0,0
211812,0,0
46799,0,0
-152944,0,0
114026,0,0
-180973,0,0
-259061,0,0
33869,0,0
214440,0,0
-30713,0,0
11924,0,0
-123749,0,0
232977,0,0
261213,0,0
-101642,0,0
-111429,0,0
-140173,0,0
-52579,0,0
-54540,0,0
71720,0,0
20369,0,0
340562,0,0
142162,0,0
-57862,0,0
111260,0,0
-222058,0,0
-289416,0,0
60455,0,0
290347,0,0
110627,0,0
124222,0,0
-110172,0,0
-27540,0,0
97544,0,0
16044,0,0
62094,0,0
-84439,0,0
-116185,0,0
27728,0,0
158286,0,0
-198773,0,0
113969,0,0
87906,0,0
-161781,0,0
184724,0,0
23495,0,0
-127978,0,0
24720,0,0
189601,0,0
-73146,0,0
-11446,0,0
-128736,0,0
110582,0,0
202066,0,0
8667,0,0
-81161,0,0
-35215,0,0
42536,0,0
-152310,0,0
7456,0,0
38353,0,0
301552,0,0
96819,0,0
-104772,0,0
26454,0,0
-98312,0,0
-196772,0,0
-3701,0,0
225505,0,0
40220,0,0
133208,0,0
-112322,0,0
108363,0,0
236536,0,0
-114003,0,0
-166128,0,0
-61139,0,0
-88176,0,0
-100549,0,0
199398,0,0
-38786,0,0
151700,0,0
59203,0,0
-148345,0,0
129923,0,0
-88124,0,0
-282309,0,0
-57374,0,0
174154,0,0
125385,0,0
78166,0,0
-136217,0,0
32385,0,0
71804,0,0
-109094,0,0
-56717,0,0
60807,0,0
18046,0,0
-47813,0,0
55283,0,0
-103500,0,0
151231,0,0
55407,0,0
-83600,0,0
176460,0,0
-42465,0,0
-263744,0,0
-38744,0,0
259758,0,0
60488,0,0
87953,0,0
-107204,0,0
45818,0,0
164701,0,0
-56886,0,0
-85942,0,0
-87900,0,0
-25393,0,0
-1274,0,0
114136,0,0
-96293,0,0
160165,0,0
88264,0,0
-115458,0,0
77756,0,0
-122740,0,0
-233253,0,0
-71388,0,0
204352,0,0
-43883,0,0
-16766,0,0
-124180,0,0
-4060,0,0
147585,0,0
-143436,0,0
-185324,0,0
-125883,0,0
-59319,0,0
-87502,0,0
-7444,0,0
-211418,0,0
96081,0,0
36890,0,0
-220279,0,0
-41100,0,0
-153389,0,0
-296600,0,0
-182850,0,0
126965,0,0
-17761,0,0
-1867,0,0
-118621,0,0
10081,0,0
-40578,0,0
-281093,0,0
-125054,0,0
-69258,0,0
-130854,0,0
-108180,0,0
8595,0,0
-154474,0,0
102579,0,0
92538,0,0
-69673,0,0
28241,0,0
-257451,0,0
-418881,0,0
-113158,0,0
328317,0,0
14837,0,0
104731,0,0
-114697,0,0
-76050,0,0
83752,0,0
-79119,0,0
-155449,0,0
-129401,0,0
-64249,0,0
-66884,0,0
43613,0,0
53095,0,0
238444,0,0
42460,0,0
-151844,0,0
88836,0,0
-65215,0,0
-276215,0,0
-15944,0,0
258254,0,0
34063,0,0
95255,0,0
-66074,0,0
46333,0,0
183054,0,0
-120031,0,0
-48292,0,0
38065,0,0
-25886,0,0
-80128,0,0
76477,0,0
-120119,0,0
224027,0,0
178494,0,0
-61604,0,0
126284,0,0
-41334,0,0
-261424,0,0
22611,0,0
330879,0,0
31672,0,0
83376,0,0
-60429,0,0
28760,0,0
210026,0,0
-44330,0,0
-76627,0,0
8058,0,0
28768,0,0
-80937,0,0
117900,0,0
-94689,0,0
146828,0,0
156109,0,0
-168920,0,0
53410,0,0
3909,0,0
-217954,0,0
-31837,0,0
194392,0,0
-749,0,0
25103,0,0
-121266,0,0
48108,0,0
125882,0,0
-112300,0,0
-55119,0,0
-51028,0,0
-103274,0,0
-144542,0,0
56666,0,0
-90379,0,0
53343,0,0
99989,0,0
-83986,0,0
-7218,0,0
-184143,0,0
-275729,0,0
-84282,0,0
161833,0,0
20051,0,0
149005,0,0
-13618,0,0
2442,0,0
8581,0,0
-154936,0,0
-136780,0,0
31433,0,0
-68275,0,0
-59680,0,0
141357,0,0
-64199,0,0
137099,0,0
195051,0,0
-111853,0,0
88969,0,0
-8909,0,0
-376931,0,0
-140295,0,0
307296,0,0
112283,0,0
83253,0,0
-11664,0,0
74271,0,0
100654,0,0
-112879,0,0
-98459,0,0
-27531,0,0
53993,0,0
-34422,0,0
-571,0,0
-106954,0,0
154472,0,0
193790,0,0
5524,0,0
60102,0,0
-77888,0,0
-238842,0,0
738,0,0
205782,0,0
-18842,0,0
104270,0,0
-85685,0,0
14292,0,0
222985,0,0
-18766,0,0
-153115,0,0
-105085,0,0
-59133,0,0
-69659,0,0
30913,0,0
-43323,0,0
156270,0,0
173225,0,0
-126242,0,0
-13722,0,0
-66040,0,0
-253127,0,0
-63867,0,0
201522,0,0
-16,0,0
23503,0,0
-54846,0,0
-8416,0,0
98102,0,0
-113318,0,0
-146520,0,0
-50270,0,0
-68743,0,0
-146268,0,0
46574,0,0
-75779,0,0
42720,0,0
104779,0,0
-172555,0,0
-52657,0,0
-144837,0,0
-333692,0,0
-67706,0,0
157740,0,0
39924,0,0
27955,0,0
-121862,0,0
-55658,0,0
26533,0,0
-191472,0,0
-153029,0,0
68138,0,0
23504,0,0
-84124,0,0
-141,0,0
-146927,0,0
84304,0,0
132545,0,0
-139947,0,0
20865,0,0
-21790,0,0
-300945,0,0
-95105,0,0
308448,0,0
213983,0,0
37982,0,0
-237137,0,0
-67383,0,0
163429,0,0
-39029,0,0
-88120,0,0
131840,0,0
-85491,0,0
-120208,0,0
97811,0,0
21360,0,0
111422,0,0
99467,0,0
-129701,0,0
27716,0,0
31871,0,0
-220492,0,0
38643,0,0
315180,0,0
20257,0,0
-49396,0,0
-23614,0,0
25465,0,0
147750,0,0
-96547,0,0
-62529,0,0
73779,0,0
46451,0,0
20148,0,0
59058,0,0
-158610,0,0
134107,0,0
207582,0,0
-66085,0,0
70533,0,0
-22927,0,0
-319043,0,0
-81904,0,0
295149,0,0
193647,0,0
88882,0,0
-12018,0,0
-6470,0,0
165045,0,0
-52712,0,0
-202177,0,0
-9655,0,0
-13086,0,0
-23644,0,0
145693,0,0
-17465,0,0
140241,0,0
151379,0,0
-137208,0,0
3197,0,0
54198,0,0
-264253,0,0
-52534,0,0
375117,0,0
170391,0,0
-1749,0,0
-98297,0,0
-11567,0,0
171917,0,0
-10761,0,0
-113876,0,0
109923,0,0
80571,0,0
-112454,0,0
60369,0,0
-4670,0,0
119757,0,0
184480,0,0
-19615,0,0
101556,0,0
135541,0,0
-188402,0,0
-55918,0,0
259643,0,0
59533,0,0
106259,0,0
2044,0,0
-15100,0,0
213276,0,0
13982,0,0
-75830,0,0
36583,0,0
-22958,0,0
-92479,0,0
78269,0,0
78761,0,0
137524,0,0
186320,0,0
-75834,0,0
20186,0,0
21403,0,0
-363835,0,0
-100622,0,0
342981,0,0
116683,0,0
152669,0,0
-44012,0,0
-210685,0,0
41342,0,0
36980,0,0
-46913,0,0
89363,0,0
46018,0,0
-37264,0,0
91806,0,0
-112511,0,0
4436,0,0
139744,0,0
-123328,0,0
23712,0,0
37657,0,0
-203481,0,0
16773,0,0
277650,0,0
115602,0,0
-38246,0,0
-92966,0,0
-16050,0,0
228015,0,0
20853,0,0
-134544,0,0
59332,0,0
-55577,0,0
-169604,0,0
101359,0,0
33187,0,0
14085,0,0
236904,0,0
-89626,0,0
-41049,0,0
87591,0,0
-236760,0,0
-157398,0,0
175247,0,0
63537,0,0
44166,0,0
-1247,0,0
45871,0,0
256340,0,0
-91639,0,0
-213457,0,0
-2148,0,0
-26496,0,0
-76916,0,0
150591,0,0
-23602,0,0
45149,0,0
252709,0,0
-69242,0,0
2780,0,0
78895,0,0
-226783,0,0
-101699,0,0
268830,0,0
91028,0,0
56840,0,0
10329,0,0
-50226,0,0
157116,0,0
-13231,0,0
-51845,0,0
51232,0,0
-155683,0,0
-122674,0,0
68173,0,0
36166,0,0
200561,0,0
230210,0,0
-134739,0,0
-55341,0,0
20418,0,0
-274536,0,0
-107002,0,0
265441,0,0
106969,0,0
26889,0,0
7116,0,0
-70615,0,0
148463,0,0
-7459,0,0
-69392,0,0
71029,0,0
-47734,0,0
-158456,0,0
32688,0,0
-91831,0,0
9672,0,0
250503,0,0
-35711,0,0
-20447,0,0
37853,0,0
-249001,0,0
-95718,0,0
257974,0,0
44629,0,0
-7611,0,0
-24539,0,0
-84146,0,0
174847,0,0
10324,0,0
-200020,0,0
-16237,0,0
-75659,0,0
-158080,0,0
49198,0,0
-41462,0,0
104368,0,0
319281,0,0
-62174,0,0
-37721,0,0
-52367,0,0
-396937,0,0
-105159,0,0
281420,0,0
118718,0,0
125176,0,0
9490,0,0
-135593,0,0
143751,0,0
-7613,0,0
-141187,0,0
60744,0,0
-12539,0,0
-135320,0,0
80101,0,0
-75862,0,0
-25407,0,0
318667,0,0
-49380,0,0
-68664,0,0
26918,0,0
-317411,0,0
-134971,0,0
189272,0,0
96461,0,0
89210,0,0
68998,0,0
-85685,0,0
112550,0,0
-15019,0,0
-166974,0,0
44570,0,0
28483,0,0
-105801,0,0
122987,0,0
9526,0,0
49045,0,0
232529,0,0
-158476,0,0
25685,0,0
169092,0,0
-320017,0,0
-95421,0,0
284507,0,0
184223,0,0
127859,0,0
15948,0,0
-188813,0,0
78242,0,0
59989,0,0
-126852,0,0
73574,0,0
87444,0,0
-57096,0,0
112850,0,0
50282,0,0
-115,0,0
296295,0,0
-42760,0,0
68723,0,0
178382,0,0
-244968,0,0
-22551,0,0
328828,0,0
246871,0,0
88301,0,0
51404,0,0
-107692,0,0
197062,0,0
120268,0,0
-5394,0,0
145444,0,0
26869,0,0
-80767,0,0
44044,0,0
-75891,0,0
-30580,0,0
292679,0,0
-35008,0,0
122943,0,0
134306,0,0
-335957,0,0
-107026,0,0
180673,0,0
-8641,0,0
-22151,0,0
19402,0,0
-135890,0,0
165055,0,0
68171,0,0
-158652,0,0
78333,0,0
-52874,0,0
-227986,0,0
-57902,0,0
-135893,0,0
-57551,0,0
265746,0,0
-106173,0,0
-77601,0,0
118653,0,0
-362328,0,0
-273045,0,0
116390,0,0
21318,0,0
39862,0,0
-21857,0,0
-205387,0,0
62359,0,0
-118207,0,0
-313446,0,0
-52020,0,0
-90784,0,0
-201572,0,0
4863,0,0
-104220,0,0
-85560,0,0
160394,0,0
-234798,0,0
-194728,0,0
30136,0,0
-331186,0,0
-214418,0,0
152228,0,0
37690,0,0
39082,0,0
-54323,0,0
-229668,0,0
178280,0,0
91053,0,0
-252989,0,0
-111556,0,0
-43304,0,0
-58418,0,0
46613,0,0
-80897,0,0
-68345,0,0
243882,0,0
-16841,0,0
52173,0,0
184395,0,0
-393742,0,0
-109549,0,0
236386,0,0
92243,0,0
12074,0,0
61498,0,0
-76597,0,0
193272,0,0
-18089,0,0
-215307,0,0
85479,0,0
86738,0,0
-36060,0,0
94170,0,0
381,0,0
40251,0,0
320817,0,0
-160685,0,0
-86617,0,0
164464,0,0
-111242,0,0
60472,0,0
254477,0,0
91843,0,0
171076,0,0
78465,0,0
-195628,0,0
203090,0,0
113925,0,0
-111657,0,0
96453,0,0
-29378,0,0
28323,0,0
114061,0,0
-141429,0,0
19638,0,0
330833,0,0
-107051,0,0
-70199,0,0
163071,0,0
-283584,0,0
-114939,0,0
123436,0,0
14214,0,0
47945,0,0
49630,0,0
-186281,0,0
117201,0,0
-7109,0,0
-247273,0,0
-31552,0,0
-69788,0,0
-161245,0,0
-53336,0,0
-113799,0,0
-59253,0,0
259990,0,0
-113396,0,0
-88540,0,0
172012,0,0
-409483,0,0
-264166,0,0
112927,0,0
131275,0,0
76970,0,0
-25461,0,0
-264380,0,0
184233,0,0
64171,0,0
-210379,0,0
56539,0,0
-45949,0,0
-125720,0,0
40500,0,0
8668,0,0
3648,0,0
299127,0,0
-44039,0,0
-123979,0,0
96276,0,0
-317123,0,0
-76084,0,0
269604,0,0
117646,0,0
112104,0,0
140291,0,0
-93616,0,0
117099,0,0
13655,0,0
-167684,0,0
39797,0,0
-27265,0,0
-98382,0,0
72942,0,0
-40146,0,0
-34220,0,0
459260,0,0
46873,0,0
-116168,0,0
135224,0,0
-306869,0,0
-120422,0,0
257728,0,0
139267,0,0
44866,0,0
38761,0,0
-178996,0,0
287543,0,0
211030,0,0
-122985,0,0
-36887,0,0
-94798,0,0
-135965,0,0
84971,0,0
64151,0,0
105793,0,0
315075,0,0
-204788,0,0
-71156,0,0
224167,0,0
-292813,0,0
-163295,0,0
212597,0,0
88393,0,0
7084,0,0
20066,0,0
-178787,0,0
163147,0,0
138904,0,0
-65136,0,0
87472,0,0
-160911,0,0
-252291,0,0
42743,0,0
13735,0,0
-315,0,0
299174,0,0
-36350,0,0
-37618,0,0
241436,0,0
-231976,0,0
-138429,0,0
148538,0,0
113608,0,0
14136,0,0
16914,0,0
-224695,0,0
181171,0,0
79359,0,0
-140815,0,0
144217,0,0
-66427,0,0
-257346,0,0
14463,0,0
27268,0,0
-22925,0,0
269135,0,0
-114653,0,0
-87228,0,0
160900,0,0
-381552,0,0
-119103,0,0
274809,0,0
103873,0,0
-45553,0,0
-1462,0,0
-185623,0,0
181237,0,0
104764,0,0
-166150,0,0
-59313,0,0
-132693,0,0
-97564,0,0
30814,0,0
-12586,0,0
-52986,0,0
309699,0,0
-201246,0,0
-150801,0,0
253067,0,0
-314985,0,0
-169348,0,0
152953,0,0
17534,0,0
40703,0,0
118575,0,0
-161340,0,0
154934,0,0
102821,0,0
-152052,0,0
495,0,0
-120426,0,0
-122757,0,0
138548,0,0
6107,0,0
-82737,0,0
328775,0,0
-78082,0,0
-46044,0,0
314729,0,0
-198277,0,0
-180503,0,0
174919,0,0
123620,0,0
64963,0,0
106615,0,0
-115542,0,0
244020,0,0
151547,0,0
-154825,0,0
53151,0,0
-37519,0,0
-87573,0,0
66803,0,0
112895,0,0
15029,0,0
377462,0,0
-121431,0,0
-128240,0,0
82511,0,0
-322116,0,0
-3173,0,0
286302,0,0
97872,0,0
6025,0,0
136144,0,0
-107141,0,0
60942,0,0
51903,0,0
-127170,0,0
17672,0,0
-91243,0,0
-54421,0,0
63306,0,0
8523,0,0
-3933,0,0
411166,0,0
-13983,0,0
-107790,0,0
172640,0,0
-223360,0,0
-69542,0,0
253314,0,0
168723,0,0
-43901,0,0
126647,0,0
-69393,0,0
271695,0,0
115263,0,0
-242249,0,0
19439,0,0
-36038,0,0
-104957,0,0
-26394,0,0
-73322,0,0
-61680,0,0
348618,0,0
-82356,0,0
-132646,0,0
118062,0,0
-398900,0,0
-127970,0,0
94471,0,0
28827,0,0
38942,0,0
112047,0,0
-256610,0,0
115743,0,0
142135,0,0
-219516,0,0
25317,0,0
-97202,0,0
-91006,0,0
106163,0,0
5518,0,0
-67964,0,0
348007,0,0
-60069,0,0
-42279,0,0
242739,0,0
-272614,0,0
-158333,0,0
121506,0,0
36196,0,0
82195,0,0
111789,0,0
-199696,0,0
199005,0,0
105780,0,0
-210904,0,0
16769,0,0
-136682,0,0
-79489,0,0
52886,0,0
-75118,0,0
-164727,0,0
271500,0,0
-117076,0,0
-66682,0,0
236426,0,0
-333458,0,0
-272184,0,0
75565,0,0
94639,0,0
83879,0,0
48299,0,0
-359883,0,0
77419,0,0
69580,0,0
-321353,0,0
-27625,0,0
-60778,0,0
-139721,0,0
7530,0,0
-168376,0,0
-203412,0,0
388567,0,0
-13759,0,0
-199054,0,0
126343,0,0
-325964,0,0
-172036,0,0
89800,0,0
59975,0,0
28024,0,0
113371,0,0
-249610,0,0
98688,0,0
105858,0,0
-185930,0,0
-27139,0,0
-133877,0,0
-69329,0,0
1555,0,0
-73264,0,0
-144547,0,0
294699,0,0
-100901,0,0
-149483,0,0
155232,0,0
-223025,0,0
-47115,0,0
27660,0,0
-99586,0,0
-28192,0,0
136942,0,0
-223645,0,0
118856,0,0
69357,0,0
-286383,0,0
-107202,0,0
-189498,0,0
-173383,0,0
96998,0,0
-17042,0,0
-147955,0,0
281452,0,0
-223692,0,0
-211494,0,0
181951,0,0
-461633,0,0
-320542,0,0
174739,0,0
307728,0,0
146703,0,0
103983,0,0
-370904,0,0
21108,0,0
102402,0,0
-38506,0,0
171825,0,0
-61314,0,0
-138882,0,0
132523,0,0
101276,0,0
-67908,0,0
402840,0,0
4802,0,0
-37934,0,0
305164,0,0
-208136,0,0
-106868,0,0
264692,0,0
174403,0,0
35079,0,0
110453,0,0
-177270,0,0
198127,0,0
168868,0,0
-246695,0,0
3842,0,0
33501,0,0
30847,0,0
79498,0,0
-46904,0,0
-81203,0,0
297231,0,0
-115934,0,0
-153304,0,0
222520,0,0
-264832,0,0
-80654,0,0
143924,0,0
51730,0,0
-44301,0,0
27495,0,0
-240478,0,0
154046,0,0
80445,0,0
-246621,0,0
25854,0,0
-48724,0,0
-104757,0,0
-26343,0,0
-115000,0,0
-149676,0,0
310690,0,0
-97798,0,0
-129945,0,0
249339,0,0
-279642,0,0
-142899,0,0
173979,0,0
25684,0,0
-47570,0,0
85068,0,0
-181108,0,0
228464,0,0
81398,0,0
-237629,0,0
61548,0,0
-113983,0,0
-146909,0,0
45887,0,0
17286,0,0
-137205,0,0
342212,0,0
-23501,0,0
-62598,0,0
141680,0,0
-366789,0,0
-141113,0,0
122694,0,0
124447,0,0
99459,0,0
159716,0,0
-180637,0,0
170443,0,0
137592,0,0
-297692,0,0
12031,0,0
-71629,0,0
-86018,0,0
86326,0,0
68982,0,0
-36016,0,0
351378,0,0
-42269,0,0
-143976,0,0
340430,0,0
-226787,0,0
-108844,0,0
161596,0,0
109271,0,0
57520,0,0
162481,0,0
-203213,0,0
172328,0,0
208810,0,0
-128274,0,0
172174,0,0
-3907,0,0
-13566,0,0
97874,0,0
-50532,0,0
-98855,0,0
450234,0,0
-38104,0,0
-69000,0,0
309459,0,0
-229193,0,0
-185872,0,0
41788,0,0
142056,0,0
118668,0,0
164293,0,0
-288181,0,0
76632,0,0
53266,0,0
-263159,0,0
-86437,0,0
-150518,0,0
-100724,0,0
15035,0,0
-102894,0,0
-183753,0,0
298944,0,0
-101905,0,0
-205533,0,0
20969,0,0
-480406,0,0
-207478,0,0
145964,0,0
65449,0,0
-49054,0,0
61648,0,0
-305171,0,0
60183,0,0
86530,0,0
-260268,0,0
69915,0,0
-72615,0,0
-261717,0,0
-75682,0,0
-49871,0,0
-106317,0,0
351296,0,0
-118766,0,0
-170817,0,0
344097,0,0
-229772,0,0
-239075,0,0
36996,0,0
133456,0,0
19482,0,0
77481,0,0
-244187,0,0
173624,0,0
160783,0,0
-213442,0,0
-14068,0,0
-57660,0,0
-52194,0,0
33903,0,0
-10850,0,0
-66915,0,0
402906,0,0
-85134,0,0
-101258,0,0
176340,0,0
-300941,0,0
-129633,0,0
173057,0,0
213534,0,0
104774,0,0
134064,0,0
-264579,0,0
115065,0,0
158959,0,0
-182725,0,0
67033,0,0
8019,0,0
1092,0,0
56896,0,0
2105,0,0
-109116,0,0
378412,0,0
-109776,0,0
-164319,0,0
255479,0,0
-267303,0,0
-110876,0,0
178254,0,0
160228,0,0
-13216,0,0
72692,0,0
-292656,0,0
169393,0,0
92123,0,0
-210174,0,0
-20239,0,0
-136508,0,0
-180782,0,0
51997,0,0
89788,0,0
-141612,0,0
203667,0,0
-91253,0,0
-107601,0,0
168381,0,0
-323699,0,0
-198494,0,0
88277,0,0
90257,0,0
5944,0,0
87559,0,0
-183288,0,0
219795,0,0
75200,0,0
-355905,0,0
-37715,0,0
-63298,0,0
-59242,0,0
55758,0,0
22677,0,0
-88160,0,0
320683,0,0
-39082,0,0
-147374,0,0
144968,0,0
-242959,0,0
-41357,0,0
132456,0,0
116887,0,0
75251,0,0
119684,0,0
-316071,0,0
148375,0,0
215385,0,0
-139482,0,0
82035,0,0
-19507,0,0
-112488,0,0
15101,0,0
37858,0,0
-63977,0,0
321511,0,0
-38053,0,0
-95512,0,0
231589,0,0
-279245,0,0
-50788,0,0
233484,0,0
153645,0,0
23221,0,0
86827,0,0
-178052,0,0
143157,0,0
169664,0,0
-147261,0,0
33288,0,0
-33546,0,0
-14971,0,0
105555,0,0
11170,0,0
-162059,0,0
305840,0,0
-76662,0,0
-156586,0,0
261393,0,0
-128834,0,0
-87402,0,0
77572,0,0
34872,0,0
10707,0,0
132554,0,0
-175399,0,0
248938,0,0
135181,0,0
-289543,0,0
-75731,0,0
-57257,0,0
-111117,0,0
-8941,0,0
130979,0,0
47614,0,0
497622,0,0
-42583,0,0
-311751,0,0
125789,0,0
-230366,0,0
-107062,0,0
98985,0,0
135234,0,0
58542,0,0
134781,0,0
-281829,0,0
89163,0,0
230522,0,0
-179104,0,0
-15408,0,0
-131291,0,0
-161267,0,0
-30197,0,0
6136,0,0
-112804,0,0
312530,0,0
-137704,0,0
-211096,0,0
197584,0,0
-237565,0,0
-181031,0,0
-451,0,0
34116,0,0
78217,0,0
147837,0,0
-239236,0,0
24170,0,0
87070,0,0
-213951,0,0
18177,0,0
-102900,0,0
-55247,0,0
53399,0,0
66551,0,0
-104562,0,0
307828,0,0
-5670,0,0
-149730,0,0
235011,0,0
-156975,0,0
-160128,0,0
28500,0,0
212371,0,0
121335,0,0
176835,0,0
-166154,0,0
198300,0,0
225622,0,0
-207769,0,0
-34737,0,0
-6230,0,0
13996,0,0
30129,0,0
52031,0,0
-69665,0,0
421254,0,0
-34366,0,0
-164294,0,0
162118,0,0
-232192,0,0
-110380,0,0
110640,0,0
220542,0,0
70627,0,0
78368,0,0
-275280,0,0
115168,0,0
238302,0,0
-185675,0,0
32064,0,0
-105678,0,0
-140922,0,0
-10036,0,0
17915,0,0
-130242,0,0
308134,0,0
-9356,0,0
-64218,0,0
162533,0,0
-361777,0,0
-174616,0,0
105689,0,0
45562,0,0
-75752,0,0
94464,0,0
-197182,0,0
170219,0,0
118396,0,0
-266512,0,0
-17018,0,0
-135277,0,0
-137507,0,0
31653,0,0
44407,0,0
-85221,0,0
377994,0,0
13732,0,0
-91262,0,0
235103,0,0
-315930,0,0
-160666,0,0
100035,0,0
259731,0,0
79156,0,0
93058,0,0
-79678,0,0
198990,0,0
193380,0,0
-189439,0,0
99650,0,0
17380,0,0
-28255,0,0
-11140,0,0
79624,0,0
-99379,0,0
334641,0,0
94701,0,0
-55371,0,0
173904,0,0
-245339,0,0
-63119,0,0
149068,0,0
278415,0,0
100672,0,0
18960,0,0
-219276,0,0
177410,0,0
181798,0,0
-171254,0,0
67372,0,0
-384,0,0
-1713,0,0
50245,0,0
70564,0,0
-107087,0,0
293468,0,0
-12579,0,0
-83850,0,0
213807,0,0
-195529,0,0
-104060,0,0
41870,0,0
171034,0,0
72741,0,0
66907,0,0
-239932,0,0
115835,0,0
134995,0,0
-136756,0,0
-51432,0,0
-84862,0,0
-65137,0,0
-71407,0,0
18248,0,0
-484,0,0
357658,0,0
-110886,0,0
-267297,0,0
219140,0,0
-74228,0,0
-180175,0,0
-51412,0,0
142529,0,0
95605,0,0
74714,0,0
-223421,0,0
171574,0,0
155462,0,0
-153755,0,0
14968,0,0
-97934,0,0
-83725,0,0
31203,0,0
44242,0,0
-119857,0,0
296736,0,0
-1271,0,0
-118268,0,0
220254,0,0
-217357,0,0
-169571,0,0
750,0,0
138521,0,0
29525,0,0
113319,0,0
-220566,0,0
121178,0,0
191518,0,0
-96970,0,0
-64722,0,0
-95573,0,0
-82021,0,0
-47099,0,0
31389,0,0
-123147,0,0
304005,0,0
-60162,0,0
-69827,0,0
229053,0,0
-218180,0,0
-185129,0,0
-71433,0,0
75348,0,0
-15015,0,0
137414,0,0
-192934,0,0
136189,0,0
218560,0,0
-225541,0,0
-22366,0,0
-16773,0,0
-131450,0,0
-97920,0,0
-32906,0,0
-91155,0,0
325350,0,0
41153,0,0
-118992,0,0
183493,0,0
-151285,0,0
-184465,0,0
75379,0,0
234132,0,0
12607,0,0
63882,0,0
-167923,0,0
198459,0,0
170937,0,0
-190871,0,0
-60403,0,0
-91435,0,0
-41864,0,0
45416,0,0
99591,0,0
-62708,0,0
298374,0,0
-8091,0,0
-65469,0,0
228437,0,0
-144144,0,0
-192254,0,0
32587,0,0
157259,0,0
6473,0,0
85848,0,0
-189108,0,0
204756,0,0
334061,0,0
-120472,0,0
-143392,0,0
-68431,0,0
42755,0,0
94661,0,0
47744,0,0
-201397,0,0
245886,0,0
36428,0,0
-61495,0,0
249917,0,0
-95151,0,0
-155816,0,0
9239,0,0
120082,0,0
-40075,0,0
104520,0,0
-148473,0,0
168738,0,0
230601,0,0
-188814,0,0
-95305,0,0
-125780,0,0
-23389,0,0
-24154,0,0
-71564,0,0
-141730,0,0
327092,0,0
62051,0,0
-102054,0,0
176597,0,0
-165510,0,0
-164666,0,0
-51225,0,0
165210,0,0
-11095,0,0
89564,0,0
-121555,0,0
99547,0,0
150882,0,0
-147736,0,0
-27008,0,0
131921,0,0
15738,0,0
-104700,0,0
-17166,0,0
-91809,0,0
278554,0,0
6477,0,0
-96350,0,0
183949,0,0
-121009,0,0
-172219,0,0
31334,0,0
297754,0,0
69842,0,0
29768,0,0
-191186,0,0
148312,0,0
266831,0,0
-120071,0,0
-3977,0,0
-10794,0,0
-23582,0,0
-28665,0,0
59047,0,0
-105911,0,0
253512,0,0
93721,0,0
49521,0,0
156763,0,0
-182367,0,0
-118846,0,0
16797,0,0
161297,0,0
40891,0,0
48807,0,0
-216132,0,0
108015,0,0
173644,0,0
-91486,0,0
73529,0,0
58577,0,0
-102118,0,0
-202200,0,0
25341,0,0
-114228,0,0
285363,0,0
66224,0,0
-185859,0,0
99231,0,0
-160224,0,0
-122720,0,0
-37633,0,0
136155,0,0
52992,0,0
87138,0,0
-265222,0,0
34815,0,0
90639,0,0
-138938,0,0
-42441,0,0
-122067,0,0
-76897,0,0
-26996,0,0
24443,0,0
-107485,0,0
169754,0,0
-116780,0,0
-155068,0,0
97590,0,0
-272798,0,0
-256236,0,0
-31501,0,0
256725,0,0
41370,0,0
-66568,0,0
-297700,0,0
6011,0,0
32203,0,0
-147626,0,0
-124967,0,0
-140418,0,0
15482,0,0
-53157,0,0
-157314,0,0
-102327,0,0
291571,0,0
2869,0,0
-139699,0,0
145205,0,0
-157050,0,0
-223682,0,0
-67236,0,0
157096,0,0
10952,0,0
78742,0,0
-204313,0,0
106279,0,0
147702,0,0
-151096,0,0
49717,0,0
7713,0,0
-178585,0,0
-144573,0,0
72956,0,0
-107053,0,0
192349,0,0
-44396,0,0
-175187,0,0
150611,0,0
-152224,0,0
-199148,0,0
-24207,0,0
129147,0,0
-81678,0,0
-4360,0,0
-248346,0,0
-13443,0,0
55892,0,0
-165633,0,0
-71628,0,0
-73958,0,0
-91080,0,0
-122170,0,0
-56356,0,0
-209479,0,0
236149,0,0
20932,0,0
-166220,0,0
25294,0,0
-221708,0,0
-217889,0,0
-13841,0,0
234524,0,0
-3248,0,0
-23172,0,0
-130689,0,0
88464,0,0
84621,0,0
-151938,0,0
-49942,0,0
-118007,0,0
-16592,0,0
-37454,0,0
75191,0,0
-122743,0,0
196367,0,0
26973,0,0
-138541,0,0
144175,0,0
-172210,0,0
-201044,0,0
-28213,0,0
146298,0,0
61086,0,0
149787,0,0
-129778,0,0
68947,0,0
176653,0,0
-62636,0,0
-75452,0,0
-165344,0,0
-16140,0,0
53618,0,0
49069,0,0
-130692,0,0
207571,0,0
120940,0,0
-61702,0,0
142171,0,0
-7667,0,0
-133662,0,0
-69413,0,0
184446,0,0
-6301,0,0
63293,0,0
-86816,0,0
97910,0,0
194120,0,0
-77387,0,0
-50382,0,0
-76751,0,0
-5651,0,0
-56254,0,0
18169,0,0
-53600,0,0
180726,0,0
150985,0,0
-34616,0,0
65327,0,0
-185309,0,0
-229719,0,0
-9206,0,0
178732,0,0
-1611,0,0
145830,0,0
-64938,0,0
5571,0,0
115770,0,0
-107165,0,0
-34650,0,0
-83719,0,0
-8196,0,0
-48009,0,0
76999,0,0
-32905,0,0
157507,0,0
29467,0,0
-175895,0,0
124084,0,0
-77945,0,0
-206703,0,0
-74404,0,0
212657,0,0
87183,0,0
59195,0,0
-235068,0,0
-19273,0,0
180271,0,0
-26570,0,0
-24080,0,0
-135571,0,0
-155422,0,0
-131731,0,0
93731,0,0
-47255,0,0
212483,0,0
49869,0,0
-144423,0,0
50099,0,0
-148137,0,0
-124241,0,0
67680,0,0
261713,0,0
8072,0,0
48659,0,0
-103788,0,0
123527,0,0
217201,0,0
-8582,0,0
45938,0,0
79472,0,0
-8049,0,0
-41006,0,0
165328,0,0
40032,0,0
343552,0,0
139581,0,0
-67481,0,0
189123,0,0
2099,0,0
-130481,0,0
57322,0,0
292565,0,0
77389,0,0
162338,0,0
-27137,0,0
110140,0,0
161196,0,0
-28827,0,0
59830,0,0
26208,0,0
52162,0,0
29896,0,0
237150,0,0
-73347,0,0
174084,0,0
168702,0,0
-9135,0,0
160699,0,0
25744,0,0
-126843,0,0
38685,0,0
322116,0,0
137442,0,0
148623,0,0
-55371,0,0
72580,0,0
218628,0,0
5323,0,0
55093,0,0
22642,0,0
-15233,0,0
-31857,0,0
144105,0,0
-1901,0,0
208681,0,0
134346,0,0
-105088,0,0
153374,0,0
-96486,0,0
-233610,0,0
-5559,0,0
310175,0,0
8787,0,0
66574,0,0
-40359,0,0
52375,0,0
101051,0,0
-132072,0,0
-66277,0,0
-108891,0,0
-89890,0,0
-95279,0,0
66877,0,0
-57151,0,0
188953,0,0
30491,0,0
-251611,0,0
71857,0,0
-12362,0,0
-309177,0,0
-216724,0,0
185085,0,0
-12879,0,0
85460,0,0
-108294,0,0
-12863,0,0
31287,0,0
-237678,0,0
-119861,0,0
-24905,0,0
-41806,0,0
-124582,0,0
-14585,0,0
-156895,0,0
50346,0,0
-2362,0,0
-149694,0,0
88109,0,0
-114860,0,0
-219372,0,0
-118720,0,0
129126,0,0
-31777,0,0
-36130,0,0
-66379,0,0
63462,0,0
28173,0,0
-101313,0,0
-67700,0,0
-30501,0,0
-10719,0,0
1790,0,0
96550,0,0
-164062,0,0
118432,0,0
119701,0,0
-145750,0,0
119885,0,0
-66693,0,0
-276805,0,0
20837,0,0
305508,0,0
16643,0,0
23606,0,0
-44090,0,0
57500,0,0
85955,0,0
-138454,0,0
-70031,0,0
-10064,0,0
-62618,0,0
-124520,0,0
100781,0,0
-38817,0,0
121801,0,0
130586,0,0
-102163,0,0
98243,0,0
-156188,0,0
-417455,0,0
-116754,0,0
230389,0,0
167443,0,0
163590,0,0
-163748,0,0
-39774,0,0
110399,0,0
-116702,0,0
-150078,0,0
-50536,0,0
3223,0,0
-31147,0,0
44564,0,0
-109228,0,0
120785,0,0
107277,0,0
-44625,0,0
103509,0,0
-97175,0,0
-300980,0,0
-62333,0,0
299635,0,0
18991,0,0
-10581,0,0
-107572,0,0
-9929,0,0
50980,0,0
-130567,0,0
-36171,0,0
-1205,0,0
-57717,0,0
-22280,0,0
-13141,0,0
-231494,0,0
7799,0,0
49249,0,0
-122498,0,0
171618,0,0
-9987,0,0
-253248,0,0
-119556,0,0
103217,0,0
-44365,0,0
49917,0,0
-120953,0,0
-76484,0,0
113200,0,0
-90800,0,0
-72043,0,0
-20844,0,0
-68324,0,0
-107959,0,0
45179,0,0
-118577,0,0
59695,0,0
165461,0,0
-155926,0,0
-76880,0,0
-66226,0,0
-178079,0,0
19265,0,0
204801,0,0
-20780,0,0
43268,0,0
-96784,0,0
-44074,0,0
129444,0,0
-58683,0,0
-101291,0,0
-27348,0,0
32638,0,0
-157502,0,0
44636,0,0
-38997,0,0
145795,0,0
128902,0,0
-126283,0,0
37329,0,0
-50014,0,0
-191985,0,0
-117197,0,0
205229,0,0
20795,0,0
35566,0,0
-27427,0,0
-16273,0,0
151960,0,0
-73151,0,0
-82007,0,0
-40092,0,0
-31592,0,0
-125291,0,0
90668,0,0
13997,0,0
116614,0,0
69466,0,0
-170715,0,0
8027,0,0
-12476,0,0
-244903,0,0
-20873,0,0
276953,0,0
3867,0,0
128596,0,0
-77308,0,0
-115345,0,0
99566,0,0
-45604,0,0
-89082,0,0
-56150,0,0
-30687,0,0
-182221,0,0
19456,0,0
22585,0,0
156794,0,0
95112,0,0
-173591,0,0
4924,0,0
16569,0,0
-245274,0,0
-107840,0,0
177891,0,0
-4744,0,0
63305,0,0
-60165,0,0
-156921,0,0
3025,0,0
-98459,0,0
-92533,0,0
34636,0,0
23006,0,0
-37827,0,0
-38177,0,0
-224291,0,0
20575,0,0
143437,0,0
-129834,0,0
-90887,0,0
-18205,0,0
-233568,0,0
-99954,0,0
186315,0,0
-11431,0,0
-16047,0,0
-64040,0,0
43722,0,0
214144,0,0
-53410,0,0
-204995,0,0
-63665,0,0
3672,0,0
-82175,0,0
83355,0,0
-116044,0,0
77513,0,0
195760,0,0
-99866,0,0
3056,0,0
34088,0,0
-222737,0,0
-92525,0,0
265660,0,0
27909,0,0
43102,0,0
-100908,0,0
-4293,0,0
221456,0,0
-47175,0,0
-133666,0,0
2353,0,0
-8037,0,0
-147029,0,0
-13482,0,0
-48556,0,0
76915,0,0
213033,0,0
-55479,0,0
24333,0,0
13092,0,0
-280983,0,0
-90922,0,0
208521,0,0
19626,0,0
50125,0,0
46814,0,0
15275,0,0
237040,0,0
-33102,0,0
-86825,0,0
-4290,0,0
-15650,0,0
-52872,0,0
104950,0,0
-3654,0,0
81785,0,0
269971,0,0
-26127,0,0
36155,0,0
28888,0,0
-202767,0,0
-93517,0,0
263729,0,0
71017,0,0
39834,0,0
-22001,0,0
-71550,0,0
111196,0,0
54574,0,0
-86189,0,0
-56591,0,0
-46833,0,0
-56289,0,0
153075,0,0
-101500,0,0
-52857,0,0
166390,0,0
-70305,0,0
84742,0,0
124162,0,0
-280368,0,0
-169379,0,0
237412,0,0
44256,0,0
30405,0,0
1776,0,0
-89528,0,0
103898,0,0
-63651,0,0
-177705,0,0
-23882,0,0
1977,0,0
-41209,0,0
58673,0,0
-213921,0,0
-14359,0,0
129919,0,0
-279594,0,0
-103837,0,0
82486,0,0
-255616,0,0
-49030,0,0
356233,0,0
95945,0,0
-81937,0,0
-158262,0,0
-136594,0,0
191610,0,0
121854,0,0
-103054,0,0
19899,0,0
-7689,0,0
-84218,0,0
112795,0,0
19255,0,0
185337,0,0
295928,0,0
-91943,0,0
1445,0,0
131016,0,0
-209325,0,0
-35870,0,0
273579,0,0
170424,0,0
191007,0,0
9491,0,0
-79604,0,0
260099,0,0
-12273,0,0
-153320,0,0
123713,0,0
126474,0,0
136266,0,0
141369,0,0
-90539,0,0
138824,0,0
329276,0,0
-66526,0,0
68648,0,0
206961,0,0
-216295,0,0
-51884,0,0
382854,0,0
157064,0,0
141968,0,0
59559,0,0
-19041,0,0
353742,0,0
125632,0,0
-132291,0,0
13975,0,0
58644,0,0
-51739,0,0
117580,0,0
263,0,0
143935,0,0
380298,0,0
-70745,0,0
-94399,0,0
121940,0,0
-82689,0,0
-852,0,0
218924,0,0
8195,0,0
78972,0,0
-13675,0,0
-124348,0,0
201257,0,0
145938,0,0
-34055,0,0
-16704,0,0
