-38119,0,0
11108,0,0
95832,0,0
-66328,0,0
-55728,0,0
-66209,0,0
8611,0,0
-88197,0,0
-17196,0,0
28603,0,0
-80858,0,0
-115346,0,0
-47107,0,0
-233879,0,0
-69417,0,0
-121828,0,0
413524,0,0
44156,0,0
-369332,0,0
36123,0,0
9080,0,0
-168951,0,0
-166672,0,0
-54870,0,0
125652,0,0
349161,0,0
-123299,0,0
-115241,0,0
-76806,0,0
61896,0,0
172349,0,0
74849,0,0
-72880,0,0
104272,0,0
100676,0,0
62148,0,0
61122,0,0
98116,0,0
-77862,0,0
220512,0,0
96615,0,0
-40307,0,0
-20530,0,0
37553,0,0
83299,0,0
140733,0,0
-59703,0,0
84094,0,0
28403,0,0
-101104,0,0
111250,0,0
74861,0,0
-140099,0,0
33566,0,0
-76032,0,0
3273,0,0
-38433,0,0
1199,0,0
-72274,0,0
-70915,0,0
331679,0,0
-10468,0,0
-12068,0,0
-45964,0,0
-97412,0,0
-138412,0,0
72085,0,0
134313,0,0
35169,0,0
19060,0,0
91233,0,0
26593,0,0
-151814,0,0
-28067,0,0
68259,0,0
244301,0,0
219239,0,0
-163848,0,0
-92856,0,0
-25180,0,0
102159,0,0
120801,0,0
61924,0,0
36911,0,0
-70628,0,0
-72499,0,0
115972,0,0
-47228,0,0
-119764,0,0
84744,0,0
181564,0,0
-98209,0,0
-51865,0,0
35187,0,0
-57515,0,0
-44270,0,0
-107951,0,0
46858,0,0
213163,0,0
-60129,0,0
-126079,0,0
-32980,0,0
-97191,0,0
-37067,0,0
-73223,0,0
-11989,0,0
304908,0,0
-132261,0,0
-180021,0,0
-96607,0,0
-24070,0,0
-1169,0,0
33449,0,0
-24843,0,0
38030,0,0
-43583,0,0
-86844,0,0
-40177,0,0
-30559,0,0
309132,0,0
-72307,0,0
6195,0,0
46213,0,0
5706,0,0
-8757,0,0
-81006,0,0
-66214,0,0
87374,0,0
374265,0,0
322508,0,0
-10122,0,0
-65248,0,0
-224964,0,0
99279,0,0
121795,0,0
5812,0,0
180459,0,0
73985,0,0
16066,0,0
21640,0,0
27384,0,0
36597,0,0
11402,0,0
40501,0,0
-68208,0,0
83993,0,0
106395,0,0
-5884,0,0
-65580,0,0
25930,0,0
-25587,0,0
-113478,0,0
-4871,0,0
127374,0,0
20521,0,0
51338,0,0
-56059,0,0
-90804,0,0
-92760,0,0
-101638,0,0
-130583,0,0
1364,0,0
-29640,0,0
10322,0,0
-10005,0,0
140586,0,0
-284466,0,0
-230684,0,0
6597,0,0
-190061,0,0
-190447,0,0
34319,0,0
-4173,0,0
97430,0,0
14779,0,0
-50834,0,0
-157729,0,0
-151081,0,0
-57752,0,0
-199668,0,0
-52994,0,0
7279,0,0
126232,0,0
138961,0,0
33673,0,0
46762,0,0
-162447,0,0
-122236,0,0
-83843,0,0
156031,0,0
112697,0,0
146024,0,0
-81478,0,0
-370990,0,0
-272102,0,0
-1776,0,0
-96753,0,0
145891,0,0
558854,0,0
370585,0,0
-323707,0,0
-463672,0,0
-211117,0,0
28203,0,0
162412,0,0
40128,0,0
93103,0,0
73117,0,0
71585,0,0
55237,0,0
31818,0,0
8385,0,0
69842,0,0
-31101,0,0
-119332,0,0
205973,0,0
68676,0,0
739,0,0
40115,0,0
-26644,0,0
65362,0,0
2402,0,0
13710,0,0
-135486,0,0
-144618,0,0
-57967,0,0
69640,0,0
-5709,0,0
-66939,0,0
-70317,0,0
20493,0,0
1840,0,0
-68517,0,0
-14624,0,0
-52849,0,0
-110017,0,0
-102526,0,0
-132864,0,0
-34845,0,0
-86115,0,0
71973,0,0
82115,0,0
96460,0,0
-220992,0,0
-83773,0,0
-159720,0,0
-167964,0,0
102503,0,0
60696,0,0
84600,0,0
-3329,0,0
-36160,0,0
-100304,0,0
-100041,0,0
-70647,0,0
98981,0,0
26566,0,0
-239169,0,0
43170,0,0
296215,0,0
147351,0,0
-261434,0,0
-131436,0,0
-90492,0,0
117314,0,0
192693,0,0
-10348,0,0
-45554,0,0
-199045,0,0
71687,0,0
117947,0,0
-64813,0,0
23393,0,0
-73855,0,0
-252628,0,0
69573,0,0
99505,0,0
-50018,0,0
66602,0,0
240602,0,0
46146,0,0
-226396,0,0
-96351,0,0
-68055,0,0
98864,0,0
174753,0,0
64639,0,0
-168712,0,0
137762,0,0
137122,0,0
34337,0,0
191928,0,0
223739,0,0
-135359,0,0
-183265,0,0
3365,0,0
162712,0,0
48600,0,0
78928,0,0
130072,0,0
-24522,0,0
24098,0,0
101424,0,0
81992,0,0
169920,0,0
83493,0,0
-59146,0,0
-141954,0,0
-126091,0,0
62940,0,0
39523,0,0
47817,0,0
44440,0,0
-95105,0,0
132159,0,0
261671,0,0
23315,0,0
-22103,0,0
-161869,0,0
-78918,0,0
64517,0,0
20244,0,0
-22891,0,0
-12915,0,0
33027,0,0
-70196,0,0
1312,0,0
13961,0,0
18256,0,0
47016,0,0
-38357,0,0
-82623,0,0
-90905,0,0
-107691,0,0
-136413,0,0
35603,0,0
163161,0,0
56761,0,0
-319367,0,0
-124558,0,0
53445,0,0
84951,0,0
-19538,0,0
91191,0,0
-150604,0,0
-54981,0,0
-17972,0,0
-16248,0,0
39059,0,0
87643,0,0
75360,0,0
-172873,0,0
74316,0,0
156965,0,0
191643,0,0
-3624,0,0
-40504,0,0
-6645,0,0
-162781,0,0
134026,0,0
275071,0,0
150211,0,0
423,0,0
42011,0,0
18850,0,0
26339,0,0
-130646,0,0
195252,0,0
179949,0,0
147754,0,0
305528,0,0
-113787,0,0
-290108,0,0
65065,0,0
118894,0,0
-665,0,0
-16264,0,0
233101,0,0
300223,0,0
-106482,0,0
-118206,0,0
-48485,0,0
-41694,0,0
71563,0,0
-61989,0,0
-68426,0,0
-89561,0,0
85882,0,0
89312,0,0
61728,0,0
6250,0,0
-182440,0,0
-88185,0,0
-36312,0,0
-53529,0,0
87573,0,0
8061,0,0
-73290,0,0
20482,0,0
-99471,0,0
-113599,0,0
102654,0,0
110320,0,0
-92114,0,0
-182649,0,0
-187473,0,0
-3572,0,0
147233,0,0
205396,0,0
193622,0,0
-160614,0,0
-185999,0,0
-82202,0,0
-98820,0,0
-2622,0,0
51136,0,0
-76326,0,0
-125401,0,0
-31535,0,0
34251,0,0
339127,0,0
66713,0,0
-127181,0,0
-268789,0,0
44140,0,0
48206,0,0
34621,0,0
77144,0,0
-71856,0,0
-50458,0,0
50486,0,0
134120,0,0
90839,0,0
-121596,0,0
-151706,0,0
184213,0,0
137891,0,0
-48980,0,0
-156614,0,0
-115992,0,0
-6741,0,0
279561,0,0
122209,0,0
-342485,0,0
164963,0,0
8157,0,0
-146689,0,0
88119,0,0
-46929,0,0
-30728,0,0
-58465,0,0
63964,0,0
80328,0,0
-52085,0,0
-35083,0,0
122031,0,0
100749,0,0
148618,0,0
-141755,0,0
-208553,0,0
-168770,0,0
112182,0,0
83563,0,0
-25660,0,0
-8382,0,0
-4092,0,0
7956,0,0
-179673,0,0
-171751,0,0
-146331,0,0
113910,0,0
84559,0,0
-123746,0,0
-114534,0,0
57549,0,0
-88344,0,0
-80379,0,0
-13137,0,0
-172253,0,0
-143979,0,0
63340,0,0
395219,0,0
123739,0,0
-143853,0,0
18559,0,0
-39371,0,0
-122833,0,0
167074,0,0
99416,0,0
189744,0,0
96274,0,0
-6260,0,0
90337,0,0
123846,0,0
12663,0,0
-164151,0,0
-121889,0,0
165761,0,0
223213,0,0
-166220,0,0
-65842,0,0
96168,0,0
97392,0,0
247370,0,0
-11826,0,0
-150794,0,0
27384,0,0
-15447,0,0
-115330,0,0
-3104,0,0
-1416,0,0
-19040,0,0
45756,0,0
208289,0,0
42354,0,0
92057,0,0
-39841,0,0
11135,0,0
61003,0,0
-137260,0,0
-80588,0,0
49176,0,0
147259,0,0
-102174,0,0
-78140,0,0
-121278,0,0
102525,0,0
210330,0,0
-91333,0,0
-133856,0,0
-143019,0,0
89864,0,0
-78242,0,0
79628,0,0
201612,0,0
-110726,0,0
13147,0,0
-25762,0,0
1016,0,0
-75819,0,0
-83608,0,0
-14022,0,0
3220,0,0
14472,0,0
142328,0,0
17604,0,0
-103482,0,0
-60319,0,0
329,0,0
62793,0,0
-21584,0,0
116780,0,0
167009,0,0
-206529,0,0
-22434,0,0
-13635,0,0
-88257,0,0
-12684,0,0
283029,0,0
139965,0,0
1740,0,0
-64421,0,0
-54893,0,0
80084,0,0
107903,0,0
121885,0,0
144007,0,0
96064,0,0
-184237,0,0
-114680,0,0
9332,0,0
141006,0,0
49701,0,0
108172,0,0
194070,0,0
86655,0,0
55903,0,0
-65228,0,0
-36287,0,0
-158530,0,0
-2829,0,0
4097,0,0
78684,0,0
189417,0,0
-124438,0,0
-141263,0,0
-93432,0,0
-64556,0,0
227912,0,0
-178185,0,0
1552,0,0
147510,0,0
-62689,0,0
-208073,0,0
-73201,0,0
18581,0,0
-49640,0,0
105935,0,0
-12416,0,0
-282458,0,0
183390,0,0
45313,0,0
36816,0,0
59487,0,0
-69309,0,0
-84080,0,0
-22956,0,0
90656,0,0
49876,0,0
-12949,0,0
-74755,0,0
-53460,0,0
-14573,0,0
-22757,0,0
-73758,0,0
-110289,0,0
-18792,0,0
26020,0,0
58128,0,0
59117,0,0
-216795,0,0
-90926,0,0
-58708,0,0
-87602,0,0
96467,0,0
30028,0,0
-187510,0,0
164704,0,0
206253,0,0
-143908,0,0
-69028,0,0
35546,0,0
97767,0,0
34432,0,0
-73143,0,0
36707,0,0
-1899,0,0
-85506,0,0
-94987,0,0
247441,0,0
152142,0,0
-88894,0,0
51100,0,0
75034,0,0
28910,0,0
-95325,0,0
-173135,0,0
-205647,0,0
-7996,0,0
116704,0,0
50109,0,0
150368,0,0
-147639,0,0
-8481,0,0
62829,0,0
46356,0,0
67539,0,0
-177991,0,0
-90262,0,0
-94690,0,0
34330,0,0
144876,0,0
127173,0,0
-74622,0,0
8107,0,0
34373,0,0
84609,0,0
161052,0,0
-13208,0,0
-161914,0,0
-84747,0,0
21888,0,0
36261,0,0
85659,0,0
143592,0,0
-71032,0,0
-155677,0,0
-33377,0,0
-26796,0,0
90197,0,0
158263,0,0
75297,0,0
-256198,0,0
-212661,0,0
-76450,0,0
-86684,0,0
48859,0,0
3073,0,0
-114290,0,0
39912,0,0
187191,0,0
-213421,0,0
-92942,0,0
33990,0,0
63135,0,0
86508,0,0
41803,0,0
-31660,0,0
-70381,0,0
-57572,0,0
75832,0,0
-25189,0,0
-73312,0,0
-2084,0,0
-14148,0,0
52904,0,0
149828,0,0
-77529,0,0
-42787,0,0
41997,0,0
-102727,0,0
20172,0,0
1869,0,0
-101664,0,0
-57330,0,0
-81960,0,0
-16347,0,0
20742,0,0
39012,0,0
-66524,0,0
72144,0,0
168883,0,0
-56731,0,0
-127097,0,0
-67927,0,0
-43578,0,0
31163,0,0
-38289,0,0
92427,0,0
185341,0,0
-13997,0,0
-97266,0,0
5642,0,0
-76320,0,0
-51118,0,0
136678,0,0
32675,0,0
-11789,0,0
35272,0,0
-18839,0,0
23546,0,0
95665,0,0
-5997,0,0
-104975,0,0
-174310,0,0
-36328,0,0
256367,0,0
375281,0,0
9398,0,0
-251390,0,0
-182741,0,0
198700,0,0
166650,0,0
-116124,0,0
-170384,0,0
46327,0,0
99014,0,0
48437,0,0
86891,0,0
-19388,0,0
-75490,0,0
-126958,0,0
-15824,0,0
136205,0,0
169649,0,0
-137655,0,0
-164924,0,0
-19025,0,0
196859,0,0
16544,0,0
-175066,0,0
-126637,0,0
318061,0,0
-7499,0,0
-212347,0,0
18191,0,0
116086,0,0
-18074,0,0
1881,0,0
130366,0,0
120327,0,0
10485,0,0
-114555,0,0
-64925,0,0
-65190,0,0
10811,0,0
181314,0,0
41754,0,0
-19268,0,0
105307,0,0
4878,0,0
-113405,0,0
69671,0,0
-2433,0,0
-17646,0,0
-9014,0,0
13122,0,0
-74844,0,0
56693,0,0
133466,0,0
-29824,0,0
-105490,0,0
-114392,0,0
61312,0,0
176062,0,0
-4173,0,0
-89453,0,0
10012,0,0
-10284,0,0
-107585,0,0
181189,0,0
90028,0,0
-76126,0,0
15206,0,0
-53058,0,0
-52476,0,0
-89300,0,0
-5558,0,0
66807,0,0
96531,0,0
-55074,0,0
75817,0,0
-58183,0,0
-92152,0,0
-79457,0,0
-27991,0,0
-23471,0,0
-38593,0,0
-67150,0,0
-80611,0,0
55679,0,0
-34584,0,0
-917,0,0
-223284,0,0
-137593,0,0
-79782,0,0
-227078,0,0
-72408,0,0
-92769,0,0
100109,0,0
312067,0,0
-187172,0,0
-358584,0,0
-180791,0,0
73934,0,0
-107097,0,0
7334,0,0
33352,0,0
-91040,0,0
-145878,0,0
-254009,0,0
-174025,0,0
234892,0,0
174623,0,0
193847,0,0
-16148,0,0
-217877,0,0
-158603,0,0
-90925,0,0
-14231,0,0
-112669,0,0
-1050,0,0
58231,0,0
-29091,0,0
-82593,0,0
-65182,0,0
-154262,0,0
214245,0,0
257649,0,0
-232154,0,0
-211440,0,0
-80890,0,0
122918,0,0
162758,0,0
-27229,0,0
-146722,0,0
-174589,0,0
29303,0,0
4837,0,0
-35690,0,0
125244,0,0
271922,0,0
124890,0,0
-58745,0,0
-99543,0,0
-26900,0,0
-144440,0,0
-78042,0,0
103912,0,0
67724,0,0
28883,0,0
133101,0,0
119444,0,0
-38029,0,0
-24922,0,0
-105644,0,0
-69907,0,0
-12164,0,0
86933,0,0
34639,0,0
-227713,0,0
-121386,0,0
50888,0,0
259462,0,0
82259,0,0
-117628,0,0
-162430,0,0
41973,0,0
5221,0,0
-67105,0,0
68211,0,0
189210,0,0
-75800,0,0
-76480,0,0
-90700,0,0
-65497,0,0
55558,0,0
134299,0,0
186902,0,0
1241,0,0
-89949,0,0
19965,0,0
170394,0,0
74048,0,0
-92716,0,0
-53749,0,0
-87200,0,0
34396,0,0
132926,0,0
-126925,0,0
132557,0,0
145904,0,0
241959,0,0
-141345,0,0
-162927,0,0
-124670,0,0
-3785,0,0
74188,0,0
114624,0,0
242195,0,0
90262,0,0
-95579,0,0
-191855,0,0
-174229,0,0
-60789,0,0
88939,0,0
183159,0,0
41887,0,0
26661,0,0
168359,0,0
-90238,0,0
-3355,0,0
-174738,0,0
-208587,0,0
76008,0,0
42532,0,0
97049,0,0
-158276,0,0
46965,0,0
170916,0,0
26737,0,0
-146589,0,0
-237169,0,0
12500,0,0
-14034,0,0
6627,0,0
-24442,0,0
83933,0,0
-101369,0,0
-139671,0,0
131311,0,0
171617,0,0
24053,0,0
-58885,0,0
-176258,0,0
95222,0,0
109918,0,0
134860,0,0
-12337,0,0
-123544,0,0
56483,0,0
222356,0,0
144033,0,0
103678,0,0
29744,0,0
57806,0,0
46928,0,0
-19372,0,0
30538,0,0
32795,0,0
-4613,0,0
124633,0,0
86900,0,0
-93641,0,0
-15150,0,0
7379,0,0
-18553,0,0
146131,0,0
53491,0,0
28224,0,0
-81571,0,0
-195375,0,0
-139290,0,0
-113714,0,0
216008,0,0
91037,0,0
26948,0,0
-70493,0,0
14686,0,0
-45491,0,0
-11913,0,0
111078,0,0
16051,0,0
-136834,0,0
-174297,0,0
-108263,0,0
161652,0,0
250918,0,0
203388,0,0
-33018,0,0
-152950,0,0
-142200,0,0
44682,0,0
137906,0,0
33761,0,0
68702,0,0
64521,0,0
-44352,0,0
-32151,0,0
179677,0,0
-29255,0,0
10109,0,0
66405,0,0
15360,0,0
-94894,0,0
39759,0,0
-76257,0,0
-153796,0,0
51120,0,0
205182,0,0
226911,0,0
-57374,0,0
-143349,0,0
-157458,0,0
90525,0,0
-127187,0,0
-233581,0,0
-22367,0,0
104077,0,0
85547,0,0
89855,0,0
113950,0,0
-18825,0,0
93374,0,0
92076,0,0
-29504,0,0
6241,0,0
21935,0,0
87003,0,0
22132,0,0
128406,0,0
214814,0,0
69448,0,0
20384,0,0
32363,0,0
86963,0,0
127422,0,0
3967,0,0
-130017,0,0
77782,0,0
500255,0,0
41618,0,0
-136070,0,0
-118118,0,0
-81332,0,0
15449,0,0
87070,0,0
-7532,0,0
-8721,0,0
5787,0,0
178114,0,0
-45879,0,0
-157429,0,0
81636,0,0
-13014,0,0
14048,0,0
19612,0,0
-32464,0,0
35838,0,0
-16277,0,0
-154467,0,0
54862,0,0
135728,0,0
-98377,0,0
-103399,0,0
-131394,0,0
-46481,0,0
106765,0,0
59905,0,0
-3065,0,0
55075,0,0
-65249,0,0
-151450,0,0
-64354,0,0
65591,0,0
-120814,0,0
-249537,0,0
-149059,0,0
355062,0,0
281206,0,0
-26811,0,0
-117395,0,0
-116438,0,0
-47524,0,0
-4456,0,0
138251,0,0
32915,0,0
79179,0,0
10650,0,0
-69533,0,0
-1184,0,0
17629,0,0
64770,0,0
40458,0,0
47799,0,0
251071,0,0
-7935,0,0
4813,0,0
75360,0,0
-3611,0,0
33747,0,0
-56037,0,0
-757,0,0
-25099,0,0
-69571,0,0
51139,0,0
248588,0,0
68140,0,0
-163639,0,0
188555,0,0
309421,0,0
-81081,0,0
-187387,0,0
-174338,0,0
-117408,0,0
36642,0,0
76161,0,0
-40006,0,0
-43626,0,0
17073,0,0
38085,0,0
216361,0,0
28469,0,0
-126733,0,0
-156379,0,0
-3818,0,0
76408,0,0
191588,0,0
68811,0,0
-108098,0,0
-65642,0,0
-55281,0,0
64782,0,0
130062,0,0
180938,0,0
153802,0,0
61793,0,0
68989,0,0
-93935,0,0
-22224,0,0
-81358,0,0
116964,0,0
135896,0,0
14868,0,0
39936,0,0
-230260,0,0
-152934,0,0
233683,0,0
323789,0,0
-153064,0,0
-206092,0,0
-125533,0,0
24998,0,0
66522,0,0
103595,0,0
-39787,0,0
3490,0,0
-96564,0,0
119884,0,0
115518,0,0
-29687,0,0
-234549,0,0
-82620,0,0
5360,0,0
16785,0,0
154043,0,0
243208,0,0
171843,0,0
-39354,0,0
-150554,0,0
-60610,0,0
89250,0,0
38634,0,0
-38933,0,0
-56471,0,0
23975,0,0
75284,0,0
57069,0,0
96651,0,0
99498,0,0
9369,0,0
-83397,0,0
69139,0,0
119181,0,0
-34913,0,0
94504,0,0
-56124,0,0
-75649,0,0
150656,0,0
11391,0,0
-57557,0,0
86756,0,0
184181,0,0
51625,0,0
4667,0,0
-28038,0,0
-88254,0,0
61464,0,0
130474,0,0
119110,0,0
-119601,0,0
-22889,0,0
11554,0,0
195073,0,0
47380,0,0
-106931,0,0
-77671,0,0
119729,0,0
-17343,0,0
-14836,0,0
-90044,0,0
52437,0,0
157140,0,0
-124782,0,0
-68229,0,0
-44769,0,0
118287,0,0
-14656,0,0
-96818,0,0
-11281,0,0
-77444,0,0
186961,0,0
-80154,0,0
-213021,0,0
-8064,0,0
-150281,0,0
-139887,0,0
215747,0,0
40874,0,0
-89584,0,0
-57517,0,0
-236769,0,0
-201897,0,0
57596,0,0
176314,0,0
-6074,0,0
-42729,0,0
-58732,0,0
132122,0,0
-250497,0,0
-218456,0,0
-35684,0,0
124477,0,0
81008,0,0
-71310,0,0
69442,0,0
19452,0,0
-147201,0,0
31841,0,0
-11791,0,0
-128746,0,0
-32040,0,0
-19811,0,0
19019,0,0
-11520,0,0
-127035,0,0
40462,0,0
-73078,0,0
130261,0,0
-20547,0,0
-129361,0,0
-97962,0,0
-48793,0,0
67078,0,0
-28713,0,0
-123223,0,0
-44435,0,0
55745,0,0
-88707,0,0
174274,0,0
46526,0,0
-68850,0,0
-305335,0,0
-147214,0,0
91207,0,0
261363,0,0
234133,0,0
-165239,0,0
-198206,0,0
-46365,0,0
-49925,0,0
-133412,0,0
-21208,0,0
227420,0,0
152867,0,0
57859,0,0
23862,0,0
-133587,0,0
-148528,0,0
-55525,0,0
23474,0,0
90347,0,0
49582,0,0
-44211,0,0
-86070,0,0
-42833,0,0
24576,0,0
144067,0,0
-34019,0,0
-168114,0,0
-105486,0,0
-77484,0,0
-26821,0,0
30212,0,0
-163619,0,0
-118761,0,0
-84518,0,0
-107070,0,0
-193937,0,0
144683,0,0
45055,0,0
118451,0,0
-15185,0,0
-228454,0,0
-146546,0,0
-126073,0,0
-130920,0,0
-448,0,0
268092,0,0
32827,0,0
21828,0,0
121629,0,0
-140774,0,0
-19616,0,0
50506,0,0
-14082,0,0
189361,0,0
124530,0,0
-30742,0,0
-67957,0,0
64524,0,0
110503,0,0
117867,0,0
-11798,0,0
-74866,0,0
-20242,0,0
122000,0,0
247917,0,0
-76227,0,0
78643,0,0
60191,0,0
2477,0,0
-33588,0,0
29719,0,0
153765,0,0
16605,0,0
-22358,0,0
-119079,0,0
-172674,0,0
52339,0,0
91099,0,0
168275,0,0
149135,0,0
-88012,0,0
-68507,0,0
38797,0,0
-147690,0,0
-110164,0,0
114857,0,0
-19431,0,0
23914,0,0
149563,0,0
172679,0,0
-80021,0,0
-98374,0,0
3477,0,0
-105699,0,0
32728,0,0
157827,0,0
116227,0,0
46738,0,0
-26504,0,0
-19618,0,0
-114285,0,0
-67641,0,0
323408,0,0
-46170,0,0
-12928,0,0
-79427,0,0
-122418,0,0
32736,0,0
61057,0,0
69273,0,0
-8825,0,0
-147406,0,0
-200425,0,0
78993,0,0
152883,0,0
-72481,0,0
42017,0,0
33498,0,0
-64946,0,0
-40364,0,0
-227213,0,0
-198619,0,0
-29364,0,0
-27860,0,0
16933,0,0
157376,0,0
-4441,0,0
-69232,0,0
-74398,0,0
-172317,0,0
-68643,0,0
-5447,0,0
-79798,0,0
12800,0,0
9776,0,0
-202695,0,0
-9508,0,0
-41090,0,0
51719,0,0
105638,0,0
-122372,0,0
-166148,0,0
-180768,0,0
-4685,0,0
-65365,0,0
83079,0,0
45070,0,0
49061,0,0
91050,0,0
-147705,0,0
-206363,0,0
-76727,0,0
58062,0,0
11520,0,0
-3975,0,0
-1122,0,0
24763,0,0
134449,0,0
78755,0,0
-56396,0,0
-150410,0,0
-66012,0,0
88897,0,0
-42926,0,0
-284835,0,0
-85563,0,0
172467,0,0
296513,0,0
114585,0,0
-227536,0,0
-180268,0,0
261044,0,0
-37120,0,0
-25235,0,0
106323,0,0
96154,0,0
-44608,0,0
-19578,0,0
-88120,0,0
-5166,0,0
159646,0,0
377099,0,0
287224,0,0
18844,0,0
-195736,0,0
-63171,0,0
36393,0,0
247702,0,0
142790,0,0
-188853,0,0
-4603,0,0
275314,0,0
71513,0,0
-61420,0,0
34337,0,0
-91059,0,0
217244,0,0
310602,0,0
-102316,0,0
-70640,0,0
-104342,0,0
4439,0,0
187242,0,0
183313,0,0
50696,0,0
-78099,0,0
74054,0,0
115406,0,0
103296,0,0
102921,0,0
-69824,0,0
-37359,0,0
25084,0,0
36569,0,0
130776,0,0
74216,0,0
134033,0,0
-67390,0,0
-36560,0,0
48806,0,0
160307,0,0
55318,0,0
-170103,0,0
-200641,0,0
-12590,0,0
-53342,0,0
171375,0,0
494515,0,0
89449,0,0
-94726,0,0
-124812,0,0
24368,0,0
22307,0,0
-154169,0,0
197107,0,0
15156,0,0
-6866,0,0
66245,0,0
31926,0,0
46497,0,0
199216,0,0
97456,0,0
-38939,0,0
25465,0,0
49527,0,0
36948,0,0
-28866,0,0
-71207,0,0
152651,0,0
-20219,0,0
-41676,0,0
-19824,0,0
-14562,0,0
23304,0,0
68703,0,0
-68986,0,0
-87271,0,0
-77101,0,0
31113,0,0
53078,0,0
-175231,0,0
-79664,0,0
35033,0,0
94916,0,0
-37224,0,0
-239159,0,0
-186436,0,0
-50448,0,0
80561,0,0
86649,0,0
-283066,0,0
-66585,0,0
-86951,0,0
-41766,0,0
191825,0,0
190542,0,0
19478,0,0
-204864,0,0
-133347,0,0
-56857,0,0
-42763,0,0
-32564,0,0
100817,0,0
52426,0,0
-41434,0,0
-10157,0,0
139610,0,0
108324,0,0
-58722,0,0
-109629,0,0
-3118,0,0
-3045,0,0
57041,0,0
46235,0,0
-120154,0,0
-23448,0,0
131238,0,0
175438,0,0
97432,0,0
-162197,0,0
-229278,0,0
-217486,0,0
-3489,0,0
339929,0,0
117129,0,0
140221,0,0
54447,0,0
-135392,0,0
-104419,0,0
-143345,0,0
17144,0,0
-6843,0,0
25947,0,0
21601,0,0
-23526,0,0
-75797,0,0
-13983,0,0
-56064,0,0
78156,0,0
242450,0,0
-237093,0,0
-193206,0,0
17190,0,0
-39809,0,0
-197076,0,0
-104767,0,0
-136905,0,0
231778,0,0
218578,0,0
-145038,0,0
-187391,0,0
17228,0,0
18477,0,0
25762,0,0
-149594,0,0
-117044,0,0
-126804,0,0
-60386,0,0
53438,0,0
26955,0,0
-20156,0,0
99581,0,0
58842,0,0
-166596,0,0
-132471,0,0
-99171,0,0
-14630,0,0
-66566,0,0
155132,0,0
-101488,0,0
-248960,0,0
-52677,0,0
-147316,0,0
-21352,0,0
382188,0,0
-91621,0,0
-143640,0,0
-72701,0,0
-72562,0,0
1734,0,0
7343,0,0
19599,0,0
77791,0,0
-127529,0,0
-26822,0,0
-44620,0,0
-98570,0,0
-49010,0,0
-82987,0,0
85609,0,0
269489,0,0
-49913,0,0
-30947,0,0
-122886,0,0
-36208,0,0
-114955,0,0
-27433,0,0
-25000,0,0
147597,0,0
-9907,0,0
-214930,0,0
54267,0,0
44523,0,0
-23571,0,0
-141915,0,0
251183,0,0
107429,0,0
-57529,0,0
-129032,0,0
-124126,0,0
37032,0,0
-18575,0,0
83376,0,0
65930,0,0
-66435,0,0
-148804,0,0
79559,0,0
-52462,0,0
33838,0,0
-30578,0,0
-102515,0,0
-1550,0,0
28493,0,0
34758,0,0
-102097,0,0
47386,0,0
-124232,0,0
-134800,0,0
-152044,0,0
-10952,0,0
129327,0,0
109220,0,0
-75951,0,0
-129902,0,0
-43207,0,0
-83423,0,0
-69981,0,0
93910,0,0
-88132,0,0
-172395,0,0
-141138,0,0
-22750,0,0
89162,0,0
17185,0,0
101113,0,0
132873,0,0
-84573,0,0
-150186,0,0
44960,0,0
80470,0,0
-13269,0,0
7927,0,0
11928,0,0
-15515,0,0
-30611,0,0
25664,0,0
76835,0,0
-52787,0,0
-44547,0,0
-89651,0,0
195791,0,0
228387,0,0
-146138,0,0
-65375,0,0
-56410,0,0
-191439,0,0
-199413,0,0
29428,0,0
236734,0,0
54113,0,0
-228792,0,0
-54940,0,0
149458,0,0
170495,0,0
-101012,0,0
-139805,0,0
-2934,0,0
-60957,0,0
23867,0,0
192000,0,0
35695,0,0
-30362,0,0
96613,0,0
-64579,0,0
25584,0,0
69318,0,0
-8492,0,0
168877,0,0
79158,0,0
-53272,0,0
-170141,0,0
-24091,0,0
95536,0,0
206819,0,0
131473,0,0
88056,0,0
-134600,0,0
-88106,0,0
-99096,0,0
85648,0,0
-12229,0,0
-47260,0,0
23581,0,0
168563,0,0
183363,0,0
96295,0,0
-155591,0,0
-106430,0,0
-116327,0,0
84966,0,0
204181,0,0
74640,0,0
30063,0,0
14020,0,0
12201,0,0
11072,0,0
105555,0,0
129727,0,0
-3667,0,0
-21822,0,0
131206,0,0
30074,0,0
-186706,0,0
-24989,0,0
-11469,0,0
-14624,0,0
126045,0,0
-32707,0,0
17499,0,0
230140,0,0
7607,0,0
-200416,0,0
-26206,0,0
113937,0,0
-56023,0,0
-146898,0,0
-40334,0,0
11385,0,0
139241,0,0
-50984,0,0
48096,0,0
263082,0,0
-158737,0,0
-91983,0,0
-81506,0,0
-21678,0,0
166316,0,0
9139,0,0
-263582,0,0
-12163,0,0
-9920,0,0
86860,0,0
-25562,0,0
-70880,0,0
-204469,0,0
-129929,0,0
-103429,0,0
327406,0,0
398165,0,0
-38270,0,0
-330228,0,0
-156160,0,0
-56277,0,0
153891,0,0
206128,0,0
40627,0,0
-1641,0,0
-31956,0,0
-26525,0,0
138235,0,0
185830,0,0
264103,0,0
8156,0,0
42354,0,0
-91775,0,0
-96515,0,0
68160,0,0
116447,0,0
214861,0,0
151200,0,0
9095,0,0
-63205,0,0
20440,0,0
20513,0,0
-55490,0,0
-108368,0,0
-42437,0,0
166277,0,0
127808,0,0
97772,0,0
-74383,0,0
-99735,0,0
-86831,0,0
-116145,0,0
-3769,0,0
86439,0,0
-30361,0,0
178005,0,0
39885,0,0
80404,0,0
-58447,0,0
-77631,0,0
-23431,0,0
-95063,0,0
38903,0,0
141265,0,0
226305,0,0
88638,0,0
-62613,0,0
-80132,0,0
2935,0,0
187743,0,0
47892,0,0
-154207,0,0
-7453,0,0
73895,0,0
-69273,0,0
149129,0,0
162781,0,0
-183850,0,0
-23810,0,0
73827,0,0
12603,0,0
45615,0,0
15388,0,0
146241,0,0
47167,0,0
-48920,0,0
-44777,0,0
87981,0,0
17403,0,0
48212,0,0
-25805,0,0
-39200,0,0
-3668,0,0
120133,0,0
176197,0,0
55172,0,0
-7426,0,0
-155734,0,0
-111420,0,0
-1056,0,0
-10478,0,0
-201821,0,0
-38034,0,0
165761,0,0
-55175,0,0
-179771,0,0
-167054,0,0
-49812,0,0
-42437,0,0
89586,0,0
-125443,0,0
-146322,0,0
-198275,0,0
-16225,0,0
71975,0,0
-42831,0,0
-48199,0,0
-255057,0,0
38787,0,0
-57156,0,0
-56964,0,0
-114014,0,0
-14653,0,0
-64053,0,0
-19575,0,0
-43495,0,0
256293,0,0
51578,0,0
-246600,0,0
-256014,0,0
17084,0,0
84081,0,0
90091,0,0
109013,0,0
95268,0,0
-76211,0,0
-152028,0,0
-24807,0,0
30200,0,0
34141,0,0
177334,0,0
71975,0,0
-37966,0,0
-191233,0,0
22355,0,0
124692,0,0
-13032,0,0
-64408,0,0
-117660,0,0
-38717,0,0
149570,0,0
211311,0,0
-115748,0,0
-174064,0,0
20193,0,0
23539,0,0
-2488,0,0
-29393,0,0
74412,0,0
-61813,0,0
52992,0,0
-95784,0,0
-46526,0,0
247913,0,0
-61450,0,0
-109888,0,0
-67139,0,0
206239,0,0
12385,0,0
-147476,0,0
-57655,0,0
110720,0,0
173280,0,0
69288,0,0
-156731,0,0
-124933,0,0
-47143,0,0
123508,0,0
126417,0,0
-124408,0,0
-50416,0,0
78920,0,0
-34421,0,0
46211,0,0
210145,0,0
91384,0,0
-104789,0,0
-176456,0,0
-186436,0,0
40504,0,0
-121244,0,0
-40820,0,0
93965,0,0
296257,0,0
-172642,0,0
-423182,0,0
-103785,0,0
102747,0,0
-61933,0,0
151166,0,0
105477,0,0
-22036,0,0
-53608,0,0
-225344,0,0
-273862,0,0
-3369,0,0
346244,0,0
220295,0,0
-148767,0,0
-143526,0,0
-145586,0,0
-62113,0,0
-36751,0,0
214064,0,0
338153,0,0
206075,0,0
-183303,0,0
-246476,0,0
-77625,0,0
14042,0,0
257571,0,0
115114,0,0
47048,0,0
-9059,0,0
-53614,0,0
-117025,0,0
117471,0,0
184409,0,0
81340,0,0
-19160,0,0
90585,0,0
-62300,0,0
-82409,0,0
150335,0,0
88966,0,0
-61237,0,0
-61004,0,0
-146740,0,0
21465,0,0
-11293,0,0
174192,0,0
-59675,0,0
65060,0,0
-78653,0,0
-45583,0,0
87770,0,0
-33990,0,0
-116955,0,0
-7142,0,0
-81955,0,0
35371,0,0
22208,0,0
-79932,0,0
168822,0,0
147968,0,0
123775,0,0
-64046,0,0
-196825,0,0
-27817,0,0
-45469,0,0
30726,0,0
86467,0,0
-2800,0,0
-51079,0,0
-13788,0,0
-24905,0,0
-48862,0,0
-35700,0,0
-80068,0,0
38368,0,0
-21969,0,0
57572,0,0
-273689,0,0
-200266,0,0
100786,0,0
69657,0,0
-16623,0,0
31791,0,0
-238383,0,0
3842,0,0
29930,0,0
-65375,0,0
-55502,0,0
1710,0,0
-19642,0,0
-4307,0,0
176322,0,0
-50962,0,0
-34266,0,0
124073,0,0
-58025,0,0
-130977,0,0
122553,0,0
123620,0,0
-25147,0,0
-22075,0,0
7048,0,0
-55659,0,0
31388,0,0
13706,0,0
-2017,0,0
-97966,0,0
33292,0,0
186661,0,0
114210,0,0
-47645,0,0
-105111,0,0
-82847,0,0
-104645,0,0
-200842,0,0
38475,0,0
203156,0,0
69273,0,0
-201057,0,0
-13965,0,0
100309,0,0
53589,0,0
-189480,0,0
216738,0,0
239425,0,0
-107226,0,0
-34016,0,0
38651,0,0
-41977,0,0
-86639,0,0
54220,0,0
162802,0,0
130851,0,0
136262,0,0
60817,0,0
-43544,0,0
-47302,0,0
169798,0,0
94153,0,0
-62726,0,0
-36871,0,0
-80161,0,0
-117846,0,0
140507,0,0
117573,0,0
-338445,0,0
92419,0,0
198390,0,0
-25699,0,0
-164881,0,0
87881,0,0
-27153,0,0
-133356,0,0
-113414,0,0
-188584,0,0
-104762,0,0
26640,0,0
159137,0,0
48684,0,0
86744,0,0
-73898,0,0
-251093,0,0
-208048,0,0
-9378,0,0
-86839,0,0
-105444,0,0
-71194,0,0
-140281,0,0
41242,0,0
50205,0,0
41723,0,0
-263813,0,0
-319497,0,0
25834,0,0
-137650,0,0
-9174,0,0
-42996,0,0
-158727,0,0
15369,0,0
51938,0,0
-146019,0,0
-75820,0,0
-182288,0,0
-47706,0,0
37738,0,0
-13080,0,0
-187180,0,0
113466,0,0
206039,0,0
25176,0,0
43573,0,0
-80373,0,0
-83684,0,0
-12110,0,0
62795,0,0
-25219,0,0
-115150,0,0
-65800,0,0
81132,0,0
200217,0,0
15043,0,0
-202306,0,0
12144,0,0
139460,0,0
-27602,0,0
-100076,0,0
-131358,0,0
-2876,0,0
139387,0,0
23865,0,0
15269,0,0
202147,0,0
16933,0,0
-164452,0,0
-47324,0,0
-72469,0,0
240336,0,0
124346,0,0
140155,0,0
108036,0,0
142203,0,0
30447,0,0
-50952,0,0
-20454,0,0
101600,0,0
138986,0,0
48202,0,0
196236,0,0
108889,0,0
-22639,0,0
-150675,0,0
19933,0,0
302497,0,0
117336,0,0
-10569,0,0
154507,0,0
81400,0,0
-21585,0,0
-10916,0,0
-8836,0,0
-92111,0,0
57069,0,0
47832,0,0
87595,0,0
-16772,0,0
-90894,0,0
113476,0,0
21940,0,0
171858,0,0
-94507,0,0
-39180,0,0
-43299,0,0
9495,0,0
9792,0,0
-28859,0,0
4984,0,0
-53719,0,0
-16120,0,0
35510,0,0
6905,0,0
24781,0,0
63656,0,0
-49705,0,0
28824,0,0
1478,0,0
-178743,0,0
2664,0,0
103572,0,0
181827,0,0
180714,0,0
-150024,0,0
-110266,0,0
28052,0,0
-20206,0,0
-52980,0,0
26196,0,0
100060,0,0
-61054,0,0
-58240,0,0
176737,0,0
-36890,0,0
-41195,0,0
126213,0,0
33517,0,0
-106871,0,0
-81519,0,0
248000,0,0
54126,0,0
78896,0,0
-128217,0,0
-188041,0,0
-44460,0,0
78192,0,0
97785,0,0
43640,0,0
4798,0,0
63534,0,0
-850,0,0
-30568,0,0
180629,0,0
141980,0,0
-162813,0,0
-274363,0,0
-143244,0,0
124492,0,0
52061,0,0
57279,0,0
124831,0,0
143595,0,0
-95800,0,0
-233261,0,0
-51985,0,0
34428,0,0
30963,0,0
30965,0,0
-73177,0,0
82453,0,0
80220,0,0
40752,0,0
61927,0,0
-75368,0,0
50643,0,0
-45218,0,0
123502,0,0
39556,0,0
8499,0,0
-24424,0,0
-35916,0,0
2102,0,0
254202,0,0
143434,0,0
96722,0,0
34416,0,0
-103712,0,0
7786,0,0
-66624,0,0
-9107,0,0
-47301,0,0
120042,0,0
116553,0,0
-12767,0,0
-196534,0,0
-49786,0,0
122438,0,0
-38111,0,0
-132304,0,0
-11182,0,0
-304,0,0
2693,0,0
-79983,0,0
-123582,0,0
-130789,0,0
24827,0,0
-3611,0,0
-110087,0,0
-4066,0,0
-37519,0,0
-53213,0,0
-35973,0,0
-71607,0,0
-220255,0,0
-2094,0,0
70855,0,0
-69335,0,0
48298,0,0
152122,0,0
14315,0,0
-70083,0,0
-161399,0,0
-20868,0,0
-134779,0,0
-112700,0,0
12739,0,0
245993,0,0
315304,0,0
16489,0,0
-189807,0,0
-114544,0,0
-39737,0,0
12604,0,0
75494,0,0
95152,0,0
112000,0,0
122758,0,0
-40464,0,0
-87267,0,0
-103213,0,0
-111239,0,0
-78067,0,0
215730,0,0
65350,0,0
234474,0,0
115833,0,0
-215139,0,0
39811,0,0
-112070,0,0
-2887,0,0
209930,0,0
161177,0,0
-112267,0,0
69332,0,0
-9999,0,0
53763,0,0
322,0,0
77775,0,0
216250,0,0
45933,0,0
-75268,0,0
34130,0,0
-2585,0,0
148838,0,0
33654,0,0
13248,0,0
-62598,0,0
-4792,0,0
25703,0,0
-41719,0,0
38509,0,0
52577,0,0
-77807,0,0
-176603,0,0
-96970,0,0
-46469,0,0
-54824,0,0
84974,0,0
-105726,0,0
-9621,0,0
-70848,0,0
-57862,0,0
76232,0,0
-99829,0,0
-233441,0,0
-96236,0,0
-167363,0,0
-50327,0,0
166574,0,0
-113382,0,0
-48068,0,0
170892,0,0
-10636,0,0
-285763,0,0
-160020,0,0
118297,0,0
-76602,0,0
-147160,0,0
-260333,0,0
-199533,0,0
88866,0,0
50460,0,0
328008,0,0
125170,0,0
-381780,0,0
-119993,0,0
-133890,0,0
-311869,0,0
43494,0,0
-29877,0,0
-40705,0,0
196046,0,0
25782,0,0
-9793,0,0
-50263,0,0
-53713,0,0
-127063,0,0
-67782,0,0
16645,0,0
149582,0,0
-126254,0,0
-115434,0,0
52295,0,0
68738,0,0
-149326,0,0
-6153,0,0
105637,0,0
-71027,0,0
-39251,0,0
5810,0,0
-91779,0,0
21065,0,0
58429,0,0
-103766,0,0
3096,0,0
-63190,0,0
-77553,0,0
133358,0,0
-8747,0,0
-88008,0,0
6643,0,0
-1464,0,0
7774,0,0
35563,0,0
-59488,0,0
-126389,0,0
-151647,0,0
7130,0,0
217804,0,0
78912,0,0
-220613,0,0
-110428,0,0
35266,0,0
-16117,0,0
21583,0,0
-131652,0,0
-109096,0,0
94718,0,0
125070,0,0
109233,0,0
24553,0,0
-161014,0,0
-110742,0,0
-19676,0,0
62664,0,0
138344,0,0
44625,0,0
77085,0,0
-17544,0,0
91278,0,0
74271,0,0
81090,0,0
-14492,0,0
-115851,0,0
-100522,0,0
37056,0,0
105364,0,0
99659,0,0
-106738,0,0
-29050,0,0
5970,0,0
-22079,0,0
60968,0,0
-72490,0,0
-149290,0,0
-232446,0,0
-107767,0,0
164851,0,0
37662,0,0
5659,0,0
-124078,0,0
-170296,0,0
-284572,0,0
7035,0,0
211351,0,0
34689,0,0
-20777,0,0
-86311,0,0
-173415,0,0
-54463,0,0
173873,0,0
60156,0,0
-142797,0,0
-246735,0,0
-180008,0,0
-108250,0,0
160564,0,0
290132,0,0
150146,0,0
80091,0,0
-160049,0,0
-143564,0,0
-148281,0,0
-209887,0,0
-83455,0,0
-110182,0,0
-26228,0,0
179155,0,0
-76067,0,0
284605,0,0
233898,0,0
-210538,0,0
-188798,0,0
135540,0,0
-54761,0,0
20127,0,0
55712,0,0
-25558,0,0
133451,0,0
81430,0,0
108511,0,0
96113,0,0
61818,0,0
-11442,0,0
83804,0,0
-74690,0,0
184952,0,0
160348,0,0
-115053,0,0
-9093,0,0
37509,0,0
-85001,0,0
41347,0,0
172149,0,0
-10287,0,0
48763,0,0
-10065,0,0
-111847,0,0
-7938,0,0
73986,0,0
-6381,0,0
-116647,0,0
-59296,0,0
-72775,0,0
222172,0,0
-78008,0,0
102712,0,0
55603,0,0
-52837,0,0
-98609,0,0
5885,0,0
176652,0,0
-89022,0,0
-183190,0,0
-73533,0,0
12919,0,0
123191,0,0
190429,0,0
53174,0,0
23512,0,0
-43601,0,0
-235889,0,0
-119540,0,0
136901,0,0
89904,0,0
28135,0,0
66574,0,0
-49873,0,0
12348,0,0
-27446,0,0
22514,0,0
5786,0,0
-14129,0,0
-82275,0,0
-164672,0,0
-125883,0,0
65721,0,0
55761,0,0
177341,0,0
30048,0,0
-19958,0,0
55944,0,0
-16617,0,0
-345754,0,0
-135552,0,0
77849,0,0
173354,0,0
320728,0,0
-95843,0,0
-317922,0,0
58004,0,0
203966,0,0
172879,0,0
56868,0,0
-104689,0,0
-102730,0,0
-54347,0,0
150946,0,0
82082,0,0
85389,0,0
-101298,0,0
-39947,0,0
107484,0,0
34403,0,0
2758,0,0
-49840,0,0
-74037,0,0
-128899,0,0
114293,0,0
19810,0,0
120979,0,0
67936,0,0
-77086,0,0
-83629,0,0
-26604,0,0
-35865,0,0
-43078,0,0
32420,0,0
1533,0,0
145794,0,0
-71035,0,0
-16421,0,0
-106933,0,0
-53572,0,0
79416,0,0
10455,0,0
122704,0,0
-48659,0,0
-96447,0,0
-103047,0,0
-135787,0,0
192746,0,0
281638,0,0
64777,0,0
-255434,0,0
-60399,0,0
136936,0,0
-80602,0,0
22753,0,0
21282,0,0
-32959,0,0
89458,0,0
-36423,0,0
80439,0,0
-10567,0,0
62486,0,0
-42653,0,0
-117639,0,0
229939,0,0
5339,0,0
-40960,0,0
-118954,0,0
-174899,0,0
-111749,0,0
59863,0,0
61004,0,0
54113,0,0
93425,0,0
173590,0,0
-191473,0,0
-303203,0,0
187506,0,0
286365,0,0
12645,0,0
-112528,0,0
-170753,0,0
-206818,0,0
-62167,0,0
401621,0,0
314780,0,0
238380,0,0
52198,0,0
-267229,0,0
-74914,0,0
52139,0,0
169214,0,0
29267,0,0
-70745,0,0
-61465,0,0
216008,0,0
134236,0,0
86719,0,0
65825,0,0
72648,0,0
76201,0,0
-260406,0,0
-161526,0,0
102028,0,0
67739,0,0
37205,0,0
60781,0,0
28516,0,0
-60875,0,0
-42962,0,0
-69121,0,0
-215243,0,0
-85926,0,0
64576,0,0
88516,0,0
61730,0,0
-106411,0,0
-225541,0,0
-144097,0,0
137239,0,0
-26564,0,0
-222619,0,0
128044,0,0
124826,0,0
-176068,0,0
-202946,0,0
-84295,0,0
297391,0,0
168808,0,0
-202339,0,0
-37799,0,0
-57218,0,0
-25008,0,0
13759,0,0
90775,0,0
-85781,0,0
15398,0,0
63647,0,0
6555,0,0
80248,0,0
-17766,0,0
-131648,0,0
-185710,0,0
105297,0,0
113953,0,0
103549,0,0
7482,0,0
-85696,0,0
-66653,0,0
-75533,0,0
-15252,0,0
-5715,0,0
103856,0,0
176919,0,0
158765,0,0
-46696,0,0
-4691,0,0
48751,0,0
-6852,0,0
57588,0,0
119492,0,0
69472,0,0
53827,0,0
215632,0,0
-17660,0,0
-48425,0,0
-44946,0,0
-117685,0,0
15834,0,0
138308,0,0
241851,0,0
180228,0,0
-104456,0,0
66812,0,0
221676,0,0
82260,0,0
-100403,0,0
-26175,0,0
161770,0,0
110407,0,0
223116,0,0
16755,0,0
-72839,0,0
122445,0,0
195287,0,0
206478,0,0
207417,0,0
132655,0,0
64412,0,0
69667,0,0
-15453,0,0
143939,0,0
-53936,0,0
8267,0,0
78242,0,0
65937,0,0
107793,0,0
-92846,0,0
80703,0,0
-91294,0,0
-68112,0,0
242990,0,0
-103344,0,0
-135655,0,0
73717,0,0
-25296,0,0
4537,0,0
39079,0,0
-141735,0,0
-187944,0,0
-37741,0,0
8323,0,0
-7209,0,0
-66011,0,0
-15561,0,0
108776,0,0
-57758,0,0
78455,0,0
34285,0,0
-114805,0,0
-69350,0,0
-62945,0,0
-6005,0,0
76352,0,0
-96675,0,0
-38059,0,0
-14173,0,0
-11371,0,0
-61140,0,0
126162,0,0
46717,0,0
62769,0,0
22754,0,0
106551,0,0
-124670,0,0
-251517,0,0
-194304,0,0
111410,0,0
91538,0,0
190327,0,0
-36234,0,0
-154912,0,0
222160,0,0
-21698,0,0
-175306,0,0
40156,0,0
29204,0,0
142903,0,0
258041,0,0
-104212,0,0
43495,0,0
-158022,0,0
-18970,0,0
126141,0,0
127621,0,0
93662,0,0
32752,0,0
30768,0,0
-15249,0,0
154301,0,0
11931,0,0
24364,0,0
18154,0,0
-57497,0,0
3064,0,0
179439,0,0
66973,0,0
-6164,0,0
-24895,0,0
-14278,0,0
-138243,0,0
-42269,0,0
230898,0,0
7534,0,0
37467,0,0
-70698,0,0
-114986,0,0
-79985,0,0
51924,0,0
136422,0,0
-49807,0,0
-204166,0,0
-83462,0,0
-9767,0,0
60510,0,0
-72161,0,0
-249462,0,0
225186,0,0
25754,0,0
40870,0,0
-233712,0,0
-115068,0,0
-171177,0,0
-163401,0,0
-62959,0,0
142386,0,0
-201529,0,0
-10023,0,0
63511,0,0
-2604,0,0
-191243,0,0
-87294,0,0
-98706,0,0
82464,0,0
-10199,0,0
-39753,0,0
-27993,0,0
-204033,0,0
-19031,0,0
22185,0,0
-2659,0,0
-16444,0,0
-149961,0,0
44697,0,0
-23510,0,0
-94797,0,0
-176617,0,0
105176,0,0
81878,0,0
-30643,0,0
56756,0,0
-238149,0,0
25146,0,0
-121316,0,0
88,0,0
56783,0,0
-194959,0,0
-40039,0,0
130224,0,0
82467,0,0
4468,0,0
-13275,0,0
162863,0,0
-193748,0,0
-233581,0,0
101982,0,0
68377,0,0
-71039,0,0
126712,0,0
174517,0,0
-25362,0,0
-186712,0,0
-108381,0,0
65573,0,0
17006,0,0
13103,0,0
-24387,0,0
13170,0,0
128665,0,0
-170152,0,0
-122220,0,0
26794,0,0
-103601,0,0
67645,0,0
26545,0,0
-55167,0,0
-177798,0,0
-3529,0,0
-16342,0,0
-175547,0,0
-56091,0,0
142983,0,0
281561,0,0
69658,0,0
-219464,0,0
-171878,0,0
-73729,0,0
52145,0,0
86950,0,0
-208535,0,0
24815,0,0
53278,0,0
327562,0,0
192763,0,0
-148574,0,0
-139042,0,0
-157807,0,0
5472,0,0
-46540,0,0
-149838,0,0
97629,0,0
116558,0,0
-8641,0,0
77152,0,0
-187621,0,0
39927,0,0
102109,0,0
-13483,0,0
-97864,0,0
-210437,0,0
56931,0,0
65322,0,0
-77738,0,0
110235,0,0
-113228,0,0
65637,0,0
113592,0,0
137655,0,0
-140915,0,0
-151778,0,0
-34939,0,0
-100112,0,0
6867,0,0
-96323,0,0
75880,0,0
-36226,0,0
-15129,0,0
76450,0,0
37280,0,0
-105657,0,0
-69381,0,0
12016,0,0
-9506,0,0
-64680,0,0
38778,0,0
-70371,0,0
115616,0,0
16695,0,0
75202,0,0
-55838,0,0
-100145,0,0
-63712,0,0
68538,0,0
99703,0,0
-21000,0,0
59355,0,0
-32623,0,0
-85954,0,0
-11178,0,0
8662,0,0
-121049,0,0
43303,0,0
65704,0,0
-138471,0,0
-44211,0,0
100349,0,0
952,0,0
74416,0,0
-58124,0,0
-21535,0,0
14180,0,0
-17919,0,0
-20145,0,0
63443,0,0
127387,0,0
172641,0,0
5380,0,0
-98500,0,0
-109786,0,0
-196970,0,0
35282,0,0
291024,0,0
179562,0,0
161668,0,0
-139321,0,0
-205236,0,0
39290,0,0
-52276,0,0
125697,0,0
205283,0,0
49816,0,0
-159719,0,0
-295345,0,0
271528,0,0
426169,0,0
17015,0,0
146370,0,0
230570,0,0
-63748,0,0
-27038,0,0
109669,0,0
79396,0,0
151756,0,0
174544,0,0
10598,0,0
90336,0,0
292190,0,0
407519,0,0
-50714,0,0
-70549,0,0
137698,0,0
50179,0,0
132265,0,0
20997,0,0
363,0,0
91779,0,0
-159916,0,0
-30897,0,0
279469,0,0
-26505,0,0
-84865,0,0
24371,0,0
60671,0,0
-108816,0,0
-232503,0,0
-146340,0,0
164153,0,0
49912,0,0
72546,0,0
16235,0,0
-101430,0,0
-98232,0,0
-102678,0,0
-137312,0,0
-49833,0,0
-773,0,0
-98966,0,0
-27280,0,0
40110,0,0
-103012,0,0
-77455,0,0
-88153,0,0
-127960,0,0
-117259,0,0
-42940,0,0
50573,0,0
-280515,0,0
16044,0,0
153405,0,0
-3446,0,0
-182644,0,0
-83320,0,0
-109217,0,0
-24257,0,0
29971,0,0
92355,0,0
70568,0,0
1222,0,0
-19527,0,0
5259,0,0
45305,0,0
19777,0,0
-6385,0,0
-3788,0,0
-96161,0,0
32925,0,0
60921,0,0
14795,0,0
-157010,0,0
-319552,0,0
-71678,0,0
91242,0,0
-342059,0,0
-128119,0,0
186268,0,0
86497,0,0
100995,0,0
109766,0,0
-261436,0,0
-106312,0,0
-19340,0,0
-28531,0,0
-1563,0,0
159379,0,0
343945,0,0
66834,0,0
-131985,0,0
29298,0,0
204885,0,0
150761,0,0
112195,0,0
100992,0,0
32440,0,0
131773,0,0
81306,0,0
130668,0,0
-69445,0,0
-12666,0,0
54637,0,0
49597,0,0
111430,0,0
60255,0,0
-44060,0,0
-27488,0,0
-47942,0,0
-126800,0,0
21442,0,0
61739,0,0
50236,0,0
107157,0,0
-196311,0,0
-38163,0,0
5360,0,0
-46612,0,0
-218356,0,0
44593,0,0
-20798,0,0
138276,0,0
75283,0,0
-54607,0,0
-58305,0,0
-112864,0,0
61187,0,0
107857,0,0
-47838,0,0
-27989,0,0
9127,0,0
-71004,0,0
-49597,0,0
133504,0,0
75135,0,0
26334,0,0
-87218,0,0
-59393,0,0
-132702,0,0
-55958,0,0
-98500,0,0
166601,0,0
-17059,0,0
-53502,0,0
-64940,0,0
215845,0,0
-17777,0,0
-169421,0,0
42775,0,0
-108452,0,0
-80905,0,0
-65535,0,0
-36752,0,0
79,0,0
118197,0,0
122264,0,0
183637,0,0
34092,0,0
-215078,0,0
-72234,0,0
-121504,0,0
-117980,0,0
34406,0,0
81760,0,0
-127078,0,0
96175,0,0
87266,0,0
2909,0,0
137857,0,0
-107436,0,0
-93165,0,0
-68160,0,0
22469,0,0
-152553,0,0
-18665,0,0
63956,0,0
2314,0,0
-33526,0,0
4312,0,0
73778,0,0
9236,0,0
314971,0,0
-28557,0,0
-99001,0,0
-57608,0,0
-170225,0,0
36360,0,0
6492,0,0
-22167,0,0
85318,0,0
72174,0,0
47067,0,0
62620,0,0
36172,0,0
-12671,0,0
32483,0,0
52013,0,0
48426,0,0
-26792,0,0
12424,0,0
-20916,0,0
32903,0,0
340285,0,0
-158408,0,0
93226,0,0
4479,0,0
-6335,0,0
68066,0,0
326260,0,0
-23065,0,0
-31040,0,0
191705,0,0
-14062,0,0
163093,0,0
33349,0,0
52353,0,0
74694,0,0
35794,0,0
78627,0,0
67141,0,0
-140261,0,0
3809,0,0
189146,0,0
50970,0,0
15610,0,0
-38677,0,0
-64472,0,0
11955,0,0
-77668,0,0
-100275,0,0
97708,0,0
-22329,0,0
-97296,0,0
96977,0,0
33633,0,0
-206475,0,0
-76963,0,0
5405,0,0
151891,0,0
187221,0,0
-46773,0,0
-134347,0,0
-49052,0,0
53026,0,0
147132,0,0
104354,0,0
35214,0,0
-119324,0,0
-60564,0,0
132955,0,0
29677,0,0
-59747,0,0
-12577,0,0
-5654,0,0
29668,0,0
-143014,0,0
35298,0,0
525558,0,0
24298,0,0
-142280,0,0
-279567,0,0
-24822,0,0
57437,0,0
47487,0,0
-2125,0,0
-92925,0,0
33129,0,0
189218,0,0
274871,0,0
-15302,0,0
-232539,0,0
-171942,0,0
55503,0,0
207344,0,0
74564,0,0
20039,0,0
-59425,0,0
24904,0,0
31918,0,0
-26953,0,0
-93715,0,0
-61815,0,0
161739,0,0
-4025,0,0
19080,0,0
170960,0,0
115809,0,0
111602,0,0
-150712,0,0
108953,0,0
292095,0,0
-79796,0,0
-123106,0,0
42083,0,0
37929,0,0
157872,0,0
193215,0,0
39740,0,0
30487,0,0
34352,0,0
47491,0,0
202939,0,0
62242,0,0
-20079,0,0
-133742,0,0
41573,0,0
138976,0,0
23658,0,0
-110403,0,0
88019,0,0
-129790,0,0
4547,0,0
102437,0,0
144507,0,0
67664,0,0
-53213,0,0
10283,0,0
-58448,0,0
-63469,0,0
43918,0,0
72095,0,0
-105371,0,0
-146518,0,0
15730,0,0
76009,0,0
-94931,0,0
-11991,0,0
223262,0,0
118743,0,0
51004,0,0
-110258,0,0
-246267,0,0
-109251,0,0
-13876,0,0
-42559,0,0
26176,0,0
21665,0,0
139378,0,0
115865,0,0
155712,0,0
75021,0,0
-233589,0,0
-81379,0,0
-123918,0,0
-124013,0,0
-35838,0,0
140741,0,0
72898,0,0
60088,0,0
44817,0,0
66680,0,0
-160759,0,0
-147899,0,0
-112615,0,0
-83863,0,0
130234,0,0
116127,0,0
-80622,0,0
-169878,0,0
-42058,0,0
-52878,0,0
22649,0,0
150200,0,0
-134723,0,0
-142675,0,0
-63010,0,0
-93800,0,0
17090,0,0
139736,0,0
-105399,0,0
69414,0,0
-79244,0,0
-102777,0,0
10657,0,0
78432,0,0
-108457,0,0
36814,0,0
-27345,0,0
-156871,0,0
6843,0,0
254224,0,0
140895,0,0
-38170,0,0
21809,0,0
-64529,0,0
-19521,0,0
57853,0,0
-15622,0,0
82488,0,0
162298,0,0
99855,0,0
-23380,0,0
-152421,0,0
-12048,0,0
183994,0,0
-5128,0,0
-131017,0,0
86243,0,0
43998,0,0
73586,0,0
179474,0,0
-108239,0,0
-56233,0,0
28983,0,0
-14675,0,0
-107779,0,0
-165356,0,0
206587,0,0
-49026,0,0
138206,0,0
121589,0,0
-234189,0,0
11053,0,0
117559,0,0
39859,0,0
-24842,0,0
-195445,0,0
-104955,0,0
38883,0,0
75791,0,0
119230,0,0
55331,0,0
-41104,0,0
-149495,0,0
-133019,0,0
-56024,0,0
-48692,0,0
-8117,0,0
92751,0,0
172629,0,0
-209360,0,0
-259339,0,0
-113240,0,0
254793,0,0
60950,0,0
-142496,0,0
48119,0,0
-196132,0,0
-70573,0,0
113914,0,0
60849,0,0
-123174,0,0
15192,0,0
48613,0,0
-48521,0,0
16157,0,0
61207,0,0
-139783,0,0
-175814,0,0
11378,0,0
117105,0,0
-22036,0,0
-173037,0,0
-205300,0,0
-173173,0,0
-74285,0,0
157692,0,0
-61366,0,0
-224952,0,0
27273,0,0
-125609,0,0
80903,0,0
-221133,0,0
-524634,0,0
-142751,0,0
146179,0,0
54983,0,0
78289,0,0
186454,0,0
87235,0,0
53427,0,0
-129114,0,0
-174860,0,0
94715,0,0
125812,0,0
77976,0,0
72244,0,0
104528,0,0
49496,0,0
137003,0,0
128999,0,0
290140,0,0
136180,0,0
-71906,0,0
-19051,0,0
67822,0,0
39053,0,0
22935,0,0
-14255,0,0
5507,0,0
164468,0,0
92151,0,0
-104250,0,0
-10670,0,0
-84849,0,0
-72956,0,0
57030,0,0
-49162,0,0
-50437,0,0
44297,0,0
40566,0,0
-146791,0,0
-105909,0,0
104444,0,0
60345,0,0
-163936,0,0
-100588,0,0
118545,0,0
-156159,0,0
101738,0,0
126907,0,0
155504,0,0
-84560,0,0
-199337,0,0
-118972,0,0
596,0,0
87183,0,0
144774,0,0
-167693,0,0
-69940,0,0
-124635,0,0
-152976,0,0
290075,0,0
169077,0,0
-263802,0,0
129478,0,0
-14108,0,0
-281545,0,0
-153826,0,0
19211,0,0
22780,0,0
127566,0,0
98443,0,0
-249282,0,0
-150402,0,0
-23651,0,0
-122915,0,0
-29327,0,0
219591,0,0
298730,0,0
-229894,0,0
-242872,0,0
146067,0,0
-65763,0,0
-167088,0,0
-249155,0,0
-96520,0,0
245745,0,0
301359,0,0
-62940,0,0
-93275,0,0
-104542,0,0
-129356,0,0
-19198,0,0
-35571,0,0
-54461,0,0
95884,0,0
82745,0,0
-59396,0,0
-165010,0,0
-16405,0,0
-40443,0,0
-76316,0,0
-149328,0,0
6391,0,0
347918,0,0
148766,0,0
-310752,0,0
-52771,0,0
-17018,0,0
-4499,0,0
-29469,0,0
33644,0,0
64023,0,0
3561,0,0
-93241,0,0
121213,0,0
260557,0,0
152942,0,0
-55430,0,0
-166014,0,0
18551,0,0
250421,0,0
-9290,0,0
122682,0,0
15482,0,0
-27467,0,0
144678,0,0
-41581,0,0
30294,0,0
198406,0,0
134747,0,0
6612,0,0
74274,0,0
11800,0,0
9296,0,0
141673,0,0
286,0,0
91796,0,0
72459,0,0
44572,0,0
-13515,0,0
10954,0,0
6309,0,0
-26460,0,0
33271,0,0
-100614,0,0
123232,0,0
300053,0,0
-143269,0,0
105665,0,0
198568,0,0
-113463,0,0
-111384,0,0
-94485,0,0
-62612,0,0
-25503,0,0
104708,0,0
93201,0,0
18716,0,0
-171598,0,0
56820,0,0
14754,0,0
68975,0,0
23072,0,0
158557,0,0
-37905,0,0
-124283,0,0
-50273,0,0
6628,0,0
156958,0,0
-2693,0,0
-119024,0,0
2392,0,0
2347,0,0
-32474,0,0
-31150,0,0
-124085,0,0
-183780,0,0
-285496,0,0
-2281,0,0
519268,0,0
-47952,0,0
-276627,0,0
-179255,0,0
-205022,0,0
-20005,0,0
-6741,0,0
-234723,0,0
-265644,0,0
-97257,0,0
-63816,0,0
93215,0,0
106999,0,0
523,0,0
-6181,0,0
-86353,0,0
50001,0,0
47867,0,0
-73573,0,0
-145193,0,0
27311,0,0
-20607,0,0
-35225,0,0
113420,0,0
144916,0,0
179470,0,0
-88731,0,0
-25085,0,0
112341,0,0
172253,0,0
440,0,0
11680,0,0
24267,0,0
-42964,0,0
-5392,0,0
73270,0,0
65782,0,0
79191,0,0
57286,0,0
-189318,0,0
-187525,0,0
-47807,0,0
180294,0,0
57615,0,0
-126446,0,0
-378206,0,0
-213315,0,0
406827,0,0
312665,0,0
-71897,0,0
-332236,0,0
-8484,0,0
-11547,0,0
33469,0,0
80758,0,0
22519,0,0
-38137,0,0
38466,0,0
123028,0,0
196880,0,0
143764,0,0
-80705,0,0
-184247,0,0
-25543,0,0
274075,0,0
592091,0,0
-124446,0,0
-131101,0,0
99484,0,0
-35380,0,0
-72842,0,0
31421,0,0
-27361,0,0
-65200,0,0
69481,0,0
61591,0,0
-21430,0,0
-46899,0,0
171194,0,0
-43050,0,0
-232047,0,0
-132712,0,0
130783,0,0
106767,0,0
-313823,0,0
68496,0,0
37646,0,0
-222910,0,0
-218065,0,0
180459,0,0
-55906,0,0
-34527,0,0
-54368,0,0
-162234,0,0
-97068,0,0
-40215,0,0
26961,0,0
139319,0,0
116174,0,0
-185206,0,0
-218531,0,0
-100963,0,0
-1523,0,0
12111,0,0
93371,0,0
-189211,0,0
-84206,0,0
83559,0,0
-85775,0,0
-189353,0,0
-105098,0,0
-69161,0,0
165816,0,0
156664,0,0
-189245,0,0
-170491,0,0
25011,0,0
-94082,0,0
-87584,0,0
109415,0,0
-6688,0,0
-140962,0,0
-95915,0,0
-103264,0,0
78965,0,0
-32382,0,0
32586,0,0
-10018,0,0
-31800,0,0
106751,0,0
-19787,0,0
107217,0,0
132446,0,0
17329,0,0
-189093,0,0
-177120,0,0
-13560,0,0
-10326,0,0
69432,0,0
166374,0,0
315378,0,0
150043,0,0
-135367,0,0
-17806,0,0
-45471,0,0
48699,0,0
121335,0,0
114158,0,0
-220196,0,0
-122581,0,0
-24477,0,0
-8977,0,0
286420,0,0
180455,0,0
-4365,0,0
-60821,0,0
7660,0,0
71733,0,0
-14452,0,0
-63565,0,0
99625,0,0
81081,0,0
108719,0,0
-15664,0,0
138951,0,0
2694,0,0
99916,0,0
181128,0,0
165943,0,0
-73650,0,0
-78334,0,0
235410,0,0
2757,0,0
147120,0,0
52499,0,0
-246702,0,0
-124388,0,0
21715,0,0
20116,0,0
196645,0,0
243715,0,0
-132872,0,0
-137987,0,0
-71694,0,0
-47561,0,0
-43035,0,0
-26495,0,0
-25333,0,0
-39787,0,0
-22085,0,0
-53978,0,0
-85781,0,0
-114933,0,0
12346,0,0
-42013,0,0
-106277,0,0
-34327,0,0
-107761,0,0
-9095,0,0
195132,0,0
-274718,0,0
-210988,0,0
-225151,0,0
21855,0,0
-152547,0,0
-94871,0,0
230695,0,0
59509,0,0
-180594,0,0
-37378,0,0
-203361,0,0
-253169,0,0
17773,0,0
189477,0,0
15615,0,0
7933,0,0
-100043,0,0
68325,0,0
57495,0,0
-13296,0,0
-113959,0,0
-151382,0,0
-141335,0,0
-55092,0,0
130721,0,0
12107,0,0
162570,0,0
-18375,0,0
234589,0,0
181382,0,0
-30604,0,0
-101798,0,0
-113336,0,0
-23753,0,0
73770,0,0
26350,0,0
38628,0,0
273093,0,0
41682,0,0
171430,0,0
312778,0,0
98722,0,0
-33696,0,0
-35984,0,0
-37303,0,0
-10058,0,0
82198,0,0
-34670,0,0
-29622,0,0
94704,0,0
265841,0,0
200904,0,0
-68530,0,0
-69645,0,0
69546,0,0
16454,0,0
-121391,0,0
46150,0,0
53737,0,0
272021,0,0
89820,0,0
-4194,0,0
12220,0,0
-106124,0,0
-92451,0,0
7058,0,0
151171,0,0
94943,0,0
-44579,0,0
-114455,0,0
199705,0,0
41785,0,0
-90078,0,0
-196363,0,0
-44370,0,0
-27929,0,0
-189701,0,0
-109965,0,0
142183,0,0
60954,0,0
-162852,0,0
-294130,0,0
-112964,0,0
-61128,0,0
126949,0,0
-344132,0,0
-178588,0,0
11267,0,0
-244488,0,0
-97322,0,0
-30985,0,0
249702,0,0
-104455,0,0
-472151,0,0
-356735,0,0
-109605,0,0
183250,0,0
209934,0,0
23774,0,0
-351443,0,0
-288736,0,0
-304581,0,0
68021,0,0
455295,0,0
109973,0,0
-20895,0,0
-95033,0,0
-122131,0,0
-104095,0,0
34107,0,0
4742,0,0
-14700,0,0
-6950,0,0
128172,0,0
58540,0,0
-45445,0,0
105894,0,0
202658,0,0
17079,0,0
-111645,0,0
-129293,0,0
107262,0,0
65873,0,0
-8202,0,0
129247,0,0
53108,0,0
23062,0,0
-91883,0,0
63310,0,0
113005,0,0
-106015,0,0
88620,0,0
88218,0,0
7903,0,0
-98343,0,0
289686,0,0
153689,0,0
-71923,0,0
-164755,0,0
2720,0,0
114362,0,0
186812,0,0
-20463,0,0
-88312,0,0
-99609,0,0
80047,0,0
35775,0,0
40940,0,0
119187,0,0
-365020,0,0
-145167,0,0
149368,0,0
42642,0,0
59223,0,0
-82944,0,0
-168381,0,0
-13299,0,0
-72855,0,0
-208804,0,0
92312,0,0
267068,0,0
-16725,0,0
-192592,0,0
-130651,0,0
-302327,0,0
99723,0,0
272458,0,0
281988,0,0
198778,0,0
-238817,0,0
-115481,0,0
20979,0,0
66350,0,0
253628,0,0
-23400,0,0
-18781,0,0
29955,0,0
74308,0,0
-18040,0,0
-12498,0,0
138969,0,0
83097,0,0
178524,0,0
-41810,0,0
-196777,0,0
-186652,0,0
36546,0,0
154512,0,0
115186,0,0
-8493,0,0
-235952,0,0
-85770,0,0
142978,0,0
-294443,0,0
-340596,0,0
-42599,0,0
145667,0,0
167275,0,0
203009,0,0
-71469,0,0
-163708,0,0
-389908,0,0
-91945,0,0
145063,0,0
-2242,0,0
-80722,0,0
156473,0,0
64710,0,0
-100705,0,0
-3306,0,0
44206,0,0
7241,0,0
-46199,0,0
-21994,0,0
-183380,0,0
-58965,0,0
84364,0,0
186642,0,0
48488,0,0
-75665,0,0
-15923,0,0
-110679,0,0
-377208,0,0
-112633,0,0
53427,0,0
332892,0,0
122925,0,0
-216318,0,0
11838,0,0
-51508,0,0
-47794,0,0
81137,0,0
-125223,0,0
-162499,0,0
79662,0,0
178466,0,0
78370,0,0
-116635,0,0
-130982,0,0
261482,0,0
1087,0,0
89773,0,0
13333,0,0
-62205,0,0
-3795,0,0
-196192,0,0
162709,0,0
301903,0,0
35914,0,0
174332,0,0
178925,0,0
20105,0,0
-119606,0,0
61641,0,0
128544,0,0
88973,0,0
103199,0,0
177033,0,0
189078,0,0
148197,0,0
23773,0,0
-105796,0,0
27429,0,0
20923,0,0
267260,0,0
265290,0,0
-112417,0,0
-138198,0,0
-159812,0,0
40201,0,0
320601,0,0
77122,0,0
-13285,0,0
-44466,0,0
25170,0,0
-7188,0,0
68599,0,0
49070,0,0
112580,0,0
73638,0,0
157411,0,0
42751,0,0
5610,0,0
84109,0,0
27491,0,0
34355,0,0
37405,0,0
-42810,0,0
-50440,0,0
-35848,0,0
9887,0,0
-72288,0,0
201638,0,0
48734,0,0
33792,0,0
-11622,0,0
170375,0,0
-116539,0,0
-185626,0,0
68069,0,0
-16320,0,0
-94867,0,0
-13347,0,0
63358,0,0
200507,0,0
54303,0,0
32514,0,0
-68135,0,0
-41639,0,0
-42589,0,0
23563,0,0
97118,0,0
-119166,0,0
-139887,0,0
-63623,0,0
-165402,0,0
130016,0,0
85469,0,0
-54848,0,0
61514,0,0
-76958,0,0
-72777,0,0
62811,0,0
57864,0,0
-156138,0,0
-142975,0,0
-101043,0,0
94733,0,0
169071,0,0
-98867,0,0
-227794,0,0
175553,0,0
302784,0,0
89076,0,0
60201,0,0
-125638,0,0
-35338,0,0
-19224,0,0
-180585,0,0
150861,0,0
172188,0,0
12898,0,0
88682,0,0
-45471,0,0
115347,0,0
59407,0,0
-83798,0,0
-116519,0,0
-23712,0,0
20098,0,0
113074,0,0
94730,0,0
341023,0,0
20521,0,0
-103851,0,0
-134785,0,0
-149938,0,0
112766,0,0
-12667,0,0
65752,0,0
82123,0,0
25666,0,0
-82320,0,0
-90646,0,0
-131139,0,0
323902,0,0
302914,0,0
-462592,0,0
-160664,0,0
224295,0,0
7091,0,0
44010,0,0
73464,0,0
-105932,0,0
-25634,0,0
-164365,0,0
-179695,0,0
-27430,0,0
9189,0,0
32641,0,0
49354,0,0
-196661,0,0
-193872,0,0
-599,0,0
164451,0,0
54695,0,0
-113024,0,0
-290916,0,0
-270612,0,0
-259155,0,0
-115739,0,0
-12990,0,0
65525,0,0
-45542,0,0
-122403,0,0
53650,0,0
-228935,0,0
-151024,0,0
11749,0,0
-192467,0,0
16868,0,0
-143807,0,0
-3782,0,0
249953,0,0
15415,0,0
-123299,0,0
-32357,0,0
46113,0,0
118395,0,0
19040,0,0
-10137,0,0
152675,0,0
64425,0,0
-91535,0,0
-62617,0,0
51184,0,0
25427,0,0
-9586,0,0
77343,0,0
80001,0,0
-27992,0,0
109478,0,0
70089,0,0
-35360,0,0
-184581,0,0
-11864,0,0
226672,0,0
-157150,0,0
-66402,0,0
-15721,0,0
36624,0,0
-5142,0,0
70196,0,0
-93149,0,0
-6717,0,0
5755,0,0
-75951,0,0
184682,0,0
64800,0,0
-221099,0,0
-50300,0,0
53685,0,0
154273,0,0
74639,0,0
-159435,0,0
-36334,0,0
138051,0,0
151199,0,0
-8126,0,0
29834,0,0
153533,0,0
87495,0,0
234238,0,0
10360,0,0
138585,0,0
55201,0,0
-27483,0,0
162881,0,0
93026,0,0
129690,0,0
79607,0,0
19385,0,0
267158,0,0
69944,0,0
-87593,0,0
29409,0,0
47676,0,0
-25358,0,0
136186,0,0
67855,0,0
17309,0,0
60892,0,0
37931,0,0
-65586,0,0
15458,0,0
15835,0,0
-12506,0,0
-42437,0,0
-104115,0,0
-117710,0,0
138648,0,0
93374,0,0
41900,0,0
-107070,0,0
-104090,0,0
13739,0,0
-203304,0,0
-176640,0,0
261033,0,0
174760,0,0
-131416,0,0
-157545,0,0
-91418,0,0
-111235,0,0
42470,0,0
42699,0,0
33252,0,0
172823,0,0
25025,0,0
-86654,0,0
-93060,0,0
-102637,0,0
-174303,0,0
51050,0,0
120370,0,0
168459,0,0
-81812,0,0
-26702,0,0
-70332,0,0
-68441,0,0
23147,0,0
-223055,0,0
-19211,0,0
132881,0,0
8037,0,0
49415,0,0
12101,0,0
-25685,0,0
-141867,0,0
-152128,0,0
-23508,0,0
38725,0,0
-78824,0,0
-123264,0,0
-88380,0,0
203448,0,0
278652,0,0
-177092,0,0
-78818,0,0
129140,0,0
-143830,0,0
-100182,0,0
-134125,0,0
-86196,0,0
181109,0,0
-221468,0,0
27095,0,0
239347,0,0
140503,0,0
-151047,0,0
-192751,0,0
-147877,0,0
-117497,0,0
264578,0,0
383589,0,0
-107069,0,0
-172446,0,0
-13504,0,0
-105990,0,0
-73224,0,0
8569,0,0
30697,0,0
16074,0,0
31788,0,0
182092,0,0
217624,0,0
122244,0,0
5787,0,0
-243988,0,0
-100694,0,0
108888,0,0
-8654,0,0
66347,0,0
-12871,0,0
102163,0,0
132495,0,0
88718,0,0
-44510,0,0
-96421,0,0
-41720,0,0
8556,0,0
110252,0,0
36117,0,0
-11841,0,0
46994,0,0
-29107,0,0
-85391,0,0
58681,0,0
61898,0,0
37838,0,0
-28508,0,0
-223893,0,0
-63472,0,0
179541,0,0
317338,0,0
113290,0,0
-39485,0,0
-56599,0,0
-73232,0,0
-35519,0,0
-43774,0,0
-83357,0,0
62165,0,0
-31528,0,0
6132,0,0
303577,0,0
239826,0,0
-17712,0,0
-259890,0,0
-109975,0,0
14033,0,0
-67098,0,0
24429,0,0
2286,0,0
95180,0,0
32614,0,0
-56604,0,0
-124286,0,0
54520,0,0
-82148,0,0
74612,0,0
-141614,0,0
-186272,0,0
-242104,0,0
24522,0,0
18860,0,0
-82789,0,0
35316,0,0
-2031,0,0
35856,0,0
-67730,0,0
-245996,0,0
-18259,0,0
135997,0,0
70315,0,0
204999,0,0
-113210,0,0
-112414,0,0
75590,0,0
28948,0,0
221480,0,0
195065,0,0
40481,0,0
25865,0,0
11494,0,0
100249,0,0
158782,0,0
-98568,0,0
2796,0,0
27090,0,0
-160272,0,0
265272,0,0
-27450,0,0
-109442,0,0
-3797,0,0
157275,0,0
-25477,0,0
89797,0,0
-45517,0,0
-255182,0,0
-67787,0,0
75667,0,0
8462,0,0
28523,0,0
35324,0,0
-44565,0,0
-74053,0,0
-13545,0,0
-47118,0,0
-37651,0,0
-76874,0,0
-12485,0,0
-70952,0,0
77777,0,0
45908,0,0
-140842,0,0
-252284,0,0
-20213,0,0
-18331,0,0
102247,0,0
189660,0,0
68842,0,0
-185749,0,0
-108504,0,0
-71071,0,0
-32259,0,0
91572,0,0
128939,0,0
-39524,0,0
-60161,0,0
47509,0,0
1118,0,0
52624,0,0
151468,0,0
258934,0,0
-177008,0,0
-220668,0,0
-18027,0,0
136900,0,0
-57723,0,0
-102363,0,0
33642,0,0
-49161,0,0
-45478,0,0
-50058,0,0
-32731,0,0
104210,0,0
35291,0,0
-203257,0,0
-241521,0,0
170010,0,0
-48242,0,0
-272392,0,0
-203629,0,0
-77613,0,0
155759,0,0
94175,0,0
100673,0,0
8166,0,0
-120987,0,0
-6101,0,0
40031,0,0
-82770,0,0
-54351,0,0
-40257,0,0
177968,0,0
198080,0,0
137046,0,0
70992,0,0
-51026,0,0
-116877,0,0
-34101,0,0
104588,0,0
88886,0,0
27893,0,0
-146944,0,0
87113,0,0
252707,0,0
-40,0,0
-41071,0,0
-59647,0,0
-78580,0,0
82110,0,0
847,0,0
-15979,0,0
-68644,0,0
50456,0,0
292836,0,0
1225,0,0
-135777,0,0
106756,0,0
-9902,0,0
63973,0,0
-37789,0,0
16755,0,0
114978,0,0
-19463,0,0
-55594,0,0
-55074,0,0
-38450,0,0
6380,0,0
-117271,0,0
33368,0,0
1564,0,0
-54952,0,0
-171131,0,0
72608,0,0
12249,0,0
-108741,0,0
-18337,0,0
-28757,0,0
-26696,0,0
177075,0,0
-39365,0,0
-257707,0,0
-84171,0,0
-77190,0,0
126237,0,0
7749,0,0
-36359,0,0
-80034,0,0
144617,0,0
-43636,0,0
-186676,0,0
-6623,0,0
-143353,0,0
223664,0,0
147605,0,0
-60486,0,0
60713,0,0
-105608,0,0
-172854,0,0
-57218,0,0
-27144,0,0
-4391,0,0
122193,0,0
48173,0,0
-34930,0,0
-104166,0,0
-145725,0,0
31075,0,0
204141,0,0
-186125,0,0
-269626,0,0
-116613,0,0
232143,0,0
-17812,0,0
-163812,0,0
-50232,0,0
-26523,0,0
-135770,0,0
-22321,0,0
-49185,0,0
51345,0,0
-84843,0,0
-18556,0,0
85990,0,0
-17932,0,0
25593,0,0
-8500,0,0
-3529,0,0
55705,0,0
39609,0,0
-87795,0,0
-47438,0,0
29888,0,0
166410,0,0
15691,0,0
-71734,0,0
159813,0,0
-213029,0,0
-231310,0,0
-196773,0,0
-107794,0,0
132957,0,0
274699,0,0
25981,0,0
88733,0,0
-230253,0,0
-146776,0,0
-111859,0,0
-194498,0,0
45855,0,0
192665,0,0
-48713,0,0
-46131,0,0
38470,0,0
52007,0,0
-35399,0,0
198422,0,0
-121381,0,0
-100062,0,0
30581,0,0
17245,0,0
139544,0,0
14950,0,0
-164136,0,0
42677,0,0
31321,0,0
-135335,0,0
51285,0,0
20528,0,0
205115,0,0
-41639,0,0
-43844,0,0
131237,0,0
44749,0,0
-121708,0,0
60054,0,0
177983,0,0
177403,0,0
20070,0,0
-22287,0,0
112861,0,0
94484,0,0
74928,0,0
96463,0,0
100951,0,0
60219,0,0
12609,0,0
80429,0,0
43471,0,0
3252,0,0
-135682,0,0
68969,0,0
100228,0,0
-87505,0,0
160995,0,0
-63725,0,0
-3999,0,0
-63278,0,0
-85922,0,0
-219821,0,0
-60532,0,0
169585,0,0
28882,0,0
-122959,0,0
115949,0,0
73238,0,0
23440,0,0
-71418,0,0
-145908,0,0
44790,0,0
56084,0,0
10635,0,0
40968,0,0
4536,0,0
-20097,0,0
111755,0,0
-22366,0,0
-33911,0,0
-59435,0,0
-14709,0,0
-11999,0,0
59317,0,0
24085,0,0
-199333,0,0
-66067,0,0
94550,0,0
-100340,0,0
924,0,0
-81992,0,0
-129581,0,0
-115580,0,0
208207,0,0
32543,0,0
-83436,0,0
-281379,0,0
-19729,0,0
-211544,0,0
188290,0,0
181764,0,0
26848,0,0
22382,0,0
-90774,0,0
-71492,0,0
117029,0,0
131241,0,0
-46138,0,0
-36935,0,0
-23387,0,0
82114,0,0
57070,0,0
62676,0,0
40928,0,0
82756,0,0
-54465,0,0
-127351,0,0
-128053,0,0
-37399,0,0
116133,0,0
196155,0,0
199244,0,0
-254000,0,0
64792,0,0
67780,0,0
-183527,0,0
43043,0,0
122656,0,0
25316,0,0
-3628,0,0
-62969,0,0
292801,0,0
276291,0,0
15313,0,0
-26570,0,0
13588,0,0
42922,0,0
103101,0,0
307112,0,0
2095,0,0
-82667,0,0
212016,0,0
108215,0,0
85729,0,0
213971,0,0
-68357,0,0
-133178,0,0
114056,0,0
277589,0,0
199994,0,0
34266,0,0
-97681,0,0
-6039,0,0
74307,0,0
107061,0,0
114692,0,0
171273,0,0
99515,0,0
28728,0,0
-90344,0,0
-72714,0,0
-55245,0,0
67687,0,0
-26059,0,0
21767,0,0
83005,0,0
120578,0,0
197946,0,0
-139203,0,0
-242017,0,0
-191461,0,0
-42779,0,0
211803,0,0
-12353,0,0
-36787,0,0
37267,0,0
1059,0,0
169495,0,0
-44380,0,0
-89235,0,0
-163934,0,0
-48841,0,0
42098,0,0
-197490,0,0
-71662,0,0
30935,0,0
185097,0,0
172367,0,0
-38689,0,0
-62799,0,0
-150247,0,0
-241609,0,0
-21364,0,0
66246,0,0
58101,0,0
61977,0,0
-35558,0,0
-131187,0,0
66917,0,0
115739,0,0
-137509,0,0
-68065,0,0
163721,0,0
183265,0,0
-109272,0,0
17408,0,0
108205,0,0
-94433,0,0
3399,0,0
143071,0,0
31142,0,0
-151153,0,0
-12755,0,0
-90108,0,0
-158086,0,0
-99857,0,0
223206,0,0
-13958,0,0
82758,0,0
-35025,0,0
36560,0,0
62,0,0
-144025,0,0
-115115,0,0
-108837,0,0
-221793,0,0
3575,0,0
195359,0,0
-35416,0,0
-226201,0,0
-78073,0,0
-42202,0,0
43559,0,0
-39295,0,0
-25981,0,0
113565,0,0
-36230,0,0
-250889,0,0
-67527,0,0
14145,0,0
-52410,0,0
58691,0,0
-44619,0,0
-98761,0,0
-46815,0,0
107514,0,0
121806,0,0
58164,0,0
-143208,0,0
-117873,0,0
-64800,0,0
22971,0,0
105922,0,0
62969,0,0
-201220,0,0
-151464,0,0
-83168,0,0
120082,0,0
17507,0,0
-251014,0,0
-174263,0,0
6100,0,0
-63246,0,0
-14790,0,0
149094,0,0
-264962,0,0
-359386,0,0
30064,0,0
93396,0,0
142075,0,0
-170711,0,0
-32440,0,0
-259,0,0
-226924,0,0
35466,0,0
217399,0,0
-166273,0,0
-155238,0,0
88440,0,0
123098,0,0
24272,0,0
60598,0,0
14503,0,0
-69973,0,0
78215,0,0
2405,0,0
-308,0,0
-45338,0,0
-4938,0,0
134005,0,0
-77484,0,0
-129699,0,0
17879,0,0
162768,0,0
87806,0,0
13683,0,0
-79821,0,0
72133,0,0
-96285,0,0
-248070,0,0
-62160,0,0
-131708,0,0
32078,0,0
60759,0,0
-29567,0,0
33448,0,0
-212892,0,0
-97874,0,0
-74361,0,0
-111952,0,0
-279328,0,0
-99954,0,0
103816,0,0
-12982,0,0
77719,0,0
-59685,0,0
-18580,0,0
41616,0,0
-145940,0,0
-281293,0,0
-47325,0,0
72298,0,0
199289,0,0
198278,0,0
73381,0,0
-176564,0,0
-124059,0,0
-68448,0,0
43703,0,0
70188,0,0
202159,0,0
46049,0,0
32035,0,0
102043,0,0
-45671,0,0
79425,0,0
-29149,0,0
8352,0,0
87125,0,0
41920,0,0
8017,0,0
-98955,0,0
12723,0,0
156931,0,0
303156,0,0
35207,0,0
-127847,0,0
43026,0,0
65473,0,0
-43273,0,0
41234,0,0
39828,0,0
108892,0,0
76110,0,0
-133261,0,0
-29729,0,0
85198,0,0
4709,0,0
-46230,0,0
-136729,0,0
-54795,0,0
192823,0,0
143494,0,0
-27528,0,0
-38293,0,0
-134861,0,0
-244233,0,0
-161050,0,0
22566,0,0
59283,0,0
-19910,0,0
-153093,0,0
-115435,0,0
30676,0,0
-209673,0,0
105007,0,0
116298,0,0
-288499,0,0
-76152,0,0
60873,0,0
-134367,0,0
-249163,0,0
31962,0,0
34303,0,0
-66071,0,0
13333,0,0
-18615,0,0
180425,0,0
-341713,0,0
-189094,0,0
22529,0,0
90166,0,0
231016,0,0
-127711,0,0
-257603,0,0
-300778,0,0
109798,0,0
364305,0,0
113400,0,0
-59121,0,0
18778,0,0
16110,0,0
53379,0,0
-15667,0,0
-7105,0,0
-26134,0,0
139028,0,0
68862,0,0
63155,0,0
1982,0,0
-35720,0,0
279957,0,0
267201,0,0
199943,0,0
2772,0,0
-44650,0,0
-77249,0,0
84081,0,0
44418,0,0
112528,0,0
118124,0,0
45555,0,0
51713,0,0
61363,0,0
46324,0,0
-14493,0,0
164957,0,0
-22413,0,0
-127307,0,0
-39342,0,0
99275,0,0
58351,0,0
-60803,0,0
-14999,0,0
56806,0,0
55734,0,0
76383,0,0
-63835,0,0
-45100,0,0
-40591,0,0
-98576,0,0
-34906,0,0
142458,0,0
116414,0,0
-2780,0,0
-21133,0,0
239942,0,0
-9060,0,0
-169682,0,0
7715,0,0
-92863,0,0
-23182,0,0
38630,0,0
226122,0,0
50094,0,0
37732,0,0
-159983,0,0
-51352,0,0
-152651,0,0
-24904,0,0
137029,0,0
-159665,0,0
-114436,0,0
120233,0,0
-41310,0,0
-61844,0,0
134394,0,0
13613,0,0
-113710,0,0
-133635,0,0
-45998,0,0
13857,0,0
69351,0,0
31265,0,0
133513,0,0
148960,0,0
-46990,0,0
-42678,0,0
-50332,0,0
-101189,0,0
168808,0,0
198351,0,0
35009,0,0
-18475,0,0
17692,0,0
-70470,0,0
-157095,0,0
-254885,0,0
-59527,0,0
241509,0,0
189576,0,0
-60393,0,0
-208100,0,0
-116986,0,0
30219,0,0
253949,0,0
-122400,0,0
-223914,0,0
-3742,0,0
-21761,0,0
-16648,0,0
37943,0,0
14040,0,0
-34036,0,0
-16934,0,0
77980,0,0
87652,0,0
82737,0,0
-5406,0,0
-24876,0,0
-66139,0,0
54804,0,0
-32379,0,0
-6200,0,0
68759,0,0
-42529,0,0
-56240,0,0
-58799,0,0
-167136,0,0
-12862,0,0
136560,0,0
22602,0,0
124826,0,0
-105794,0,0
-213179,0,0
-78942,0,0
151829,0,0
191514,0,0
8628,0,0
-107055,0,0
-207786,0,0
7713,0,0
-21445,0,0
9424,0,0
152347,0,0
-147112,0,0
-100395,0,0
121909,0,0
108148,0,0
22720,0,0
22078,0,0
-12927,0,0
-132715,0,0
-2124,0,0
99372,0,0
-14879,0,0
32221,0,0
119030,0,0
-74142,0,0
-37410,0,0
38339,0,0
123946,0,0
-100237,0,0
71726,0,0
117088,0,0
32864,0,0
-172778,0,0
129798,0,0
86196,0,0
120778,0,0
47227,0,0
92390,0,0
-46779,0,0
-41951,0,0
-73316,0,0
-13439,0,0
127423,0,0
85927,0,0
-70457,0,0
-98702,0,0
-124660,0,0
83513,0,0
119695,0,0
45711,0,0
18306,0,0
-230440,0,0
-36544,0,0
85800,0,0
22040,0,0
-59177,0,0
-61419,0,0
-265726,0,0
32775,0,0
394844,0,0
37535,0,0
-304047,0,0
-28765,0,0
46987,0,0
171557,0,0
122965,0,0
-154648,0,0
-21048,0,0
61461,0,0
122629,0,0
158804,0,0
183590,0,0
1712,0,0
-135594,0,0
34753,0,0
-59228,0,0
98743,0,0
47901,0,0
221059,0,0
39687,0,0
-142165,0,0
102672,0,0
70935,0,0
180526,0,0
-19463,0,0
-30209,0,0
93453,0,0
-158742,0,0
-61110,0,0
-736,0,0
45980,0,0
81890,0,0
120553,0,0
-29807,0,0
-165401,0,0
53037,0,0
58321,0,0
-66420,0,0
-63566,0,0
11686,0,0
-85354,0,0
-43081,0,0
-22449,0,0
-91985,0,0
-100531,0,0
-2151,0,0
-213110,0,0
-163748,0,0
-70473,0,0
92296,0,0
163721,0,0
12962,0,0
-122272,0,0
-111726,0,0
-320153,0,0
-166956,0,0
47702,0,0
118031,0,0
-85309,0,0
-44347,0,0
206043,0,0
15561,0,0
32711,0,0
-51159,0,0
-244454,0,0
-72160,0,0
38304,0,0
106785,0,0
144590,0,0
-84948,0,0
224913,0,0
38733,0,0
-116354,0,0
-136777,0,0
-163196,0,0
-83646,0,0
-100100,0,0
224546,0,0
269653,0,0
145736,0,0
-40520,0,0
-167644,0,0
-224951,0,0
-75568,0,0
12368,0,0
-48313,0,0
167235,0,0
244523,0,0
-59957,0,0
23210,0,0
72590,0,0
-69119,0,0
-245316,0,0
28406,0,0
-25978,0,0
66505,0,0
83982,0,0
-122698,0,0
167306,0,0
147841,0,0
73896,0,0
-28434,0,0
-177456,0,0
53645,0,0
-40244,0,0
-22393,0,0
192196,0,0
124400,0,0
-191642,0,0
-74024,0,0
83473,0,0
187591,0,0
94044,0,0
131923,0,0
-80245,0,0
-185464,0,0
-57176,0,0
256079,0,0
248344,0,0
36871,0,0
-34456,0,0
-46511,0,0
31747,0,0
18960,0,0
-11618,0,0
20375,0,0
-18762,0,0
87262,0,0
163126,0,0
-53256,0,0
-77708,0,0
176648,0,0
33870,0,0
-98529,0,0
-96012,0,0
-137880,0,0
69307,0,0
-18405,0,0
-157093,0,0
25153,0,0
44394,0,0
-148314,0,0
-2683,0,0
34300,0,0
34387,0,0
3733,0,0
-123472,0,0
-143470,0,0
-21555,0,0
18454,0,0
-122411,0,0
-80732,0,0
82339,0,0
-5276,0,0
-65519,0,0
-101332,0,0
-92146,0,0
161490,0,0
183665,0,0
14624,0,0
-85591,0,0
-131087,0,0
-120766,0,0
86979,0,0
74,0,0
-187550,0,0
-133892,0,0
174485,0,0
-141705,0,0
26308,0,0
299456,0,0
298700,0,0
-205022,0,0
-262279,0,0
-127714,0,0
-14125,0,0
-74104,0,0
-275173,0,0
-35872,0,0
250506,0,0
85045,0,0
-56079,0,0
-86041,0,0
-80376,0,0
-238205,0,0
81864,0,0
151966,0,0
-174252,0,0
-33495,0,0
90440,0,0
12423,0,0
-51394,0,0
-84292,0,0
-19900,0,0
26372,0,0
12145,0,0
83633,0,0
-17503,0,0
207238,0,0
43231,0,0
-154827,0,0
64059,0,0
-19850,0,0
62588,0,0
221479,0,0
27210,0,0
-132688,0,0
-106022,0,0
59030,0,0
-113025,0,0
248699,0,0
217055,0,0
-63832,0,0
-68312,0,0
-36984,0,0
2683,0,0
-49778,0,0
-6385,0,0
-65636,0,0
-23017,0,0
52897,0,0
90310,0,0
93068,0,0
-108788,0,0
-181396,0,0
-32037,0,0
-122504,0,0
147163,0,0
-26719,0,0
-38049,0,0
-148054,0,0
-14652,0,0
119786,0,0
29991,0,0
-21591,0,0
-34589,0,0
-18948,0,0
-76691,0,0
-195520,0,0
57888,0,0
176347,0,0
220173,0,0
-45464,0,0
-244407,0,0
-17254,0,0
-82802,0,0
37394,0,0
39165,0,0
781,0,0
20352,0,0
-4205,0,0
235361,0,0
-2296,0,0
71191,0,0
-133731,0,0
-231899,0,0
40731,0,0
147076,0,0
-4672,0,0
-219442,0,0
-150149,0,0
44637,0,0
310126,0,0
399559,0,0
-97141,0,0
-349288,0,0
-193468,0,0
-44625,0,0
-20667,0,0
-86185,0,0
145369,0,0
29068,0,0
124796,0,0
-29693,0,0
-34171,0,0
-938,0,0
-113813,0,0
7758,0,0
60315,0,0
35467,0,0
-94841,0,0
-39569,0,0
113610,0,0
-99673,0,0
140540,0,0
123939,0,0
-45385,0,0
-184814,0,0
-62478,0,0
29065,0,0
115834,0,0
13264,0,0
-16731,0,0
45455,0,0
40878,0,0
-125650,0,0
-207656,0,0
-44064,0,0
66074,0,0
62112,0,0
97284,0,0
126230,0,0
57981,0,0
-235811,0,0
-142591,0,0
112333,0,0
16687,0,0
74800,0,0
-140902,0,0
-90103,0,0
133489,0,0
156296,0,0
-90760,0,0
97192,0,0
-79110,0,0
142527,0,0
-48424,0,0
-30228,0,0
-83102,0,0
-17174,0,0
92483,0,0
124086,0,0
-161529,0,0
-112511,0,0
-25712,0,0
56134,0,0
231799,0,0
136394,0,0
-58973,0,0
-175128,0,0
-201413,0,0
-5267,0,0
56840,0,0
-74522,0,0
-147038,0,0
-121564,0,0
192123,0,0
276539,0,0
13076,0,0
-68733,0,0
-39970,0,0
-26722,0,0
-174442,0,0
99152,0,0
-20630,0,0
12196,0,0
195064,0,0
116141,0,0
93472,0,0
19615,0,0
-91365,0,0
182247,0,0
23791,0,0
23580,0,0
68194,0,0
-86627,0,0
204042,0,0
180611,0,0
4530,0,0
-42683,0,0
848,0,0
-54315,0,0
-55551,0,0
122249,0,0
-113497,0,0
-91304,0,0
82498,0,0
69383,0,0
48521,0,0
23743,0,0
16692,0,0
-216544,0,0
-30359,0,0
-9224,0,0
-91126,0,0
-70489,0,0
172326,0,0
-126439,0,0
-18905,0,0
150163,0,0
45101,0,0
-18676,0,0
-92270,0,0
9522,0,0
-125548,0,0
12018,0,0
-38329,0,0
36743,0,0
218162,0,0
14015,0,0
-79126,0,0
-41060,0,0
-28965,0,0
211113,0,0
31131,0,0
92259,0,0
-15009,0,0
-88530,0,0
-19311,0,0
32196,0,0
110412,0,0
106530,0,0
3944,0,0
-111854,0,0
150016,0,0
140463,0,0
-68033,0,0
-24684,0,0
47094,0,0
-190782,0,0
77237,0,0
93135,0,0
208457,0,0
-226765,0,0
637,0,0
24767,0,0
-191224,0,0
39742,0,0
195445,0,0
31586,0,0
10639,0,0
58405,0,0
-33506,0,0
-121053,0,0
-6494,0,0
15880,0,0
21038,0,0
20731,0,0
2613,0,0
-9163,0,0
-196692,0,0
-16731,0,0
125654,0,0
274696,0,0
21273,0,0
-11948,0,0
-165495,0,0
-81354,0,0
8493,0,0
63425,0,0
-36414,0,0
135786,0,0
3708,0,0
-113366,0,0
28858,0,0
25606,0,0
120947,0,0
94691,0,0
-69694,0,0
-151317,0,0
-79664,0,0
164365,0,0
177716,0,0
87016,0,0
-163364,0,0
-189140,0,0
-8403,0,0
72588,0,0
83978,0,0
16528,0,0
-26467,0,0
-20628,0,0
-18663,0,0
-85680,0,0
-39427,0,0
225712,0,0
83323,0,0
-51278,0,0
-3883,0,0
-270175,0,0
-105165,0,0
213039,0,0
-62261,0,0
70716,0,0
131098,0,0
-48604,0,0
-33374,0,0
-49412,0,0
-26977,0,0
16633,0,0
11716,0,0
-23922,0,0
-70168,0,0
22817,0,0
82015,0,0
-28203,0,0
35163,0,0
17967,0,0
-127452,0,0
-81957,0,0
162362,0,0
-105470,0,0
-15751,0,0
137624,0,0
41528,0,0
-77136,0,0
-167014,0,0
248877,0,0
13668,0,0
-193532,0,0
-153992,0,0
-27459,0,0
194887,0,0
197653,0,0
67086,0,0
65555,0,0
-177936,0,0
-144283,0,0
-12239,0,0
5573,0,0
128788,0,0
-48966,0,0
16507,0,0
68650,0,0
-258484,0,0
-157396,0,0
189273,0,0
142201,0,0
-102223,0,0
-100435,0,0
4324,0,0
254857,0,0
34850,0,0
-328645,0,0
-195637,0,0
138661,0,0
-32886,0,0
59639,0,0
207817,0,0
-22826,0,0
12034,0,0
-14075,0,0
23946,0,0
-118703,0,0
-95128,0,0
-12970,0,0
-28813,0,0
1043,0,0
119948,0,0
107874,0,0
-99868,0,0
-196175,0,0
35880,0,0
129714,0,0
-50334,0,0
-100930,0,0
-32259,0,0
-190635,0,0
139639,0,0
132467,0,0
78559,0,0
7736,0,0
-30295,0,0
-43624,0,0
-51035,0,0
138764,0,0
20781,0,0
45680,0,0
94598,0,0
-12793,0,0
-44447,0,0
-43610,0,0
39706,0,0
51334,0,0
1948,0,0
-17162,0,0
20611,0,0
-75337,0,0
-154558,0,0
51167,0,0
100012,0,0
-66400,0,0
-71776,0,0
32928,0,0
-128194,0,0
-129084,0,0
-201882,0,0
50691,0,0
199617,0,0
-138398,0,0
-347623,0,0
-99450,0,0
145557,0,0
228901,0,0
136440,0,0
-16235,0,0
-165809,0,0
-259057,0,0
8429,0,0
9919,0,0
87058,0,0
-68939,0,0
-136529,0,0
56775,0,0
263597,0,0
210920,0,0
-84194,0,0
-112255,0,0
36087,0,0
36566,0,0
49085,0,0
-2421,0,0
5937,0,0
-8237,0,0
69334,0,0
-116134,0,0
-160448,0,0
20687,0,0
220035,0,0
-192476,0,0
-12044,0,0
-125751,0,0
-44310,0,0
194822,0,0
-32587,0,0
-12154,0,0
-155403,0,0
-86414,0,0
162818,0,0
-312914,0,0
-177913,0,0
94660,0,0
346542,0,0
266365,0,0
-122637,0,0
-218479,0,0
-46860,0,0
158194,0,0
340403,0,0
87007,0,0
-160821,0,0
33915,0,0
215573,0,0
225089,0,0
-82330,0,0
-10149,0,0
171331,0,0
403342,0,0
-22949,0,0
-15852,0,0
-29567,0,0
125783,0,0
245839,0,0
-41511,0,0
30926,0,0
264375,0,0
64573,0,0
-42478,0,0
187926,0,0
34770,0,0
72632,0,0
108946,0,0
50487,0,0
-24464,0,0
-90249,0,0
31571,0,0
-61329,0,0
-64153,0,0
132216,0,0
-80699,0,0
29469,0,0
146776,0,0
-156840,0,0
-104317,0,0
13128,0,0
65739,0,0
-30929,0,0
-290414,0,0
-85670,0,0
3037,0,0
108047,0,0
62299,0,0
16429,0,0
89808,0,0
-78029,0,0
32131,0,0
49288,0,0
-35347,0,0
-162987,0,0
-132480,0,0
-27458,0,0
26368,0,0
171952,0,0
-151518,0,0
270533,0,0
214487,0,0
60334,0,0
-187631,0,0
-250600,0,0
101754,0,0
6011,0,0
10239,0,0
95080,0,0
-186701,0,0
-269921,0,0
-116315,0,0
241515,0,0
204749,0,0
159778,0,0
17601,0,0
-254415,0,0
-134469,0,0
-54892,0,0
286550,0,0
-208595,0,0
-227484,0,0
35989,0,0
191499,0,0
-122277,0,0
-230324,0,0
238137,0,0
151099,0,0
71922,0,0
96231,0,0
-17270,0,0
-40903,0,0
38618,0,0
1233,0,0
-167061,0,0
70113,0,0
48436,0,0
-58164,0,0
284838,0,0
-30897,0,0
-138051,0,0
-73049,0,0
68497,0,0
311,0,0
12676,0,0
92030,0,0
-30716,0,0
-59954,0,0
-9818,0,0
30784,0,0
-29525,0,0
-68359,0,0
-1114,0,0
33817,0,0
66994,0,0
66698,0,0
-233468,0,0
61,0,0
89014,0,0
21844,0,0
59676,0,0
-71047,0,0
-160583,0,0
-71631,0,0
-17522,0,0
82743,0,0
-71667,0,0
-107666,0,0
-114154,0,0
169375,0,0
182318,0,0
-152505,0,0
-198443,0,0
-109524,0,0
13736,0,0
46408,0,0
-109544,0,0
10753,0,0
-28693,0,0
-38595,0,0
-80318,0,0
-425,0,0
-175372,0,0
-221239,0,0
57211,0,0
-52199,0,0
91624,0,0
7008,0,0
-53758,0,0
25950,0,0
-110122,0,0
-122796,0,0
106563,0,0
-142004,0,0
-215959,0,0
59288,0,0
211087,0,0
141288,0,0
-57734,0,0
181404,0,0
347436,0,0
-163113,0,0
-223800,0,0
50083,0,0
175930,0,0
-22034,0,0
59641,0,0
156535,0,0
71425,0,0
35571,0,0
12946,0,0
24750,0,0
-111826,0,0
8409,0,0
156004,0,0
94092,0,0
-159066,0,0
-190075,0,0
105266,0,0
175233,0,0
147520,0,0
-73276,0,0
-168327,0,0
37087,0,0
20529,0,0
-34788,0,0
60529,0,0
109674,0,0
205034,0,0
-56142,0,0
-87774,0,0
-47103,0,0
59033,0,0
115592,0,0
-72393,0,0
-61462,0,0
37149,0,0
10385,0,0
146868,0,0
-43131,0,0
-222542,0,0
-163690,0,0
63344,0,0
265733,0,0
84361,0,0
-23415,0,0
-227042,0,0
-366987,0,0
-59475,0,0
212607,0,0
73330,0,0
-89147,0,0
-178778,0,0
156106,0,0
-120017,0,0
9955,0,0
186833,0,0
-210568,0,0
-227413,0,0
-183217,0,0
-91041,0,0
-14163,0,0
182516,0,0
-6034,0,0
-225819,0,0
193412,0,0
-82752,0,0
-101247,0,0
-58238,0,0
-18495,0,0
28145,0,0
49199,0,0
-237693,0,0
86325,0,0
-78219,0,0
-78790,0,0
62775,0,0
212177,0,0
189039,0,0
112664,0,0
-168951,0,0
-89820,0,0
-46498,0,0
80501,0,0
145250,0,0
53328,0,0
-97963,0,0
-26435,0,0
208652,0,0
47687,0,0
-69818,0,0
-162337,0,0
189930,0,0
-114120,0,0
-177305,0,0
287497,0,0
56257,0,0
-143694,0,0
-93847,0,0
-48562,0,0
-80251,0,0
43459,0,0
-184319,0,0
88220,0,0
104997,0,0
24589,0,0
-179929,0,0
-243475,0,0
-20864,0,0
285910,0,0
45051,0,0
-162055,0,0
-187568,0,0
-36042,0,0
87253,0,0
166531,0,0
90252,0,0
-44635,0,0
-150669,0,0
-131397,0,0
11703,0,0
-89634,0,0
94006,0,0
221416,0,0
-89564,0,0
-121262,0,0
-31601,0,0
68588,0,0
-101521,0,0
82206,0,0
-34471,0,0
-133649,0,0
72262,0,0
161589,0,0
-36843,0,0
-148976,0,0
-19644,0,0
-42669,0,0
-63683,0,0
-5114,0,0
177596,0,0
19138,0,0
-136467,0,0
29008,0,0
175542,0,0
11661,0,0
15824,0,0
-78250,0,0
-86186,0,0
-17520,0,0
-10329,0,0
58515,0,0
194021,0,0
62417,0,0
104289,0,0
-61078,0,0
-155433,0,0
-56882,0,0
410382,0,0
141971,0,0
-60866,0,0
-147857,0,0
20706,0,0
38828,0,0
108246,0,0
60306,0,0
2968,0,0
30061,0,0
211605,0,0
24995,0,0
5346,0,0
155168,0,0
-61323,0,0
-34139,0,0
97805,0,0
-32877,0,0
-45718,0,0
30433,0,0
-50438,0,0
-19589,0,0
127883,0,0
241650,0,0
253491,0,0
-30333,0,0
-162678,0,0
-133796,0,0
-42121,0,0
-41492,0,0
80960,0,0
246316,0,0
18187,0,0
-6701,0,0
116754,0,0
-89436,0,0
34133,0,0
93265,0,0
-143707,0,0
-158602,0,0
288418,0,0
197496,0,0
-1321,0,0
-76009,0,0
-66747,0,0
-15645,0,0
46085,0,0
34990,0,0
-137207,0,0
-54241,0,0
77545,0,0
83756,0,0
-34146,0,0
208557,0,0
-28494,0,0
-93877,0,0
110302,0,0
41990,0,0
-162193,0,0
20365,0,0
242904,0,0
109308,0,0
-47643,0,0
-35372,0,0
81008,0,0
59124,0,0
-7829,0,0
103321,0,0
114600,0,0
-58046,0,0
111447,0,0
179020,0,0
-56126,0,0
35862,0,0
19820,0,0
35271,0,0
25391,0,0
72933,0,0
-39533,0,0
-100842,0,0
59001,0,0
120615,0,0
146034,0,0
47419,0,0
-66540,0,0
-25792,0,0
43894,0,0
-15235,0,0
-87888,0,0
45485,0,0
87524,0,0
59270,0,0
-205817,0,0
-148034,0,0
36620,0,0
51926,0,0
54799,0,0
-56057,0,0
43374,0,0
38891,0,0
-284698,0,0
-227737,0,0
278038,0,0
297362,0,0
66115,0,0
-282167,0,0
-133976,0,0
205863,0,0
111945,0,0
57674,0,0
-22014,0,0
-49627,0,0
-148169,0,0
41961,0,0
166897,0,0
251648,0,0
20800,0,0
-84955,0,0
36620,0,0
34110,0,0
-83724,0,0
-34880,0,0
111119,0,0
-58425,0,0
-104554,0,0
-159900,0,0
10613,0,0
12090,0,0
111939,0,0
-75267,0,0
-79067,0,0
51146,0,0
230601,0,0
151056,0,0
-233698,0,0
-71881,0,0
-8211,0,0
-15560,0,0
-66814,0,0
-76518,0,0
-159395,0,0
372623,0,0
123682,0,0
53042,0,0
151940,0,0
109551,0,0
-128817,0,0
-126847,0,0
-134179,0,0
-116333,0,0
223801,0,0
121844,0,0
-41369,0,0
107698,0,0
-19330,0,0
64861,0,0
-48100,0,0
-38172,0,0
-55235,0,0
105272,0,0
164510,0,0
-18126,0,0
-64680,0,0
9390,0,0
-3980,0,0
46305,0,0
96482,0,0
151053,0,0
-4639,0,0
-216551,0,0
-109737,0,0
80098,0,0
19634,0,0
50713,0,0
-36643,0,0
144899,0,0
103387,0,0
-27764,0,0
-146583,0,0
-40491,0,0
40607,0,0
-68337,0,0
-119856,0,0
-5211,0,0
12087,0,0
151056,0,0
60435,0,0
-116667,0,0
-192774,0,0
-52299,0,0
87027,0,0
95739,0,0
-17658,0,0
-151589,0,0
305011,0,0
109378,0,0
-226516,0,0
-272879,0,0
-68313,0,0
80724,0,0
138806,0,0
125520,0,0
-123267,0,0
-277345,0,0
-17888,0,0
63952,0,0
18981,0,0
-60484,0,0
-140558,0,0
345608,0,0
38404,0,0
-461023,0,0
-489504,0,0
98815,0,0
247598,0,0
189500,0,0
114292,0,0
-84903,0,0
-150139,0,0
-268776,0,0
3295,0,0
165015,0,0
67245,0,0
-181048,0,0
170085,0,0
135315,0,0
28177,0,0
-168286,0,0
57148,0,0
181043,0,0
180078,0,0
76186,0,0
-113846,0,0
-16566,0,0
17136,0,0
-23793,0,0
71603,0,0
48359,0,0
76306,0,0
-4331,0,0
-112164,0,0
54680,0,0
-143900,0,0
83463,0,0
191789,0,0
83828,0,0
-6857,0,0
-139580,0,0
-132139,0,0
-92729,0,0
10892,0,0
120094,0,0
-65218,0,0
54057,0,0
28687,0,0
-213331,0,0
62441,0,0
204415,0,0
-25480,0,0
-155442,0,0
-26457,0,0
19677,0,0
-79893,0,0
69993,0,0
10377,0,0
-21435,0,0
-47059,0,0
-115687,0,0
24369,0,0
48079,0,0
-53315,0,0
84783,0,0
5786,0,0
-96882,0,0
-129303,0,0
-69837,0,0
99718,0,0
-34778,0,0
-28005,0,0
-234031,0,0
-10762,0,0
190176,0,0
122767,0,0
57112,0,0
83810,0,0
-189163,0,0
-43466,0,0
-118369,0,0
30956,0,0
13639,0,0
-14964,0,0
47983,0,0
141576,0,0
171128,0,0
-56459,0,0
3480,0,0
-119962,0,0
-80742,0,0
107258,0,0
-14420,0,0
-5001,0,0
-10355,0,0
19133,0,0
133580,0,0
-84295,0,0
-184582,0,0
-275312,0,0
123490,0,0
102283,0,0
89941,0,0
37614,0,0
78045,0,0
-206028,0,0
-77449,0,0
29035,0,0
37854,0,0
100647,0,0
66590,0,0
-28196,0,0
-80726,0,0
-25114,0,0
73441,0,0
178537,0,0
-34744,0,0
150663,0,0
17468,0,0
-139937,0,0
-257817,0,0
-117648,0,0
66555,0,0
117613,0,0
363435,0,0
112740,0,0
-199151,0,0
-116861,0,0
13487,0,0
-17322,0,0
-44650,0,0
-55698,0,0
144644,0,0
207091,0,0
128597,0,0
-166273,0,0
-29947,0,0
60198,0,0
242435,0,0
99903,0,0
60108,0,0
20921,0,0
-18150,0,0
162293,0,0
58163,0,0
-123285,0,0
35984,0,0
158735,0,0
184099,0,0
-54375,0,0
107647,0,0
47186,0,0
24801,0,0
138219,0,0
8739,0,0
-270395,0,0
-44520,0,0
114912,0,0
399786,0,0
98979,0,0
-45624,0,0
37948,0,0
-110321,0,0
87186,0,0
24681,0,0
-23910,0,0
8206,0,0
-146852,0,0
-83427,0,0
133050,0,0
233922,0,0
2514,0,0
-203116,0,0
-3824,0,0
-20874,0,0
3227,0,0
-74779,0,0
13844,0,0
-2468,0,0
-174405,0,0
23892,0,0
3456,0,0
-16165,0,0
-29867,0,0
88117,0,0
65697,0,0
-17743,0,0
-158685,0,0
-129694,0,0
-19611,0,0
3723,0,0
150044,0,0
85602,0,0
-18459,0,0
-24047,0,0
-48840,0,0
-233001,0,0
78691,0,0
-26391,0,0
-54856,0,0
55994,0,0
-115020,0,0
-235542,0,0
-175934,0,0
-27952,0,0
282698,0,0
68269,0,0
130855,0,0
-6868,0,0
-228901,0,0
-257143,0,0
-98021,0,0
94094,0,0
36884,0,0
-202497,0,0
-73771,0,0
-134936,0,0
261402,0,0
460323,0,0
-62436,0,0
-386166,0,0
-145177,0,0
-11622,0,0
-31664,0,0
228946,0,0
-11263,0,0
-201448,0,0
61654,0,0
268068,0,0
165080,0,0
-105874,0,0
-120681,0,0
-31715,0,0
67359,0,0
88309,0,0
65210,0,0
37832,0,0
-25546,0,0
149570,0,0
-24984,0,0
-61553,0,0
171044,0,0
-65381,0,0
-46279,0,0
-120522,0,0
-63321,0,0
-27656,0,0
112120,0,0
100268,0,0
14125,0,0
99030,0,0
-213693,0,0
-138297,0,0
49102,0,0
-57855,0,0
-58956,0,0
55455,0,0
-47392,0,0
-58812,0,0
97354,0,0
148774,0,0
50648,0,0
6837,0,0
-205639,0,0
-153755,0,0
126632,0,0
-91987,0,0
-26967,0,0
110275,0,0
-75533,0,0
-167436,0,0
11123,0,0
-51345,0,0
-174891,0,0
15769,0,0
42841,0,0
-25899,0,0
22058,0,0
-204764,0,0
-178018,0,0
-106440,0,0
-51876,0,0
-50491,0,0
83311,0,0
-208244,0,0
-158537,0,0
294112,0,0
-182281,0,0
-232515,0,0
1071,0,0
-25514,0,0
-41827,0,0
-90028,0,0
-120528,0,0
-157754,0,0
25066,0,0
69303,0,0
-150878,0,0
-98746,0,0
-75425,0,0
-12752,0,0
289490,0,0
-76168,0,0
-131461,0,0
-407362,0,0
-173078,0,0
-69712,0,0
150363,0,0
321503,0,0
96551,0,0
-86223,0,0
-177975,0,0
47331,0,0
-108640,0,0
-1961,0,0
-6379,0,0
-94180,0,0
-138859,0,0
74811,0,0
230600,0,0
26775,0,0
-282890,0,0
-37828,0,0
168610,0,0
-256676,0,0
-150227,0,0
166021,0,0
-57109,0,0
286719,0,0
33000,0,0
-295101,0,0
-250423,0,0
-10331,0,0
133400,0,0
58466,0,0
-79842,0,0
-59640,0,0
-84473,0,0
18804,0,0
262175,0,0
65251,0,0
-123813,0,0
-142064,0,0
-84915,0,0
-45897,0,0
171097,0,0
76521,0,0
105636,0,0
-114713,0,0
-139243,0,0
-89279,0,0
-96493,0,0
-62842,0,0
-37779,0,0
-30924,0,0
-16567,0,0
33059,0,0
53613,0,0
-90867,0,0
-354290,0,0
42034,0,0
237251,0,0
33186,0,0
-191793,0,0
-179382,0,0
118855,0,0
105455,0,0
-68008,0,0
-58540,0,0
161548,0,0
91959,0,0
-22037,0,0
15092,0,0
54103,0,0
-54974,0,0
-27769,0,0
63557,0,0
28952,0,0
-17811,0,0
46991,0,0
105537,0,0
173987,0,0
-36496,0,0
-122621,0,0
-374831,0,0
-243976,0,0
3711,0,0
161627,0,0
238527,0,0
104051,0,0
-223751,0,0
-131096,0,0
403455,0,0
99945,0,0
-4995,0,0
-358965,0,0
-79292,0,0
280832,0,0
171291,0,0
-95128,0,0
339511,0,0
46253,0,0
117679,0,0
153725,0,0
-150875,0,0
89687,0,0
231448,0,0
2075,0,0
54085,0,0
80625,0,0
57794,0,0
172046,0,0
149116,0,0
-179108,0,0
16450,0,0
-27649,0,0
-198323,0,0
63084,0,0
280469,0,0
128503,0,0
84364,0,0
-64698,0,0
-143340,0,0
85157,0,0
-13490,0,0
-8934,0,0
75853,0,0
78255,0,0
46841,0,0
-14833,0,0
-40659,0,0
26836,0,0
40926,0,0
-32206,0,0
60329,0,0
56346,0,0
-71700,0,0
-126314,0,0
-149103,0,0
-18973,0,0
-65122,0,0
107135,0,0
129934,0,0
-215273,0,0
-131272,0,0
137508,0,0
-192045,0,0
-279051,0,0
-50728,0,0
148670,0,0
28460,0,0
-193017,0,0
8608,0,0
51322,0,0
3006,0,0
35666,0,0
-68300,0,0
-74477,0,0
-11418,0,0
-46155,0,0
3244,0,0
17420,0,0
8194,0,0
-124427,0,0
190702,0,0
138708,0,0
-142667,0,0
62890,0,0
-138268,0,0
-43593,0,0
-113315,0,0
-3867,0,0
89149,0,0
103254,0,0
190839,0,0
-123995,0,0
-137172,0,0
31878,0,0
146916,0,0
2225,0,0
-32115,0,0
-85591,0,0
-110744,0,0
249935,0,0
-1291,0,0
-62984,0,0
38498,0,0
38505,0,0
-31983,0,0
-54673,0,0
-83566,0,0
-108724,0,0
-76723,0,0
118659,0,0
45783,0,0
-96142,0,0
-140105,0,0
-58461,0,0
83567,0,0
65742,0,0
-14461,0,0
42179,0,0
-141315,0,0
7230,0,0
-70673,0,0
9488,0,0
60359,0,0
52733,0,0
-34861,0,0
-8491,0,0
13489,0,0
-30869,0,0
-44230,0,0
48440,0,0
-146385,0,0
-152190,0,0
30161,0,0
47427,0,0
-106155,0,0
-193751,0,0
-82994,0,0
74940,0,0
-75893,0,0
-476804,0,0
-2673,0,0
96281,0,0
-25623,0,0
46632,0,0
-134432,0,0
-136941,0,0
-71746,0,0
-9679,0,0
17098,0,0
-75043,0,0
165243,0,0
58051,0,0
-36284,0,0
11669,0,0
-158167,0,0
-77848,0,0
142413,0,0
184193,0,0
155751,0,0
-43145,0,0
-37241,0,0
12348,0,0
153869,0,0
-7169,0,0
-52928,0,0
170691,0,0
-69597,0,0
-153954,0,0
463,0,0
17501,0,0
-53837,0,0
-66036,0,0
126335,0,0
-51360,0,0
-114211,0,0
-20951,0,0
48219,0,0
22633,0,0
-32331,0,0
-187463,0,0
-226522,0,0
-98880,0,0
172194,0,0
142279,0,0
-5948,0,0
-154346,0,0
69635,0,0
-25891,0,0
-114855,0,0
84652,0,0
158313,0,0
27278,0,0
-87004,0,0
-152062,0,0
-95717,0,0
-82673,0,0
406584,0,0
290771,0,0
-152294,0,0
91919,0,0
183092,0,0
-190748,0,0
-137176,0,0
-102631,0,0
76098,0,0
154163,0,0
-22922,0,0
57314,0,0
138801,0,0
-47693,0,0
112693,0,0
5688,0,0
-71372,0,0
-95908,0,0
24634,0,0
82096,0,0
225719,0,0
9635,0,0
-20876,0,0
-72740,0,0
8204,0,0
61316,0,0
49740,0,0
-16721,0,0
20787,0,0
19483,0,0
-108707,0,0
155473,0,0
-16789,0,0
-156273,0,0
105992,0,0
-102905,0,0
-29824,0,0
256282,0,0
408798,0,0
-143840,0,0
-232871,0,0
-156483,0,0
-29443,0,0
72553,0,0
123021,0,0
-97768,0,0
109300,0,0
97426,0,0
30925,0,0
33254,0,0
155509,0,0
3129,0,0
-87248,0,0
-12289,0,0
61284,0,0
-88784,0,0
92785,0,0
233780,0,0
19897,0,0
-107689,0,0
-21178,0,0
34217,0,0
-68766,0,0
-56351,0,0
-9571,0,0
-37321,0,0
225232,0,0
-103686,0,0
-114408,0,0
-29146,0,0
-9394,0,0
84457,0,0
-73019,0,0
-109758,0,0
-65526,0,0
-31304,0,0
124781,0,0
-128180,0,0
75667,0,0
132817,0,0
-1947,0,0
-44629,0,0
-102874,0,0
55579,0,0
205943,0,0
17608,0,0
-112378,0,0
-37595,0,0
81782,0,0
-95083,0,0
-9240,0,0
120196,0,0
86425,0,0
60034,0,0
-127769,0,0
-17704,0,0
7506,0,0
8406,0,0
-184789,0,0
-229060,0,0
274406,0,0
9555,0,0
171488,0,0
-57317,0,0
-190067,0,0
209749,0,0
-53508,0,0
-23410,0,0
-5498,0,0
-28800,0,0
247948,0,0
83655,0,0
15568,0,0
-4695,0,0
7768,0,0
137374,0,0
62655,0,0
-36907,0,0
-8807,0,0
-68119,0,0
5112,0,0
7675,0,0
86598,0,0
66276,0,0
65020,0,0
-46856,0,0
-78460,0,0
-20451,0,0
-72824,0,0
-2627,0,0
-11458,0,0
11696,0,0
53953,0,0
43696,0,0
-217289,0,0
-267886,0,0
102625,0,0
289608,0,0
219279,0,0
-14788,0,0
-168703,0,0
-132714,0,0
-13281,0,0
66498,0,0
84763,0,0
-1648,0,0
124728,0,0
-84485,0,0
96907,0,0
170095,0,0
-95284,0,0
-85954,0,0
-38063,0,0
19466,0,0
61926,0,0
114120,0,0
-27771,0,0
-17378,0,0
-109133,0,0
40250,0,0
236494,0,0
-99832,0,0
-179542,0,0
-116566,0,0
-67601,0,0
150757,0,0
33807,0,0
24733,0,0
-132169,0,0
-186990,0,0
-2737,0,0
-30028,0,0
151776,0,0
118511,0,0
89688,0,0
-116847,0,0
-424923,0,0
-212079,0,0
67087,0,0
187585,0,0
9622,0,0
273111,0,0
-110368,0,0
-151306,0,0
-59566,0,0
221864,0,0
338662,0,0
-61679,0,0
-168003,0,0
-201299,0,0
-72775,0,0
211317,0,0
243629,0,0
91456,0,0
131488,0,0
-6930,0,0
-40393,0,0
196303,0,0
-23780,0,0
56307,0,0
92398,0,0
82056,0,0
12857,0,0
-72569,0,0
-33217,0,0
-51661,0,0
90154,0,0
270315,0,0
-98246,0,0
-274891,0,0
-116066,0,0
297677,0,0
408887,0,0
-81342,0,0
-219959,0,0
-89902,0,0
69273,0,0
169576,0,0
96721,0,0
-100342,0,0
-53846,0,0
-48045,0,0
138528,0,0
217331,0,0
48872,0,0
-16554,0,0
-56512,0,0
65854,0,0
29422,0,0
109780,0,0
126162,0,0
-6893,0,0
-57946,0,0
-35438,0,0
25676,0,0
-89804,0,0
-90084,0,0
-267390,0,0
-245539,0,0
-51887,0,0
-215602,0,0
-63474,0,0
375552,0,0
375176,0,0
-163922,0,0
-143744,0,0
-150781,0,0
-223231,0,0
-72881,0,0
-17328,0,0
-59567,0,0
44311,0,0
30706,0,0
30545,0,0
25560,0,0
78547,0,0
-27690,0,0
92953,0,0
99477,0,0
-29230,0,0
24418,0,0
57831,0,0
71912,0,0
52320,0,0
-169646,0,0
5484,0,0
2107,0,0
-61862,0,0
-72730,0,0
-37921,0,0
-21290,0,0
325533,0,0
239877,0,0
-125346,0,0
-190664,0,0
-69179,0,0
-63513,0,0
1158,0,0
-45151,0,0
-97313,0,0
89190,0,0
282623,0,0
106541,0,0
-154005,0,0
-287342,0,0
-250616,0,0
37134,0,0
184221,0,0
190860,0,0
-176770,0,0
-29976,0,0
57953,0,0
118605,0,0
109926,0,0
-125899,0,0
-75863,0,0
123809,0,0
168420,0,0
86880,0,0
-106732,0,0
123600,0,0
53448,0,0
-89894,0,0
176965,0,0
149048,0,0
59102,0,0
67359,0,0
54744,0,0
-35654,0,0
-254579,0,0
144082,0,0
206620,0,0
-20380,0,0
102393,0,0
-124377,0,0
-122961,0,0
30697,0,0
-68862,0,0
-25235,0,0
-45391,0,0
-157506,0,0
-44644,0,0
-88559,0,0
-136750,0,0
216700,0,0
-204531,0,0
-369037,0,0
-44333,0,0
336739,0,0
-19848,0,0
-313470,0,0
-136963,0,0
-243850,0,0
-94967,0,0
-319,0,0
-13757,0,0
37046,0,0
-91692,0,0
-67465,0,0
-15982,0,0
-138620,0,0
-105073,0,0
191731,0,0
19166,0,0
-194375,0,0
-214157,0,0
194844,0,0
118528,0,0
-121130,0,0
129939,0,0
76032,0,0
-79845,0,0
-70295,0,0
125628,0,0
-50417,0,0
153135,0,0
198077,0,0
77431,0,0
86549,0,0
60701,0,0
-59307,0,0
74384,0,0
137742,0,0
-30561,0,0
23877,0,0
-89556,0,0
-110208,0,0
81840,0,0
125715,0,0
112711,0,0
179446,0,0
-161112,0,0
200354,0,0
134519,0,0
-173129,0,0
42669,0,0
-27931,0,0
-22945,0,0
145158,0,0
38992,0,0
89781,0,0
83786,0,0
77862,0,0
77005,0,0
-39654,0,0
57232,0,0
129811,0,0
84521,0,0
17769,0,0
-21036,0,0
-146671,0,0
14010,0,0
49449,0,0
-111844,0,0
19847,0,0
-44234,0,0
-112015,0,0
-184524,0,0
20956,0,0
-43043,0,0
38990,0,0
24302,0,0
-16491,0,0
-47532,0,0
-261980,0,0
-100285,0,0
-55430,0,0
168639,0,0
-96439,0,0
-67335,0,0
91204,0,0
5379,0,0
-209057,0,0
13608,0,0
147382,0,0
233457,0,0
-34641,0,0
-239619,0,0
-134405,0,0
-47180,0,0
134387,0,0
-237283,0,0
-134943,0,0
180243,0,0
188886,0,0
166088,0,0
-132649,0,0
-184436,0,0
-254648,0,0
-61794,0,0
63494,0,0
167984,0,0
138014,0,0
62056,0,0
-130299,0,0
18671,0,0
-48713,0,0
1264,0,0
-4549,0,0
153599,0,0
-108084,0,0
-1918,0,0
220314,0,0
132502,0,0
-110990,0,0
-127840,0,0
-106805,0,0
76773,0,0
151456,0,0
15012,0,0
-104237,0,0
86657,0,0
93247,0,0
-120444,0,0
-131596,0,0
-52797,0,0
4485,0,0
68869,0,0
197975,0,0
159297,0,0
-24907,0,0
-113614,0,0
-51748,0,0
98571,0,0
-69513,0,0
20031,0,0
79580,0,0
148391,0,0
3955,0,0
-21389,0,0
24895,0,0
-7706,0,0
-129971,0,0
-61016,0,0
74934,0,0
80782,0,0
6361,0,0
-74100,0,0
-5438,0,0
108383,0,0
-45354,0,0
-46331,0,0
100451,0,0
-86517,0,0
-71128,0,0
156203,0,0
23406,0,0
-14934,0,0
68580,0,0
-10843,0,0
-56493,0,0
91715,0,0
53940,0,0
63503,0,0
30793,0,0
37935,0,0
-83326,0,0
-252492,0,0
-192894,0,0
59290,0,0
450143,0,0
149639,0,0
-369890,0,0
-289649,0,0
89546,0,0
88509,0,0
67663,0,0
-42194,0,0
-48713,0,0
-139540,0,0
-126734,0,0
-39565,0,0
21363,0,0
-73556,0,0
-158615,0,0
-10607,0,0
95441,0,0
65860,0,0
-182221,0,0
26359,0,0
-151374,0,0
-111892,0,0
33036,0,0
-19384,0,0
7888,0,0
-125248,0,0
-127827,0,0
-15209,0,0
46114,0,0
-55953,0,0
39555,0,0
137426,0,0
-117390,0,0
-224204,0,0
-186836,0,0
160725,0,0
278922,0,0
122713,0,0
43691,0,0
-173352,0,0
61928,0,0
-8893,0,0
-48757,0,0
49952,0,0
-95346,0,0
107512,0,0
29298,0,0
5457,0,0
-51675,0,0
-32253,0,0
272156,0,0
122541,0,0
65368,0,0
47235,0,0
-103907,0,0
-102934,0,0
137857,0,0
-45717,0,0
38475,0,0
105914,0,0
143895,0,0
78413,0,0
42056,0,0
-37253,0,0
20147,0,0
28763,0,0
109102,0,0
18118,0,0
21347,0,0
-83288,0,0
30088,0,0
55214,0,0
-32960,0,0
12747,0,0
-34034,0,0
18428,0,0
28866,0,0
-212397,0,0
-95390,0,0
-190006,0,0
27430,0,0
51359,0,0
135329,0,0
41733,0,0
-112099,0,0
25559,0,0
-90330,0,0
-40628,0,0
-47927,0,0
-65436,0,0
-74793,0,0
32229,0,0
1812,0,0
53540,0,0
-27097,0,0
-22624,0,0
-79962,0,0
60086,0,0
93988,0,0
5798,0,0
-109374,0,0
32497,0,0
-143682,0,0
192067,0,0
104388,0,0
-81131,0,0
-72558,0,0
-30639,0,0
-60259,0,0
-52124,0,0
48956,0,0
93852,0,0
83264,0,0
103243,0,0
155380,0,0
-141303,0,0
-140357,0,0
-28201,0,0
-140441,0,0
36155,0,0
369591,0,0
-145230,0,0
-277856,0,0
-92880,0,0
212435,0,0
185667,0,0
83746,0,0
-56221,0,0
-29448,0,0
-190296,0,0
77229,0,0
-6809,0,0
-121814,0,0
87841,0,0
226093,0,0
83536,0,0
62739,0,0
-137295,0,0
19634,0,0
11245,0,0
-134646,0,0
-125102,0,0
157335,0,0
64443,0,0
-67495,0,0
-96156,0,0
-95117,0,0
199106,0,0
13146,0,0
-308457,0,0
-64626,0,0
-39879,0,0
-27629,0,0
21422,0,0
40470,0,0
-165899,0,0
141225,0,0
-68091,0,0
-143639,0,0
5613,0,0
-100201,0,0
-93620,0,0
-89638,0,0
47160,0,0
-19178,0,0
140030,0,0
139909,0,0
-166826,0,0
-153836,0,0
-87198,0,0
-17973,0,0
70262,0,0
-39555,0,0
-60451,0,0
-108797,0,0
21308,0,0
26083,0,0
44597,0,0
-5504,0,0
125122,0,0
-60379,0,0
-3401,0,0
-52709,0,0
23904,0,0
87951,0,0
-18802,0,0
-103034,0,0
-124933,0,0
164281,0,0
212192,0,0
98187,0,0
40546,0,0
-65052,0,0
25325,0,0
-99249,0,0
59949,0,0
-29134,0,0
218731,0,0
213082,0,0
97843,0,0
-103118,0,0
-81859,0,0
48136,0,0
22332,0,0
-54202,0,0
216411,0,0
45132,0,0
-136773,0,0
148978,0,0
193666,0,0
-22150,0,0
-160727,0,0
1866,0,0
-195654,0,0
58610,0,0
44039,0,0
46441,0,0
61942,0,0
-35780,0,0
-244243,0,0
-264271,0,0
-12582,0,0
261535,0,0
62115,0,0
-46242,0,0
-278574,0,0
-258178,0,0
-21741,0,0
138102,0,0
-26376,0,0
-73074,0,0
-226129,0,0
-132662,0,0
-263191,0,0
-136456,0,0
82730,0,0
228323,0,0
-123900,0,0
-242857,0,0
1687,0,0
11669,0,0
-119057,0,0
-40205,0,0
65714,0,0
41777,0,0
23846,0,0
-61749,0,0
-53222,0,0
147781,0,0
167951,0,0
126166,0,0
104221,0,0
17977,0,0
40634,0,0
40391,0,0
26502,0,0
151323,0,0
132622,0,0
103509,0,0
64165,0,0
268200,0,0
39574,0,0
41627,0,0
-152555,0,0
-111790,0,0
3165,0,0
122971,0,0
196652,0,0
39083,0,0
-61788,0,0
108111,0,0
-43490,0,0
50871,0,0
27886,0,0
49065,0,0
-171279,0,0
74474,0,0
79519,0,0
30192,0,0
68807,0,0
-15706,0,0
-28051,0,0
105044,0,0
-65837,0,0
-6752,0,0
94600,0,0
68762,0,0
143966,0,0
-185288,0,0
68628,0,0
228471,0,0
91000,0,0
-128293,0,0
-159759,0,0
-36268,0,0
107114,0,0
32742,0,0
36976,0,0
304649,0,0
-53889,0,0
-84420,0,0
-50192,0,0
10517,0,0
70517,0,0
139663,0,0
-151590,0,0
-295908,0,0
91310,0,0
227631,0,0
274477,0,0
-38961,0,0
-141424,0,0
-268820,0,0
-230234,0,0
117453,0,0
86091,0,0
107176,0,0
204129,0,0
-196848,0,0
-167574,0,0
-144536,0,0
-29058,0,0
134975,0,0
-60355,0,0
-132843,0,0
-27,0,0
168687,0,0
-61234,0,0
-47791,0,0
-200111,0,0
111615,0,0
227785,0,0
-185201,0,0
-145077,0,0
47457,0,0
37139,0,0
81335,0,0
-56945,0,0
-65890,0,0
144779,0,0
26335,0,0
-57322,0,0
-28401,0,0
-65733,0,0
-115812,0,0
214944,0,0
70973,0,0
6459,0,0
-65808,0,0
-154346,0,0
-22150,0,0
-34468,0,0
-7729,0,0
-81095,0,0
35710,0,0
-123431,0,0
-213142,0,0
-62933,0,0
73022,0,0
-21819,0,0
-116950,0,0
-123448,0,0
-76380,0,0
-146679,0,0
-280829,0,0
-85278,0,0
155650,0,0
-119159,0,0
44092,0,0
-96344,0,0
-78748,0,0
-93650,0,0
-10946,0,0
7431,0,0
24230,0,0
-127009,0,0
-153829,0,0
154347,0,0
13219,0,0
32242,0,0
50995,0,0
1190,0,0
-92187,0,0
-77346,0,0
4269,0,0
265520,0,0
-26936,0,0
-259384,0,0
-59656,0,0
-2678,0,0
172181,0,0
258644,0,0
-66265,0,0
-88916,0,0
-118607,0,0
-96943,0,0
-84427,0,0
-96878,0,0
159585,0,0
338708,0,0
-28059,0,0
-214850,0,0
-192776,0,0
-23474,0,0
-239765,0,0
34416,0,0
277013,0,0
-51989,0,0
-145983,0,0
-143281,0,0
-36043,0,0
-54545,0,0
25962,0,0
113967,0,0
-172251,0,0
