144811,0,0
80879,0,0
-78051,0,0
-34919,0,0
-72974,0,0
-5862,0,0
-56832,0,0
-30048,0,0
-47950,0,0
-157707,0,0
-184802,0,0
34351,0,0
-5612,0,0
-121721,0,0
-181808,0,0
105324,0,0
191581,0,0
-68848,0,0
-287502,0,0
-272829,0,0
-61797,0,0
160990,0,0
3258,0,0
50181,0,0
122097,0,0
33374,0,0
-43138,0,0
-75321,0,0
-110215,0,0
-24286,0,0
4570,0,0
213544,0,0
197618,0,0
216385,0,0
-105093,0,0
-172466,0,0
112969,0,0
-45,0,0
-12369,0,0
259959,0,0
204490,0,0
-80516,0,0
-212436,0,0
-57579,0,0
183272,0,0
79207,0,0
-47049,0,0
112226,0,0
176615,0,0
58335,0,0
-124204,0,0
-240316,0,0
144025,0,0
53528,0,0
149281,0,0
-110217,0,0
-100440,0,0
148081,0,0
110039,0,0
119401,0,0
-76683,0,0
-122479,0,0
-3554,0,0
36380,0,0
-35745,0,0
22243,0,0
15612,0,0
56562,0,0
-120036,0,0
28399,0,0
29492,0,0
-156162,0,0
-25725,0,0
186718,0,0
-299079,0,0
-111923,0,0
158244,0,0
179197,0,0
-169757,0,0
-147437,0,0
42342,0,0
-91249,0,0
29968,0,0
-97965,0,0
-22297,0,0
-83095,0,0
-109724,0,0
-1445,0,0
12640,0,0
85142,0,0
118680,0,0
-109900,0,0
-319257,0,0
-159022,0,0
-95657,0,0
-10141,0,0
45537,0,0
-45106,0,0
-178062,0,0
-56268,0,0
8846,0,0
-128724,0,0
55628,0,0
-151249,0,0
-82956,0,0
45386,0,0
-115161,0,0
-167191,0,0
43739,0,0
2359,0,0
-134552,0,0
-1903,0,0
41610,0,0
-45229,0,0
77008,0,0
135824,0,0
44700,0,0
-42139,0,0
10214,0,0
-128392,0,0
-5401,0,0
-49679,0,0
158585,0,0
287028,0,0
-36556,0,0
-19633,0,0
-103433,0,0
45341,0,0
328568,0,0
105771,0,0
111099,0,0
-88881,0,0
-18709,0,0
142156,0,0
229337,0,0
156846,0,0
4195,0,0
-53993,0,0
56059,0,0
-4698,0,0
84335,0,0
108451,0,0
223287,0,0
225300,0,0
91,0,0
-43444,0,0
-176157,0,0
-138146,0,0
29850,0,0
167066,0,0
328420,0,0
-108317,0,0
-149136,0,0
31999,0,0
-48278,0,0
-26882,0,0
-29706,0,0
-38636,0,0
-2668,0,0
111012,0,0
-48184,0,0
-198827,0,0
-61845,0,0
19069,0,0
40739,0,0
-31987,0,0
-96685,0,0
-34247,0,0
32747,0,0
-26538,0,0
-39623,0,0
-221815,0,0
-160267,0,0
268,0,0
96762,0,0
41408,0,0
27677,0,0
21377,0,0
-2052,0,0
-248630,0,0
-299727,0,0
-88566,0,0
216624,0,0
158564,0,0
-1606,0,0
-21378,0,0
29529,0,0
-92731,0,0
49441,0,0
-59352,0,0
-170438,0,0
-129338,0,0
136722,0,0
164068,0,0
207631,0,0
-33400,0,0
-262075,0,0
129403,0,0
126884,0,0
-51829,0,0
-10121,0,0
8633,0,0
-40071,0,0
165467,0,0
37838,0,0
-43367,0,0
26131,0,0
55592,0,0
101282,0,0
155186,0,0
30743,0,0
58762,0,0
-79092,0,0
-15422,0,0
23913,0,0
121608,0,0
190723,0,0
-77641,0,0
10579,0,0
102604,0,0
-72440,0,0
-35164,0,0
23910,0,0
-34571,0,0
144245,0,0
84208,0,0
49850,0,0
182182,0,0
-24688,0,0
-137546,0,0
-51517,0,0
-90595,0,0
-16967,0,0
-8222,0,0
79847,0,0
148768,0,0
123616,0,0
77062,0,0
38728,0,0
-139134,0,0
79253,0,0
43734,0,0
-56792,0,0
14395,0,0
-6192,0,0
57683,0,0
218302,0,0
80016,0,0
125353,0,0
38364,0,0
-155077,0,0
-147476,0,0
-88055,0,0
55501,0,0
49686,0,0
-53836,0,0
-28598,0,0
-65411,0,0
-228739,0,0
119082,0,0
10411,0,0
111875,0,0
-192279,0,0
-210322,0,0
-237275,0,0
-1461,0,0
40669,0,0
-55968,0,0
-86191,0,0
-133420,0,0
2658,0,0
-2100,0,0
-31682,0,0
5562,0,0
-214556,0,0
-6176,0,0
98065,0,0
-96786,0,0
-280801,0,0
-199643,0,0
55046,0,0
154333,0,0
-8157,0,0
-306188,0,0
302357,0,0
56420,0,0
-229524,0,0
-92605,0,0
-177566,0,0
-86391,0,0
18536,0,0
172400,0,0
114258,0,0
118532,0,0
-79045,0,0
-146155,0,0
-81283,0,0
-14543,0,0
330936,0,0
124208,0,0
-78789,0,0
-71829,0,0
17980,0,0
184903,0,0
177124,0,0
-58144,0,0
-16058,0,0
41487,0,0
111499,0,0
-2534,0,0
-5501,0,0
38993,0,0
-54892,0,0
77562,0,0
89108,0,0
-92047,0,0
115798,0,0
190604,0,0
97448,0,0
-34712,0,0
-144231,0,0
-123530,0,0
16371,0,0
98908,0,0
36601,0,0
160721,0,0
124106,0,0
-41952,0,0
-82418,0,0
46556,0,0
37448,0,0
81092,0,0
178939,0,0
102029,0,0
-112000,0,0
-105351,0,0
-2013,0,0
161747,0,0
-74658,0,0
34929,0,0
200041,0,0
69266,0,0
-94771,0,0
-158994,0,0
-214805,0,0
175987,0,0
455231,0,0
-12511,0,0
-135085,0,0
-92242,0,0
25472,0,0
-23259,0,0
28117,0,0
-156538,0,0
41656,0,0
25107,0,0
253446,0,0
239692,0,0
-223027,0,0
-110425,0,0
99847,0,0
197531,0,0
-58063,0,0
-165392,0,0
-121560,0,0
-78907,0,0
-40644,0,0
121372,0,0
-17046,0,0
3815,0,0
258781,0,0
-31128,0,0
-187465,0,0
-14665,0,0
-4152,0,0
12895,0,0
-187716,0,0
-105088,0,0
-40328,0,0
36584,0,0
-81633,0,0
58181,0,0
-158055,0,0
64874,0,0
148470,0,0
75489,0,0
-125912,0,0
-321786,0,0
44246,0,0
64271,0,0
98592,0,0
181648,0,0
-76650,0,0
-140818,0,0
124996,0,0
27886,0,0
-26664,0,0
43183,0,0
63554,0,0
-42562,0,0
-82401,0,0
71040,0,0
196926,0,0
66088,0,0
-187660,0,0
-205928,0,0
-28558,0,0
2247,0,0
118967,0,0
218115,0,0
-138727,0,0
-229124,0,0
-25353,0,0
116886,0,0
-98531,0,0
-12015,0,0
1798,0,0
55273,0,0
-63203,0,0
-234387,0,0
77691,0,0
283030,0,0
41908,0,0
-116623,0,0
-11274,0,0
80638,0,0
-115435,0,0
-10560,0,0
199612,0,0
121604,0,0
-65145,0,0
-108978,0,0
-22908,0,0
19506,0,0
8864,0,0
14536,0,0
32346,0,0
67079,0,0
-69680,0,0
-39243,0,0
112419,0,0
57466,0,0
30343,0,0
-79143,0,0
-186939,0,0
142425,0,0
32842,0,0
-80792,0,0
-10495,0,0
-328025,0,0
-13687,0,0
463309,0,0
203444,0,0
-238994,0,0
-213844,0,0
160463,0,0
168735,0,0
-48982,0,0
-158732,0,0
-120387,0,0
-195887,0,0
-118029,0,0
91398,0,0
12641,0,0
112351,0,0
88,0,0
180501,0,0
-296639,0,0
-409569,0,0
-96648,0,0
278229,0,0
168454,0,0
-92312,0,0
-253126,0,0
-3813,0,0
9431,0,0
112886,0,0
-116601,0,0
-37048,0,0
72858,0,0
-30508,0,0
96312,0,0
115693,0,0
-16526,0,0
19655,0,0
-18564,0,0
30502,0,0
90114,0,0
135940,0,0
-41611,0,0
-251317,0,0
35641,0,0
244786,0,0
80197,0,0
-141469,0,0
45414,0,0
45954,0,0
-172214,0,0
-89477,0,0
132791,0,0
37740,0,0
-55940,0,0
27719,0,0
83015,0,0
90826,0,0
196341,0,0
-80071,0,0
-51497,0,0
18186,0,0
-42838,0,0
-70194,0,0
25993,0,0
121013,0,0
283232,0,0
93794,0,0
-188585,0,0
-54042,0,0
7354,0,0
158620,0,0
213970,0,0
-119329,0,0
-102815,0,0
22855,0,0
170550,0,0
28657,0,0
-141989,0,0
-22877,0,0
49228,0,0
19745,0,0
29351,0,0
80967,0,0
7270,0,0
17209,0,0
-77739,0,0
-108294,0,0
80447,0,0
81364,0,0
-13969,0,0
-39849,0,0
-66473,0,0
37533,0,0
4388,0,0
77377,0,0
-121978,0,0
12094,0,0
-1279,0,0
-50203,0,0
-2036,0,0
21398,0,0
104083,0,0
-135865,0,0
8385,0,0
-244669,0,0
-10923,0,0
295068,0,0
19403,0,0
-273397,0,0
-152545,0,0
80060,0,0
135114,0,0
323086,0,0
-65248,0,0
-195203,0,0
18365,0,0
-105422,0,0
-20506,0,0
116496,0,0
-11349,0,0
-29665,0,0
-90591,0,0
145158,0,0
191919,0,0
-138810,0,0
-196790,0,0
-301659,0,0
84227,0,0
152108,0,0
133238,0,0
-82395,0,0
-352402,0,0
79831,0,0
-82930,0,0
-47644,0,0
91833,0,0
-127682,0,0
-111468,0,0
-122513,0,0
111323,0,0
106054,0,0
-136552,0,0
68721,0,0
75622,0,0
-110503,0,0
-25585,0,0
20646,0,0
50862,0,0
113632,0,0
-144577,0,0
-140064,0,0
93495,0,0
176632,0,0
92469,0,0
-127307,0,0
-72214,0,0
15510,0,0
76930,0,0
6583,0,0
-79205,0,0
40593,0,0
-53277,0,0
-47153,0,0
17706,0,0
124194,0,0
68070,0,0
-140559,0,0
-3367,0,0
832,0,0
172205,0,0
-228146,0,0
-241897,0,0
-146729,0,0
338260,0,0
298402,0,0
-150710,0,0
-169354,0,0
-21656,0,0
36323,0,0
-227470,0,0
-165261,0,0
-110725,0,0
51338,0,0
274771,0,0
-75321,0,0
-79587,0,0
74237,0,0
222698,0,0
-110891,0,0
-272106,0,0
-284350,0,0
-101923,0,0
229062,0,0
153362,0,0
250703,0,0
-152536,0,0
-111616,0,0
-67881,0,0
30494,0,0
-83399,0,0
54065,0,0
18775,0,0
-144228,0,0
-23621,0,0
38841,0,0
13128,0,0
-56435,0,0
-160839,0,0
-106036,0,0
-33585,0,0
166136,0,0
-157836,0,0
35001,0,0
44408,0,0
112194,0,0
-118133,0,0
-243799,0,0
26055,0,0
38268,0,0
-12619,0,0
3192,0,0
-77985,0,0
153254,0,0
115569,0,0
-42732,0,0
114555,0,0
7408,0,0
-238526,0,0
29527,0,0
17474,0,0
135641,0,0
174261,0,0
-14510,0,0
-61285,0,0
-41457,0,0
7292,0,0
104848,0,0
62879,0,0
22428,0,0
-126211,0,0
-93402,0,0
36866,0,0
-51716,0,0
79606,0,0
227139,0,0
-44233,0,0
-45019,0,0
-27606,0,0
-128320,0,0
-26099,0,0
108932,0,0
35702,0,0
-103343,0,0
-123299,0,0
-7564,0,0
51320,0,0
8277,0,0
56832,0,0
-122013,0,0
58822,0,0
-17477,0,0
-34172,0,0
-2982,0,0
-51913,0,0
-197441,0,0
182202,0,0
253694,0,0
-243353,0,0
-298218,0,0
-119592,0,0
54972,0,0
100876,0,0
-7850,0,0
-242258,0,0
-14292,0,0
134727,0,0
126806,0,0
-68165,0,0
24342,0,0
-183340,0,0
-125422,0,0
-59052,0,0
39148,0,0
52651,0,0
-73746,0,0
-66292,0,0
37262,0,0
67782,0,0
-54343,0,0
-79364,0,0
-129417,0,0
76214,0,0
-91308,0,0
-203579,0,0
61607,0,0
49616,0,0
-111600,0,0
93487,0,0
99446,0,0
-205440,0,0
65133,0,0
43557,0,0
-225192,0,0
-50305,0,0
8554,0,0
15132,0,0
211222,0,0
113424,0,0
-16029,0,0
-290057,0,0
-8398,0,0
130939,0,0
320699,0,0
-1462,0,0
-20180,0,0
78775,0,0
-219461,0,0
42933,0,0
39327,0,0
34868,0,0
42645,0,0
-69277,0,0
49870,0,0
59051,0,0
-27621,0,0
102451,0,0
129965,0,0
-158849,0,0
-117583,0,0
1852,0,0
-55333,0,0
119715,0,0
12672,0,0
-25361,0,0
-52817,0,0
-210806,0,0
-178432,0,0
-27740,0,0
63564,0,0
-101895,0,0
130659,0,0
78474,0,0
-271170,0,0
62904,0,0
-154641,0,0
-180055,0,0
117067,0,0
-42693,0,0
-8647,0,0
-53251,0,0
3474,0,0
-52870,0,0
-2944,0,0
57933,0,0
982,0,0
-45965,0,0
-34166,0,0
80291,0,0
40604,0,0
-84061,0,0
-102944,0,0
-70751,0,0
-126704,0,0
13487,0,0
163306,0,0
-122544,0,0
75403,0,0
202128,0,0
-72512,0,0
-79830,0,0
-184600,0,0
-52531,0,0
-80265,0,0
-87395,0,0
82308,0,0
-39333,0,0
-50870,0,0
116355,0,0
236349,0,0
-54494,0,0
-97920,0,0
119379,0,0
-175870,0,0
-94515,0,0
-270649,0,0
111923,0,0
-34931,0,0
39170,0,0
241122,0,0
-125441,0,0
8394,0,0
26544,0,0
-151319,0,0
-177279,0,0
110956,0,0
-105346,0,0
166018,0,0
112494,0,0
33576,0,0
-42405,0,0
-60028,0,0
-112992,0,0
10342,0,0
-47141,0,0
-104330,0,0
290994,0,0
283726,0,0
-160789,0,0
33452,0,0
-44352,0,0
-24905,0,0
122485,0,0
-107094,0,0
-25416,0,0
-34420,0,0
-84718,0,0
84347,0,0
125178,0,0
10330,0,0
45911,0,0
26327,0,0
-20246,0,0
-84725,0,0
9552,0,0
-10357,0,0
-66292,0,0
25881,0,0
143773,0,0
-16018,0,0
-46155,0,0
-248326,0,0
38445,0,0
88668,0,0
150380,0,0
51015,0,0
-154138,0,0
-131457,0,0
218925,0,0
-3284,0,0
-111059,0,0
54086,0,0
-73167,0,0
-36494,0,0
-44273,0,0
-62644,0,0
73416,0,0
42158,0,0
48962,0,0
-126169,0,0
-100808,0,0
88374,0,0
205203,0,0
-174205,0,0
-245232,0,0
-61007,0,0
73633,0,0
-102466,0,0
62067,0,0
113183,0,0
263319,0,0
-95107,0,0
-239299,0,0
-41654,0,0
-3574,0,0
44408,0,0
-86545,0,0
-33649,0,0
-40400,0,0
-61950,0,0
199779,0,0
17266,0,0
-4856,0,0
-50429,0,0
-12019,0,0
-72598,0,0
-86284,0,0
-282406,0,0
-3643,0,0
211078,0,0
133244,0,0
313576,0,0
-201974,0,0
-434047,0,0
-128287,0,0
471282,0,0
96688,0,0
-100586,0,0
5309,0,0
34857,0,0
199746,0,0
160242,0,0
-214108,0,0
-36848,0,0
2268,0,0
-130822,0,0
-52145,0,0
435425,0,0
282246,0,0
-46712,0,0
35121,0,0
-150122,0,0
-211442,0,0
-90584,0,0
147526,0,0
23860,0,0
75198,0,0
63227,0,0
10518,0,0
16168,0,0
25586,0,0
-60351,0,0
-84604,0,0
-80294,0,0
156328,0,0
308375,0,0
-66185,0,0
-38914,0,0
29285,0,0
6177,0,0
11732,0,0
89627,0,0
77793,0,0
21712,0,0
-60277,0,0
19955,0,0
153880,0,0
-2184,0,0
50943,0,0
91766,0,0
-37947,0,0
11146,0,0
-73424,0,0
-146573,0,0
-133293,0,0
29576,0,0
49638,0,0
114055,0,0
-80466,0,0
-249803,0,0
-28158,0,0
245407,0,0
-204943,0,0
-128847,0,0
-60256,0,0
8789,0,0
36643,0,0
66550,0,0
-161600,0,0
-171440,0,0
91363,0,0
171174,0,0
-20024,0,0
9685,0,0
-144860,0,0
-92851,0,0
30498,0,0
-132737,0,0
-156448,0,0
200779,0,0
149082,0,0
-16607,0,0
-112383,0,0
-232126,0,0
-182648,0,0
87653,0,0
69254,0,0
7527,0,0
143945,0,0
-137697,0,0
-368739,0,0
242648,0,0
210289,0,0
216856,0,0
-210379,0,0
-134455,0,0
171139,0,0
112788,0,0
134612,0,0
71826,0,0
-11755,0,0
65494,0,0
-128543,0,0
126939,0,0
343817,0,0
259634,0,0
-48595,0,0
-67074,0,0
134245,0,0
254750,0,0
188581,0,0
-131822,0,0
11305,0,0
98566,0,0
11536,0,0
63857,0,0
246822,0,0
84281,0,0
-12341,0,0
45008,0,0
8597,0,0
1923,0,0
178144,0,0
8748,0,0
-28528,0,0
6976,0,0
175952,0,0
39292,0,0
-155399,0,0
-163087,0,0
46418,0,0
156486,0,0
62990,0,0
-25838,0,0
-127462,0,0
-23897,0,0
-70463,0,0
-158162,0,0
106109,0,0
-20022,0,0
-80890,0,0
53478,0,0
80116,0,0
-124858,0,0
-231922,0,0
-133874,0,0
-81514,0,0
47509,0,0
99704,0,0
30979,0,0
81335,0,0
-224386,0,0
-191508,0,0
-144571,0,0
-108366,0,0
-94206,0,0
160846,0,0
15164,0,0
-112743,0,0
-24720,0,0
180655,0,0
-219049,0,0
-258620,0,0
217572,0,0
-7416,0,0
-129220,0,0
77962,0,0
19232,0,0
-15185,0,0
-19826,0,0
5210,0,0
5806,0,0
11953,0,0
-67366,0,0
-29834,0,0
36191,0,0
2250,0,0
227430,0,0
117676,0,0
34833,0,0
-22862,0,0
-226335,0,0
-145111,0,0
417797,0,0
146928,0,0
-184572,0,0
-112141,0,0
-20927,0,0
235961,0,0
184920,0,0
11038,0,0
-25228,0,0
-43728,0,0
75078,0,0
168932,0,0
-16862,0,0
-37388,0,0
-239590,0,0
23671,0,0
336750,0,0
168435,0,0
24014,0,0
-56881,0,0
-122145,0,0
-65539,0,0
-89785,0,0
108527,0,0
75408,0,0
84800,0,0
126212,0,0
9404,0,0
-32975,0,0
-48253,0,0
7593,0,0
-6042,0,0
33733,0,0
175344,0,0
38542,0,0
8294,0,0
-2846,0,0
-689,0,0
136429,0,0
-9767,0,0
-138940,0,0
-41008,0,0
-16715,0,0
93345,0,0
92837,0,0
-41137,0,0
38486,0,0
4023,0,0
-142579,0,0
-51308,0,0
-30331,0,0
-60184,0,0
-113941,0,0
-126759,0,0
160464,0,0
29568,0,0
-107505,0,0
-14095,0,0
-201780,0,0
-115531,0,0
-27692,0,0
74933,0,0
-199097,0,0
-215760,0,0
-27968,0,0
43770,0,0
159429,0,0
-23244,0,0
-137147,0,0
-1787,0,0
44266,0,0
2342,0,0
-216267,0,0
-100187,0,0
2038,0,0
184588,0,0
246231,0,0
-64121,0,0
-285940,0,0
-324514,0,0
-56884,0,0
82116,0,0
157126,0,0
155160,0,0
491601,0,0
-239198,0,0
-631880,0,0
-233025,0,0
-49089,0,0
208035,0,0
360134,0,0
450906,0,0
-188691,0,0
-194884,0,0
-161723,0,0
69990,0,0
78303,0,0
135131,0,0
150439,0,0
208407,0,0
190814,0,0
8154,0,0
-134201,0,0
-78840,0,0
44248,0,0
-45239,0,0
121915,0,0
254149,0,0
5963,0,0
-7576,0,0
-114941,0,0
-140589,0,0
50252,0,0
16840,0,0
-84116,0,0
-22104,0,0
155745,0,0
-13244,0,0
-78643,0,0
-211387,0,0
-57481,0,0
-70299,0,0
-13239,0,0
133286,0,0
1709,0,0
24592,0,0
-62583,0,0
-66912,0,0
-268350,0,0
-7034,0,0
43575,0,0
-65243,0,0
37478,0,0
96944,0,0
-189267,0,0
-175578,0,0
-10857,0,0
-110939,0,0
45524,0,0
-58457,0,0
36548,0,0
-203379,0,0
25766,0,0
124605,0,0
40913,0,0
-60163,0,0
-192660,0,0
-22575,0,0
59880,0,0
-123973,0,0
-3127,0,0
185498,0,0
17430,0,0
32198,0,0
4437,0,0
123764,0,0
-70110,0,0
-20959,0,0
8535,0,0
89037,0,0
141489,0,0
14939,0,0
-52485,0,0
-142222,0,0
-329456,0,0
218131,0,0
205715,0,0
234697,0,0
292074,0,0
-170776,0,0
-207627,0,0
-93267,0,0
-86688,0,0
3580,0,0
73927,0,0
248858,0,0
156842,0,0
5657,0,0
-65697,0,0
86767,0,0
-44396,0,0
-34372,0,0
66202,0,0
154349,0,0
-5432,0,0
-284393,0,0
-208964,0,0
154274,0,0
471863,0,0
152875,0,0
-154145,0,0
-94225,0,0
-87000,0,0
-128688,0,0
-112166,0,0
-51125,0,0
-33931,0,0
234095,0,0
61236,0,0
-60175,0,0
56476,0,0
-57607,0,0
-10729,0,0
-27828,0,0
11736,0,0
-28606,0,0
-29637,0,0
75021,0,0
-45956,0,0
-50541,0,0
-49690,0,0
-69137,0,0
20275,0,0
-79253,0,0
51339,0,0
-164473,0,0
-33069,0,0
188998,0,0
-111543,0,0
-56651,0,0
-108513,0,0
-9228,0,0
-90368,0,0
-152125,0,0
207530,0,0
-45666,0,0
-69117,0,0
-6451,0,0
-22275,0,0
-121722,0,0
-122378,0,0
100394,0,0
84695,0,0
-19732,0,0
-76476,0,0
226618,0,0
147205,0,0
-11452,0,0
-97970,0,0
-66547,0,0
-19142,0,0
33928,0,0
1965,0,0
9704,0,0
83062,0,0
221322,0,0
-87461,0,0
-56677,0,0
175865,0,0
2930,0,0
-63886,0,0
212997,0,0
-18769,0,0
-173206,0,0
47020,0,0
215963,0,0
47266,0,0
-103974,0,0
-9237,0,0
148968,0,0
-2244,0,0
-157726,0,0
-99938,0,0
233431,0,0
112832,0,0
-232807,0,0
-96723,0,0
278009,0,0
175219,0,0
-73335,0,0
-156310,0,0
-85722,0,0
13666,0,0
95987,0,0
8788,0,0
-46088,0,0
-39049,0,0
30330,0,0
21021,0,0
40268,0,0
14852,0,0
128698,0,0
-12036,0,0
-5531,0,0
-25998,0,0
2705,0,0
63275,0,0
-85730,0,0
15679,0,0
32393,0,0
-121393,0,0
-66946,0,0
156716,0,0
98337,0,0
-89388,0,0
-133979,0,0
186181,0,0
154470,0,0
-164472,0,0
-95800,0,0
10601,0,0
160563,0,0
-48240,0,0
-90586,0,0
36925,0,0
210887,0,0
68382,0,0
-25861,0,0
-82819,0,0
223528,0,0
128494,0,0
-58521,0,0
-88511,0,0
250266,0,0
9313,0,0
-10003,0,0
-1483,0,0
50138,0,0
132227,0,0
-2719,0,0
158061,0,0
208599,0,0
-58459,0,0
-237819,0,0
5636,0,0
-88734,0,0
81285,0,0
52019,0,0
2966,0,0
123244,0,0
-184969,0,0
360345,0,0
169150,0,0
-106439,0,0
-145663,0,0
-96000,0,0
-34253,0,0
87106,0,0
89178,0,0
34616,0,0
22269,0,0
38775,0,0
64828,0,0
58289,0,0
122516,0,0
-37482,0,0
-135347,0,0
-49055,0,0
-106477,0,0
36336,0,0
56374,0,0
-14554,0,0
99077,0,0
-170852,0,0
51249,0,0
270073,0,0
-6967,0,0
-119758,0,0
-138333,0,0
-2746,0,0
58026,0,0
94224,0,0
-296,0,0
16662,0,0
94081,0,0
29140,0,0
-79764,0,0
134521,0,0
288652,0,0
-68779,0,0
-264307,0,0
-99059,0,0
129061,0,0
91324,0,0
65669,0,0
-138353,0,0
-204610,0,0
207766,0,0
-19296,0,0
-337616,0,0
134560,0,0
102865,0,0
-287201,0,0
-218893,0,0
233230,0,0
326934,0,0
-53955,0,0
-240621,0,0
54877,0,0
-188304,0,0
-67115,0,0
249310,0,0
69063,0,0
-198770,0,0
-80105,0,0
-7575,0,0
142913,0,0
56211,0,0
-134460,0,0
-91709,0,0
80159,0,0
108839,0,0
297411,0,0
-18204,0,0
-292476,0,0
-186977,0,0
-38031,0,0
144768,0,0
180188,0,0
-89514,0,0
-52066,0,0
-12378,0,0
92292,0,0
-15689,0,0
-18835,0,0
84017,0,0
-54033,0,0
-109017,0,0
-879,0,0
199306,0,0
-134018,0,0
-106895,0,0
4448,0,0
-224423,0,0
28150,0,0
222601,0,0
-53028,0,0
-64395,0,0
-168310,0,0
-130891,0,0
19066,0,0
68040,0,0
-114072,0,0
-22976,0,0
26975,0,0
-71192,0,0
-160286,0,0
116413,0,0
90379,0,0
147491,0,0
-138612,0,0
-168978,0,0
-111228,0,0
35868,0,0
106899,0,0
71243,0,0
38509,0,0
-88160,0,0
-55469,0,0
-21006,0,0
139479,0,0
74347,0,0
-145815,0,0
-167883,0,0
-61141,0,0
-57195,0,0
144112,0,0
145850,0,0
-48062,0,0
-80630,0,0
-168923,0,0
94588,0,0
-12882,0,0
-152307,0,0
3442,0,0
2192,0,0
7641,0,0
110741,0,0
-47875,0,0
-288416,0,0
240006,0,0
-52315,0,0
79903,0,0
162044,0,0
-173773,0,0
-156404,0,0
-31690,0,0
131808,0,0
27769,0,0
-55892,0,0
84534,0,0
-127683,0,0
-16281,0,0
164996,0,0
-230807,0,0
-134097,0,0
9458,0,0
-160521,0,0
342468,0,0
277019,0,0
-318600,0,0
-295652,0,0
-59833,0,0
-8610,0,0
66497,0,0
-51269,0,0
-268955,0,0
-109343,0,0
52328,0,0
142201,0,0
120610,0,0
-92190,0,0
49664,0,0
-188236,0,0
-152889,0,0
-45592,0,0
175412,0,0
90368,0,0
-116521,0,0
-147310,0,0
-88749,0,0
-127797,0,0
241380,0,0
240339,0,0
61297,0,0
-147045,0,0
-44952,0,0
154315,0,0
-135847,0,0
-24304,0,0
76823,0,0
116704,0,0
75738,0,0
-206764,0,0
-21300,0,0
211326,0,0
18863,0,0
142317,0,0
-46544,0,0
11798,0,0
2811,0,0
-13272,0,0
54099,0,0
75203,0,0
-40898,0,0
-52015,0,0
151250,0,0
26345,0,0
40449,0,0
94996,0,0
-140140,0,0
-130363,0,0
-34800,0,0
10292,0,0
136706,0,0
172448,0,0
74073,0,0
-50696,0,0
-83860,0,0
76592,0,0
203662,0,0
-85391,0,0
16162,0,0
-56877,0,0
82946,0,0
-26165,0,0
-116877,0,0
-39021,0,0
170830,0,0
254747,0,0
-68115,0,0
-39135,0,0
225849,0,0
-29994,0,0
46159,0,0
2931,0,0
-41827,0,0
24527,0,0
16782,0,0
-95332,0,0
45636,0,0
121136,0,0
-46474,0,0
-12858,0,0
121650,0,0
42571,0,0
169614,0,0
208249,0,0
-130645,0,0
-88415,0,0
-64017,0,0
2987,0,0
-82776,0,0
27814,0,0
-155905,0,0
201437,0,0
458138,0,0
-16100,0,0
-187386,0,0
-163638,0,0
-165932,0,0
107037,0,0
171875,0,0
132283,0,0
-43126,0,0
-112395,0,0
-101477,0,0
-72257,0,0
192224,0,0
-85887,0,0
-85460,0,0
52716,0,0
-150392,0,0
-31179,0,0
145495,0,0
-22774,0,0
56933,0,0
-12224,0,0
-78905,0,0
-74931,0,0
-26714,0,0
-78641,0,0
-97831,0,0
-71988,0,0
226750,0,0
-90858,0,0
87540,0,0
19863,0,0
-8180,0,0
230533,0,0
14124,0,0
-49545,0,0
-225622,0,0
-190179,0,0
-114736,0,0
177347,0,0
232698,0,0
49876,0,0
-17515,0,0
-155742,0,0
108690,0,0
-138248,0,0
-105996,0,0
180927,0,0
11182,0,0
-234435,0,0
176978,0,0
298137,0,0
-21762,0,0
-174003,0,0
-110820,0,0
24785,0,0
-22839,0,0
12737,0,0
236453,0,0
36553,0,0
56076,0,0
173605,0,0
133777,0,0
-42332,0,0
10473,0,0
70569,0,0
-46471,0,0
205264,0,0
74408,0,0
79358,0,0
87312,0,0
-69975,0,0
-1125,0,0
27134,0,0
95446,0,0
141061,0,0
68086,0,0
12273,0,0
68811,0,0
-169567,0,0
68956,0,0
217486,0,0
-16585,0,0
-57347,0,0
-44877,0,0
-168359,0,0
-14661,0,0
184162,0,0
129618,0,0
-9069,0,0
75178,0,0
19090,0,0
20986,0,0
-10445,0,0
-216432,0,0
-278229,0,0
272521,0,0
317246,0,0
214782,0,0
-176694,0,0
-285903,0,0
-12726,0,0
-101444,0,0
181345,0,0
145622,0,0
-24157,0,0
8649,0,0
6578,0,0
-125704,0,0
-89671,0,0
94950,0,0
-33329,0,0
78791,0,0
-20980,0,0
-98579,0,0
-62358,0,0
6748,0,0
51476,0,0
192111,0,0
-4973,0,0
-133537,0,0
-152163,0,0
-99569,0,0
54668,0,0
-129644,0,0
-73289,0,0
257502,0,0
-37620,0,0
67855,0,0
-81241,0,0
-48903,0,0
-102818,0,0
-42033,0,0
188333,0,0
49177,0,0
-175293,0,0
-172583,0,0
-80566,0,0
-223910,0,0
269180,0,0
79305,0,0
15596,0,0
26180,0,0
-151407,0,0
-30596,0,0
-28185,0,0
-16084,0,0
-64096,0,0
-126158,0,0
-207207,0,0
-57250,0,0
122506,0,0
-19572,0,0
81975,0,0
32180,0,0
-153947,0,0
127564,0,0
-68820,0,0
-83068,0,0
26442,0,0
-83709,0,0
-77251,0,0
161403,0,0
-39746,0,0
100587,0,0
206719,0,0
-56806,0,0
16290,0,0
-39549,0,0
-51162,0,0
140480,0,0
-70463,0,0
40958,0,0
-152078,0,0
-78449,0,0
216635,0,0
132828,0,0
-35557,0,0
-54987,0,0
18496,0,0
43030,0,0
-119467,0,0
-251466,0,0
-94956,0,0
-95281,0,0
-60984,0,0
316524,0,0
9319,0,0
-24335,0,0
-185786,0,0
68486,0,0
73076,0,0
-216811,0,0
76489,0,0
-137496,0,0
-68466,0,0
143258,0,0
136585,0,0
-367,0,0
-215086,0,0
-45948,0,0
88518,0,0
74975,0,0
-9887,0,0
-237994,0,0
-80503,0,0
-122676,0,0
-83776,0,0
198723,0,0
263440,0,0
17549,0,0
-96886,0,0
-309708,0,0
-176842,0,0
-59710,0,0
3065,0,0
7672,0,0
84721,0,0
24079,0,0
63105,0,0
-69332,0,0
-44538,0,0
-77679,0,0
-29599,0,0
-6926,0,0
-84268,0,0
-28435,0,0
104142,0,0
199991,0,0
-45424,0,0
-148797,0,0
-42551,0,0
-67317,0,0
708,0,0
-51379,0,0
181454,0,0
-20639,0,0
-94421,0,0
51337,0,0
24386,0,0
-112856,0,0
74482,0,0
-28751,0,0
-81531,0,0
70760,0,0
-117999,0,0
203501,0,0
11530,0,0
13286,0,0
-97296,0,0
-7812,0,0
191460,0,0
200477,0,0
-13933,0,0
-199120,0,0
-128875,0,0
118356,0,0
291281,0,0
130742,0,0
-33746,0,0
18687,0,0
147751,0,0
156239,0,0
-183743,0,0
-59347,0,0
87938,0,0
192998,0,0
183928,0,0
-182774,0,0
-92763,0,0
103879,0,0
215344,0,0
135544,0,0
-178609,0,0
-58981,0,0
113292,0,0
-4567,0,0
-94029,0,0
-69346,0,0
162951,0,0
42395,0,0
12103,0,0
-161812,0,0
-117319,0,0
-131109,0,0
-36906,0,0
-58555,0,0
-143644,0,0
-59036,0,0
18199,0,0
46169,0,0
-153189,0,0
-200215,0,0
-143666,0,0
-124447,0,0
119097,0,0
-177252,0,0
-164066,0,0
-198996,0,0
143993,0,0
-47435,0,0
-146358,0,0
59851,0,0
-210860,0,0
-328516,0,0
-226096,0,0
43531,0,0
191898,0,0
51862,0,0
-179295,0,0
-331688,0,0
62018,0,0
93040,0,0
20717,0,0
-123277,0,0
-258995,0,0
-94886,0,0
-106953,0,0
215085,0,0
40758,0,0
771,0,0
-94974,0,0
-70242,0,0
-97196,0,0
87291,0,0
161690,0,0
306671,0,0
-108914,0,0
-227098,0,0
-65776,0,0
214495,0,0
-132024,0,0
685,0,0
129993,0,0
-75258,0,0
203599,0,0
-9689,0,0
-316,0,0
-15393,0,0
-135851,0,0
151829,0,0
125562,0,0
-171773,0,0
-8564,0,0
-52862,0,0
-23632,0,0
35038,0,0
117201,0,0
-15094,0,0
171699,0,0
10725,0,0
-180429,0,0
-106713,0,0
-126802,0,0
101417,0,0
183726,0,0
405,0,0
-158702,0,0
-163191,0,0
-23948,0,0
132005,0,0
239874,0,0
58894,0,0
-136490,0,0
-78241,0,0
-209908,0,0
-119151,0,0
120648,0,0
126371,0,0
73546,0,0
-61362,0,0
-10042,0,0
78859,0,0
1236,0,0
-150102,0,0
-85247,0,0
-223986,0,0
-43780,0,0
176240,0,0
80610,0,0
-77071,0,0
76387,0,0
-112189,0,0
-218425,0,0
-265653,0,0
-172069,0,0
408022,0,0
263950,0,0
-142831,0,0
-208703,0,0
-145037,0,0
147433,0,0
32184,0,0
28843,0,0
4122,0,0
-276029,0,0
-256932,0,0
54316,0,0
479661,0,0
288162,0,0
-61290,0,0
-215819,0,0
-56100,0,0
-117585,0,0
-53905,0,0
73453,0,0
112449,0,0
-88502,0,0
-70473,0,0
80026,0,0
235871,0,0
29178,0,0
-60242,0,0
68415,0,0
-21145,0,0
-30042,0,0
92561,0,0
82793,0,0
32478,0,0
64013,0,0
-20347,0,0
320600,0,0
135784,0,0
-110189,0,0
-66703,0,0
133990,0,0
156179,0,0
-27284,0,0
-79870,0,0
-148459,0,0
69559,0,0
125862,0,0
143627,0,0
115338,0,0
-30779,0,0
-29101,0,0
-127708,0,0
27454,0,0
109496,0,0
18601,0,0
-88444,0,0
-7316,0,0
-82590,0,0
44393,0,0
216263,0,0
38250,0,0
-43317,0,0
-48737,0,0
-70557,0,0
-64874,0,0
90379,0,0
25619,0,0
-22706,0,0
100753,0,0
69504,0,0
-166925,0,0
-104655,0,0
-69414,0,0
-55769,0,0
-48864,0,0
126164,0,0
151365,0,0
-60551,0,0
-282367,0,0
-256711,0,0
-124292,0,0
186081,0,0
44162,0,0
181213,0,0
-177930,0,0
-167425,0,0
-147297,0,0
89092,0,0
29477,0,0
-256712,0,0
-56938,0,0
17654,0,0
38586,0,0
79218,0,0
-119422,0,0
-52061,0,0
64900,0,0
87631,0,0
65656,0,0
-104757,0,0
-101044,0,0
-48082,0,0
-25216,0,0
108054,0,0
5450,0,0
-21772,0,0
37054,0,0
113187,0,0
148733,0,0
-133346,0,0
-32818,0,0
157990,0,0
-5689,0,0
-27202,0,0
4236,0,0
-105018,0,0
-35002,0,0
133821,0,0
70877,0,0
87190,0,0
47509,0,0
49632,0,0
-58674,0,0
-47702,0,0
27868,0,0
-39894,0,0
-57728,0,0
154610,0,0
215028,0,0
-79461,0,0
30299,0,0
-79999,0,0
106069,0,0
167962,0,0
-98372,0,0
-142040,0,0
28246,0,0
213752,0,0
-214033,0,0
-217011,0,0
97995,0,0
421360,0,0
365173,0,0
-194404,0,0
-159801,0,0
-186969,0,0
-70845,0,0
221239,0,0
319517,0,0
109907,0,0
-105824,0,0
-129817,0,0
64862,0,0
179669,0,0
87671,0,0
38784,0,0
76201,0,0
256287,0,0
-13210,0,0
-69887,0,0
-91884,0,0
295360,0,0
62504,0,0
14335,0,0
166755,0,0
-21247,0,0
93461,0,0
29110,0,0
-207529,0,0
96496,0,0
291896,0,0
116112,0,0
-81069,0,0
-12317,0,0
-14987,0,0
217725,0,0
118244,0,0
-79159,0,0
4809,0,0
95726,0,0
35299,0,0
150520,0,0
97063,0,0
-124398,0,0
-25543,0,0
124549,0,0
-72544,0,0
124559,0,0
157893,0,0
52824,0,0
69677,0,0
-60345,0,0
-60309,0,0
-24978,0,0
-27538,0,0
31849,0,0
136836,0,0
153860,0,0
-91744,0,0
-224351,0,0
-85328,0,0
120123,0,0
37870,0,0
222993,0,0
-173291,0,0
-81160,0,0
55551,0,0
-39059,0,0
-8075,0,0
-79284,0,0
-82871,0,0
251448,0,0
108119,0,0
-54539,0,0
-78806,0,0
-154771,0,0
114896,0,0
234156,0,0
142321,0,0
-139165,0,0
72470,0,0
-54171,0,0
-245805,0,0
-5439,0,0
86458,0,0
104466,0,0
-45048,0,0
232838,0,0
208918,0,0
-150368,0,0
-111980,0,0
45484,0,0
-80236,0,0
156036,0,0
13690,0,0
-98583,0,0
-63572,0,0
63893,0,0
220408,0,0
44993,0,0
-69630,0,0
-151835,0,0
-153028,0,0
128667,0,0
275197,0,0
-37738,0,0
-25940,0,0
-55993,0,0
148945,0,0
255709,0,0
19341,0,0
-228135,0,0
-70750,0,0
33289,0,0
182473,0,0
114019,0,0
23986,0,0
50664,0,0
130120,0,0
63666,0,0
18462,0,0
-36707,0,0
124972,0,0
119023,0,0
-59856,0,0
32585,0,0
-32565,0,0
-13121,0,0
145017,0,0
-135115,0,0
-24806,0,0
74791,0,0
118708,0,0
88569,0,0
-151114,0,0
-203591,0,0
-228047,0,0
-10591,0,0
144389,0,0
12788,0,0
17915,0,0
58150,0,0
-22817,0,0
-141343,0,0
-74962,0,0
-47882,0,0
-154728,0,0
85377,0,0
47330,0,0
-69324,0,0
3241,0,0
37369,0,0
57120,0,0
119201,0,0
131120,0,0
-63719,0,0
44286,0,0
-38083,0,0
19205,0,0
79896,0,0
-2572,0,0
1494,0,0
166631,0,0
9627,0,0
138622,0,0
216916,0,0
-86127,0,0
-171891,0,0
-219456,0,0
156097,0,0
249949,0,0
1211,0,0
-106617,0,0
-70094,0,0
62041,0,0
63320,0,0
-66652,0,0
-45010,0,0
68423,0,0
269952,0,0
66836,0,0
-33690,0,0
-79982,0,0
-38270,0,0
-85554,0,0
24116,0,0
119274,0,0
118324,0,0
65337,0,0
-25611,0,0
-13706,0,0
-102840,0,0
212443,0,0
140898,0,0
-5265,0,0
-278324,0,0
62233,0,0
-231437,0,0
-60298,0,0
199221,0,0
239308,0,0
-17173,0,0
-170399,0,0
-121521,0,0
152943,0,0
110615,0,0
-127730,0,0
-120662,0,0
-113123,0,0
32243,0,0
119901,0,0
30628,0,0
-148973,0,0
-127792,0,0
82192,0,0
216283,0,0
-106088,0,0
-117834,0,0
-411924,0,0
-272139,0,0
-131632,0,0
235989,0,0
135591,0,0
194261,0,0
84117,0,0
-349342,0,0
-386003,0,0
-42787,0,0
-7882,0,0
-39427,0,0
-3451,0,0
24408,0,0
-156955,0,0
-79579,0,0
-36697,0,0
167626,0,0
-83823,0,0
-7064,0,0
4283,0,0
59146,0,0
30015,0,0
-39051,0,0
-256895,0,0
-55588,0,0
86481,0,0
-31283,0,0
-87124,0,0
96348,0,0
141249,0,0
214899,0,0
73030,0,0
-190274,0,0
-3348,0,0
3833,0,0
40392,0,0
-41888,0,0
65871,0,0
79813,0,0
136438,0,0
42571,0,0
109441,0,0
-75306,0,0
-80209,0,0
-21396,0,0
-40986,0,0
114718,0,0
131207,0,0
-66649,0,0
87327,0,0
-16481,0,0
7142,0,0
31638,0,0
-143961,0,0
20729,0,0
-65733,0,0
31616,0,0
289452,0,0
48267,0,0
-243748,0,0
-177131,0,0
31466,0,0
90372,0,0
107524,0,0
110952,0,0
-66310,0,0
46229,0,0
172481,0,0
-221516,0,0
-194525,0,0
51172,0,0
25918,0,0
-87575,0,0
4344,0,0
212127,0,0
97490,0,0
-116072,0,0
-190295,0,0
-16360,0,0
-86919,0,0
-79525,0,0
-137847,0,0
-136175,0,0
38324,0,0
46698,0,0
-46446,0,0
54441,0,0
130164,0,0
-348365,0,0
-199398,0,0
80791,0,0
-35391,0,0
-303387,0,0
20830,0,0
157329,0,0
154158,0,0
-131401,0,0
-249147,0,0
-6187,0,0
83044,0,0
-55325,0,0
-33754,0,0
-185631,0,0
86012,0,0
157956,0,0
-34350,0,0
59245,0,0
-328738,0,0
-254433,0,0
276471,0,0
19171,0,0
21592,0,0
78874,0,0
-48466,0,0
-92371,0,0
-73965,0,0
77114,0,0
130266,0,0
158247,0,0
-142328,0,0
-283977,0,0
21488,0,0
21347,0,0
145792,0,0
282503,0,0
-47460,0,0
-120717,0,0
-68944,0,0
-5751,0,0
93450,0,0
-41512,0,0
28762,0,0
8005,0,0
27430,0,0
-5578,0,0
58862,0,0
94010,0,0
-110542,0,0
-51363,0,0
-20794,0,0
47872,0,0
-83819,0,0
45707,0,0
-13912,0,0
28332,0,0
166170,0,0
-134944,0,0
-78223,0,0
-24345,0,0
110695,0,0
125899,0,0
-60645,0,0
-92157,0,0
-129459,0,0
-4526,0,0
-136826,0,0
-41255,0,0
49946,0,0
61074,0,0
139864,0,0
-67583,0,0
-13312,0,0
-53257,0,0
-192547,0,0
27969,0,0
20720,0,0
126875,0,0
22244,0,0
20217,0,0
-116986,0,0
-63487,0,0
206003,0,0
-56601,0,0
-70823,0,0
-50593,0,0
144845,0,0
2560,0,0
230248,0,0
-36463,0,0
-170374,0,0
-57984,0,0
-83195,0,0
157072,0,0
79434,0,0
139125,0,0
-679,0,0
-46297,0,0
-196434,0,0
-71707,0,0
27749,0,0
137327,0,0
-24011,0,0
122300,0,0
-112063,0,0
-65292,0,0
-101763,0,0
-13059,0,0
151647,0,0
66899,0,0
58551,0,0
-89448,0,0
-79465,0,0
19524,0,0
193765,0,0
-14835,0,0
-64054,0,0
90592,0,0
25556,0,0
118668,0,0
-27163,0,0
-49010,0,0
-62335,0,0
101113,0,0
109403,0,0
7219,0,0
-588,0,0
106519,0,0
124628,0,0
-22824,0,0
-76716,0,0
-166557,0,0
2095,0,0
78394,0,0
14458,0,0
-29210,0,0
-71680,0,0
24723,0,0
90236,0,0
53672,0,0
-65730,0,0
-146214,0,0
5721,0,0
-145407,0,0
113030,0,0
26745,0,0
-43095,0,0
-47147,0,0
63218,0,0
95855,0,0
-15188,0,0
-175026,0,0
-164740,0,0
4418,0,0
-11092,0,0
85432,0,0
112650,0,0
-130896,0,0
-143670,0,0
-60434,0,0
129716,0,0
88370,0,0
-184949,0,0
-28081,0,0
142916,0,0
-58404,0,0
-215056,0,0
-18621,0,0
77928,0,0
-156350,0,0
27784,0,0
-15265,0,0
132606,0,0
128799,0,0
102842,0,0
-90592,0,0
-388768,0,0
-137311,0,0
124975,0,0
215627,0,0
26976,0,0
54426,0,0
240609,0,0
317467,0,0
-124762,0,0
-164922,0,0
13995,0,0
-21779,0,0
44191,0,0
28946,0,0
7543,0,0
156925,0,0
234662,0,0
-92653,0,0
-55481,0,0
163005,0,0
264008,0,0
146011,0,0
24420,0,0
-179946,0,0
-144734,0,0
33223,0,0
-15542,0,0
112868,0,0
-117801,0,0
-63895,0,0
88087,0,0
168514,0,0
64709,0,0
90252,0,0
33358,0,0
-169371,0,0
-154728,0,0
-117097,0,0
40563,0,0
19655,0,0
-40348,0,0
156961,0,0
-20172,0,0
-85625,0,0
-165274,0,0
-166115,0,0
1289,0,0
24430,0,0
240565,0,0
-141268,0,0
-205785,0,0
55907,0,0
-34671,0,0
-157509,0,0
-59519,0,0
6150,0,0
-2781,0,0
-167411,0,0
33588,0,0
202968,0,0
-128303,0,0
-122865,0,0
32655,0,0
-14491,0,0
2836,0,0
-148387,0,0
-277857,0,0
-215246,0,0
35037,0,0
161088,0,0
34865,0,0
270108,0,0
137964,0,0
-289213,0,0
-369758,0,0
-168164,0,0
151336,0,0
50988,0,0
59179,0,0
-299207,0,0
-19943,0,0
231337,0,0
33822,0,0
-177079,0,0
63191,0,0
283360,0,0
28361,0,0
-118038,0,0
-41511,0,0
85065,0,0
-15411,0,0
35253,0,0
236581,0,0
-54156,0,0
-13076,0,0
62457,0,0
-4163,0,0
223776,0,0
884,0,0
73475,0,0
111305,0,0
55113,0,0
29010,0,0
-156456,0,0
-3464,0,0
251154,0,0
2607,0,0
-18444,0,0
116105,0,0
99240,0,0
72341,0,0
-51478,0,0
-67931,0,0
58648,0,0
85215,0,0
-148414,0,0
199391,0,0
118685,0,0
14616,0,0
-132155,0,0
33169,0,0
144602,0,0
16086,0,0
21545,0,0
-44833,0,0
-53413,0,0
-19953,0,0
-57933,0,0
7994,0,0
105349,0,0
-48837,0,0
-138650,0,0
-90992,0,0
-124778,0,0
-15708,0,0
57154,0,0
61314,0,0
-214404,0,0
-147098,0,0
-2775,0,0
3170,0,0
-34991,0,0
-158664,0,0
-272242,0,0
-190402,0,0
-163215,0,0
92876,0,0
242219,0,0
-18770,0,0
702,0,0
3214,0,0
-373784,0,0
-350576,0,0
-189439,0,0
-4200,0,0
425793,0,0
5839,0,0
-239015,0,0
-37054,0,0
-78634,0,0
68492,0,0
104900,0,0
-71578,0,0
-196567,0,0
-92757,0,0
139455,0,0
31625,0,0
-59244,0,0
-104300,0,0
-24174,0,0
171710,0,0
141957,0,0
31039,0,0
-119211,0,0
-14483,0,0
22603,0,0
84988,0,0
128682,0,0
-197966,0,0
8363,0,0
122753,0,0
41127,0,0
151808,0,0
-68680,0,0
-69924,0,0
185177,0,0
129457,0,0
-85250,0,0
-73106,0,0
41867,0,0
263978,0,0
9478,0,0
3250,0,0
-92846,0,0
15797,0,0
112459,0,0
-40945,0,0
-662,0,0
58111,0,0
129103,0,0
23592,0,0
75700,0,0
-20980,0,0
-58636,0,0
83531,0,0
50888,0,0
85561,0,0
-228745,0,0
-136483,0,0
144557,0,0
390945,0,0
260679,0,0
-244239,0,0
-207793,0,0
73392,0,0
159583,0,0
112207,0,0
-152825,0,0
-136141,0,0
91946,0,0
72234,0,0
48190,0,0
12021,0,0
-71633,0,0
-111894,0,0
-117,0,0
34433,0,0
-62924,0,0
-152030,0,0
49437,0,0
-75428,0,0
-18587,0,0
48867,0,0
77864,0,0
-183694,0,0
-161290,0,0
-51417,0,0
-80717,0,0
-14227,0,0
71463,0,0
-186003,0,0
-53271,0,0
132898,0,0
125791,0,0
-130129,0,0
-274143,0,0
-80068,0,0
-169262,0,0
30170,0,0
287566,0,0
132376,0,0
-68229,0,0
-290023,0,0
-107158,0,0
-53329,0,0
168941,0,0
72161,0,0
-267478,0,0
-173511,0,0
-91196,0,0
366440,0,0
6108,0,0
21913,0,0
-20257,0,0
-121797,0,0
-2139,0,0
-20611,0,0
36159,0,0
67799,0,0
-40051,0,0
1264,0,0
-30480,0,0
-79818,0,0
-46202,0,0
181816,0,0
474980,0,0
42659,0,0
-193442,0,0
-96538,0,0
-7542,0,0
115919,0,0
42289,0,0
-82870,0,0
-9179,0,0
24648,0,0
29493,0,0
231457,0,0
6997,0,0
-41862,0,0
15477,0,0
-60372,0,0
-195601,0,0
60132,0,0
8496,0,0
60831,0,0
724,0,0
-60726,0,0
107108,0,0
175498,0,0
8675,0,0
-107157,0,0
-24487,0,0
-76630,0,0
81462,0,0
158350,0,0
196148,0,0
-81188,0,0
-85254,0,0
-92290,0,0
223503,0,0
323185,0,0
-171151,0,0
-159360,0,0
18994,0,0
102127,0,0
6418,0,0
-82752,0,0
12773,0,0
5285,0,0
56511,0,0
-87330,0,0
-117537,0,0
12428,0,0
-31007,0,0
59019,0,0
244569,0,0
-158387,0,0
-175171,0,0
-75223,0,0
-16349,0,0
-97310,0,0
82572,0,0
-11958,0,0
2807,0,0
-98242,0,0
-80964,0,0
-83467,0,0
-137136,0,0
-59701,0,0
142420,0,0
165022,0,0
-185355,0,0
-151176,0,0
-131388,0,0
-152576,0,0
-32752,0,0
-48889,0,0
26334,0,0
-31073,0,0
-30422,0,0
36974,0,0
-158219,0,0
-96513,0,0
217282,0,0
-28627,0,0
-102928,0,0
-72445,0,0
-81085,0,0
76564,0,0
-175260,0,0
-28418,0,0
-79706,0,0
149059,0,0
-55263,0,0
13767,0,0
99209,0,0
-210550,0,0
-238721,0,0
-191034,0,0
192932,0,0
164196,0,0
-174990,0,0
-335454,0,0
23940,0,0
186116,0,0
-132476,0,0
-1231,0,0
4400,0,0
-282335,0,0
65135,0,0
193536,0,0
192695,0,0
-86808,0,0
-53342,0,0
76622,0,0
64799,0,0
-45363,0,0
100542,0,0
-74534,0,0
-5636,0,0
36190,0,0
179303,0,0
274782,0,0
117126,0,0
-33073,0,0
-68673,0,0
-77712,0,0
-79688,0,0
96875,0,0
234173,0,0
77373,0,0
43313,0,0
-10776,0,0
-91548,0,0
-6049,0,0
50830,0,0
34082,0,0
87323,0,0
80508,0,0
-106950,0,0
-133728,0,0
-63365,0,0
-33698,0,0
-119443,0,0
-67709,0,0
185476,0,0
140562,0,0
-4098,0,0
-134738,0,0
-64475,0,0
-24149,0,0
-45589,0,0
-171848,0,0
-186414,0,0
-65181,0,0
11065,0,0
42713,0,0
-307290,0,0
188521,0,0
-34117,0,0
-119983,0,0
111763,0,0
-41863,0,0
-274635,0,0
-13417,0,0
-86540,0,0
60131,0,0
60600,0,0
-137210,0,0
-4498,0,0
-84787,0,0
-12714,0,0
113417,0,0
68087,0,0
32892,0,0
-28003,0,0
-160200,0,0
-114078,0,0
-82361,0,0
16116,0,0
161425,0,0
79925,0,0
-166761,0,0
-141995,0,0
-51337,0,0
4547,0,0
43023,0,0
-164558,0,0
-233067,0,0
-144830,0,0
20235,0,0
-27862,0,0
-185832,0,0
-129505,0,0
43230,0,0
-1313,0,0
26852,0,0
-116153,0,0
-91175,0,0
108041,0,0
-57761,0,0
-15661,0,0
-13538,0,0
-98308,0,0
-61726,0,0
61581,0,0
-22165,0,0
-62897,0,0
357115,0,0
60342,0,0
7990,0,0
151529,0,0
-186864,0,0
-69744,0,0
168641,0,0
197429,0,0
150407,0,0
-127997,0,0
-112741,0,0
12092,0,0
158558,0,0
121822,0,0
78092,0,0
155813,0,0
-306938,0,0
-240106,0,0
-217463,0,0
33848,0,0
486851,0,0
355662,0,0
28597,0,0
-172751,0,0
-275551,0,0
34778,0,0
-119577,0,0
83049,0,0
95690,0,0
-58552,0,0
29859,0,0
86545,0,0
207708,0,0
192282,0,0
-85445,0,0
-121407,0,0
17736,0,0
63827,0,0
13765,0,0
-29719,0,0
-49135,0,0
-48938,0,0
-197015,0,0
82655,0,0
242408,0,0
-103467,0,0
-102048,0,0
182589,0,0
-145949,0,0
-172227,0,0
89061,0,0
-48301,0,0
-221923,0,0
-88670,0,0
116481,0,0
47420,0,0
52976,0,0
-26587,0,0
-29175,0,0
28753,0,0
-64288,0,0
-124636,0,0
-78985,0,0
-63148,0,0
36359,0,0
163697,0,0
26308,0,0
-160979,0,0
-244193,0,0
-140934,0,0
250951,0,0
-56049,0,0
-293455,0,0
-75581,0,0
2804,0,0
323482,0,0
71862,0,0
-180951,0,0
-174760,0,0
-18433,0,0
-68807,0,0
13818,0,0
15103,0,0
72339,0,0
114349,0,0
-65503,0,0
56312,0,0
-17408,0,0
-20515,0,0
173863,0,0
60069,0,0
-97744,0,0
10894,0,0
137988,0,0
146450,0,0
133552,0,0
-31025,0,0
-182851,0,0
111552,0,0
143130,0,0
177025,0,0
-38948,0,0
12248,0,0
53894,0,0
-125928,0,0
171449,0,0
-52139,0,0
66431,0,0
219205,0,0
447663,0,0
107069,0,0
-388954,0,0
-211264,0,0
133891,0,0
228580,0,0
92730,0,0
-10590,0,0
-66207,0,0
126069,0,0
208447,0,0
-70001,0,0
80262,0,0
234547,0,0
-28335,0,0
-70577,0,0
-18813,0,0
88994,0,0
-45846,0,0
111370,0,0
51393,0,0
-133398,0,0
44930,0,0
217614,0,0
3708,0,0
-79554,0,0
15605,0,0
-140728,0,0
-142538,0,0
-39539,0,0
146097,0,0
338102,0,0
18265,0,0
-287809,0,0
-85292,0,0
-192656,0,0
-9190,0,0
124657,0,0
90980,0,0
-72717,0,0
-368599,0,0
-24047,0,0
-23375,0,0
-61327,0,0
343828,0,0
314445,0,0
-145012,0,0
-134145,0,0
-146694,0,0
38958,0,0
-53324,0,0
-12709,0,0
168780,0,0
228500,0,0
-25471,0,0
2549,0,0
-98013,0,0
94129,0,0
66950,0,0
-119165,0,0
43890,0,0
59663,0,0
-30722,0,0
14365,0,0
-83920,0,0
-180089,0,0
93509,0,0
-42843,0,0
-250238,0,0
-102032,0,0
-122537,0,0
-97467,0,0
-79914,0,0
-30792,0,0
83537,0,0
11256,0,0
80990,0,0
-233087,0,0
-183649,0,0
-139366,0,0
-4582,0,0
121372,0,0
-83439,0,0
191216,0,0
143628,0,0
105952,0,0
-63118,0,0
-31317,0,0
-116900,0,0
48579,0,0
38744,0,0
359296,0,0
64823,0,0
-201840,0,0
10877,0,0
153863,0,0
67315,0,0
55490,0,0
-34495,0,0
151688,0,0
120262,0,0
-88119,0,0
-105112,0,0
-69531,0,0
-38160,0,0
-111226,0,0
74247,0,0
215601,0,0
143853,0,0
45360,0,0
-149366,0,0
-135935,0,0
9350,0,0
-17970,0,0
-49344,0,0
172331,0,0
100552,0,0
-67711,0,0
-193595,0,0
-50097,0,0
71030,0,0
190239,0,0
133225,0,0
-229893,0,0
52755,0,0
-55382,0,0
-36927,0,0
-17904,0,0
16462,0,0
-47521,0,0
-168250,0,0
88974,0,0
48290,0,0
41760,0,0
-143640,0,0
-24501,0,0
-113790,0,0
104513,0,0
-60481,0,0
-129414,0,0
60497,0,0
173221,0,0
-126718,0,0
-224334,0,0
88100,0,0
19833,0,0
85451,0,0
-77733,0,0
-176132,0,0
-6229,0,0
-147763,0,0
-236022,0,0
59603,0,0
190540,0,0
202947,0,0
-54866,0,0
10173,0,0
-5171,0,0
-59157,0,0
-171236,0,0
24887,0,0
746,0,0
-100087,0,0
-39389,0,0
13621,0,0
107948,0,0
113254,0,0
162888,0,0
-26251,0,0
-12898,0,0
5428,0,0
33007,0,0
10488,0,0
-13706,0,0
17669,0,0
-76752,0,0
-209082,0,0
-77346,0,0
88170,0,0
254259,0,0
148627,0,0
131484,0,0
-65912,0,0
-48281,0,0
-16694,0,0
-66633,0,0
24317,0,0
12054,0,0
-20356,0,0
62079,0,0
41211,0,0
240894,0,0
-96235,0,0
19948,0,0
162277,0,0
125705,0,0
-115927,0,0
290,0,0
-4491,0,0
-78009,0,0
167254,0,0
-26542,0,0
130670,0,0
56014,0,0
-199064,0,0
141910,0,0
326794,0,0
33333,0,0
-378205,0,0
-6378,0,0
174961,0,0
18740,0,0
-62906,0,0
-80582,0,0
-81229,0,0
336843,0,0
140453,0,0
41137,0,0
35103,0,0
-198455,0,0
-75663,0,0
175092,0,0
90078,0,0
-68953,0,0
-102086,0,0
15154,0,0
279722,0,0
-175685,0,0
76302,0,0
228909,0,0
222908,0,0
38345,0,0
-84365,0,0
-77510,0,0
-126772,0,0
-32404,0,0
20474,0,0
22799,0,0
10014,0,0
-14436,0,0
162894,0,0
259129,0,0
-143994,0,0
-211022,0,0
-151365,0,0
-33929,0,0
43244,0,0
-65492,0,0
-187107,0,0
-81598,0,0
131121,0,0
44932,0,0
-214939,0,0
-15205,0,0
102392,0,0
-86411,0,0
-115153,0,0
-97048,0,0
-53421,0,0
-34061,0,0
-72042,0,0
-196124,0,0
-1043,0,0
50588,0,0
-42427,0,0
-2469,0,0
1239,0,0
-95908,0,0
-113277,0,0
9485,0,0
-124340,0,0
-253569,0,0
-81645,0,0
6620,0,0
-29512,0,0
-50105,0,0
-107985,0,0
-124587,0,0
11849,0,0
198675,0,0
114907,0,0
-326180,0,0
-345603,0,0
27165,0,0
-50398,0,0
143726,0,0
177827,0,0
134088,0,0
55271,0,0
-226524,0,0
-199972,0,0
20579,0,0
110902,0,0
-30671,0,0
152230,0,0
407704,0,0
15438,0,0
-134699,0,0
-17642,0,0
62955,0,0
10329,0,0
134546,0,0
334087,0,0
139481,0,0
-143062,0,0
-32987,0,0
147378,0,0
26197,0,0
-2027,0,0
11656,0,0
241455,0,0
61478,0,0
-98487,0,0
-28743,0,0
168120,0,0
157565,0,0
-136001,0,0
-182916,0,0
4543,0,0
92762,0,0
55275,0,0
-58446,0,0
-110825,0,0
-117659,0,0
20584,0,0
103896,0,0
-100810,0,0
-365190,0,0
-78455,0,0
449160,0,0
187142,0,0
-107652,0,0
-214213,0,0
-47605,0,0
-203517,0,0
87417,0,0
154658,0,0
225979,0,0
11815,0,0
-170562,0,0
-7485,0,0
6049,0,0
78998,0,0
-1416,0,0
142805,0,0
116661,0,0
77194,0,0
-206750,0,0
-183414,0,0
153704,0,0
241654,0,0
-88349,0,0
-50935,0,0
20827,0,0
-2750,0,0
-27089,0,0
-96302,0,0
17267,0,0
60007,0,0
-50566,0,0
-24454,0,0
-157360,0,0
128059,0,0
257191,0,0
100912,0,0
-265974,0,0
-20067,0,0
98134,0,0
17140,0,0
-18003,0,0
-147681,0,0
-58860,0,0
119735,0,0
59101,0,0
-107656,0,0
-155763,0,0
96995,0,0
207466,0,0
-131587,0,0
118924,0,0
-46946,0,0
37415,0,0
-153783,0,0
-158531,0,0
-35099,0,0
213765,0,0
229840,0,0
160299,0,0
-156270,0,0
-47284,0,0
-45009,0,0
-121438,0,0
233456,0,0
59176,0,0
106071,0,0
202659,0,0
91437,0,0
30294,0,0
70565,0,0
-25802,0,0
-20960,0,0
38927,0,0
-15700,0,0
-32680,0,0
103160,0,0
100836,0,0
-11308,0,0
-99416,0,0
181356,0,0
140169,0,0
-24276,0,0
-49922,0,0
-122394,0,0
7165,0,0
21362,0,0
-55544,0,0
106511,0,0
9001,0,0
-99280,0,0
-78497,0,0
-60715,0,0
-89271,0,0
1931,0,0
264808,0,0
62745,0,0
-159145,0,0
52218,0,0
-27750,0,0
-101490,0,0
-78532,0,0
-48131,0,0
108376,0,0
-82444,0,0
209516,0,0
128791,0,0
-33701,0,0
82880,0,0
109873,0,0
39607,0,0
-69288,0,0
-757,0,0
155473,0,0
114108,0,0
15600,0,0
-196,0,0
-49340,0,0
159676,0,0
325162,0,0
176356,0,0
9746,0,0
-155468,0,0
-268878,0,0
-60983,0,0
87566,0,0
319388,0,0
224034,0,0
-139830,0,0
-333791,0,0
-190038,0,0
290670,0,0
181736,0,0
-119,0,0
-87273,0,0
-102734,0,0
-193393,0,0
-91434,0,0
90396,0,0
140499,0,0
68956,0,0
-84123,0,0
31243,0,0
13757,0,0
-139474,0,0
-27875,0,0
60084,0,0
53806,0,0
15143,0,0
-228523,0,0
38082,0,0
-151815,0,0
58195,0,0
182726,0,0
112801,0,0
54872,0,0
-116299,0,0
-146617,0,0
3685,0,0
142143,0,0
-68786,0,0
37676,0,0
38566,0,0
46284,0,0
102833,0,0
33205,0,0
-39948,0,0
45548,0,0
195955,0,0
16701,0,0
61080,0,0
33389,0,0
-192779,0,0
-38751,0,0
-79746,0,0
275792,0,0
152557,0,0
-94758,0,0
-27677,0,0
1081,0,0
-155558,0,0
-868,0,0
-103582,0,0
-35666,0,0
148956,0,0
203451,0,0
-22383,0,0
-166565,0,0
34676,0,0
93958,0,0
-16609,0,0
-9221,0,0
-51786,0,0
141255,0,0
143636,0,0
12187,0,0
9396,0,0
43441,0,0
32597,0,0
-23351,0,0
-9748,0,0
141359,0,0
-1779,0,0
76344,0,0
102523,0,0
-10171,0,0
-151870,0,0
-144357,0,0
188083,0,0
33566,0,0
-72429,0,0
-193181,0,0
-91185,0,0
318031,0,0
-39922,0,0
58707,0,0
66650,0,0
-169668,0,0
-65791,0,0
-24962,0,0
-124809,0,0
29763,0,0
49273,0,0
-164286,0,0
-212694,0,0
56781,0,0
131130,0,0
256862,0,0
192335,0,0
-291586,0,0
-107717,0,0
-27158,0,0
-215090,0,0
124224,0,0
65087,0,0
-95157,0,0
-74463,0,0
-103073,0,0
-10183,0,0
249199,0,0
171516,0,0
-7860,0,0
-96430,0,0
-127603,0,0
-146903,0,0
12097,0,0
153420,0,0
-100729,0,0
12083,0,0
22006,0,0
-57845,0,0
-208783,0,0
8484,0,0
566,0,0
21983,0,0
-91075,0,0
-44520,0,0
7760,0,0
-33359,0,0
-141553,0,0
-258990,0,0
-124101,0,0
62121,0,0
174665,0,0
72826,0,0
52210,0,0
-231790,0,0
-96032,0,0
76285,0,0
165173,0,0
-134003,0,0
-87803,0,0
37092,0,0
61382,0,0
7779,0,0
-33172,0,0
43569,0,0
99633,0,0
41669,0,0
21701,0,0
-33094,0,0
-112006,0,0
-27446,0,0
-52665,0,0
195562,0,0
148195,0,0
-139431,0,0
-249290,0,0
-125662,0,0
112784,0,0
155208,0,0
-145344,0,0
184162,0,0
180101,0,0
-1981,0,0
-206274,0,0
-241401,0,0
15112,0,0
377862,0,0
-109820,0,0
-310828,0,0
69310,0,0
96300,0,0
68561,0,0
102334,0,0
-161755,0,0
-35490,0,0
171814,0,0
12748,0,0
-165822,0,0
52128,0,0
24820,0,0
-249904,0,0
-61801,0,0
133475,0,0
2304,0,0
105565,0,0
-14706,0,0
50239,0,0
40153,0,0
-56999,0,0
-71611,0,0
62882,0,0
-101256,0,0
60306,0,0
94825,0,0
-13532,0,0
-73298,0,0
-71796,0,0
-100409,0,0
98922,0,0
45666,0,0
-92215,0,0
130476,0,0
-152426,0,0
-169458,0,0
-95333,0,0
-14819,0,0
-30308,0,0
-23904,0,0
-27427,0,0
-48798,0,0
-17306,0,0
-162883,0,0
-230579,0,0
9880,0,0
-27457,0,0
-109335,0,0
-111358,0,0
36963,0,0
26926,0,0
-70785,0,0
81676,0,0
107311,0,0
-237538,0,0
-343713,0,0
116677,0,0
320957,0,0
27055,0,0
-258286,0,0
-23747,0,0
169386,0,0
69863,0,0
-233908,0,0
-114034,0,0
123377,0,0
342850,0,0
20594,0,0
-159024,0,0
-128550,0,0
103027,0,0
204997,0,0
51549,0,0
-141121,0,0
-112055,0,0
-6786,0,0
-25320,0,0
-28012,0,0
90921,0,0
29205,0,0
53667,0,0
-152665,0,0
-164440,0,0
28565,0,0
-47495,0,0
51863,0,0
-338873,0,0
-176055,0,0
32969,0,0
79955,0,0
-63337,0,0
144332,0,0
-53667,0,0
83883,0,0
79182,0,0
-194718,0,0
865,0,0
173696,0,0
170033,0,0
120056,0,0
6603,0,0
117599,0,0
139940,0,0
19018,0,0
277958,0,0
169446,0,0
124457,0,0
229138,0,0
128358,0,0
122064,0,0
85026,0,0
9747,0,0
-43840,0,0
56834,0,0
142904,0,0
218919,0,0
151744,0,0
98682,0,0
-29200,0,0
12817,0,0
-140717,0,0
-157672,0,0
34008,0,0
-54235,0,0
-146643,0,0
248263,0,0
147671,0,0
44695,0,0
-95851,0,0
-91386,0,0
-141307,0,0
-152176,0,0
11411,0,0
-73978,0,0
-228443,0,0
-138746,0,0
21631,0,0
393252,0,0
88433,0,0
-120562,0,0
-276208,0,0
-98237,0,0
-25876,0,0
-81237,0,0
-5640,0,0
-187573,0,0
-119541,0,0
160382,0,0
259095,0,0
23028,0,0
63996,0,0
-155055,0,0
-270439,0,0
-101812,0,0
-95000,0,0
156397,0,0
40659,0,0
-118468,0,0
-20552,0,0
-64309,0,0
180605,0,0
226610,0,0
-2220,0,0
-109300,0,0
-35550,0,0
-110419,0,0
60339,0,0
176179,0,0
26204,0,0
-34693,0,0
158690,0,0
35729,0,0
27166,0,0
120716,0,0
-45297,0,0
127435,0,0
139580,0,0
-15987,0,0
-44404,0,0
-104972,0,0
103020,0,0
156929,0,0
108887,0,0
39581,0,0
-80162,0,0
-122968,0,0
-44524,0,0
110821,0,0
-93744,0,0
39367,0,0
93675,0,0
102076,0,0
-136214,0,0
-171736,0,0
84911,0,0
-15857,0,0
-3988,0,0
78982,0,0
114155,0,0
85250,0,0
-23915,0,0
-49180,0,0
-93838,0,0
-22472,0,0
-3029,0,0
-60514,0,0
69429,0,0
-63961,0,0
-110618,0,0
-150550,0,0
279848,0,0
311889,0,0
-137064,0,0
-8099,0,0
-78348,0,0
-166252,0,0
-249535,0,0
265965,0,0
269703,0,0
-188972,0,0
-209065,0,0
-21971,0,0
77747,0,0
154922,0,0
155120,0,0
-59463,0,0
-90836,0,0
-56671,0,0
-12434,0,0
271294,0,0
-18854,0,0
-187213,0,0
-40830,0,0
-62257,0,0
191307,0,0
6942,0,0
-115439,0,0
-289674,0,0
-315420,0,0
35496,0,0
339900,0,0
281452,0,0
-3252,0,0
-2766,0,0
-66433,0,0
-58758,0,0
-96536,0,0
6396,0,0
101653,0,0
95780,0,0
7690,0,0
135881,0,0
74947,0,0
-1609,0,0
88267,0,0
182809,0,0
41228,0,0
75853,0,0
108887,0,0
208030,0,0
-5550,0,0
-75829,0,0
-87736,0,0
-1068,0,0
34999,0,0
144697,0,0
141590,0,0
159,0,0
42765,0,0
-31084,0,0
29085,0,0
-54915,0,0
-198490,0,0
-166254,0,0
24129,0,0
238590,0,0
208649,0,0
-114241,0,0
-225088,0,0
-108662,0,0
-92197,0,0
-93604,0,0
208393,0,0
-202342,0,0
-128402,0,0
297995,0,0
-165770,0,0
-202664,0,0
256644,0,0
222001,0,0
145949,0,0
-196689,0,0
-31515,0,0
-142880,0,0
-46348,0,0
220075,0,0
433295,0,0
165360,0,0
-33484,0,0
142154,0,0
-62281,0,0
-55724,0,0
98030,0,0
229724,0,0
180103,0,0
96945,0,0
137355,0,0
197423,0,0
61749,0,0
-52223,0,0
46801,0,0
-2112,0,0
91376,0,0
176793,0,0
20693,0,0
24673,0,0
51549,0,0
171824,0,0
83974,0,0
-21883,0,0
-51900,0,0
-136068,0,0
84981,0,0
46147,0,0
-121932,0,0
113110,0,0
147865,0,0
56977,0,0
-89894,0,0
-46206,0,0
-129122,0,0
-137708,0,0
-173038,0,0
87407,0,0
-51166,0,0
40759,0,0
-359,0,0
64661,0,0
93247,0,0
-75140,0,0
-155526,0,0
-164901,0,0
-80274,0,0
-163100,0,0
-137934,0,0
221920,0,0
248209,0,0
81408,0,0
-22312,0,0
-75662,0,0
87927,0,0
-133110,0,0
-107907,0,0
-67840,0,0
201576,0,0
144352,0,0
-79314,0,0
167554,0,0
-103273,0,0
112491,0,0
32812,0,0
-264106,0,0
-240191,0,0
94070,0,0
344234,0,0
-205092,0,0
111216,0,0
138616,0,0
-180586,0,0
-233417,0,0
39181,0,0
-136560,0,0
-141394,0,0
46521,0,0
271516,0,0
199968,0,0
-156562,0,0
-161874,0,0
14544,0,0
-44922,0,0
44128,0,0
46381,0,0
400,0,0
-54238,0,0
11504,0,0
56194,0,0
-11416,0,0
-34003,0,0
-9867,0,0
-47352,0,0
-30232,0,0
-24502,0,0
-163386,0,0
43671,0,0
347747,0,0
19116,0,0
-167839,0,0
-264618,0,0
108634,0,0
128967,0,0
-32517,0,0
-8696,0,0
44530,0,0
54921,0,0
101017,0,0
-3452,0,0
51022,0,0
9919,0,0
-29163,0,0
-88020,0,0
-84971,0,0
3460,0,0
-71513,0,0
-68144,0,0
-11620,0,0
-96670,0,0
-76485,0,0
-70530,0,0
83574,0,0
21819,0,0
-483398,0,0
-220119,0,0
-22923,0,0
-221118,0,0
-55581,0,0
91041,0,0
10949,0,0
-185967,0,0
145365,0,0
-27337,0,0
-450614,0,0
107139,0,0
382372,0,0
39644,0,0
-104971,0,0
68900,0,0
22067,0,0
-12141,0,0
11298,0,0
46692,0,0
30955,0,0
40580,0,0
-11919,0,0
15863,0,0
-87848,0,0
-37324,0,0
187326,0,0
-82896,0,0
71116,0,0
-52511,0,0
-89602,0,0
-155514,0,0
-320377,0,0
-169624,0,0
184056,0,0
111313,0,0
2844,0,0
-107633,0,0
-45082,0,0
19012,0,0
-95865,0,0
-22724,0,0
-17586,0,0
-19554,0,0
58761,0,0
23088,0,0
-27277,0,0
7136,0,0
32124,0,0
73058,0,0
61329,0,0
117925,0,0
-162386,0,0
-47609,0,0
-7257,0,0
320311,0,0
17841,0,0
-58765,0,0
-15945,0,0
-50664,0,0
-104855,0,0
-10474,0,0
4375,0,0
9534,0,0
210775,0,0
191252,0,0
76300,0,0
-69326,0,0
-59778,0,0
-110004,0,0
-61291,0,0
-27289,0,0
-28042,0,0
-17469,0,0
369961,0,0
410413,0,0
-104345,0,0
-54599,0,0
49933,0,0
-26825,0,0
-25112,0,0
44181,0,0
247121,0,0
48245,0,0
43989,0,0
49939,0,0
-171039,0,0
101275,0,0
215424,0,0
-16379,0,0
104924,0,0
-132887,0,0
8161,0,0
204425,0,0
21268,0,0
-26870,0,0
233853,0,0
75139,0,0
-99962,0,0
56190,0,0
-78670,0,0
-128185,0,0
39,0,0
119059,0,0
365866,0,0
117885,0,0
-39065,0,0
-104071,0,0
-159932,0,0
206303,0,0
318037,0,0
80450,0,0
-163174,0,0
-171952,0,0
-151455,0,0
41459,0,0
168149,0,0
-31761,0,0
-51553,0,0
161331,0,0
349026,0,0
-72392,0,0
-261113,0,0
-109091,0,0
26366,0,0
74648,0,0
48960,0,0
-46720,0,0
-14979,0,0
81769,0,0
86411,0,0
56940,0,0
-14177,0,0
-94103,0,0
10073,0,0
27699,0,0
-90102,0,0
47254,0,0
86594,0,0
-39888,0,0
-104785,0,0
-98693,0,0
107802,0,0
-149603,0,0
-101625,0,0
-39669,0,0
-139238,0,0
-107785,0,0
43134,0,0
-89581,0,0
43596,0,0
196909,0,0
-189345,0,0
-226997,0,0
-93266,0,0
-95178,0,0
109033,0,0
15362,0,0
-196857,0,0
-10471,0,0
91187,0,0
79365,0,0
-28127,0,0
-196296,0,0
165641,0,0
130166,0,0
-90577,0,0
-40705,0,0
84382,0,0
-41230,0,0
-209898,0,0
-26690,0,0
76858,0,0
220207,0,0
121237,0,0
53341,0,0
-17983,0,0
-134987,0,0
-24190,0,0
-86392,0,0
-231399,0,0
60208,0,0
382062,0,0
278498,0,0
-102769,0,0
-164008,0,0
43979,0,0
13147,0,0
-129949,0,0
-114044,0,0
37944,0,0
90834,0,0
78037,0,0
-19578,0,0
-32224,0,0
47707,0,0
107365,0,0
-18082,0,0
-105295,0,0
-35720,0,0
198482,0,0
-105080,0,0
-40129,0,0
-65302,0,0
-101265,0,0
40200,0,0
221836,0,0
-6570,0,0
-79861,0,0
12244,0,0
-91299,0,0
89740,0,0
55927,0,0
-170199,0,0
-154332,0,0
-156267,0,0
131902,0,0
197478,0,0
275178,0,0
-48614,0,0
-252437,0,0
-120853,0,0
-113613,0,0
-20134,0,0
63281,0,0
137194,0,0
-85337,0,0
-86711,0,0
-88194,0,0
128507,0,0
71786,0,0
-37106,0,0
-100240,0,0
-164551,0,0
-59970,0,0
171811,0,0
45654,0,0
-281397,0,0
-81076,0,0
135292,0,0
3478,0,0
-53415,0,0
6490,0,0
-21514,0,0
-163483,0,0
-37844,0,0
26905,0,0
-14825,0,0
152185,0,0
-92710,0,0
-108979,0,0
-123937,0,0
214169,0,0
-14077,0,0
-541,0,0
-57317,0,0
-96408,0,0
-70895,0,0
-27807,0,0
96881,0,0
148166,0,0
63679,0,0
-16642,0,0
72703,0,0
-71260,0,0
-33840,0,0
-9491,0,0
-143176,0,0
142200,0,0
99002,0,0
135495,0,0
188746,0,0
-57694,0,0
-184582,0,0
-2064,0,0
190509,0,0
-1058,0,0
-345104,0,0
-94527,0,0
253989,0,0
241225,0,0
50374,0,0
-115247,0,0
-99392,0,0
-107546,0,0
-112132,0,0
-45743,0,0
77395,0,0
101406,0,0
-36678,0,0
147980,0,0
17536,0,0
-196045,0,0
-75534,0,0
187294,0,0
21431,0,0
-188222,0,0
-89838,0,0
52952,0,0
45061,0,0
236734,0,0
74930,0,0
75480,0,0
-187910,0,0
17952,0,0
-95713,0,0
-257268,0,0
114474,0,0
273527,0,0
-49405,0,0
-87364,0,0
-22913,0,0
-131827,0,0
-26209,0,0
72555,0,0
-7824,0,0
-141191,0,0
-42928,0,0
-19344,0,0
-141397,0,0
-41736,0,0
-57406,0,0
64193,0,0
-115388,0,0
-12498,0,0
69917,0,0
-29447,0,0
-56311,0,0
-16004,0,0
-51465,0,0
-112304,0,0
-85849,0,0
-62353,0,0
124018,0,0
76058,0,0
-39652,0,0
-55638,0,0
-209251,0,0
-199336,0,0
161951,0,0
3761,0,0
-344051,0,0
71630,0,0
-13142,0,0
-38830,0,0
-12218,0,0
-259626,0,0
-283150,0,0
43063,0,0
91471,0,0
149109,0,0
-36784,0,0
-116856,0,0
-103706,0,0
-124911,0,0
33707,0,0
-98949,0,0
91136,0,0
281597,0,0
148349,0,0
61768,0,0
-39503,0,0
-88521,0,0
-21669,0,0
206760,0,0
98572,0,0
-100068,0,0
-85348,0,0
219270,0,0
252090,0,0
-15564,0,0
-73388,0,0
80876,0,0
-10405,0,0
180555,0,0
99497,0,0
-179735,0,0
-78538,0,0
91165,0,0
-22980,0,0
-12094,0,0
-21659,0,0
63880,0,0
37817,0,0
16296,0,0
-80660,0,0
-87042,0,0
-60735,0,0
25464,0,0
111618,0,0
18124,0,0
-166765,0,0
-133278,0,0
-124608,0,0
-119005,0,0
180601,0,0
33871,0,0
-32535,0,0
-72301,0,0
1327,0,0
48967,0,0
4642,0,0
15324,0,0
-29386,0,0
-19028,0,0
29581,0,0
-45235,0,0
-57795,0,0
64118,0,0
-93443,0,0
34033,0,0
104713,0,0
116273,0,0
-135313,0,0
21174,0,0
-107653,0,0
137528,0,0
217075,0,0
-157830,0,0
-147486,0,0
-88095,0,0
-181399,0,0
-96301,0,0
30331,0,0
56184,0,0
-81026,0,0
-179701,0,0
-86833,0,0
24315,0,0
8263,0,0
-104361,0,0
-115365,0,0
235054,0,0
145100,0,0
-184503,0,0
-299655,0,0
-318409,0,0
76550,0,0
420384,0,0
177322,0,0
-2966,0,0
-42569,0,0
-48110,0,0
-15902,0,0
263030,0,0
312315,0,0
33296,0,0
-124386,0,0
-214332,0,0
-24073,0,0
239303,0,0
340356,0,0
131066,0,0
-100994,0,0
-85114,0,0
-96521,0,0
19242,0,0
-2897,0,0
81720,0,0
27109,0,0
-57796,0,0
-10399,0,0
42022,0,0
-103108,0,0
-147159,0,0
252050,0,0
99080,0,0
-180522,0,0
-53903,0,0
-177541,0,0
-49821,0,0
345695,0,0
-5075,0,0
-135733,0,0
-101341,0,0
-174849,0,0
92417,0,0
262775,0,0
49636,0,0
-202075,0,0
-30917,0,0
-125100,0,0
39886,0,0
-23196,0,0
-83615,0,0
-10605,0,0
155996,0,0
35357,0,0
-96336,0,0
-66775,0,0
-145798,0,0
75314,0,0
45537,0,0
64365,0,0
25435,0,0
78196,0,0
-48946,0,0
-20695,0,0
-138077,0,0
-136099,0,0
-37850,0,0
-74088,0,0
14216,0,0
110079,0,0
113175,0,0
-48984,0,0
-85377,0,0
319060,0,0
-58304,0,0
-295498,0,0
-248764,0,0
-86411,0,0
123407,0,0
177042,0,0
54275,0,0
87255,0,0
47176,0,0
-14025,0,0
141160,0,0
-12397,0,0
-9977,0,0
-47388,0,0
133489,0,0
63393,0,0
9498,0,0
3501,0,0
153452,0,0
11726,0,0
200306,0,0
-201312,0,0
-83011,0,0
72667,0,0
-115181,0,0
41629,0,0
166384,0,0
87388,0,0
-34510,0,0
128200,0,0
3216,0,0
-14892,0,0
-38235,0,0
-163490,0,0
-60136,0,0
71075,0,0
148084,0,0
98270,0,0
95584,0,0
-39703,0,0
-88785,0,0
-123985,0,0
-49045,0,0
134187,0,0
221804,0,0
199195,0,0
-208972,0,0
-374101,0,0
-80643,0,0
25969,0,0
173782,0,0
-117356,0,0
-82886,0,0
-123136,0,0
-54027,0,0
-21460,0,0
102140,0,0
62348,0,0
-100486,0,0
-145994,0,0
-204815,0,0
208183,0,0
180653,0,0
-141382,0,0
-124402,0,0
22430,0,0
85014,0,0
104790,0,0
6327,0,0
98822,0,0
120806,0,0
19595,0,0
128579,0,0
88426,0,0
23816,0,0
-60975,0,0
159597,0,0
58874,0,0
-47079,0,0
15964,0,0
51736,0,0
36555,0,0
54741,0,0
-88829,0,0
150108,0,0
88336,0,0
9614,0,0
-174738,0,0
43215,0,0
103752,0,0
69787,0,0
81754,0,0
-122911,0,0
-247568,0,0
4896,0,0
132526,0,0
287714,0,0
128274,0,0
-153470,0,0
42563,0,0
112383,0,0
14149,0,0
67182,0,0
-138050,0,0
-105638,0,0
252514,0,0
18572,0,0
-204873,0,0
58019,0,0
81701,0,0
34132,0,0
81935,0,0
-53321,0,0
59238,0,0
44927,0,0
-238483,0,0
-330259,0,0
-102229,0,0
241274,0,0
170401,0,0
163731,0,0
32342,0,0
-105098,0,0
-141088,0,0
-101600,0,0
104908,0,0
-209,0,0
-83636,0,0
140046,0,0
94663,0,0
-72974,0,0
53717,0,0
124198,0,0
-72824,0,0
28710,0,0
83822,0,0
-52967,0,0
-21403,0,0
-77472,0,0
12428,0,0
161734,0,0
54537,0,0
-42793,0,0
-104288,0,0
-68205,0,0
12211,0,0
78955,0,0
90073,0,0
-26235,0,0
5280,0,0
526,0,0
-7308,0,0
-100454,0,0
-71624,0,0
19638,0,0
45791,0,0
68460,0,0
119211,0,0
28518,0,0
-57054,0,0
-47944,0,0
47360,0,0
-73148,0,0
-122187,0,0
100095,0,0
-49696,0,0
-63369,0,0
-22691,0,0
-43349,0,0
958,0,0
-159119,0,0
-66097,0,0
139709,0,0
-86894,0,0
-31034,0,0
-133488,0,0
-259800,0,0
-236398,0,0
88157,0,0
331428,0,0
97664,0,0
-201114,0,0
-145320,0,0
-85684,0,0
-202156,0,0
99935,0,0
404396,0,0
132221,0,0
-159122,0,0
-104136,0,0
-49609,0,0
-44320,0,0
82425,0,0
92910,0,0
-142273,0,0
-93656,0,0
-39967,0,0
-20074,0,0
168915,0,0
65350,0,0
-204870,0,0
-39147,0,0
47035,0,0
-145043,0,0
-81206,0,0
-20028,0,0
81560,0,0
35592,0,0
-280828,0,0
-251426,0,0
41703,0,0
346149,0,0
277474,0,0
-118538,0,0
-226394,0,0
-53450,0,0
50828,0,0
149067,0,0
-107639,0,0
70547,0,0
167715,0,0
17820,0,0
21327,0,0
42518,0,0
16032,0,0
-119877,0,0
5778,0,0
67966,0,0
82685,0,0
-2566,0,0
-134364,0,0
42054,0,0
32792,0,0
-50760,0,0
-15967,0,0
44635,0,0
-85906,0,0
-59066,0,0
-252349,0,0
-76043,0,0
158831,0,0
123063,0,0
-6253,0,0
-211602,0,0
123938,0,0
-3481,0,0
-15532,0,0
-16410,0,0
-217994,0,0
13087,0,0
15179,0,0
224893,0,0
139268,0,0
-103816,0,0
-90627,0,0
4970,0,0
12497,0,0
65958,0,0
-102369,0,0
24576,0,0
74887,0,0
-166327,0,0
-244476,0,0
-90785,0,0
241592,0,0
117205,0,0
-244911,0,0
-20032,0,0
30507,0,0
-160038,0,0
-199788,0,0
-108909,0,0
-116924,0,0
-114940,0,0
-89370,0,0
191079,0,0
-184302,0,0
-235467,0,0
-10385,0,0
69885,0,0
140013,0,0
-176426,0,0
-74007,0,0
-193633,0,0
-83563,0,0
150224,0,0
67413,0,0
87628,0,0
-120617,0,0
22289,0,0
49686,0,0
37599,0,0
71414,0,0
12913,0,0
-123048,0,0
92115,0,0
38622,0,0
13394,0,0
-8360,0,0
-1353,0,0
32504,0,0
11364,0,0
96334,0,0
113511,0,0
-199892,0,0
-61238,0,0
-120120,0,0
3617,0,0
208759,0,0
-51648,0,0
-39404,0,0
-151224,0,0
90965,0,0
-125155,0,0
-174460,0,0
112586,0,0
184092,0,0
58477,0,0
-53497,0,0
6055,0,0
162967,0,0
-190333,0,0
-99675,0,0
113519,0,0
88512,0,0
36181,0,0
-60212,0,0
141835,0,0
53156,0,0
38804,0,0
-12816,0,0
26354,0,0
-16873,0,0
-123796,0,0
-122479,0,0
-42860,0,0
362271,0,0
211667,0,0
-255387,0,0
-393996,0,0
-166378,0,0
41027,0,0
392537,0,0
-70129,0,0
-212228,0,0
15307,0,0
-50013,0,0
-139746,0,0
-238681,0,0
-46146,0,0
111476,0,0
443133,0,0
2105,0,0
-288502,0,0
-206036,0,0
143246,0,0
135656,0,0
226677,0,0
-39113,0,0
-228086,0,0
-90971,0,0
65940,0,0
150965,0,0
130030,0,0
32121,0,0
-29259,0,0
-105991,0,0
141312,0,0
38794,0,0
-75234,0,0
-113041,0,0
16334,0,0
148282,0,0
164656,0,0
154709,0,0
19157,0,0
-79119,0,0
-42627,0,0
25041,0,0
-77099,0,0
-90303,0,0
274377,0,0
215880,0,0
43861,0,0
31891,0,0
-3639,0,0
-6050,0,0
-984,0,0
-32523,0,0
23645,0,0
-34244,0,0
115517,0,0
11040,0,0
-143534,0,0
122079,0,0
-10451,0,0
10002,0,0
-55718,0,0
-92819,0,0
-96931,0,0
11374,0,0
48470,0,0
-88705,0,0
-151651,0,0
46344,0,0
1462,0,0
-26964,0,0
119291,0,0
-80604,0,0
45194,0,0
-139861,0,0
-187932,0,0
46238,0,0
181813,0,0
33023,0,0
129765,0,0
-143884,0,0
-22917,0,0
112193,0,0
77365,0,0
-160852,0,0
-1631,0,0
207632,0,0
150215,0,0
-110928,0,0
-63657,0,0
75283,0,0
55874,0,0
-49119,0,0
-16687,0,0
-155326,0,0
-182254,0,0
-17608,0,0
206766,0,0
19133,0,0
37425,0,0
145785,0,0
66440,0,0
-298068,0,0
-301617,0,0
67083,0,0
56107,0,0
242146,0,0
160532,0,0
69246,0,0
-193958,0,0
-248616,0,0
-72118,0,0
154361,0,0
431273,0,0
340092,0,0
73686,0,0
-260740,0,0
55762,0,0
-233789,0,0
-23359,0,0
204272,0,0
-4047,0,0
10285,0,0
71480,0,0
86045,0,0
198425,0,0
-22925,0,0
-116833,0,0
28564,0,0
-42751,0,0
-24299,0,0
-168882,0,0
209517,0,0
318100,0,0
-110478,0,0
-212287,0,0
-7079,0,0
8259,0,0
12847,0,0
-15519,0,0
124529,0,0
249507,0,0
-111888,0,0
-42653,0,0
-73251,0,0
-8629,0,0
33339,0,0
163520,0,0
-20691,0,0
-86869,0,0
-8701,0,0
164363,0,0
35972,0,0
-35925,0,0
-70412,0,0
71479,0,0
62892,0,0
43827,0,0
-8842,0,0
-117364,0,0
-146413,0,0
18204,0,0
205769,0,0
106665,0,0
-2505,0,0
4186,0,0
-117013,0,0
-86716,0,0
-76149,0,0
-1079,0,0
21471,0,0
-82652,0,0
-164701,0,0
-40671,0,0
143816,0,0
247291,0,0
-56178,0,0
-335907,0,0
-283355,0,0
498,0,0
-164848,0,0
-74724,0,0
23124,0,0
166351,0,0
123589,0,0
-216356,0,0
33012,0,0
-11466,0,0
-61805,0,0
66704,0,0
-101940,0,0
-208991,0,0
13758,0,0
132705,0,0
175421,0,0
200675,0,0
116349,0,0
-56506,0,0
-119366,0,0
-112623,0,0
-60628,0,0
27390,0,0
134235,0,0
-44645,0,0
48071,0,0
106922,0,0
30177,0,0
49548,0,0
117132,0,0
50499,0,0
-120673,0,0
-172835,0,0
-52952,0,0
380565,0,0
72182,0,0
-39055,0,0
22784,0,0
137000,0,0
44487,0,0
222829,0,0
-98714,0,0
35523,0,0
136164,0,0
-34864,0,0
64774,0,0
231,0,0
33200,0,0
75120,0,0
108833,0,0
113923,0,0
-228008,0,0
-39684,0,0
163014,0,0
116838,0,0
-25678,0,0
-89770,0,0
-54763,0,0
51197,0,0
145054,0,0
70483,0,0
-123577,0,0
-94335,0,0
8681,0,0
-37738,0,0
38999,0,0
32753,0,0
-20949,0,0
41758,0,0
-134831,0,0
-137658,0,0
-16427,0,0
36637,0,0
-177595,0,0
51110,0,0
84701,0,0
55033,0,0
-118389,0,0
-53894,0,0
-61994,0,0
-161833,0,0
-3569,0,0
57346,0,0
-212853,0,0
-122520,0,0
-14287,0,0
148251,0,0
-69463,0,0
100247,0,0
-57164,0,0
-191871,0,0
-44894,0,0
-127343,0,0
98548,0,0
17530,0,0
-149467,0,0
-81649,0,0
-91459,0,0
-46985,0,0
-135778,0,0
-63872,0,0
-94396,0,0
127201,0,0
44282,0,0
-84538,0,0
-59720,0,0
37838,0,0
-103810,0,0
-67601,0,0
-176817,0,0
-26972,0,0
-67407,0,0
186224,0,0
93917,0,0
107868,0,0
120319,0,0
-256684,0,0
-27676,0,0
82840,0,0
113975,0,0
161105,0,0
235578,0,0
29025,0,0
-143206,0,0
-68484,0,0
158431,0,0
186797,0,0
240544,0,0
97784,0,0
114016,0,0
-9591,0,0
32956,0,0
-30352,0,0
95617,0,0
-63215,0,0
-62067,0,0
128313,0,0
202859,0,0
63859,0,0
38362,0,0
33267,0,0
-52628,0,0
-20973,0,0
-168189,0,0
19137,0,0
66004,0,0
193687,0,0
-33674,0,0
-62090,0,0
118344,0,0
-39332,0,0
-23005,0,0
131489,0,0
-104656,0,0
-113111,0,0
230296,0,0
206749,0,0
-7775,0,0
-3111,0,0
-30362,0,0
-91141,0,0
113604,0,0
233812,0,0
100439,0,0
-106964,0,0
-26341,0,0
96481,0,0
177832,0,0
35382,0,0
-166043,0,0
-3472,0,0
52667,0,0
-155418,0,0
118953,0,0
181686,0,0
-32600,0,0
157668,0,0
177695,0,0
-208698,0,0
-120857,0,0
75448,0,0
91602,0,0
-130203,0,0
37460,0,0
31819,0,0
6870,0,0
204023,0,0
225299,0,0
2510,0,0
-162496,0,0
-105315,0,0
189289,0,0
46737,0,0
134016,0,0
-12983,0,0
-45753,0,0
-16025,0,0
-72364,0,0
74804,0,0
152780,0,0
-19165,0,0
-125507,0,0
-20673,0,0
-25757,0,0
-18424,0,0
-204960,0,0
12908,0,0
110630,0,0
-9190,0,0
-123330,0,0
-74467,0,0
-49978,0,0
106788,0,0
98761,0,0
-258310,0,0
-229380,0,0
-79014,0,0
201039,0,0
52478,0,0
-23471,0,0
147310,0,0
-83683,0,0
-262426,0,0
-149424,0,0
-153081,0,0
270174,0,0
368934,0,0
119230,0,0
-178322,0,0
-157591,0,0
-78622,0,0
-29865,0,0
41665,0,0
49803,0,0
72530,0,0
22706,0,0
25082,0,0
-11303,0,0
180629,0,0
-106297,0,0
3648,0,0
-89769,0,0
-74829,0,0
305943,0,0
126421,0,0
30571,0,0
-28512,0,0
-165608,0,0
-19257,0,0
190078,0,0
102201,0,0
47029,0,0
-140403,0,0
58326,0,0
131237,0,0
65700,0,0
70160,0,0
84823,0,0
-14796,0,0
-7352,0,0
167886,0,0
49663,0,0
24476,0,0
-107769,0,0
-54710,0,0
-31994,0,0
213493,0,0
254979,0,0
-4399,0,0
-38686,0,0
-70280,0,0
-43795,0,0
-44474,0,0
-8735,0,0
-52467,0,0
42076,0,0
-83006,0,0
102373,0,0
189117,0,0
-69185,0,0
-249924,0,0
-87305,0,0
128835,0,0
-4867,0,0
1192,0,0
2468,0,0
-132718,0,0
-27163,0,0
56015,0,0
122641,0,0
-122855,0,0
-79170,0,0
-38322,0,0
21964,0,0
-19081,0,0
123947,0,0
38706,0,0
-123791,0,0
-190884,0,0
-166807,0,0
102806,0,0
27062,0,0
188878,0,0
223651,0,0
-44171,0,0
-174159,0,0
-131650,0,0
34582,0,0
-183786,0,0
-144942,0,0
320397,0,0
246229,0,0
-76859,0,0
-9695,0,0
-6818,0,0
145106,0,0
-75304,0,0
39098,0,0
-46705,0,0
435,0,0
-30242,0,0
65954,0,0
315067,0,0
104700,0,0
-134951,0,0
-43065,0,0
96849,0,0
-25301,0,0
165966,0,0
49404,0,0
36601,0,0
-6286,0,0
55810,0,0
89746,0,0
110171,0,0
69239,0,0
22144,0,0
3692,0,0
64133,0,0
37632,0,0
11874,0,0
-48719,0,0
74047,0,0
57883,0,0
129307,0,0
42091,0,0
16883,0,0
-64314,0,0
12323,0,0
-121477,0,0
118212,0,0
94426,0,0
9131,0,0
99233,0,0
-182664,0,0
-201983,0,0
-110667,0,0
103634,0,0
152026,0,0
-153876,0,0
195457,0,0
-128001,0,0
-253364,0,0
-130943,0,0
143587,0,0
68120,0,0
-63190,0,0
-131834,0,0
122853,0,0
-220128,0,0
-216269,0,0
92221,0,0
11705,0,0
2595,0,0
21652,0,0
-129241,0,0
146026,0,0
64205,0,0
-211659,0,0
-134116,0,0
42823,0,0
-852,0,0
200321,0,0
102363,0,0
-41616,0,0
-72537,0,0
-1037,0,0
59528,0,0
-45620,0,0
-62405,0,0
117720,0,0
40207,0,0
20368,0,0
25314,0,0
35109,0,0
-229028,0,0
-26744,0,0
245739,0,0
129852,0,0
-159123,0,0
-166337,0,0
-330226,0,0
17433,0,0
290874,0,0
33648,0,0
21360,0,0
308,0,0
-176126,0,0
-18796,0,0
27330,0,0
52983,0,0
-4043,0,0
-64969,0,0
-153956,0,0
-86166,0,0
322664,0,0
312121,0,0
53969,0,0
-20469,0,0
-126673,0,0
-19314,0,0
-1870,0,0
-15165,0,0
-1269,0,0
-70917,0,0
35654,0,0
82552,0,0
-2077,0,0
115525,0,0
-59283,0,0
-120806,0,0
232496,0,0
17724,0,0
-76145,0,0
-36149,0,0
-46697,0,0
-46436,0,0
-39850,0,0
-7641,0,0
-65459,0,0
77030,0,0
253226,0,0
-4321,0,0
53413,0,0
-184226,0,0
-14198,0,0
138415,0,0
4351,0,0
-3196,0,0
-59447,0,0
-160640,0,0
-110594,0,0
171898,0,0
173957,0,0
117690,0,0
-27829,0,0
-280809,0,0
-1169,0,0
-78498,0,0
-133624,0,0
160451,0,0
66991,0,0
219547,0,0
-46279,0,0
-120347,0,0
-138157,0,0
-28790,0,0
33904,0,0
53092,0,0
-9962,0,0
-67893,0,0
48185,0,0
-16761,0,0
13620,0,0
-125409,0,0
12724,0,0
286991,0,0
149754,0,0
-241993,0,0
-170161,0,0
-110493,0,0
-134260,0,0
-31722,0,0
627,0,0
85259,0,0
88898,0,0
-19067,0,0
-76067,0,0
-37025,0,0
-44598,0,0
-60637,0,0
-113747,0,0
-34926,0,0
79602,0,0
-135017,0,0
-64595,0,0
-42453,0,0
-197018,0,0
319616,0,0
169461,0,0
-181339,0,0
-23835,0,0
-56379,0,0
-84453,0,0
27736,0,0
-56927,0,0
125183,0,0
-59451,0,0
-166958,0,0
130459,0,0
-42191,0,0
24641,0,0
72167,0,0
-104662,0,0
14121,0,0
51067,0,0
-78163,0,0
53524,0,0
-26804,0,0
-169186,0,0
-94989,0,0
75412,0,0
-46029,0,0
-89200,0,0
82333,0,0
11848,0,0
-143872,0,0
-202331,0,0
7153,0,0
-44508,0,0
-29235,0,0
-147356,0,0
-29820,0,0
192163,0,0
64475,0,0
-139274,0,0
-183696,0,0
-212646,0,0
-58549,0,0
115076,0,0
-64281,0,0
-126519,0,0
43987,0,0
104177,0,0
66676,0,0
-175345,0,0
-361,0,0
190310,0,0
12404,0,0
-47730,0,0
-69154,0,0
-11448,0,0
-49876,0,0
75735,0,0
73156,0,0
-226071,0,0
-66372,0,0
164439,0,0
164842,0,0
-61648,0,0
-6624,0,0
-234064,0,0
155945,0,0
312523,0,0
9748,0,0
-241943,0,0
-166077,0,0
-23355,0,0
-45340,0,0
45380,0,0
232005,0,0
80829,0,0
-10500,0,0
-106723,0,0
28167,0,0
35193,0,0
-1056,0,0
-11997,0,0
16643,0,0
-19178,0,0
-80865,0,0
52555,0,0
11612,0,0
55039,0,0
-29584,0,0
-99255,0,0
-133990,0,0
-7853,0,0
-74840,0,0
126664,0,0
163288,0,0
-187784,0,0
-214167,0,0
-27855,0,0
-62897,0,0
195324,0,0
30709,0,0
-215209,0,0
-297404,0,0
-223021,0,0
37155,0,0
146220,0,0
-10153,0,0
-182266,0,0
-72562,0,0
-32069,0,0
205481,0,0
-60948,0,0
-488621,0,0
-82150,0,0
61569,0,0
-165759,0,0
-132570,0,0
41033,0,0
155326,0,0
125635,0,0
-238487,0,0
-322184,0,0
-21322,0,0
311965,0,0
66971,0,0
-65317,0,0
-312982,0,0
-128664,0,0
146435,0,0
74472,0,0
-23999,0,0
116091,0,0
-124817,0,0
64016,0,0
-21175,0,0
-78538,0,0
24818,0,0
146359,0,0
-88890,0,0
-61037,0,0
-36215,0,0
27088,0,0
-63374,0,0
-4982,0,0
45472,0,0
46975,0,0
-47119,0,0
103800,0,0
59328,0,0
16840,0,0
23640,0,0
-2535,0,0
-24832,0,0
-76757,0,0
50611,0,0
48385,0,0
-24654,0,0
-235486,0,0
136515,0,0
330926,0,0
236681,0,0
-157839,0,0
-5871,0,0
-85368,0,0
-41676,0,0
128730,0,0
22766,0,0
-96640,0,0
198216,0,0
111490,0,0
47115,0,0
-146725,0,0
-68379,0,0
29195,0,0
135051,0,0
92761,0,0
-137644,0,0
-78408,0,0
-32621,0,0
134855,0,0
93790,0,0
-248060,0,0
-134427,0,0
-9138,0,0
49371,0,0
-64068,0,0
42574,0,0
-162554,0,0
-223132,0,0
-77177,0,0
7730,0,0
167550,0,0
-61467,0,0
77127,0,0
-34778,0,0
-122878,0,0
-220579,0,0
39840,0,0
81329,0,0
-221470,0,0
-68026,0,0
61718,0,0
14218,0,0
143484,0,0
-11750,0,0
51252,0,0
-140378,0,0
-215906,0,0
-6231,0,0
146376,0,0
50213,0,0
-209189,0,0
-232008,0,0
-106945,0,0
78791,0,0
195092,0,0
101599,0,0
-162370,0,0
-144591,0,0
-70531,0,0
-209477,0,0
221580,0,0
234780,0,0
-119230,0,0
-192702,0,0
-221211,0,0
83112,0,0
266539,0,0
257025,0,0
-57799,0,0
-35110,0,0
-10979,0,0
-121729,0,0
-124480,0,0
5512,0,0
411283,0,0
291169,0,0
26880,0,0
-94217,0,0
109469,0,0
123773,0,0
-25658,0,0
-20576,0,0
45701,0,0
129152,0,0
135004,0,0
129095,0,0
-54959,0,0
159262,0,0
55216,0,0
91294,0,0
11726,0,0
-100345,0,0
166475,0,0
90585,0,0
-17039,0,0
90443,0,0
-11097,0,0
-22719,0,0
62040,0,0
-107546,0,0
-148670,0,0
65608,0,0
183563,0,0
73950,0,0
-74710,0,0
-41108,0,0
104919,0,0
37864,0,0
-199039,0,0
-93864,0,0
-1622,0,0
-92276,0,0
201586,0,0
13546,0,0
-71892,0,0
29799,0,0
-3389,0,0
-123035,0,0
32012,0,0
89001,0,0
108925,0,0
-141321,0,0
-208547,0,0
-81621,0,0
135571,0,0
49851,0,0
-111302,0,0
-211765,0,0
-121120,0,0
-67369,0,0
138821,0,0
167976,0,0
-53562,0,0
-228784,0,0
-334094,0,0
102667,0,0
-37645,0,0
-185430,0,0
-126443,0,0
-7303,0,0
213708,0,0
39357,0,0
-56167,0,0
-278878,0,0
-102686,0,0
124017,0,0
72050,0,0
155864,0,0
-32369,0,0
-147981,0,0
78970,0,0
22160,0,0
-90706,0,0
-45296,0,0
82615,0,0
177964,0,0
66586,0,0
-27519,0,0
-42313,0,0
-1075,0,0
23878,0,0
-50905,0,0
-89329,0,0
-77326,0,0
63396,0,0
-28464,0,0
268671,0,0
-186531,0,0
-102202,0,0
223977,0,0
-128333,0,0
-185439,0,0
117794,0,0
-87433,0,0
51904,0,0
52764,0,0
39875,0,0
-12757,0,0
-68730,0,0
-108852,0,0
56494,0,0
149318,0,0
-25953,0,0
-191019,0,0
-51912,0,0
-70288,0,0
38571,0,0
84619,0,0
147415,0,0
-68460,0,0
-120873,0,0
-61629,0,0
124889,0,0
101175,0,0
1831,0,0
-55277,0,0
11149,0,0
127675,0,0
-89784,0,0
-58990,0,0
20752,0,0
230099,0,0
57639,0,0
125834,0,0
-53280,0,0
-199468,0,0
3053,0,0
19717,0,0
-63258,0,0
354391,0,0
25416,0,0
-201331,0,0
73856,0,0
150816,0,0
36018,0,0
-154509,0,0
-49085,0,0
146483,0,0
44437,0,0
-227602,0,0
-37531,0,0
222161,0,0
123210,0,0
-33078,0,0
-63872,0,0
3766,0,0
2565,0,0
86021,0,0
-77313,0,0
306986,0,0
11831,0,0
-132740,0,0
96866,0,0
-140925,0,0
-173871,0,0
-3854,0,0
82892,0,0
146696,0,0
125973,0,0
254290,0,0
5038,0,0
-211623,0,0
-214704,0,0
-138705,0,0
11394,0,0
47691,0,0
-27787,0,0
-81654,0,0
-52106,0,0
269566,0,0
91481,0,0
1802,0,0
-218604,0,0
-108994,0,0
37843,0,0
77573,0,0
-17157,0,0
-32031,0,0
55901,0,0
15271,0,0
60608,0,0
-14228,0,0
-110639,0,0
-308032,0,0
-25691,0,0
610977,0,0
58227,0,0
-63836,0,0
-3803,0,0
4025,0,0
50544,0,0
-73847,0,0
-182140,0,0
-69109,0,0
249260,0,0
240232,0,0
-143465,0,0
-125305,0,0
-134693,0,0
134447,0,0
219584,0,0
38337,0,0
120740,0,0
26160,0,0
-211948,0,0
-327579,0,0
16446,0,0
234747,0,0
-49126,0,0
-59315,0,0
85100,0,0
-104136,0,0
-182409,0,0
56066,0,0
106882,0,0
-27591,0,0
-182157,0,0
-128856,0,0
-62626,0,0
228747,0,0
45052,0,0
-1371,0,0
-211608,0,0
-140509,0,0
-28408,0,0
-56190,0,0
-114094,0,0
66280,0,0
20560,0,0
69413,0,0
-52511,0,0
-203805,0,0
-55470,0,0
-221168,0,0
-52735,0,0
35744,0,0
152492,0,0
-55149,0,0
-119070,0,0
-117837,0,0
6925,0,0
4407,0,0
-79555,0,0
134056,0,0
78876,0,0
-133444,0,0
-95509,0,0
52249,0,0
93064,0,0
47065,0,0
-70514,0,0
19076,0,0
-32623,0,0
189733,0,0
-217392,0,0
-124969,0,0
113524,0,0
137789,0,0
298702,0,0
2748,0,0
-134424,0,0
-122414,0,0
-21163,0,0
245231,0,0
-38356,0,0
-45133,0,0
276313,0,0
198263,0,0
-118546,0,0
167173,0,0
73749,0,0
-120916,0,0
31089,0,0
148572,0,0
10791,0,0
112652,0,0
-31005,0,0
165824,0,0
76346,0,0
-43331,0,0
-72434,0,0
-68097,0,0
97373,0,0
185169,0,0
-127449,0,0
-205955,0,0
-57589,0,0
-57270,0,0
173454,0,0
291115,0,0
-135208,0,0
-284248,0,0
76741,0,0
78956,0,0
-105443,0,0
-114706,0,0
-46311,0,0
48632,0,0
31121,0,0
-133785,0,0
6497,0,0
-90610,0,0
-141370,0,0
34494,0,0
-33663,0,0
434,0,0
-93898,0,0
-125393,0,0
-197665,0,0
-16156,0,0
-74174,0,0
-139097,0,0
130229,0,0
-124185,0,0
-212261,0,0
-157829,0,0
82673,0,0
180556,0,0
-30778,0,0
-221058,0,0
73463,0,0
-26388,0,0
-46307,0,0
108590,0,0
-66585,0,0
-134369,0,0
-19956,0,0
50352,0,0
144032,0,0
153387,0,0
-145549,0,0
-157265,0,0
116175,0,0
13344,0,0
-1374,0,0
4760,0,0
15212,0,0
-46828,0,0
132696,0,0
44147,0,0
-26752,0,0
-12559,0,0
-133415,0,0
-120706,0,0
39839,0,0
60707,0,0
122381,0,0
108498,0,0
-37020,0,0
-82661,0,0
-154966,0,0
21888,0,0
76056,0,0
-133005,0,0
-46104,0,0
-29031,0,0
230620,0,0
-109022,0,0
-187364,0,0
4769,0,0
-36345,0,0
-218002,0,0
-64134,0,0
41321,0,0
-142850,0,0
-116417,0,0
-30729,0,0
252359,0,0
-58866,0,0
-143929,0,0
41424,0,0
-151843,0,0
-136243,0,0
-30234,0,0
49655,0,0
18807,0,0
218840,0,0
53058,0,0
-63686,0,0
5829,0,0
-38504,0,0
25062,0,0
-47981,0,0
112658,0,0
224430,0,0
48294,0,0
-121145,0,0
-84714,0,0
141657,0,0
158927,0,0
10271,0,0
26179,0,0
98806,0,0
-50438,0,0
-110381,0,0
-18719,0,0
-6178,0,0
65709,0,0
86380,0,0
-27778,0,0
-61019,0,0
59822,0,0
75418,0,0
-153819,0,0
-66865,0,0
70870,0,0
160431,0,0
-3472,0,0
-103340,0,0
16711,0,0
-189014,0,0
-52049,0,0
60674,0,0
-45188,0,0
84058,0,0
28346,0,0
-86402,0,0
-44610,0,0
22680,0,0
-149339,0,0
-92735,0,0
-65779,0,0
-48130,0,0
1313,0,0
132785,0,0
100646,0,0
-90463,0,0
-91887,0,0
-4843,0,0
-127847,0,0
-221,0,0
-15794,0,0
-85952,0,0
109085,0,0
-111318,0,0
19060,0,0
256277,0,0
58717,0,0
-17846,0,0
-100668,0,0
-64705,0,0
21733,0,0
92417,0,0
3854,0,0
-169233,0,0
44239,0,0
195250,0,0
45987,0,0
30623,0,0
-106161,0,0
186744,0,0
129176,0,0
-105813,0,0
-138008,0,0
319,0,0
83142,0,0
176690,0,0
89150,0,0
-90071,0,0
170033,0,0
54196,0,0
-71671,0,0
-139105,0,0
48563,0,0
241425,0,0
8818,0,0
91246,0,0
-1300,0,0
-178905,0,0
-59120,0,0
26179,0,0
-112835,0,0
301857,0,0
467882,0,0
-186338,0,0
-358695,0,0
-81765,0,0
-79812,0,0
17446,0,0
10022,0,0
40753,0,0
1113,0,0
47859,0,0
147787,0,0
-136298,0,0
-356615,0,0
22503,0,0
69613,0,0
13098,0,0
144269,0,0
-192802,0,0
30979,0,0
57232,0,0
-226617,0,0
89808,0,0
33360,0,0
-76600,0,0
36163,0,0
-99192,0,0
17399,0,0
173109,0,0
169439,0,0
-137666,0,0
-246476,0,0
30615,0,0
19712,0,0
50129,0,0
142663,0,0
-48240,0,0
-20997,0,0
-54110,0,0
-216821,0,0
-104502,0,0
-93207,0,0
57546,0,0
236505,0,0
-69154,0,0
100728,0,0
49338,0,0
-193480,0,0
-192888,0,0
4771,0,0
96031,0,0
78032,0,0
22315,0,0
-24036,0,0
20394,0,0
20583,0,0
36998,0,0
28835,0,0
39838,0,0
207713,0,0
98049,0,0
-27688,0,0
1351,0,0
-74109,0,0
-94836,0,0
-117295,0,0
67762,0,0
335794,0,0
135745,0,0
-391006,0,0
23432,0,0
172122,0,0
-93734,0,0
-150833,0,0
24757,0,0
36297,0,0
-62542,0,0
60362,0,0
206163,0,0
-73150,0,0
-311898,0,0
4608,0,0
308648,0,0
72643,0,0
-59363,0,0
-2342,0,0
-10654,0,0
19345,0,0
-68431,0,0
-55957,0,0
358627,0,0
-48226,0,0
1627,0,0
-44071,0,0
50938,0,0
30583,0,0
-25882,0,0
19090,0,0
176281,0,0
167652,0,0
103800,0,0
-100974,0,0
42783,0,0
-42617,0,0
-70878,0,0
65237,0,0
225585,0,0
66403,0,0
-104763,0,0
3528,0,0
-44276,0,0
120997,0,0
414609,0,0
45370,0,0
-216298,0,0
-193337,0,0
-92861,0,0
18869,0,0
92925,0,0
-42442,0,0
-164337,0,0
-30518,0,0
22008,0,0
279317,0,0
-81691,0,0
-146602,0,0
56047,0,0
-45949,0,0
-209506,0,0
203998,0,0
-93561,0,0
-250563,0,0
-37272,0,0
200990,0,0
241440,0,0
32520,0,0
-179953,0,0
-3985,0,0
11672,0,0
4488,0,0
-23612,0,0
-37334,0,0
166799,0,0
263962,0,0
88156,0,0
-173684,0,0
-212182,0,0
-111011,0,0
177543,0,0
206320,0,0
37602,0,0
-101757,0,0
17527,0,0
-8717,0,0
63824,0,0
137397,0,0
-23071,0,0
-191081,0,0
-124087,0,0
169072,0,0
103247,0,0
-29580,0,0
-6546,0,0
-87543,0,0
75078,0,0
-57698,0,0
-29675,0,0
29376,0,0
-32445,0,0
-47187,0,0
-131571,0,0
185135,0,0
200155,0,0
4619,0,0
-99662,0,0
-124470,0,0
-63163,0,0
-32195,0,0
211196,0,0
35696,0,0
-12107,0,0
-158508,0,0
-96451,0,0
21403,0,0
301829,0,0
148717,0,0
-47099,0,0
-131099,0,0
-51649,0,0
-120686,0,0
-23034,0,0
156450,0,0
109393,0,0
-7565,0,0
-70289,0,0
41797,0,0
-9854,0,0
66085,0,0
-104029,0,0
-138179,0,0
52591,0,0
-25749,0,0
-119725,0,0
101140,0,0
218800,0,0
-33297,0,0
-111652,0,0
-411305,0,0
-190091,0,0
67642,0,0
9410,0,0
217270,0,0
-76852,0,0
444552,0,0
42883,0,0
-234598,0,0
-386202,0,0
-103680,0,0
127514,0,0
39238,0,0
215720,0,0
265360,0,0
-51177,0,0
-71245,0,0
40364,0,0
-12332,0,0
101829,0,0
69319,0,0
-175878,0,0
78937,0,0
164875,0,0
-64127,0,0
125268,0,0
28840,0,0
-80359,0,0
6543,0,0
10363,0,0
-33711,0,0
137542,0,0
-91881,0,0
-5344,0,0
26454,0,0
62936,0,0
17490,0,0
-124281,0,0
10072,0,0
182433,0,0
192762,0,0
-51887,0,0
9752,0,0
-37285,0,0
-7066,0,0
130568,0,0
101416,0,0
-144473,0,0
156868,0,0
-20252,0,0
-83309,0,0
2696,0,0
115980,0,0
783,0,0
147836,0,0
-43940,0,0
-189170,0,0
-43395,0,0
-69996,0,0
-112233,0,0
-50040,0,0
6155,0,0
20022,0,0
-307900,0,0
-12588,0,0
47711,0,0
-33731,0,0
-6907,0,0
114046,0,0
-293200,0,0
32329,0,0
68254,0,0
21545,0,0
73816,0,0
17872,0,0
13836,0,0
-79042,0,0
-79629,0,0
25230,0,0
256070,0,0
66186,0,0
166000,0,0
198891,0,0
490,0,0
-184458,0,0
-16599,0,0
-27723,0,0
86101,0,0
70490,0,0
43586,0,0
-11382,0,0
138244,0,0
22493,0,0
-218540,0,0
-274281,0,0
-85484,0,0
170362,0,0
243220,0,0
-138849,0,0
-224606,0,0
-165461,0,0
20708,0,0
-123777,0,0
50713,0,0
68237,0,0
-253012,0,0
-6598,0,0
80284,0,0
40745,0,0
94776,0,0
-237694,0,0
-14185,0,0
-9381,0,0
-6653,0,0
2925,0,0
26251,0,0
-6711,0,0
72163,0,0
-12382,0,0
-33499,0,0
70818,0,0
25317,0,0
7462,0,0
123738,0,0
-243841,0,0
-139592,0,0
-397,0,0
-138098,0,0
9086,0,0
267738,0,0
-165106,0,0
-131700,0,0
-24449,0,0
145440,0,0
163459,0,0
-133428,0,0
-49543,0,0
19868,0,0
-149187,0,0
72921,0,0
-72647,0,0
106599,0,0
52920,0,0
-111047,0,0
95922,0,0
-138423,0,0
980,0,0
-31009,0,0
-1284,0,0
104647,0,0
118747,0,0
33092,0,0
109650,0,0
-3722,0,0
-332328,0,0
47463,0,0
81974,0,0
319247,0,0
118886,0,0
767,0,0
49476,0,0
-78206,0,0
22802,0,0
139284,0,0
125532,0,0
205852,0,0
-92028,0,0
-25606,0,0
28293,0,0
23004,0,0
-990,0,0
-9255,0,0
7510,0,0
-155578,0,0
79818,0,0
41363,0,0
-160669,0,0
-273407,0,0
-18500,0,0
-39160,0,0
40053,0,0
148515,0,0
-164591,0,0
23713,0,0
-72795,0,0
-20838,0,0
1494,0,0
17079,0,0
-24754,0,0
-36596,0,0
-69039,0,0
39049,0,0
62193,0,0
108331,0,0
49391,0,0
16669,0,0
-74818,0,0
-13730,0,0
-132876,0,0
-68741,0,0
-16494,0,0
-10849,0,0
-21593,0,0
23152,0,0
-19189,0,0
-242314,0,0
-394534,0,0
-243411,0,0
282047,0,0
218126,0,0
-152743,0,0
-204734,0,0
-236585,0,0
143809,0,0
-219549,0,0
-323516,0,0
-210918,0,0
-13922,0,0
418274,0,0
200678,0,0
-126799,0,0
-187254,0,0
-156183,0,0
-55464,0,0
110121,0,0
94799,0,0
47298,0,0
94488,0,0
65390,0,0
-155039,0,0
-7181,0,0
337763,0,0
183920,0,0
-178579,0,0
-104676,0,0
259494,0,0
273996,0,0
-120466,0,0
-66246,0,0
54448,0,0
199349,0,0
-41447,0,0
14747,0,0
-32636,0,0
16009,0,0
41297,0,0
-4557,0,0
88702,0,0
146595,0,0
-52845,0,0
-43132,0,0
4174,0,0
173293,0,0
209764,0,0
42385,0,0
58000,0,0
-47939,0,0
-193080,0,0
-60925,0,0
166612,0,0
121603,0,0
236448,0,0
304480,0,0
-31,0,0
-95893,0,0
-108784,0,0
1636,0,0
264444,0,0
296268,0,0
148727,0,0
-186535,0,0
-255167,0,0
-12298,0,0
145039,0,0
312816,0,0
12976,0,0
114060,0,0
-104840,0,0
-36257,0,0
-104817,0,0
-223258,0,0
157797,0,0
487616,0,0
49861,0,0
-241612,0,0
-95234,0,0
146418,0,0
-14409,0,0
-78376,0,0
-181691,0,0
-147663,0,0
38260,0,0
80762,0,0
108409,0,0
327267,0,0
78062,0,0
-321308,0,0
-179852,0,0
-130747,0,0
23349,0,0
213176,0,0
242167,0,0
34668,0,0
-131137,0,0
-34977,0,0
25549,0,0
-119178,0,0
-144185,0,0
-48591,0,0
83407,0,0
94205,0,0
256472,0,0
109930,0,0
49706,0,0
-173935,0,0
-99715,0,0
113481,0,0
3862,0,0
-247546,0,0
-87229,0,0
194906,0,0
167082,0,0
25984,0,0
-147073,0,0
37655,0,0
-97106,0,0
110973,0,0
172586,0,0
161956,0,0
-67942,0,0
-202772,0,0
-63449,0,0
-38722,0,0
-69112,0,0
104358,0,0
194777,0,0
-12006,0,0
2622,0,0
-118816,0,0
-108891,0,0
19004,0,0
193803,0,0
-36120,0,0
-102679,0,0
-25439,0,0
-106993,0,0
-47685,0,0
113378,0,0
61107,0,0
3871,0,0
20642,0,0
-54233,0,0
-194876,0,0
-123525,0,0
-19636,0,0
209970,0,0
53892,0,0
16562,0,0
-49663,0,0
-59056,0,0
20088,0,0
-91556,0,0
-10563,0,0
-119025,0,0
-76561,0,0
-27884,0,0
-73564,0,0
134830,0,0
-10692,0,0
-52807,0,0
-11910,0,0
-85087,0,0
-300972,0,0
-21492,0,0
300170,0,0
-75090,0,0
-46808,0,0
50223,0,0
102035,0,0
-43824,0,0
-127453,0,0
-22008,0,0
-78374,0,0
82169,0,0
81943,0,0
8320,0,0
-103303,0,0
-72209,0,0
-79848,0,0
359639,0,0
118257,0,0
45065,0,0
-124022,0,0
-121645,0,0
-144140,0,0
94869,0,0
29942,0,0
-42635,0,0
-16250,0,0
57701,0,0
-125538,0,0
46036,0,0
122465,0,0
241278,0,0
71742,0,0
-100539,0,0
-236155,0,0
-100108,0,0
98974,0,0
195902,0,0
-165858,0,0
-162541,0,0
234689,0,0
110362,0,0
-46842,0,0
59702,0,0
150316,0,0
-110047,0,0
-55753,0,0
-15826,0,0
38058,0,0
65373,0,0
-221136,0,0
7525,0,0
-73902,0,0
5350,0,0
4151,0,0
55623,0,0
103612,0,0
176506,0,0
-199245,0,0
-37808,0,0
20905,0,0
-173866,0,0
38345,0,0
-16220,0,0
-49129,0,0
-1698,0,0
-108057,0,0
2377,0,0
343199,0,0
118228,0,0
5869,0,0
-153294,0,0
-79138,0,0
82329,0,0
-137018,0,0
28146,0,0
33224,0,0
123889,0,0
180084,0,0
21310,0,0
-136031,0,0
-81474,0,0
-9397,0,0
-98101,0,0
189187,0,0
116590,0,0
-27864,0,0
-54276,0,0
-248452,0,0
-194352,0,0
20355,0,0
193546,0,0
273612,0,0
-164031,0,0
-110918,0,0
-54708,0,0
-19451,0,0
-49971,0,0
-140234,0,0
-1501,0,0
67023,0,0
-24,0,0
-6354,0,0
-145459,0,0
-46880,0,0
185620,0,0
126828,0,0
-131451,0,0
-416759,0,0
-3836,0,0
152765,0,0
145551,0,0
-12621,0,0
-121982,0,0
-33,0,0
67610,0,0
34024,0,0
-86291,0,0
-189079,0,0
117580,0,0
156442,0,0
15359,0,0
124495,0,0
-36154,0,0
-112170,0,0
186225,0,0
-83933,0,0
37929,0,0
243160,0,0
2654,0,0
-127654,0,0
49625,0,0
24901,0,0
181375,0,0
201990,0,0
-211441,0,0
-31043,0,0
-102722,0,0
48198,0,0
273936,0,0
-67904,0,0
19599,0,0
195385,0,0
109860,0,0
45274,0,0
-59171,0,0
4498,0,0
-83937,0,0
120622,0,0
91195,0,0
189506,0,0
30434,0,0
-19938,0,0
-64551,0,0
111738,0,0
147966,0,0
-35833,0,0
-70475,0,0
-182577,0,0
-8400,0,0
2443,0,0
298305,0,0
-25116,0,0
-152195,0,0
-159814,0,0
140009,0,0
206974,0,0
-28658,0,0
-232990,0,0
-132723,0,0
-9818,0,0
18497,0,0
-39577,0,0
156860,0,0
-14655,0,0
-47817,0,0
57714,0,0
21238,0,0
-55358,0,0
159839,0,0
-7236,0,0
-136501,0,0
-52437,0,0
-16878,0,0
54199,0,0
-93971,0,0
93851,0,0
-19850,0,0
-29839,0,0
193092,0,0
-36244,0,0
-12653,0,0
2916,0,0
99555,0,0
-24061,0,0
22120,0,0
-108212,0,0
166375,0,0
87041,0,0
21922,0,0
-186836,0,0
-130561,0,0
139224,0,0
229515,0,0
202743,0,0
-78527,0,0
-59036,0,0
120725,0,0
152614,0,0
-45762,0,0
-23475,0,0
-51720,0,0
-56959,0,0
-115532,0,0
193436,0,0
140790,0,0
90939,0,0
48666,0,0
-44092,0,0
63935,0,0
29865,0,0
-151635,0,0
-49507,0,0
-40281,0,0
40752,0,0
56798,0,0
77634,0,0
-109439,0,0
10057,0,0
-37359,0,0
-99719,0,0
75057,0,0
70852,0,0
35157,0,0
-123220,0,0
-16946,0,0
100160,0,0
-140549,0,0
-151858,0,0
9091,0,0
130129,0,0
45965,0,0
-165728,0,0
-108649,0,0
-12096,0,0
-4785,0,0
152517,0,0
-43539,0,0
-194630,0,0
-197904,0,0
7734,0,0
183879,0,0
-213974,0,0
-163687,0,0
215104,0,0
120411,0,0
-133161,0,0
-163729,0,0
-20424,0,0
54671,0,0
148989,0,0
73981,0,0
-95899,0,0
10147,0,0
111901,0,0
100404,0,0
-167292,0,0
-78430,0,0
56467,0,0
-33241,0,0
-72755,0,0
-85790,0,0
-90585,0,0
87736,0,0
55363,0,0
-26812,0,0
-222829,0,0
74139,0,0
212655,0,0
-150308,0,0
-206962,0,0
61346,0,0
101989,0,0
15117,0,0
-71289,0,0
86546,0,0
-75694,0,0
-679,0,0
9066,0,0
231790,0,0
342442,0,0
76567,0,0
-109838,0,0
-54075,0,0
-34878,0,0
85545,0,0
282415,0,0
159509,0,0
-265224,0,0
5714,0,0
114443,0,0
95021,0,0
-15974,0,0
26268,0,0
54334,0,0
100279,0,0
-102010,0,0
-202373,0,0
69680,0,0
240113,0,0
-2959,0,0
-102295,0,0
-267537,0,0
-171355,0,0
93783,0,0
432362,0,0
41046,0,0
-246351,0,0
-80875,0,0
71038,0,0
-16571,0,0
-46742,0,0
-147728,0,0
-162626,0,0
-40891,0,0
22441,0,0
158076,0,0
11264,0,0
-284328,0,0
-339403,0,0
-112009,0,0
-64976,0,0
132155,0,0
97415,0,0
-176202,0,0
-237994,0,0
-108962,0,0
-152727,0,0
-211376,0,0
-131779,0,0
-308223,0,0
20953,0,0
89106,0,0
60884,0,0
-41594,0,0
-52179,0,0
-63272,0,0
-247554,0,0
-84993,0,0
17224,0,0
295876,0,0
-33817,0,0
-221662,0,0
-120418,0,0
-142019,0,0
52456,0,0
239202,0,0
91061,0,0
69740,0,0
-95908,0,0
33131,0,0
80799,0,0
-124651,0,0
-210462,0,0
22568,0,0
271768,0,0
262356,0,0
-9800,0,0
-133882,0,0
-92146,0,0
-54517,0,0
89706,0,0
164990,0,0
-74053,0,0
53588,0,0
11535,0,0
61962,0,0
80121,0,0
-65261,0,0
53213,0,0
-52724,0,0
-8919,0,0
16346,0,0
-6349,0,0
42215,0,0
76043,0,0
112740,0,0
-159104,0,0
-199457,0,0
-10175,0,0
201777,0,0
174896,0,0
-21390,0,0
-100085,0,0
-20189,0,0
74320,0,0
-35392,0,0
108417,0,0
-18754,0,0
16121,0,0
-21968,0,0
-37760,0,0
95364,0,0
136837,0,0
-223259,0,0
-60241,0,0
-52004,0,0
40524,0,0
204437,0,0
192677,0,0
-28966,0,0
-218638,0,0
-97965,0,0
-116503,0,0
-20261,0,0
97595,0,0
-139312,0,0
11916,0,0
-103503,0,0
31245,0,0
126708,0,0
74385,0,0
-81492,0,0
9697,0,0
-23107,0,0
-212436,0,0
-89345,0,0
-52936,0,0
107639,0,0
10577,0,0
-102194,0,0
92850,0,0
218543,0,0
10645,0,0
12517,0,0
-168876,0,0
-149941,0,0
43130,0,0
60868,0,0
197892,0,0
112480,0,0
-12720,0,0
-51093,0,0
5916,0,0
-129876,0,0
61389,0,0
187334,0,0
129632,0,0
13166,0,0
-89197,0,0
-16388,0,0
80928,0,0
72476,0,0
-206091,0,0
-17679,0,0
35147,0,0
34497,0,0
120732,0,0
130857,0,0
-20911,0,0
-54228,0,0
22635,0,0
-26862,0,0
-117307,0,0
-15529,0,0
31835,0,0
90059,0,0
-26136,0,0
66205,0,0
16028,0,0
-112474,0,0
-3072,0,0
47361,0,0
-136925,0,0
80214,0,0
-163947,0,0
-12241,0,0
-161416,0,0
-82811,0,0
73505,0,0
-217454,0,0
308037,0,0
64049,0,0
-153509,0,0
-277700,0,0
-162397,0,0
144185,0,0
60700,0,0
-85771,0,0
-158,0,0
-140729,0,0
-14930,0,0
25414,0,0
-144524,0,0
-36834,0,0
52068,0,0
134549,0,0
114732,0,0
-12977,0,0
-67341,0,0
-148684,0,0
-194835,0,0
48025,0,0
-525,0,0
50510,0,0
334157,0,0
168053,0,0
-203085,0,0
-97713,0,0
126568,0,0
69153,0,0
51405,0,0
84019,0,0
-68012,0,0
50178,0,0
-118021,0,0
160430,0,0
191560,0,0
-2432,0,0
104256,0,0
-5995,0,0
-123787,0,0
92126,0,0
203256,0,0
155317,0,0
-156774,0,0
-231431,0,0
-156835,0,0
-6583,0,0
141011,0,0
481212,0,0
78059,0,0
-248327,0,0
-191317,0,0
116764,0,0
101777,0,0
-64677,0,0
118827,0,0
-30440,0,0
-59123,0,0
-26023,0,0
-93979,0,0
-36469,0,0
-36339,0,0
366097,0,0
80052,0,0
-45832,0,0
-73767,0,0
-110829,0,0
-231497,0,0
111816,0,0
59465,0,0
-112681,0,0
-111680,0,0
-58950,0,0
203292,0,0
346052,0,0
8152,0,0
-137475,0,0
-161678,0,0
29999,0,0
-106989,0,0
-153980,0,0
-75568,0,0
99130,0,0
173478,0,0
100720,0,0
-48007,0,0
95500,0,0
-35593,0,0
-310026,0,0
-305021,0,0
-96032,0,0
297593,0,0
250381,0,0
-89637,0,0
-168575,0,0
-60343,0,0
-96671,0,0
28894,0,0
-113179,0,0
29503,0,0
137320,0,0
-96253,0,0
-151024,0,0
153138,0,0
-95244,0,0
-46646,0,0
177766,0,0
169341,0,0
71321,0,0
101000,0,0
-110012,0,0
-121666,0,0
-63561,0,0
35008,0,0
153115,0,0
65471,0,0
100786,0,0
138694,0,0
5665,0,0
-1127,0,0
-34936,0,0
-198435,0,0
-102129,0,0
90379,0,0
246232,0,0
223045,0,0
-14876,0,0
-53910,0,0
-89253,0,0
-173983,0,0
-178201,0,0
10940,0,0
132191,0,0
-94794,0,0
-37616,0,0
46469,0,0
8493,0,0
22622,0,0
83509,0,0
-32271,0,0
80359,0,0
-2724,0,0
-83883,0,0
20733,0,0
-86372,0,0
-268603,0,0
-165594,0,0
327923,0,0
294243,0,0
245551,0,0
-24099,0,0
-184283,0,0
-118384,0,0
-19141,0,0
42055,0,0
-46023,0,0
-52337,0,0
-109848,0,0
73511,0,0
172791,0,0
84152,0,0
-194355,0,0
-77600,0,0
52252,0,0
43497,0,0
-61354,0,0
-134609,0,0
4249,0,0
-164280,0,0
24242,0,0
227279,0,0
4968,0,0
-260044,0,0
25272,0,0
150315,0,0
6719,0,0
-143812,0,0
107689,0,0
-23343,0,0
-174831,0,0
-87630,0,0
16,0,0
263802,0,0
30731,0,0
-131625,0,0
102600,0,0
204136,0,0
-139511,0,0
-22013,0,0
-15372,0,0
14922,0,0
26658,0,0
-90588,0,0
-53517,0,0
144247,0,0
263630,0,0
66040,0,0
-171256,0,0
36013,0,0
-87917,0,0
-80135,0,0
114918,0,0
143071,0,0
-62421,0,0
-51707,0,0
-75722,0,0
-231956,0,0
-88029,0,0
31173,0,0
-49959,0,0
-50271,0,0
-231320,0,0
309975,0,0
9467,0,0
-283529,0,0
-220675,0,0
197388,0,0
-30180,0,0
-129657,0,0
-96244,0,0
-178850,0,0
198577,0,0
288031,0,0
-262011,0,0
-179878,0,0
229787,0,0
208490,0,0
45026,0,0
-209994,0,0
88263,0,0
247422,0,0
-61440,0,0
31551,0,0
-71430,0,0
-29109,0,0
131743,0,0
189793,0,0
-30178,0,0
-206810,0,0
76022,0,0
207075,0,0
20747,0,0
19200,0,0
134083,0,0
16523,0,0
-62117,0,0
-51951,0,0
77887,0,0
187629,0,0
83751,0,0
8154,0,0
97615,0,0
-16587,0,0
28869,0,0
43655,0,0
78885,0,0
126428,0,0
151,0,0
-93710,0,0
407628,0,0
117491,0,0
-7533,0,0
-67134,0,0
-74083,0,0
89483,0,0
196612,0,0
16491,0,0
-71475,0,0
-31239,0,0
113706,0,0
-7889,0,0
117104,0,0
96441,0,0
32526,0,0
-173173,0,0
-54908,0,0
113173,0,0
166856,0,0
12326,0,0
-8935,0,0
-79365,0,0
-68755,0,0
33881,0,0
4876,0,0
-166327,0,0
-731,0,0
177075,0,0
201368,0,0
-138481,0,0
5962,0,0
32936,0,0
-83683,0,0
24986,0,0
1995,0,0
46669,0,0
137803,0,0
-132278,0,0
-123961,0,0
-1734,0,0
-546,0,0
-64292,0,0
75601,0,0
90111,0,0
-58590,0,0
-155567,0,0
8033,0,0
65088,0,0
-36963,0,0
-64451,0,0
-25248,0,0
26644,0,0
-113991,0,0
-215805,0,0
-135912,0,0
50711,0,0
291410,0,0
62563,0,0
-63799,0,0
-192400,0,0
-151742,0,0
107928,0,0
167176,0,0
-92041,0,0
-85851,0,0
-101152,0,0
52145,0,0
108305,0,0
51577,0,0
42797,0,0
-8542,0,0
-79011,0,0
-38549,0,0
297751,0,0
12045,0,0
-185659,0,0
57372,0,0
126511,0,0
77753,0,0
-169511,0,0
23278,0,0
336445,0,0
168850,0,0
-160904,0,0
-43549,0,0
81809,0,0
-96835,0,0
-147862,0,0
143989,0,0
103708,0,0
-33533,0,0
41437,0,0
218232,0,0
-53027,0,0
-223468,0,0
-174096,0,0
-69191,0,0
63394,0,0
149733,0,0
120130,0,0
-157040,0,0
-44210,0,0
173909,0,0
-188861,0,0
-130562,0,0
149011,0,0
10759,0,0
-11017,0,0
