83334,0,0
41545,0,0
-5596,0,0
-95451,0,0
-71030,0,0
24405,0,0
-306,0,0
35543,0,0
28682,0,0
-27030,0,0
-59199,0,0
18266,0,0
188277,0,0
-13606,0,0
-105054,0,0
34573,0,0
-108405,0,0
17480,0,0
19291,0,0
-18257,0,0
-59591,0,0
89072,0,0
31418,0,0
-124737,0,0
-135830,0,0
-78801,0,0
48134,0,0
1651,0,0
-101930,0,0
-18227,0,0
79170,0,0
90048,0,0
127251,0,0
-247287,0,0
36044,0,0
-120657,0,0
-235168,0,0
-2032,0,0
151684,0,0
47832,0,0
-81662,0,0
44139,0,0
95770,0,0
-3316,0,0
1179,0,0
-75882,0,0
107732,0,0
-235996,0,0
-105726,0,0
161493,0,0
196237,0,0
-91437,0,0
149865,0,0
-75201,0,0
-123107,0,0
56980,0,0
149697,0,0
37807,0,0
151761,0,0
-82552,0,0
-72281,0,0
135729,0,0
66229,0,0
111064,0,0
-112389,0,0
-114957,0,0
5649,0,0
38083,0,0
322398,0,0
72735,0,0
-71611,0,0
-68703,0,0
-10176,0,0
-74664,0,0
38399,0,0
19899,0,0
11245,0,0
47613,0,0
19640,0,0
-11116,0,0
-11598,0,0
-53812,0,0
12526,0,0
29675,0,0
16219,0,0
-561,0,0
38559,0,0
18355,0,0
-26197,0,0
25991,0,0
-3896,0,0
-31004,0,0
70347,0,0
5550,0,0
-103133,0,0
-37571,0,0
85380,0,0
108999,0,0
131021,0,0
-67584,0,0
-158940,0,0
-1733,0,0
-75112,0,0
40323,0,0
116222,0,0
-39981,0,0
-92234,0,0
-79781,0,0
137470,0,0
-130148,0,0
61787,0,0
-55724,0,0
-89597,0,0
-30250,0,0
181416,0,0
141998,0,0
-136673,0,0
-158035,0,0
-84183,0,0
48371,0,0
148574,0,0
-15927,0,0
-151105,0,0
69224,0,0
52941,0,0
65726,0,0
-97027,0,0
-66612,0,0
-46023,0,0
204000,0,0
-192683,0,0
-176188,0,0
28814,0,0
58404,0,0
235808,0,0
-142960,0,0
-64659,0,0
-21080,0,0
-5786,0,0
-39464,0,0
131749,0,0
-5826,0,0
-14415,0,0
-13147,0,0
-32809,0,0
114815,0,0
149169,0,0
-40154,0,0
-92479,0,0
-23438,0,0
17456,0,0
269697,0,0
138779,0,0
-2380,0,0
-104988,0,0
19468,0,0
-26180,0,0
-24316,0,0
-57039,0,0
103509,0,0
187599,0,0
56893,0,0
56649,0,0
11297,0,0
-37915,0,0
-78280,0,0
-63001,0,0
48421,0,0
51912,0,0
-64329,0,0
60472,0,0
-32015,0,0
367294,0,0
-2077,0,0
-108700,0,0
-132994,0,0
-94065,0,0
-110886,0,0
70549,0,0
36005,0,0
42192,0,0
195931,0,0
-112572,0,0
-72160,0,0
18182,0,0
2159,0,0
194334,0,0
-7208,0,0
-148905,0,0
-130341,0,0
-89426,0,0
-30822,0,0
226878,0,0
140187,0,0
-168483,0,0
138332,0,0
-37822,0,0
-180948,0,0
-153068,0,0
39549,0,0
319274,0,0
161611,0,0
-70196,0,0
-30002,0,0
-99246,0,0
52208,0,0
-10244,0,0
73836,0,0
-101250,0,0
67644,0,0
132495,0,0
-1054,0,0
238354,0,0
18328,0,0
-17416,0,0
32348,0,0
72434,0,0
-68558,0,0
-108111,0,0
-26998,0,0
46103,0,0
95717,0,0
-34951,0,0
-27834,0,0
302562,0,0
-105995,0,0
-164436,0,0
-213423,0,0
-150946,0,0
-10827,0,0
251388,0,0
-90930,0,0
-44011,0,0
-106599,0,0
-114901,0,0
23477,0,0
-200298,0,0
68320,0,0
42327,0,0
64751,0,0
-132051,0,0
-28779,0,0
-101475,0,0
23464,0,0
-101094,0,0
-219677,0,0
109971,0,0
310277,0,0
-25166,0,0
-194616,0,0
-78944,0,0
-208520,0,0
145795,0,0
82021,0,0
-81773,0,0
-38195,0,0
-117902,0,0
-13502,0,0
20121,0,0
-151926,0,0
-62038,0,0
-55181,0,0
107768,0,0
140699,0,0
-159097,0,0
-99607,0,0
-163119,0,0
-120394,0,0
59647,0,0
16068,0,0
65277,0,0
-60624,0,0
-28788,0,0
-18075,0,0
-160042,0,0
25929,0,0
113225,0,0
-36581,0,0
-75868,0,0
-69625,0,0
-48645,0,0
-32832,0,0
144616,0,0
101313,0,0
6662,0,0
27013,0,0
-90585,0,0
-214641,0,0
-58168,0,0
-1669,0,0
167043,0,0
248944,0,0
-2071,0,0
-83682,0,0
13983,0,0
51793,0,0
-215555,0,0
-74673,0,0
63547,0,0
28000,0,0
56061,0,0
12154,0,0
9977,0,0
-122403,0,0
41371,0,0
63439,0,0
-55461,0,0
-5579,0,0
8680,0,0
-37772,0,0
-2437,0,0
-41157,0,0
14563,0,0
124900,0,0
-29329,0,0
-85603,0,0
-18049,0,0
49054,0,0
-39252,0,0
101654,0,0
-9954,0,0
-113793,0,0
-145545,0,0
-43209,0,0
165046,0,0
-22948,0,0
337521,0,0
6620,0,0
-380398,0,0
-189493,0,0
123171,0,0
150351,0,0
-35114,0,0
-265961,0,0
-109423,0,0
109157,0,0
113907,0,0
54053,0,0
214814,0,0
-76471,0,0
-169428,0,0
-41023,0,0
380,0,0
134370,0,0
7517,0,0
-13919,0,0
-113339,0,0
-102428,0,0
43785,0,0
101994,0,0
138646,0,0
112763,0,0
72684,0,0
29701,0,0
-143477,0,0
49025,0,0
28043,0,0
-147512,0,0
69313,0,0
108056,0,0
139113,0,0
49703,0,0
-35079,0,0
-47615,0,0
-124372,0,0
-70699,0,0
245944,0,0
129724,0,0
-132128,0,0
-11602,0,0
-93103,0,0
18778,0,0
185310,0,0
-27873,0,0
-104372,0,0
-41374,0,0
139248,0,0
-118451,0,0
-70725,0,0
18321,0,0
-79200,0,0
122001,0,0
-108496,0,0
167460,0,0
149106,0,0
-125915,0,0
-70725,0,0
-125687,0,0
-142574,0,0
-71977,0,0
-60299,0,0
5846,0,0
97539,0,0
156957,0,0
-142865,0,0
-156574,0,0
13532,0,0
40391,0,0
-271425,0,0
-177334,0,0
48938,0,0
219020,0,0
150193,0,0
-135650,0,0
97893,0,0
-109840,0,0
-54528,0,0
-77786,0,0
60100,0,0
140390,0,0
89716,0,0
2329,0,0
-60176,0,0
32950,0,0
192691,0,0
54636,0,0
15602,0,0
-66527,0,0
-140638,0,0
-186410,0,0
183675,0,0
133505,0,0
145405,0,0
-14086,0,0
-156731,0,0
-63510,0,0
-80445,0,0
-205080,0,0
-54381,0,0
-67913,0,0
-11066,0,0
68185,0,0
-9115,0,0
-85996,0,0
-58184,0,0
-206007,0,0
29916,0,0
-8150,0,0
-86774,0,0
58988,0,0
-185526,0,0
-105557,0,0
104073,0,0
4649,0,0
-176785,0,0
-96776,0,0
115093,0,0
-32687,0,0
71649,0,0
-85182,0,0
-122911,0,0
146661,0,0
42053,0,0
-35162,0,0
-5374,0,0
-14862,0,0
-94408,0,0
-88459,0,0
92541,0,0
83926,0,0
186449,0,0
-13877,0,0
-91112,0,0
56201,0,0
62414,0,0
49801,0,0
-129059,0,0
6660,0,0
34973,0,0
151004,0,0
39913,0,0
-227859,0,0
86073,0,0
20498,0,0
90854,0,0
166505,0,0
-93913,0,0
15757,0,0
88381,0,0
-75090,0,0
-100607,0,0
-66035,0,0
88569,0,0
108990,0,0
-15198,0,0
-10664,0,0
168101,0,0
-26490,0,0
-149492,0,0
-20398,0,0
246905,0,0
-51072,0,0
67031,0,0
-19700,0,0
46211,0,0
54258,0,0
-40172,0,0
57882,0,0
162801,0,0
-20749,0,0
25693,0,0
11751,0,0
-12109,0,0
102511,0,0
56290,0,0
95393,0,0
43249,0,0
115536,0,0
172094,0,0
22324,0,0
-130762,0,0
-6204,0,0
124073,0,0
-23518,0,0
38165,0,0
209836,0,0
-3610,0,0
-64585,0,0
55680,0,0
206566,0,0
-28852,0,0
46344,0,0
57787,0,0
-6402,0,0
-36716,0,0
68980,0,0
43549,0,0
-134728,0,0
-121477,0,0
131408,0,0
4637,0,0
28300,0,0
73307,0,0
22917,0,0
-17423,0,0
-103999,0,0
-19410,0,0
1784,0,0
-77665,0,0
-31983,0,0
15933,0,0
50228,0,0
-105210,0,0
37895,0,0
40262,0,0
20116,0,0
-77502,0,0
-20131,0,0
-137805,0,0
593,0,0
-51247,0,0
24974,0,0
243480,0,0
-136782,0,0
-48572,0,0
-112831,0,0
-122429,0,0
150049,0,0
37509,0,0
-182189,0,0
-103866,0,0
56866,0,0
130136,0,0
26836,0,0
-125934,0,0
-103330,0,0
5328,0,0
-78252,0,0
30364,0,0
100418,0,0
44302,0,0
-87967,0,0
160319,0,0
-63504,0,0
-143608,0,0
134430,0,0
-55493,0,0
54544,0,0
-56041,0,0
-50619,0,0
21066,0,0
52625,0,0
54028,0,0
45964,0,0
21720,0,0
-208996,0,0
126464,0,0
184602,0,0
-62310,0,0
-22396,0,0
-26670,0,0
-94117,0,0
-26632,0,0
73848,0,0
254684,0,0
65898,0,0
-68834,0,0
18183,0,0
56158,0,0
67543,0,0
83466,0,0
-21143,0,0
61850,0,0
119690,0,0
77048,0,0
3929,0,0
-13467,0,0
-6646,0,0
62011,0,0
14768,0,0
89325,0,0
88905,0,0
73271,0,0
-154131,0,0
42445,0,0
39694,0,0
-58035,0,0
-62913,0,0
-10694,0,0
94467,0,0
24832,0,0
-7818,0,0
-115179,0,0
-36239,0,0
-49399,0,0
-33320,0,0
-90895,0,0
-16216,0,0
151798,0,0
76713,0,0
-46556,0,0
-232554,0,0
-136191,0,0
195359,0,0
32578,0,0
-57650,0,0
140790,0,0
177057,0,0
128897,0,0
-103999,0,0
-198233,0,0
-71021,0,0
55342,0,0
188276,0,0
184638,0,0
87504,0,0
101370,0,0
69137,0,0
-83124,0,0
-131930,0,0
-8307,0,0
140537,0,0
207905,0,0
-177575,0,0
-81090,0,0
71866,0,0
33588,0,0
-27195,0,0
-53198,0,0
-25563,0,0
31700,0,0
-11808,0,0
-208816,0,0
-45948,0,0
129423,0,0
13700,0,0
-28905,0,0
-120904,0,0
-146721,0,0
-70121,0,0
-42208,0,0
-42377,0,0
397500,0,0
149023,0,0
-326456,0,0
-149280,0,0
-99633,0,0
74857,0,0
31878,0,0
-39425,0,0
2936,0,0
217486,0,0
-46100,0,0
-51480,0,0
18061,0,0
19864,0,0
110903,0,0
21152,0,0
-14121,0,0
-45562,0,0
-6543,0,0
-12104,0,0
-2830,0,0
-33737,0,0
45445,0,0
197292,0,0
-102538,0,0
-30567,0,0
55244,0,0
-83830,0,0
62594,0,0
-11121,0,0
-136635,0,0
6842,0,0
37184,0,0
-86991,0,0
-67883,0,0
25846,0,0
-14847,0,0
-22521,0,0
-41144,0,0
46425,0,0
-25351,0,0
-82523,0,0
-73852,0,0
-61741,0,0
31978,0,0
4728,0,0
-9300,0,0
95647,0,0
-5707,0,0
-33953,0,0
-195127,0,0
-80099,0,0
134653,0,0
61822,0,0
181836,0,0
34021,0,0
-2046,0,0
-91050,0,0
-31229,0,0
32869,0,0
163771,0,0
120031,0,0
78173,0,0
16340,0,0
-207932,0,0
-36278,0,0
90040,0,0
112173,0,0
42646,0,0
-11396,0,0
186520,0,0
164065,0,0
44598,0,0
-204120,0,0
-97436,0,0
-215919,0,0
-89685,0,0
222366,0,0
362008,0,0
182238,0,0
-199073,0,0
-247539,0,0
-119539,0,0
131283,0,0
98734,0,0
-58959,0,0
-19643,0,0
-64980,0,0
-9463,0,0
-35525,0,0
54203,0,0
-100073,0,0
227517,0,0
11483,0,0
-147498,0,0
-134297,0,0
-86118,0,0
-46057,0,0
92072,0,0
-2931,0,0
-54339,0,0
-68369,0,0
-40053,0,0
-41242,0,0
68273,0,0
-63163,0,0
-109126,0,0
-28280,0,0
-16709,0,0
-114396,0,0
172474,0,0
133996,0,0
-200623,0,0
-215682,0,0
-29873,0,0
-21507,0,0
-53170,0,0
-47947,0,0
43261,0,0
-50228,0,0
-170983,0,0
-50052,0,0
96760,0,0
68849,0,0
-5450,0,0
-293301,0,0
-208543,0,0
-118801,0,0
111478,0,0
206057,0,0
-62544,0,0
-75884,0,0
-120457,0,0
-84717,0,0
-40825,0,0
-25790,0,0
99679,0,0
7624,0,0
-58630,0,0
-4240,0,0
114790,0,0
-84512,0,0
-890,0,0
53996,0,0
119573,0,0
75811,0,0
-52449,0,0
-90085,0,0
-87529,0,0
58312,0,0
36556,0,0
95043,0,0
20435,0,0
56657,0,0
-31403,0,0
167530,0,0
14732,0,0
-153148,0,0
-92515,0,0
13573,0,0
127847,0,0
26303,0,0
32418,0,0
22219,0,0
-96859,0,0
-913,0,0
21066,0,0
35678,0,0
-23669,0,0
-51849,0,0
-130829,0,0
63198,0,0
-110905,0,0
67981,0,0
60906,0,0
-112187,0,0
34299,0,0
-135921,0,0
-103842,0,0
6735,0,0
-33595,0,0
44484,0,0
101796,0,0
13188,0,0
-133160,0,0
-138343,0,0
21896,0,0
131020,0,0
-40643,0,0
-57966,0,0
-93625,0,0
-6954,0,0
102291,0,0
125844,0,0
-43278,0,0
-67693,0,0
-14566,0,0
58047,0,0
-25226,0,0
-85166,0,0
144196,0,0
-147508,0,0
-28328,0,0
162789,0,0
107034,0,0
25766,0,0
-57760,0,0
-193467,0,0
-81005,0,0
107533,0,0
175015,0,0
72142,0,0
9985,0,0
-166661,0,0
-72754,0,0
45481,0,0
288143,0,0
-29946,0,0
-72731,0,0
-65172,0,0
41961,0,0
-106149,0,0
-95050,0,0
139487,0,0
90708,0,0
-2799,0,0
2374,0,0
-123423,0,0
-154339,0,0
131782,0,0
260344,0,0
-98170,0,0
-172415,0,0
-213319,0,0
-20374,0,0
64873,0,0
2824,0,0
110063,0,0
-92679,0,0
22705,0,0
140081,0,0
-28905,0,0
-151664,0,0
120700,0,0
96020,0,0
-160113,0,0
-80928,0,0
304625,0,0
56276,0,0
-149073,0,0
-148602,0,0
79043,0,0
427742,0,0
71245,0,0
-210929,0,0
-91819,0,0
-18481,0,0
182167,0,0
69273,0,0
-137246,0,0
-18015,0,0
78511,0,0
-33988,0,0
-183937,0,0
-148264,0,0
108551,0,0
116056,0,0
96077,0,0
118233,0,0
-112005,0,0
-274977,0,0
-56319,0,0
51038,0,0
9329,0,0
-21494,0,0
24109,0,0
143423,0,0
42880,0,0
-100662,0,0
35429,0,0
116231,0,0
-69848,0,0
18132,0,0
147371,0,0
71493,0,0
11241,0,0
-43060,0,0
-45035,0,0
151567,0,0
262836,0,0
91002,0,0
3180,0,0
121978,0,0
-55958,0,0
18435,0,0
100236,0,0
-128999,0,0
9747,0,0
120190,0,0
190003,0,0
132484,0,0
166547,0,0
11516,0,0
-128640,0,0
1253,0,0
76018,0,0
8159,0,0
68125,0,0
123327,0,0
-80072,0,0
38049,0,0
53599,0,0
-372,0,0
-24308,0,0
9646,0,0
58436,0,0
-50482,0,0
-18864,0,0
22861,0,0
-102082,0,0
-95259,0,0
6381,0,0
35492,0,0
-78,0,0
69102,0,0
-78028,0,0
-214104,0,0
-123497,0,0
-133839,0,0
144450,0,0
-71176,0,0
31790,0,0
71379,0,0
-114321,0,0
-252364,0,0
20798,0,0
-8513,0,0
106660,0,0
-23820,0,0
-311779,0,0
14165,0,0
138504,0,0
59474,0,0
-32017,0,0
-96955,0,0
-189963,0,0
-79634,0,0
38488,0,0
2778,0,0
-8654,0,0
-120569,0,0
22340,0,0
266669,0,0
73712,0,0
-352059,0,0
-242967,0,0
-21181,0,0
361474,0,0
60567,0,0
-133361,0,0
-89025,0,0
-87104,0,0
-144849,0,0
165403,0,0
189564,0,0
-93680,0,0
-31691,0,0
-44182,0,0
44060,0,0
12577,0,0
159940,0,0
211302,0,0
-107913,0,0
-268655,0,0
-124490,0,0
-18019,0,0
169975,0,0
133892,0,0
0,0,0
-34214,0,0
165027,0,0
194153,0,0
-31427,0,0
-37079,0,0
-36180,0,0
-15732,0,0
13649,0,0
101275,0,0
39126,0,0
69161,0,0
28855,0,0
10422,0,0
13496,0,0
-138179,0,0
47281,0,0
223052,0,0
96364,0,0
45989,0,0
-38042,0,0
-68633,0,0
42248,0,0
-94922,0,0
-9801,0,0
142167,0,0
13240,0,0
-49306,0,0
-7653,0,0
-82133,0,0
-26727,0,0
-16303,0,0
162640,0,0
-14308,0,0
-86981,0,0
73275,0,0
49452,0,0
-196631,0,0
-196827,0,0
75925,0,0
74097,0,0
-36060,0,0
30941,0,0
-55799,0,0
-106909,0,0
132925,0,0
-38601,0,0
-156156,0,0
-50727,0,0
-86795,0,0
113147,0,0
42466,0,0
-123191,0,0
11492,0,0
-73874,0,0
-132383,0,0
-107082,0,0
19815,0,0
-938,0,0
-159704,0,0
-12833,0,0
137707,0,0
-233295,0,0
-83609,0,0
106359,0,0
56923,0,0
-84369,0,0
33808,0,0
-90014,0,0
-112964,0,0
65412,0,0
-2491,0,0
131670,0,0
41179,0,0
-81045,0,0
27468,0,0
54957,0,0
-153232,0,0
-130843,0,0
-49367,0,0
-114479,0,0
102002,0,0
337139,0,0
-111097,0,0
-16074,0,0
159583,0,0
-116937,0,0
-131929,0,0
-126972,0,0
-169617,0,0
-27250,0,0
198675,0,0
221034,0,0
220583,0,0
-31925,0,0
54401,0,0
-62320,0,0
-26655,0,0
-7191,0,0
91035,0,0
103714,0,0
-5617,0,0
182310,0,0
166060,0,0
59134,0,0
61245,0,0
-86344,0,0
-24749,0,0
56281,0,0
56387,0,0
48300,0,0
8465,0,0
-860,0,0
-25966,0,0
-6118,0,0
-24786,0,0
-65360,0,0
46355,0,0
118831,0,0
68449,0,0
-129820,0,0
-186099,0,0
115536,0,0
47293,0,0
14228,0,0
-38123,0,0
-69718,0,0
-145604,0,0
-2026,0,0
172079,0,0
130807,0,0
121866,0,0
-20930,0,0
-116850,0,0
-38166,0,0
-23253,0,0
-99657,0,0
21302,0,0
170248,0,0
28423,0,0
-16017,0,0
-109008,0,0
178314,0,0
-54686,0,0
-56144,0,0
-51765,0,0
-218134,0,0
14665,0,0
79055,0,0
22501,0,0
17850,0,0
-28140,0,0
-98387,0,0
-69778,0,0
-58995,0,0
6939,0,0
-120248,0,0
-97252,0,0
-79148,0,0
47284,0,0
21531,0,0
-49884,0,0
32300,0,0
-58459,0,0
-227806,0,0
-124400,0,0
129710,0,0
-72745,0,0
-37426,0,0
-76383,0,0
56201,0,0
187997,0,0
-117835,0,0
-104620,0,0
-113042,0,0
155426,0,0
78652,0,0
-112711,0,0
25811,0,0
-63186,0,0
-91002,0,0
78515,0,0
236303,0,0
35175,0,0
-48053,0,0
-10852,0,0
-88500,0,0
-75339,0,0
289324,0,0
19217,0,0
-147205,0,0
9001,0,0
13659,0,0
33864,0,0
195416,0,0
-97518,0,0
-55232,0,0
-37929,0,0
7928,0,0
-51601,0,0
244198,0,0
183422,0,0
71277,0,0
-46368,0,0
-89591,0,0
5873,0,0
99435,0,0
72845,0,0
-3169,0,0
39005,0,0
62874,0,0
107041,0,0
66130,0,0
22220,0,0
3665,0,0
-18721,0,0
-47536,0,0
-32923,0,0
-7063,0,0
96716,0,0
-1757,0,0
-86514,0,0
-84076,0,0
-9467,0,0
11725,0,0
107790,0,0
-23654,0,0
-178986,0,0
-157367,0,0
-78454,0,0
63393,0,0
-10026,0,0
33652,0,0
-97698,0,0
-56044,0,0
141671,0,0
-120598,0,0
-32050,0,0
-21382,0,0
4724,0,0
-32033,0,0
145557,0,0
38104,0,0
-120983,0,0
-156425,0,0
16601,0,0
137710,0,0
30689,0,0
-71375,0,0
126127,0,0
181837,0,0
40323,0,0
15321,0,0
-20802,0,0
8486,0,0
-28899,0,0
67858,0,0
118122,0,0
-76744,0,0
39258,0,0
27881,0,0
123038,0,0
69475,0,0
9998,0,0
-84638,0,0
86279,0,0
16962,0,0
-166834,0,0
113456,0,0
77825,0,0
-126589,0,0
267247,0,0
60984,0,0
-133533,0,0
-57353,0,0
81909,0,0
-46615,0,0
-70025,0,0
152643,0,0
278587,0,0
49633,0,0
-52580,0,0
-20183,0,0
100690,0,0
31841,0,0
103304,0,0
72991,0,0
-86258,0,0
-63713,0,0
52762,0,0
187649,0,0
116726,0,0
102921,0,0
-76673,0,0
-126371,0,0
-3840,0,0
-163311,0,0
-3872,0,0
103044,0,0
151865,0,0
137378,0,0
-243868,0,0
-183768,0,0
40083,0,0
59999,0,0
28506,0,0
63903,0,0
-188,0,0
-110397,0,0
-149208,0,0
-4735,0,0
-10090,0,0
58366,0,0
54713,0,0
87875,0,0
-135421,0,0
67617,0,0
-96866,0,0
-128430,0,0
-106514,0,0
64426,0,0
188535,0,0
-26845,0,0
-149891,0,0
-144572,0,0
-144572,0,0
3397,0,0
457,0,0
-18829,0,0
70224,0,0
-114041,0,0
-53140,0,0
-2053,0,0
-187717,0,0
-130435,0,0
3761,0,0
40265,0,0
-1578,0,0
133170,0,0
-153637,0,0
-181951,0,0
-106942,0,0
317841,0,0
58384,0,0
-129754,0,0
153636,0,0
-73229,0,0
-80568,0,0
14912,0,0
226828,0,0
74222,0,0
36372,0,0
-45694,0,0
-57925,0,0
84736,0,0
123159,0,0
11362,0,0
13403,0,0
-45457,0,0
-42949,0,0
147399,0,0
32885,0,0
-25247,0,0
-146245,0,0
-85553,0,0
-97270,0,0
-45189,0,0
11318,0,0
127723,0,0
199534,0,0
-205307,0,0
-189530,0,0
19588,0,0
-78451,0,0
-163486,0,0
-273250,0,0
-67184,0,0
112146,0,0
484713,0,0
-33274,0,0
-266158,0,0
-133693,0,0
-21122,0,0
-26184,0,0
-56344,0,0
15063,0,0
83615,0,0
-162893,0,0
118254,0,0
149205,0,0
72012,0,0
-102651,0,0
-84075,0,0
18170,0,0
-24955,0,0
-220700,0,0
-78169,0,0
121708,0,0
191114,0,0
37521,0,0
60950,0,0
-33950,0,0
-3877,0,0
-5342,0,0
-62633,0,0
-6416,0,0
-85966,0,0
-36272,0,0
131842,0,0
151256,0,0
140907,0,0
28389,0,0
-64568,0,0
24486,0,0
65862,0,0
105284,0,0
-69558,0,0
-159703,0,0
174427,0,0
125178,0,0
260488,0,0
127486,0,0
-4298,0,0
-49481,0,0
-34085,0,0
21656,0,0
11806,0,0
42167,0,0
78570,0,0
230770,0,0
124013,0,0
40575,0,0
-115174,0,0
123281,0,0
55448,0,0
27282,0,0
45870,0,0
57680,0,0
-146842,0,0
33929,0,0
110867,0,0
112698,0,0
-51042,0,0
9155,0,0
7513,0,0
158146,0,0
20254,0,0
-157023,0,0
7949,0,0
-12868,0,0
63476,0,0
88244,0,0
50136,0,0
25520,0,0
-101035,0,0
-175103,0,0
36385,0,0
142745,0,0
2434,0,0
-30981,0,0
-98533,0,0
98294,0,0
237528,0,0
-80396,0,0
-144345,0,0
-161718,0,0
-17102,0,0
127896,0,0
51381,0,0
-51167,0,0
18455,0,0
150410,0,0
-5882,0,0
-125058,0,0
109192,0,0
1431,0,0
38360,0,0
60428,0,0
73962,0,0
2073,0,0
85373,0,0
-45103,0,0
82992,0,0
61754,0,0
-26441,0,0
12826,0,0
-1188,0,0
-88721,0,0
100928,0,0
22454,0,0
-16721,0,0
-24606,0,0
4399,0,0
47151,0,0
-141147,0,0
-165367,0,0
54399,0,0
8249,0,0
-61863,0,0
-35972,0,0
-63702,0,0
-92696,0,0
-155171,0,0
-36351,0,0
86504,0,0
53243,0,0
33133,0,0
-199893,0,0
-131627,0,0
43792,0,0
60704,0,0
163629,0,0
-203840,0,0
-109029,0,0
179243,0,0
19219,0,0
-64039,0,0
-70649,0,0
14670,0,0
6530,0,0
12898,0,0
-41483,0,0
43332,0,0
65774,0,0
-90168,0,0
-11826,0,0
-98593,0,0
192921,0,0
-3679,0,0
-37780,0,0
142548,0,0
-47108,0,0
-36924,0,0
-96421,0,0
146753,0,0
41347,0,0
-18521,0,0
-90787,0,0
-10137,0,0
257473,0,0
19445,0,0
-262572,0,0
134646,0,0
141860,0,0
23036,0,0
-81032,0,0
-104835,0,0
-169424,0,0
135677,0,0
38076,0,0
-52353,0,0
81564,0,0
-162213,0,0
107738,0,0
126253,0,0
-82560,0,0
35444,0,0
-109669,0,0
-60754,0,0
43582,0,0
72723,0,0
-47163,0,0
41659,0,0
15265,0,0
235694,0,0
196181,0,0
-16718,0,0
-67620,0,0
-176364,0,0
-104636,0,0
167038,0,0
211364,0,0
138832,0,0
-24259,0,0
174771,0,0
-32147,0,0
-12818,0,0
-46048,0,0
81269,0,0
54165,0,0
-527,0,0
-8700,0,0
51132,0,0
47094,0,0
-37667,0,0
105216,0,0
88294,0,0
-258727,0,0
-35486,0,0
-164101,0,0
-52646,0,0
121049,0,0
-71030,0,0
54727,0,0
272033,0,0
-109086,0,0
-88771,0,0
-164072,0,0
-182463,0,0
93272,0,0
91758,0,0
54472,0,0
-65873,0,0
83517,0,0
63829,0,0
45635,0,0
-89183,0,0
-108252,0,0
130324,0,0
156433,0,0
-23722,0,0
-78103,0,0
54806,0,0
-33002,0,0
-29107,0,0
-146393,0,0
27824,0,0
65993,0,0
-106387,0,0
34064,0,0
5518,0,0
-124586,0,0
-169131,0,0
-133926,0,0
52947,0,0
15908,0,0
-178128,0,0
-124455,0,0
-90427,0,0
-57531,0,0
170382,0,0
154514,0,0
-189344,0,0
-270182,0,0
28823,0,0
61997,0,0
-154606,0,0
272023,0,0
-90901,0,0
65623,0,0
63600,0,0
-27278,0,0
-64569,0,0
-104142,0,0
25838,0,0
71248,0,0
232214,0,0
157372,0,0
-38037,0,0
-80116,0,0
114145,0,0
-15949,0,0
-44403,0,0
11600,0,0
100693,0,0
-98020,0,0
-126008,0,0
-26809,0,0
65629,0,0
86131,0,0
-118194,0,0
616,0,0
137240,0,0
86188,0,0
-102813,0,0
-70862,0,0
-68673,0,0
-71933,0,0
-18027,0,0
25535,0,0
-14126,0,0
24676,0,0
-109024,0,0
-74085,0,0
113308,0,0
69535,0,0
3140,0,0
-101452,0,0
-38597,0,0
-19729,0,0
-97371,0,0
38059,0,0
-29156,0,0
35837,0,0
11251,0,0
-65805,0,0
-37091,0,0
31953,0,0
41815,0,0
-266714,0,0
-178706,0,0
99610,0,0
90639,0,0
-88578,0,0
-36143,0,0
19604,0,0
-101871,0,0
19350,0,0
21489,0,0
-117907,0,0
-811,0,0
22623,0,0
-10394,0,0
-12317,0,0
-132811,0,0
-66127,0,0
-10498,0,0
-11160,0,0
-18335,0,0
96172,0,0
-15316,0,0
-16228,0,0
-97773,0,0
-35981,0,0
108815,0,0
44146,0,0
-207307,0,0
-49653,0,0
131901,0,0
43062,0,0
-90387,0,0
-129453,0,0
-103802,0,0
-42441,0,0
-21200,0,0
197860,0,0
245642,0,0
-9175,0,0
-114358,0,0
69857,0,0
49710,0,0
-127581,0,0
-50696,0,0
106161,0,0
40421,0,0
110902,0,0
56416,0,0
112118,0,0
150077,0,0
-45746,0,0
129417,0,0
-29891,0,0
-117801,0,0
54256,0,0
125777,0,0
-22738,0,0
-61553,0,0
114829,0,0
-29552,0,0
83881,0,0
74175,0,0
-113214,0,0
-234979,0,0
-18433,0,0
11981,0,0
144278,0,0
318628,0,0
10053,0,0
-207050,0,0
-76272,0,0
17646,0,0
66332,0,0
61564,0,0
-49691,0,0
-9830,0,0
35673,0,0
83145,0,0
58888,0,0
22037,0,0
49805,0,0
23335,0,0
164953,0,0
-31575,0,0
41971,0,0
-134187,0,0
-42962,0,0
-74481,0,0
-13161,0,0
119782,0,0
153776,0,0
-7489,0,0
-134522,0,0
71579,0,0
78152,0,0
-4148,0,0
-94925,0,0
-116740,0,0
-197423,0,0
54655,0,0
225801,0,0
34781,0,0
-118270,0,0
-41195,0,0
-111296,0,0
87224,0,0
878,0,0
-162074,0,0
63108,0,0
50012,0,0
-41971,0,0
91097,0,0
-16542,0,0
-83157,0,0
-13435,0,0
93475,0,0
192067,0,0
-462,0,0
-20362,0,0
-103823,0,0
65048,0,0
180853,0,0
35830,0,0
-36976,0,0
-215,0,0
117501,0,0
37640,0,0
36099,0,0
72435,0,0
-23996,0,0
-70484,0,0
12484,0,0
-151907,0,0
-171970,0,0
-30252,0,0
289185,0,0
335628,0,0
-37,0,0
-237174,0,0
-53947,0,0
41773,0,0
-90564,0,0
76386,0,0
-17189,0,0
-226376,0,0
14245,0,0
48529,0,0
207464,0,0
305541,0,0
-112896,0,0
-153824,0,0
12622,0,0
-59226,0,0
-22712,0,0
376293,0,0
14522,0,0
-62395,0,0
-123679,0,0
-52080,0,0
68608,0,0
44985,0,0
37838,0,0
105471,0,0
154812,0,0
-27682,0,0
-95941,0,0
38344,0,0
-122472,0,0
-99413,0,0
90342,0,0
110628,0,0
90708,0,0
231959,0,0
-158434,0,0
-8247,0,0
91739,0,0
-40626,0,0
689,0,0
-11949,0,0
42287,0,0
47570,0,0
-39619,0,0
101359,0,0
154019,0,0
77695,0,0
-17614,0,0
-35357,0,0
13505,0,0
60514,0,0
-84101,0,0
-75680,0,0
56890,0,0
55380,0,0
-102691,0,0
19693,0,0
57495,0,0
20784,0,0
-12795,0,0
-164394,0,0
14769,0,0
73955,0,0
-126869,0,0
-36583,0,0
119756,0,0
11559,0,0
-42980,0,0
1282,0,0
21,0,0
44817,0,0
-80272,0,0
-194164,0,0
-68855,0,0
295756,0,0
287089,0,0
68084,0,0
-44113,0,0
-25098,0,0
-193762,0,0
-13772,0,0
-5603,0,0
72669,0,0
33482,0,0
-75789,0,0
-64548,0,0
122891,0,0
-126731,0,0
-72627,0,0
-4019,0,0
-85648,0,0
-87369,0,0
201720,0,0
17375,0,0
-309589,0,0
-90888,0,0
-50961,0,0
33522,0,0
189186,0,0
9321,0,0
-112649,0,0
-103510,0,0
133073,0,0
60078,0,0
-3607,0,0
-24798,0,0
-88979,0,0
-50638,0,0
45883,0,0
163011,0,0
243500,0,0
-61519,0,0
-58232,0,0
78351,0,0
-66664,0,0
-1422,0,0
110199,0,0
-76624,0,0
30616,0,0
133791,0,0
-112145,0,0
-35440,0,0
28675,0,0
148952,0,0
62248,0,0
-7505,0,0
98945,0,0
161573,0,0
-161607,0,0
-104576,0,0
-79572,0,0
63652,0,0
30842,0,0
40207,0,0
162163,0,0
151249,0,0
-210080,0,0
-145923,0,0
48139,0,0
-32581,0,0
-11942,0,0
5115,0,0
-191457,0,0
114517,0,0
-70148,0,0
75727,0,0
-42735,0,0
-100026,0,0
122084,0,0
-52616,0,0
-149249,0,0
-197338,0,0
-234530,0,0
68241,0,0
81805,0,0
-89650,0,0
-119441,0,0
-4329,0,0
-149806,0,0
51814,0,0
23048,0,0
10184,0,0
-93720,0,0
-128963,0,0
-65082,0,0
80873,0,0
-70576,0,0
-22732,0,0
-62408,0,0
-75288,0,0
20575,0,0
66097,0,0
33471,0,0
57384,0,0
-7322,0,0
-108186,0,0
-116715,0,0
175635,0,0
131431,0,0
-118441,0,0
26917,0,0
15433,0,0
-90475,0,0
101669,0,0
90752,0,0
-44822,0,0
-76991,0,0
68419,0,0
214991,0,0
-45217,0,0
-100525,0,0
-134264,0,0
27709,0,0
216212,0,0
89084,0,0
41314,0,0
72348,0,0
-55202,0,0
-200178,0,0
-63885,0,0
136766,0,0
89588,0,0
-192009,0,0
-186690,0,0
135048,0,0
52776,0,0
-135558,0,0
-33192,0,0
81990,0,0
-137675,0,0
-83639,0,0
44243,0,0
-60231,0,0
-75280,0,0
32523,0,0
68095,0,0
-53328,0,0
15739,0,0
-230257,0,0
-79053,0,0
-2466,0,0
250081,0,0
44500,0,0
-65619,0,0
42476,0,0
112415,0,0
-44863,0,0
-119511,0,0
121270,0,0
121270,0,0
-119243,0,0
-47158,0,0
126118,0,0
70233,0,0
-195793,0,0
-68048,0,0
128632,0,0
50740,0,0
128470,0,0
-82204,0,0
-62218,0,0
36054,0,0
-83287,0,0
-140590,0,0
-5291,0,0
58279,0,0
21354,0,0
-84835,0,0
49918,0,0
-191858,0,0
-23971,0,0
-74450,0,0
-34206,0,0
200933,0,0
139884,0,0
-98641,0,0
-87677,0,0
-104036,0,0
-11902,0,0
43325,0,0
54082,0,0
6648,0,0
-20932,0,0
-53414,0,0
87712,0,0
33038,0,0
165500,0,0
47326,0,0
66288,0,0
18024,0,0
-131132,0,0
-88374,0,0
-8122,0,0
-9094,0,0
135475,0,0
231044,0,0
52641,0,0
-213522,0,0
-55642,0,0
-16041,0,0
-52690,0,0
110052,0,0
110907,0,0
-99481,0,0
-43451,0,0
1969,0,0
-161679,0,0
-135726,0,0
-121895,0,0
-48496,0,0
33313,0,0
81633,0,0
-217462,0,0
-261804,0,0
-5985,0,0
-53389,0,0
-140737,0,0
45704,0,0
303598,0,0
-158998,0,0
-283163,0,0
-161312,0,0
-85535,0,0
-68156,0,0
-69558,0,0
-5617,0,0
114789,0,0
11909,0,0
53445,0,0
34117,0,0
70342,0,0
-98862,0,0
-96866,0,0
-145528,0,0
-48847,0,0
-27283,0,0
49609,0,0
9361,0,0
-12083,0,0
-74687,0,0
-8084,0,0
43883,0,0
-14422,0,0
-160862,0,0
-117090,0,0
-97115,0,0
-38795,0,0
6203,0,0
63368,0,0
-98279,0,0
-54341,0,0
-115500,0,0
-159773,0,0
-14205,0,0
-21745,0,0
40097,0,0
-67425,0,0
-133087,0,0
-111828,0,0
-102338,0,0
-81068,0,0
-34275,0,0
160718,0,0
72505,0,0
-127675,0,0
-276111,0,0
-68931,0,0
-86294,0,0
3731,0,0
30953,0,0
-129406,0,0
-54818,0,0
-26311,0,0
48210,0,0
59120,0,0
-17251,0,0
36130,0,0
-169883,0,0
-69999,0,0
29254,0,0
27238,0,0
82960,0,0
-75475,0,0
21012,0,0
76827,0,0
69998,0,0
75227,0,0
-63289,0,0
261414,0,0
102558,0,0
-107039,0,0
78525,0,0
-2640,0,0
138708,0,0
39452,0,0
117444,0,0
180482,0,0
19609,0,0
-81802,0,0
-23365,0,0
171244,0,0
-13464,0,0
72120,0,0
117806,0,0
65194,0,0
135504,0,0
9108,0,0
57406,0,0
-16438,0,0
-195642,0,0
-61015,0,0
-2725,0,0
116541,0,0
35466,0,0
52666,0,0
-988,0,0
226528,0,0
50077,0,0
-83856,0,0
-142461,0,0
-31260,0,0
-89673,0,0
-114246,0,0
-85699,0,0
90554,0,0
182047,0,0
87142,0,0
111682,0,0
-25202,0,0
15426,0,0
-69508,0,0
-131720,0,0
-118144,0,0
-41759,0,0
24590,0,0
54314,0,0
44029,0,0
125,0,0
-112668,0,0
-96765,0,0
-108943,0,0
198705,0,0
179654,0,0
-142295,0,0
-110914,0,0
-134699,0,0
172770,0,0
63876,0,0
-18507,0,0
12042,0,0
18426,0,0
-132900,0,0
98593,0,0
46626,0,0
140470,0,0
338105,0,0
60036,0,0
37771,0,0
-94638,0,0
-27200,0,0
78543,0,0
245989,0,0
99220,0,0
143485,0,0
110041,0,0
36025,0,0
27504,0,0
-79806,0,0
-35701,0,0
-7676,0,0
289430,0,0
50458,0,0
-76442,0,0
170726,0,0
125351,0,0
-95658,0,0
-102507,0,0
-109732,0,0
-191515,0,0
-35621,0,0
410886,0,0
333255,0,0
-92618,0,0
-163976,0,0
-12476,0,0
-158398,0,0
-175627,0,0
59922,0,0
376549,0,0
26458,0,0
-58438,0,0
-91868,0,0
59200,0,0
61926,0,0
230292,0,0
67449,0,0
-142388,0,0
-128080,0,0
58828,0,0
248295,0,0
-17720,0,0
-123770,0,0
-1471,0,0
54235,0,0
19084,0,0
33817,0,0
-50769,0,0
73888,0,0
112026,0,0
-179566,0,0
-224680,0,0
54464,0,0
130234,0,0
68534,0,0
-162211,0,0
-143167,0,0
22568,0,0
-115308,0,0
-181537,0,0
49645,0,0
38771,0,0
-106511,0,0
59020,0,0
65779,0,0
-143413,0,0
-113435,0,0
-100891,0,0
88807,0,0
-172045,0,0
-27069,0,0
222472,0,0
-81185,0,0
-141310,0,0
-189333,0,0
-26016,0,0
42236,0,0
275794,0,0
87705,0,0
-167406,0,0
3310,0,0
-87450,0,0
24823,0,0
9402,0,0
4583,0,0
40413,0,0
50166,0,0
-62388,0,0
70198,0,0
14420,0,0
62587,0,0
-1825,0,0
-147240,0,0
-45620,0,0
129866,0,0
25616,0,0
-140698,0,0
127994,0,0
81562,0,0
-27767,0,0
-100717,0,0
2810,0,0
-64402,0,0
-48678,0,0
100774,0,0
-127081,0,0
266432,0,0
59608,0,0
-64074,0,0
12512,0,0
-87301,0,0
-65695,0,0
35085,0,0
-93464,0,0
-91013,0,0
141459,0,0
152438,0,0
33627,0,0
96942,0,0
11970,0,0
1091,0,0
-45493,0,0
-45471,0,0
-45658,0,0
102753,0,0
259011,0,0
40807,0,0
-88534,0,0
7275,0,0
98459,0,0
-4172,0,0
34534,0,0
41474,0,0
55410,0,0
30181,0,0
-27016,0,0
-95620,0,0
53896,0,0
26358,0,0
97339,0,0
-14784,0,0
-134837,0,0
-123836,0,0
-131305,0,0
-44511,0,0
-127351,0,0
122063,0,0
-134260,0,0
-104041,0,0
274329,0,0
-18112,0,0
-404025,0,0
-232355,0,0
-61004,0,0
-63847,0,0
-76133,0,0
81901,0,0
237819,0,0
1638,0,0
-180046,0,0
-255563,0,0
-63287,0,0
98704,0,0
-96643,0,0
145135,0,0
126190,0,0
38015,0,0
-292106,0,0
-7265,0,0
114124,0,0
184287,0,0
11661,0,0
60382,0,0
25026,0,0
-83961,0,0
29730,0,0
64933,0,0
-47044,0,0
-13836,0,0
12622,0,0
69983,0,0
73265,0,0
153009,0,0
-34710,0,0
-189279,0,0
-10585,0,0
94738,0,0
170472,0,0
18886,0,0
-33474,0,0
-78250,0,0
-75058,0,0
-64998,0,0
-60203,0,0
-22163,0,0
222980,0,0
141360,0,0
-57244,0,0
133459,0,0
-175510,0,0
-167453,0,0
-73394,0,0
-53260,0,0
120580,0,0
65522,0,0
142632,0,0
201120,0,0
-20423,0,0
-180217,0,0
-17753,0,0
12916,0,0
73246,0,0
39622,0,0
-30596,0,0
41265,0,0
80140,0,0
65189,0,0
101047,0,0
65637,0,0
-45571,0,0
125821,0,0
-140788,0,0
23350,0,0
73227,0,0
-23975,0,0
89035,0,0
53200,0,0
-65262,0,0
42631,0,0
-282505,0,0
-274679,0,0
34593,0,0
127973,0,0
365207,0,0
-123471,0,0
-319607,0,0
-35782,0,0
-4651,0,0
114540,0,0
-10554,0,0
-11252,0,0
-226917,0,0
-284482,0,0
-48666,0,0
10334,0,0
98243,0,0
174218,0,0
-108276,0,0
-72480,0,0
209448,0,0
-45213,0,0
-66486,0,0
-21417,0,0
-21208,0,0
-108605,0,0
-28488,0,0
-63448,0,0
-64612,0,0
-140120,0,0
-79884,0,0
227131,0,0
71425,0,0
-7289,0,0
-152465,0,0
-14585,0,0
-30123,0,0
-122686,0,0
-105308,0,0
-173202,0,0
-121443,0,0
-34641,0,0
132981,0,0
31168,0,0
-76497,0,0
-57866,0,0
32165,0,0
-69619,0,0
-67030,0,0
-151184,0,0
-29079,0,0
-39108,0,0
29270,0,0
52722,0,0
10716,0,0
-207486,0,0
20182,0,0
-80192,0,0
-70431,0,0
78878,0,0
-48174,0,0
-175408,0,0
-220050,0,0
76056,0,0
143099,0,0
-99026,0,0
-19810,0,0
-218746,0,0
-195826,0,0
-97003,0,0
-70784,0,0
69669,0,0
203495,0,0
268580,0,0
-153957,0,0
-222787,0,0
-95722,0,0
-81251,0,0
182015,0,0
142260,0,0
37538,0,0
216869,0,0
-80146,0,0
-60461,0,0
-38892,0,0
-33098,0,0
327302,0,0
206063,0,0
-22450,0,0
17279,0,0
95186,0,0
65796,0,0
291412,0,0
-37970,0,0
-127627,0,0
173143,0,0
64838,0,0
-26347,0,0
-39170,0,0
89466,0,0
156412,0,0
92296,0,0
-287,0,0
82315,0,0
-34432,0,0
-162333,0,0
122196,0,0
156904,0,0
7561,0,0
-153038,0,0
-190988,0,0
-205211,0,0
141588,0,0
273569,0,0
227789,0,0
-237800,0,0
-279222,0,0
-115388,0,0
-85932,0,0
82811,0,0
318091,0,0
-98550,0,0
-143571,0,0
-236928,0,0
57830,0,0
193759,0,0
-130971,0,0
-160809,0,0
132845,0,0
132656,0,0
-107385,0,0
-40825,0,0
-6002,0,0
-107125,0,0
-76868,0,0
100609,0,0
78415,0,0
-94299,0,0
-9023,0,0
50195,0,0
99435,0,0
240244,0,0
-33346,0,0
-140917,0,0
-109560,0,0
-7774,0,0
98888,0,0
36422,0,0
143403,0,0
-43644,0,0
75781,0,0
111983,0,0
51103,0,0
-158093,0,0
-104716,0,0
-22986,0,0
289510,0,0
108210,0,0
24000,0,0
16025,0,0
-51243,0,0
-43368,0,0
-118065,0,0
1422,0,0
130597,0,0
78054,0,0
-44433,0,0
-51710,0,0
-66779,0,0
70568,0,0
225918,0,0
56720,0,0
15138,0,0
-76672,0,0
-110824,0,0
111583,0,0
-29031,0,0
-33090,0,0
208546,0,0
123102,0,0
124988,0,0
-60603,0,0
-46008,0,0
11886,0,0
-27147,0,0
184040,0,0
258396,0,0
-104941,0,0
-21964,0,0
-55021,0,0
-7580,0,0
103506,0,0
71603,0,0
43323,0,0
38419,0,0
-31869,0,0
10896,0,0
1630,0,0
-8073,0,0
-39135,0,0
22054,0,0
-125138,0,0
59993,0,0
-16239,0,0
-38229,0,0
83831,0,0
20889,0,0
-144988,0,0
28944,0,0
51294,0,0
2383,0,0
-112076,0,0
-223544,0,0
-38290,0,0
30127,0,0
66151,0,0
-100465,0,0
-89909,0,0
-63208,0,0
297151,0,0
104236,0,0
-215095,0,0
-268172,0,0
-61812,0,0
-45449,0,0
-16637,0,0
195533,0,0
77032,0,0
17266,0,0
-112889,0,0
-17459,0,0
162493,0,0
-118550,0,0
-151689,0,0
15335,0,0
217572,0,0
174115,0,0
9962,0,0
-63729,0,0
-79306,0,0
94223,0,0
-121985,0,0
62028,0,0
33994,0,0
-129233,0,0
-626,0,0
123702,0,0
190051,0,0
-72291,0,0
138779,0,0
-132807,0,0
-62156,0,0
-62657,0,0
12361,0,0
3319,0,0
92412,0,0
88979,0,0
-55870,0,0
-152443,0,0
159211,0,0
65859,0,0
-52647,0,0
2024,0,0
-80679,0,0
30416,0,0
95058,0,0
-4499,0,0
-61113,0,0
151114,0,0
96658,0,0
81257,0,0
-107407,0,0
-198482,0,0
-99507,0,0
-20972,0,0
-3192,0,0
193931,0,0
-88485,0,0
-32603,0,0
150794,0,0
41689,0,0
-103030,0,0
-49456,0,0
-89806,0,0
54755,0,0
96789,0,0
-26782,0,0
-101503,0,0
73801,0,0
53445,0,0
-59426,0,0
-43137,0,0
56842,0,0
-17082,0,0
197695,0,0
142832,0,0
116997,0,0
-62869,0,0
-158103,0,0
-49991,0,0
-50598,0,0
-90450,0,0
-76809,0,0
71354,0,0
196743,0,0
174982,0,0
-201870,0,0
-28581,0,0
-132824,0,0
-20231,0,0
186738,0,0
-119471,0,0
-77965,0,0
-143897,0,0
-20073,0,0
-18004,0,0
83283,0,0
-27222,0,0
-143890,0,0
-31400,0,0
291952,0,0
-124559,0,0
-105318,0,0
-99971,0,0
-123731,0,0
-212637,0,0
-11173,0,0
172508,0,0
258190,0,0
-126658,0,0
-204260,0,0
-25701,0,0
27384,0,0
-1831,0,0
-92241,0,0
-38794,0,0
-85328,0,0
18852,0,0
226240,0,0
184344,0,0
85358,0,0
-176815,0,0
-222907,0,0
-20141,0,0
167466,0,0
219563,0,0
-8027,0,0
-36948,0,0
92659,0,0
36390,0,0
77032,0,0
70623,0,0
-45583,0,0
-73221,0,0
30013,0,0
252153,0,0
17037,0,0
56655,0,0
157676,0,0
43260,0,0
-98906,0,0
-20937,0,0
-2685,0,0
-1859,0,0
109791,0,0
-53629,0,0
-33241,0,0
106984,0,0
-27478,0,0
75903,0,0
117430,0,0
-14817,0,0
-222989,0,0
-58032,0,0
14791,0,0
50832,0,0
32895,0,0
663,0,0
-124002,0,0
27258,0,0
-3650,0,0
-53859,0,0
21681,0,0
5298,0,0
88782,0,0
23899,0,0
-24937,0,0
14245,0,0
13961,0,0
14887,0,0
12262,0,0
-27995,0,0
-68486,0,0
-52628,0,0
64182,0,0
189301,0,0
88721,0,0
253056,0,0
39150,0,0
-237366,0,0
26919,0,0
-32356,0,0
75525,0,0
-56860,0,0
-85207,0,0
83561,0,0
350026,0,0
116523,0,0
-48474,0,0
-151358,0,0
53995,0,0
122150,0,0
147710,0,0
-4485,0,0
-23342,0,0
-100378,0,0
-113941,0,0
63040,0,0
147849,0,0
32110,0,0
-78638,0,0
29648,0,0
-163590,0,0
20437,0,0
84675,0,0
-83574,0,0
27841,0,0
133927,0,0
-59734,0,0
-261134,0,0
-98544,0,0
37142,0,0
-14330,0,0
27972,0,0
50121,0,0
4547,0,0
40906,0,0
-73315,0,0
21854,0,0
91250,0,0
-37662,0,0
-144062,0,0
101480,0,0
30902,0,0
-63464,0,0
-104918,0,0
-20278,0,0
194449,0,0
106730,0,0
-92617,0,0
-4526,0,0
-22545,0,0
-39209,0,0
-127892,0,0
29724,0,0
-65584,0,0
75755,0,0
-8984,0,0
-86737,0,0
-1312,0,0
-28491,0,0
-223056,0,0
-64446,0,0
101990,0,0
-186105,0,0
152509,0,0
164578,0,0
-130314,0,0
61815,0,0
-104066,0,0
-178797,0,0
105923,0,0
69905,0,0
-102394,0,0
26748,0,0
-31260,0,0
134240,0,0
230892,0,0
47062,0,0
-96503,0,0
122753,0,0
77306,0,0
87996,0,0
35865,0,0
-8824,0,0
17734,0,0
4733,0,0
44365,0,0
94234,0,0
128142,0,0
-23069,0,0
-62065,0,0
-12455,0,0
-18973,0,0
-132152,0,0
11949,0,0
-75823,0,0
-141144,0,0
-123705,0,0
18372,0,0
-22374,0,0
78999,0,0
18964,0,0
-197579,0,0
-295185,0,0
-65704,0,0
25818,0,0
-82593,0,0
-109771,0,0
10682,0,0
-110848,0,0
253,0,0
116691,0,0
102458,0,0
-277812,0,0
-67027,0,0
5284,0,0
40898,0,0
42547,0,0
-67039,0,0
-78882,0,0
-138224,0,0
88060,0,0
-224716,0,0
-161956,0,0
171559,0,0
108206,0,0
-49648,0,0
18817,0,0
-118135,0,0
-164250,0,0
-72328,0,0
-110006,0,0
-96424,0,0
-69146,0,0
40542,0,0
-1529,0,0
-73310,0,0
-27715,0,0
111659,0,0
-232,0,0
-239234,0,0
-102996,0,0
27270,0,0
-122943,0,0
246841,0,0
121333,0,0
-203335,0,0
68424,0,0
208186,0,0
70251,0,0
-57645,0,0
-31962,0,0
-96147,0,0
69495,0,0
262839,0,0
72388,0,0
80017,0,0
-14672,0,0
147187,0,0
138649,0,0
-34441,0,0
-14278,0,0
-150531,0,0
91245,0,0
138501,0,0
242703,0,0
-55666,0,0
-31038,0,0
44248,0,0
67654,0,0
91709,0,0
-64980,0,0
20640,0,0
153319,0,0
34470,0,0
-194476,0,0
128883,0,0
273429,0,0
-34431,0,0
49698,0,0
298713,0,0
-125826,0,0
-140026,0,0
124565,0,0
272651,0,0
43650,0,0
-62788,0,0
40670,0,0
83701,0,0
214178,0,0
210528,0,0
-5652,0,0
72958,0,0
11516,0,0
-44518,0,0
91157,0,0
64595,0,0
2542,0,0
-10059,0,0
32850,0,0
13595,0,0
37424,0,0
-7518,0,0
-108350,0,0
22740,0,0
-77448,0,0
-55154,0,0
25736,0,0
-185834,0,0
-191141,0,0
-1759,0,0
-87035,0,0
16575,0,0
-87490,0,0
-231898,0,0
-85133,0,0
25985,0,0
43448,0,0
-149949,0,0
-135482,0,0
-6912,0,0
-240189,0,0
-124349,0,0
-289,0,0
-103540,0,0
1752,0,0
138997,0,0
-207279,0,0
-71578,0,0
114115,0,0
-176260,0,0
-303840,0,0
-107791,0,0
-200173,0,0
43907,0,0
359256,0,0
-8461,0,0
-96553,0,0
-173259,0,0
80285,0,0
3403,0,0
-113765,0,0
-108104,0,0
12552,0,0
75402,0,0
40601,0,0
37482,0,0
133427,0,0
52835,0,0
-94068,0,0
10118,0,0
139852,0,0
-27319,0,0
249059,0,0
-14891,0,0
-25534,0,0
1261,0,0
-58411,0,0
42371,0,0
91768,0,0
-28604,0,0
60836,0,0
74290,0,0
69942,0,0
22645,0,0
-48583,0,0
-31140,0,0
80504,0,0
-64689,0,0
-48487,0,0
66176,0,0
122322,0,0
25695,0,0
-33719,0,0
9409,0,0
75629,0,0
-151747,0,0
-60618,0,0
45694,0,0
204709,0,0
164803,0,0
-14049,0,0
-86679,0,0
26535,0,0
-73849,0,0
12870,0,0
-56353,0,0
10020,0,0
110989,0,0
3075,0,0
81623,0,0
162635,0,0
-225773,0,0
46539,0,0
77050,0,0
-93611,0,0
-178891,0,0
-12536,0,0
129198,0,0
97243,0,0
-142375,0,0
-21984,0,0
74751,0,0
-114707,0,0
-76564,0,0
164,0,0
-125034,0,0
23063,0,0
-39270,0,0
11010,0,0
87155,0,0
-173809,0,0
-137508,0,0
-26175,0,0
74847,0,0
180618,0,0
-157161,0,0
-95478,0,0
-34989,0,0
104217,0,0
9657,0,0
-80480,0,0
87212,0,0
-40647,0,0
-58205,0,0
-16328,0,0
-105060,0,0
1008,0,0
160991,0,0
37185,0,0
-26372,0,0
-31274,0,0
66922,0,0
-114487,0,0
-142702,0,0
-22756,0,0
48226,0,0
16566,0,0
-68098,0,0
36585,0,0
78045,0,0
65898,0,0
58258,0,0
-148955,0,0
-47029,0,0
28780,0,0
-10145,0,0
-12153,0,0
38693,0,0
177301,0,0
53899,0,0
-121352,0,0
70496,0,0
50813,0,0
62254,0,0
166303,0,0
-116893,0,0
-107417,0,0
-135822,0,0
19506,0,0
3597,0,0
213545,0,0
109964,0,0
55720,0,0
108540,0,0
-44766,0,0
-59224,0,0
-29025,0,0
-148108,0,0
12850,0,0
198637,0,0
102441,0,0
-109941,0,0
-30509,0,0
115006,0,0
-59628,0,0
162244,0,0
25366,0,0
26891,0,0
101300,0,0
-45863,0,0
55610,0,0
107310,0,0
-17651,0,0
-105916,0,0
90566,0,0
169235,0,0
-14601,0,0
7301,0,0
79525,0,0
44403,0,0
48851,0,0
13562,0,0
27273,0,0
-62001,0,0
-135485,0,0
-70181,0,0
63337,0,0
353793,0,0
94832,0,0
-194992,0,0
-153453,0,0
-36033,0,0
-80913,0,0
-46751,0,0
-24442,0,0
-107476,0,0
-24665,0,0
37770,0,0
140523,0,0
101597,0,0
-72473,0,0
-165523,0,0
-111689,0,0
78651,0,0
-1165,0,0
102048,0,0
-66738,0,0
-93451,0,0
36398,0,0
62548,0,0
19358,0,0
-122879,0,0
-45274,0,0
-100604,0,0
-17992,0,0
-10004,0,0
-55423,0,0
42948,0,0
-50988,0,0
-83997,0,0
-155093,0,0
-90367,0,0
67574,0,0
-40264,0,0
38836,0,0
-41481,0,0
-178041,0,0
-265383,0,0
168545,0,0
60885,0,0
52954,0,0
35290,0,0
-87951,0,0
-18280,0,0
-34999,0,0
150886,0,0
190548,0,0
83992,0,0
-12845,0,0
151759,0,0
32748,0,0
-55235,0,0
58144,0,0
75211,0,0
70578,0,0
-31499,0,0
39547,0,0
12910,0,0
219603,0,0
166520,0,0
10121,0,0
-49652,0,0
-110707,0,0
-35395,0,0
-9938,0,0
20061,0,0
-87961,0,0
-57044,0,0
-10336,0,0
54863,0,0
16567,0,0
-72542,0,0
-126239,0,0
-77610,0,0
-51455,0,0
-24995,0,0
31358,0,0
-154405,0,0
-10464,0,0
134335,0,0
22595,0,0
-146981,0,0
82440,0,0
-37966,0,0
-145285,0,0
63440,0,0
119766,0,0
164095,0,0
108600,0,0
-26325,0,0
-34951,0,0
86742,0,0
-42702,0,0
-120592,0,0
71294,0,0
81729,0,0
68621,0,0
-893,0,0
28347,0,0
158166,0,0
-94186,0,0
6889,0,0
-263828,0,0
-320081,0,0
-91184,0,0
175344,0,0
71358,0,0
90375,0,0
-90770,0,0
-43293,0,0
-209955,0,0
-214085,0,0
-54244,0,0
-92681,0,0
-128540,0,0
-79606,0,0
46375,0,0
-199272,0,0
-81280,0,0
93368,0,0
59752,0,0
-40796,0,0
6023,0,0
-210332,0,0
-136196,0,0
-193165,0,0
6283,0,0
182155,0,0
134945,0,0
-114588,0,0
-120813,0,0
31500,0,0
42593,0,0
10695,0,0
-75717,0,0
126937,0,0
20426,0,0
23056,0,0
-58332,0,0
-5894,0,0
25644,0,0
-9893,0,0
96446,0,0
7402,0,0
-10080,0,0
-87537,0,0
-47654,0,0
198870,0,0
175578,0,0
-123320,0,0
-22232,0,0
70916,0,0
6540,0,0
8376,0,0
42916,0,0
89109,0,0
-6407,0,0
-161457,0,0
52209,0,0
45602,0,0
-11515,0,0
-43650,0,0
36914,0,0
78522,0,0
83087,0,0
-43727,0,0
-3854,0,0
-96402,0,0
-21262,0,0
70555,0,0
-118168,0,0
-50001,0,0
57093,0,0
-48504,0,0
98620,0,0
100712,0,0
-101922,0,0
-52798,0,0
41506,0,0
165463,0,0
33092,0,0
-180161,0,0
-68860,0,0
81239,0,0
175513,0,0
-58055,0,0
-177047,0,0
754,0,0
101885,0,0
180566,0,0
22567,0,0
-136498,0,0
27409,0,0
138985,0,0
-6225,0,0
34268,0,0
-138770,0,0
-20861,0,0
136134,0,0
18580,0,0
-4997,0,0
-86932,0,0
-84196,0,0
15619,0,0
50239,0,0
110996,0,0
222151,0,0
68281,0,0
-57273,0,0
-157102,0,0
-62064,0,0
-21761,0,0
148771,0,0
121951,0,0
50260,0,0
39496,0,0
-62373,0,0
-73893,0,0
-72209,0,0
84784,0,0
255753,0,0
114298,0,0
-64417,0,0
-113274,0,0
-150612,0,0
67887,0,0
-5925,0,0
-13442,0,0
-101703,0,0
33745,0,0
65181,0,0
-106955,0,0
-16250,0,0
-169711,0,0
4239,0,0
16315,0,0
-40933,0,0
-58973,0,0
36846,0,0
105987,0,0
-102838,0,0
-57536,0,0
-5049,0,0
-19511,0,0
-9332,0,0
143248,0,0
-78963,0,0
-78877,0,0
13951,0,0
109205,0,0
143616,0,0
-109901,0,0
-31592,0,0
78238,0,0
-69182,0,0
-25788,0,0
126018,0,0
51777,0,0
5594,0,0
126313,0,0
7602,0,0
-91534,0,0
-117742,0,0
159878,0,0
93257,0,0
83355,0,0
94744,0,0
59955,0,0
16929,0,0
-52723,0,0
-10215,0,0
20656,0,0
11235,0,0
62549,0,0
104101,0,0
-54176,0,0
98684,0,0
-45098,0,0
16070,0,0
-91103,0,0
61220,0,0
154825,0,0
97312,0,0
-36913,0,0
-122620,0,0
-78126,0,0
-103508,0,0
-123292,0,0
117172,0,0
283208,0,0
265498,0,0
-162227,0,0
-104288,0,0
-79108,0,0
-74427,0,0
67350,0,0
57738,0,0
11203,0,0
-15432,0,0
35875,0,0
97600,0,0
162535,0,0
-57918,0,0
-183188,0,0
-64519,0,0
144756,0,0
74739,0,0
69565,0,0
74283,0,0
-15030,0,0
-214654,0,0
2756,0,0
-36756,0,0
38745,0,0
-71762,0,0
-142293,0,0
6096,0,0
31889,0,0
-5472,0,0
-19111,0,0
-131722,0,0
-94018,0,0
-172602,0,0
-150234,0,0
200036,0,0
-63285,0,0
-103053,0,0
-33670,0,0
-82993,0,0
-53188,0,0
-74410,0,0
-114771,0,0
-185908,0,0
-41521,0,0
65753,0,0
159504,0,0
54045,0,0
-161979,0,0
-270355,0,0
-227720,0,0
87593,0,0
337011,0,0
165664,0,0
-204473,0,0
-241659,0,0
-30883,0,0
72919,0,0
-18760,0,0
-43286,0,0
92420,0,0
83994,0,0
-356,0,0
12511,0,0
178854,0,0
14445,0,0
33269,0,0
167898,0,0
-137143,0,0
867,0,0
24043,0,0
72325,0,0
90626,0,0
36990,0,0
81486,0,0
-55655,0,0
-38852,0,0
-70483,0,0
373,0,0
110654,0,0
120355,0,0
-71793,0,0
-279128,0,0
163926,0,0
253067,0,0
31672,0,0
-26319,0,0
-96248,0,0
-129976,0,0
90,0,0
-79855,0,0
172902,0,0
62567,0,0
53839,0,0
50194,0,0
21886,0,0
41133,0,0
139416,0,0
163350,0,0
67198,0,0
99247,0,0
11106,0,0
13456,0,0
89475,0,0
141204,0,0
144020,0,0
98609,0,0
52498,0,0
-57903,0,0
103010,0,0
75217,0,0
90510,0,0
976,0,0
-39625,0,0
-76499,0,0
68928,0,0
7124,0,0
-18631,0,0
-11983,0,0
-87865,0,0
18756,0,0
-53441,0,0
-42755,0,0
-75747,0,0
-43813,0,0
-99694,0,0
-175334,0,0
-186444,0,0
16982,0,0
267660,0,0
-5837,0,0
-226987,0,0
-88264,0,0
-179828,0,0
-57197,0,0
-98608,0,0
72944,0,0
-76679,0,0
214802,0,0
13552,0,0
-87664,0,0
-37227,0,0
-119922,0,0
-173650,0,0
-25188,0,0
251132,0,0
-40255,0,0
2016,0,0
-52327,0,0
150201,0,0
166814,0,0
-45122,0,0
-146855,0,0
-25724,0,0
131193,0,0
-8054,0,0
-41478,0,0
70151,0,0
-12929,0,0
-16173,0,0
47327,0,0
154534,0,0
-39294,0,0
-231058,0,0
-79197,0,0
126732,0,0
161043,0,0
-9272,0,0
-73113,0,0
26919,0,0
53843,0,0
-66073,0,0
-3183,0,0
35710,0,0
-124362,0,0
-115631,0,0
94584,0,0
206314,0,0
94970,0,0
-143380,0,0
110211,0,0
-3802,0,0
-114300,0,0
-113157,0,0
5964,0,0
130801,0,0
82449,0,0
34018,0,0
-106595,0,0
123889,0,0
26115,0,0
-70673,0,0
-97192,0,0
-42368,0,0
-121227,0,0
-155521,0,0
83136,0,0
203868,0,0
71217,0,0
25656,0,0
-313643,0,0
-122567,0,0
75697,0,0
61720,0,0
-17560,0,0
-185745,0,0
-191537,0,0
16837,0,0
233285,0,0
218661,0,0
-209662,0,0
-63426,0,0
20948,0,0
28226,0,0
-253414,0,0
62769,0,0
236330,0,0
63244,0,0
-49370,0,0
-119207,0,0
-98956,0,0
109289,0,0
21713,0,0
32901,0,0
-19016,0,0
-37554,0,0
167821,0,0
5047,0,0
-6373,0,0
167251,0,0
-159810,0,0
131001,0,0
-42508,0,0
-165617,0,0
-145183,0,0
-25387,0,0
74574,0,0
210379,0,0
72544,0,0
11311,0,0
-75,0,0
44104,0,0
-8959,0,0
-75680,0,0
-95709,0,0
71086,0,0
24501,0,0
21945,0,0
-54992,0,0
-32710,0,0
-30523,0,0
26378,0,0
161361,0,0
167297,0,0
26725,0,0
40457,0,0
-94071,0,0
-39239,0,0
62634,0,0
-27958,0,0
4381,0,0
45792,0,0
83702,0,0
97952,0,0
42626,0,0
-23023,0,0
91832,0,0
5562,0,0
-29574,0,0
-79877,0,0
525,0,0
91675,0,0
68557,0,0
7046,0,0
-74825,0,0
90130,0,0
33132,0,0
87166,0,0
-56390,0,0
38663,0,0
-27753,0,0
-96424,0,0
-97486,0,0
8690,0,0
-41220,0,0
64271,0,0
-4273,0,0
-72513,0,0
194199,0,0
149031,0,0
-167077,0,0
-10932,0,0
13087,0,0
-114539,0,0
12980,0,0
121438,0,0
-50261,0,0
-120808,0,0
-168600,0,0
-28431,0,0
84826,0,0
124826,0,0
79603,0,0
-201742,0,0
-112634,0,0
97628,0,0
-73948,0,0
-2374,0,0
80573,0,0
-231520,0,0
-214256,0,0
-138947,0,0
-41093,0,0
-55124,0,0
275811,0,0
272834,0,0
-61375,0,0
-88364,0,0
-134528,0,0
-94732,0,0
-25069,0,0
-22966,0,0
-95599,0,0
46468,0,0
-10306,0,0
133850,0,0
-111,0,0
26558,0,0
47633,0,0
79750,0,0
21010,0,0
-103851,0,0
-136507,0,0
-143612,0,0
-78451,0,0
126575,0,0
-100395,0,0
90263,0,0
155561,0,0
-29038,0,0
-57250,0,0
-224762,0,0
-100132,0,0
-60567,0,0
-8839,0,0
-10652,0,0
93906,0,0
195169,0,0
5308,0,0
-235789,0,0
-101614,0,0
-51409,0,0
-84828,0,0
22587,0,0
145649,0,0
10798,0,0
-10305,0,0
-29743,0,0
-6050,0,0
33584,0,0
-31585,0,0
99354,0,0
35103,0,0
-27938,0,0
-38041,0,0
-21948,0,0
-99928,0,0
-131111,0,0
33132,0,0
170079,0,0
10810,0,0
192760,0,0
-113547,0,0
-281669,0,0
-95308,0,0
-17529,0,0
-36473,0,0
184254,0,0
2303,0,0
-15896,0,0
-28287,0,0
-190479,0,0
-60010,0,0
150558,0,0
12721,0,0
50751,0,0
100804,0,0
-28642,0,0
-65585,0,0
-129485,0,0
49970,0,0
171947,0,0
43230,0,0
16212,0,0
90324,0,0
-44224,0,0
118463,0,0
137131,0,0
48644,0,0
-29156,0,0
48578,0,0
285,0,0
52279,0,0
75491,0,0
-32933,0,0
169127,0,0
94446,0,0
-92797,0,0
333507,0,0
164330,0,0
51172,0,0
-128136,0,0
-102806,0,0
66397,0,0
118931,0,0
58386,0,0
118214,0,0
190688,0,0
91966,0,0
-36794,0,0
17173,0,0
159307,0,0
9135,0,0
-74344,0,0
-72374,0,0
38122,0,0
40840,0,0
-34926,0,0
-111212,0,0
75778,0,0
50126,0,0
139609,0,0
-136587,0,0
-296676,0,0
-174553,0,0
-44701,0,0
-53254,0,0
142736,0,0
12337,0,0
-365690,0,0
-212259,0,0
28999,0,0
38129,0,0
-20402,0,0
-41443,0,0
-162272,0,0
-138229,0,0
-38209,0,0
-67999,0,0
-46261,0,0
-101207,0,0
-106979,0,0
-52682,0,0
-130884,0,0
-21427,0,0
133257,0,0
13435,0,0
-56717,0,0
128492,0,0
-22474,0,0
-66984,0,0
-135922,0,0
59748,0,0
16200,0,0
2399,0,0
-102753,0,0
63141,0,0
176078,0,0
30494,0,0
170168,0,0
-102466,0,0
-1730,0,0
165955,0,0
-89502,0,0
144982,0,0
19962,0,0
-169148,0,0
-11576,0,0
195292,0,0
164201,0,0
-98380,0,0
-108140,0,0
-27246,0,0
46322,0,0
191475,0,0
24757,0,0
-115106,0,0
-129977,0,0
-63419,0,0
-33229,0,0
-22743,0,0
5930,0,0
188048,0,0
193679,0,0
-245802,0,0
-119278,0,0
102793,0,0
-54106,0,0
144213,0,0
-18233,0,0
-106993,0,0
-49434,0,0
160368,0,0
105647,0,0
79321,0,0
-61581,0,0
-26764,0,0
5796,0,0
149710,0,0
181217,0,0
31430,0,0
-19985,0,0
-64126,0,0
-101635,0,0
113019,0,0
214459,0,0
-95313,0,0
-101359,0,0
40786,0,0
119955,0,0
200175,0,0
-125678,0,0
-170753,0,0
16820,0,0
78374,0,0
-66237,0,0
14307,0,0
46992,0,0
-150178,0,0
21018,0,0
70673,0,0
-135209,0,0
-155214,0,0
-121136,0,0
-50143,0,0
19166,0,0
-174847,0,0
-76436,0,0
-140953,0,0
105963,0,0
26475,0,0
-188441,0,0
-173403,0,0
31129,0,0
-37339,0,0
-108836,0,0
-136117,0,0
-11608,0,0
-47181,0,0
-41354,0,0
13814,0,0
102543,0,0
-122543,0,0
-48797,0,0
41975,0,0
37458,0,0
-41356,0,0
-76574,0,0
-62266,0,0
-62580,0,0
116826,0,0
197058,0,0
-115955,0,0
-113391,0,0
-204209,0,0
-134211,0,0
202191,0,0
306972,0,0
-34595,0,0
81533,0,0
-6152,0,0
-59127,0,0
-47748,0,0
-92982,0,0
11734,0,0
5632,0,0
50612,0,0
-99595,0,0
256633,0,0
184651,0,0
95244,0,0
-13837,0,0
-238252,0,0
-8595,0,0
54304,0,0
75830,0,0
58025,0,0
190515,0,0
-106889,0,0
-67565,0,0
89258,0,0
68387,0,0
93244,0,0
-175698,0,0
-182780,0,0
106683,0,0
64017,0,0
41640,0,0
33239,0,0
-60957,0,0
-2451,0,0
93453,0,0
29280,0,0
57270,0,0
961,0,0
91538,0,0
36345,0,0
91793,0,0
151103,0,0
-34989,0,0
2357,0,0
-12323,0,0
249114,0,0
424413,0,0
50029,0,0
-17168,0,0
194435,0,0
35101,0,0
106500,0,0
129623,0,0
57398,0,0
73140,0,0
-35131,0,0
-53330,0,0
9120,0,0
124198,0,0
9997,0,0
20373,0,0
57714,0,0
-23144,0,0
-101732,0,0
-37346,0,0
-150807,0,0
-112523,0,0
-136490,0,0
-250502,0,0
-105545,0,0
177076,0,0
111166,0,0
-36144,0,0
-199894,0,0
-90728,0,0
-198227,0,0
-127922,0,0
11526,0,0
72519,0,0
-116072,0,0
-20583,0,0
-81121,0,0
17782,0,0
-21345,0,0
-98110,0,0
31465,0,0
-20924,0,0
-232252,0,0
-47629,0,0
-8288,0,0
-66498,0,0
185730,0,0
123785,0,0
48734,0,0
-201113,0,0
-49899,0,0
250959,0,0
73153,0,0
-83335,0,0
10417,0,0
-59972,0,0
-76682,0,0
173153,0,0
198271,0,0
249890,0,0
209007,0,0
-169067,0,0
-227163,0,0
56361,0,0
60187,0,0
345033,0,0
164767,0,0
85234,0,0
-54493,0,0
-15506,0,0
-61063,0,0
97603,0,0
52377,0,0
132024,0,0
140227,0,0
-13905,0,0
-164957,0,0
69349,0,0
3706,0,0
-135720,0,0
-12085,0,0
-50642,0,0
283172,0,0
160611,0,0
-142370,0,0
190381,0,0
-28084,0,0
195669,0,0
-20409,0,0
-172530,0,0
-147752,0,0
-34600,0,0
139127,0,0
78765,0,0
194460,0,0
66840,0,0
30340,0,0
149686,0,0
-105536,0,0
-33828,0,0
2083,0,0
-62002,0,0
-10084,0,0
-11668,0,0
20761,0,0
-189131,0,0
-11017,0,0
78888,0,0
-164733,0,0
-126948,0,0
-121912,0,0
1902,0,0
-70123,0,0
11575,0,0
133521,0,0
55228,0,0
-185049,0,0
-216651,0,0
96765,0,0
-34428,0,0
-3986,0,0
-45233,0,0
18821,0,0
-37114,0,0
44827,0,0
78320,0,0
-74975,0,0
-19172,0,0
34194,0,0
-5666,0,0
-90996,0,0
-133426,0,0
-26953,0,0
206365,0,0
225369,0,0
33625,0,0
-215439,0,0
6631,0,0
-81875,0,0
-127598,0,0
-116420,0,0
38154,0,0
-77175,0,0
-97234,0,0
274780,0,0
203020,0,0
177678,0,0
78426,0,0
-278790,0,0
-143696,0,0
-54624,0,0
-100207,0,0
-143789,0,0
233141,0,0
14361,0,0
117934,0,0
163259,0,0
163823,0,0
33472,0,0
-189331,0,0
-103151,0,0
146622,0,0
109950,0,0
-84838,0,0
-155506,0,0
21638,0,0
156226,0,0
57780,0,0
49944,0,0
132739,0,0
-60336,0,0
-107917,0,0
-77646,0,0
8363,0,0
79620,0,0
133428,0,0
-74753,0,0
-49777,0,0
-24307,0,0
-122048,0,0
-85491,0,0
100259,0,0
67425,0,0
80629,0,0
-55637,0,0
-106988,0,0
-54088,0,0
-157732,0,0
-40110,0,0
11703,0,0
253039,0,0
77138,0,0
-118989,0,0
-174359,0,0
-37340,0,0
-36997,0,0
54653,0,0
-33105,0,0
-11732,0,0
1930,0,0
109883,0,0
170949,0,0
20308,0,0
-131278,0,0
-40449,0,0
78570,0,0
91521,0,0
34435,0,0
-28860,0,0
27005,0,0
121677,0,0
119164,0,0
-30077,0,0
-116892,0,0
-8902,0,0
259500,0,0
178936,0,0
15545,0,0
-131381,0,0
-108350,0,0
-8486,0,0
94618,0,0
163163,0,0
-20245,0,0
-36339,0,0
151392,0,0
-91406,0,0
24973,0,0
-71830,0,0
5509,0,0
134145,0,0
-33562,0,0
58726,0,0
163724,0,0
-9638,0,0
-318,0,0
-126570,0,0
-112778,0,0
145105,0,0
65041,0,0
-24954,0,0
-213116,0,0
130779,0,0
187018,0,0
71875,0,0
-105848,0,0
-116093,0,0
53479,0,0
-978,0,0
-83941,0,0
57508,0,0
57666,0,0
-46226,0,0
-2331,0,0
-59563,0,0
-95685,0,0
-125404,0,0
7032,0,0
135235,0,0
47428,0,0
-102209,0,0
-100600,0,0
-187739,0,0
27729,0,0
248739,0,0
-130282,0,0
223047,0,0
55022,0,0
-186815,0,0
-162191,0,0
-43803,0,0
41366,0,0
24869,0,0
86272,0,0
135399,0,0
-2957,0,0
50461,0,0
-40918,0,0
70732,0,0
37109,0,0
-65708,0,0
-187100,0,0
-10771,0,0
128107,0,0
105669,0,0
42387,0,0
-23319,0,0
-7598,0,0
-74813,0,0
-98314,0,0
46150,0,0
36312,0,0
-25622,0,0
-154202,0,0
-102904,0,0
-42114,0,0
152238,0,0
144088,0,0
2910,0,0
25852,0,0
-79699,0,0
-68841,0,0
-106201,0,0
63116,0,0
28680,0,0
-208475,0,0
18615,0,0
-40083,0,0
136463,0,0
178136,0,0
-37630,0,0
-91157,0,0
-154849,0,0
89217,0,0
39608,0,0
-38324,0,0
-30030,0,0
19217,0,0
-41399,0,0
-101597,0,0
-9455,0,0
135230,0,0
-55685,0,0
-41543,0,0
16500,0,0
-30576,0,0
-36228,0,0
86271,0,0
108757,0,0
-182067,0,0
-148713,0,0
54376,0,0
-140750,0,0
32064,0,0
177941,0,0
92876,0,0
-55460,0,0
-115148,0,0
-69829,0,0
-116683,0,0
2824,0,0
-54188,0,0
-39745,0,0
92129,0,0
-5152,0,0
32239,0,0
89921,0,0
21644,0,0
-111723,0,0
-85756,0,0
75065,0,0
-32328,0,0
51179,0,0
-105192,0,0
1487,0,0
299447,0,0
20644,0,0
-159334,0,0
120297,0,0
28272,0,0
58687,0,0
80161,0,0
-15190,0,0
-122346,0,0
-29007,0,0
74208,0,0
69495,0,0
-16314,0,0
-27937,0,0
133678,0,0
18719,0,0
-147141,0,0
-108257,0,0
340,0,0
61201,0,0
178001,0,0
79190,0,0
-181461,0,0
-251275,0,0
-71220,0,0
139350,0,0
76035,0,0
-106434,0,0
-72734,0,0
-35886,0,0
214665,0,0
91954,0,0
-24694,0,0
-227680,0,0
-42005,0,0
47066,0,0
49340,0,0
39555,0,0
-13486,0,0
22979,0,0
105212,0,0
-8875,0,0
-44062,0,0
-93113,0,0
61860,0,0
10878,0,0
-14465,0,0
-59275,0,0
-39024,0,0
-60281,0,0
-108524,0,0
95475,0,0
250873,0,0
-40513,0,0
-202496,0,0
-131320,0,0
-35133,0,0
4903,0,0
-77197,0,0
-40533,0,0
55803,0,0
62514,0,0
33413,0,0
-83101,0,0
-200031,0,0
195414,0,0
137763,0,0
-154822,0,0
-132634,0,0
-81767,0,0
115823,0,0
137124,0,0
72262,0,0
35097,0,0
169212,0,0
-98823,0,0
-108221,0,0
-68044,0,0
-50552,0,0
98644,0,0
97950,0,0
-31011,0,0
117851,0,0
233457,0,0
-57500,0,0
-171062,0,0
-82683,0,0
2835,0,0
-83935,0,0
120286,0,0
368775,0,0
140727,0,0
-304642,0,0
-162995,0,0
66462,0,0
152377,0,0
52293,0,0
-25567,0,0
-46122,0,0
-21383,0,0
71103,0,0
-26826,0,0
-66509,0,0
48023,0,0
91719,0,0
50342,0,0
69770,0,0
-113665,0,0
-66095,0,0
-44528,0,0
-62707,0,0
-7809,0,0
82316,0,0
47261,0,0
-83234,0,0
-123393,0,0
-69144,0,0
-38239,0,0
87547,0,0
240733,0,0
13536,0,0
-135555,0,0
-36714,0,0
168179,0,0
-29847,0,0
-159195,0,0
-152046,0,0
-84259,0,0
12674,0,0
135989,0,0
202265,0,0
187147,0,0
139972,0,0
8643,0,0
-119012,0,0
-179307,0,0
-112107,0,0
23518,0,0
146892,0,0
26223,0,0
9612,0,0
60633,0,0
112958,0,0
133225,0,0
46504,0,0
-155163,0,0
-93162,0,0
-55259,0,0
2128,0,0
108385,0,0
198983,0,0
-13601,0,0
-39876,0,0
-80796,0,0
104553,0,0
99542,0,0
65924,0,0
-106980,0,0
12729,0,0
-17585,0,0
18291,0,0
109454,0,0
-84423,0,0
-117532,0,0
13988,0,0
127837,0,0
243863,0,0
7113,0,0
-168379,0,0
-190889,0,0
-38331,0,0
62168,0,0
-86208,0,0
59493,0,0
-11722,0,0
-51755,0,0
144426,0,0
6039,0,0
192531,0,0
-11282,0,0
-225243,0,0
-28054,0,0
29763,0,0
70952,0,0
125233,0,0
-44669,0,0
-170948,0,0
-59460,0,0
88680,0,0
66747,0,0
4283,0,0
-54354,0,0
38476,0,0
131341,0,0
53865,0,0
-180887,0,0
-152606,0,0
-225980,0,0
-39675,0,0
191530,0,0
-91190,0,0
28948,0,0
-32742,0,0
6202,0,0
117325,0,0
-123386,0,0
-174511,0,0
-9450,0,0
-139795,0,0
-156863,0,0
70686,0,0
156248,0,0
-40338,0,0
-86404,0,0
-90341,0,0
-46006,0,0
-188504,0,0
-46434,0,0
224610,0,0
-152741,0,0
-161807,0,0
-78464,0,0
-108917,0,0
102277,0,0
71937,0,0
-46812,0,0
35298,0,0
38032,0,0
-170290,0,0
-44117,0,0
-21229,0,0
79734,0,0
-30947,0,0
80937,0,0
23134,0,0
-90077,0,0
18198,0,0
-206334,0,0
39216,0,0
314390,0,0
94277,0,0
-68871,0,0
-194819,0,0
24721,0,0
146999,0,0
-47417,0,0
-82427,0,0
-14836,0,0
129522,0,0
7860,0,0
-66059,0,0
119382,0,0
78388,0,0
-114327,0,0
-95429,0,0
-121211,0,0
162159,0,0
183482,0,0
-63217,0,0
-41232,0,0
-103091,0,0
-117709,0,0
67352,0,0
48439,0,0
203974,0,0
-33740,0,0
-133336,0,0
-140103,0,0
26788,0,0
36535,0,0
51383,0,0
108365,0,0
-15298,0,0
-44986,0,0
61482,0,0
28745,0,0
-116045,0,0
-111699,0,0
209322,0,0
-152383,0,0
59738,0,0
260120,0,0
-33000,0,0
-44882,0,0
-61173,0,0
-92196,0,0
-32782,0,0
97372,0,0
89018,0,0
129056,0,0
32982,0,0
-68600,0,0
21653,0,0
116710,0,0
-50469,0,0
-192824,0,0
50391,0,0
138322,0,0
48465,0,0
40151,0,0
34393,0,0
93589,0,0
98535,0,0
-110741,0,0
-93934,0,0
-27969,0,0
99237,0,0
88240,0,0
-91042,0,0
-12693,0,0
125141,0,0
113575,0,0
70488,0,0
-138410,0,0
-185237,0,0
-45847,0,0
183128,0,0
269203,0,0
-13322,0,0
14134,0,0
-98049,0,0
-157272,0,0
56279,0,0
142552,0,0
25976,0,0
-141259,0,0
-126457,0,0
267395,0,0
3412,0,0
-28762,0,0
-77855,0,0
-191446,0,0
-104644,0,0
151025,0,0
326118,0,0
-10355,0,0
-301024,0,0
-59516,0,0
102272,0,0
46428,0,0
-94690,0,0
-127292,0,0
41808,0,0
33086,0,0
-183077,0,0
101104,0,0
33530,0,0
-146675,0,0
16862,0,0
131338,0,0
76915,0,0
107732,0,0
-131942,0,0
-68962,0,0
-56484,0,0
-14870,0,0
18458,0,0
72520,0,0
140809,0,0
-10563,0,0
48674,0,0
64565,0,0
67202,0,0
-38196,0,0
-129548,0,0
-50073,0,0
-14268,0,0
-111245,0,0
94336,0,0
128370,0,0
-36731,0,0
-112853,0,0
-78639,0,0
-142162,0,0
19159,0,0
-9647,0,0
-76453,0,0
-163499,0,0
28680,0,0
-10192,0,0
-33393,0,0
-111104,0,0
38514,0,0
64064,0,0
-45357,0,0
26783,0,0
-46406,0,0
-47347,0,0
-45648,0,0
-34639,0,0
55513,0,0
58772,0,0
18455,0,0
155837,0,0
-101874,0,0
-160484,0,0
-30105,0,0
71388,0,0
183917,0,0
-75613,0,0
-36823,0,0
14311,0,0
-136466,0,0
-11229,0,0
65462,0,0
61274,0,0
61809,0,0
-32023,0,0
-66566,0,0
17836,0,0
-3718,0,0
-94488,0,0
40273,0,0
229653,0,0
76959,0,0
-36530,0,0
30561,0,0
45161,0,0
-24846,0,0
39668,0,0
51970,0,0
-119488,0,0
23172,0,0
-75272,0,0
-111096,0,0
192459,0,0
-49842,0,0
33121,0,0
-164903,0,0
115080,0,0
249195,0,0
-199658,0,0
-205643,0,0
93803,0,0
-1830,0,0
-206882,0,0
-34893,0,0
-29934,0,0
175049,0,0
68231,0,0
-38746,0,0
27833,0,0
62330,0,0
-24494,0,0
-160782,0,0
8773,0,0
150903,0,0
-52883,0,0
71751,0,0
-65338,0,0
71644,0,0
171323,0,0
33572,0,0
-53730,0,0
-81813,0,0
-151371,0,0
5678,0,0
107657,0,0
-9314,0,0
9293,0,0
-142986,0,0
29090,0,0
74215,0,0
254313,0,0
-126403,0,0
-304718,0,0
-137383,0,0
-131956,0,0
81929,0,0
104171,0,0
59619,0,0
-38063,0,0
-66032,0,0
-142623,0,0
-23612,0,0
25611,0,0
-63397,0,0
-86176,0,0
-48528,0,0
-180935,0,0
-7787,0,0
-36780,0,0
11084,0,0
184674,0,0
79531,0,0
-183415,0,0
-186478,0,0
-95516,0,0
-68431,0,0
90298,0,0
-4691,0,0
-81532,0,0
-121832,0,0
-34831,0,0
119863,0,0
10616,0,0
-104469,0,0
-116870,0,0
-101046,0,0
124568,0,0
46948,0,0
-184839,0,0
-32428,0,0
-95412,0,0
5684,0,0
15428,0,0
-59609,0,0
100861,0,0
-42751,0,0
-164819,0,0
-77689,0,0
62309,0,0
131253,0,0
16124,0,0
22075,0,0
129155,0,0
64123,0,0
-126219,0,0
21663,0,0
29653,0,0
46117,0,0
102278,0,0
38994,0,0
117212,0,0
250504,0,0
43563,0,0
-80871,0,0
-104275,0,0
80945,0,0
34495,0,0
71319,0,0
12607,0,0
-115873,0,0
52628,0,0
66596,0,0
73871,0,0
-37140,0,0
198773,0,0
1153,0,0
-70142,0,0
-39983,0,0
-119739,0,0
-89163,0,0
16189,0,0
25392,0,0
83277,0,0
24954,0,0
189554,0,0
43539,0,0
-123673,0,0
-167599,0,0
-8145,0,0
110886,0,0
20350,0,0
48217,0,0
-198971,0,0
-68922,0,0
92274,0,0
-60814,0,0
73972,0,0
161981,0,0
-58436,0,0
-47587,0,0
-106603,0,0
-139436,0,0
18038,0,0
224994,0,0
-13200,0,0
-12146,0,0
-149225,0,0
-88017,0,0
94797,0,0
173775,0,0
-25250,0,0
-196560,0,0
36231,0,0
-3447,0,0
-143650,0,0
15679,0,0
-114999,0,0
66561,0,0
129916,0,0
-87173,0,0
-16950,0,0
126589,0,0
-145210,0,0
-241678,0,0
-65878,0,0
108305,0,0
155391,0,0
-36480,0,0
-2246,0,0
57937,0,0
-43922,0,0
-91231,0,0
12392,0,0
64915,0,0
8359,0,0
-21705,0,0
-117518,0,0
-52752,0,0
19680,0,0
17153,0,0
-108223,0,0
-64819,0,0
71083,0,0
192227,0,0
33265,0,0
-171979,0,0
-226402,0,0
11105,0,0
19243,0,0
-92541,0,0
8431,0,0
60668,0,0
-15184,0,0
88508,0,0
61270,0,0
169973,0,0
-78100,0,0
-47619,0,0
-19368,0,0
90669,0,0
91198,0,0
60560,0,0
76271,0,0
65792,0,0
90666,0,0
34990,0,0
-54786,0,0
62952,0,0
10337,0,0
62937,0,0
75209,0,0
-27330,0,0
31850,0,0
-129176,0,0
94808,0,0
17002,0,0
112926,0,0
17752,0,0
-22578,0,0
-90088,0,0
107133,0,0
-137988,0,0
-72819,0,0
45321,0,0
31851,0,0
15391,0,0
-76948,0,0
-56181,0,0
63810,0,0
240892,0,0
64067,0,0
-78689,0,0
2354,0,0
-76250,0,0
22761,0,0
-87929,0,0
-2201,0,0
-44938,0,0
-14647,0,0
135261,0,0
-27359,0,0
-89482,0,0
50226,0,0
37111,0,0
-56469,0,0
-48984,0,0
-129463,0,0
-295773,0,0
-227191,0,0
385038,0,0
53139,0,0
-84215,0,0
-165851,0,0
-37082,0,0
-85576,0,0
25982,0,0
37115,0,0
-13633,0,0
-99974,0,0
61656,0,0
-6918,0,0
94024,0,0
104861,0,0
43755,0,0
-80261,0,0
-76000,0,0
68685,0,0
59771,0,0
158107,0,0
104435,0,0
-58172,0,0
-1224,0,0
176596,0,0
23009,0,0
10526,0,0
68046,0,0
130113,0,0
-97972,0,0
126451,0,0
160808,0,0
-4965,0,0
13549,0,0
36252,0,0
-123961,0,0
71226,0,0
21115,0,0
-65812,0,0
282063,0,0
57973,0,0
-536,0,0
-223122,0,0
14787,0,0
61411,0,0
-102950,0,0
15214,0,0
81409,0,0
29828,0,0
12742,0,0
24104,0,0
-114958,0,0
-222963,0,0
-77024,0,0
-12828,0,0
11487,0,0
79931,0,0
-42719,0,0
74324,0,0
118218,0,0
-59270,0,0
-47644,0,0
-184388,0,0
-136830,0,0
-100193,0,0
25224,0,0
47069,0,0
43072,0,0
163357,0,0
6416,0,0
-173738,0,0
-167297,0,0
-18522,0,0
12355,0,0
148424,0,0
-34549,0,0
-16516,0,0
-26721,0,0
-68394,0,0
23412,0,0
56530,0,0
409065,0,0
-19991,0,0
-146229,0,0
-72210,0,0
36732,0,0
122518,0,0
-54992,0,0
10282,0,0
67667,0,0
82725,0,0
138243,0,0
-78916,0,0
-86778,0,0
-57810,0,0
3650,0,0
375967,0,0
-120232,0,0
-214486,0,0
-114274,0,0
-83988,0,0
329182,0,0
52350,0,0
-58618,0,0
20218,0,0
-128487,0,0
-42797,0,0
109049,0,0
123481,0,0
47360,0,0
-10309,0,0
-57456,0,0
49575,0,0
-27424,0,0
8910,0,0
-29357,0,0
111870,0,0
125260,0,0
-59915,0,0
-39901,0,0
-26715,0,0
-58363,0,0
46869,0,0
-89720,0,0
-16774,0,0
-31788,0,0
-117339,0,0
8077,0,0
-146670,0,0
-42056,0,0
295298,0,0
-107512,0,0
-201489,0,0
-169396,0,0
-95681,0,0
-56288,0,0
28536,0,0
137844,0,0
33432,0,0
-253327,0,0
-198649,0,0
188104,0,0
58336,0,0
101213,0,0
-105684,0,0
12364,0,0
43300,0,0
-222930,0,0
163375,0,0
131993,0,0
117718,0,0
30617,0,0
79967,0,0
135038,0,0
3145,0,0
-103424,0,0
105906,0,0
130453,0,0
34637,0,0
12342,0,0
-13407,0,0
171218,0,0
149215,0,0
30634,0,0
-41956,0,0
-23293,0,0
-21088,0,0
-16649,0,0
29314,0,0
37267,0,0
-52469,0,0
-139309,0,0
16544,0,0
154010,0,0
5741,0,0
213626,0,0
-16478,0,0
-108604,0,0
-9740,0,0
-3291,0,0
-30567,0,0
168128,0,0
-9728,0,0
-155112,0,0
24879,0,0
94840,0,0
141818,0,0
198477,0,0
168391,0,0
-100556,0,0
-25099,0,0
-42552,0,0
108738,0,0
55048,0,0
81364,0,0
-138858,0,0
-51696,0,0
-6583,0,0
-37135,0,0
69226,0,0
-224212,0,0
-44150,0,0
-27162,0,0
61789,0,0
209914,0,0
-30415,0,0
-122826,0,0
-313042,0,0
-193876,0,0
1508,0,0
13811,0,0
38877,0,0
5312,0,0
-80461,0,0
24395,0,0
-205018,0,0
-152394,0,0
116225,0,0
126401,0,0
-66270,0,0
-293162,0,0
-107365,0,0
140989,0,0
26937,0,0
-133000,0,0
-174112,0,0
25220,0,0
-117872,0,0
32296,0,0
78930,0,0
-190037,0,0
-226728,0,0
29351,0,0
23714,0,0
38732,0,0
-75472,0,0
-33102,0,0
-25619,0,0
-136894,0,0
-192461,0,0
-38658,0,0
193575,0,0
98850,0,0
17120,0,0
-124757,0,0
-120796,0,0
15166,0,0
138419,0,0
129098,0,0
-31613,0,0
188568,0,0
-118714,0,0
-67635,0,0
95665,0,0
120082,0,0
278420,0,0
39889,0,0
-108861,0,0
-51624,0,0
106336,0,0
194293,0,0
276164,0,0
103430,0,0
-28846,0,0
116091,0,0
-188357,0,0
-209924,0,0
69146,0,0
223542,0,0
-46614,0,0
-21455,0,0
-29396,0,0
159428,0,0
-51820,0,0
-8829,0,0
-78133,0,0
-165988,0,0
-109023,0,0
92880,0,0
127596,0,0
-120725,0,0
-43507,0,0
-146971,0,0
-56680,0,0
23036,0,0
26433,0,0
-48739,0,0
-39616,0,0
73562,0,0
28500,0,0
-178034,0,0
-129955,0,0
58453,0,0
-162387,0,0
-40011,0,0
226676,0,0
-94888,0,0
-124088,0,0
-121465,0,0
229018,0,0
117466,0,0
-194481,0,0
-67896,0,0
1329,0,0
28328,0,0
-111818,0,0
26868,0,0
-77311,0,0
-61604,0,0
-5867,0,0
72742,0,0
62248,0,0
97364,0,0
-157989,0,0
-65755,0,0
106821,0,0
-313295,0,0
-68633,0,0
-4143,0,0
17373,0,0
169924,0,0
3889,0,0
-16837,0,0
-26088,0,0
-127326,0,0
-5814,0,0
161020,0,0
129917,0,0
238776,0,0
-42145,0,0
-67125,0,0
185343,0,0
215618,0,0
46186,0,0
119313,0,0
10052,0,0
-56906,0,0
96182,0,0
193542,0,0
46546,0,0
50679,0,0
251289,0,0
174868,0,0
135251,0,0
34619,0,0
-128384,0,0
-78595,0,0
99363,0,0
70376,0,0
-48483,0,0
16766,0,0
109652,0,0
3319,0,0
48353,0,0
-17206,0,0
-42450,0,0
32481,0,0
8347,0,0
19482,0,0
-35075,0,0
44074,0,0
-49272,0,0
-3915,0,0
58111,0,0
-95685,0,0
-220131,0,0
83729,0,0
97523,0,0
66574,0,0
29104,0,0
-112186,0,0
-53207,0,0
73453,0,0
27749,0,0
-11290,0,0
-48249,0,0
-139452,0,0
-9861,0,0
2722,0,0
-45860,0,0
-33762,0,0
-71401,0,0
-164886,0,0
-24261,0,0
81903,0,0
-121846,0,0
-40425,0,0
-72456,0,0
-254872,0,0
-251930,0,0
105171,0,0
68603,0,0
-157086,0,0
-369268,0,0
-70441,0,0
230,0,0
151304,0,0
155776,0,0
-200107,0,0
-120437,0,0
-161702,0,0
-63751,0,0
-21691,0,0
166663,0,0
42886,0,0
-192498,0,0
213644,0,0
-8589,0,0
-33305,0,0
7971,0,0
64928,0,0
10437,0,0
55620,0,0
-78810,0,0
-72235,0,0
59226,0,0
-63438,0,0
58093,0,0
-125647,0,0
-652,0,0
104513,0,0
-78557,0,0
22220,0,0
174327,0,0
-169651,0,0
-128373,0,0
21211,0,0
24350,0,0
73875,0,0
-85347,0,0
-20344,0,0
41505,0,0
108492,0,0
-116084,0,0
-184510,0,0
130719,0,0
256040,0,0
-11301,0,0
-41365,0,0
21485,0,0
-77550,0,0
125733,0,0
-35718,0,0
-49167,0,0
94502,0,0
-975,0,0
-26039,0,0
-52639,0,0
-142641,0,0
22151,0,0
369969,0,0
-16494,0,0
-83447,0,0
-43998,0,0
-237068,0,0
75673,0,0
-38102,0,0
-74416,0,0
8520,0,0
4847,0,0
165568,0,0
91544,0,0
-148309,0,0
-277250,0,0
-110070,0,0
20000,0,0
38916,0,0
-100469,0,0
-198034,0,0
-103162,0,0
202519,0,0
324467,0,0
88702,0,0
-275986,0,0
-188921,0,0
-215116,0,0
-213045,0,0
32231,0,0
214554,0,0
63278,0,0
60458,0,0
-80725,0,0
-55251,0,0
-7666,0,0
210324,0,0
-61421,0,0
32759,0,0
86706,0,0
-146076,0,0
64599,0,0
88999,0,0
93999,0,0
-7285,0,0
-24633,0,0
172811,0,0
701,0,0
-77386,0,0
-77409,0,0
25446,0,0
-5520,0,0
65726,0,0
40592,0,0
129153,0,0
52724,0,0
-126844,0,0
-196207,0,0
-136963,0,0
260861,0,0
186422,0,0
-31683,0,0
-135886,0,0
-144366,0,0
147193,0,0
53899,0,0
24310,0,0
62699,0,0
45963,0,0
167961,0,0
196585,0,0
-32074,0,0
-70978,0,0
6656,0,0
218921,0,0
31228,0,0
-18643,0,0
16908,0,0
41290,0,0
78512,0,0
86871,0,0
81728,0,0
111150,0,0
-156815,0,0
-108364,0,0
-34550,0,0
45820,0,0
188509,0,0
82302,0,0
-122324,0,0
-201207,0,0
-32171,0,0
-181113,0,0
-90409,0,0
-40045,0,0
-165092,0,0
87313,0,0
162772,0,0
-209161,0,0
-225535,0,0
-130435,0,0
65378,0,0
287651,0,0
-119432,0,0
-128377,0,0
-138003,0,0
-68562,0,0
109759,0,0
-67541,0,0
-132773,0,0
-71778,0,0
121568,0,0
106951,0,0
38065,0,0
24075,0,0
-22550,0,0
-94506,0,0
-58379,0,0
82990,0,0
87626,0,0
25797,0,0
-18244,0,0
-162482,0,0
92125,0,0
65086,0,0
13152,0,0
-52489,0,0
-19469,0,0
-60667,0,0
-8431,0,0
127534,0,0
-65105,0,0
17546,0,0
-43922,0,0
96121,0,0
141425,0,0
42504,0,0
-127085,0,0
-199805,0,0
-34085,0,0
106627,0,0
-8329,0,0
64933,0,0
-31881,0,0
137225,0,0
-71171,0,0
-197201,0,0
117633,0,0
-41449,0,0
-1919,0,0
-62377,0,0
-14885,0,0
19591,0,0
88097,0,0
-23722,0,0
-96357,0,0
30858,0,0
99860,0,0
-70097,0,0
-71460,0,0
-43628,0,0
133535,0,0
284745,0,0
-89374,0,0
-234686,0,0
30034,0,0
187511,0,0
98505,0,0
-24543,0,0
-8900,0,0
31899,0,0
101174,0,0
-18107,0,0
72193,0,0
-36480,0,0
-44333,0,0
77460,0,0
-10192,0,0
-51055,0,0
-171526,0,0
1239,0,0
212731,0,0
182852,0,0
-78134,0,0
-109948,0,0
-279940,0,0
-178708,0,0
329551,0,0
235561,0,0
-171520,0,0
31066,0,0
-36719,0,0
-99267,0,0
118619,0,0
71216,0,0
-118245,0,0
18604,0,0
13819,0,0
-60082,0,0
66961,0,0
3012,0,0
56966,0,0
156041,0,0
21324,0,0
47950,0,0
-72027,0,0
-217499,0,0
-57327,0,0
-10681,0,0
11437,0,0
-68964,0,0
-56083,0,0
-108878,0,0
168996,0,0
148434,0,0
111986,0,0
-75272,0,0
-266127,0,0
-51147,0,0
126015,0,0
88468,0,0
-150005,0,0
11586,0,0
112268,0,0
58337,0,0
-16780,0,0
40900,0,0
-37362,0,0
-32678,0,0
128020,0,0
-79568,0,0
198748,0,0
60808,0,0
-53551,0,0
138624,0,0
-75652,0,0
-163280,0,0
-11151,0,0
161254,0,0
-114106,0,0
735,0,0
34719,0,0
163851,0,0
-114579,0,0
-11818,0,0
-58434,0,0
-63579,0,0
-68155,0,0
-21183,0,0
68912,0,0
148110,0,0
135110,0,0
-215804,0,0
3045,0,0
-54930,0,0
-51473,0,0
259424,0,0
3769,0,0
-168224,0,0
3676,0,0
163508,0,0
31012,0,0
-33952,0,0
-71629,0,0
83641,0,0
-75533,0,0
133891,0,0
141488,0,0
-119229,0,0
-119889,0,0
40630,0,0
44408,0,0
-72920,0,0
85008,0,0
-34801,0,0
-134661,0,0
118941,0,0
255622,0,0
-33356,0,0
-337413,0,0
-94077,0,0
153315,0,0
159146,0,0
112485,0,0
128634,0,0
-124806,0,0
-25946,0,0
-2720,0,0
-26784,0,0
178862,0,0
146436,0,0
-76513,0,0
-89352,0,0
109594,0,0
86509,0,0
199231,0,0
124500,0,0
-10167,0,0
-137063,0,0
-70032,0,0
105727,0,0
39203,0,0
83859,0,0
456,0,0
31733,0,0
57443,0,0
1375,0,0
57635,0,0
-5960,0,0
26864,0,0
37055,0,0
-29325,0,0
-96097,0,0
-53135,0,0
99503,0,0
-38240,0,0
13818,0,0
-35176,0,0
-26787,0,0
-25787,0,0
-184678,0,0
-141050,0,0
-10301,0,0
-128423,0,0
124852,0,0
42547,0,0
10028,0,0
-204630,0,0
-338307,0,0
-137028,0,0
-40133,0,0
274026,0,0
32205,0,0
-81537,0,0
-125816,0,0
-128878,0,0
-107599,0,0
107461,0,0
92877,0,0
49235,0,0
-105773,0,0
97477,0,0
-1903,0,0
20874,0,0
60155,0,0
6952,0,0
-130954,0,0
-114624,0,0
-143668,0,0
54412,0,0
128412,0,0
55183,0,0
84964,0,0
76948,0,0
-74382,0,0
-268115,0,0
-58351,0,0
-24701,0,0
-133869,0,0
-3357,0,0
252515,0,0
402792,0,0
-109699,0,0
-239439,0,0
-31845,0,0
110702,0,0
194302,0,0
-129191,0,0
-45156,0,0
33517,0,0
60870,0,0
235294,0,0
169642,0,0
-76792,0,0
105158,0,0
142010,0,0
-62325,0,0
-112966,0,0
-56416,0,0
-129012,0,0
24484,0,0
210180,0,0
301291,0,0
21424,0,0
-104199,0,0
-252778,0,0
-210446,0,0
57150,0,0
155334,0,0
241639,0,0
15560,0,0
-165142,0,0
-182100,0,0
-70205,0,0
12234,0,0
39214,0,0
85476,0,0
46796,0,0
-9802,0,0
-2799,0,0
-80457,0,0
85546,0,0
-21687,0,0
90533,0,0
-93695,0,0
-37462,0,0
-12937,0,0
70311,0,0
-169457,0,0
-12313,0,0
247799,0,0
141586,0,0
740,0,0
-69776,0,0
-118596,0,0
-11573,0,0
-59650,0,0
42613,0,0
104556,0,0
-191834,0,0
-70237,0,0
-56886,0,0
151968,0,0
187830,0,0
156998,0,0
-131733,0,0
-245724,0,0
-47460,0,0
-156917,0,0
141376,0,0
-56599,0,0
43119,0,0
8972,0,0
-114725,0,0
-76333,0,0
-220490,0,0
34284,0,0
81434,0,0
-205851,0,0
60847,0,0
217313,0,0
-220958,0,0
-248721,0,0
-120508,0,0
171078,0,0
-14201,0,0
-97845,0,0
-101197,0,0
-20908,0,0
74890,0,0
-127273,0,0
-26701,0,0
127182,0,0
217906,0,0
-3734,0,0
-132341,0,0
-118761,0,0
-133997,0,0
23645,0,0
83186,0,0
102529,0,0
-117527,0,0
-92918,0,0
21629,0,0
-172558,0,0
148885,0,0
239936,0,0
-40401,0,0
-49143,0,0
-180453,0,0
2259,0,0
-29666,0,0
-70566,0,0
35355,0,0
76081,0,0
-18945,0,0
53213,0,0
-73742,0,0
198443,0,0
211359,0,0
-85744,0,0
22747,0,0
-30020,0,0
-1173,0,0
-15288,0,0
-7001,0,0
-67149,0,0
132214,0,0
67628,0,0
-9252,0,0
107804,0,0
-43298,0,0
-143924,0,0
52156,0,0
-17193,0,0
64331,0,0
110054,0,0
-71381,0,0
-7565,0,0
-39140,0,0
-185158,0,0
6978,0,0
193853,0,0
-13440,0,0
53580,0,0
-21105,0,0
-47048,0,0
6963,0,0
35296,0,0
-7952,0,0
-11725,0,0
124482,0,0
6814,0,0
-74239,0,0
-21106,0,0
220600,0,0
1458,0,0
-49772,0,0
-312717,0,0
69878,0,0
235553,0,0
3768,0,0
-55124,0,0
14674,0,0
92103,0,0
13803,0,0
-62728,0,0
-267695,0,0
35934,0,0
186436,0,0
73037,0,0
59599,0,0
57770,0,0
-85305,0,0
18678,0,0
2924,0,0
-47585,0,0
10889,0,0
257551,0,0
257415,0,0
171700,0,0
10263,0,0
-159111,0,0
-67273,0,0
92355,0,0
169688,0,0
197338,0,0
44503,0,0
-325884,0,0
185382,0,0
507039,0,0
41009,0,0
-29092,0,0
43487,0,0
60612,0,0
-172469,0,0
145870,0,0
218335,0,0
-132924,0,0
-170991,0,0
107773,0,0
180555,0,0
-59554,0,0
253479,0,0
373069,0,0
8213,0,0
-96982,0,0
-21186,0,0
-81316,0,0
-59152,0,0
50973,0,0
121229,0,0
138666,0,0
193118,0,0
71055,0,0
79672,0,0
24050,0,0
30307,0,0
-55282,0,0
-29356,0,0
-27519,0,0
112824,0,0
13649,0,0
-14569,0,0
-5127,0,0
126053,0,0
-7196,0,0
-112150,0,0
-117364,0,0
-113633,0,0
164426,0,0
152729,0,0
-54571,0,0
-51225,0,0
-66422,0,0
42770,0,0
-153688,0,0
-288096,0,0
43875,0,0
172289,0,0
124307,0,0
179609,0,0
-4308,0,0
-198495,0,0
-86255,0,0
113325,0,0
9204,0,0
27286,0,0
-39335,0,0
4125,0,0
135205,0,0
106072,0,0
76352,0,0
-13576,0,0
-105845,0,0
-39770,0,0
33560,0,0
67637,0,0
188261,0,0
264745,0,0
117109,0,0
-155365,0,0
-90033,0,0
-95638,0,0
35983,0,0
85952,0,0
185949,0,0
166934,0,0
192888,0,0
137073,0,0
-43338,0,0
-52882,0,0
-81902,0,0
54789,0,0
103179,0,0
61185,0,0
-39734,0,0
7298,0,0
52637,0,0
-95711,0,0
-145509,0,0
-90718,0,0
116976,0,0
203790,0,0
-14552,0,0
107168,0,0
-88672,0,0
-262263,0,0
-125316,0,0
-56741,0,0
-48417,0,0
24095,0,0
-34206,0,0
-23055,0,0
74324,0,0
-64665,0,0
3848,0,0
157159,0,0
-33038,0,0
-77108,0,0
-84701,0,0
5623,0,0
-29364,0,0
-100997,0,0
48978,0,0
88577,0,0
25459,0,0
-25880,0,0
26114,0,0
-60301,0,0
-95672,0,0
-79664,0,0
184906,0,0
326302,0,0
-4385,0,0
-40365,0,0
96585,0,0
10698,0,0
-85656,0,0
38324,0,0
66265,0,0
175505,0,0
179230,0,0
-24589,0,0
-72007,0,0
54829,0,0
122236,0,0
197082,0,0
-105601,0,0
-164904,0,0
4283,0,0
111753,0,0
172873,0,0
-49538,0,0
115662,0,0
-189472,0,0
-6097,0,0
29358,0,0
-97189,0,0
-170434,0,0
118750,0,0
93220,0,0
198130,0,0
-14663,0,0
-209673,0,0
-94191,0,0
-197731,0,0
-128972,0,0
55516,0,0
84048,0,0
-86024,0,0
47687,0,0
30832,0,0
-33351,0,0
-119113,0,0
-90200,0,0
159362,0,0
54026,0,0
-75682,0,0
-92288,0,0
79948,0,0
-30242,0,0
34421,0,0
83969,0,0
-66113,0,0
-14788,0,0
93797,0,0
64365,0,0
-63693,0,0
76733,0,0
16586,0,0
-80540,0,0
-52863,0,0
114993,0,0
4179,0,0
-90415,0,0
-116385,0,0
-77582,0,0
60110,0,0
-16733,0,0
-116472,0,0
17093,0,0
126101,0,0
116382,0,0
-154989,0,0
-165086,0,0
-63413,0,0
-13475,0,0
-59346,0,0
-21822,0,0
-5951,0,0
5082,0,0
-122665,0,0
-61804,0,0
12794,0,0
-68429,0,0
-17731,0,0
-235522,0,0
-184065,0,0
34573,0,0
42223,0,0
-118182,0,0
-97281,0,0
-120678,0,0
-125529,0,0
-53767,0,0
-4547,0,0
47895,0,0
-134593,0,0
-165547,0,0
-91457,0,0
3197,0,0
64237,0,0
138085,0,0
-89433,0,0
-167123,0,0
-96287,0,0
-43218,0,0
7384,0,0
-60896,0,0
62458,0,0
-84453,0,0
30074,0,0
-106360,0,0
-198782,0,0
-10309,0,0
-146649,0,0
-57335,0,0
-214796,0,0
-104654,0,0
-33759,0,0
-55078,0,0
-290908,0,0
231685,0,0
75790,0,0
-259067,0,0
-169016,0,0
-80855,0,0
-51700,0,0
-55192,0,0
-200792,0,0
-44285,0,0
33744,0,0
133813,0,0
-25650,0,0
-140870,0,0
21309,0,0
82273,0,0
5544,0,0
-78096,0,0
-161196,0,0
-74489,0,0
159700,0,0
94422,0,0
-101333,0,0
-94937,0,0
-118777,0,0
-995,0,0
12403,0,0
-54273,0,0
141448,0,0
-153055,0,0
-47078,0,0
-21567,0,0
-66270,0,0
-101030,0,0
70401,0,0
144487,0,0
-2104,0,0
-158863,0,0
-147026,0,0
35911,0,0
-46497,0,0
41094,0,0
-392,0,0
-64856,0,0
99166,0,0
-122768,0,0
-213259,0,0
-15739,0,0
162062,0,0
189369,0,0
-11587,0,0
-130440,0,0
-171562,0,0
-171977,0,0
-73857,0,0
179554,0,0
159403,0,0
294,0,0
-77452,0,0
69049,0,0
43642,0,0
-119707,0,0
-20476,0,0
121307,0,0
108689,0,0
237252,0,0
5091,0,0
-56764,0,0
-21476,0,0
80801,0,0
12189,0,0
-138103,0,0
-134825,0,0
260846,0,0
154957,0,0
133856,0,0
8213,0,0
-34735,0,0
88753,0,0
-79802,0,0
-100705,0,0
82169,0,0
135525,0,0
78154,0,0
-70899,0,0
-80580,0,0
-44452,0,0
-39183,0,0
-13404,0,0
243865,0,0
373921,0,0
-29622,0,0
-173121,0,0
24437,0,0
-139200,0,0
-122982,0,0
55299,0,0
70165,0,0
36543,0,0
92401,0,0
-84308,0,0
24544,0,0
174022,0,0
-69074,0,0
-132948,0,0
20017,0,0
3780,0,0
-68210,0,0
-42766,0,0
-45581,0,0
-276,0,0
5051,0,0
-5669,0,0
-154811,0,0
29804,0,0
215167,0,0
82634,0,0
-81965,0,0
-108915,0,0
-13022,0,0
-194222,0,0
-115283,0,0
164883,0,0
145251,0,0
-56540,0,0
-103361,0,0
69860,0,0
44677,0,0
-25583,0,0
55591,0,0
-221926,0,0
-38025,0,0
121385,0,0
54656,0,0
-9997,0,0
51756,0,0
112,0,0
-99141,0,0
46719,0,0
-107623,0,0
-137814,0,0
95881,0,0
103087,0,0
99979,0,0
210176,0,0
-133840,0,0
-153252,0,0
-120577,0,0
-26169,0,0
238035,0,0
142418,0,0
21528,0,0
-134134,0,0
137017,0,0
28880,0,0
-265287,0,0
-27043,0,0
181588,0,0
189839,0,0
40208,0,0
-28710,0,0
-72832,0,0
-79143,0,0
55604,0,0
9319,0,0
82164,0,0
-83688,0,0
97349,0,0
144239,0,0
-63488,0,0
197593,0,0
37417,0,0
6956,0,0
14013,0,0
-62221,0,0
-46889,0,0
137688,0,0
-66928,0,0
106430,0,0
199578,0,0
73082,0,0
42240,0,0
25656,0,0
-37164,0,0
-87274,0,0
-23828,0,0
30598,0,0
145023,0,0
73949,0,0
-142754,0,0
-61518,0,0
-84493,0,0
-6715,0,0
219896,0,0
56642,0,0
-155447,0,0
-70906,0,0
-153300,0,0
-40985,0,0
68483,0,0
17603,0,0
-42453,0,0
-3809,0,0
-44284,0,0
-122256,0,0
110232,0,0
-57975,0,0
-58893,0,0
-145692,0,0
-50815,0,0
50216,0,0
-94714,0,0
-41032,0,0
111268,0,0
134824,0,0
-43673,0,0
-372301,0,0
33518,0,0
180270,0,0
-89608,0,0
-61101,0,0
48308,0,0
99331,0,0
-1104,0,0
-45335,0,0
35843,0,0
97153,0,0
60330,0,0
18517,0,0
12004,0,0
210,0,0
-8812,0,0
28772,0,0
14388,0,0
160642,0,0
19050,0,0
-30182,0,0
186991,0,0
-94545,0,0
-43299,0,0
-100768,0,0
-10276,0,0
43952,0,0
-27806,0,0
13854,0,0
40945,0,0
348572,0,0
108499,0,0
-26586,0,0
-240798,0,0
-81715,0,0
64609,0,0
39862,0,0
101696,0,0
18173,0,0
-3167,0,0
62951,0,0
-67977,0,0
66328,0,0
134824,0,0
145421,0,0
-229535,0,0
-94096,0,0
-10727,0,0
-28295,0,0
19904,0,0
145898,0,0
-34616,0,0
-222591,0,0
-98382,0,0
-109557,0,0
-35147,0,0
159261,0,0
-60926,0,0
-104314,0,0
148779,0,0
-121437,0,0
-244793,0,0
75088,0,0
93094,0,0
59427,0,0
98446,0,0
-7474,0,0
-147809,0,0
-80704,0,0
-52053,0,0
32431,0,0
21695,0,0
-32172,0,0
105546,0,0
109433,0,0
-100422,0,0
-31122,0,0
-17472,0,0
19613,0,0
-1639,0,0
70819,0,0
69735,0,0
-274804,0,0
-312181,0,0
-68683,0,0
219137,0,0
186420,0,0
255994,0,0
-67176,0,0
-168135,0,0
52157,0,0
93522,0,0
27220,0,0
-92159,0,0
42173,0,0
-58443,0,0
114715,0,0
89621,0,0
34671,0,0
77423,0,0
143939,0,0
32205,0,0
-25110,0,0
37428,0,0
-35619,0,0
59404,0,0
87636,0,0
31881,0,0
463,0,0
-50807,0,0
-46226,0,0
41462,0,0
44264,0,0
-45646,0,0
-69935,0,0
-60650,0,0
68561,0,0
173098,0,0
-116617,0,0
-136110,0,0
-90918,0,0
-143988,0,0
-28979,0,0
44105,0,0
84197,0,0
28387,0,0
81143,0,0
-137263,0,0
-123647,0,0
-75677,0,0
-177315,0,0
-45065,0,0
99728,0,0
-73492,0,0
-14159,0,0
157755,0,0
134264,0,0
-142382,0,0
-153957,0,0
34683,0,0
120171,0,0
-137655,0,0
-71469,0,0
78632,0,0
8139,0,0
-93050,0,0
13815,0,0
208870,0,0
-98818,0,0
60841,0,0
78609,0,0
-151974,0,0
-92840,0,0
-45669,0,0
11191,0,0
63985,0,0
74995,0,0
-4376,0,0
-22091,0,0
-30963,0,0
1751,0,0
-215744,0,0
-230682,0,0
235937,0,0
415366,0,0
64615,0,0
-245330,0,0
-108837,0,0
209146,0,0
-43877,0,0
-26682,0,0
-63920,0,0
111302,0,0
34979,0,0
88844,0,0
147838,0,0
103445,0,0
-81936,0,0
-113215,0,0
-84349,0,0
142551,0,0
114705,0,0
-138860,0,0
-116132,0,0
58704,0,0
165980,0,0
52129,0,0
-121707,0,0
-40133,0,0
-51312,0,0
-68311,0,0
-29855,0,0
66852,0,0
55839,0,0
43729,0,0
26659,0,0
-20679,0,0
-37734,0,0
38358,0,0
-34795,0,0
-28499,0,0
-59311,0,0
-35664,0,0
-12703,0,0
-107769,0,0
-79168,0,0
64585,0,0
-110556,0,0
-79161,0,0
-191902,0,0
120339,0,0
259689,0,0
-91816,0,0
-336891,0,0
646,0,0
-47231,0,0
101557,0,0
-15537,0,0
27529,0,0
-6612,0,0
-12454,0,0
124935,0,0
8035,0,0
107946,0,0
-9645,0,0
9848,0,0
173600,0,0
-11222,0,0
-4710,0,0
74214,0,0
62749,0,0
1814,0,0
-109727,0,0
100741,0,0
1095,0,0
-117914,0,0
178815,0,0
58754,0,0
-173691,0,0
-88131,0,0
18421,0,0
78688,0,0
-40400,0,0
-59226,0,0
234266,0,0
-177162,0,0
-213725,0,0
-118560,0,0
155363,0,0
139405,0,0
74052,0,0
-5679,0,0
-112418,0,0
-154310,0,0
-59621,0,0
36947,0,0
-32744,0,0
161812,0,0
-78967,0,0
-10097,0,0
-38251,0,0
-86554,0,0
-140490,0,0
120477,0,0
88587,0,0
46805,0,0
23759,0,0
-131844,0,0
-130886,0,0
94167,0,0
130153,0,0
61072,0,0
-109152,0,0
-19019,0,0
172509,0,0
-19601,0,0
-34881,0,0
-57098,0,0
72246,0,0
-69686,0,0
141015,0,0
4945,0,0
-55600,0,0
99818,0,0
-51379,0,0
-168592,0,0
-19119,0,0
51925,0,0
216166,0,0
-132402,0,0
-206947,0,0
139432,0,0
92961,0,0
-144985,0,0
-100339,0,0
30752,0,0
256400,0,0
-5277,0,0
57504,0,0
-92863,0,0
113660,0,0
-24913,0,0
-30931,0,0
33049,0,0
57340,0,0
-35789,0,0
112604,0,0
-37622,0,0
138784,0,0
-12508,0,0
99726,0,0
-30244,0,0
17834,0,0
-58517,0,0
83319,0,0
38936,0,0
-15825,0,0
-99213,0,0
-16606,0,0
67628,0,0
-70982,0,0
99093,0,0
-47178,0,0
14121,0,0
19066,0,0
-89456,0,0
-69438,0,0
-75995,0,0
-19782,0,0
-128610,0,0
-121285,0,0
107863,0,0
106653,0,0
-276380,0,0
-105688,0,0
-222538,0,0
81903,0,0
72677,0,0
-155856,0,0
-13971,0,0
-34492,0,0
-68042,0,0
-219779,0,0
-60881,0,0
29030,0,0
18400,0,0
85202,0,0
9859,0,0
95223,0,0
-45756,0,0
-208700,0,0
52094,0,0
113106,0,0
157597,0,0
-28640,0,0
-115534,0,0
-163393,0,0
219828,0,0
133362,0,0
-67740,0,0
88661,0,0
40084,0,0
14166,0,0
-157555,0,0
-79459,0,0
89321,0,0
69574,0,0
-22580,0,0
191276,0,0
46615,0,0
-265733,0,0
-21128,0,0
141723,0,0
76908,0,0
-1935,0,0
-46092,0,0
-67651,0,0
45773,0,0
194729,0,0
13204,0,0
-143848,0,0
-73992,0,0
93265,0,0
170043,0,0
67076,0,0
1546,0,0
94337,0,0
-50582,0,0
-67165,0,0
-57926,0,0
-15268,0,0
45632,0,0
128243,0,0
124724,0,0
149120,0,0
111942,0,0
-127970,0,0
3752,0,0
-41560,0,0
124882,0,0
168998,0,0
-72796,0,0
-248680,0,0
-206323,0,0
239133,0,0
220406,0,0
190729,0,0
-164126,0,0
-76890,0,0
152374,0,0
-18864,0,0
-80746,0,0
54076,0,0
-43066,0,0
-107706,0,0
-17033,0,0
-51999,0,0
176968,0,0
118674,0,0
-72864,0,0
52348,0,0
-104147,0,0
-99522,0,0
29204,0,0
34604,0,0
177159,0,0
123153,0,0
-134659,0,0
-141650,0,0
-59568,0,0
-61014,0,0
58157,0,0
140276,0,0
-65265,0,0
-28724,0,0
-57544,0,0
123407,0,0
74104,0,0
72742,0,0
-29845,0,0
-281187,0,0
-56038,0,0
50452,0,0
149443,0,0
105049,0,0
34173,0,0
27167,0,0
-95333,0,0
3669,0,0
-24690,0,0
-123847,0,0
-97065,0,0
-115887,0,0
245268,0,0
194875,0,0
-99986,0,0
-178545,0,0
94754,0,0
-29621,0,0
78593,0,0
-143459,0,0
-128126,0,0
29248,0,0
173877,0,0
72178,0,0
-46409,0,0
-41332,0,0
-8592,0,0
-59067,0,0
-81586,0,0
-53182,0,0
124665,0,0
373205,0,0
16248,0,0
-177343,0,0
33153,0,0
142679,0,0
-147832,0,0
9191,0,0
-44761,0,0
26361,0,0
75534,0,0
86152,0,0
331,0,0
-13657,0,0
98347,0,0
94582,0,0
85200,0,0
94266,0,0
-81489,0,0
-61218,0,0
-58758,0,0
111722,0,0
131263,0,0
26268,0,0
41108,0,0
-20229,0,0
-26841,0,0
73082,0,0
110221,0,0
-90535,0,0
-143408,0,0
-43049,0,0
207559,0,0
119819,0,0
-174376,0,0
20586,0,0
-23586,0,0
-36271,0,0
94079,0,0
-45549,0,0
49933,0,0
-23797,0,0
-79322,0,0
24105,0,0
133032,0,0
72952,0,0
84610,0,0
-31670,0,0
15102,0,0
-12031,0,0
-21263,0,0
100467,0,0
-2276,0,0
-37726,0,0
346828,0,0
-985,0,0
-311310,0,0
-32183,0,0
330150,0,0
12338,0,0
2020,0,0
-18536,0,0
141780,0,0
26736,0,0
-63327,0,0
-4985,0,0
33939,0,0
-89385,0,0
74839,0,0
123994,0,0
83184,0,0
-138688,0,0
-153820,0,0
-139122,0,0
210112,0,0
257168,0,0
124735,0,0
-56787,0,0
-188833,0,0
-290533,0,0
-146820,0,0
94872,0,0
114374,0,0
-71595,0,0
15626,0,0
96791,0,0
-30626,0,0
-139853,0,0
-139710,0,0
-143044,0,0
-56640,0,0
39102,0,0
-23169,0,0
118547,0,0
-24915,0,0
-600,0,0
-52511,0,0
-147755,0,0
-187501,0,0
-233642,0,0
209871,0,0
76514,0,0
169463,0,0
4710,0,0
-171800,0,0
-128097,0,0
167224,0,0
-85926,0,0
-108779,0,0
-79426,0,0
-131950,0,0
100271,0,0
155250,0,0
44339,0,0
-121734,0,0
-33424,0,0
-4949,0,0
-164175,0,0
-29405,0,0
-23013,0,0
13186,0,0
80315,0,0
114511,0,0
-214947,0,0
-278355,0,0
-138758,0,0
144543,0,0
226907,0,0
31830,0,0
-183382,0,0
-280713,0,0
-196262,0,0
123624,0,0
37933,0,0
-62845,0,0
99859,0,0
-181096,0,0
-180325,0,0
57419,0,0
-63333,0,0
3770,0,0
66119,0,0
-121019,0,0
-36297,0,0
-52011,0,0
2757,0,0
-9192,0,0
-177974,0,0
-17753,0,0
143009,0,0
-37554,0,0
3778,0,0
-16262,0,0
17473,0,0
21912,0,0
-73155,0,0
-25324,0,0
130213,0,0
63164,0,0
-55920,0,0
-68833,0,0
65607,0,0
292362,0,0
-95108,0,0
-70333,0,0
-42482,0,0
97045,0,0
302566,0,0
305715,0,0
-146401,0,0
-127185,0,0
4035,0,0
118992,0,0
199686,0,0
316938,0,0
168652,0,0
-40476,0,0
-29378,0,0
83399,0,0
99894,0,0
-42182,0,0
-23935,0,0
68496,0,0
131531,0,0
233594,0,0
48291,0,0
90755,0,0
138321,0,0
23797,0,0
-151621,0,0
-109012,0,0
63715,0,0
174520,0,0
33040,0,0
-136713,0,0
27178,0,0
-95324,0,0
-7000,0,0
18238,0,0
-55912,0,0
223868,0,0
144464,0,0
-259362,0,0
-106677,0,0
1280,0,0
-39331,0,0
56659,0,0
217983,0,0
-147659,0,0
-209563,0,0
30344,0,0
6403,0,0
-33790,0,0
-38872,0,0
15714,0,0
162029,0,0
29768,0,0
-73305,0,0
77910,0,0
108582,0,0
-49167,0,0
-184084,0,0
-123591,0,0
13794,0,0
119296,0,0
62033,0,0
208416,0,0
-66755,0,0
-242007,0,0
-245422,0,0
-54282,0,0
188922,0,0
177257,0,0
221933,0,0
-58482,0,0
-102786,0,0
-119012,0,0
-102694,0,0
-80142,0,0
-114701,0,0
-30375,0,0
190643,0,0
-212128,0,0
12410,0,0
184808,0,0
-9561,0,0
80425,0,0
-37850,0,0
-133921,0,0
-124583,0,0
-17444,0,0
175552,0,0
50153,0,0
-82946,0,0
42125,0,0
154190,0,0
22145,0,0
191288,0,0
44023,0,0
-115126,0,0
18816,0,0
71254,0,0
127759,0,0
248318,0,0
137797,0,0
782,0,0
-104270,0,0
-85280,0,0
144081,0,0
123390,0,0
-120436,0,0
-148842,0,0
-157673,0,0
69994,0,0
37762,0,0
274919,0,0
6067,0,0
-180512,0,0
24725,0,0
-233363,0,0
-162468,0,0
47455,0,0
248958,0,0
-27765,0,0
20189,0,0
-36380,0,0
-87,0,0
47557,0,0
46106,0,0
-44178,0,0
-23372,0,0
-30747,0,0
4430,0,0
-6997,0,0
1595,0,0
137992,0,0
14319,0,0
-72395,0,0
-3711,0,0
33333,0,0
-227351,0,0
-222506,0,0
-133563,0,0
-10108,0,0
119807,0,0
-46832,0,0
-87118,0,0
-75235,0,0
98155,0,0
-113878,0,0
-73443,0,0
-139859,0,0
-53506,0,0
-39741,0,0
-41228,0,0
29440,0,0
-36730,0,0
-76063,0,0
-25481,0,0
263831,0,0
159601,0,0
23701,0,0
-240902,0,0
-224597,0,0
105144,0,0
176720,0,0
54617,0,0
90319,0,0
-94351,0,0
65137,0,0
143303,0,0
20722,0,0
28592,0,0
19945,0,0
55888,0,0
-53912,0,0
-57645,0,0
86954,0,0
207083,0,0
-30575,0,0
-95152,0,0
-79526,0,0
-58837,0,0
-4781,0,0
82710,0,0
143431,0,0
-156721,0,0
-25705,0,0
-7193,0,0
-18361,0,0
-119172,0,0
-220199,0,0
63377,0,0
-13715,0,0
-128569,0,0
63977,0,0
-43193,0,0
-121805,0,0
-67362,0,0
46178,0,0
306499,0,0
-44205,0,0
-352578,0,0
-175460,0,0
48520,0,0
117159,0,0
217910,0,0
-237591,0,0
55252,0,0
285682,0,0
-10100,0,0
-149117,0,0
67285,0,0
53136,0,0
-54166,0,0
40831,0,0
131134,0,0
-51137,0,0
123316,0,0
99508,0,0
48876,0,0
-4561,0,0
22333,0,0
-1667,0,0
60188,0,0
-23083,0,0
-87786,0,0
-95465,0,0
20991,0,0
54911,0,0
-23206,0,0
-95715,0,0
212155,0,0
18113,0,0
-257169,0,0
295143,0,0
50334,0,0
-239851,0,0
-177162,0,0
-99397,0,0
-102619,0,0
108993,0,0
159933,0,0
128379,0,0
-49334,0,0
-43585,0,0
34109,0,0
44444,0,0
-129758,0,0
-76051,0,0
-11461,0,0
115659,0,0
101601,0,0
-108342,0,0
-74500,0,0
188660,0,0
61119,0,0
-22112,0,0
-9683,0,0
-165251,0,0
67169,0,0
109564,0,0
-35212,0,0
133071,0,0
-9369,0,0
39036,0,0
204828,0,0
-4571,0,0
-40850,0,0
-64911,0,0
-96215,0,0
-40799,0,0
8484,0,0
146220,0,0
274087,0,0
86934,0,0
-132114,0,0
-84528,0,0
60094,0,0
394,0,0
-257334,0,0
151690,0,0
66225,0,0
-50636,0,0
94007,0,0
-290617,0,0
-3367,0,0
366191,0,0
-58923,0,0
-148680,0,0
111566,0,0
29575,0,0
-34308,0,0
58525,0,0
-46258,0,0
-95476,0,0
31245,0,0
186786,0,0
59291,0,0
65705,0,0
68578,0,0
-11239,0,0
-53543,0,0
-59839,0,0
150637,0,0
-77434,0,0
193547,0,0
105487,0,0
-90159,0,0
-60175,0,0
-36575,0,0
-52645,0,0
-115732,0,0
-110344,0,0
80595,0,0
444960,0,0
-103779,0,0
-362311,0,0
-132761,0,0
26300,0,0
67211,0,0
66537,0,0
-32611,0,0
-166014,0,0
-14447,0,0
-153539,0,0
-129788,0,0
-31796,0,0
-90608,0,0
-75251,0,0
9026,0,0
32695,0,0
-14440,0,0
-188199,0,0
-158097,0,0
-3946,0,0
76548,0,0
-54920,0,0
-213802,0,0
87480,0,0
-27254,0,0
-158668,0,0
127896,0,0
92705,0,0
-32269,0,0
-111567,0,0
95802,0,0
87838,0,0
46214,0,0
-15892,0,0
-28804,0,0
-72315,0,0
42973,0,0
-60816,0,0
-9878,0,0
-12759,0,0
364527,0,0
168092,0,0
-202356,0,0
-156967,0,0
11272,0,0
45940,0,0
-79136,0,0
-61288,0,0
113138,0,0
108942,0,0
275990,0,0
-121222,0,0
-111621,0,0
-48718,0,0
8672,0,0
-8549,0,0
-17313,0,0
127875,0,0
150553,0,0
168840,0,0
-144400,0,0
-173957,0,0
-12383,0,0
177788,0,0
47351,0,0
100019,0,0
72913,0,0
-59439,0,0
-35626,0,0
-73252,0,0
41384,0,0
252509,0,0
143714,0,0
-41749,0,0
-142459,0,0
-34291,0,0
-9147,0,0
65862,0,0
24815,0,0
48729,0,0
54659,0,0
-11052,0,0
24238,0,0
-144303,0,0
-57762,0,0
18507,0,0
-69010,0,0
-101435,0,0
70087,0,0
87128,0,0
134486,0,0
-124782,0,0
-135479,0,0
31827,0,0
46316,0,0
-55062,0,0
42250,0,0
-12245,0,0
-32218,0,0
77960,0,0
-30496,0,0
93555,0,0
106993,0,0
-58634,0,0
-206991,0,0
-45534,0,0
116107,0,0
177789,0,0
-28130,0,0
-96550,0,0
-47863,0,0
74126,0,0
19987,0,0
51647,0,0
-42999,0,0
-100488,0,0
-92300,0,0
73748,0,0
-12227,0,0
74608,0,0
69176,0,0
-99409,0,0
-125809,0,0
-39591,0,0
-67403,0,0
-86739,0,0
-180267,0,0
25890,0,0
235888,0,0
24567,0,0
-278870,0,0
-40099,0,0
-79957,0,0
-15986,0,0
-62963,0,0
103562,0,0
-39691,0,0
-158063,0,0
191684,0,0
92088,0,0
-34930,0,0
-96896,0,0
34671,0,0
-57978,0,0
118701,0,0
92361,0,0
-52730,0,0
70493,0,0
230673,0,0
7197,0,0
-111068,0,0
17162,0,0
-65918,0,0
13441,0,0
147098,0,0
-121354,0,0
-132710,0,0
49240,0,0
-56312,0,0
76757,0,0
37139,0,0
151845,0,0
-99735,0,0
-252457,0,0
89107,0,0
-54295,0,0
-55522,0,0
12761,0,0
40795,0,0
25538,0,0
-85018,0,0
-166897,0,0
-2545,0,0
116034,0,0
32795,0,0
-27034,0,0
110621,0,0
-28098,0,0
-23600,0,0
93553,0,0
24603,0,0
-100822,0,0
-71338,0,0
199377,0,0
-11764,0,0
-27959,0,0
83339,0,0
122177,0,0
60084,0,0
-69712,0,0
-37660,0,0
136111,0,0
73839,0,0
-35881,0,0
-111961,0,0
-111731,0,0
20118,0,0
-46199,0,0
64528,0,0
-33411,0,0
36243,0,0
-22236,0,0
-164734,0,0
-174288,0,0
-9028,0,0
232195,0,0
75273,0,0
-213431,0,0
-233356,0,0
-122431,0,0
-18474,0,0
35168,0,0
26331,0,0
36278,0,0
131286,0,0
-195011,0,0
-214767,0,0
207276,0,0
67241,0,0
-10184,0,0
-51396,0,0
-112514,0,0
94663,0,0
67532,0,0
-78235,0,0
-169740,0,0
-98862,0,0
-45132,0,0
130377,0,0
145268,0,0
-5649,0,0
-22863,0,0
-187307,0,0
-100159,0,0
-91991,0,0
-28910,0,0
-50631,0,0
-87876,0,0
136074,0,0
-41956,0,0
-68701,0,0
-80398,0,0
-27836,0,0
-37120,0,0
-3523,0,0
-11243,0,0
-140525,0,0
-4480,0,0
170204,0,0
44972,0,0
-143447,0,0
-78813,0,0
-86595,0,0
-58741,0,0
112584,0,0
180111,0,0
-50608,0,0
11721,0,0
-59157,0,0
-103480,0,0
17181,0,0
38676,0,0
50036,0,0
-19361,0,0
26187,0,0
182691,0,0
-96505,0,0
-23752,0,0
88377,0,0
-21180,0,0
-7575,0,0
33111,0,0
-31650,0,0
80279,0,0
73032,0,0
-125604,0,0
83374,0,0
80781,0,0
98714,0,0
-28178,0,0
-66628,0,0
214342,0,0
-21218,0,0
-67552,0,0
-14853,0,0
95612,0,0
136133,0,0
-42288,0,0
101898,0,0
29399,0,0
-176467,0,0
21169,0,0
144165,0,0
233213,0,0
100680,0,0
-77555,0,0
14120,0,0
-148899,0,0
-216523,0,0
49725,0,0
61056,0,0
177763,0,0
168524,0,0
-90236,0,0
-92325,0,0
216,0,0
16244,0,0
-150481,0,0
98590,0,0
119157,0,0
-9288,0,0
-98777,0,0
-85380,0,0
109454,0,0
77165,0,0
-12226,0,0
35098,0,0
-44302,0,0
-125957,0,0
179919,0,0
149463,0,0
-127994,0,0
-58110,0,0
-103194,0,0
-165004,0,0
139469,0,0
14132,0,0
24207,0,0
180127,0,0
-107085,0,0
-66735,0,0
180589,0,0
-38591,0,0
-105239,0,0
194687,0,0
-52776,0,0
-1648,0,0
31485,0,0
-10089,0,0
