-476837,0,0
-559826,0,0
-373291,0,0
89775,0,0
338989,0,0
330671,0,0
184394,0,0
-141571,0,0
-388479,0,0
-473702,0,0
-619757,0,0
-583782,0,0
-336317,0,0
102501,0,0
290503,0,0
277449,0,0
104357,0,0
-204906,0,0
-504418,0,0
-616991,0,0
-632697,0,0
-522217,0,0
-224745,0,0
81640,0,0
275479,0,0
292147,0,0
51941,0,0
-325294,0,0
-533480,0,0
-594164,0,0
-586621,0,0
-474561,0,0
-171823,0,0
107684,0,0
332992,0,0
310263,0,0
34656,0,0
-302071,0,0
-520126,0,0
-602310,0,0
-607199,0,0
-289439,0,0
163981,0,0
438175,0,0
280345,0,0
115951,0,0
-78040,0,0
-376460,0,0
-481619,0,0
-516596,0,0
-431110,0,0
-186168,0,0
128030,0,0
362455,0,0
429412,0,0
264510,0,0
-133904,0,0
-517717,0,0
-616242,0,0
-390827,0,0
-115787,0,0
294900,0,0
520383,0,0
531161,0,0
326287,0,0
4819,0,0
-345315,0,0
-543995,0,0
-467919,0,0
-437675,0,0
-106195,0,0
303429,0,0
438087,0,0
405861,0,0
158282,0,0
-255791,0,0
-523066,0,0
-479696,0,0
-526080,0,0
-361097,0,0
26830,0,0
313879,0,0
422655,0,0
307723,0,0
-35305,0,0
-357408,0,0
-529703,0,0
-631628,0,0
-488611,0,0
-171264,0,0
145431,0,0
303890,0,0
322397,0,0
197802,0,0
-122836,0,0
-517001,0,0
-646655,0,0
-597197,0,0
-467961,0,0
-18129,0,0
250412,0,0
299055,0,0
338617,0,0
58713,0,0
-336192,0,0
-325981,0,0
-442279,0,0
-585171,0,0
-336808,0,0
8640,0,0
335114,0,0
458029,0,0
182004,0,0
-147537,0,0
-396692,0,0
-585800,0,0
-598282,0,0
-479929,0,0
-162163,0,0
193645,0,0
327906,0,0
297729,0,0
119505,0,0
-231184,0,0
-544476,0,0
-537250,0,0
-566350,0,0
-461895,0,0
-33148,0,0
283101,0,0
355816,0,0
255810,0,0
-75719,0,0
-428673,0,0
-535398,0,0
-598006,0,0
-590382,0,0
-312449,0,0
22462,0,0
303112,0,0
323521,0,0
223131,0,0
-89310,0,0
-484602,0,0
-705830,0,0
-679482,0,0
-549718,0,0
-217797,0,0
191525,0,0
293060,0,0
318571,0,0
113774,0,0
-254986,0,0
-527622,0,0
-630405,0,0
-624630,0,0
-522165,0,0
-105050,0,0
261532,0,0
402187,0,0
289006,0,0
-15879,0,0
-321959,0,0
-476390,0,0
-547768,0,0
-485857,0,0
-296426,0,0
-2120,0,0
318094,0,0
338661,0,0
233733,0,0
-67652,0,0
-413301,0,0
-513212,0,0
-543088,0,0
-527906,0,0
-184451,0,0
341203,0,0
477906,0,0
397728,0,0
165098,0,0
-244216,0,0
-514838,0,0
-585737,0,0
-563963,0,0
-383009,0,0
69097,0,0
376573,0,0
445006,0,0
315468,0,0
-11839,0,0
-361845,0,0
-561784,0,0
-567351,0,0
-500796,0,0
-206737,0,0
201220,0,0
511565,0,0
475558,0,0
211018,0,0
-150477,0,0
-520089,0,0
-535720,0,0
-534943,0,0
-404480,0,0
52201,0,0
400169,0,0
434710,0,0
312116,0,0
-47537,0,0
-440381,0,0
-560554,0,0
-595066,0,0
-502459,0,0
-149890,0,0
224390,0,0
355802,0,0
368865,0,0
112816,0,0
-223670,0,0
-466983,0,0
-506476,0,0
-520798,0,0
-484684,0,0
-100306,0,0
268267,0,0
486469,0,0
429866,0,0
65764,0,0
-431292,0,0
-604144,0,0
-522446,0,0
-505910,0,0
-282818,0,0
150355,0,0
348914,0,0
354168,0,0
245672,0,0
-92791,0,0
-427083,0,0
-532657,0,0
-580940,0,0
-490195,0,0
-45530,0,0
312501,0,0
501264,0,0
486020,0,0
182032,0,0
-216132,0,0
-555507,0,0
-613478,0,0
-493787,0,0
-255379,0,0
202486,0,0
430640,0,0
470797,0,0
261082,0,0
-9716,0,0
-365183,0,0
-509580,0,0
-513467,0,0
-407431,0,0
36381,0,0
439167,0,0
470658,0,0
354181,0,0
43393,0,0
-334632,0,0
-454729,0,0
-526861,0,0
-576526,0,0
-288333,0,0
91424,0,0
442754,0,0
468364,0,0
165699,0,0
-240991,0,0
-509337,0,0
-431190,0,0
-438528,0,0
-476322,0,0
-151509,0,0
242587,0,0
395524,0,0
332727,0,0
76013,0,0
-299121,0,0
-436803,0,0
-403486,0,0
-530021,0,0
-298257,0,0
135632,0,0
534519,0,0
575678,0,0
332808,0,0
-173978,0,0
-487850,0,0
-481624,0,0
-422550,0,0
-237383,0,0
134559,0,0
440036,0,0
567259,0,0
389373,0,0
-64399,0,0
-315772,0,0
-316942,0,0
-405297,0,0
-265023,0,0
51285,0,0
279375,0,0
453785,0,0
355883,0,0
60391,0,0
-214784,0,0
-463267,0,0
-564262,0,0
-436236,0,0
-128974,0,0
340251,0,0
507320,0,0
422851,0,0
186602,0,0
-92195,0,0
-457815,0,0
-514812,0,0
-516518,0,0
-505167,0,0
-132345,0,0
211560,0,0
301351,0,0
263439,0,0
6701,0,0
-352607,0,0
-306372,0,0
-507531,0,0
-667069,0,0
-400724,0,0
2801,0,0
408711,0,0
488149,0,0
231157,0,0
-80525,0,0
-354453,0,0
-433097,0,0
-341225,0,0
-231042,0,0
25726,0,0
316341,0,0
365018,0,0
251827,0,0
-23296,0,0
-411627,0,0
-514817,0,0
-419268,0,0
-306904,0,0
-49351,0,0
286958,0,0
371226,0,0
336672,0,0
122855,0,0
-224203,0,0
-374685,0,0
-374301,0,0
-411014,0,0
-320176,0,0
50008,0,0
270447,0,0
431838,0,0
301122,0,0
-91730,0,0
-374180,0,0
-541393,0,0
-658066,0,0
-612162,0,0
-269100,0,0
54185,0,0
320440,0,0
366254,0,0
263663,0,0
84600,0,0
-475893,0,0
-616944,0,0
-645080,0,0
-488109,0,0
-28974,0,0
277268,0,0
315654,0,0
322596,0,0
63836,0,0
-419971,0,0
-510735,0,0
-571898,0,0
-420135,0,0
15246,0,0
364559,0,0
488637,0,0
502868,0,0
215780,0,0
-86290,0,0
-173790,0,0
-310580,0,0
-342578,0,0
-56829,0,0
130113,0,0
404544,0,0
422462,0,0
203080,0,0
5946,0,0
-580127,0,0
-664602,0,0
-537191,0,0
-526658,0,0
-185237,0,0
216173,0,0
381242,0,0
272929,0,0
764,0,0
-410817,0,0
-551091,0,0
-515606,0,0
-647415,0,0
-321200,0,0
145612,0,0
361564,0,0
368850,0,0
166907,0,0
-211887,0,0
-455169,0,0
-560778,0,0
-638225,0,0
-457781,0,0
-66560,0,0
255530,0,0
449851,0,0
279114,0,0
-69338,0,0
-389300,0,0
-574289,0,0
-579228,0,0
-507499,0,0
-236642,0,0
305319,0,0
526870,0,0
393801,0,0
109122,0,0
-295508,0,0
-585976,0,0
-569665,0,0
-526594,0,0
-257717,0,0
276202,0,0
577748,0,0
548238,0,0
341740,0,0
-100865,0,0
-419970,0,0
-449727,0,0
-452925,0,0
-319198,0,0
244202,0,0
632795,0,0
719543,0,0
594580,0,0
180913,0,0
-216004,0,0
-502021,0,0
-603079,0,0
-383389,0,0
-69757,0,0
380276,0,0
523515,0,0
377183,0,0
60879,0,0
-254271,0,0
-592726,0,0
-668710,0,0
-605831,0,0
-515854,0,0
-53804,0,0
419851,0,0
571486,0,0
427942,0,0
74676,0,0
-470246,0,0
-565343,0,0
-440638,0,0
-528932,0,0
-139607,0,0
279858,0,0
508394,0,0
522898,0,0
227985,0,0
-166447,0,0
-400563,0,0
-601067,0,0
-654709,0,0
-419494,0,0
155359,0,0
391408,0,0
467576,0,0
293919,0,0
67076,0,0
-65659,0,0
-334801,0,0
-411442,0,0
-392394,0,0
-49001,0,0
355193,0,0
534949,0,0
455908,0,0
221365,0,0
-133108,0,0
-427885,0,0
-506968,0,0
-530149,0,0
-317011,0,0
142620,0,0
332054,0,0
332871,0,0
165573,0,0
-224307,0,0
-560949,0,0
-642229,0,0
-705801,0,0
-631159,0,0
-220805,0,0
138834,0,0
431855,0,0
250072,0,0
-133594,0,0
-440981,0,0
-640031,0,0
-666423,0,0
-577625,0,0
-333431,0,0
43704,0,0
345993,0,0
342033,0,0
151405,0,0
-136784,0,0
-553877,0,0
-542347,0,0
-469412,0,0
-478059,0,0
-157239,0,0
251549,0,0
371684,0,0
261122,0,0
-89660,0,0
-522709,0,0
-635189,0,0
-637120,0,0
-601558,0,0
-325887,0,0
9796,0,0
284246,0,0
428183,0,0
204306,0,0
-134015,0,0
-395808,0,0
-627998,0,0
-596741,0,0
-407440,0,0
-45606,0,0
330388,0,0
476076,0,0
270674,0,0
-37000,0,0
-432010,0,0
-631757,0,0
-514476,0,0
-525749,0,0
-202803,0,0
158345,0,0
299801,0,0
360265,0,0
138977,0,0
-279620,0,0
-586171,0,0
-605345,0,0
-637853,0,0
-421010,0,0
-67891,0,0
201054,0,0
368182,0,0
238933,0,0
-119100,0,0
-450541,0,0
-638790,0,0
-626015,0,0
-554151,0,0
-318436,0,0
41433,0,0
304220,0,0
301232,0,0
75887,0,0
-259339,0,0
-532233,0,0
-608549,0,0
-619172,0,0
-453772,0,0
3517,0,0
210553,0,0
239591,0,0
181359,0,0
-83194,0,0
-431845,0,0
-567293,0,0
-644899,0,0
-693099,0,0
-372154,0,0
-34389,0,0
285517,0,0
389685,0,0
168377,0,0
-199177,0,0
-483120,0,0
-570419,0,0
-526160,0,0
-469611,0,0
-194675,0,0
142146,0,0
406018,0,0
368153,0,0
126457,0,0
-241982,0,0
-502981,0,0
-504587,0,0
-572488,0,0
-382543,0,0
37750,0,0
223947,0,0
404804,0,0
365485,0,0
-14145,0,0
-399689,0,0
-547728,0,0
-612423,0,0
-548237,0,0
-129643,0,0
235993,0,0
490832,0,0
439540,0,0
37378,0,0
-335907,0,0
-534727,0,0
-597082,0,0
-478086,0,0
-321418,0,0
18043,0,0
300202,0,0
317242,0,0
187078,0,0
-101397,0,0
-455120,0,0
-499853,0,0
-446690,0,0
-474180,0,0
-216741,0,0
149595,0,0
326943,0,0
303267,0,0
60686,0,0
-300660,0,0
-433369,0,0
-510214,0,0
-562157,0,0
-435534,0,0
-99346,0,0
168832,0,0
355836,0,0
334497,0,0
14402,0,0
-289230,0,0
-557648,0,0
-629019,0,0
-524180,0,0
-180360,0,0
234518,0,0
439225,0,0
374206,0,0
143823,0,0
-168623,0,0
-433375,0,0
-385389,0,0
-419687,0,0
-227422,0,0
256847,0,0
457167,0,0
341324,0,0
190790,0,0
-104074,0,0
-410570,0,0
-263180,0,0
-201586,0,0
-276571,0,0
32482,0,0
344357,0,0
521099,0,0
480044,0,0
154260,0,0
-165787,0,0
-359750,0,0
-430586,0,0
-378981,0,0
-65742,0,0
332316,0,0
555358,0,0
471954,0,0
127325,0,0
-112354,0,0
-347281,0,0
-477992,0,0
-413813,0,0
-358278,0,0
32576,0,0
452245,0,0
586879,0,0
456512,0,0
173903,0,0
-305237,0,0
-447603,0,0
-439244,0,0
-395012,0,0
127073,0,0
500675,0,0
596278,0,0
546876,0,0
281063,0,0
-211176,0,0
-358501,0,0
-380354,0,0
-435600,0,0
-165054,0,0
226529,0,0
519708,0,0
620641,0,0
488675,0,0
196804,0,0
-89017,0,0
-248555,0,0
-280398,0,0
-223579,0,0
20088,0,0
332707,0,0
430774,0,0
303047,0,0
8164,0,0
-419951,0,0
-613882,0,0
-509642,0,0
-460664,0,0
-244783,0,0
140934,0,0
380175,0,0
392297,0,0
245783,0,0
-64834,0,0
-365738,0,0
-308548,0,0
-304728,0,0
-254360,0,0
119613,0,0
272123,0,0
341043,0,0
232587,0,0
-103771,0,0
-402177,0,0
-480172,0,0
-658452,0,0
-605155,0,0
-284099,0,0
87757,0,0
357223,0,0
308027,0,0
94691,0,0
-295772,0,0
-577007,0,0
-570963,0,0
-466384,0,0
-298675,0,0
56011,0,0
405343,0,0
465692,0,0
285287,0,0
-124183,0,0
-538862,0,0
-648868,0,0
-659739,0,0
-578313,0,0
-126531,0,0
169416,0,0
278642,0,0
189277,0,0
-3479,0,0
-263234,0,0
-464158,0,0
-655423,0,0
-586170,0,0
-205598,0,0
240794,0,0
376326,0,0
294112,0,0
40520,0,0
-235347,0,0
-419666,0,0
-442535,0,0
-424334,0,0
-264125,0,0
119706,0,0
450185,0,0
441540,0,0
247522,0,0
21087,0,0
-357088,0,0
-507466,0,0
-441690,0,0
-494402,0,0
-229048,0,0
179915,0,0
430892,0,0
425676,0,0
244217,0,0
-70111,0,0
-217911,0,0
-287052,0,0
-423821,0,0
-233962,0,0
101156,0,0
320751,0,0
436567,0,0
259027,0,0
-168729,0,0
-495313,0,0
-731470,0,0
-699377,0,0
-373563,0,0
-6766,0,0
393282,0,0
417377,0,0
163225,0,0
-108254,0,0
-408925,0,0
-661687,0,0
-553916,0,0
-611174,0,0
-449580,0,0
-15080,0,0
247375,0,0
254741,0,0
150835,0,0
-199521,0,0
-555281,0,0
-616203,0,0
-658593,0,0
-633868,0,0
-246163,0,0
75025,0,0
272961,0,0
282398,0,0
3421,0,0
-354083,0,0
-523524,0,0
-665428,0,0
-667620,0,0
-458992,0,0
-66868,0,0
245181,0,0
295977,0,0
151963,0,0
-145615,0,0
-527247,0,0
-718837,0,0
-696860,0,0
-660899,0,0
-335687,0,0
70576,0,0
325679,0,0
306511,0,0
49910,0,0
-326426,0,0
-576892,0,0
-652926,0,0
-586658,0,0
-523556,0,0
-216389,0,0
92033,0,0
282779,0,0
288703,0,0
42016,0,0
-296835,0,0
-531969,0,0
-617801,0,0
-628345,0,0
-448001,0,0
-49035,0,0
371998,0,0
406691,0,0
241813,0,0
-58363,0,0
-432869,0,0
-566203,0,0
-518771,0,0
-599299,0,0
-207970,0,0
201353,0,0
425965,0,0
379737,0,0
28647,0,0
-389032,0,0
-572728,0,0
-563797,0,0
-515809,0,0
-379696,0,0
-117854,0,0
224624,0,0
387218,0,0
282483,0,0
-31110,0,0
-389123,0,0
-597046,0,0
-510145,0,0
-356256,0,0
-160164,0,0
238121,0,0
427095,0,0
320780,0,0
149874,0,0
-172040,0,0
-486682,0,0
-448480,0,0
-517809,0,0
-420023,0,0
19645,0,0
221287,0,0
300606,0,0
310431,0,0
40447,0,0
-366405,0,0
-573644,0,0
-641431,0,0
-579682,0,0
-369519,0,0
-57125,0,0
390773,0,0
371362,0,0
127442,0,0
-203924,0,0
-489047,0,0
-641713,0,0
-606618,0,0
-598664,0,0
-257593,0,0
201604,0,0
391586,0,0
422277,0,0
163891,0,0
-262872,0,0
-521538,0,0
-492684,0,0
-559910,0,0
-335326,0,0
124374,0,0
392220,0,0
480491,0,0
260495,0,0
-112076,0,0
-397980,0,0
-523757,0,0
-584646,0,0
-448576,0,0
-111405,0,0
168433,0,0
323737,0,0
329560,0,0
93981,0,0
-236937,0,0
-472586,0,0
-541855,0,0
-605604,0,0
-455675,0,0
898,0,0
293924,0,0
506491,0,0
372029,0,0
-95397,0,0
-540118,0,0
-610164,0,0
-582464,0,0
-604250,0,0
-314548,0,0
66710,0,0
387512,0,0
511286,0,0
208861,0,0
-205713,0,0
-565411,0,0
-664624,0,0
-637022,0,0
-399051,0,0
6529,0,0
210588,0,0
375382,0,0
344306,0,0
52642,0,0
-271337,0,0
-493174,0,0
-564610,0,0
-604089,0,0
-400666,0,0
34742,0,0
381809,0,0
532169,0,0
328701,0,0
-163753,0,0
-496067,0,0
-472274,0,0
-531337,0,0
-505340,0,0
-104956,0,0
204249,0,0
470089,0,0
411076,0,0
37117,0,0
-298965,0,0
-457131,0,0
-567773,0,0
-559942,0,0
-317111,0,0
43235,0,0
453743,0,0
524119,0,0
232697,0,0
-143723,0,0
-532534,0,0
-578958,0,0
-542207,0,0
-482924,0,0
-81474,0,0
310210,0,0
361652,0,0
313113,0,0
83546,0,0
-340773,0,0
-540288,0,0
-559010,0,0
-595647,0,0
-344613,0,0
54390,0,0
295516,0,0
425642,0,0
212418,0,0
-105633,0,0
-278194,0,0
-515605,0,0
-582131,0,0
-477443,0,0
-137206,0,0
281337,0,0
445849,0,0
306978,0,0
84624,0,0
-144905,0,0
-445611,0,0
-390300,0,0
-390268,0,0
-325547,0,0
106873,0,0
386785,0,0
433735,0,0
271427,0,0
-78446,0,0
-424106,0,0
-420967,0,0
-561363,0,0
-436217,0,0
49920,0,0
386161,0,0
582267,0,0
493487,0,0
82429,0,0
-347517,0,0
-529158,0,0
-568501,0,0
-382507,0,0
44750,0,0
252048,0,0
428023,0,0
313592,0,0
42268,0,0
-230202,0,0
-443809,0,0
-582061,0,0
-557249,0,0
-519466,0,0
-135456,0,0
194884,0,0
365111,0,0
322541,0,0
88341,0,0
-322272,0,0
-534461,0,0
-684562,0,0
-755799,0,0
-369021,0,0
122114,0,0
314595,0,0
398878,0,0
290340,0,0
61256,0,0
-135902,0,0
-563451,0,0
-702568,0,0
-456540,0,0
12182,0,0
417772,0,0
641617,0,0
491571,0,0
174608,0,0
-71979,0,0
-358477,0,0
-375542,0,0
-190049,0,0
154171,0,0
529413,0,0
688011,0,0
568629,0,0
255800,0,0
-23323,0,0
-247046,0,0
-132694,0,0
-231992,0,0
-110718,0,0
532097,0,0
705869,0,0
668050,0,0
535875,0,0
282376,0,0
-73857,0,0
-63185,0,0
-210174,0,0
-190884,0,0
99331,0,0
399361,0,0
652775,0,0
578107,0,0
252101,0,0
-103115,0,0
-302317,0,0
-568176,0,0
-494987,0,0
-372481,0,0
-36829,0,0
303728,0,0
305423,0,0
135563,0,0
-99127,0,0
-466003,0,0
-618324,0,0
-662797,0,0
-609999,0,0
-148417,0,0
251652,0,0
343233,0,0
251540,0,0
-14219,0,0
-444575,0,0
-606909,0,0
-695424,0,0
-695925,0,0
-350181,0,0
-9779,0,0
260906,0,0
413308,0,0
177128,0,0
-154881,0,0
-378010,0,0
-420125,0,0
-547773,0,0
-403420,0,0
-23987,0,0
361312,0,0
495184,0,0
273011,0,0
-70579,0,0
-353023,0,0
-437455,0,0
-599763,0,0
-539621,0,0
-233337,0,0
188649,0,0
370260,0,0
272944,0,0
35303,0,0
-381647,0,0
-627570,0,0
-650101,0,0
-655589,0,0
-368869,0,0
97394,0,0
250919,0,0
275510,0,0
70671,0,0
-322787,0,0
-488125,0,0
-568834,0,0
-642166,0,0
-423930,0,0
-129955,0,0
127575,0,0
322876,0,0
246183,0,0
-70828,0,0
-284258,0,0
-556178,0,0
-615531,0,0
-575209,0,0
-331220,0,0
44531,0,0
337245,0,0
309772,0,0
186816,0,0
536,0,0
-477413,0,0
-588804,0,0
-669064,0,0
-620865,0,0
-245956,0,0
254607,0,0
551142,0,0
560025,0,0
150268,0,0
-469473,0,0
-660951,0,0
-685524,0,0
-620438,0,0
-335878,0,0
70180,0,0
345355,0,0
363704,0,0
109058,0,0
-239620,0,0
-522734,0,0
-667381,0,0
-519601,0,0
-409259,0,0
-169825,0,0
124401,0,0
268186,0,0
202541,0,0
-50691,0,0
-359591,0,0
-485724,0,0
-461521,0,0
-611085,0,0
-406874,0,0
-21835,0,0
184104,0,0
258255,0,0
255445,0,0
-75118,0,0
-406572,0,0
-518823,0,0
-664340,0,0
-548722,0,0
-180941,0,0
123445,0,0
320652,0,0
244748,0,0
52847,0,0
-242626,0,0
-496428,0,0
-567019,0,0
-516125,0,0
-424533,0,0
-65132,0,0
286448,0,0
401193,0,0
230992,0,0
-24302,0,0
-359327,0,0
-429354,0,0
-403332,0,0
-529657,0,0
-97835,0,0
326837,0,0
427048,0,0
507876,0,0
332666,0,0
-146413,0,0
-382187,0,0
-458631,0,0
-568860,0,0
-137198,0,0
267169,0,0
484701,0,0
547284,0,0
317858,0,0
9303,0,0
-202904,0,0
-299518,0,0
-293433,0,0
-209949,0,0
29472,0,0
348693,0,0
500941,0,0
365966,0,0
101780,0,0
-227124,0,0
-546263,0,0
-449118,0,0
-401124,0,0
-199111,0,0
204301,0,0
396784,0,0
379161,0,0
191194,0,0
-209759,0,0
-420418,0,0
-420904,0,0
-618134,0,0
-485882,0,0
-18653,0,0
207338,0,0
331639,0,0
226843,0,0
-96895,0,0
-409645,0,0
-501881,0,0
-656077,0,0
-640237,0,0
-294428,0,0
120765,0,0
398587,0,0
281162,0,0
68956,0,0
-281744,0,0
-520895,0,0
-583190,0,0
-587594,0,0
-525079,0,0
-69626,0,0
358400,0,0
436317,0,0
307121,0,0
-27296,0,0
-434812,0,0
-563914,0,0
-596548,0,0
-613416,0,0
-268026,0,0
110937,0,0
318353,0,0
352166,0,0
44996,0,0
-342843,0,0
-578340,0,0
-662033,0,0
-580777,0,0
-130994,0,0
172178,0,0
349865,0,0
244094,0,0
93964,0,0
-140020,0,0
-435088,0,0
-576690,0,0
-419878,0,0
-218205,0,0
-80198,0,0
190631,0,0
328983,0,0
289521,0,0
126193,0,0
-220072,0,0
-380069,0,0
-396110,0,0
-480481,0,0
-447817,0,0
-32721,0,0
257111,0,0
387557,0,0
323299,0,0
-35344,0,0
-474003,0,0
-658230,0,0
-671752,0,0
-569990,0,0
-307594,0,0
-41998,0,0
314347,0,0
333563,0,0
155881,0,0
-122586,0,0
-498126,0,0
-648164,0,0
-662255,0,0
-540936,0,0
-115299,0,0
352431,0,0
477742,0,0
406594,0,0
224542,0,0
-309542,0,0
-468835,0,0
-551117,0,0
-563277,0,0
-250122,0,0
148937,0,0
413853,0,0
522738,0,0
250408,0,0
-192982,0,0
-434324,0,0
-554936,0,0
-592163,0,0
-355301,0,0
-26598,0,0
319840,0,0
432910,0,0
229297,0,0
-83470,0,0
-371765,0,0
-571172,0,0
-535713,0,0
-445450,0,0
-80235,0,0
308053,0,0
385954,0,0
237397,0,0
54221,0,0
-274719,0,0
-531993,0,0
-488039,0,0
-544901,0,0
-457847,0,0
-90587,0,0
232138,0,0
366596,0,0
281038,0,0
-57669,0,0
-384011,0,0
-514308,0,0
-667240,0,0
-664632,0,0
-346823,0,0
-26869,0,0
216215,0,0
379313,0,0
217055,0,0
-128748,0,0
-574535,0,0
-753406,0,0
-444189,0,0
-450934,0,0
-200061,0,0
88112,0,0
257327,0,0
292173,0,0
112660,0,0
-197902,0,0
-349543,0,0
-451348,0,0
-597852,0,0
-381449,0,0
57495,0,0
343552,0,0
378518,0,0
261352,0,0
-43356,0,0
-284555,0,0
-396966,0,0
-536825,0,0
-369140,0,0
-111365,0,0
228978,0,0
485040,0,0
435904,0,0
168133,0,0
-122359,0,0
-361554,0,0
-288268,0,0
-329879,0,0
-273703,0,0
176891,0,0
472744,0,0
464734,0,0
245594,0,0
-140961,0,0
-526297,0,0
-543419,0,0
-599399,0,0
-499543,0,0
14643,0,0
251163,0,0
396446,0,0
360723,0,0
63909,0,0
-370304,0,0
-482843,0,0
-631102,0,0
-613184,0,0
-287304,0,0
184577,0,0
545160,0,0
510009,0,0
159790,0,0
-238450,0,0
-473341,0,0
-635780,0,0
-547339,0,0
-463510,0,0
-119087,0,0
270562,0,0
282273,0,0
205865,0,0
-5351,0,0
-363447,0,0
-648801,0,0
-646717,0,0
-690943,0,0
-495340,0,0
-108502,0,0
204910,0,0
346414,0,0
173786,0,0
-180798,0,0
-489816,0,0
-688616,0,0
-700887,0,0
-575921,0,0
-364531,0,0
-16118,0,0
366982,0,0
337547,0,0
135232,0,0
-236305,0,0
-560262,0,0
-593601,0,0
-516124,0,0
-525245,0,0
-177793,0,0
258007,0,0
350865,0,0
288715,0,0
30335,0,0
-368609,0,0
-530667,0,0
-437391,0,0
-569030,0,0
-429620,0,0
4464,0,0
383586,0,0
506003,0,0
268696,0,0
-47829,0,0
-368497,0,0
-460285,0,0
-492051,0,0
-354597,0,0
-75313,0,0
317214,0,0
505192,0,0
428605,0,0
203671,0,0
-197116,0,0
-508275,0,0
-525997,0,0
-503462,0,0
-365406,0,0
73789,0,0
405190,0,0
400443,0,0
220930,0,0
-149844,0,0
-444308,0,0
-435321,0,0
-383818,0,0
-359932,0,0
-22090,0,0
191447,0,0
312158,0,0
351381,0,0
63515,0,0
-282830,0,0
-496940,0,0
-583134,0,0
-497592,0,0
-370128,0,0
-43713,0,0
320633,0,0
319289,0,0
202420,0,0
-61693,0,0
-417906,0,0
-566541,0,0
-596126,0,0
-525036,0,0
-301063,0,0
89807,0,0
257112,0,0
311919,0,0
126498,0,0
-196063,0,0
-459786,0,0
-592625,0,0
-678748,0,0
-603421,0,0
-254056,0,0
117456,0,0
498820,0,0
422719,0,0
114800,0,0
-305228,0,0
-663566,0,0
-696011,0,0
-536022,0,0
-320715,0,0
32601,0,0
388927,0,0
533689,0,0
309563,0,0
-44253,0,0
-503980,0,0
-596849,0,0
-524108,0,0
-441961,0,0
18504,0,0
332201,0,0
413490,0,0
446345,0,0
132742,0,0
-288016,0,0
-463138,0,0
-534861,0,0
-562282,0,0
-375706,0,0
31364,0,0
359026,0,0
512434,0,0
275152,0,0
-40656,0,0
-380529,0,0
-534707,0,0
-527312,0,0
-548352,0,0
-236854,0,0
219056,0,0
463757,0,0
387495,0,0
177409,0,0
-223986,0,0
-537141,0,0
-531001,0,0
-572636,0,0
-426669,0,0
5561,0,0
298733,0,0
367767,0,0
269837,0,0
-56225,0,0
-363156,0,0
-495647,0,0
-612651,0,0
-532434,0,0
-288834,0,0
53885,0,0
349072,0,0
348781,0,0
125790,0,0
-190221,0,0
-501065,0,0
-516088,0,0
-386311,0,0
-499192,0,0
-202420,0,0
138503,0,0
315698,0,0
366676,0,0
135964,0,0
-290229,0,0
-489941,0,0
-540332,0,0
-649803,0,0
-366780,0,0
52648,0,0
336514,0,0
423714,0,0
227433,0,0
-190434,0,0
-409967,0,0
-620568,0,0
-634979,0,0
-310674,0,0
-102680,0,0
127230,0,0
416658,0,0
338198,0,0
130241,0,0
-184189,0,0
-531721,0,0
-494767,0,0
-485858,0,0
-367945,0,0
135724,0,0
483347,0,0
489357,0,0
280379,0,0
-95501,0,0
-523385,0,0
-551240,0,0
-531553,0,0
-491339,0,0
-102269,0,0
228134,0,0
497043,0,0
484419,0,0
231366,0,0
-192206,0,0
-443871,0,0
-640250,0,0
-591358,0,0
-346394,0,0
41001,0,0
486476,0,0
569437,0,0
334408,0,0
-101017,0,0
-473635,0,0
-637282,0,0
-609617,0,0
-507114,0,0
-156647,0,0
252628,0,0
337786,0,0
320983,0,0
105869,0,0
-306514,0,0
-589067,0,0
-558377,0,0
-604875,0,0
-415329,0,0
28114,0,0
287700,0,0
394743,0,0
228176,0,0
-112240,0,0
-419281,0,0
-540327,0,0
-615144,0,0
-537114,0,0
-209443,0,0
168335,0,0
425401,0,0
349466,0,0
120347,0,0
-239004,0,0
-501703,0,0
-577060,0,0
-453172,0,0
-353177,0,0
25748,0,0
361897,0,0
436306,0,0
298862,0,0
-61846,0,0
-396618,0,0
-457437,0,0
-493167,0,0
-530809,0,0
-160790,0,0
168741,0,0
322618,0,0
425055,0,0
146035,0,0
-176249,0,0
-488966,0,0
-600994,0,0
-621175,0,0
-424595,0,0
-112030,0,0
263186,0,0
441433,0,0
226910,0,0
16732,0,0
-267981,0,0
-530708,0,0
-614917,0,0
-584223,0,0
-282318,0,0
179231,0,0
393770,0,0
381010,0,0
212624,0,0
-143551,0,0
-438543,0,0
-542124,0,0
-581469,0,0
-422000,0,0
-18284,0,0
272577,0,0
488478,0,0
350898,0,0
1017,0,0
-296666,0,0
-501052,0,0
-569920,0,0
-520944,0,0
-240526,0,0
-14219,0,0
345042,0,0
463825,0,0
243195,0,0
-14402,0,0
-346078,0,0
-519336,0,0
-593798,0,0
-476117,0,0
-70036,0,0
363940,0,0
513314,0,0
360237,0,0
-38185,0,0
-463374,0,0
-499054,0,0
-597802,0,0
-647351,0,0
-290352,0,0
163666,0,0
345941,0,0
455107,0,0
203143,0,0
-179398,0,0
-525166,0,0
-640346,0,0
-601872,0,0
-334870,0,0
2855,0,0
281726,0,0
482363,0,0
289335,0,0
-9184,0,0
-275966,0,0
-523190,0,0
-443634,0,0
-403236,0,0
-94367,0,0
402756,0,0
532548,0,0
368109,0,0
92280,0,0
-306997,0,0
-553231,0,0
-542264,0,0
-557242,0,0
-308133,0,0
116468,0,0
309064,0,0
410805,0,0
254160,0,0
-150111,0,0
-425149,0,0
-449729,0,0
-600269,0,0
-480546,0,0
-148473,0,0
156227,0,0
436414,0,0
321714,0,0
7598,0,0
-258850,0,0
-376418,0,0
-549732,0,0
-418447,0,0
-362719,0,0
-9096,0,0
283505,0,0
401698,0,0
315747,0,0
55040,0,0
-382841,0,0
-516348,0,0
-387089,0,0
-458509,0,0
-49480,0,0
322140,0,0
412540,0,0
342708,0,0
57235,0,0
-314245,0,0
-395345,0,0
-549819,0,0
-574961,0,0
-218886,0,0
74455,0,0
342227,0,0
517904,0,0
339381,0,0
-85625,0,0
-437180,0,0
-629450,0,0
-639072,0,0
-544200,0,0
-133359,0,0
426176,0,0
529636,0,0
291594,0,0
-2570,0,0
-348587,0,0
-628626,0,0
-587620,0,0
-555311,0,0
-303511,0,0
239202,0,0
371133,0,0
357894,0,0
204720,0,0
-96839,0,0
-278154,0,0
-258256,0,0
-410175,0,0
-310951,0,0
106140,0,0
307848,0,0
543042,0,0
438658,0,0
96466,0,0
-225514,0,0
-384937,0,0
-610636,0,0
-539870,0,0
-235461,0,0
121893,0,0
453678,0,0
397879,0,0
161179,0,0
-176778,0,0
-409827,0,0
-453437,0,0
-441231,0,0
-470663,0,0
-89208,0,0
324422,0,0
391877,0,0
311704,0,0
-79656,0,0
-414888,0,0
-554179,0,0
-593923,0,0
-599395,0,0
-158507,0,0
145181,0,0
292932,0,0
339826,0,0
36316,0,0
-275994,0,0
-421372,0,0
-520005,0,0
-619650,0,0
-300283,0,0
-67575,0,0
277690,0,0
414093,0,0
244830,0,0
-60084,0,0
-475471,0,0
-598163,0,0
-370791,0,0
-339826,0,0
-253999,0,0
101585,0,0
268052,0,0
426237,0,0
340439,0,0
-9226,0,0
-296420,0,0
-397898,0,0
-408058,0,0
-169162,0,0
356238,0,0
574825,0,0
615838,0,0
436957,0,0
64020,0,0
-244755,0,0
-323743,0,0
-248849,0,0
-22664,0,0
245935,0,0
350437,0,0
527647,0,0
392338,0,0
131462,0,0
-118608,0,0
-397373,0,0
-362874,0,0
-330263,0,0
-44523,0,0
277103,0,0
586431,0,0
491792,0,0
219582,0,0
-100882,0,0
-464560,0,0
-509574,0,0
-536482,0,0
-523077,0,0
-173405,0,0
272979,0,0
325567,0,0
223250,0,0
-110843,0,0
-477469,0,0
-541877,0,0
-433784,0,0
-480744,0,0
-229054,0,0
74033,0,0
262507,0,0
273532,0,0
21841,0,0
-267998,0,0
-383887,0,0
-654872,0,0
-517923,0,0
-216747,0,0
105209,0,0
451497,0,0
457859,0,0
216908,0,0
-110586,0,0
-513823,0,0
-648213,0,0
-523964,0,0
-539255,0,0
-191880,0,0
251620,0,0
475384,0,0
351836,0,0
72452,0,0
-321381,0,0
-492560,0,0
-513759,0,0
-605757,0,0
-142748,0,0
272014,0,0
497621,0,0
608065,0,0
400268,0,0
-63154,0,0
-416806,0,0
-482269,0,0
-538720,0,0
-304747,0,0
-76608,0,0
194967,0,0
334307,0,0
195989,0,0
-96983,0,0
-340020,0,0
-402552,0,0
-355730,0,0
-316204,0,0
-123697,0,0
276706,0,0
427421,0,0
330490,0,0
150831,0,0
-197761,0,0
-617444,0,0
-601614,0,0
-629454,0,0
-531974,0,0
158304,0,0
554446,0,0
603745,0,0
431673,0,0
156548,0,0
-245513,0,0
-322720,0,0
-510077,0,0
-386921,0,0
91406,0,0
407952,0,0
619122,0,0
531307,0,0
222380,0,0
-118842,0,0
-215284,0,0
-474098,0,0
-539081,0,0
-400030,0,0
252743,0,0
709923,0,0
600077,0,0
319444,0,0
-59944,0,0
-367547,0,0
-490468,0,0
-397676,0,0
-327405,0,0
111122,0,0
422053,0,0
396494,0,0
289992,0,0
-34045,0,0
-397053,0,0
-496394,0,0
-506898,0,0
-628669,0,0
-231734,0,0
111236,0,0
285576,0,0
321813,0,0
60057,0,0
-265511,0,0
-540622,0,0
-560248,0,0
-559533,0,0
-246867,0,0
69737,0,0
431504,0,0
435677,0,0
120222,0,0
-209918,0,0
-514200,0,0
-649986,0,0
-563593,0,0
-375496,0,0
-118417,0,0
256157,0,0
275707,0,0
135580,0,0
-120623,0,0
-410307,0,0
-547971,0,0
-592678,0,0
-622330,0,0
-283649,0,0
187131,0,0
346114,0,0
278836,0,0
-8450,0,0
-477531,0,0
-679121,0,0
-682105,0,0
-662070,0,0
-435831,0,0
-41440,0,0
117365,0,0
233624,0,0
74849,0,0
-203123,0,0
-532130,0,0
-685180,0,0
-440205,0,0
-442315,0,0
-326143,0,0
-40976,0,0
332176,0,0
209297,0,0
23658,0,0
-294562,0,0
-655552,0,0
-720523,0,0
-701893,0,0
-512865,0,0
-140012,0,0
149377,0,0
266051,0,0
249786,0,0
-102389,0,0
-500984,0,0
-662700,0,0
-720942,0,0
-687940,0,0
-400808,0,0
44340,0,0
408453,0,0
364169,0,0
44619,0,0
-283118,0,0
-492328,0,0
-611911,0,0
-579090,0,0
-471720,0,0
-162194,0,0
135686,0,0
289190,0,0
277569,0,0
132139,0,0
-119607,0,0
-410839,0,0
-527161,0,0
-651643,0,0
-334129,0,0
98409,0,0
283013,0,0
325276,0,0
187825,0,0
-186146,0,0
-470279,0,0
-361928,0,0
-443974,0,0
-352375,0,0
-108733,0,0
153142,0,0
320537,0,0
248853,0,0
-22751,0,0
-299944,0,0
-471854,0,0
-657290,0,0
-621092,0,0
-422505,0,0
24405,0,0
317308,0,0
352660,0,0
166756,0,0
-132435,0,0
-468360,0,0
-644792,0,0
-651670,0,0
-625544,0,0
-244418,0,0
116035,0,0
343369,0,0
439331,0,0
213949,0,0
-272762,0,0
-546531,0,0
-638121,0,0
-656109,0,0
-399398,0,0
-25261,0,0
358100,0,0
530040,0,0
343248,0,0
-64994,0,0
-385720,0,0
-601133,0,0
-574614,0,0
-456297,0,0
-249357,0,0
263998,0,0
584160,0,0
507409,0,0
207179,0,0
-166513,0,0
-558067,0,0
-539948,0,0
-579846,0,0
-427897,0,0
111979,0,0
414987,0,0
452621,0,0
275082,0,0
-46520,0,0
-409590,0,0
-483703,0,0
-555073,0,0
-451602,0,0
-97736,0,0
182648,0,0
485303,0,0
374839,0,0
14727,0,0
-382380,0,0
-571597,0,0
-580581,0,0
-307049,0,0
-169461,0,0
48749,0,0
399407,0,0
411476,0,0
208026,0,0
-163021,0,0
-520428,0,0
-580139,0,0
-522753,0,0
-501882,0,0
-7812,0,0
497427,0,0
488324,0,0
368915,0,0
9399,0,0
-422498,0,0
-548417,0,0
-546615,0,0
-591869,0,0
-152854,0,0
272068,0,0
399888,0,0
439045,0,0
144597,0,0
-164532,0,0
-332754,0,0
-313836,0,0
-332491,0,0
-160475,0,0
61906,0,0
445012,0,0
571853,0,0
333122,0,0
-28042,0,0
-382655,0,0
-568727,0,0
-549993,0,0
-331550,0,0
-88174,0,0
290451,0,0
416735,0,0
373195,0,0
109670,0,0
-284309,0,0
-398518,0,0
-401714,0,0
-421996,0,0
-147394,0,0
283541,0,0
459365,0,0
455223,0,0
218691,0,0
-150271,0,0
-361583,0,0
-576340,0,0
-510088,0,0
-218470,0,0
310747,0,0
390408,0,0
462382,0,0
335831,0,0
26362,0,0
-281641,0,0
-478584,0,0
-491406,0,0
-499644,0,0
-245649,0,0
170259,0,0
539499,0,0
370718,0,0
123155,0,0
-169215,0,0
-451839,0,0
-403501,0,0
-381397,0,0
-401259,0,0
-68641,0,0
262776,0,0
322191,0,0
275305,0,0
-87796,0,0
-499068,0,0
-546090,0,0
-473948,0,0
-389371,0,0
-45733,0,0
291534,0,0
402933,0,0
309651,0,0
-49442,0,0
-370052,0,0
-538027,0,0
-561076,0,0
-475791,0,0
-313293,0,0
146440,0,0
343243,0,0
408526,0,0
193660,0,0
-135105,0,0
-522128,0,0
-684040,0,0
-574999,0,0
-492484,0,0
-86193,0,0
298850,0,0
453678,0,0
272718,0,0
-30916,0,0
-421228,0,0
-573811,0,0
-478408,0,0
-494507,0,0
-139974,0,0
238114,0,0
448488,0,0
394294,0,0
142307,0,0
-269836,0,0
-377848,0,0
-429340,0,0
-601727,0,0
-296546,0,0
68096,0,0
344096,0,0
400071,0,0
192330,0,0
-167850,0,0
-257854,0,0
-436602,0,0
-551650,0,0
-478785,0,0
-181657,0,0
226741,0,0
414494,0,0
344830,0,0
92311,0,0
-238324,0,0
-614832,0,0
-648525,0,0
-603735,0,0
-335715,0,0
86878,0,0
338912,0,0
421583,0,0
180738,0,0
-124859,0,0
-422719,0,0
-484630,0,0
-569186,0,0
-329141,0,0
63495,0,0
303511,0,0
443576,0,0
295937,0,0
-21642,0,0
-284348,0,0
-440520,0,0
-617575,0,0
-483498,0,0
-131926,0,0
279705,0,0
647714,0,0
515692,0,0
201653,0,0
-227219,0,0
-452625,0,0
-528163,0,0
-439426,0,0
-207487,0,0
213653,0,0
555890,0,0
500166,0,0
307733,0,0
-99114,0,0
-353492,0,0
-419608,0,0
-331979,0,0
-344552,0,0
134810,0,0
392617,0,0
370243,0,0
276964,0,0
-74881,0,0
-367645,0,0
-361447,0,0
-272614,0,0
-214227,0,0
8810,0,0
36784,0,0
271277,0,0
366443,0,0
193101,0,0
-42961,0,0
-219042,0,0
-370843,0,0
-458955,0,0
-353638,0,0
-91117,0,0
332916,0,0
450295,0,0
292324,0,0
-3459,0,0
-329902,0,0
-466224,0,0
-594740,0,0
-466974,0,0
-21866,0,0
487195,0,0
532594,0,0
438449,0,0
115949,0,0
-357169,0,0
-626399,0,0
-665941,0,0
-659162,0,0
-291841,0,0
225240,0,0
304921,0,0
335027,0,0
-463,0,0
-374432,0,0
-446669,0,0
-608814,0,0
-533127,0,0
-456624,0,0
-113554,0,0
208671,0,0
370067,0,0
193789,0,0
-50710,0,0
-201487,0,0
-441998,0,0
-458764,0,0
-427661,0,0
-201427,0,0
157370,0,0
405183,0,0
299042,0,0
103955,0,0
-188626,0,0
-542164,0,0
-576572,0,0
-550800,0,0
-325188,0,0
95494,0,0
426776,0,0
513950,0,0
353706,0,0
-97343,0,0
-478620,0,0
-586672,0,0
-647561,0,0
-388987,0,0
-7068,0,0
297392,0,0
502852,0,0
313461,0,0
-114531,0,0
-444831,0,0
-648230,0,0
-672044,0,0
-481191,0,0
-255323,0,0
121399,0,0
320197,0,0
294274,0,0
61914,0,0
-264771,0,0
-560037,0,0
-675686,0,0
-670578,0,0
-447580,0,0
117547,0,0
386776,0,0
510908,0,0
317597,0,0
-98441,0,0
-513468,0,0
-640046,0,0
-616869,0,0
-586470,0,0
58394,0,0
451498,0,0
546628,0,0
429256,0,0
108362,0,0
-365363,0,0
-484980,0,0
-599481,0,0
-636169,0,0
-354828,0,0
60342,0,0
392373,0,0
428428,0,0
229865,0,0
-135681,0,0
-389788,0,0
-644034,0,0
-647928,0,0
-528957,0,0
-164002,0,0
287389,0,0
354799,0,0
239898,0,0
14695,0,0
-269429,0,0
-629481,0,0
-673144,0,0
-705901,0,0
-380325,0,0
294596,0,0
533866,0,0
505673,0,0
248900,0,0
-153318,0,0
-465062,0,0
-597160,0,0
-676639,0,0
-422302,0,0
-85816,0,0
215612,0,0
497576,0,0
439441,0,0
344729,0,0
104094,0,0
-171965,0,0
-411359,0,0
-322302,0,0
-51337,0,0
441244,0,0
675982,0,0
518843,0,0
260627,0,0
-116611,0,0
-362941,0,0
-539851,0,0
-532117,0,0
-406681,0,0
171346,0,0
392328,0,0
424644,0,0
294626,0,0
-53331,0,0
-352116,0,0
-515499,0,0
-499253,0,0
-407414,0,0
110381,0,0
391071,0,0
568664,0,0
411454,0,0
28894,0,0
-374051,0,0
-587089,0,0
-342139,0,0
-252601,0,0
-23899,0,0
209806,0,0
470085,0,0
403962,0,0
154231,0,0
-144336,0,0
-367385,0,0
-413177,0,0
-427894,0,0
-323810,0,0
-111768,0,0
332565,0,0
400656,0,0
276761,0,0
-86662,0,0
-441057,0,0
-530621,0,0
-547569,0,0
-567912,0,0
-212436,0,0
252339,0,0
373119,0,0
324899,0,0
7864,0,0
-415948,0,0
-508547,0,0
-602873,0,0
-525277,0,0
-172729,0,0
166455,0,0
404125,0,0
514503,0,0
285037,0,0
-22845,0,0
-266911,0,0
-474941,0,0
-349903,0,0
-321084,0,0
-13835,0,0
345037,0,0
458396,0,0
245453,0,0
-26698,0,0
-343355,0,0
-527989,0,0
-474501,0,0
-482381,0,0
-212828,0,0
136167,0,0
368352,0,0
349571,0,0
207923,0,0
-198127,0,0
-591518,0,0
-485548,0,0
-494394,0,0
-125755,0,0
271658,0,0
433959,0,0
399858,0,0
196483,0,0
-172588,0,0
-476159,0,0
-556873,0,0
-538448,0,0
-320442,0,0
-155562,0,0
241628,0,0
443792,0,0
338105,0,0
-3357,0,0
-394283,0,0
-659559,0,0
-663604,0,0
-551878,0,0
-332445,0,0
155584,0,0
516843,0,0
549274,0,0
305231,0,0
-115927,0,0
-523115,0,0
-423773,0,0
-484001,0,0
-457157,0,0
55102,0,0
467718,0,0
493270,0,0
281485,0,0
-39432,0,0
-393541,0,0
-423738,0,0
-304190,0,0
-270,0,0
330579,0,0
456324,0,0
505510,0,0
369131,0,0
160998,0,0
-135277,0,0
-274259,0,0
-305686,0,0
-109304,0,0
42295,0,0
351132,0,0
686581,0,0
684702,0,0
431012,0,0
86567,0,0
-101662,0,0
-162935,0,0
13712,0,0
-100320,0,0
219905,0,0
541049,0,0
555265,0,0
435367,0,0
126850,0,0
-145887,0,0
-280995,0,0
-403884,0,0
-514285,0,0
-104444,0,0
235389,0,0
408378,0,0
380526,0,0
101319,0,0
-216252,0,0
-468895,0,0
-718918,0,0
-590341,0,0
-70521,0,0
228056,0,0
437259,0,0
473484,0,0
175396,0,0
-189023,0,0
-501591,0,0
-586875,0,0
-604274,0,0
-488810,0,0
-198010,0,0
296417,0,0
405431,0,0
208887,0,0
-78505,0,0
-439254,0,0
-684657,0,0
-722816,0,0
-531995,0,0
-238550,0,0
208926,0,0
308980,0,0
211910,0,0
-77938,0,0
-470639,0,0
-633889,0,0
-688951,0,0
-646723,0,0
-511322,0,0
-151989,0,0
16602,0,0
332435,0,0
222893,0,0
-164980,0,0
-511438,0,0
-693106,0,0
-695302,0,0
-635345,0,0
-278454,0,0
147063,0,0
466772,0,0
323783,0,0
-34794,0,0
-404457,0,0
-618734,0,0
-655511,0,0
-639144,0,0
-394266,0,0
13813,0,0
214946,0,0
215129,0,0
223104,0,0
-1726,0,0
-440722,0,0
-561305,0,0
-666401,0,0
-617946,0,0
-187579,0,0
244282,0,0
451146,0,0
432871,0,0
91087,0,0
-336189,0,0
-486779,0,0
-564684,0,0
-575624,0,0
-338582,0,0
25801,0,0
338111,0,0
406760,0,0
169614,0,0
-245800,0,0
-568300,0,0
-636280,0,0
-557189,0,0
-468285,0,0
-54262,0,0
263160,0,0
255578,0,0
117797,0,0
-65725,0,0
-264644,0,0
-430886,0,0
-407842,0,0
-459836,0,0
-32964,0,0
223908,0,0
307317,0,0
296759,0,0
90505,0,0
-257708,0,0
-341436,0,0
-432450,0,0
-625948,0,0
-434819,0,0
-62727,0,0
283481,0,0
428499,0,0
271199,0,0
-128005,0,0
-468880,0,0
-652152,0,0
-588138,0,0
-466003,0,0
-160976,0,0
253739,0,0
479927,0,0
404577,0,0
103977,0,0
-249650,0,0
-590819,0,0
-577417,0,0
-587155,0,0
-322967,0,0
182605,0,0
350745,0,0
346522,0,0
168415,0,0
-152540,0,0
-468767,0,0
-581636,0,0
-579356,0,0
-370137,0,0
94780,0,0
256650,0,0
371539,0,0
259932,0,0
30136,0,0
-350219,0,0
-478220,0,0
-553211,0,0
-479495,0,0
-230731,0,0
88567,0,0
442903,0,0
419387,0,0
183433,0,0
-197524,0,0
-558475,0,0
-642579,0,0
-513233,0,0
-462441,0,0
-67366,0,0
330575,0,0
331394,0,0
253225,0,0
-104239,0,0
-482358,0,0
-621393,0,0
-536040,0,0
-510200,0,0
-263878,0,0
108549,0,0
321327,0,0
362808,0,0
81551,0,0
-309428,0,0
-548038,0,0
-570379,0,0
-611888,0,0
-447303,0,0
-108153,0,0
286450,0,0
405950,0,0
178880,0,0
-62109,0,0
-384441,0,0
-574998,0,0
-609665,0,0
-597143,0,0
-368628,0,0
109847,0,0
290942,0,0
308582,0,0
232752,0,0
-172793,0,0
-543759,0,0
-611054,0,0
-511505,0,0
-386505,0,0
41663,0,0
191633,0,0
377422,0,0
288417,0,0
-5499,0,0
-360225,0,0
-550310,0,0
-533675,0,0
-599602,0,0
-352479,0,0
52588,0,0
404008,0,0
388042,0,0
107254,0,0
-221763,0,0
-488648,0,0
-510629,0,0
-540414,0,0
-439139,0,0
-142604,0,0
245804,0,0
362740,0,0
295766,0,0
-7030,0,0
-409822,0,0
-595255,0,0
-653176,0,0
-576384,0,0
-376938,0,0
15453,0,0
169866,0,0
236611,0,0
128250,0,0
-76185,0,0
-254219,0,0
-524736,0,0
-694048,0,0
-622243,0,0
-222241,0,0
215844,0,0
446013,0,0
317729,0,0
110783,0,0
-229735,0,0
-532975,0,0
-530982,0,0
-493477,0,0
-314663,0,0
89041,0,0
318016,0,0
297146,0,0
254080,0,0
-86956,0,0
-391658,0,0
-503568,0,0
-536171,0,0
-495017,0,0
-244399,0,0
112704,0,0
349111,0,0
427902,0,0
120666,0,0
-218254,0,0
-441618,0,0
-552846,0,0
-555889,0,0
-470867,0,0
-98272,0,0
260560,0,0
437553,0,0
251093,0,0
85198,0,0
-248423,0,0
-558500,0,0
-626347,0,0
-592020,0,0
-257578,0,0
133703,0,0
362132,0,0
353764,0,0
172749,0,0
-211273,0,0
-450246,0,0
-475797,0,0
-574088,0,0
-509428,0,0
-182682,0,0
127774,0,0
314121,0,0
319075,0,0
59901,0,0
-265706,0,0
-544190,0,0
-660787,0,0
-600515,0,0
-467445,0,0
-42749,0,0
270761,0,0
366808,0,0
282830,0,0
-15216,0,0
-440285,0,0
-592709,0,0
-545791,0,0
-606364,0,0
-271959,0,0
135290,0,0
379378,0,0
378688,0,0
208812,0,0
-143607,0,0
-381092,0,0
-483565,0,0
-567973,0,0
-417833,0,0
-62437,0,0
325397,0,0
430650,0,0
352394,0,0
60211,0,0
-230545,0,0
-479612,0,0
-529286,0,0
-511124,0,0
-336600,0,0
91336,0,0
391477,0,0
367907,0,0
235081,0,0
-101036,0,0
-458616,0,0
-563203,0,0
-681249,0,0
-678151,0,0
-144635,0,0
235643,0,0
377415,0,0
324573,0,0
104020,0,0
-209974,0,0
-447826,0,0
-563624,0,0
-599919,0,0
-446028,0,0
-42307,0,0
407743,0,0
566370,0,0
358866,0,0
-34627,0,0
-386162,0,0
-565954,0,0
-551648,0,0
-481767,0,0
-233794,0,0
190032,0,0
396500,0,0
377891,0,0
137164,0,0
-199926,0,0
-467052,0,0
-532112,0,0
-608659,0,0
-410551,0,0
137250,0,0
406890,0,0
486267,0,0
287711,0,0
-35570,0,0
-366772,0,0
-531676,0,0
-595972,0,0
-471401,0,0
-179979,0,0
177778,0,0
467338,0,0
387292,0,0
105903,0,0
-211161,0,0
-485383,0,0
-540043,0,0
-478180,0,0
-501643,0,0
-93803,0,0
277606,0,0
371047,0,0
325260,0,0
17266,0,0
-354719,0,0
-545725,0,0
-653486,0,0
-624008,0,0
-212343,0,0
100482,0,0
307983,0,0
456153,0,0
154830,0,0
-177559,0,0
-436865,0,0
-516877,0,0
-586633,0,0
-403418,0,0
-18379,0,0
414173,0,0
607151,0,0
421927,0,0
78233,0,0
-306445,0,0
-397771,0,0
-407384,0,0
-375216,0,0
-227784,0,0
208789,0,0
505929,0,0
448124,0,0
226420,0,0
-163212,0,0
-503220,0,0
-553980,0,0
-462735,0,0
-347798,0,0
147824,0,0
345382,0,0
497328,0,0
372959,0,0
-61977,0,0
-412326,0,0
-475787,0,0
-500491,0,0
-461067,0,0
-105307,0,0
193883,0,0
430371,0,0
334399,0,0
63346,0,0
-252408,0,0
-501848,0,0
-566479,0,0
-604006,0,0
-389308,0,0
-5286,0,0
410112,0,0
426603,0,0
314831,0,0
-23415,0,0
-471509,0,0
-643958,0,0
-684894,0,0
-613725,0,0
-192699,0,0
340550,0,0
443394,0,0
369777,0,0
22540,0,0
-380775,0,0
-567106,0,0
-613812,0,0
-616242,0,0
-422494,0,0
-13751,0,0
314774,0,0
452488,0,0
222462,0,0
-69253,0,0
-400510,0,0
-619561,0,0
-606581,0,0
-554398,0,0
-198638,0,0
188030,0,0
378105,0,0
312799,0,0
151643,0,0
-213248,0,0
-500409,0,0
-547705,0,0
-585413,0,0
-485558,0,0
-92117,0,0
351460,0,0
455489,0,0
311488,0,0
-51392,0,0
-338308,0,0
-378836,0,0
-449796,0,0
-591390,0,0
-236648,0,0
175097,0,0
490777,0,0
518760,0,0
202081,0,0
-182793,0,0
-364570,0,0
-343112,0,0
-267368,0,0
-248591,0,0
186548,0,0
513995,0,0
594602,0,0
446283,0,0
203047,0,0
-175373,0,0
-307253,0,0
-336701,0,0
-420272,0,0
-59638,0,0
269552,0,0
385134,0,0
376048,0,0
214827,0,0
-168077,0,0
-504586,0,0
-611056,0,0
-656104,0,0
-384227,0,0
38273,0,0
307528,0,0
336234,0,0
233883,0,0
-66493,0,0
-427693,0,0
-658178,0,0
-577717,0,0
-492967,0,0
-178828,0,0
218093,0,0
348387,0,0
306099,0,0
25479,0,0
-338008,0,0
-582515,0,0
-573400,0,0
-550373,0,0
-402024,0,0
61993,0,0
251133,0,0
300377,0,0
192175,0,0
-80103,0,0
-431513,0,0
-570536,0,0
-619870,0,0
-516204,0,0
-197592,0,0
99513,0,0
292863,0,0
357839,0,0
133617,0,0
-250204,0,0
-527293,0,0
-662669,0,0
-563881,0,0
-496912,0,0
-141990,0,0
223169,0,0
376566,0,0
275760,0,0
22301,0,0
-304557,0,0
-578020,0,0
-580594,0,0
-584295,0,0
-349798,0,0
184492,0,0
378855,0,0
435513,0,0
237889,0,0
-129751,0,0
-496841,0,0
-619082,0,0
-624708,0,0
-389881,0,0
-24672,0,0
303421,0,0
497522,0,0
403027,0,0
88893,0,0
-368030,0,0
-559832,0,0
-563351,0,0
-297518,0,0
-85994,0,0
298756,0,0
559561,0,0
436099,0,0
207243,0,0
-88708,0,0
-350550,0,0
-505692,0,0
-518671,0,0
-410590,0,0
80106,0,0
366444,0,0
367560,0,0
218563,0,0
-92533,0,0
-280134,0,0
-383648,0,0
-395133,0,0
-435590,0,0
-59808,0,0
193899,0,0
363437,0,0
435323,0,0
137819,0,0
-250486,0,0
-495371,0,0
-624092,0,0
-591542,0,0
-393700,0,0
-23253,0,0
444486,0,0
558433,0,0
249618,0,0
-139666,0,0
-505270,0,0
-591769,0,0
-552887,0,0
-485433,0,0
-118815,0,0
256446,0,0
327805,0,0
296898,0,0
49059,0,0
-390745,0,0
-601589,0,0
-602353,0,0
-546868,0,0
-345772,0,0
28575,0,0
207824,0,0
291064,0,0
192629,0,0
-134725,0,0
-428200,0,0
-600452,0,0
-640227,0,0
-610310,0,0
-281812,0,0
101677,0,0
507871,0,0
454514,0,0
213420,0,0
-67464,0,0
-472912,0,0
-663512,0,0
-697239,0,0
-392170,0,0
18246,0,0
349199,0,0
383560,0,0
305685,0,0
-12491,0,0
-367594,0,0
-574076,0,0
-642779,0,0
-569867,0,0
-263779,0,0
166843,0,0
399496,0,0
337523,0,0
80986,0,0
-227798,0,0
-456471,0,0
-578803,0,0
-550672,0,0
-435211,0,0
-25440,0,0
296345,0,0
375015,0,0
214745,0,0
-35898,0,0
-376356,0,0
-592988,0,0
-551349,0,0
-576888,0,0
-251567,0,0
237743,0,0
482233,0,0
348991,0,0
188443,0,0
-198906,0,0
-529408,0,0
-579695,0,0
-651053,0,0
-371922,0,0
129594,0,0
460605,0,0
565856,0,0
384632,0,0
-39853,0,0
-409499,0,0
-483274,0,0
-513162,0,0
-380947,0,0
-138842,0,0
292701,0,0
480048,0,0
446134,0,0
180041,0,0
-204581,0,0
-460391,0,0
-493965,0,0
-480353,0,0
-377669,0,0
12359,0,0
277650,0,0
360655,0,0
254135,0,0
-50314,0,0
-429386,0,0
-591025,0,0
-488790,0,0
-527876,0,0
-190214,0,0
143483,0,0
406626,0,0
380985,0,0
98174,0,0
-311186,0,0
-526094,0,0
-544019,0,0
-564995,0,0
-362422,0,0
-9941,0,0
375141,0,0
414178,0,0
231225,0,0
-92227,0,0
-360019,0,0
-538406,0,0
-574676,0,0
-561520,0,0
-267497,0,0
179502,0,0
393227,0,0
334716,0,0
118408,0,0
-195940,0,0
-499210,0,0
-578895,0,0
-622843,0,0
-427367,0,0
-2150,0,0
236276,0,0
368896,0,0
246505,0,0
-50256,0,0
-399574,0,0
-511787,0,0
-669122,0,0
-510864,0,0
-199537,0,0
135755,0,0
335678,0,0
276161,0,0
50585,0,0
-248658,0,0
-360890,0,0
-444425,0,0
-463511,0,0
-354369,0,0
49183,0,0
408184,0,0
461081,0,0
321900,0,0
73437,0,0
-238683,0,0
-383251,0,0
-285452,0,0
-235374,0,0
99223,0,0
385548,0,0
587863,0,0
601551,0,0
360702,0,0
-68537,0,0
-365899,0,0
-390307,0,0
-369415,0,0
-58073,0,0
208593,0,0
506076,0,0
624837,0,0
437677,0,0
98776,0,0
-246823,0,0
-367548,0,0
-401552,0,0
-388844,0,0
-103444,0,0
259737,0,0
374113,0,0
187599,0,0
-66126,0,0
-391860,0,0
-517472,0,0
-497855,0,0
-548095,0,0
-371117,0,0
-15205,0,0
179791,0,0
279599,0,0
150327,0,0
-151800,0,0
-409400,0,0
-594663,0,0
-721306,0,0
-491837,0,0
-115905,0,0
102160,0,0
307636,0,0
232656,0,0
-26119,0,0
-317735,0,0
-443744,0,0
-545020,0,0
-574828,0,0
-362847,0,0
-9231,0,0
316855,0,0
341878,0,0
200267,0,0
-139821,0,0
-500768,0,0
-641506,0,0
-672182,0,0
-506007,0,0
-143998,0,0
167002,0,0
238404,0,0
385334,0,0
134191,0,0
-341589,0,0
-637236,0,0
-665117,0,0
-609175,0,0
-400963,0,0
28006,0,0
188300,0,0
433834,0,0
289719,0,0
-50208,0,0
-423997,0,0
-650129,0,0
-669140,0,0
-537490,0,0
-160279,0,0
145660,0,0
305727,0,0
231341,0,0
34419,0,0
-383638,0,0
-571416,0,0
-444300,0,0
-569320,0,0
-454872,0,0
-162147,0,0
164259,0,0
480876,0,0
409993,0,0
28445,0,0
-463866,0,0
-598571,0,0
-624287,0,0
-516971,0,0
-201549,0,0
247294,0,0
468096,0,0
402429,0,0
55022,0,0
-291368,0,0
-492935,0,0
-459548,0,0
-466285,0,0
-452748,0,0
-44461,0,0
279169,0,0
368545,0,0
337653,0,0
24173,0,0
-416864,0,0
-528168,0,0
-515394,0,0
-548559,0,0
-206134,0,0
184255,0,0
447287,0,0
404784,0,0
165343,0,0
-249081,0,0
-501936,0,0
-565986,0,0
-514020,0,0
-166876,0,0
44999,0,0
346511,0,0
368638,0,0
224479,0,0
-126007,0,0
-377972,0,0
-444737,0,0
-528972,0,0
-485076,0,0
-180018,0,0
163013,0,0
292381,0,0
341290,0,0
178623,0,0
-171549,0,0
-472062,0,0
-559821,0,0
-585277,0,0
-511715,0,0
-74511,0,0
264184,0,0
458181,0,0
342687,0,0
100770,0,0
-255179,0,0
-550677,0,0
-623678,0,0
-589348,0,0
-211152,0,0
136304,0,0
481422,0,0
462097,0,0
236054,0,0
-175011,0,0
-451013,0,0
-586686,0,0
-569858,0,0
-427547,0,0
-66135,0,0
317988,0,0
356093,0,0
269489,0,0
-40188,0,0
-369255,0,0
-595851,0,0
-537646,0,0
-573644,0,0
-321756,0,0
146166,0,0
287865,0,0
297353,0,0
139866,0,0
-194867,0,0
-480955,0,0
-528925,0,0
-609052,0,0
-550300,0,0
-221768,0,0
62742,0,0
291229,0,0
405702,0,0
134447,0,0
-298193,0,0
-586282,0,0
-660910,0,0
-602986,0,0
-462445,0,0
-30302,0,0
294091,0,0
360969,0,0
277200,0,0
-22807,0,0
-389575,0,0
-602905,0,0
-618296,0,0
-603732,0,0
-233889,0,0
171885,0,0
388799,0,0
436406,0,0
117111,0,0
-260975,0,0
-549743,0,0
-631947,0,0
-607235,0,0
-363596,0,0
-26861,0,0
201855,0,0
410254,0,0
279706,0,0
14924,0,0
-327547,0,0
-473473,0,0
-574662,0,0
-539236,0,0
-374392,0,0
38225,0,0
287442,0,0
331246,0,0
230229,0,0
-84543,0,0
-421518,0,0
-608718,0,0
-602549,0,0
-537251,0,0
-112610,0,0
189720,0,0
363428,0,0
385371,0,0
121497,0,0
-237470,0,0
-566514,0,0
-634687,0,0
-550506,0,0
-380542,0,0
-40061,0,0
327766,0,0
514071,0,0
291100,0,0
-61089,0,0
-413409,0,0
-581764,0,0
-594355,0,0
-524991,0,0
-221623,0,0
147808,0,0
364804,0,0
421314,0,0
219622,0,0
-182513,0,0
-509948,0,0
-622346,0,0
-656381,0,0
-502411,0,0
-75712,0,0
239506,0,0
292720,0,0
258850,0,0
-35838,0,0
-325835,0,0
-484841,0,0
-587997,0,0
-641099,0,0
-402987,0,0
5604,0,0
334062,0,0
404250,0,0
270544,0,0
-91513,0,0
-482014,0,0
-555647,0,0
-540498,0,0
-534432,0,0
-216510,0,0
163649,0,0
301700,0,0
277876,0,0
97513,0,0
-200725,0,0
-407836,0,0
-572925,0,0
-537439,0,0
-415680,0,0
-77075,0,0
143604,0,0
311894,0,0
289216,0,0
-7865,0,0
-402354,0,0
-544845,0,0
-539994,0,0
-549855,0,0
-316377,0,0
60858,0,0
355241,0,0
302006,0,0
109371,0,0
-189284,0,0
-441323,0,0
-558111,0,0
-501574,0,0
-483037,0,0
-227128,0,0
141549,0,0
306794,0,0
304441,0,0
107217,0,0
-205433,0,0
-478290,0,0
-588920,0,0
-621535,0,0
-510167,0,0
-109927,0,0
265262,0,0
491544,0,0
287149,0,0
-16840,0,0
-396225,0,0
-598921,0,0
-576208,0,0
-551045,0,0
-370296,0,0
54736,0,0
345156,0,0
354661,0,0
281828,0,0
-58507,0,0
-462310,0,0
-546336,0,0
-605753,0,0
-531281,0,0
-192499,0,0
260448,0,0
413089,0,0
322918,0,0
83594,0,0
-233916,0,0
-434390,0,0
-532769,0,0
-441933,0,0
-370389,0,0
-19647,0,0
220119,0,0
293175,0,0
274913,0,0
46602,0,0
-323284,0,0
-442502,0,0
-402631,0,0
-558852,0,0
-344684,0,0
52417,0,0
291871,0,0
335882,0,0
212972,0,0
-153252,0,0
-436793,0,0
-522578,0,0
-591849,0,0
-427249,0,0
-206679,0,0
117325,0,0
231256,0,0
282112,0,0
164354,0,0
-105706,0,0
-428760,0,0
-622926,0,0
-584834,0,0
-503885,0,0
-100973,0,0
276973,0,0
351179,0,0
275165,0,0
41369,0,0
-329446,0,0
-549960,0,0
-549242,0,0
-525528,0,0
-339381,0,0
15491,0,0
220195,0,0
352092,0,0
304864,0,0
-50659,0,0
-387802,0,0
-531834,0,0
-589940,0,0
-527848,0,0
-225879,0,0
178453,0,0
343634,0,0
353646,0,0
135633,0,0
-262786,0,0
-548543,0,0
-557313,0,0
-553722,0,0
-506607,0,0
-118927,0,0
146649,0,0
331218,0,0
327494,0,0
56277,0,0
-334121,0,0
-466152,0,0
-507012,0,0
-493201,0,0
-332835,0,0
8879,0,0
253309,0,0
384740,0,0
324372,0,0
-9089,0,0
-344057,0,0
-482699,0,0
-532414,0,0
-527178,0,0
-213593,0,0
177209,0,0
444465,0,0
394653,0,0
169771,0,0
-147021,0,0
-423408,0,0
-471377,0,0
-570250,0,0
-449717,0,0
-38051,0,0
246274,0,0
468316,0,0
367538,0,0
92336,0,0
-348452,0,0
-596269,0,0
-476350,0,0
-483390,0,0
-373986,0,0
12989,0,0
327914,0,0
421912,0,0
231154,0,0
-93902,0,0
-305979,0,0
-534256,0,0
-602307,0,0
-586502,0,0
-188571,0,0
258547,0,0
444609,0,0
480313,0,0
153315,0,0
-233229,0,0
-510218,0,0
-527226,0,0
-569254,0,0
-400075,0,0
33186,0,0
247848,0,0
436776,0,0
338679,0,0
7380,0,0
-402258,0,0
-504617,0,0
-576113,0,0
-532527,0,0
-286306,0,0
152796,0,0
504066,0,0
480227,0,0
184029,0,0
-192795,0,0
-454481,0,0
-527389,0,0
-507376,0,0
-438001,0,0
-4690,0,0
278883,0,0
397480,0,0
455713,0,0
213191,0,0
-289421,0,0
-506552,0,0
-511480,0,0
-548975,0,0
-188625,0,0
208819,0,0
452285,0,0
594418,0,0
346725,0,0
-183855,0,0
-449952,0,0
-516606,0,0
-496939,0,0
-375363,0,0
20719,0,0
370074,0,0
475417,0,0
201752,0,0
-137109,0,0
-363618,0,0
-195487,0,0
-165767,0,0
-422527,0,0
-203248,0,0
222384,0,0
523011,0,0
460265,0,0
150748,0,0
-273370,0,0
-520335,0,0
-333949,0,0
-325750,0,0
-131639,0,0
271147,0,0
488068,0,0
522507,0,0
359462,0,0
-1646,0,0
-426058,0,0
-523311,0,0
-463880,0,0
-489546,0,0
20556,0,0
329404,0,0
573044,0,0
502573,0,0
116063,0,0
-208304,0,0
-404856,0,0
-529957,0,0
-546083,0,0
-195492,0,0
188904,0,0
445865,0,0
367669,0,0
104793,0,0
-178518,0,0
-453751,0,0
-459883,0,0
-509549,0,0
-303063,0,0
61839,0,0
442187,0,0
521404,0,0
385060,0,0
59032,0,0
-366457,0,0
-494568,0,0
-523415,0,0
-500829,0,0
-177585,0,0
223361,0,0
460982,0,0
385684,0,0
41457,0,0
-356731,0,0
-525380,0,0
-609255,0,0
-451229,0,0
-201365,0,0
99650,0,0
355260,0,0
377576,0,0
120893,0,0
-197110,0,0
-482289,0,0
-598760,0,0
-491520,0,0
-526777,0,0
-223870,0,0
194231,0,0
364041,0,0
370466,0,0
124476,0,0
-355267,0,0
-635649,0,0
-660706,0,0
-676388,0,0
-421584,0,0
-12503,0,0
281049,0,0
386238,0,0
287939,0,0
-85537,0,0
-512427,0,0
-632781,0,0
-593627,0,0
-527628,0,0
-221997,0,0
130788,0,0
297628,0,0
292994,0,0
92336,0,0
-242624,0,0
-545293,0,0
-603595,0,0
-450631,0,0
-460766,0,0
-67149,0,0
288207,0,0
309443,0,0
283757,0,0
16052,0,0
-362777,0,0
-595478,0,0
-611003,0,0
-542000,0,0
-174568,0,0
149271,0,0
397793,0,0
352990,0,0
96104,0,0
-303082,0,0
-544219,0,0
-640745,0,0
-608860,0,0
-487552,0,0
-112651,0,0
295060,0,0
377928,0,0
225449,0,0
-78685,0,0
-391934,0,0
-581754,0,0
-570920,0,0
-598439,0,0
-346904,0,0
52719,0,0
276809,0,0
362659,0,0
175324,0,0
-153509,0,0
-506456,0,0
-594796,0,0
-599339,0,0
-588250,0,0
-279295,0,0
40833,0,0
276554,0,0
265577,0,0
134703,0,0
-210733,0,0
-520129,0,0
-726986,0,0
-721308,0,0
-572863,0,0
-63574,0,0
426364,0,0
400366,0,0
223481,0,0
-53453,0,0
-374849,0,0
-581233,0,0
-527971,0,0
-568633,0,0
-333523,0,0
33463,0,0
230884,0,0
365031,0,0
281000,0,0
-76923,0,0
-473983,0,0
-528548,0,0
-539994,0,0
-468896,0,0
-261240,0,0
48051,0,0
366377,0,0
395167,0,0
108529,0,0
-225561,0,0
-453220,0,0
-620586,0,0
-677327,0,0
-492920,0,0
115835,0,0
427795,0,0
362499,0,0
261725,0,0
-28983,0,0
-386743,0,0
-524159,0,0
-543990,0,0
-538758,0,0
-257977,0,0
111996,0,0
333472,0,0
423647,0,0
259922,0,0
-91921,0,0
-431041,0,0
-539083,0,0
-571096,0,0
-479849,0,0
-152589,0,0
300280,0,0
457044,0,0
326690,0,0
62125,0,0
-268331,0,0
-543583,0,0
-598389,0,0
-531920,0,0
-355967,0,0
1844,0,0
246958,0,0
370290,0,0
286172,0,0
-65163,0,0
-401302,0,0
-467543,0,0
-553060,0,0
-600503,0,0
-273880,0,0
80528,0,0
389476,0,0
455627,0,0
154329,0,0
-204392,0,0
-493876,0,0
-586588,0,0
-547241,0,0
-439840,0,0
-44497,0,0
318571,0,0
463433,0,0
366630,0,0
72768,0,0
-349027,0,0
-564295,0,0
-548274,0,0
-573547,0,0
-365012,0,0
50651,0,0
316289,0,0
312446,0,0
241888,0,0
-43648,0,0
-243867,0,0
-282151,0,0
-607050,0,0
-646395,0,0
-257245,0,0
102172,0,0
375190,0,0
459015,0,0
245346,0,0
-56955,0,0
-407262,0,0
-509740,0,0
-504208,0,0
-383337,0,0
-18521,0,0
359247,0,0
418803,0,0
324711,0,0
-8513,0,0
-453295,0,0
-591406,0,0
-579654,0,0
-516633,0,0
-139806,0,0
236213,0,0
400601,0,0
367479,0,0
119273,0,0
-266459,0,0
-540017,0,0
-607911,0,0
-601552,0,0
-368767,0,0
77975,0,0
300468,0,0
386556,0,0
238032,0,0
-49586,0,0
-362617,0,0
-536260,0,0
-533180,0,0
-562060,0,0
-203142,0,0
249918,0,0
551204,0,0
436040,0,0
152898,0,0
-202561,0,0
-465467,0,0
-482460,0,0
-570859,0,0
-457425,0,0
-9199,0,0
355101,0,0
493024,0,0
426447,0,0
-9721,0,0
-478432,0,0
-572173,0,0
-549437,0,0
-472929,0,0
-142848,0,0
220548,0,0
445790,0,0
419845,0,0
152155,0,0
-167143,0,0
-383522,0,0
-538142,0,0
-492276,0,0
-311950,0,0
170979,0,0
571762,0,0
551463,0,0
255572,0,0
-104463,0,0
-428430,0,0
-473350,0,0
-455773,0,0
-555113,0,0
-176818,0,0
227842,0,0
475855,0,0
400184,0,0
137388,0,0
-184595,0,0
-306101,0,0
-268986,0,0
-391163,0,0
-154789,0,0
193383,0,0
417890,0,0
515605,0,0
412963,0,0
114169,0,0
-203850,0,0
-240960,0,0
-263705,0,0
-250578,0,0
126012,0,0
404295,0,0
504707,0,0
416471,0,0
97245,0,0
-196863,0,0
-416651,0,0
-362493,0,0
-355085,0,0
-262548,0,0
301763,0,0
574177,0,0
511844,0,0
423862,0,0
271547,0,0
-45982,0,0
-205027,0,0
-426976,0,0
-229542,0,0
260710,0,0
704749,0,0
787666,0,0
686267,0,0
291467,0,0
-103805,0,0
-164248,0,0
-148626,0,0
-122541,0,0
120071,0,0
377941,0,0
523227,0,0
521793,0,0
310471,0,0
137966,0,0
-69793,0,0
-151291,0,0
-206150,0,0
-98283,0,0
268311,0,0
607116,0,0
538027,0,0
288840,0,0
-43549,0,0
-390683,0,0
-321795,0,0
-207407,0,0
-135152,0,0
227536,0,0
373760,0,0
439722,0,0
381761,0,0
163530,0,0
-190080,0,0
-228378,0,0
-215829,0,0
-198834,0,0
71452,0,0
254212,0,0
397181,0,0
496448,0,0
264471,0,0
-92031,0,0
-235437,0,0
-354659,0,0
-295314,0,0
-77419,0,0
324516,0,0
595844,0,0
598079,0,0
422446,0,0
125372,0,0
-172360,0,0
-333229,0,0
-264642,0,0
-200792,0,0
30902,0,0
359182,0,0
485541,0,0
435089,0,0
133582,0,0
-268448,0,0
-571541,0,0
-466340,0,0
-449651,0,0
-258871,0,0
191814,0,0
356920,0,0
422267,0,0
290659,0,0
-142249,0,0
-468255,0,0
-653245,0,0
-727468,0,0
-495829,0,0
23068,0,0
295185,0,0
372255,0,0
217885,0,0
-200421,0,0
-462342,0,0
-575708,0,0
-641943,0,0
-590529,0,0
-177281,0,0
164422,0,0
350405,0,0
256379,0,0
-71826,0,0
-336317,0,0
-625272,0,0
-692559,0,0
-653888,0,0
-386681,0,0
158317,0,0
294908,0,0
115647,0,0
61075,0,0
-122714,0,0
-548853,0,0
-678465,0,0
-655276,0,0
-368092,0,0
-36332,0,0
234639,0,0
319484,0,0
237371,0,0
-51986,0,0
-336994,0,0
-404402,0,0
-580867,0,0
-562794,0,0
-253837,0,0
244381,0,0
432771,0,0
345849,0,0
56244,0,0
-305812,0,0
-567973,0,0
-400087,0,0
-404784,0,0
-174667,0,0
273485,0,0
541348,0,0
506850,0,0
404642,0,0
243371,0,0
-64267,0,0
-219798,0,0
-212182,0,0
-222225,0,0
101637,0,0
488029,0,0
582215,0,0
534176,0,0
252685,0,0
-230955,0,0
-494526,0,0
-560469,0,0
-576481,0,0
-396503,0,0
27901,0,0
349024,0,0
385337,0,0
152169,0,0
-233410,0,0
-533235,0,0
-691554,0,0
-749275,0,0
-634792,0,0
-235867,0,0
283684,0,0
373729,0,0
245039,0,0
54142,0,0
-230196,0,0
-508239,0,0
-546389,0,0
-538348,0,0
-261027,0,0
166379,0,0
377921,0,0
373519,0,0
210594,0,0
-125160,0,0
-405045,0,0
-551371,0,0
-702047,0,0
-461604,0,0
35905,0,0
363848,0,0
412862,0,0
209050,0,0
-212084,0,0
-521440,0,0
-646019,0,0
-678349,0,0
-612744,0,0
-275634,0,0
91560,0,0
320381,0,0
172955,0,0
-169202,0,0
-450776,0,0
-674888,0,0
-693983,0,0
-521162,0,0
-410791,0,0
-112540,0,0
113196,0,0
232936,0,0
89688,0,0
-224824,0,0
-583701,0,0
-638095,0,0
-713662,0,0
-698605,0,0
-359361,0,0
43075,0,0
275723,0,0
323706,0,0
-21556,0,0
-468802,0,0
-673171,0,0
-612780,0,0
-636895,0,0
-484944,0,0
-112034,0,0
284890,0,0
385949,0,0
214945,0,0
-144008,0,0
-483108,0,0
-681580,0,0
-628009,0,0
-544033,0,0
-193873,0,0
151282,0,0
245049,0,0
172326,0,0
-49796,0,0
-418111,0,0
-566961,0,0
-438600,0,0
-509163,0,0
-480830,0,0
-140345,0,0
150991,0,0
316417,0,0
227792,0,0
-106095,0,0
-407845,0,0
-599914,0,0
-656613,0,0
-497427,0,0
-105215,0,0
174064,0,0
423410,0,0
306527,0,0
7932,0,0
-335271,0,0
-559040,0,0
-613445,0,0
-595232,0,0
-436185,0,0
-16970,0,0
333251,0,0
334871,0,0
175236,0,0
-57388,0,0
-401624,0,0
-524517,0,0
-498629,0,0
-508668,0,0
-267208,0,0
88546,0,0
359673,0,0
394018,0,0
135284,0,0
-270684,0,0
-498447,0,0
-604365,0,0
-545090,0,0
-420687,0,0
-9452,0,0
306174,0,0
505824,0,0
323728,0,0
-31716,0,0
-357770,0,0
-595588,0,0
-599368,0,0
-572553,0,0
-269671,0,0
120185,0,0
443372,0,0
428859,0,0
189792,0,0
-262436,0,0
-602952,0,0
-626238,0,0
-621385,0,0
-500580,0,0
-4731,0,0
267919,0,0
378964,0,0
370660,0,0
4026,0,0
-457643,0,0
-627534,0,0
-594283,0,0
-533694,0,0
-321790,0,0
34596,0,0
315132,0,0
398652,0,0
185365,0,0
-150025,0,0
-492114,0,0
-568954,0,0
-618946,0,0
-632617,0,0
-206319,0,0
247538,0,0
410543,0,0
364124,0,0
80778,0,0
-339618,0,0
-565880,0,0
-616620,0,0
-602454,0,0
-345850,0,0
91266,0,0
285138,0,0
365193,0,0
213612,0,0
-127779,0,0
-357613,0,0
-492210,0,0
-591087,0,0
-531010,0,0
-156576,0,0
188651,0,0
365134,0,0
312762,0,0
129716,0,0
-208405,0,0
-467787,0,0
-544468,0,0
-520646,0,0
-351794,0,0
57916,0,0
266567,0,0
374524,0,0
267998,0,0
-61171,0,0
-447678,0,0
-567540,0,0
-620777,0,0
-539970,0,0
-141009,0,0
186319,0,0
360537,0,0
334829,0,0
134219,0,0
-224053,0,0
-489377,0,0
-564417,0,0
-549683,0,0
-430723,0,0
-59816,0,0
344535,0,0
425208,0,0
270064,0,0
-9622,0,0
-355258,0,0
-538297,0,0
-585197,0,0
-602716,0,0
-311114,0,0
246118,0,0
403724,0,0
376662,0,0
203198,0,0
-144092,0,0
-490505,0,0
-621592,0,0
-641162,0,0
-426286,0,0
78841,0,0
301074,0,0
373936,0,0
303039,0,0
-19223,0,0
-330934,0,0
-516772,0,0
-598175,0,0
-486490,0,0
-304083,0,0
59454,0,0
298289,0,0
333710,0,0
209217,0,0
-89443,0,0
-450005,0,0
-533039,0,0
-490758,0,0
-578714,0,0
-177959,0,0
229378,0,0
366660,0,0
321552,0,0
107732,0,0
-279094,0,0
-463543,0,0
-470862,0,0
-574752,0,0
-466543,0,0
-29252,0,0
281880,0,0
448422,0,0
275774,0,0
-61216,0,0
-371195,0,0
-573301,0,0
-572515,0,0
-542487,0,0
-256846,0,0
139500,0,0
350369,0,0
330185,0,0
163671,0,0
-127863,0,0
-422904,0,0
-529437,0,0
-529037,0,0
-517422,0,0
-100888,0,0
232551,0,0
384967,0,0
345121,0,0
27740,0,0
-379384,0,0
-487040,0,0
-522858,0,0
-596388,0,0
-292760,0,0
150852,0,0
392090,0,0
393756,0,0
167191,0,0
-167330,0,0
-433151,0,0
-521135,0,0
-393811,0,0
-500926,0,0
-214754,0,0
254622,0,0
492964,0,0
387859,0,0
87083,0,0
-312847,0,0
-423841,0,0
-247518,0,0
-408901,0,0
-350109,0,0
29869,0,0
392982,0,0
609694,0,0
461398,0,0
42855,0,0
-415722,0,0
-518512,0,0
-540307,0,0
-483705,0,0
-98716,0,0
239515,0,0
411729,0,0
330399,0,0
40902,0,0
-313658,0,0
-590089,0,0
-627351,0,0
-553667,0,0
-412725,0,0
-51007,0,0
270469,0,0
335983,0,0
216166,0,0
-42750,0,0
-381397,0,0
-583554,0,0
-583756,0,0
-639201,0,0
-374367,0,0
65712,0,0
275918,0,0
341974,0,0
196233,0,0
-206380,0,0
-496427,0,0
-546973,0,0
-507397,0,0
-512800,0,0
-217095,0,0
155597,0,0
371090,0,0
356173,0,0
130604,0,0
-168992,0,0
-530077,0,0
-560787,0,0
-519561,0,0
-407141,0,0
-26272,0,0
244024,0,0
436404,0,0
325900,0,0
-59159,0,0
-465358,0,0
-563009,0,0
-565924,0,0
-581096,0,0
-250970,0,0
55599,0,0
306413,0,0
447363,0,0
168149,0,0
-210959,0,0
-421370,0,0
-595635,0,0
-622378,0,0
-483183,0,0
-89215,0,0
279940,0,0
426479,0,0
440401,0,0
221133,0,0
-300298,0,0
-686365,0,0
-600507,0,0
-603739,0,0
-333796,0,0
169950,0,0
647574,0,0
736664,0,0
473609,0,0
-45293,0,0
-454009,0,0
-553521,0,0
-557797,0,0
-460356,0,0
-136143,0,0
180330,0,0
504547,0,0
491332,0,0
121424,0,0
-279693,0,0
-506356,0,0
-580679,0,0
-568338,0,0
-367310,0,0
49370,0,0
369979,0,0
414334,0,0
215530,0,0
-113746,0,0
-356233,0,0
-385647,0,0
-499507,0,0
-539902,0,0
-163371,0,0
248252,0,0
380315,0,0
373937,0,0
70897,0,0
-308513,0,0
-507156,0,0
-566032,0,0
-602407,0,0
-287315,0,0
183691,0,0
486908,0,0
527514,0,0
235644,0,0
-152902,0,0
-442254,0,0
-509153,0,0
-395941,0,0
-260916,0,0
52479,0,0
456825,0,0
625641,0,0
404709,0,0
59992,0,0
-307249,0,0
-401425,0,0
-305366,0,0
-305522,0,0
-209222,0,0
191924,0,0
461482,0,0
460267,0,0
249083,0,0
-97524,0,0
-411791,0,0
-422745,0,0
-477230,0,0
-354130,0,0
44007,0,0
261120,0,0
375513,0,0
255335,0,0
-58014,0,0
-374761,0,0
-333469,0,0
-406075,0,0
-511643,0,0
-302688,0,0
42328,0,0
348628,0,0
339425,0,0
151075,0,0
-91272,0,0
-463246,0,0
-621352,0,0
-646980,0,0
-445682,0,0
-35690,0,0
346175,0,0
442624,0,0
245310,0,0
-93428,0,0
-503366,0,0
-526268,0,0
-465028,0,0
-492367,0,0
-177590,0,0
117247,0,0
349413,0,0
390265,0,0
165600,0,0
-226369,0,0
-401396,0,0
-588929,0,0
-585180,0,0
-361779,0,0
50360,0,0
378201,0,0
540026,0,0
336563,0,0
-50185,0,0
-388864,0,0
-519814,0,0
-466391,0,0
-405189,0,0
-165403,0,0
239518,0,0
423184,0,0
333147,0,0
71294,0,0
-332303,0,0
-578579,0,0
-579279,0,0
-596998,0,0
-385092,0,0
81241,0,0
336210,0,0
368611,0,0
224027,0,0
-116390,0,0
-463762,0,0
-610713,0,0
-672314,0,0
-500066,0,0
-166105,0,0
130044,0,0
320257,0,0
262649,0,0
58582,0,0
-199179,0,0
-464978,0,0
-662109,0,0
-631827,0,0
-481376,0,0
-58932,0,0
310199,0,0
382975,0,0
193387,0,0
-94418,0,0
-440460,0,0
-595680,0,0
-496491,0,0
-565153,0,0
-260896,0,0
159010,0,0
339584,0,0
268869,0,0
65406,0,0
-283922,0,0
-393657,0,0
-492391,0,0
-632019,0,0
-494790,0,0
-15307,0,0
407256,0,0
523436,0,0
302336,0,0
-55457,0,0
-269107,0,0
-504843,0,0
-486267,0,0
-501386,0,0
-248133,0,0
162358,0,0
497575,0,0
500874,0,0
316636,0,0
-39472,0,0
-517536,0,0
-586938,0,0
-501800,0,0
-360341,0,0
57601,0,0
399135,0,0
517154,0,0
362758,0,0
-27615,0,0
-356489,0,0
-291614,0,0
-391477,0,0
-380372,0,0
-48077,0,0
218408,0,0
471838,0,0
442553,0,0
129846,0,0
-169369,0,0
-415114,0,0
-620077,0,0
-510757,0,0
-314644,0,0
69354,0,0
459986,0,0
435628,0,0
209106,0,0
-80100,0,0
-449432,0,0
-630670,0,0
-579310,0,0
-494127,0,0
-116629,0,0
167520,0,0
265204,0,0
342179,0,0
39150,0,0
-387696,0,0
-605816,0,0
-611430,0,0
-652779,0,0
-383909,0,0
7497,0,0
267921,0,0
357342,0,0
190533,0,0
-96585,0,0
-399725,0,0
-566854,0,0
-602268,0,0
-390764,0,0
-168664,0,0
166840,0,0
353271,0,0
321584,0,0
94845,0,0
-265373,0,0
-523470,0,0
-627392,0,0
-654715,0,0
-487431,0,0
7944,0,0
269328,0,0
393031,0,0
324579,0,0
-8391,0,0
-345109,0,0
-509577,0,0
-597268,0,0
-576627,0,0
-186795,0,0
253988,0,0
497744,0,0
510274,0,0
288332,0,0
86286,0,0
-251787,0,0
-469543,0,0
-464872,0,0
-269946,0,0
82065,0,0
446984,0,0
464250,0,0
261059,0,0
-24292,0,0
-384338,0,0
-570482,0,0
-548277,0,0
-553113,0,0
-222859,0,0
185345,0,0
333635,0,0
297877,0,0
75765,0,0
-322845,0,0
-592724,0,0
-669255,0,0
-686984,0,0
-540795,0,0
-144707,0,0
198621,0,0
360758,0,0
245929,0,0
-120865,0,0
-422872,0,0
-671171,0,0
-665073,0,0
-587974,0,0
-346227,0,0
34658,0,0
251059,0,0
251835,0,0
199601,0,0
-78324,0,0
-485014,0,0
-500661,0,0
-518276,0,0
-538158,0,0
-161391,0,0
210753,0,0
404422,0,0
535682,0,0
385146,0,0
-8001,0,0
-198233,0,0
-363046,0,0
-488885,0,0
-320569,0,0
112171,0,0
466663,0,0
564342,0,0
327969,0,0
30501,0,0
-237861,0,0
-510581,0,0
-430259,0,0
-511786,0,0
-279057,0,0
170394,0,0
383706,0,0
338033,0,0
148096,0,0
-191512,0,0
-637350,0,0
-708637,0,0
-703637,0,0
-434659,0,0
131884,0,0
471214,0,0
476549,0,0
232886,0,0
-149338,0,0
-346117,0,0
-523003,0,0
-587549,0,0
-347005,0,0
143424,0,0
491704,0,0
674137,0,0
590194,0,0
284458,0,0
-55201,0,0
-289765,0,0
-461696,0,0
-366468,0,0
-37608,0,0
351271,0,0
590915,0,0
568843,0,0
330464,0,0
31509,0,0
-359493,0,0
-394985,0,0
-303878,0,0
-351476,0,0
54802,0,0
368970,0,0
441421,0,0
307829,0,0
18014,0,0
-434865,0,0
-609207,0,0
-652770,0,0
-642710,0,0
-277106,0,0
102304,0,0
334338,0,0
354046,0,0
107575,0,0
-249197,0,0
-409655,0,0
-608260,0,0
-661124,0,0
-606606,0,0
-229808,0,0
164921,0,0
408417,0,0
270306,0,0
-32158,0,0
-369404,0,0
-665776,0,0
-670664,0,0
-672357,0,0
-481704,0,0
18258,0,0
228024,0,0
284560,0,0
148541,0,0
-111676,0,0
-391256,0,0
-527244,0,0
-649086,0,0
-601987,0,0
-256736,0,0
109888,0,0
417554,0,0
404661,0,0
76318,0,0
-298907,0,0
-516401,0,0
-580960,0,0
-456125,0,0
-306763,0,0
90802,0,0
390247,0,0
385603,0,0
224802,0,0
-61627,0,0
-447505,0,0
-628129,0,0
-464035,0,0
-442814,0,0
-107664,0,0
181757,0,0
340987,0,0
403131,0,0
174594,0,0
-193719,0,0
-456065,0,0
-619134,0,0
-721818,0,0
-459566,0,0
-28585,0,0
376645,0,0
516656,0,0
301172,0,0
-80553,0,0
-459019,0,0
-549203,0,0
-617357,0,0
-535260,0,0
-229618,0,0
156004,0,0
452245,0,0
354773,0,0
180369,0,0
-109429,0,0
-519494,0,0
-606603,0,0
-559912,0,0
-401744,0,0
46521,0,0
409122,0,0
437061,0,0
251962,0,0
-130064,0,0
-465362,0,0
-605664,0,0
-610444,0,0
-475505,0,0
62719,0,0
302881,0,0
274417,0,0
248291,0,0
-48273,0,0
-305352,0,0
-510141,0,0
-584572,0,0
-612564,0,0
-429051,0,0
-87922,0,0
322683,0,0
333424,0,0
171069,0,0
-73511,0,0
-415933,0,0
-606910,0,0
-645853,0,0
-619086,0,0
-380652,0,0
141459,0,0
335197,0,0
257339,0,0
131931,0,0
-223152,0,0
-494963,0,0
-508693,0,0
-620069,0,0
-604331,0,0
-228829,0,0
99531,0,0
385758,0,0
300910,0,0
25812,0,0
-237825,0,0
-395007,0,0
-526164,0,0
-661158,0,0
-440584,0,0
-940,0,0
386308,0,0
424200,0,0
240615,0,0
-88108,0,0
-470765,0,0
-448740,0,0
-473442,0,0
-552142,0,0
-229357,0,0
207528,0,0
311884,0,0
344741,0,0
115110,0,0
-224533,0,0
-451397,0,0
-577033,0,0
-446241,0,0
-228061,0,0
-42036,0,0
181653,0,0
315771,0,0
235604,0,0
-26919,0,0
-322422,0,0
-578996,0,0
-565935,0,0
-547481,0,0
-281238,0,0
152210,0,0
389628,0,0
337623,0,0
189607,0,0
-139353,0,0
-465735,0,0
-517803,0,0
-618483,0,0
-559704,0,0
-76799,0,0
400943,0,0
499441,0,0
335138,0,0
992,0,0
-343882,0,0
-404010,0,0
-485351,0,0
-537225,0,0
-378790,0,0
3151,0,0
416946,0,0
528733,0,0
281947,0,0
-119560,0,0
-498623,0,0
-602061,0,0
-483282,0,0
-416136,0,0
-99698,0,0
227808,0,0
379926,0,0
379712,0,0
138946,0,0
-227770,0,0
-460225,0,0
-483053,0,0
-577328,0,0
-326085,0,0
75553,0,0
349673,0,0
446243,0,0
278487,0,0
-104750,0,0
-355675,0,0
-532886,0,0
-606270,0,0
-500961,0,0
-185700,0,0
139954,0,0
386276,0,0
387116,0,0
101735,0,0
-226153,0,0
-549257,0,0
-618508,0,0
-577125,0,0
-470764,0,0
-2387,0,0
314861,0,0
324407,0,0
257278,0,0
-45574,0,0
-454678,0,0
-519455,0,0
-491055,0,0
-549975,0,0
-262842,0,0
92161,0,0
367225,0,0
401347,0,0
150704,0,0
-177898,0,0
-382270,0,0
-542058,0,0
-552892,0,0
-458392,0,0
-75855,0,0
415892,0,0
454735,0,0
253743,0,0
-16399,0,0
-334938,0,0
-585579,0,0
-570390,0,0
-523688,0,0
-270210,0,0
210005,0,0
359929,0,0
392003,0,0
207754,0,0
-151936,0,0
-453598,0,0
-510804,0,0
-591873,0,0
-545913,0,0
-130920,0,0
200983,0,0
483596,0,0
418600,0,0
100376,0,0
-274448,0,0
-531770,0,0
-655265,0,0
-535107,0,0
-356693,0,0
-19729,0,0
334557,0,0
533721,0,0
538986,0,0
297679,0,0
-78637,0,0
-435912,0,0
-444378,0,0
-526313,0,0
-95120,0,0
443626,0,0
634428,0,0
588576,0,0
276048,0,0
-151214,0,0
-326038,0,0
-379154,0,0
-471575,0,0
-107444,0,0
235441,0,0
524688,0,0
598139,0,0
301523,0,0
-46279,0,0
-372408,0,0
-463231,0,0
-580440,0,0
-362816,0,0
-19463,0,0
288119,0,0
462335,0,0
315415,0,0
11770,0,0
-402596,0,0
-619698,0,0
-621798,0,0
-568660,0,0
-337376,0,0
133744,0,0
376434,0,0
317239,0,0
124742,0,0
-256539,0,0
-547882,0,0
-539960,0,0
-425057,0,0
-443959,0,0
14467,0,0
268702,0,0
380763,0,0
291543,0,0
-8473,0,0
-297150,0,0
-495015,0,0
-615194,0,0
-599255,0,0
-284047,0,0
37172,0,0
381054,0,0
339731,0,0
106270,0,0
-167124,0,0
-461383,0,0
-547369,0,0
-461920,0,0
-419670,0,0
-98122,0,0
234037,0,0
301580,0,0
306261,0,0
30554,0,0
-408602,0,0
-393858,0,0
-354253,0,0
-440232,0,0
-250775,0,0
114409,0,0
355584,0,0
434652,0,0
198526,0,0
-174369,0,0
-420859,0,0
-486861,0,0
-408430,0,0
-194938,0,0
132550,0,0
422613,0,0
511970,0,0
223179,0,0
-103503,0,0
-402101,0,0
-488013,0,0
-213070,0,0
-270604,0,0
-199608,0,0
163666,0,0
369320,0,0
288922,0,0
109791,0,0
-270332,0,0
-565239,0,0
-284532,0,0
-387705,0,0
-158439,0,0
196643,0,0
397091,0,0
386667,0,0
257942,0,0
-54692,0,0
-221216,0,0
-73682,0,0
-179765,0,0
-3577,0,0
275245,0,0
472397,0,0
601513,0,0
479596,0,0
195509,0,0
-129436,0,0
-351850,0,0
-506390,0,0
-352182,0,0
-279527,0,0
133244,0,0
376513,0,0
228286,0,0
53037,0,0
-210567,0,0
-532537,0,0
-717364,0,0
-598819,0,0
-541958,0,0
-191108,0,0
339853,0,0
475054,0,0
380225,0,0
94507,0,0
-474279,0,0
-651229,0,0
-657844,0,0
-653572,0,0
-229423,0,0
274601,0,0
439304,0,0
392866,0,0
123157,0,0
-246697,0,0
-493548,0,0
-610927,0,0
-515828,0,0
-335533,0,0
-85624,0,0
287108,0,0
505324,0,0
310889,0,0
-26552,0,0
-237516,0,0
-423074,0,0
-486556,0,0
-509005,0,0
-265210,0,0
235490,0,0
453384,0,0
436630,0,0
288715,0,0
32013,0,0
-276142,0,0
-224015,0,0
-448579,0,0
-384343,0,0
96528,0,0
336700,0,0
401730,0,0
249092,0,0
-137341,0,0
-405340,0,0
-396322,0,0
-516132,0,0
-510463,0,0
-145682,0,0
285549,0,0
481705,0,0
276952,0,0
-52306,0,0
-325509,0,0
-423854,0,0
-533966,0,0
-442196,0,0
-337880,0,0
166623,0,0
516823,0,0
429469,0,0
287001,0,0
-46165,0,0
-421726,0,0
-465978,0,0
-503721,0,0
-509473,0,0
-63661,0,0
233797,0,0
289125,0,0
236332,0,0
-96652,0,0
-447329,0,0
-653280,0,0
-697632,0,0
-624345,0,0
-308752,0,0
6182,0,0
197695,0,0
258202,0,0
68386,0,0
-225717,0,0
-576633,0,0
-750505,0,0
-675526,0,0
-595388,0,0
-269483,0,0
166124,0,0
312089,0,0
262804,0,0
76457,0,0
-356587,0,0
-611301,0,0
-622019,0,0
-677559,0,0
-497108,0,0
-8713,0,0
333585,0,0
460977,0,0
254519,0,0
-176629,0,0
-473681,0,0
-573039,0,0
-636519,0,0
-588974,0,0
-206518,0,0
155130,0,0
404544,0,0
373589,0,0
81619,0,0
-217268,0,0
-431928,0,0
-448850,0,0
-437690,0,0
-266987,0,0
115359,0,0
514313,0,0
518483,0,0
381374,0,0
145094,0,0
-172359,0,0
-408759,0,0
-493227,0,0
-583974,0,0
-232226,0,0
223901,0,0
362126,0,0
433729,0,0
171615,0,0
-255778,0,0
-440793,0,0
-497975,0,0
-523168,0,0
-297204,0,0
81028,0,0
337656,0,0
476269,0,0
210284,0,0
-33842,0,0
-229328,0,0
-445030,0,0
-543689,0,0
-521836,0,0
-214076,0,0
181248,0,0
385988,0,0
308167,0,0
91121,0,0
-310290,0,0
-665037,0,0
-603035,0,0
-550651,0,0
-338339,0,0
43516,0,0
235174,0,0
275170,0,0
166867,0,0
-180292,0,0
-367796,0,0
-387490,0,0
-643849,0,0
-579790,0,0
-187495,0,0
236176,0,0
438570,0,0
355103,0,0
10603,0,0
-330378,0,0
-539226,0,0
-670829,0,0
-585107,0,0
-397516,0,0
22174,0,0
372170,0,0
576603,0,0
387210,0,0
8273,0,0
-464704,0,0
-610330,0,0
-527147,0,0
-484013,0,0
-100238,0,0
278459,0,0
342075,0,0
339695,0,0
82028,0,0
-378175,0,0
-543663,0,0
-619032,0,0
-565822,0,0
-110245,0,0
216045,0,0
288304,0,0
351178,0,0
158749,0,0
-200720,0,0
-475460,0,0
-587702,0,0
-411072,0,0
-254246,0,0
-72468,0,0
371694,0,0
587121,0,0
441592,0,0
54161,0,0
-390091,0,0
-641843,0,0
-591331,0,0
-550526,0,0
-272354,0,0
182732,0,0
336432,0,0
302735,0,0
117007,0,0
-158986,0,0
-377341,0,0
-385862,0,0
-609352,0,0
-523411,0,0
-68757,0,0
242816,0,0
438469,0,0
319157,0,0
-35553,0,0
-348574,0,0
-513206,0,0
-682149,0,0
-600585,0,0
-195282,0,0
116919,0,0
422012,0,0
344348,0,0
61661,0,0
-241336,0,0
-545107,0,0
-700585,0,0
-580862,0,0
-536540,0,0
-164239,0,0
254747,0,0
317890,0,0
330380,0,0
68461,0,0
-373067,0,0
-616447,0,0
-621744,0,0
-631459,0,0
-211958,0,0
228908,0,0
370190,0,0
436287,0,0
218808,0,0
-107146,0,0
-459324,0,0
-498641,0,0
-396917,0,0
-273844,0,0
114248,0,0
513170,0,0
568858,0,0
335741,0,0
65475,0,0
-293001,0,0
-312581,0,0
-237959,0,0
-327608,0,0
-215658,0,0
186069,0,0
394297,0,0
367966,0,0
195892,0,0
-206494,0,0
-557996,0,0
-588171,0,0
-467059,0,0
-405840,0,0
18659,0,0
258439,0,0
431577,0,0
314414,0,0
-80062,0,0
-441676,0,0
-553939,0,0
-554627,0,0
-500812,0,0
-135478,0,0
195889,0,0
438076,0,0
368094,0,0
105426,0,0
-214454,0,0
-449205,0,0
-509581,0,0
-420692,0,0
-173227,0,0
245076,0,0
634262,0,0
597468,0,0
423327,0,0
60642,0,0
-387353,0,0
-443914,0,0
-498000,0,0
-485479,0,0
-32723,0,0
322248,0,0
328870,0,0
307454,0,0
69684,0,0
-248536,0,0
-339341,0,0
-457436,0,0
-599511,0,0
-286781,0,0
96459,0,0
309109,0,0
377939,0,0
71492,0,0
-227211,0,0
-347088,0,0
-476203,0,0
-523650,0,0
-450937,0,0
-210198,0,0
86355,0,0
313839,0,0
164482,0,0
5597,0,0
-402855,0,0
-668300,0,0
-614672,0,0
-593873,0,0
-388650,0,0
10663,0,0
219457,0,0
207345,0,0
140294,0,0
-240634,0,0
-514899,0,0
-479589,0,0
-614891,0,0
-543285,0,0
-165362,0,0
144210,0,0
362806,0,0
349300,0,0
49607,0,0
-258220,0,0
-506876,0,0
-654031,0,0
-502618,0,0
-367770,0,0
67539,0,0
418917,0,0
478297,0,0
271330,0,0
-62013,0,0
-468838,0,0
-509659,0,0
-566707,0,0
-510031,0,0
-26509,0,0
371854,0,0
476639,0,0
332900,0,0
126130,0,0
-137990,0,0
-363341,0,0
-472427,0,0
-592394,0,0
-284607,0,0
62955,0,0
343602,0,0
447429,0,0
264214,0,0
-71188,0,0
-418081,0,0
-580615,0,0
-541907,0,0
-364021,0,0
-71155,0,0
292949,0,0
470355,0,0
331550,0,0
65642,0,0
-150736,0,0
-207198,0,0
-219537,0,0
-226740,0,0
-21090,0,0
419028,0,0
567262,0,0
562829,0,0
361400,0,0
15483,0,0
-330138,0,0
-252247,0,0
-292823,0,0
16929,0,0
454713,0,0
535821,0,0
483239,0,0
220891,0,0
-173594,0,0
-517234,0,0
-562596,0,0
-701268,0,0
-538887,0,0
-209098,0,0
34609,0,0
259309,0,0
201278,0,0
-45701,0,0
-362727,0,0
-599378,0,0
-708500,0,0
-688059,0,0
-554668,0,0
-71554,0,0
292930,0,0
329899,0,0
184146,0,0
-190462,0,0
-528904,0,0
-644689,0,0
-610473,0,0
-606912,0,0
-202024,0,0
142516,0,0
190407,0,0
304916,0,0
112608,0,0
-204206,0,0
-236842,0,0
-445796,0,0
-645689,0,0
-405876,0,0
-29692,0,0
257930,0,0
376578,0,0
214882,0,0
-80169,0,0
-422540,0,0
-615515,0,0
-620892,0,0
-535297,0,0
-209567,0,0
182128,0,0
311444,0,0
216854,0,0
13398,0,0
-380949,0,0
-510982,0,0
-390308,0,0
-225777,0,0
-178202,0,0
168965,0,0
299521,0,0
379610,0,0
258453,0,0
-92110,0,0
-361272,0,0
-388525,0,0
-423607,0,0
-433378,0,0
-135088,0,0
168885,0,0
435649,0,0
329652,0,0
20369,0,0
-298739,0,0
-568982,0,0
-683766,0,0
-642837,0,0
-429446,0,0
74488,0,0
353678,0,0
320565,0,0
246788,0,0
-50149,0,0
-447795,0,0
-617427,0,0
-611312,0,0
-451246,0,0
-29737,0,0
350550,0,0
464823,0,0
458156,0,0
128243,0,0
-242874,0,0
-396503,0,0
-392784,0,0
-379700,0,0
-190955,0,0
177588,0,0
432637,0,0
630482,0,0
403765,0,0
1642,0,0
-335027,0,0
-568071,0,0
-551584,0,0
-400484,0,0
-50412,0,0
295945,0,0
403767,0,0
238100,0,0
31267,0,0
-366004,0,0
-619986,0,0
-494864,0,0
-523588,0,0
-289665,0,0
157501,0,0
417957,0,0
431581,0,0
203423,0,0
-227337,0,0
-418177,0,0
-466997,0,0
-390338,0,0
-33051,0,0
369091,0,0
552074,0,0
549335,0,0
361516,0,0
-20573,0,0
-392509,0,0
-394253,0,0
-306957,0,0
-195897,0,0
-63439,0,0
260668,0,0
459078,0,0
436864,0,0
136517,0,0
-283734,0,0
-636882,0,0
-651208,0,0
-466042,0,0
-421693,0,0
10575,0,0
366305,0,0
390775,0,0
223606,0,0
-159025,0,0
-535352,0,0
-644572,0,0
-669597,0,0
-561631,0,0
61470,0,0
259870,0,0
303279,0,0
247132,0,0
56599,0,0
-321213,0,0
-559859,0,0
-657050,0,0
-579193,0,0
-298931,0,0
47699,0,0
405905,0,0
442161,0,0
172399,0,0
-211380,0,0
-516369,0,0
-633170,0,0
-637221,0,0
-614233,0,0
-287723,0,0
118169,0,0
258786,0,0
247414,0,0
58110,0,0
-283930,0,0
-556343,0,0
-693012,0,0
-750654,0,0
-562847,0,0
-99920,0,0
217124,0,0
279991,0,0
169027,0,0
-71433,0,0
-363351,0,0
-561796,0,0
-680900,0,0
-656143,0,0
-474847,0,0
-108377,0,0
244615,0,0
274523,0,0
195839,0,0
-73553,0,0
-414921,0,0
-612743,0,0
-594503,0,0
-661225,0,0
-416653,0,0
70037,0,0
278333,0,0
409706,0,0
194790,0,0
-178159,0,0
-503782,0,0
-598606,0,0
-566151,0,0
-481378,0,0
-162070,0,0
98349,0,0
335601,0,0
296593,0,0
23400,0,0
-350923,0,0
-497967,0,0
-557614,0,0
-516194,0,0
-427896,0,0
-24533,0,0
354436,0,0
345567,0,0
246852,0,0
-65573,0,0
-427185,0,0
-525766,0,0
-500585,0,0
-573985,0,0
-155958,0,0
182153,0,0
345570,0,0
429908,0,0
179305,0,0
-189405,0,0
-465077,0,0
-527950,0,0
-514556,0,0
-256442,0,0
7267,0,0
292374,0,0
503038,0,0
256967,0,0
-35141,0,0
-362204,0,0
-549025,0,0
-407807,0,0
-499335,0,0
-309392,0,0
146584,0,0
445642,0,0
301803,0,0
140191,0,0
-201310,0,0
-387342,0,0
-475747,0,0
-572989,0,0
-364610,0,0
154335,0,0
430524,0,0
493983,0,0
432411,0,0
136444,0,0
-233811,0,0
-385753,0,0
-378369,0,0
-262493,0,0
112840,0,0
373725,0,0
561007,0,0
486822,0,0
186211,0,0
-73272,0,0
-183579,0,0
-146329,0,0
-238098,0,0
-141677,0,0
237291,0,0
551372,0,0
556610,0,0
330054,0,0
-76072,0,0
-491980,0,0
-538773,0,0
-574991,0,0
-515454,0,0
-64923,0,0
293341,0,0
316823,0,0
301116,0,0
-24840,0,0
-383671,0,0
-572937,0,0
-676301,0,0
-605460,0,0
-222065,0,0
253734,0,0
462812,0,0
499276,0,0
150781,0,0
-230102,0,0
-496216,0,0
-605237,0,0
-490218,0,0
-442831,0,0
-96885,0,0
251716,0,0
383041,0,0
234132,0,0
-3760,0,0
-394022,0,0
-653426,0,0
-668431,0,0
-598968,0,0
-386399,0,0
56791,0,0
371036,0,0
365028,0,0
213769,0,0
-245847,0,0
-605847,0,0
-658916,0,0
-656560,0,0
-534914,0,0
-141655,0,0
254163,0,0
465421,0,0
259076,0,0
-84585,0,0
-338908,0,0
-574247,0,0
-656519,0,0
-530193,0,0
-397515,0,0
-13948,0,0
294880,0,0
349018,0,0
136640,0,0
-116270,0,0
-424874,0,0
-502739,0,0
-234565,0,0
-464066,0,0
-220469,0,0
175975,0,0
408494,0,0
393334,0,0
107010,0,0
-243861,0,0
-450660,0,0
-381892,0,0
-534605,0,0
-346756,0,0
65843,0,0
328011,0,0
501051,0,0
366537,0,0
48084,0,0
-217991,0,0
-429646,0,0
-463414,0,0
-328118,0,0
-64600,0,0
319855,0,0
520215,0,0
436131,0,0
160480,0,0
-156903,0,0
-486509,0,0
-507882,0,0
-426572,0,0
-287342,0,0
237190,0,0
407524,0,0
365629,0,0
185250,0,0
-105495,0,0
-476564,0,0
-589965,0,0
-577775,0,0
-472022,0,0
54157,0,0
449514,0,0
580605,0,0
461002,0,0
170109,0,0
-206592,0,0
-466221,0,0
-599212,0,0
-532096,0,0
-181976,0,0
130257,0,0
430545,0,0
420286,0,0
162146,0,0
-264605,0,0
-588908,0,0
-626906,0,0
-547891,0,0
-501270,0,0
-100619,0,0
243193,0,0
292011,0,0
259935,0,0
-31343,0,0
-272522,0,0
-443166,0,0
-607288,0,0
-717783,0,0
-326410,0,0
90350,0,0
265658,0,0
389097,0,0
191341,0,0
-154579,0,0
-405418,0,0
-381071,0,0
-427117,0,0
-393702,0,0
-52716,0,0
300051,0,0
515621,0,0
400258,0,0
141651,0,0
-179562,0,0
-302113,0,0
-407331,0,0
-461635,0,0
-225939,0,0
333891,0,0
577149,0,0
481737,0,0
199693,0,0
-194170,0,0
-530007,0,0
-573909,0,0
-435430,0,0
-168140,0,0
307586,0,0
484238,0,0
545095,0,0
362639,0,0
-17524,0,0
-319640,0,0
-527055,0,0
-530108,0,0
-455993,0,0
38401,0,0
307957,0,0
486134,0,0
348787,0,0
2657,0,0
-372509,0,0
-614927,0,0
-592320,0,0
-506932,0,0
-292223,0,0
44295,0,0
350362,0,0
293982,0,0
145071,0,0
-134486,0,0
-509342,0,0
-654224,0,0
-624865,0,0
-566618,0,0
-167417,0,0
186226,0,0
366287,0,0
297612,0,0
19391,0,0
-364307,0,0
-510699,0,0
-604602,0,0
-631077,0,0
-375548,0,0
29865,0,0
393654,0,0
505885,0,0
357237,0,0
13579,0,0
-413342,0,0
-627248,0,0
-655376,0,0
-517184,0,0
-65492,0,0
374187,0,0
614935,0,0
453863,0,0
19886,0,0
-440483,0,0
-611696,0,0
-497873,0,0
-447995,0,0
-130098,0,0
350178,0,0
611481,0,0
583886,0,0
319396,0,0
-115797,0,0
-338550,0,0
-274775,0,0
-382923,0,0
-219622,0,0
218040,0,0
439138,0,0
532828,0,0
417724,0,0
93073,0,0
-258962,0,0
-436032,0,0
-531803,0,0
-430997,0,0
-94438,0,0
330223,0,0
517350,0,0
488913,0,0
209186,0,0
-160517,0,0
-473349,0,0
-510469,0,0
-489107,0,0
-287514,0,0
178811,0,0
534265,0,0
532499,0,0
298642,0,0
13847,0,0
-313564,0,0
-478799,0,0
-598311,0,0
-603443,0,0
-180967,0,0
241582,0,0
488162,0,0
385991,0,0
105430,0,0
-312761,0,0
-625152,0,0
-653257,0,0
-597617,0,0
-156003,0,0
128827,0,0
374040,0,0
434484,0,0
301925,0,0
-10033,0,0
-404935,0,0
-578478,0,0
-583053,0,0
-448645,0,0
-81844,0,0
348953,0,0
442850,0,0
204454,0,0
-173690,0,0
-491714,0,0
-624636,0,0
-660151,0,0
-606870,0,0
-180844,0,0
246225,0,0
369758,0,0
374548,0,0
161403,0,0
-244803,0,0
-552348,0,0
-499950,0,0
-609965,0,0
-313880,0,0
188056,0,0
356015,0,0
388491,0,0
140743,0,0
-190567,0,0
-345417,0,0
-263335,0,0
-427410,0,0
-370858,0,0
-78062,0,0
366103,0,0
587777,0,0
403116,0,0
90786,0,0
-192284,0,0
-413129,0,0
-521631,0,0
-558677,0,0
-393613,0,0
84437,0,0
259694,0,0
208896,0,0
100035,0,0
-165247,0,0
-454693,0,0
-649715,0,0
-667057,0,0
-552966,0,0
-175916,0,0
60067,0,0
277296,0,0
280543,0,0
-61758,0,0
-424811,0,0
-591441,0,0
-583932,0,0
-627325,0,0
-388770,0,0
64206,0,0
356576,0,0
296604,0,0
29365,0,0
-265067,0,0
-511582,0,0
-547874,0,0
-490922,0,0
-503403,0,0
-229949,0,0
160966,0,0
301253,0,0
325011,0,0
141481,0,0
-226873,0,0
-558623,0,0
-633628,0,0
-641270,0,0
-381977,0,0
85551,0,0
309378,0,0
381093,0,0
222489,0,0
-163585,0,0
-469104,0,0
-605373,0,0
-626017,0,0
-523873,0,0
-82239,0,0
221064,0,0
493130,0,0
499984,0,0
235561,0,0
-212231,0,0
-603119,0,0
-663320,0,0
-610262,0,0
-358177,0,0
82014,0,0
372632,0,0
358981,0,0
164504,0,0
-143985,0,0
-462855,0,0
-570493,0,0
-562026,0,0
-549517,0,0
-180133,0,0
191824,0,0
401063,0,0
386816,0,0
125798,0,0
-313880,0,0
-539300,0,0
-605997,0,0
-601283,0,0
-364809,0,0
68152,0,0
415080,0,0
451806,0,0
239962,0,0
-135283,0,0
-393066,0,0
-507761,0,0
-405789,0,0
-464502,0,0
-70683,0,0
326446,0,0
491117,0,0
290645,0,0
108867,0,0
-124978,0,0
-237375,0,0
-222778,0,0
-161539,0,0
123581,0,0
499342,0,0
572915,0,0
484618,0,0
290324,0,0
-7473,0,0
-286092,0,0
-294135,0,0
-322200,0,0
-119231,0,0
212386,0,0
525175,0,0
698378,0,0
572565,0,0
292882,0,0
-111797,0,0
-333806,0,0
-307215,0,0
-120663,0,0
79387,0,0
378543,0,0
695071,0,0
656265,0,0
334861,0,0
-136580,0,0
-455260,0,0
-612934,0,0
-573946,0,0
-201700,0,0
408373,0,0
607442,0,0
557175,0,0
194717,0,0
-228353,0,0
-455785,0,0
-460860,0,0
-618906,0,0
-645217,0,0
-21094,0,0
435749,0,0
542534,0,0
335321,0,0
-15839,0,0
-403791,0,0
-557183,0,0
-577917,0,0
-552615,0,0
-343000,0,0
5151,0,0
257672,0,0
258274,0,0
19816,0,0
-312170,0,0
-437793,0,0
-635286,0,0
-675769,0,0
-523050,0,0
-121268,0,0
298714,0,0
298256,0,0
188374,0,0
-124096,0,0
-473710,0,0
-647528,0,0
-650811,0,0
-635447,0,0
-250873,0,0
149198,0,0
309580,0,0
295629,0,0
40618,0,0
-367360,0,0
-643010,0,0
-633713,0,0
-635154,0,0
-270423,0,0
253351,0,0
522530,0,0
563038,0,0
313370,0,0
-120680,0,0
-360883,0,0
-376037,0,0
-358519,0,0
-188172,0,0
73778,0,0
354147,0,0
500919,0,0
432066,0,0
176557,0,0
-174333,0,0
-479609,0,0
-537175,0,0
-483120,0,0
-35730,0,0
426227,0,0
561401,0,0
503334,0,0
278858,0,0
-117680,0,0
-454788,0,0
-409396,0,0
-446430,0,0
-465986,0,0
38716,0,0
481498,0,0
539373,0,0
368109,0,0
16535,0,0
-471696,0,0
-599407,0,0
-560164,0,0
-528878,0,0
-233170,0,0
175026,0,0
533616,0,0
660956,0,0
415602,0,0
-56349,0,0
-530958,0,0
-692629,0,0
-576873,0,0
-279334,0,0
185044,0,0
564514,0,0
593628,0,0
392394,0,0
82296,0,0
-350520,0,0
-462901,0,0
-364634,0,0
-306000,0,0
36383,0,0
424893,0,0
579407,0,0
545729,0,0
279630,0,0
-91358,0,0
-315257,0,0
-276939,0,0
-212818,0,0
-34353,0,0
62341,0,0
194941,0,0
366417,0,0
284914,0,0
-38067,0,0
-362291,0,0
-558394,0,0
-479369,0,0
-249967,0,0
97087,0,0
249035,0,0
320799,0,0
181073,0,0
-84502,0,0
-282150,0,0
-477037,0,0
-607442,0,0
-501785,0,0
-20403,0,0
356720,0,0
418497,0,0
274189,0,0
-19108,0,0
-409339,0,0
-566027,0,0
-606748,0,0
-587237,0,0
-342772,0,0
20390,0,0
417306,0,0
466363,0,0
220927,0,0
-183795,0,0
-541657,0,0
-664901,0,0
-616836,0,0
-465005,0,0
-211490,0,0
144916,0,0
291529,0,0
185713,0,0
-111125,0,0
-421894,0,0
-596859,0,0
-656281,0,0
-668899,0,0
-485843,0,0
-41205,0,0
219194,0,0
294779,0,0
91358,0,0
-227126,0,0
-385381,0,0
-374821,0,0
-524355,0,0
-553705,0,0
-164397,0,0
125304,0,0
362809,0,0
256981,0,0
-43082,0,0
-369991,0,0
-499917,0,0
-628210,0,0
-651192,0,0
-326443,0,0
107981,0,0
333465,0,0
301945,0,0
52104,0,0
-288021,0,0
-519904,0,0
-593333,0,0
-559625,0,0
-446270,0,0
-74506,0,0
241191,0,0
290087,0,0
208354,0,0
-109117,0,0
-420988,0,0
-554448,0,0
-522439,0,0
-535066,0,0
-254032,0,0
73567,0,0
232799,0,0
329955,0,0
132929,0,0
-257243,0,0
-514602,0,0
-612804,0,0
-677420,0,0
-490463,0,0
-85785,0,0
357521,0,0
510686,0,0
359676,0,0
-28381,0,0
-404050,0,0
-489937,0,0
-521358,0,0
-500301,0,0
-234831,0,0
183020,0,0
371126,0,0
319359,0,0
102915,0,0
-241321,0,0
-639583,0,0
-622339,0,0
-592025,0,0
-385348,0,0
100043,0,0
396642,0,0
447940,0,0
259962,0,0
-84212,0,0
-487006,0,0
-603928,0,0
-648654,0,0
-525637,0,0
-138405,0,0
219256,0,0
306818,0,0
248313,0,0
2639,0,0
-312032,0,0
-508349,0,0
-622740,0,0
-607664,0,0
-398242,0,0
57611,0,0
372189,0,0
404517,0,0
211078,0,0
-106341,0,0
-427316,0,0
-593229,0,0
-579461,0,0
-525001,0,0
-142664,0,0
296326,0,0
388118,0,0
234395,0,0
13439,0,0
-294266,0,0
-504455,0,0
-564881,0,0
-614361,0,0
-385694,0,0
92205,0,0
387920,0,0
445376,0,0
282328,0,0
-56779,0,0
-276666,0,0
-316228,0,0
-440573,0,0
-435001,0,0
-1625,0,0
384809,0,0
546392,0,0
424412,0,0
33843,0,0
-288114,0,0
-462262,0,0
-471084,0,0
-324640,0,0
12637,0,0
413334,0,0
586017,0,0
554824,0,0
349240,0,0
-36971,0,0
-430142,0,0
-514189,0,0
-424220,0,0
-338366,0,0
-52137,0,0
321982,0,0
460276,0,0
434600,0,0
214856,0,0
-213923,0,0
-405480,0,0
-588593,0,0
-444385,0,0
-11670,0,0
419663,0,0
607226,0,0
603177,0,0
337669,0,0
-9241,0,0
-227973,0,0
-389436,0,0
-363850,0,0
79100,0,0
418953,0,0
496973,0,0
369787,0,0
141863,0,0
-154402,0,0
-497020,0,0
-614164,0,0
-638233,0,0
-578956,0,0
-152989,0,0
223124,0,0
300637,0,0
146639,0,0
-108521,0,0
-404502,0,0
-651322,0,0
-626194,0,0
-564339,0,0
-282651,0,0
65460,0,0
242854,0,0
293904,0,0
118010,0,0
-229270,0,0
-556619,0,0
-637662,0,0
-592623,0,0
-477552,0,0
-135719,0,0
197033,0,0
436799,0,0
369255,0,0
11323,0,0
-428535,0,0
-634183,0,0
-684114,0,0
-687169,0,0
-395148,0,0
123708,0,0
469705,0,0
410074,0,0
60992,0,0
-337651,0,0
-643084,0,0
-637851,0,0
-723284,0,0
-567009,0,0
-71980,0,0
277908,0,0
321656,0,0
195528,0,0
-84241,0,0
-438788,0,0
-569682,0,0
-575433,0,0
-621027,0,0
-388975,0,0
-26364,0,0
289100,0,0
402529,0,0
222068,0,0
-132190,0,0
-487788,0,0
-600023,0,0
-638670,0,0
-643954,0,0
-292540,0,0
111595,0,0
400790,0,0
391347,0,0
102284,0,0
-301677,0,0
-609671,0,0
-678408,0,0
-631529,0,0
-405400,0,0
-36985,0,0
212616,0,0
310158,0,0
234888,0,0
-110117,0,0
-397379,0,0
-573832,0,0
-665800,0,0
-597633,0,0
-330306,0,0
75822,0,0
267903,0,0
322454,0,0
187691,0,0
-119740,0,0
-487695,0,0
-621863,0,0
-591370,0,0
-562545,0,0
-148597,0,0
166145,0,0
349270,0,0
400456,0,0
119320,0,0
-312228,0,0
-567046,0,0
-630450,0,0
-639472,0,0
-427192,0,0
-43986,0,0
252349,0,0
307789,0,0
220562,0,0
-92523,0,0
-428573,0,0
-588672,0,0
-555407,0,0
-578636,0,0
-411078,0,0
-29435,0,0
275174,0,0
392646,0,0
257365,0,0
-100909,0,0
-526414,0,0
-627595,0,0
-619508,0,0
-565038,0,0
-228895,0,0
156779,0,0
283568,0,0
295668,0,0
94875,0,0
-289618,0,0
-487540,0,0
-577397,0,0
-611799,0,0
-509801,0,0
-186405,0,0
152585,0,0
291104,0,0
279714,0,0
110505,0,0
-244418,0,0
-587141,0,0
-615713,0,0
-624442,0,0
-512394,0,0
-82673,0,0
317812,0,0
325405,0,0
210170,0,0
-51196,0,0
-359509,0,0
-546739,0,0
-661306,0,0
-616897,0,0
-375179,0,0
14025,0,0
276055,0,0
280513,0,0
263993,0,0
49557,0,0
-273389,0,0
-597498,0,0
-613582,0,0
-565423,0,0
-244563,0,0
203179,0,0
332637,0,0
445268,0,0
267559,0,0
-159915,0,0
-556637,0,0
-537833,0,0
-500319,0,0
-357916,0,0
85179,0,0
321592,0,0
399227,0,0
336390,0,0
65365,0,0
-185490,0,0
-347209,0,0
-545928,0,0
-495263,0,0
-204397,0,0
183355,0,0
410302,0,0
416431,0,0
227730,0,0
-61583,0,0
-380817,0,0
-529259,0,0
-546253,0,0
-442263,0,0
505,0,0
348278,0,0
512181,0,0
416568,0,0
119251,0,0
-356268,0,0
-497521,0,0
-592794,0,0
-518166,0,0
-195582,0,0
178841,0,0
416976,0,0
419116,0,0
127520,0,0
-243402,0,0
-499643,0,0
-588453,0,0
-567329,0,0
-492370,0,0
-127684,0,0
314226,0,0
486761,0,0
305643,0,0
-2739,0,0
-329798,0,0
-576425,0,0
-617609,0,0
-580361,0,0
-345663,0,0
126236,0,0
431051,0,0
483323,0,0
225153,0,0
-159945,0,0
-473131,0,0
-520109,0,0
-504317,0,0
-508235,0,0
-183328,0,0
260963,0,0
524416,0,0
586765,0,0
385440,0,0
-70883,0,0
-435962,0,0
-524826,0,0
-403214,0,0
-225543,0,0
114732,0,0
403601,0,0
436383,0,0
298479,0,0
-48880,0,0
-462849,0,0
-622212,0,0
-558869,0,0
-452057,0,0
-146940,0,0
134402,0,0
266145,0,0
377585,0,0
119659,0,0
-256656,0,0
-536756,0,0
-574964,0,0
-625453,0,0
-423627,0,0
15670,0,0
331129,0,0
409945,0,0
211148,0,0
-85614,0,0
-348789,0,0
-494041,0,0
-610569,0,0
-511533,0,0
-224540,0,0
204273,0,0
432113,0,0
408348,0,0
129987,0,0
-252149,0,0
-475712,0,0
-346205,0,0
-370856,0,0
-357415,0,0
56259,0,0
367634,0,0
357622,0,0
303865,0,0
38841,0,0
-356006,0,0
-511371,0,0
-563415,0,0
-582689,0,0
-175153,0,0
189090,0,0
336113,0,0
378168,0,0
65607,0,0
-340067,0,0
-538181,0,0
-563863,0,0
-488721,0,0
-325377,0,0
-48358,0,0
199606,0,0
249902,0,0
216998,0,0
-25443,0,0
-372871,0,0
-622662,0,0
-648678,0,0
-539193,0,0
-287017,0,0
206405,0,0
374838,0,0
377629,0,0
187949,0,0
-145413,0,0
-448238,0,0
-548373,0,0
-530920,0,0
-412690,0,0
3879,0,0
312412,0,0
448620,0,0
353018,0,0
32186,0,0
-310201,0,0
-357998,0,0
-404078,0,0
-486406,0,0
-297121,0,0
80748,0,0
380877,0,0
393755,0,0
179845,0,0
-112686,0,0
-440006,0,0
-550450,0,0
-594846,0,0
-475421,0,0
-63632,0,0
240877,0,0
393169,0,0
353075,0,0
70559,0,0
-366509,0,0
-557013,0,0
-506223,0,0
-531969,0,0
-332272,0,0
91249,0,0
370456,0,0
370004,0,0
121629,0,0
-201999,0,0
-404877,0,0
-503170,0,0
-547496,0,0
-507104,0,0
-234713,0,0
160329,0,0
318901,0,0
276564,0,0
68472,0,0
-263990,0,0
-538115,0,0
-576941,0,0
-616415,0,0
-463305,0,0
-45062,0,0
239761,0,0
280710,0,0
229578,0,0
-66409,0,0
-402249,0,0
-512718,0,0
-590780,0,0
-596293,0,0
-297332,0,0
55200,0,0
383030,0,0
462969,0,0
178257,0,0
-169445,0,0
-405137,0,0
-467442,0,0
-389573,0,0
-325893,0,0
-22377,0,0
350227,0,0
413721,0,0
287265,0,0
36458,0,0
-180312,0,0
-310874,0,0
-371859,0,0
-388988,0,0
-176625,0,0
123921,0,0
378946,0,0
440228,0,0
332192,0,0
-93374,0,0
-510612,0,0
-580471,0,0
-522192,0,0
-350807,0,0
-22059,0,0
245128,0,0
386945,0,0
256523,0,0
-115394,0,0
-432827,0,0
-595133,0,0
-624208,0,0
-482178,0,0
-278293,0,0
26106,0,0
333398,0,0
340620,0,0
140168,0,0
-149779,0,0
-467043,0,0
-584981,0,0
-621038,0,0
-577963,0,0
-217789,0,0
223479,0,0
412304,0,0
374211,0,0
53150,0,0
-357141,0,0
-539403,0,0
-700255,0,0
-615058,0,0
-353111,0,0
11481,0,0
162362,0,0
290941,0,0
371293,0,0
157406,0,0
-21043,0,0
-479832,0,0
-640720,0,0
-632248,0,0
-297024,0,0
183666,0,0
512216,0,0
465846,0,0
209287,0,0
-150008,0,0
-519279,0,0
-562747,0,0
-587460,0,0
-481730,0,0
-472,0,0
177762,0,0
289003,0,0
362541,0,0
97588,0,0
-362203,0,0
-498789,0,0
-619361,0,0
-558439,0,0
-326719,0,0
37696,0,0
329891,0,0
403433,0,0
208141,0,0
-117119,0,0
-411768,0,0
-592510,0,0
-510962,0,0
-506905,0,0
-188718,0,0
252615,0,0
445171,0,0
429908,0,0
91067,0,0
-318635,0,0
-532338,0,0
-512864,0,0
-583820,0,0
-397252,0,0
31047,0,0
316051,0,0
427428,0,0
214428,0,0
-133694,0,0
-351205,0,0
-512769,0,0
-586453,0,0
-427815,0,0
-254050,0,0
48206,0,0
309084,0,0
365308,0,0
188006,0,0
-152411,0,0
-433271,0,0
-550051,0,0
-579667,0,0
-478946,0,0
-74779,0,0
238084,0,0
381029,0,0
337881,0,0
5590,0,0
-427014,0,0
-541936,0,0
-568704,0,0
-514145,0,0
-293995,0,0
38774,0,0
358214,0,0
470522,0,0
223054,0,0
-153174,0,0
-428644,0,0
-478264,0,0
-489828,0,0
-320999,0,0
-54851,0,0
302496,0,0
444512,0,0
400434,0,0
221389,0,0
-2032,0,0
-417135,0,0
-569223,0,0
-559390,0,0
-342513,0,0
108486,0,0
295640,0,0
343641,0,0
286614,0,0
-93226,0,0
-485606,0,0
-534480,0,0
-571291,0,0
-538775,0,0
-155521,0,0
77409,0,0
352046,0,0
385860,0,0
67613,0,0
-311937,0,0
-524285,0,0
-565522,0,0
-548015,0,0
-371738,0,0
-94997,0,0
231024,0,0
329490,0,0
281131,0,0
18252,0,0
-374622,0,0
-559533,0,0
-597387,0,0
-615568,0,0
-335698,0,0
113470,0,0
274721,0,0
368950,0,0
170447,0,0
-222180,0,0
-502880,0,0
-649506,0,0
-616991,0,0
-403358,0,0
-105758,0,0
111076,0,0
245249,0,0
288886,0,0
57521,0,0
-294749,0,0
-567647,0,0
-591697,0,0
-542662,0,0
-431392,0,0
44257,0,0
327989,0,0
309887,0,0
262898,0,0
-13111,0,0
-397523,0,0
-486066,0,0
-454400,0,0
-536521,0,0
-325839,0,0
64273,0,0
368187,0,0
478536,0,0
308995,0,0
-70387,0,0
-360981,0,0
-564227,0,0
-574694,0,0
-450011,0,0
-88925,0,0
247431,0,0
442384,0,0
474677,0,0
237999,0,0
-134403,0,0
-507587,0,0
-463839,0,0
-393141,0,0
-332531,0,0
80051,0,0
358437,0,0
464788,0,0
329641,0,0
-49248,0,0
-476768,0,0
-532928,0,0
-576977,0,0
-524327,0,0
-34508,0,0
359703,0,0
438194,0,0
392475,0,0
100849,0,0
-248410,0,0
-329560,0,0
-495056,0,0
-542160,0,0
-388849,0,0
-1317,0,0
337008,0,0
472060,0,0
278850,0,0
-14023,0,0
-423622,0,0
-638774,0,0
-580669,0,0
-518189,0,0
-86400,0,0
316011,0,0
329633,0,0
252470,0,0
61123,0,0
-265945,0,0
-493434,0,0
-495278,0,0
-600100,0,0
-418998,0,0
169841,0,0
378564,0,0
384242,0,0
227744,0,0
-114618,0,0
-423315,0,0
-529865,0,0
-505188,0,0
-371632,0,0
-226867,0,0
127593,0,0
431179,0,0
418831,0,0
134160,0,0
-138352,0,0
-411708,0,0
-427966,0,0
-525697,0,0
-450143,0,0
-47782,0,0
357522,0,0
479407,0,0
355536,0,0
35835,0,0
-428077,0,0
-506029,0,0
-595955,0,0
-556523,0,0
-185159,0,0
193474,0,0
339714,0,0
467086,0,0
270791,0,0
-181616,0,0
-431038,0,0
-610078,0,0
-660630,0,0
-470466,0,0
-83015,0,0
414390,0,0
561708,0,0
289817,0,0
-28740,0,0
-392012,0,0
-579974,0,0
-332749,0,0
-345583,0,0
-115325,0,0
313995,0,0
493513,0,0
451774,0,0
244391,0,0
-188832,0,0
-349990,0,0
55935,0,0
-7243,0,0
-2217,0,0
215798,0,0
342214,0,0
560544,0,0
530115,0,0
239427,0,0
-97364,0,0
-254027,0,0
-254522,0,0
-142422,0,0
79288,0,0
311411,0,0
536863,0,0
480025,0,0
151754,0,0
-261362,0,0
-541741,0,0
-475710,0,0
-398839,0,0
-251975,0,0
152407,0,0
386464,0,0
344522,0,0
180532,0,0
-201483,0,0
-616442,0,0
-715625,0,0
-594323,0,0
-561184,0,0
-194822,0,0
196451,0,0
360190,0,0
347419,0,0
44508,0,0
-351135,0,0
-630951,0,0
-629729,0,0
-498304,0,0
-135714,0,0
301729,0,0
474736,0,0
408130,0,0
159822,0,0
-205875,0,0
-512433,0,0
-578102,0,0
-512647,0,0
-410740,0,0
-79128,0,0
363995,0,0
420546,0,0
263804,0,0
-9094,0,0
-392558,0,0
-567722,0,0
-450266,0,0
-448160,0,0
-205733,0,0
257985,0,0
443502,0,0
413850,0,0
201516,0,0
-137035,0,0
-377853,0,0
-542342,0,0
-572555,0,0
-452085,0,0
82678,0,0
373449,0,0
474883,0,0
291973,0,0
-111777,0,0
-327834,0,0
-508646,0,0
-473978,0,0
-391833,0,0
-51261,0,0
389894,0,0
570636,0,0
400564,0,0
87419,0,0
-182792,0,0
-451300,0,0
-440822,0,0
-408315,0,0
-307843,0,0
41417,0,0
303602,0,0
334591,0,0
132687,0,0
-229908,0,0
-572076,0,0
-582290,0,0
-505558,0,0
-569520,0,0
-251593,0,0
161545,0,0
358517,0,0
258249,0,0
-72454,0,0
-353355,0,0
-389669,0,0
-493962,0,0
-581339,0,0
-424027,0,0
-63581,0,0
256703,0,0
290234,0,0
192680,0,0
-106803,0,0
-442323,0,0
-638791,0,0
-628889,0,0
-643900,0,0
-311893,0,0
132531,0,0
273403,0,0
297493,0,0
79620,0,0
-347447,0,0
-598678,0,0
-559742,0,0
-644124,0,0
-523885,0,0
-113051,0,0
189145,0,0
355023,0,0
258670,0,0
-83374,0,0
-373888,0,0
-614013,0,0
-622189,0,0
-562806,0,0
-396854,0,0
5955,0,0
327454,0,0
396998,0,0
175300,0,0
-143943,0,0
-470246,0,0
-592796,0,0
-478542,0,0
-513487,0,0
-145260,0,0
186370,0,0
262462,0,0
298817,0,0
108680,0,0
-333123,0,0
-518721,0,0
-616321,0,0
-526823,0,0
-218306,0,0
138810,0,0
353577,0,0
364940,0,0
258291,0,0
-53614,0,0
-272367,0,0
-540983,0,0
-388810,0,0
-281465,0,0
-15561,0,0
362119,0,0
586784,0,0
449824,0,0
151750,0,0
-196841,0,0
-575129,0,0
-601222,0,0
-547237,0,0
-353644,0,0
80728,0,0
365298,0,0
428007,0,0
282135,0,0
-44851,0,0
-484604,0,0
-584080,0,0
-578626,0,0
-472095,0,0
-198339,0,0
77615,0,0
427065,0,0
327422,0,0
51008,0,0
-269199,0,0
-450738,0,0
-592463,0,0
-610495,0,0
-432889,0,0
-39124,0,0
363502,0,0
431303,0,0
203777,0,0
-92186,0,0
-415247,0,0
-628519,0,0
-593610,0,0
-540818,0,0
-191012,0,0
292141,0,0
330510,0,0
321247,0,0
62560,0,0
-315826,0,0
-491484,0,0
-571496,0,0
-610458,0,0
-411424,0,0
-35481,0,0
202463,0,0
375779,0,0
314123,0,0
-350,0,0
-383137,0,0
-548306,0,0
-564502,0,0
-527094,0,0
-271537,0,0
133578,0,0
366670,0,0
283395,0,0
96058,0,0
-224357,0,0
-465275,0,0
-708369,0,0
-652227,0,0
-493691,0,0
-55203,0,0
230955,0,0
412778,0,0
347305,0,0
9012,0,0
-383043,0,0
-581846,0,0
-591621,0,0
-533835,0,0
-270133,0,0
81009,0,0
437583,0,0
505679,0,0
265449,0,0
-113552,0,0
-460854,0,0
-534102,0,0
-527155,0,0
-435596,0,0
-124221,0,0
341828,0,0
458464,0,0
341607,0,0
173277,0,0
-80553,0,0
-328155,0,0
-288897,0,0
-337739,0,0
-148699,0,0
415997,0,0
554020,0,0
564291,0,0
353076,0,0
-103255,0,0
-311665,0,0
-359419,0,0
-353004,0,0
-167348,0,0
268112,0,0
438994,0,0
