-40476,0,0
-159427,0,0
93941,0,0
3420,0,0
-167425,0,0
-21580,0,0
-143034,0,0
-228416,0,0
-26417,0,0
104210,0,0
-54954,0,0
26005,0,0
-150821,0,0
-38913,0,0
47883,0,0
-112097,0,0
-104426,0,0
-112137,0,0
-102651,0,0
-74334,0,0
-1712,0,0
-158999,0,0
106068,0,0
67936,0,0
-99585,0,0
13877,0,0
-93787,0,0
-265051,0,0
-142977,0,0
149654,0,0
129359,0,0
90465,0,0
-132008,0,0
7696,0,0
48528,0,0
-158790,0,0
-43126,0,0
33244,0,0
-58827,0,0
-103917,0,0
94296,0,0
-19501,0,0
238866,0,0
22000,0,0
-172715,0,0
125335,0,0
-125242,0,0
-157879,0,0
39569,0,0
142231,0,0
-61252,0,0
-5845,0,0
-172273,0,0
53475,0,0
174147,0,0
-126017,0,0
47803,0,0
118354,0,0
77018,0,0
-69759,0,0
8908,0,0
-163301,0,0
160190,0,0
207918,0,0
131523,0,0
238866,0,0
8905,0,0
-91827,0,0
82113,0,0
259700,0,0
200311,0,0
166233,0,0
-359,0,0
122029,0,0
259850,0,0
28714,0,0
82688,0,0
63007,0,0
57776,0,0
72690,0,0
56734,0,0
-5865,0,0
270126,0,0
138427,0,0
-92708,0,0
98607,0,0
-121284,0,0
-186326,0,0
63824,0,0
140107,0,0
41958,0,0
119019,0,0
-102615,0,0
-16612,0,0
53530,0,0
-128836,0,0
-78817,0,0
-26868,0,0
-107391,0,0
-114586,0,0
-2316,0,0
-66512,0,0
184195,0,0
-39876,0,0
-205158,0,0
30181,0,0
-150777,0,0
-240273,0,0
-31156,0,0
94541,0,0
-57134,0,0
-11511,0,0
-211388,0,0
53076,0,0
109562,0,0
-169717,0,0
-97278,0,0
-66321,0,0
-118973,0,0
-77829,0,0
37455,0,0
-28672,0,0
208067,0,0
-96362,0,0
-161692,0,0
164945,0,0
-109369,0,0
-187219,0,0
7681,0,0
148970,0,0
72358,0,0
65850,0,0
-137739,0,0
52545,0,0
103741,0,0
-41378,0,0
-74662,0,0
-42697,0,0
559,0,0
108746,0,0
13171,0,0
-142538,0,0
212799,0,0
45491,0,0
-90805,0,0
94657,0,0
-78943,0,0
-170048,0,0
-4690,0,0
203307,0,0
63801,0,0
30447,0,0
-104679,0,0
207485,0,0
148618,0,0
-242705,0,0
-103591,0,0
-38903,0,0
24181,0,0
71210,0,0
104972,0,0
-132227,0,0
108028,0,0
-42763,0,0
-83106,0,0
167065,0,0
-69235,0,0
-123513,0,0
42856,0,0
116161,0,0
58752,0,0
62227,0,0
-311238,0,0
-10985,0,0
216520,0,0
-15331,0,0
-67077,0,0
-114838,0,0
12,0,0
77069,0,0
24405,0,0
-136180,0,0
337896,0,0
137590,0,0
-105828,0,0
103041,0,0
-132436,0,0
-158253,0,0
99893,0,0
220460,0,0
150990,0,0
199047,0,0
-109679,0,0
78848,0,0
115909,0,0
-39887,0,0
111112,0,0
-50446,0,0
-47119,0,0
65324,0,0
160972,0,0
5126,0,0
214733,0,0
-66124,0,0
-157583,0,0
186747,0,0
-44034,0,0
-152275,0,0
36783,0,0
108521,0,0
8541,0,0
65212,0,0
-145194,0,0
89657,0,0
36080,0,0
-148955,0,0
15410,0,0
-30182,0,0
-106001,0,0
-13127,0,0
-27086,0,0
-193065,0,0
182346,0,0
19267,0,0
-162783,0,0
125557,0,0
-27737,0,0
-120713,0,0
-95653,0,0
69488,0,0
5435,0,0
57400,0,0
-153448,0,0
59170,0,0
127047,0,0
-73047,0,0
47890,0,0
-78708,0,0
-97395,0,0
-55527,0,0
14116,0,0
-99582,0,0
188502,0,0
49392,0,0
-43133,0,0
95107,0,0
-190351,0,0
-138552,0,0
23582,0,0
87062,0,0
-22691,0,0
10881,0,0
-204950,0,0
128001,0,0
130238,0,0
-172216,0,0
-25328,0,0
-105157,0,0
-118666,0,0
-63695,0,0
-16374,0,0
-146842,0,0
252987,0,0
773,0,0
-150556,0,0
9153,0,0
-161030,0,0
-138965,0,0
28615,0,0
11052,0,0
-56340,0,0
133941,0,0
-183311,0,0
-18487,0,0
44197,0,0
-248749,0,0
-64491,0,0
-35571,0,0
-140098,0,0
-35609,0,0
8538,0,0
-167859,0,0
136806,0,0
-122310,0,0
-113432,0,0
61501,0,0
-230744,0,0
-139869,0,0
10608,0,0
28605,0,0
19006,0,0
61677,0,0
-221351,0,0
94077,0,0
45108,0,0
-150362,0,0
25880,0,0
-54442,0,0
-136848,0,0
-853,0,0
115274,0,0
-142996,0,0
158411,0,0
41095,0,0
-115025,0,0
82339,0,0
-110884,0,0
-107140,0,0
36492,0,0
131421,0,0
32505,0,0
154062,0,0
-184732,0,0
134149,0,0
157626,0,0
-10292,0,0
152213,0,0
-50225,0,0
-135095,0,0
-8395,0,0
40047,0,0
-15579,0,0
269629,0,0
80452,0,0
118881,0,0
287336,0,0
-117885,0,0
-143508,0,0
23195,0,0
117404,0,0
118518,0,0
123797,0,0
-116162,0,0
188169,0,0
176418,0,0
-167149,0,0
-21863,0,0
-35785,0,0
-82766,0,0
71150,0,0
205477,0,0
43427,0,0
120693,0,0
-138439,0,0
-91459,0,0
185481,0,0
-192578,0,0
-181106,0,0
110809,0,0
110322,0,0
6953,0,0
97877,0,0
-151052,0,0
74395,0,0
52400,0,0
-34993,0,0
20784,0,0
-70287,0,0
-98682,0,0
-54706,0,0
23405,0,0
-85944,0,0
238151,0,0
-35819,0,0
-150106,0,0
113930,0,0
-209211,0,0
-79647,0,0
71797,0,0
12323,0,0
-65480,0,0
37969,0,0
-197258,0,0
114542,0,0
43913,0,0
-213459,0,0
-10020,0,0
-123979,0,0
-182794,0,0
-32176,0,0
93909,0,0
-69690,0,0
157480,0,0
-5154,0,0
-72520,0,0
94798,0,0
-177209,0,0
-142795,0,0
2293,0,0
95791,0,0
123580,0,0
158878,0,0
-139237,0,0
129118,0,0
160890,0,0
-61535,0,0
-37362,0,0
-52006,0,0
-16999,0,0
114250,0,0
96351,0,0
-79959,0,0
197486,0,0
-34478,0,0
-74601,0,0
174022,0,0
-104429,0,0
-137858,0,0
107882,0,0
78967,0,0
24334,0,0
83241,0,0
-124036,0,0
55172,0,0
42976,0,0
-138383,0,0
72030,0,0
-61317,0,0
-96228,0,0
-40011,0,0
-78816,0,0
-116307,0,0
271675,0,0
-27817,0,0
-149344,0,0
42792,0,0
-188823,0,0
-153668,0,0
-39295,0,0
35388,0,0
-40841,0,0
-32133,0,0
-268341,0,0
56818,0,0
72670,0,0
-214238,0,0
-82922,0,0
-111472,0,0
-79631,0,0
-64586,0,0
-145703,0,0
-103390,0,0
266807,0,0
-122774,0,0
-235428,0,0
135086,0,0
-162831,0,0
-169089,0,0
91972,0,0
31997,0,0
-86699,0,0
48372,0,0
-108150,0,0
157414,0,0
34843,0,0
-244117,0,0
-16663,0,0
-85253,0,0
-84132,0,0
74258,0,0
41079,0,0
-102065,0,0
120814,0,0
-85228,0,0
-44942,0,0
184190,0,0
-155576,0,0
-112783,0,0
97681,0,0
84752,0,0
-24686,0,0
38442,0,0
-102886,0,0
168492,0,0
115427,0,0
-113792,0,0
-39756,0,0
13262,0,0
-10899,0,0
12089,0,0
-38658,0,0
-105155,0,0
238801,0,0
-20532,0,0
-30497,0,0
249076,0,0
-190802,0,0
-224071,0,0
110602,0,0
188307,0,0
38424,0,0
122245,0,0
-166658,0,0
33540,0,0
32592,0,0
-114018,0,0
26480,0,0
48713,0,0
10964,0,0
83411,0,0
24466,0,0
-7222,0,0
329271,0,0
-93622,0,0
-89176,0,0
172529,0,0
-149643,0,0
-35366,0,0
217168,0,0
191579,0,0
23890,0,0
83540,0,0
-102172,0,0
122888,0,0
183422,0,0
-133233,0,0
60551,0,0
43369,0,0
-20405,0,0
14060,0,0
-32126,0,0
-124786,0,0
268744,0,0
-45959,0,0
-98249,0,0
143861,0,0
-178013,0,0
-176726,0,0
64432,0,0
71493,0,0
-81303,0,0
10829,0,0
-116769,0,0
108224,0,0
64303,0,0
-264809,0,0
-31506,0,0
-4656,0,0
-126068,0,0
-50442,0,0
-6070,0,0
-71628,0,0
171925,0,0
-56634,0,0
-115016,0,0
133941,0,0
-201966,0,0
-117000,0,0
82414,0,0
46007,0,0
-16851,0,0
38869,0,0
-212847,0,0
144171,0,0
116134,0,0
-163789,0,0
-17860,0,0
-37787,0,0
-45380,0,0
37751,0,0
45100,0,0
-55825,0,0
230414,0,0
-70338,0,0
-135791,0,0
110489,0,0
-229500,0,0
-40719,0,0
152118,0,0
99311,0,0
71651,0,0
179775,0,0
-203764,0,0
52769,0,0
100147,0,0
-105684,0,0
4502,0,0
32237,0,0
308,0,0
-23288,0,0
-5708,0,0
-80466,0,0
240700,0,0
-43702,0,0
-107470,0,0
72464,0,0
-139645,0,0
79201,0,0
210600,0,0
45958,0,0
-103642,0,0
-14323,0,0
-34459,0,0
241047,0,0
85835,0,0
-220259,0,0
-2341,0,0
-75242,0,0
-92628,0,0
103745,0,0
141498,0,0
84365,0,0
244783,0,0
-197355,0,0
-156204,0,0
52486,0,0
-247853,0,0
7827,0,0
286575,0,0
131295,0,0
91383,0,0
24392,0,0
-333357,0,0
63392,0,0
100519,0,0
-204990,0,0
84458,0,0
-1316,0,0
-52757,0,0
118172,0,0
-35217,0,0
-144367,0,0
67192,0,0
-107822,0,0
98424,0,0
172385,0,0
-226526,0,0
-78649,0,0
74128,0,0
-14763,0,0
-38915,0,0
36353,0,0
-130041,0,0
113319,0,0
54591,0,0
-153544,0,0
33277,0,0
-63490,0,0
-66326,0,0
32871,0,0
-39613,0,0
-113375,0,0
184172,0,0
-112185,0,0
-151352,0,0
93985,0,0
-191180,0,0
-124069,0,0
103450,0,0
20017,0,0
-105022,0,0
-79440,0,0
-194259,0,0
66825,0,0
-37826,0,0
-185332,0,0
-13242,0,0
-109766,0,0
-239469,0,0
-105325,0,0
-69287,0,0
-91712,0,0
251413,0,0
-65685,0,0
-249335,0,0
-85616,0,0
-270654,0,0
-8997,0,0
193504,0,0
-3383,0,0
-65309,0,0
13477,0,0
-146988,0,0
156621,0,0
112430,0,0
-142683,0,0
-42908,0,0
-13219,0,0
-19584,0,0
75750,0,0
-20007,0,0
-80614,0,0
294669,0,0
1582,0,0
-43619,0,0
130901,0,0
-228254,0,0
95447,0,0
236515,0,0
63611,0,0
-17770,0,0
7294,0,0
-135244,0,0
174348,0,0
157024,0,0
-12454,0,0
161382,0,0
-119210,0,0
-164079,0,0
46798,0,0
18026,0,0
61190,0,0
387237,0,0
55973,0,0
-109659,0,0
90469,0,0
-192631,0,0
-38351,0,0
175422,0,0
118382,0,0
85322,0,0
94930,0,0
-80171,0,0
57479,0,0
-11051,0,0
-63028,0,0
129366,0,0
15540,0,0
-93835,0,0
-63495,0,0
7842,0,0
-24775,0,0
271032,0,0
-84751,0,0
-186958,0,0
32325,0,0
-280499,0,0
-76025,0,0
170944,0,0
26723,0,0
-50201,0,0
-15295,0,0
-231973,0,0
11028,0,0
-15573,0,0
-118611,0,0
33330,0,0
-116866,0,0
-149870,0,0
-41161,0,0
-39807,0,0
-70770,0,0
98890,0,0
-101047,0,0
-93250,0,0
49119,0,0
-202679,0,0
-140125,0,0
53055,0,0
-326,0,0
-57240,0,0
2706,0,0
-123693,0,0
185134,0,0
89301,0,0
-174009,0,0
-20108,0,0
-79161,0,0
-97595,0,0
42116,0,0
-17928,0,0
-35522,0,0
262509,0,0
-45784,0,0
-39471,0,0
121838,0,0
-111962,0,0
14394,0,0
76854,0,0
57946,0,0
102912,0,0
43050,0,0
-49650,0,0
242570,0,0
84009,0,0
-98648,0,0
132024,0,0
76428,0,0
-4561,0,0
73460,0,0
60044,0,0
142153,0,0
306597,0,0
-73244,0,0
8313,0,0
240886,0,0
-93559,0,0
53568,0,0
350904,0,0
164760,0,0
-32197,0,0
55363,0,0
20598,0,0
229406,0,0
99132,0,0
-26683,0,0
73147,0,0
2672,0,0
20619,0,0
64754,0,0
-1266,0,0
43658,0,0
295861,0,0
-33297,0,0
-36969,0,0
41027,0,0
-161524,0,0
-51154,0,0
136625,0,0
60083,0,0
-288,0,0
89709,0,0
-45106,0,0
98248,0,0
-100603,0,0
-219917,0,0
1621,0,0
-16578,0,0
-55536,0,0
-4114,0,0
-20370,0,0
-52696,0,0
144537,0,0
-154690,0,0
-120243,0,0
27167,0,0
-296307,0,0
-122281,0,0
139444,0,0
86192,0,0
6139,0,0
-58259,0,0
-121522,0,0
91188,0,0
-26787,0,0
-168212,0,0
5536,0,0
-6884,0,0
-75226,0,0
-5655,0,0
-65561,0,0
-32098,0,0
145912,0,0
-37581,0,0
17960,0,0
46186,0,0
-250739,0,0
-12366,0,0
148305,0,0
2721,0,0
-44193,0,0
39412,0,0
-140786,0,0
-34097,0,0
-106331,0,0
-285771,0,0
-183884,0,0
-15461,0,0
215813,0,0
265924,0,0
34223,0,0
-207245,0,0
-15564,0,0
-248568,0,0
-129227,0,0
104639,0,0
-47485,0,0
117510,0,0
61453,0,0
-79345,0,0
69899,0,0
194180,0,0
49124,0,0
288836,0,0
33462,0,0
-119163,0,0
12421,0,0
-51079,0,0
-2154,0,0
77357,0,0
-66892,0,0
95121,0,0
349137,0,0
-35583,0,0
-36655,0,0
112103,0,0
-94089,0,0
-37335,0,0
157679,0,0
142905,0,0
80878,0,0
-1380,0,0
-58283,0,0
132598,0,0
116066,0,0
-21901,0,0
20887,0,0
83318,0,0
113724,0,0
93631,0,0
-1796,0,0
77638,0,0
265066,0,0
-83535,0,0
60755,0,0
177017,0,0
-176180,0,0
3690,0,0
241556,0,0
114714,0,0
91508,0,0
30144,0,0
-87777,0,0
59799,0,0
-11919,0,0
-22135,0,0
72567,0,0
16156,0,0
-152619,0,0
-27664,0,0
-28507,0,0
-6916,0,0
65969,0,0
-84902,0,0
45746,0,0
38271,0,0
-331506,0,0
-202434,0,0
67975,0,0
-41694,0,0
-44507,0,0
38845,0,0
-95458,0,0
32918,0,0
-7873,0,0
-172425,0,0
-112879,0,0
-72317,0,0
-107995,0,0
-49866,0,0
-39196,0,0
-78416,0,0
6816,0,0
-148647,0,0
-61700,0,0
-3756,0,0
-254667,0,0
-59684,0,0
191175,0,0
-71606,0,0
-87719,0,0
15222,0,0
-182987,0,0
47534,0,0
-72521,0,0
-81232,0,0
50652,0,0
-10385,0,0
-124217,0,0
-72284,0,0
-84560,0,0
42198,0,0
161654,0,0
-95693,0,0
-33009,0,0
5466,0,0
-219397,0,0
-103972,0,0
124544,0,0
76919,0,0
34046,0,0
-89755,0,0
-92295,0,0
174650,0,0
-14108,0,0
-148019,0,0
-27468,0,0
-8545,0,0
-40158,0,0
16499,0,0
-58993,0,0
44767,0,0
180189,0,0
-98773,0,0
37408,0,0
23265,0,0
-203888,0,0
-60991,0,0
151190,0,0
94051,0,0
67213,0,0
-24600,0,0
-32492,0,0
94608,0,0
-5197,0,0
-100277,0,0
-23521,0,0
-43499,0,0
-76082,0,0
44640,0,0
17718,0,0
89509,0,0
162983,0,0
-97852,0,0
-13235,0,0
77740,0,0
-241419,0,0
-88297,0,0
184659,0,0
38362,0,0
59261,0,0
-37025,0,0
-63778,0,0
192211,0,0
1081,0,0
-157764,0,0
32810,0,0
-18570,0,0
-77244,0,0
19766,0,0
-76172,0,0
64908,0,0
230479,0,0
-90943,0,0
-48339,0,0
-64042,0,0
-204688,0,0
-5561,0,0
207300,0,0
123590,0,0
70822,0,0
-40456,0,0
-71294,0,0
110372,0,0
-29977,0,0
-85956,0,0
28907,0,0
96572,0,0
53106,0,0
-44093,0,0
-97191,0,0
61933,0,0
201827,0,0
-85349,0,0
-10614,0,0
12405,0,0
-194521,0,0
-46870,0,0
204070,0,0
-19313,0,0
-57814,0,0
-79745,0,0
-53536,0,0
94670,0,0
129530,0,0
12313,0,0
-43754,0,0
-82755,0,0
-48887,0,0
1289,0,0
-28594,0,0
91691,0,0
153078,0,0
-85550,0,0
40179,0,0
116651,0,0
68264,0,0
32967,0,0
176171,0,0
68041,0,0
87366,0,0
-41730,0,0
17700,0,0
248964,0,0
32083,0,0
45797,0,0
154955,0,0
116989,0,0
-59944,0,0
56436,0,0
11342,0,0
257026,0,0
226683,0,0
-108750,0,0
-19948,0,0
45360,0,0
-124226,0,0
38975,0,0
235877,0,0
170471,0,0
137314,0,0
-114382,0,0
-113482,0,0
70046,0,0
-49192,0,0
5811,0,0
32756,0,0
-31953,0,0
-85467,0,0
26958,0,0
4895,0,0
106950,0,0
42790,0,0
-122529,0,0
-53174,0,0
58591,0,0
-157009,0,0
-100102,0,0
138550,0,0
23027,0,0
-27438,0,0
-110039,0,0
-32470,0,0
104496,0,0
-115100,0,0
-105852,0,0
-41483,0,0
-86203,0,0
-87948,0,0
-5069,0,0
-89018,0,0
9837,0,0
31508,0,0
-103086,0,0
-37695,0,0
-70072,0,0
-219400,0,0
-73407,0,0
128979,0,0
-32494,0,0
-41004,0,0
-130368,0,0
-100666,0,0
91065,0,0
-84188,0,0
-99000,0,0
-65368,0,0
-44065,0,0
-31593,0,0
17475,0,0
-175868,0,0
4581,0,0
48731,0,0
-155479,0,0
30445,0,0
-17878,0,0
-253261,0,0
-59466,0,0
186280,0,0
-3413,0,0
-35087,0,0
-111706,0,0
-65160,0,0
95903,0,0
-74049,0,0
-128208,0,0
-59443,0,0
-81304,0,0
-87019,0,0
-28967,0,0
-128118,0,0
62653,0,0
16756,0,0
-218740,0,0
-54291,0,0
-37883,0,0
-142979,0,0
-24631,0,0
109587,0,0
-18399,0,0
-58860,0,0
-183919,0,0
-71194,0,0
79971,0,0
-141790,0,0
-71201,0,0
106808,0,0
36845,0,0
-94814,0,0
53853,0,0
-92746,0,0
-15185,0,0
77513,0,0
54685,0,0
27514,0,0
-71527,0,0
-179523,0,0
46749,0,0
175543,0,0
88208,0,0
60025,0,0
-68202,0,0
-4524,0,0
206719,0,0
83266,0,0
77591,0,0
-88649,0,0
-122979,0,0
39481,0,0
154167,0,0
23735,0,0
75306,0,0
170878,0,0
116030,0,0
158264,0,0
12106,0,0
-107759,0,0
29189,0,0
205168,0,0
63349,0,0
141552,0,0
91966,0,0
127072,0,0
192720,0,0
-12490,0,0
53038,0,0
102440,0,0
60840,0,0
57603,0,0
135037,0,0
29433,0,0
255576,0,0
143788,0,0
-89497,0,0
111817,0,0
54343,0,0
-75652,0,0
58928,0,0
224212,0,0
80928,0,0
102669,0,0
-86352,0,0
3073,0,0
201666,0,0
1290,0,0
-73259,0,0
30039,0,0
1762,0,0
-3325,0,0
60259,0,0
-125381,0,0
124764,0,0
62437,0,0
-110845,0,0
29170,0,0
13127,0,0
-159979,0,0
-80111,0,0
138683,0,0
17561,0,0
79834,0,0
-135369,0,0
7031,0,0
128978,0,0
-120755,0,0
-111240,0,0
16041,0,0
-22577,0,0
-74857,0,0
44277,0,0
-79883,0,0
143267,0,0
101089,0,0
-94891,0,0
69906,0,0
-62540,0,0
-248263,0,0
-41225,0,0
158574,0,0
25495,0,0
-10179,0,0
-123648,0,0
124173,0,0
149696,0,0
-67897,0,0
34383,0,0
-54223,0,0
-141046,0,0
-44746,0,0
79207,0,0
-42606,0,0
230014,0,0
123416,0,0
-118987,0,0
90474,0,0
2622,0,0
-137604,0,0
-41949,0,0
111224,0,0
17292,0,0
51849,0,0
-55176,0,0
60557,0,0
109158,0,0
-146154,0,0
-53228,0,0
-37414,0,0
-95789,0,0
-67226,0,0
-53695,0,0
-138578,0,0
221502,0,0
101231,0,0
-163709,0,0
-753,0,0
-119365,0,0
-159742,0,0
-11789,0,0
143174,0,0
96707,0,0
15068,0,0
-94381,0,0
107778,0,0
116318,0,0
-90178,0,0
-60321,0,0
-55000,0,0
52994,0,0
3696,0,0
-15547,0,0
-26552,0,0
245985,0,0
104077,0,0
-73879,0,0
116201,0,0
-138282,0,0
-178633,0,0
38697,0,0
195284,0,0
44224,0,0
34651,0,0
-58828,0,0
152082,0,0
169341,0,0
-105180,0,0
23337,0,0
-68527,0,0
-78538,0,0
33774,0,0
97285,0,0
-126593,0,0
130681,0,0
88281,0,0
-79694,0,0
136996,0,0
-57415,0,0
-191775,0,0
24276,0,0
176285,0,0
15060,0,0
49655,0,0
-147443,0,0
-13070,0,0
96083,0,0
-150202,0,0
-12269,0,0
11618,0,0
-21535,0,0
-71356,0,0
-14638,0,0
-136381,0,0
174721,0,0
53181,0,0
-139994,0,0
68450,0,0
-109226,0,0
-234398,0,0
-52599,0,0
110155,0,0
-38898,0,0
15649,0,0
-149454,0,0
20340,0,0
106863,0,0
-164230,0,0
-64771,0,0
-43227,0,0
-116410,0,0
-98089,0,0
-19445,0,0
-114601,0,0
185129,0,0
1491,0,0
-256820,0,0
6278,0,0
-135657,0,0
-195171,0,0
3573,0,0
112122,0,0
36892,0,0
36957,0,0
-192959,0,0
-248,0,0
122577,0,0
-113682,0,0
-66428,0,0
-29285,0,0
-56991,0,0
-55954,0,0
64216,0,0
-59649,0,0
252891,0,0
89431,0,0
-115696,0,0
108377,0,0
-11530,0,0
-147646,0,0
-70694,0,0
94875,0,0
11981,0,0
156717,0,0
-1247,0,0
234991,0,0
135130,0,0
-178617,0,0
-92435,0,0
-120382,0,0
112462,0,0
141552,0,0
5860,0,0
-86791,0,0
236245,0,0
121363,0,0
-88019,0,0
66568,0,0
-156951,0,0
-74680,0,0
223984,0,0
197979,0,0
-60561,0,0
59589,0,0
-18432,0,0
214454,0,0
136250,0,0
-132198,0,0
60788,0,0
40292,0,0
12940,0,0
48169,0,0
194715,0,0
-43284,0,0
258576,0,0
97752,0,0
-13403,0,0
202469,0,0
-65277,0,0
-108482,0,0
126669,0,0
249059,0,0
67438,0,0
58324,0,0
-106082,0,0
201746,0,0
281238,0,0
-126400,0,0
-28188,0,0
-9968,0,0
33433,0,0
34331,0,0
57108,0,0
-96532,0,0
174135,0,0
-2642,0,0
-71534,0,0
157417,0,0
-11873,0,0
-135182,0,0
-39772,0,0
10082,0,0
-32467,0,0
65544,0,0
-43185,0,0
107065,0,0
19761,0,0
-191830,0,0
-110362,0,0
-146425,0,0
-61779,0,0
-44169,0,0
32738,0,0
-68253,0,0
122830,0,0
-66350,0,0
-184906,0,0
-16319,0,0
-148221,0,0
-204984,0,0
-49218,0,0
117981,0,0
-27365,0,0
46557,0,0
-153050,0,0
12179,0,0
23485,0,0
-191625,0,0
-31159,0,0
-84897,0,0
-65591,0,0
25553,0,0
13480,0,0
-161886,0,0
170143,0,0
-20917,0,0
-136584,0,0
138995,0,0
-124451,0,0
-100353,0,0
41026,0,0
76339,0,0
-45644,0,0
81242,0,0
-182421,0,0
65126,0,0
128752,0,0
-170279,0,0
44349,0,0
64257,0,0
-130431,0,0
-66933,0,0
35703,0,0
-79521,0,0
161979,0,0
-48111,0,0
-64609,0,0
120913,0,0
-144462,0,0
-126164,0,0
34677,0,0
54643,0,0
2682,0,0
-27709,0,0
-281923,0,0
86958,0,0
257981,0,0
-85420,0,0
-141203,0,0
-205910,0,0
19587,0,0
61386,0,0
-53229,0,0
-179034,0,0
207291,0,0
37147,0,0
-104445,0,0
66624,0,0
-121077,0,0
-120120,0,0
42441,0,0
135374,0,0
3858,0,0
75401,0,0
-186865,0,0
59157,0,0
135818,0,0
-141743,0,0
-51451,0,0
-136266,0,0
-134692,0,0
48006,0,0
100613,0,0
-40240,0,0
201714,0,0
-62629,0,0
-138553,0,0
12812,0,0
-179856,0,0
-76704,0,0
50386,0,0
108247,0,0
-7588,0,0
90729,0,0
-150586,0,0
57906,0,0
67922,0,0
3913,0,0
94193,0,0
-141401,0,0
-138348,0,0
-21703,0,0
32804,0,0
-79726,0,0
269235,0,0
6702,0,0
-108414,0,0
125070,0,0
-133113,0,0
-156535,0,0
58129,0,0
145005,0,0
-6810,0,0
70364,0,0
-82429,0,0
125365,0,0
13639,0,0
-190211,0,0
27468,0,0
23003,0,0
-42377,0,0
-10404,0,0
96120,0,0
-93773,0,0
253884,0,0
7231,0,0
-128059,0,0
99452,0,0
-113879,0,0
-137456,0,0
109420,0,0
139496,0,0
-4512,0,0
129589,0,0
-122703,0,0
113266,0,0
118924,0,0
-145221,0,0
38919,0,0
16750,0,0
-60361,0,0
-48496,0,0
-11729,0,0
-65717,0,0
210225,0,0
57552,0,0
-115142,0,0
136117,0,0
-19848,0,0
-134880,0,0
-40144,0,0
98374,0,0
-19325,0,0
26630,0,0
-100071,0,0
136943,0,0
127958,0,0
-183159,0,0
-14453,0,0
-39919,0,0
-36002,0,0
-30287,0,0
40728,0,0
-57235,0,0
188990,0,0
-32375,0,0
58158,0,0
123497,0,0
-271343,0,0
-209976,0,0
146673,0,0
271310,0,0
82687,0,0
115327,0,0
-161553,0,0
82957,0,0
99851,0,0
-66290,0,0
27962,0,0
-28050,0,0
-65012,0,0
57027,0,0
95943,0,0
-26392,0,0
273838,0,0
-68741,0,0
-74615,0,0
209503,0,0
-179321,0,0
-230538,0,0
91890,0,0
286375,0,0
45402,0,0
-6976,0,0
-244078,0,0
98800,0,0
156139,0,0
-161612,0,0
-22022,0,0
-2630,0,0
91427,0,0
95136,0,0
-32478,0,0
-174985,0,0
234106,0,0
-15232,0,0
-115521,0,0
113003,0,0
-92154,0,0
-19656,0,0
137580,0,0
124376,0,0
3859,0,0
32936,0,0
-81714,0,0
181262,0,0
94723,0,0
-82603,0,0
80000,0,0
-59791,0,0
-107289,0,0
62491,0,0
136600,0,0
-8343,0,0
312796,0,0
11914,0,0
-123112,0,0
112269,0,0
-133500,0,0
-36760,0,0
185928,0,0
160350,0,0
36206,0,0
133028,0,0
-84835,0,0
154866,0,0
92949,0,0
-168459,0,0
39721,0,0
9381,0,0
30813,0,0
91087,0,0
88779,0,0
-49305,0,0
248478,0,0
17466,0,0
-93669,0,0
136464,0,0
-126872,0,0
-46920,0,0
131492,0,0
78025,0,0
-21545,0,0
90776,0,0
-157094,0,0
183939,0,0
139276,0,0
-192479,0,0
-35265,0,0
-53662,0,0
20482,0,0
76306,0,0
72086,0,0
-105966,0,0
265723,0,0
-52260,0,0
-131889,0,0
105718,0,0
-183606,0,0
-142676,0,0
188577,0,0
113951,0,0
-95528,0,0
49898,0,0
-172092,0,0
83486,0,0
108866,0,0
-119432,0,0
128428,0,0
94568,0,0
-267456,0,0
-230168,0,0
59659,0,0
-69177,0,0
337484,0,0
5957,0,0
-174914,0,0
97519,0,0
-126178,0,0
-101109,0,0
66279,0,0
144186,0,0
24661,0,0
50218,0,0
-152601,0,0
123262,0,0
151326,0,0
-184567,0,0
-57491,0,0
-89882,0,0
-108464,0,0
-13085,0,0
27814,0,0
-79851,0,0
189751,0,0
-51124,0,0
-119149,0,0
107424,0,0
-229869,0,0
-168290,0,0
19668,0,0
34389,0,0
-24710,0,0
26865,0,0
-165191,0,0
129650,0,0
101384,0,0
-139128,0,0
-82142,0,0
-42679,0,0
-22915,0,0
-25868,0,0
11190,0,0
-88396,0,0
290771,0,0
-43075,0,0
-69806,0,0
195632,0,0
-185227,0,0
-123410,0,0
146651,0,0
203564,0,0
1481,0,0
49341,0,0
-77351,0,0
154509,0,0
124349,0,0
-102965,0,0
29097,0,0
-47442,0,0
-33137,0,0
24805,0,0
18837,0,0
-27831,0,0
294096,0,0
5048,0,0
-101714,0,0
118997,0,0
-170591,0,0
-121529,0,0
111885,0,0
121842,0,0
-19715,0,0
12690,0,0
-134181,0,0
143354,0,0
35159,0,0
-147549,0,0
-33239,0,0
-89399,0,0
-88429,0,0
12653,0,0
7275,0,0
-110451,0,0
191222,0,0
-130411,0,0
-90678,0,0
119772,0,0
-285925,0,0
-151499,0,0
106027,0,0
86771,0,0
-64420,0,0
-25869,0,0
-146042,0,0
64912,0,0
45320,0,0
-105691,0,0
-58861,0,0
-152651,0,0
27460,0,0
8056,0,0
-125519,0,0
-155511,0,0
271274,0,0
-109795,0,0
-192560,0,0
117747,0,0
-160084,0,0
-97856,0,0
44716,0,0
18152,0,0
-53140,0,0
-60903,0,0
-196159,0,0
225975,0,0
89004,0,0
-278736,0,0
-74563,0,0
-70510,0,0
-64791,0,0
90842,0,0
-452,0,0
-83551,0,0
187155,0,0
-107312,0,0
-79307,0,0
116842,0,0
-271589,0,0
-111382,0,0
207310,0,0
289112,0,0
194561,0,0
110270,0,0
-274888,0,0
-38218,0,0
145403,0,0
30512,0,0
191168,0,0
74312,0,0
-92507,0,0
4499,0,0
91092,0,0
37136,0,0
343560,0,0
23355,0,0
-41673,0,0
215245,0,0
-103190,0,0
-28149,0,0
172121,0,0
57231,0,0
-20175,0,0
111598,0,0
-28556,0,0
223536,0,0
25293,0,0
-220066,0,0
-33026,0,0
-15841,0,0
1548,0,0
9730,0,0
10838,0,0
-25805,0,0
265418,0,0
-38312,0,0
-227957,0,0
-8289,0,0
-113914,0,0
10172,0,0
121163,0,0
39596,0,0
-75235,0,0
-34617,0,0
-175682,0,0
120183,0,0
73026,0,0
-89974,0,0
113806,0,0
-89151,0,0
-185227,0,0
-60769,0,0
-69508,0,0
-106652,0,0
219160,0,0
-151520,0,0
-146317,0,0
80118,0,0
-155840,0,0
-85709,0,0
47959,0,0
-67170,0,0
-107296,0,0
7917,0,0
-163270,0,0
83538,0,0
47538,0,0
-237732,0,0
-7279,0,0
26852,0,0
-47077,0,0
-26802,0,0
-36291,0,0
-47838,0,0
254604,0,0
-73642,0,0
-52482,0,0
158754,0,0
-169306,0,0
-72469,0,0
159008,0,0
125720,0,0
41800,0,0
54953,0,0
-158670,0,0
85335,0,0
161460,0,0
-38333,0,0
-18036,0,0
-105162,0,0
-135514,0,0
97691,0,0
157100,0,0
-729,0,0
208583,0,0
-101020,0,0
-27621,0,0
191216,0,0
-241752,0,0
-111304,0,0
115858,0,0
107236,0,0
69468,0,0
149007,0,0
-43287,0,0
173994,0,0
89285,0,0
-151254,0,0
-30876,0,0
-86865,0,0
-12599,0,0
148129,0,0
64873,0,0
-78230,0,0
202907,0,0
-53541,0,0
18158,0,0
120446,0,0
-224815,0,0
-86191,0,0
138708,0,0
87252,0,0
-39721,0,0
45342,0,0
-36067,0,0
93187,0,0
40995,0,0
-143072,0,0
-45841,0,0
-111751,0,0
-119123,0,0
6192,0,0
-29505,0,0
-138078,0,0
181328,0,0
-1529,0,0
-95887,0,0
2077,0,0
-329140,0,0
-83771,0,0
97998,0,0
32068,0,0
-24701,0,0
1808,0,0
-194759,0,0
46598,0,0
40871,0,0
-154024,0,0
24501,0,0
-64737,0,0
-55857,0,0
-28253,0,0
-49166,0,0
-50561,0,0
357529,0,0
17041,0,0
-139315,0,0
58881,0,0
-217296,0,0
-91278,0,0
126287,0,0
66610,0,0
55621,0,0
81320,0,0
18449,0,0
309770,0,0
52633,0,0
-248065,0,0
-5203,0,0
12974,0,0
-18605,0,0
-26599,0,0
13496,0,0
48495,0,0
185221,0,0
-45100,0,0
-42007,0,0
99521,0,0
-214630,0,0
-62885,0,0
83296,0,0
-9637,0,0
24681,0,0
56858,0,0
-192141,0,0
144972,0,0
96888,0,0
-156903,0,0
-30431,0,0
-83037,0,0
-63174,0,0
8607,0,0
-43214,0,0
18445,0,0
252619,0,0
-17470,0,0
-29292,0,0
140111,0,0
-164481,0,0
-84185,0,0
180077,0,0
148647,0,0
52790,0,0
55314,0,0
-59955,0,0
189404,0,0
114884,0,0
-7289,0,0
32458,0,0
-61973,0,0
-31000,0,0
66954,0,0
61137,0,0
57401,0,0
290031,0,0
-5229,0,0
-4839,0,0
84361,0,0
-205788,0,0
-68791,0,0
143477,0,0
111606,0,0
58906,0,0
54702,0,0
-114271,0,0
148158,0,0
42341,0,0
-102206,0,0
13679,0,0
-77752,0,0
-62749,0,0
21315,0,0
-86203,0,0
-60153,0,0
261045,0,0
-102742,0,0
-106382,0,0
77310,0,0
-184222,0,0
-121114,0,0
114923,0,0
14052,0,0
-52121,0,0
45499,0,0
-164665,0,0
44802,0,0
-34646,0,0
-111722,0,0
95417,0,0
-67224,0,0
-221410,0,0
-18253,0,0
-43020,0,0
-41468,0,0
134314,0,0
-188639,0,0
-106910,0,0
88326,0,0
-201144,0,0
-130074,0,0
38423,0,0
-31805,0,0
-66602,0,0
-36038,0,0
-218007,0,0
77492,0,0
-54306,0,0
-203362,0,0
-66628,0,0
-107637,0,0
-82618,0,0
46700,0,0
-44576,0,0
-144746,0,0
112832,0,0
-183838,0,0
-99734,0,0
22266,0,0
-221859,0,0
-28750,0,0
216638,0,0
-65025,0,0
-67026,0,0
-26704,0,0
-138460,0,0
41176,0,0
-3897,0,0
-94779,0,0
-10036,0,0
-85549,0,0
-89234,0,0
-12619,0,0
-108474,0,0
-42717,0,0
174582,0,0
-133386,0,0
-110518,0,0
-29153,0,0
-348398,0,0
11730,0,0
197134,0,0
49567,0,0
28426,0,0
-74779,0,0
-149346,0,0
119440,0,0
-43436,0,0
-126073,0,0
17211,0,0
-83887,0,0
-24210,0,0
60110,0,0
-50452,0,0
52520,0,0
206160,0,0
-73736,0,0
-64539,0,0
85881,0,0
-148620,0,0
11197,0,0
256820,0,0
95778,0,0
35656,0,0
113091,0,0
-116103,0,0
153504,0,0
58598,0,0
8691,0,0
172991,0,0
42120,0,0
7818,0,0
95971,0,0
171529,0,0
111092,0,0
271947,0,0
-63696,0,0
94649,0,0
180668,0,0
-17610,0,0
117511,0,0
226853,0,0
86050,0,0
114863,0,0
168648,0,0
41434,0,0
210741,0,0
157360,0,0
58746,0,0
102525,0,0
109749,0,0
92640,0,0
120870,0,0
26289,0,0
94836,0,0
278363,0,0
48122,0,0
29179,0,0
134106,0,0
-141559,0,0
18012,0,0
208880,0,0
124620,0,0
72137,0,0
17930,0,0
-71030,0,0
137245,0,0
-7050,0,0
-50467,0,0
60763,0,0
-37529,0,0
-119111,0,0
40731,0,0
-3875,0,0
-15085,0,0
144428,0,0
-7376,0,0
-84729,0,0
-39720,0,0
-225027,0,0
-42882,0,0
139343,0,0
33947,0,0
-7302,0,0
-16730,0,0
-86025,0,0
127728,0,0
-66731,0,0
-160549,0,0
-23816,0,0
-56021,0,0
-19867,0,0
163454,0,0
-109209,0,0
-86003,0,0
110443,0,0
-89612,0,0
6426,0,0
10855,0,0
-133795,0,0
-44945,0,0
84142,0,0
-53637,0,0
-15832,0,0
-19316,0,0
-10314,0,0
274120,0,0
84627,0,0
-247184,0,0
-98323,0,0
1161,0,0
-74335,0,0
5436,0,0
-53986,0,0
-10207,0,0
155965,0,0
-39385,0,0
19474,0,0
122505,0,0
-255456,0,0
-141915,0,0
147678,0,0
-15443,0,0
42830,0,0
70011,0,0
-76765,0,0
16783,0,0
4354,0,0
-7641,0,0
63016,0,0
137037,0,0
3609,0,0
-1518,0,0
-38065,0,0
113080,0,0
240875,0,0
-85666,0,0
-14296,0,0
43108,0,0
-122183,0,0
133498,0,0
390926,0,0
122538,0,0
25341,0,0
-2973,0,0
-23275,0,0
224584,0,0
3210,0,0
-75656,0,0
49251,0,0
-9109,0,0
-4884,0,0
117827,0,0
14109,0,0
56647,0,0
147126,0,0
-96623,0,0
10050,0,0
94658,0,0
-147006,0,0
35,0,0
172292,0,0
-7495,0,0
-41725,0,0
-58748,0,0
-9746,0,0
104797,0,0
-26326,0,0
-111904,0,0
-50809,0,0
-71096,0,0
-122249,0,0
-22346,0,0
-46806,0,0
127818,0,0
165058,0,0
-227187,0,0
-87386,0,0
-38067,0,0
-289537,0,0
-99764,0,0
125817,0,0
44590,0,0
-31314,0,0
-89356,0,0
-29722,0,0
11214,0,0
-123999,0,0
-149197,0,0
-60887,0,0
-41556,0,0
-73255,0,0
22541,0,0
-149560,0,0
-23326,0,0
121269,0,0
-115092,0,0
-16330,0,0
1411,0,0
-269953,0,0
-162256,0,0
7734,0,0
-48038,0,0
24804,0,0
75623,0,0
65671,0,0
-23288,0,0
-159206,0,0
-99939,0,0
4054,0,0
-44251,0,0
-125307,0,0
-22083,0,0
-96431,0,0
-6845,0,0
133018,0,0
-45015,0,0
17170,0,0
13548,0,0
-158699,0,0
-11622,0,0
94889,0,0
-135221,0,0
-55999,0,0
-7247,0,0
38383,0,0
120578,0,0
19486,0,0
-57432,0,0
-110406,0,0
-66998,0,0
-31131,0,0
54616,0,0
-74777,0,0
55631,0,0
170614,0,0
-210635,0,0
-76760,0,0
31070,0,0
-142322,0,0
15603,0,0
190226,0,0
9644,0,0
-73367,0,0
-82041,0,0
-60147,0,0
66387,0,0
-80550,0,0
-173285,0,0
-105854,0,0
-21207,0,0
77065,0,0
159862,0,0
-96193,0,0
-76192,0,0
59141,0,0
-139761,0,0
-35426,0,0
39573,0,0
-134462,0,0
20897,0,0
129516,0,0
-28135,0,0
6459,0,0
-8374,0,0
-906,0,0
108617,0,0
9784,0,0
-24641,0,0
24512,0,0
-36815,0,0
-69594,0,0
66292,0,0
-5127,0,0
69946,0,0
90674,0,0
-126496,0,0
9049,0,0
11371,0,0
-160885,0,0
-47649,0,0
92735,0,0
-22860,0,0
78854,0,0
-74835,0,0
-74827,0,0
107189,0,0
-91607,0,0
-81381,0,0
64097,0,0
-34074,0,0
-159930,0,0
-61363,0,0
-67329,0,0
111684,0,0
102245,0,0
-116284,0,0
16451,0,0
3267,0,0
-197153,0,0
-55561,0,0
135206,0,0
33934,0,0
68710,0,0
-31225,0,0
-71761,0,0
124473,0,0
-22900,0,0
-41767,0,0
-38422,0,0
-44995,0,0
-81727,0,0
88991,0,0
-61098,0,0
74464,0,0
90263,0,0
-35078,0,0
45594,0,0
-91916,0,0
-212084,0,0
60843,0,0
180286,0,0
27854,0,0
38121,0,0
-73822,0,0
-26031,0,0
154322,0,0
-82073,0,0
-59727,0,0
13486,0,0
-5478,0,0
-30750,0,0
78539,0,0
-8481,0,0
142541,0,0
148335,0,0
-92486,0,0
46463,0,0
-6343,0,0
-126024,0,0
25904,0,0
174409,0,0
-2909,0,0
59487,0,0
18045,0,0
11687,0,0
112641,0,0
11205,0,0
-35412,0,0
-15672,0,0
-27671,0,0
-80394,0,0
4929,0,0
-95252,0,0
57357,0,0
15137,0,0
-78330,0,0
83719,0,0
-44963,0,0
-241400,0,0
-103821,0,0
76064,0,0
-12694,0,0
3849,0,0
-184753,0,0
-56660,0,0
89783,0,0
-143324,0,0
-57195,0,0
17666,0,0
-66889,0,0
-154847,0,0
-65447,0,0
-74047,0,0
196840,0,0
-40246,0,0
-234578,0,0
107777,0,0
115282,0,0
-150591,0,0
-146676,0,0
113479,0,0
85975,0,0
61939,0,0
-5435,0,0
133710,0,0
56825,0,0
-159271,0,0
45496,0,0
174961,0,0
127170,0,0
-66842,0,0
-37590,0,0
7606,0,0
264831,0,0
141295,0,0
-32031,0,0
133056,0,0
-2557,0,0
-121369,0,0
98730,0,0
189474,0,0
76843,0,0
96366,0,0
-68699,0,0
76322,0,0
154798,0,0
-30529,0,0
-17397,0,0
-14168,0,0
12337,0,0
7905,0,0
105819,0,0
-70287,0,0
102053,0,0
62329,0,0
-78851,0,0
120361,0,0
58047,0,0
-207296,0,0
-58002,0,0
187281,0,0
62317,0,0
29556,0,0
-103670,0,0
34050,0,0
74979,0,0
-60425,0,0
31119,0,0
-27028,0,0
-75658,0,0
-103936,0,0
15944,0,0
-54501,0,0
127392,0,0
58565,0,0
-103257,0,0
91545,0,0
23154,0,0
-166004,0,0
-49228,0,0
114438,0,0
30901,0,0
46594,0,0
-115411,0,0
71488,0,0
180460,0,0
-7340,0,0
2838,0,0
-50829,0,0
30185,0,0
30263,0,0
51688,0,0
-23385,0,0
142909,0,0
79494,0,0
-69769,0,0
118086,0,0
41565,0,0
-115378,0,0
22243,0,0
113773,0,0
61993,0,0
168031,0,0
-99910,0,0
41969,0,0
124287,0,0
-113417,0,0
24436,0,0
216917,0,0
143201,0,0
-77363,0,0
-11706,0,0
-63476,0,0
202972,0,0
54083,0,0
-97912,0,0
94599,0,0
21898,0,0
-89632,0,0
79329,0,0
196680,0,0
-49212,0,0
-20302,0,0
-166755,0,0
-5831,0,0
121294,0,0
-107820,0,0
-88487,0,0
-176935,0,0
-243801,0,0
-179496,0,0
16974,0,0
-82144,0,0
-20797,0,0
958,0,0
-52106,0,0
-90179,0,0
-301597,0,0
-321016,0,0
-143807,0,0
6510,0,0
6906,0,0
47075,0,0
-173681,0,0
-70558,0,0
23822,0,0
-169038,0,0
-91943,0,0
-44027,0,0
-40687,0,0
-102123,0,0
-14406,0,0
-156249,0,0
131370,0,0
20662,0,0
-131629,0,0
60734,0,0
-103566,0,0
-143876,0,0
-11268,0,0
107901,0,0
-10143,0,0
23393,0,0
-164107,0,0
9953,0,0
99841,0,0
-83457,0,0
-71491,0,0
-69858,0,0
-59429,0,0
-40573,0,0
73840,0,0
-55921,0,0
200129,0,0
26960,0,0
-135826,0,0
85939,0,0
-56008,0,0
-194986,0,0
-42038,0,0
169797,0,0
48646,0,0
84962,0,0
-31233,0,0
77960,0,0
201160,0,0
-125071,0,0
-110879,0,0
41796,0,0
60523,0,0
51114,0,0
76429,0,0
-69507,0,0
149107,0,0
53328,0,0
-86607,0,0
175761,0,0
-21679,0,0
-119366,0,0
42947,0,0
197517,0,0
12807,0,0
36010,0,0
-24954,0,0
101542,0,0
194920,0,0
-26607,0,0
12292,0,0
-97722,0,0
-87929,0,0
-6149,0,0
98103,0,0
-32256,0,0
208499,0,0
74821,0,0
-66993,0,0
107317,0,0
-61606,0,0
-121066,0,0
45839,0,0
187005,0,0
-15869,0,0
-10112,0,0
-118191,0,0
56350,0,0
55438,0,0
-80171,0,0
100367,0,0
52162,0,0
-102672,0,0
-71145,0,0
91686,0,0
-139199,0,0
107553,0,0
25224,0,0
-28842,0,0
55896,0,0
-89669,0,0
-84929,0,0
79970,0,0
255840,0,0
74450,0,0
72124,0,0
-165141,0,0
-20632,0,0
75037,0,0
-25594,0,0
50597,0,0
55561,0,0
23946,0,0
10092,0,0
-38280,0,0
-65019,0,0
210487,0,0
108559,0,0
24888,0,0
67792,0,0
-140062,0,0
-139886,0,0
39814,0,0
70842,0,0
50957,0,0
119467,0,0
-65646,0,0
111922,0,0
208891,0,0
-95986,0,0
26487,0,0
8718,0,0
28076,0,0
38316,0,0
66901,0,0
-30384,0,0
267659,0,0
130758,0,0
-27901,0,0
144971,0,0
-35152,0,0
-95631,0,0
115661,0,0
173275,0,0
89635,0,0
202876,0,0
-89957,0,0
235010,0,0
216712,0,0
-106185,0,0
23656,0,0
17623,0,0
-10850,0,0
59502,0,0
93550,0,0
-66615,0,0
277373,0,0
70757,0,0
-27675,0,0
194968,0,0
-104225,0,0
-155423,0,0
4851,0,0
159558,0,0
51205,0,0
68797,0,0
-173475,0,0
142865,0,0
146516,0,0
-165932,0,0
-75876,0,0
-90077,0,0
2918,0,0
27839,0,0
2017,0,0
-153311,0,0
199916,0,0
4176,0,0
-161614,0,0
56947,0,0
-117162,0,0
-160220,0,0
8978,0,0
24422,0,0
-35448,0,0
55888,0,0
-165958,0,0
-3131,0,0
44442,0,0
-132767,0,0
12075,0,0
-81872,0,0
-134925,0,0
-73543,0,0
-69186,0,0
-230997,0,0
92133,0,0
-10013,0,0
-58502,0,0
224548,0,0
-86778,0,0
-213326,0,0
-8537,0,0
114829,0,0
-6870,0,0
-61412,0,0
-213005,0,0
176254,0,0
194992,0,0
-142314,0,0
5219,0,0
72820,0,0
30107,0,0
-14869,0,0
105598,0,0
-68928,0,0
150258,0,0
30240,0,0
-29326,0,0
154118,0,0
-98395,0,0
-96485,0,0
47528,0,0
122918,0,0
-19220,0,0
119366,0,0
-17857,0,0
70385,0,0
-35020,0,0
-150935,0,0
94823,0,0
23064,0,0
-101866,0,0
-43224,0,0
3385,0,0
-143084,0,0
206055,0,0
89888,0,0
37016,0,0
116441,0,0
-229382,0,0
-227490,0,0
60852,0,0
206122,0,0
33077,0,0
35473,0,0
-97694,0,0
132202,0,0
69448,0,0
-181865,0,0
-47705,0,0
-34400,0,0
3760,0,0
-208,0,0
-18840,0,0
25517,0,0
264922,0,0
-26462,0,0
-215892,0,0
49310,0,0
-182958,0,0
-93085,0,0
160594,0,0
188549,0,0
-35744,0,0
48447,0,0
-182244,0,0
150587,0,0
122002,0,0
-202815,0,0
12950,0,0
-32861,0,0
-49670,0,0
46225,0,0
62549,0,0
-14220,0,0
262369,0,0
-161078,0,0
-230845,0,0
105506,0,0
-115584,0,0
-55765,0,0
124632,0,0
131431,0,0
28865,0,0
66945,0,0
-222129,0,0
78110,0,0
164708,0,0
-89802,0,0
28464,0,0
-26869,0,0
-31609,0,0
15480,0,0
43510,0,0
-14238,0,0
273867,0,0
-12445,0,0
-47234,0,0
175160,0,0
-107755,0,0
-65477,0,0
158906,0,0
161991,0,0
-43287,0,0
48261,0,0
-146216,0,0
157915,0,0
128960,0,0
-146188,0,0
37753,0,0
-3902,0,0
-14369,0,0
24863,0,0
24319,0,0
-88921,0,0
203067,0,0
-33767,0,0
-46720,0,0
130388,0,0
-176858,0,0
-108583,0,0
82820,0,0
75465,0,0
57541,0,0
131890,0,0
-198144,0,0
81864,0,0
109049,0,0
-133388,0,0
-14937,0,0
-123819,0,0
-130002,0,0
-25972,0,0
-17003,0,0
-56066,0,0
270236,0,0
-64139,0,0
-185862,0,0
-23476,0,0
-183684,0,0
-48376,0,0
105619,0,0
27125,0,0
-72257,0,0
-80546,0,0
-175637,0,0
125688,0,0
97459,0,0
-86434,0,0
-6005,0,0
-75977,0,0
-104236,0,0
-15023,0,0
-10598,0,0
-150552,0,0
120795,0,0
-127233,0,0
-99134,0,0
225794,0,0
-210338,0,0
-219727,0,0
74882,0,0
34487,0,0
-92220,0,0
-13051,0,0
-127003,0,0
133042,0,0
98108,0,0
-220817,0,0
-106066,0,0
-75934,0,0
-3121,0,0
-23559,0,0
-57823,0,0
-88408,0,0
211630,0,0
-86220,0,0
-113316,0,0
123359,0,0
-93125,0,0
57282,0,0
67806,0,0
-81670,0,0
-48328,0,0
159890,0,0
-115022,0,0
135606,0,0
136732,0,0
-110415,0,0
-32690,0,0
-7361,0,0
20902,0,0
119089,0,0
157130,0,0
-145425,0,0
191842,0,0
15400,0,0
-46253,0,0
176622,0,0
-108841,0,0
-114877,0,0
199336,0,0
193664,0,0
-20522,0,0
-26170,0,0
-233805,0,0
105069,0,0
156024,0,0
-110969,0,0
104733,0,0
-56451,0,0
-146761,0,0
-53774,0,0
-31963,0,0
-153943,0,0
196950,0,0
-57674,0,0
-49838,0,0
269194,0,0
-233678,0,0
-288277,0,0
-10941,0,0
52364,0,0
-57612,0,0
29822,0,0
-186808,0,0
61656,0,0
17163,0,0
-249191,0,0
-45656,0,0
-67184,0,0
-156948,0,0
-92005,0,0
-24496,0,0
-164665,0,0
186889,0,0
-73738,0,0
-178812,0,0
52678,0,0
-281052,0,0
-255877,0,0
994,0,0
94781,0,0
-12357,0,0
31034,0,0
-152306,0,0
129246,0,0
12727,0,0
-276609,0,0
-130830,0,0
-58999,0,0
-4085,0,0
84625,0,0
-58968,0,0
-222475,0,0
179860,0,0
-38992,0,0
-59852,0,0
247711,0,0
-145607,0,0
-97043,0,0
48532,0,0
20202,0,0
-34985,0,0
104539,0,0
-123360,0,0
92464,0,0
61802,0,0
-73754,0,0
161809,0,0
-14978,0,0
-165769,0,0
-66122,0,0
-4224,0,0
-35947,0,0
344470,0,0
-23572,0,0
-120510,0,0
93542,0,0
-160855,0,0
-87446,0,0
79561,0,0
59490,0,0
-1045,0,0
132011,0,0
-60453,0,0
132561,0,0
44482,0,0
-185848,0,0
4355,0,0
5053,0,0
-12992,0,0
97362,0,0
4983,0,0
-150983,0,0
199243,0,0
-64004,0,0
-40995,0,0
207389,0,0
-196409,0,0
-119192,0,0
59166,0,0
81402,0,0
12472,0,0
38467,0,0
-226950,0,0
73665,0,0
26528,0,0
-126421,0,0
-44515,0,0
-85473,0,0
-36898,0,0
56956,0,0
4334,0,0
-133831,0,0
140101,0,0
-172004,0,0
-127913,0,0
164307,0,0
-155194,0,0
-116420,0,0
53311,0,0
34878,0,0
-41537,0,0
79842,0,0
-116844,0,0
85139,0,0
-9824,0,0
-244809,0,0
-34919,0,0
-42615,0,0
-75652,0,0
-44732,0,0
-16437,0,0
-94453,0,0
274886,0,0
-87192,0,0
-174108,0,0
49257,0,0
-271145,0,0
-119354,0,0
131186,0,0
162863,0,0
43975,0,0
31814,0,0
-212529,0,0
86315,0,0
129172,0,0
-161497,0,0
-27228,0,0
-101495,0,0
-89892,0,0
32332,0,0
63150,0,0
54783,0,0
196611,0,0
-175526,0,0
-166106,0,0
217606,0,0
-164374,0,0
-218420,0,0
50816,0,0
105903,0,0
-39395,0,0
51533,0,0
-96261,0,0
107368,0,0
-65461,0,0
-203348,0,0
135961,0,0
84343,0,0
-146558,0,0
-182938,0,0
145892,0,0
103402,0,0
260110,0,0
-87155,0,0
-156555,0,0
71350,0,0
-185033,0,0
-27254,0,0
223075,0,0
205697,0,0
199052,0,0
157410,0,0
-153897,0,0
84435,0,0
90657,0,0
-200160,0,0
53727,0,0
65592,0,0
90542,0,0
139793,0,0
104103,0,0
20713,0,0
310738,0,0
-69610,0,0
-102889,0,0
137501,0,0
-145020,0,0
87083,0,0
322965,0,0
105463,0,0
-3574,0,0
59469,0,0
-115616,0,0
213295,0,0
214500,0,0
-135564,0,0
-60376,0,0
31500,0,0
78427,0,0
126507,0,0
6064,0,0
-53772,0,0
248446,0,0
-60991,0,0
324,0,0
197215,0,0
-151673,0,0
-22675,0,0
180714,0,0
8064,0,0
-46293,0,0
159963,0,0
-76481,0,0
153466,0,0
47849,0,0
-107782,0,0
108208,0,0
-19039,0,0
-132902,0,0
101314,0,0
117441,0,0
-4702,0,0
158964,0,0
-118273,0,0
-42859,0,0
184505,0,0
-153354,0,0
-86933,0,0
213136,0,0
235389,0,0
927,0,0
29277,0,0
-126369,0,0
210561,0,0
137150,0,0
-172931,0,0
56847,0,0
41850,0,0
58473,0,0
97522,0,0
51852,0,0
-3993,0,0
228509,0,0
-104454,0,0
-11323,0,0
216460,0,0
-228849,0,0
-122456,0,0
177501,0,0
192692,0,0
60517,0,0
103825,0,0
-16718,0,0
-1719,0,0
-47236,0,0
-107176,0,0
83565,0,0
-38050,0,0
-25417,0,0
32649,0,0
38600,0,0
18172,0,0
365566,0,0
-95471,0,0
-138063,0,0
114697,0,0
-123589,0,0
89602,0,0
183738,0,0
-4368,0,0
87003,0,0
125997,0,0
-127619,0,0
167683,0,0
171331,0,0
-67559,0,0
59090,0,0
36863,0,0
-21635,0,0
86200,0,0
60555,0,0
-16160,0,0
272037,0,0
-95583,0,0
-53142,0,0
215682,0,0
-128401,0,0
-52145,0,0
183031,0,0
13296,0,0
8232,0,0
138016,0,0
-93129,0,0
17246,0,0
-11088,0,0
-26416,0,0
100486,0,0
-14357,0,0
-135876,0,0
-22232,0,0
-31329,0,0
-88607,0,0
202122,0,0
-43792,0,0
-37767,0,0
74256,0,0
-247956,0,0
-128614,0,0
137987,0,0
-19508,0,0
-49217,0,0
81615,0,0
-135993,0,0
51460,0,0
33052,0,0
-97292,0,0
-53106,0,0
-120970,0,0
-87321,0,0
56226,0,0
-13059,0,0
-104700,0,0
179245,0,0
-53217,0,0
-39631,0,0
67883,0,0
-239749,0,0
-85763,0,0
206419,0,0
114146,0,0
-154797,0,0
-100266,0,0
-77974,0,0
256053,0,0
61101,0,0
-123325,0,0
67293,0,0
-117063,0,0
-147825,0,0
-4485,0,0
-54345,0,0
21787,0,0
291642,0,0
-83551,0,0
-167794,0,0
102597,0,0
-175276,0,0
-131141,0,0
129374,0,0
58321,0,0
104868,0,0
43750,0,0
-188069,0,0
84528,0,0
842,0,0
-161075,0,0
21071,0,0
-58545,0,0
-121572,0,0
34576,0,0
-43529,0,0
-61724,0,0
221271,0,0
-99871,0,0
-82104,0,0
58835,0,0
-280192,0,0
-117961,0,0
75550,0,0
-26660,0,0
-47473,0,0
-17366,0,0
-106999,0,0
134475,0,0
70588,0,0
-254366,0,0
-62095,0,0
-99705,0,0
-130015,0,0
-6988,0,0
3978,0,0
29250,0,0
175680,0,0
-126879,0,0
-45703,0,0
97822,0,0
-254026,0,0
-33785,0,0
273353,0,0
69265,0,0
-25971,0,0
50599,0,0
-25318,0,0
229727,0,0
116505,0,0
-113780,0,0
-12727,0,0
-46335,0,0
18128,0,0
123847,0,0
47434,0,0
31852,0,0
236363,0,0
-95565,0,0
-85181,0,0
61268,0,0
-100223,0,0
70017,0,0
146038,0,0
-54919,0,0
20398,0,0
54556,0,0
-89912,0,0
126192,0,0
38026,0,0
-162630,0,0
-18175,0,0
-15564,0,0
-51768,0,0
28793,0,0
-78959,0,0
-86691,0,0
188708,0,0
-7908,0,0
-38690,0,0
-12211,0,0
-222594,0,0
88322,0,0
146562,0,0
-102265,0,0
-95829,0,0
7181,0,0
-103170,0,0
205721,0,0
34814,0,0
-169466,0,0
-53157,0,0
-77670,0,0
-6156,0,0
32076,0,0
-24802,0,0
-47764,0,0
58070,0,0
-168860,0,0
-23216,0,0
109964,0,0
-175139,0,0
-157606,0,0
55689,0,0
36388,0,0
-26629,0,0
-118691,0,0
-181520,0,0
47625,0,0
-11863,0,0
-184365,0,0
-51181,0,0
-91676,0,0
-144962,0,0
-70387,0,0
-106769,0,0
-88424,0,0
97007,0,0
-197861,0,0
-112543,0,0
39378,0,0
-320693,0,0
-138267,0,0
174661,0,0
-23507,0,0
-117435,0,0
-92327,0,0
-113096,0,0
23370,0,0
-54249,0,0
-185150,0,0
-93518,0,0
-81208,0,0
-90733,0,0
51560,0,0
-88400,0,0
-105097,0,0
102127,0,0
-102019,0,0
-99883,0,0
126265,0,0
-222704,0,0
-199874,0,0
26473,0,0
16200,0,0
28264,0,0
13638,0,0
-49447,0,0
156972,0,0
10596,0,0
-89770,0,0
-64831,0,0
-88250,0,0
-57761,0,0
44559,0,0
9390,0,0
17954,0,0
255515,0,0
-79575,0,0
-76194,0,0
120789,0,0
-156571,0,0
-90044,0,0
137627,0,0
37165,0,0
59384,0,0
66073,0,0
-36062,0,0
130804,0,0
40627,0,0
-68114,0,0
3395,0,0
-8823,0,0
-47988,0,0
111185,0,0
-35233,0,0
1127,0,0
265063,0,0
-34895,0,0
1500,0,0
16217,0,0
-180353,0,0
-25124,0,0
195290,0,0
46060,0,0
-22487,0,0
-12494,0,0
-81211,0,0
81958,0,0
60004,0,0
2882,0,0
43188,0,0
-179111,0,0
-154610,0,0
48622,0,0
-48261,0,0
-29804,0,0
213024,0,0
-172615,0,0
-97657,0,0
110118,0,0
-205236,0,0
-96153,0,0
180224,0,0
65660,0,0
1218,0,0
-124181,0,0
-164207,0,0
162145,0,0
13385,0,0
-74118,0,0
-20257,0,0
-133667,0,0
-109204,0,0
69102,0,0
28398,0,0
45352,0,0
115562,0,0
-151900,0,0
2433,0,0
38869,0,0
-180296,0,0
55783,0,0
242590,0,0
16118,0,0
-119908,0,0
-9612,0,0
-15359,0,0
152299,0,0
16921,0,0
34842,0,0
123340,0,0
-76982,0,0
-83407,0,0
131704,0,0
17811,0,0
100994,0,0
192925,0,0
-70997,0,0
53479,0,0
116273,0,0
-214430,0,0
-28431,0,0
192446,0,0
119384,0,0
88823,0,0
-9908,0,0
-62730,0,0
163932,0,0
46975,0,0
-112177,0,0
-15176,0,0
30073,0,0
-33985,0,0
56960,0,0
8614,0,0
67053,0,0
191584,0,0
-90002,0,0
30341,0,0
106949,0,0
-150528,0,0
-82667,0,0
177046,0,0
76341,0,0
38286,0,0
42018,0,0
15727,0,0
164698,0,0
-64826,0,0
-161974,0,0
6146,0,0
-18206,0,0
-24081,0,0
65118,0,0
67644,0,0
59353,0,0
54360,0,0
-132720,0,0
-10577,0,0
99930,0,0
-182446,0,0
-43986,0,0
207485,0,0
131662,0,0
77097,0,0
-41029,0,0
-21364,0,0
128341,0,0
-41082,0,0
-43432,0,0
90435,0,0
28688,0,0
-45826,0,0
86845,0,0
34807,0,0
61844,0,0
150176,0,0
-18837,0,0
-5223,0,0
4473,0,0
-221718,0,0
-91628,0,0
123347,0,0
36382,0,0
44281,0,0
-46072,0,0
-131028,0,0
152371,0,0
44788,0,0
-126931,0,0
-104966,0,0
-140970,0,0
-251183,0,0
12178,0,0
-85735,0,0
-7765,0,0
163724,0,0
-150660,0,0
-107327,0,0
-23041,0,0
-296027,0,0
-158552,0,0
167962,0,0
49347,0,0
-86273,0,0
-176468,0,0
-138635,0,0
113091,0,0
3548,0,0
-57459,0,0
29778,0,0
-58063,0,0
-226544,0,0
-99415,0,0
-101563,0,0
13022,0,0
195362,0,0
13429,0,0
25302,0,0
-30183,0,0
-326549,0,0
-197863,0,0
124206,0,0
8608,0,0
19450,0,0
-54495,0,0
-3101,0,0
228493,0,0
-51509,0,0
-99728,0,0
-102853,0,0
-127689,0,0
-131924,0,0
48265,0,0
-16856,0,0
94019,0,0
193136,0,0
-117543,0,0
-34907,0,0
-36714,0,0
-247643,0,0
-99068,0,0
145902,0,0
99514,0,0
131316,0,0
-48826,0,0
-112362,0,0
73302,0,0
-67538,0,0
-115505,0,0
-83933,0,0
-59824,0,0
9266,0,0
10755,0,0
-25125,0,0
92165,0,0
112561,0,0
-115049,0,0
-69349,0,0
-9524,0,0
-180699,0,0
-96367,0,0
50510,0,0
-17800,0,0
2599,0,0
-25843,0,0
50217,0,0
103352,0,0
-57132,0,0
4573,0,0
-97151,0,0
-180773,0,0
-52824,0,0
113033,0,0
-52683,0,0
72994,0,0
189905,0,0
-18546,0,0
-7596,0,0
-8778,0,0
-179488,0,0
-27901,0,0
141023,0,0
102210,0,0
150896,0,0
30330,0,0
46540,0,0
138583,0,0
-56794,0,0
-78142,0,0
76644,0,0
83723,0,0
-28854,0,0
68365,0,0
-8000,0,0
137354,0,0
189782,0,0
25842,0,0
133731,0,0
-13549,0,0
-143175,0,0
75882,0,0
217614,0,0
71387,0,0
36540,0,0
-16414,0,0
42967,0,0
153766,0,0
25686,0,0
83845,0,0
15219,0,0
-146999,0,0
-69875,0,0
103143,0,0
54418,0,0
135242,0,0
115318,0,0
-70554,0,0
32466,0,0
-19058,0,0
-178122,0,0
14429,0,0
168522,0,0
-6608,0,0
11430,0,0
-18111,0,0
39973,0,0
124714,0,0
-34237,0,0
-34237,0,0
-53770,0,0
-65117,0,0
-83856,0,0
3049,0,0
-112392,0,0
-1305,0,0
26216,0,0
-92716,0,0
141440,0,0
51797,0,0
-294258,0,0
-42795,0,0
144234,0,0
-69058,0,0
-78092,0,0
-85390,0,0
70812,0,0
146862,0,0
17475,0,0
62201,0,0
-6026,0,0
-150665,0,0
-30062,0,0
52055,0,0
9129,0,0
199848,0,0
179220,0,0
-61015,0,0
109745,0,0
26894,0,0
-86117,0,0
66412,0,0
261536,0,0
47980,0,0
-12363,0,0
-53019,0,0
86512,0,0
152962,0,0
-59779,0,0
23761,0,0
84757,0,0
21218,0,0
-715,0,0
196774,0,0
-38016,0,0
15019,0,0
106124,0,0
-36453,0,0
115204,0,0
15349,0,0
-177209,0,0
33214,0,0
236963,0,0
28683,0,0
7194,0,0
-45082,0,0
96078,0,0
119427,0,0
-52037,0,0
-12721,0,0
-5737,0,0
-12360,0,0
7867,0,0
78358,0,0
-88135,0,0
44460,0,0
75068,0,0
-40562,0,0
24097,0,0
-87867,0,0
-189996,0,0
18315,0,0
236301,0,0
40543,0,0
33458,0,0
-85783,0,0
23829,0,0
130253,0,0
-88496,0,0
-88498,0,0
-63791,0,0
-41829,0,0
-52792,0,0
120049,0,0
74843,0,0
166410,0,0
100615,0,0
-126863,0,0
24304,0,0
-59424,0,0
-184742,0,0
13937,0,0
212925,0,0
34859,0,0
34307,0,0
-76379,0,0
23120,0,0
108060,0,0
-98202,0,0
-80668,0,0
-36484,0,0
-15009,0,0
-62063,0,0
-18767,0,0
-146567,0,0
147685,0,0
120513,0,0
-139417,0,0
-54000,0,0
-169837,0,0
-291174,0,0
-93073,0,0
84168,0,0
23708,0,0
156993,0,0
-77445,0,0
-25539,0,0
-77520,0,0
-205325,0,0
-110951,0,0
-32063,0,0
-230,0,0
-85472,0,0
67663,0,0
-87256,0,0
-16171,0,0
81030,0,0
-59764,0,0
119924,0,0
6631,0,0
-108202,0,0
-28379,0,0
-7411,0,0
-20154,0,0
107536,0,0
22302,0,0
145507,0,0
116204,0,0
-113297,0,0
-58683,0,0
-40908,0,0
41183,0,0
59480,0,0
54143,0,0
-127787,0,0
129526,0,0
58712,0,0
-141413,0,0
40785,0,0
-32577,0,0
-133699,0,0
60200,0,0
216355,0,0
35659,0,0
28457,0,0
-128694,0,0
42765,0,0
96607,0,0
-85752,0,0
24204,0,0
-57362,0,0
-22802,0,0
54154,0,0
119546,0,0
27773,0,0
243080,0,0
82374,0,0
-149317,0,0
54264,0,0
-1350,0,0
-161924,0,0
46796,0,0
240926,0,0
128636,0,0
127581,0,0
-81199,0,0
39784,0,0
153226,0,0
-95184,0,0
-6946,0,0
-27226,0,0
-53409,0,0
-4008,0,0
165573,0,0
-25978,0,0
128987,0,0
106741,0,0
-80660,0,0
85873,0,0
-93905,0,0
-219700,0,0
-17686,0,0
169015,0,0
59901,0,0
79687,0,0
-103472,0,0
25758,0,0
50842,0,0
-150352,0,0
-7811,0,0
40701,0,0
-83793,0,0
-108077,0,0
19953,0,0
-115691,0,0
167582,0,0
33370,0,0
-116007,0,0
50140,0,0
-119338,0,0
-148417,0,0
69610,0,0
64635,0,0
-73261,0,0
48992,0,0
-46850,0,0
134950,0,0
96798,0,0
-132221,0,0
-12529,0,0
-39378,0,0
-68599,0,0
48212,0,0
88926,0,0
-81113,0,0
184711,0,0
44012,0,0
-120040,0,0
61654,0,0
-96633,0,0
-167008,0,0
992,0,0
184117,0,0
99625,0,0
129531,0,0
-162476,0,0
-36815,0,0
65839,0,0
-65331,0,0
-25660,0,0
-32414,0,0
1921,0,0
19906,0,0
-54850,0,0
-69677,0,0
291892,0,0
66661,0,0
-80692,0,0
127902,0,0
-112773,0,0
-248517,0,0
-29435,0,0
239343,0,0
61072,0,0
55071,0,0
-39675,0,0
56054,0,0
62553,0,0
-94507,0,0
-62703,0,0
-22084,0,0
-17082,0,0
-11350,0,0
14998,0,0
-133850,0,0
132424,0,0
14490,0,0
-156374,0,0
102361,0,0
-83143,0,0
-104858,0,0
-40601,0,0
-337,0,0
-75733,0,0
16069,0,0
-73333,0,0
125702,0,0
137800,0,0
-106426,0,0
-59848,0,0
-84137,0,0
-93321,0,0
-43043,0,0
27796,0,0
-81609,0,0
177172,0,0
31685,0,0
-4991,0,0
171965,0,0
-156343,0,0
-194532,0,0
34632,0,0
122023,0,0
50698,0,0
131832,0,0
-112291,0,0
22031,0,0
150898,0,0
-122601,0,0
-3323,0,0
-28346,0,0
-88730,0,0
-12198,0,0
-25055,0,0
-101911,0,0
135396,0,0
-7792,0,0
-75004,0,0
202401,0,0
23901,0,0
-200258,0,0
-148396,0,0
43357,0,0
16435,0,0
39163,0,0
-145513,0,0
77560,0,0
136305,0,0
-128644,0,0
-43382,0,0
-23876,0,0
-122720,0,0
-45490,0,0
31264,0,0
-59897,0,0
124762,0,0
-71152,0,0
-147507,0,0
24036,0,0
-116454,0,0
-178379,0,0
24244,0,0
147092,0,0
-39100,0,0
6232,0,0
-154087,0,0
53648,0,0
61148,0,0
-207141,0,0
-55953,0,0
-5057,0,0
41830,0,0
-66248,0,0
-11405,0,0
-64541,0,0
242526,0,0
-1845,0,0
-139200,0,0
130781,0,0
-169389,0,0
-162843,0,0
73222,0,0
158148,0,0
39298,0,0
72793,0,0
-88149,0,0
50259,0,0
74203,0,0
-110877,0,0
-15656,0,0
37549,0,0
-1580,0,0
-18487,0,0
42163,0,0
-73877,0,0
180829,0,0
-14499,0,0
-79303,0,0
57192,0,0
-145040,0,0
-141840,0,0
34638,0,0
183665,0,0
83846,0,0
57345,0,0
-130722,0,0
85014,0,0
38500,0,0
-210975,0,0
11448,0,0
-32266,0,0
-84278,0,0
-38938,0,0
48400,0,0
-11884,0,0
347487,0,0
33816,0,0
-200918,0,0
101489,0,0
-101370,0,0
-85360,0,0
84740,0,0
90753,0,0
1398,0,0
58708,0,0
-89122,0,0
162129,0,0
161966,0,0
-17450,0,0
35141,0,0
-105179,0,0
-110261,0,0
9265,0,0
79344,0,0
-688,0,0
176962,0,0
-38534,0,0
-100830,0,0
130127,0,0
-112313,0,0
-86766,0,0
24266,0,0
-21805,0,0
-48913,0,0
58339,0,0
-74716,0,0
142995,0,0
98614,0,0
-279729,0,0
-98393,0,0
15136,0,0
-89604,0,0
-72256,0,0
-62785,0,0
-120206,0,0
233301,0,0
-2621,0,0
-243920,0,0
-21318,0,0
-27664,0,0
-14725,0,0
37737,0,0
-37205,0,0
-71739,0,0
18950,0,0
-192880,0,0
2119,0,0
155385,0,0
-60728,0,0
-31164,0,0
-126822,0,0
-37175,0,0
8143,0,0
-113,0,0
-118977,0,0
195088,0,0
16322,0,0
-71003,0,0
73437,0,0
-204545,0,0
-137742,0,0
78781,0,0
146803,0,0
10321,0,0
51714,0,0
-183006,0,0
26247,0,0
81630,0,0
-152109,0,0
-20693,0,0
3293,0,0
-2385,0,0
-4905,0,0
-32400,0,0
-103819,0,0
171700,0,0
7178,0,0
-144291,0,0
99768,0,0
-153686,0,0
-139389,0,0
70856,0,0
190939,0,0
-15152,0,0
13731,0,0
-123956,0,0
26829,0,0
26788,0,0
-152228,0,0
23969,0,0
-37191,0,0
-6936,0,0
38451,0,0
5521,0,0
-98632,0,0
230063,0,0
-50664,0,0
-171161,0,0
129218,0,0
-126601,0,0
-62094,0,0
81963,0,0
80460,0,0
1657,0,0
70565,0,0
-194945,0,0
77615,0,0
169265,0,0
-103543,0,0
56718,0,0
-32931,0,0
-97310,0,0
-51258,0,0
24953,0,0
-21683,0,0
311255,0,0
-39377,0,0
-141934,0,0
89588,0,0
-187261,0,0
-89527,0,0
92215,0,0
142795,0,0
-65942,0,0
-155536,0,0
-329679,0,0
35941,0,0
276263,0,0
241327,0,0
243055,0,0
-36906,0,0
-214024,0,0
-215901,0,0
-77333,0,0
-64548,0,0
417938,0,0
186131,0,0
62956,0,0
269316,0,0
-22985,0,0
-37305,0,0
190664,0,0
259152,0,0
111446,0,0
151951,0,0
-13354,0,0
251114,0,0
205763,0,0
-81465,0,0
57202,0,0
-19338,0,0
28661,0,0
161747,0,0
102579,0,0
-45957,0,0
332388,0,0
1677,0,0
-110869,0,0
180705,0,0
-112185,0,0
-77906,0,0
116699,0,0
120808,0,0
46655,0,0
90452,0,0
-159347,0,0
145864,0,0
148710,0,0
-142635,0,0
6929,0,0
13881,0,0
-46518,0,0
15743,0,0
-18963,0,0
-69657,0,0
249384,0,0
-26970,0,0
-76162,0,0
136513,0,0
-188530,0,0
-132440,0,0
47221,0,0
97570,0,0
17504,0,0
77339,0,0
-181182,0,0
35696,0,0
41678,0,0
-180514,0,0
-69014,0,0
-72392,0,0
-104952,0,0
-33565,0,0
-51062,0,0
-96381,0,0
199316,0,0
-157042,0,0
-253458,0,0
38896,0,0
-169828,0,0
-234856,0,0
-87962,0,0
36585,0,0
-21329,0,0
6422,0,0
-209779,0,0
155413,0,0
-18473,0,0
-282264,0,0
-60581,0,0
-161212,0,0
-65977,0,0
23156,0,0
-60896,0,0
-166175,0,0
222623,0,0
-36240,0,0
22695,0,0
158750,0,0
-329970,0,0
-174638,0,0
163969,0,0
84940,0,0
2867,0,0
5939,0,0
-237187,0,0
-20852,0,0
-45378,0,0
-178240,0,0
37318,0,0
149311,0,0
217328,0,0
142010,0,0
-178866,0,0
-295269,0,0
191049,0,0
-49642,0,0
-110193,0,0
269493,0,0
39127,0,0
-65827,0,0
115410,0,0
155467,0,0
94215,0,0
97269,0,0
-32413,0,0
308214,0,0
160509,0,0
-38473,0,0
107896,0,0
-17837,0,0
-9426,0,0
185027,0,0
112689,0,0
47906,0,0
345429,0,0
105422,0,0
44822,0,0
290937,0,0
-58161,0,0
-34948,0,0
167426,0,0
193426,0,0
121584,0,0
176614,0,0
-37381,0,0
231886,0,0
229560,0,0
-63214,0,0
5500,0,0
-30378,0,0
23118,0,0
129437,0,0
46549,0,0
-39933,0,0
242381,0,0
-75800,0,0
-89082,0,0
183330,0,0
-139356,0,0
-93992,0,0
43204,0,0
47784,0,0
33874,0,0
24016,0,0
-171918,0,0
178405,0,0
112528,0,0
-167982,0,0
-77014,0,0
-99915,0,0
-80010,0,0
1491,0,0
17251,0,0
-8358,0,0
234188,0,0
-100564,0,0
-160384,0,0
130100,0,0
-177310,0,0
-111701,0,0
71525,0,0
54724,0,0
38757,0,0
13231,0,0
-203405,0,0
66246,0,0
117903,0,0
-128002,0,0
-21768,0,0
-20995,0,0
-72065,0,0
17792,0,0
-65954,0,0
-116804,0,0
208979,0,0
13159,0,0
-42458,0,0
103617,0,0
-199422,0,0
-178060,0,0
120077,0,0
78672,0,0
50914,0,0
123708,0,0
-149958,0,0
43717,0,0
74401,0,0
-209661,0,0
84433,0,0
42380,0,0
-83764,0,0
-72521,0,0
-34216,0,0
-96058,0,0
189318,0,0
-43064,0,0
-60307,0,0
129718,0,0
-154396,0,0
-139009,0,0
45716,0,0
-8311,0,0
-69454,0,0
115805,0,0
-61573,0,0
70903,0,0
79491,0,0
-148343,0,0
-113677,0,0
-2118,0,0
-2677,0,0
-47553,0,0
-43831,0,0
-88440,0,0
240335,0,0
-1794,0,0
-83231,0,0
126223,0,0
-135738,0,0
44165,0,0
83408,0,0
-15150,0,0
31501,0,0
73318,0,0
-174579,0,0
109488,0,0
109872,0,0
-185216,0,0
61225,0,0
74574,0,0
-52974,0,0
-4845,0,0
8134,0,0
35056,0,0
232165,0,0
-140919,0,0
-182744,0,0
87488,0,0
-217481,0,0
-199893,0,0
105651,0,0
102836,0,0
20946,0,0
127043,0,0
-102849,0,0
123023,0,0
-5381,0,0
-277126,0,0
-33466,0,0
-117668,0,0
-51723,0,0
91337,0,0
7488,0,0
-88498,0,0
239519,0,0
-47327,0,0
-10770,0,0
194953,0,0
-154296,0,0
-72859,0,0
122288,0,0
76903,0,0
-38276,0,0
37688,0,0
-62587,0,0
158360,0,0
56842,0,0
-167635,0,0
50430,0,0
24310,0,0
-126313,0,0
-39813,0,0
-26039,0,0
-22225,0,0
291041,0,0
-38107,0,0
-111622,0,0
74999,0,0
-214226,0,0
-103715,0,0
134382,0,0
29985,0,0
2214,0,0
54971,0,0
-199369,0,0
109708,0,0
53595,0,0
-5669,0,0
49622,0,0
-144678,0,0
-133985,0,0
42243,0,0
-44352,0,0
-114686,0,0
221979,0,0
-135933,0,0
-66070,0,0
206758,0,0
-227438,0,0
-138742,0,0
97183,0,0
54839,0,0
-5460,0,0
58689,0,0
-150053,0,0
94096,0,0
68227,0,0
-128221,0,0
25742,0,0
-80432,0,0
-77661,0,0
56850,0,0
-66281,0,0
-89975,0,0
258954,0,0
-65144,0,0
-82003,0,0
130353,0,0
-257911,0,0
-147698,0,0
130464,0,0
88632,0,0
14838,0,0
22285,0,0
-196318,0,0
4667,0,0
91420,0,0
-91678,0,0
-11976,0,0
-103922,0,0
-59175,0,0
19851,0,0
-164553,0,0
-120899,0,0
230822,0,0
-73970,0,0
-189309,0,0
31803,0,0
-245604,0,0
-167912,0,0
181289,0,0
64361,0,0
-109991,0,0
-158892,0,0
-230585,0,0
78272,0,0
12068,0,0
-123920,0,0
-4943,0,0
-183259,0,0
-173534,0,0
-46387,0,0
-39499,0,0
-120674,0,0
226173,0,0
-134401,0,0
-85277,0,0
217911,0,0
-144905,0,0
-119996,0,0
31046,0,0
-15227,0,0
-16016,0,0
181624,0,0
66922,0,0
128706,0,0
-19361,0,0
-188585,0,0
37750,0,0
89755,0,0
57796,0,0
111560,0,0
59526,0,0
-75366,0,0
177673,0,0
-56098,0,0
-12495,0,0
256025,0,0
-76904,0,0
-70114,0,0
136412,0,0
71012,0,0
12795,0,0
53066,0,0
-122054,0,0
185460,0,0
93033,0,0
-66289,0,0
23375,0,0
-119247,0,0
-139800,0,0
-6368,0,0
53718,0,0
78732,0,0
364071,0,0
-72885,0,0
-174298,0,0
50826,0,0
-198211,0,0
-51867,0,0
117031,0,0
78691,0,0
77618,0,0
25808,0,0
-159182,0,0
157461,0,0
102891,0,0
-155738,0,0
35414,0,0
-51633,0,0
-144474,0,0
38114,0,0
231,0,0
-94663,0,0
211207,0,0
-45207,0,0
-115066,0,0
36591,0,0
-222530,0,0
-187613,0,0
117462,0,0
77461,0,0
28420,0,0
10888,0,0
-219202,0,0
81477,0,0
17539,0,0
-218052,0,0
-88513,0,0
-33423,0,0
-66420,0,0
-45808,0,0
-106846,0,0
-101402,0,0
242517,0,0
-134375,0,0
-207574,0,0
-16843,0,0
-235156,0,0
-109498,0,0
51947,0,0
278,0,0
-87887,0,0
-7302,0,0
-157927,0,0
73582,0,0
41102,0,0
-179364,0,0
-86868,0,0
-141180,0,0
-91859,0,0
47702,0,0
-19157,0,0
-44014,0,0
256200,0,0
-37076,0,0
-96187,0,0
91228,0,0
-191417,0,0
-46173,0,0
162352,0,0
15787,0,0
5588,0,0
109742,0,0
-109017,0,0
108081,0,0
180324,0,0
-30350,0,0
42051,0,0
13669,0,0
-141263,0,0
-19251,0,0
-27092,0,0
93711,0,0
403508,0,0
-82357,0,0
-152099,0,0
120406,0,0
-205470,0,0
-82573,0,0
197235,0,0
133687,0,0
27626,0,0
-37513,0,0
-189623,0,0
186583,0,0
78459,0,0
-106333,0,0
85559,0,0
-1652,0,0
-78481,0,0
6630,0,0
-15913,0,0
-53849,0,0
226891,0,0
-104570,0,0
-71027,0,0
62245,0,0
-92709,0,0
145967,0,0
228507,0,0
41841,0,0
7720,0,0
-1839,0,0
-34869,0,0
205964,0,0
32668,0,0
-139262,0,0
97935,0,0
102712,0,0
115169,0,0
103871,0,0
4651,0,0
53723,0,0
323943,0,0
10479,0,0
24833,0,0
181839,0,0
-105778,0,0
49466,0,0
219354,0,0
102433,0,0
123067,0,0
79742,0,0
-74312,0,0
191731,0,0
112255,0,0
-41931,0,0
13753,0,0
-37009,0,0
1475,0,0
79245,0,0
-35050,0,0
-47362,0,0
230076,0,0
-38885,0,0
-85831,0,0
44333,0,0
-173533,0,0
-73019,0,0
134435,0,0
-81630,0,0
-37127,0,0
120360,0,0
-79645,0,0
181002,0,0
53676,0,0
-227983,0,0
-56083,0,0
-18336,0,0
-35039,0,0
-2934,0,0
-32702,0,0
-39754,0,0
205160,0,0
32602,0,0
18002,0,0
39526,0,0
-262649,0,0
-61879,0,0
144356,0,0
-37047,0,0
-20352,0,0
63722,0,0
12882,0,0
173104,0,0
7797,0,0
-106136,0,0
4892,0,0
-58053,0,0
-137075,0,0
54320,0,0
-28941,0,0
33637,0,0
306484,0,0
-8835,0,0
-5404,0,0
73768,0,0
-211390,0,0
-60805,0,0
112432,0,0
54637,0,0
78717,0,0
32468,0,0
-88005,0,0
176414,0,0
75555,0,0
-176921,0,0
-25378,0,0
-39193,0,0
-70571,0,0
14873,0,0
-4244,0,0
-26502,0,0
168067,0,0
-84881,0,0
-52157,0,0
43225,0,0
-226107,0,0
-96415,0,0
144436,0,0
63322,0,0
46177,0,0
-47567,0,0
-151156,0,0
140743,0,0
105970,0,0
-100580,0,0
-118646,0,0
-102624,0,0
-40813,0,0
1043,0,0
-72078,0,0
-17089,0,0
242997,0,0
-50780,0,0
-99474,0,0
77069,0,0
-189592,0,0
-105461,0,0
126003,0,0
-35918,0,0
-51553,0,0
-33896,0,0
-66729,0,0
135456,0,0
13214,0,0
-126575,0,0
-39030,0,0
-104317,0,0
-146859,0,0
66469,0,0
5893,0,0
-9883,0,0
122936,0,0
-194463,0,0
-141356,0,0
40945,0,0
-173735,0,0
-76516,0,0
78354,0,0
41022,0,0
94972,0,0
-41738,0,0
-136364,0,0
57208,0,0
-49267,0,0
-178381,0,0
-14443,0,0
49085,0,0
-19244,0,0
56668,0,0
-36388,0,0
41756,0,0
185065,0,0
-130420,0,0
-53869,0,0
63938,0,0
-183207,0,0
-28858,0,0
185753,0,0
69897,0,0
117216,0,0
-6597,0,0
-137894,0,0
112838,0,0
-29775,0,0
-99086,0,0
7174,0,0
-101767,0,0
-54855,0,0
161189,0,0
70462,0,0
6009,0,0
109307,0,0
-84297,0,0
-68619,0,0
56372,0,0
-144481,0,0
-23511,0,0
206788,0,0
14082,0,0
-1827,0,0
114615,0,0
35519,0,0
134638,0,0
-17199,0,0
-105978,0,0
32220,0,0
30790,0,0
-22492,0,0
9656,0,0
-86405,0,0
57003,0,0
214399,0,0
-79496,0,0
-17108,0,0
64858,0,0
-117823,0,0
-39037,0,0
77264,0,0
-1865,0,0
40440,0,0
35991,0,0
-3895,0,0
181083,0,0
-63081,0,0
-140186,0,0
9530,0,0
14814,0,0
-28957,0,0
5354,0,0
-41959,0,0
48745,0,0
147015,0,0
-28002,0,0
44730,0,0
43930,0,0
-313189,0,0
-238439,0,0
138679,0,0
113402,0,0
83201,0,0
28591,0,0
-102480,0,0
129659,0,0
-81999,0,0
-153909,0,0
124429,0,0
-28513,0,0
-115184,0,0
22103,0,0
-31178,0,0
-3676,0,0
133489,0,0
-79582,0,0
12986,0,0
53949,0,0
-131480,0,0
-53730,0,0
187607,0,0
89187,0,0
4135,0,0
-132044,0,0
-97950,0,0
149949,0,0
30738,0,0
-88214,0,0
60872,0,0
88770,0,0
-57171,0,0
-19855,0,0
-77458,0,0
21534,0,0
170802,0,0
-8947,0,0
78836,0,0
192167,0,0
-101842,0,0
-60590,0,0
143273,0,0
43670,0,0
91665,0,0
88300,0,0
70732,0,0
183523,0,0
-1397,0,0
-6158,0,0
139091,0,0
23118,0,0
-41933,0,0
99761,0,0
34605,0,0
27475,0,0
139771,0,0
-10308,0,0
92632,0,0
73104,0,0
-194667,0,0
-48979,0,0
190958,0,0
117340,0,0
56448,0,0
-49762,0,0
-33498,0,0
149121,0,0
-2823,0,0
-63834,0,0
64262,0,0
-41361,0,0
-42555,0,0
81923,0,0
-12217,0,0
2993,0,0
147030,0,0
-95980,0,0
47112,0,0
67782,0,0
-236578,0,0
-44454,0,0
153583,0,0
34439,0,0
38918,0,0
-58430,0,0
-121784,0,0
21261,0,0
-77279,0,0
-94362,0,0
60155,0,0
-1000,0,0
-182406,0,0
12887,0,0
-99009,0,0
-12315,0,0
108314,0,0
-68221,0,0
-34653,0,0
-49403,0,0
-243274,0,0
-121364,0,0
111892,0,0
-4401,0,0
-49760,0,0
-35566,0,0
27038,0,0
118266,0,0
-107639,0,0
-140742,0,0
-31939,0,0
-79985,0,0
-117384,0,0
90961,0,0
-361,0,0
49763,0,0
164516,0,0
-132485,0,0
-52540,0,0
-28262,0,0
-146231,0,0
502,0,0
205205,0,0
48094,0,0
29956,0,0
-90237,0,0
-77093,0,0
131865,0,0
20795,0,0
-31578,0,0
-37444,0,0
-74137,0,0
-61187,0,0
107103,0,0
22252,0,0
84506,0,0
102345,0,0
-182504,0,0
28777,0,0
4256,0,0
-169083,0,0
61008,0,0
243496,0,0
116163,0,0
5369,0,0
-142937,0,0
-20503,0,0
162419,0,0
6513,0,0
-56727,0,0
-77460,0,0
-10652,0,0
41000,0,0
156129,0,0
41889,0,0
-26477,0,0
-100571,0,0
-84928,0,0
85958,0,0
-89549,0,0
-257398,0,0
-19284,0,0
342495,0,0
195526,0,0
-125910,0,0
-203999,0,0
-37696,0,0
95901,0,0
-128286,0,0
16619,0,0
66120,0,0
-97124,0,0
-109147,0,0
35031,0,0
-91089,0,0
98487,0,0
225465,0,0
-180174,0,0
-87800,0,0
-933,0,0
-124491,0,0
-21424,0,0
218685,0,0
34078,0,0
-27154,0,0
-122297,0,0
-23894,0,0
189515,0,0
-1942,0,0
-56684,0,0
-68813,0,0
19632,0,0
43243,0,0
-22282,0,0
-9626,0,0
181752,0,0
159645,0,0
-106329,0,0
61195,0,0
9481,0,0
-131708,0,0
1247,0,0
220092,0,0
53651,0,0
76830,0,0
37141,0,0
60682,0,0
212540,0,0
17241,0,0
-2140,0,0
-11665,0,0
39775,0,0
-30400,0,0
64803,0,0
76662,0,0
153216,0,0
150986,0,0
-18367,0,0
79811,0,0
-40034,0,0
-151675,0,0
29456,0,0
179642,0,0
33280,0,0
75757,0,0
61443,0,0
52444,0,0
17896,0,0
-38410,0,0
-69054,0,0
5906,0,0
4115,0,0
43268,0,0
45114,0,0
-90177,0,0
83978,0,0
197047,0,0
-32126,0,0
6334,0,0
-16037,0,0
-92248,0,0
-7612,0,0
184627,0,0
72184,0,0
72775,0,0
-34658,0,0
-10567,0,0
109326,0,0
-34430,0,0
21934,0,0
-12233,0,0
-16808,0,0
-55804,0,0
16282,0,0
-80350,0,0
94545,0,0
135138,0,0
-146700,0,0
-58212,0,0
-49608,0,0
-225609,0,0
-131956,0,0
104639,0,0
42075,0,0
18808,0,0
-30603,0,0
-24508,0,0
30869,0,0
-178393,0,0
-137658,0,0
-88206,0,0
-72697,0,0
-110782,0,0
18298,0,0
-17536,0,0
88955,0,0
102539,0,0
-175700,0,0
-25880,0,0
3277,0,0
-174814,0,0
-24112,0,0
233460,0,0
1977,0,0
33816,0,0
-4167,0,0
41875,0,0
109597,0,0
-58757,0,0
-74571,0,0
79108,0,0
118995,0,0
99234,0,0
25489,0,0
-82972,0,0
123751,0,0
161841,0,0
31235,0,0
206008,0,0
44287,0,0
-155208,0,0
4407,0,0
202934,0,0
82545,0,0
97414,0,0
37890,0,0
148979,0,0
210347,0,0
-86098,0,0
-56354,0,0
66897,0,0
34516,0,0
43649,0,0
65620,0,0
53087,0,0
275567,0,0
130782,0,0
-84838,0,0
43582,0,0
-42839,0,0
-165430,0,0
37890,0,0
218477,0,0
63974,0,0
120871,0,0
-74085,0,0
1724,0,0
112792,0,0
-120124,0,0
-68377,0,0
5519,0,0
26035,0,0
52517,0,0
54013,0,0
-135497,0,0
38658,0,0
65748,0,0
-84016,0,0
8768,0,0
-96738,0,0
-155283,0,0
46054,0,0
250024,0,0
-70708,0,0
-40224,0,0
-61284,0,0
28106,0,0
110631,0,0
4842,0,0
12334,0,0
-43154,0,0
-60556,0,0
-33027,0,0
49895,0,0
-32773,0,0
142122,0,0
76372,0,0
-96687,0,0
50392,0,0
-64617,0,0
-188055,0,0
-23081,0,0
214227,0,0
3319,0,0
-53804,0,0
-101338,0,0
-12851,0,0
15025,0,0
-205400,0,0
-81189,0,0
-3714,0,0
-33302,0,0
-99523,0,0
45604,0,0
-97714,0,0
81663,0,0
4976,0,0
-155096,0,0
87335,0,0
24007,0,0
-182291,0,0
-27677,0,0
133924,0,0
2319,0,0
75397,0,0
-41810,0,0
137412,0,0
114107,0,0
-123127,0,0
-3448,0,0
-177,0,0
24558,0,0
-41623,0,0
-26382,0,0
-211,0,0
243861,0,0
74893,0,0
-132909,0,0
104084,0,0
-46888,0,0
-143988,0,0
22991,0,0
165083,0,0
76386,0,0
18749,0,0
-123374,0,0
117463,0,0
145920,0,0
-27969,0,0
8187,0,0
-26516,0,0
49287,0,0
47194,0,0
43352,0,0
-91724,0,0
123114,0,0
104262,0,0
-91790,0,0
123584,0,0
81608,0,0
-106918,0,0
-52758,0,0
123637,0,0
5089,0,0
8754,0,0
-90132,0,0
-20790,0,0
84232,0,0
-79357,0,0
91985,0,0
62259,0,0
-101348,0,0
-76752,0,0
-15523,0,0
-101094,0,0
245104,0,0
152367,0,0
-73645,0,0
96539,0,0
-50129,0,0
-79045,0,0
46132,0,0
171575,0,0
172950,0,0
174593,0,0
-18807,0,0
194812,0,0
254745,0,0
-48885,0,0
98277,0,0
81470,0,0
-3907,0,0
25788,0,0
129200,0,0
90078,0,0
294520,0,0
101286,0,0
-66834,0,0
161747,0,0
-98203,0,0
-236968,0,0
-24361,0,0
181871,0,0
98341,0,0
138986,0,0
46340,0,0
92349,0,0
-94958,0,0
-254162,0,0
-60850,0,0
-102554,0,0
-57816,0,0
138,0,0
-3848,0,0
-81739,0,0
211359,0,0
8006,0,0
-200913,0,0
-7038,0,0
-158026,0,0
-199938,0,0
-11790,0,0
117458,0,0
33762,0,0
-16952,0,0
-190770,0,0
4525,0,0
67208,0,0
-118837,0,0
-109738,0,0
-104987,0,0
-63938,0,0
-72191,0,0
-64178,0,0
-146317,0,0
86147,0,0
56485,0,0
-49115,0,0
37211,0,0
-205967,0,0
-289827,0,0
-45667,0,0
162722,0,0
6041,0,0
1073,0,0
-158453,0,0
-47171,0,0
-2554,0,0
-129885,0,0
-86576,0,0
-3819,0,0
108145,0,0
-105014,0,0
-97500,0,0
-84504,0,0
211117,0,0
48728,0,0
-212603,0,0
5930,0,0
-106180,0,0
-166622,0,0
45169,0,0
182402,0,0
86558,0,0
47688,0,0
-167239,0,0
19904,0,0
88238,0,0
-98943,0,0
-52012,0,0
-22268,0,0
-4552,0,0
8946,0,0
42582,0,0
-116136,0,0
184431,0,0
124485,0,0
-184935,0,0
-2872,0,0
-16571,0,0
67311,0,0
123629,0,0
43274,0,0
-82710,0,0
10637,0,0
-43901,0,0
243331,0,0
260807,0,0
-37835,0,0
56890,0,0
-19291,0,0
11718,0,0
132501,0,0
103433,0,0
-17142,0,0
210593,0,0
124213,0,0
-32540,0,0
183053,0,0
-49666,0,0
-60880,0,0
102568,0,0
157576,0,0
20825,0,0
81141,0,0
-166712,0,0
16463,0,0
132526,0,0
-130644,0,0
-91844,0,0
38067,0,0
39540,0,0
-29723,0,0
-118958,0,0
-191144,0,0
129333,0,0
-37016,0,0
-72891,0,0
63645,0,0
-176516,0,0
-187447,0,0
-50985,0,0
63969,0,0
22326,0,0
32412,0,0
-162541,0,0
39735,0,0
141105,0,0
-190797,0,0
-125135,0,0
-98465,0,0
-67238,0,0
22092,0,0
16284,0,0
-136930,0,0
118941,0,0
7477,0,0
-91117,0,0
76101,0,0
-168255,0,0
-79908,0,0
-8773,0,0
69810,0,0
-47228,0,0
17240,0,0
-115319,0,0
33943,0,0
104109,0,0
-88612,0,0
-24073,0,0
-107909,0,0
-60804,0,0
70779,0,0
35595,0,0
-97766,0,0
150923,0,0
-25383,0,0
-42254,0,0
131081,0,0
-142031,0,0
-126781,0,0
87582,0,0
153291,0,0
25602,0,0
-7303,0,0
-161542,0,0
80000,0,0
148122,0,0
-117135,0,0
-36621,0,0
-15957,0,0
-13171,0,0
-92304,0,0
-18715,0,0
-96075,0,0
221560,0,0
10938,0,0
-131674,0,0
113873,0,0
-81986,0,0
-61665,0,0
14549,0,0
51779,0,0
-3167,0,0
145242,0,0
20668,0,0
29282,0,0
63523,0,0
-68513,0,0
83237,0,0
-19919,0,0
876,0,0
39932,0,0
7734,0,0
-74901,0,0
192265,0,0
-3859,0,0
-112280,0,0
155344,0,0
-77444,0,0
-113723,0,0
39141,0,0
60133,0,0
-32196,0,0
-42795,0,0
-201488,0,0
46849,0,0
37001,0,0
-191287,0,0
-39480,0,0
-126809,0,0
-172508,0,0
-95958,0,0
-91231,0,0
-167504,0,0
122107,0,0
-94819,0,0
-225062,0,0
-13728,0,0
-205602,0,0
-199266,0,0
-52749,0,0
-42802,0,0
-87390,0,0
67074,0,0
-158731,0,0
-62442,0,0
-56788,0,0
-166993,0,0
12548,0,0
35071,0,0
-52597,0,0
-113179,0,0
-22320,0,0
-35559,0,0
221266,0,0
14943,0,0
-108816,0,0
105947,0,0
-110268,0,0
-86735,0,0
126000,0,0
152192,0,0
15715,0,0
53225,0,0
-120804,0,0
137346,0,0
130364,0,0
-133076,0,0
99062,0,0
80789,0,0
-53790,0,0
-75307,0,0
63626,0,0
-9178,0,0
240760,0,0
-38067,0,0
-143410,0,0
112305,0,0
-99009,0,0
-70468,0,0
144849,0,0
93683,0,0
39908,0,0
52627,0,0
-150173,0,0
-15246,0,0
61898,0,0
-118654,0,0
81425,0,0
1364,0,0
-62292,0,0
-1744,0,0
31420,0,0
-66930,0,0
216638,0,0
-20858,0,0
-150881,0,0
127811,0,0
-84816,0,0
-105940,0,0
115834,0,0
236466,0,0
-139,0,0
57852,0,0
-90715,0,0
120719,0,0
123813,0,0
-94845,0,0
22303,0,0
27459,0,0
79352,0,0
149200,0,0
77026,0,0
-82240,0,0
235745,0,0
22404,0,0
-67949,0,0
160717,0,0
-46421,0,0
-32504,0,0
110608,0,0
141162,0,0
60474,0,0
74109,0,0
-176487,0,0
90749,0,0
108333,0,0
-43583,0,0
22065,0,0
-110604,0,0
-126995,0,0
-50111,0,0
22322,0,0
-82619,0,0
337252,0,0
-58410,0,0
-245231,0,0
10167,0,0
-229140,0,0
-112299,0,0
142258,0,0
224875,0,0
69311,0,0
48065,0,0
-169137,0,0
114271,0,0
120622,0,0
-144297,0,0
5766,0,0
9559,0,0
9779,0,0
50747,0,0
70661,0,0
-20197,0,0
260205,0,0
34701,0,0
-64977,0,0
159728,0,0
-139026,0,0
-152117,0,0
-5603,0,0
120383,0,0
32568,0,0
33755,0,0
-184007,0,0
90685,0,0
15902,0,0
-299029,0,0
-43661,0,0
-80609,0,0
-206937,0,0
-71898,0,0
47912,0,0
-102235,0,0
95415,0,0
-81587,0,0
-157852,0,0
-52534,0,0
-310751,0,0
-149631,0,0
101919,0,0
139579,0,0
-123524,0,0
-74255,0,0
-190420,0,0
93831,0,0
9325,0,0
-223380,0,0
-4129,0,0
-59196,0,0
-100132,0,0
-53216,0,0
60601,0,0
-57888,0,0
145038,0,0
-90051,0,0
-157688,0,0
150489,0,0
-216255,0,0
-115824,0,0
285132,0,0
238035,0,0
-49095,0,0
-40204,0,0
-115646,0,0
310621,0,0
262448,0,0
-133217,0,0
75881,0,0
64977,0,0
6672,0,0
18874,0,0
52437,0,0
26656,0,0
304576,0,0
10039,0,0
-48808,0,0
186330,0,0
-73108,0,0
-28218,0,0
32189,0,0
7107,0,0
1235,0,0
69999,0,0
-192124,0,0
55519,0,0
61908,0,0
-159658,0,0
-4571,0,0
-130826,0,0
-165749,0,0
-83926,0,0
-89303,0,0
-130502,0,0
252409,0,0
-69476,0,0
-178258,0,0
52973,0,0
-236405,0,0
-171456,0,0
5029,0,0
-12404,0,0
7399,0,0
30804,0,0
-223499,0,0
94624,0,0
109731,0,0
-136003,0,0
23045,0,0
-68587,0,0
-136970,0,0
16774,0,0
13263,0,0
-125566,0,0
229322,0,0
37954,0,0
-36990,0,0
142756,0,0
-228763,0,0
-142641,0,0
105405,0,0
130664,0,0
32073,0,0
50683,0,0
-96007,0,0
153785,0,0
61096,0,0
-216477,0,0
28281,0,0
266,0,0
-26074,0,0
12157,0,0
-9851,0,0
-116831,0,0
208670,0,0
-3805,0,0
-105179,0,0
105655,0,0
-166608,0,0
-159797,0,0
12873,0,0
-39293,0,0
-63997,0,0
-9439,0,0
-207706,0,0
109897,0,0
71348,0,0
-344199,0,0
-152569,0,0
-49378,0,0
-9890,0,0
-41237,0,0
-161873,0,0
-153971,0,0
181114,0,0
-158893,0,0
-103977,0,0
155203,0,0
-174166,0,0
-143721,0,0
135665,0,0
110021,0,0
-45606,0,0
32713,0,0
-21361,0,0
227797,0,0
121758,0,0
-138102,0,0
-12911,0,0
-126342,0,0
-23424,0,0
274612,0,0
132833,0,0
-21687,0,0
313584,0,0
-29702,0,0
-84642,0,0
251822,0,0
-6382,0,0
-56117,0,0
118368,0,0
114847,0,0
37997,0,0
110734,0,0
-39002,0,0
282538,0,0
251950,0,0
-88869,0,0
-30001,0,0
-126286,0,0
-4907,0,0
113688,0,0
40629,0,0
-72674,0,0
278536,0,0
-10347,0,0
-75167,0,0
103491,0,0
-190740,0,0
-157188,0,0
137844,0,0
160872,0,0
41942,0,0
23121,0,0
-191329,0,0
45033,0,0
67516,0,0
-100052,0,0
31982,0,0
-71208,0,0
-79447,0,0
95246,0,0
73429,0,0
-122247,0,0
179690,0,0
-57128,0,0
-115988,0,0
158884,0,0
-143521,0,0
-111820,0,0
94107,0,0
72408,0,0
-9092,0,0
15115,0,0
-178763,0,0
143856,0,0
81164,0,0
-192127,0,0
-52415,0,0
-100799,0,0
-110589,0,0
6495,0,0
4148,0,0
-120168,0,0
170175,0,0
-66198,0,0
-127519,0,0
107628,0,0
-221309,0,0
-76668,0,0
104967,0,0
40063,0,0
6136,0,0
49945,0,0
-177914,0,0
178651,0,0
120747,0,0
-188881,0,0
2391,0,0
-47155,0,0
12770,0,0
162008,0,0
48724,0,0
-126614,0,0
219754,0,0
-6446,0,0
-58293,0,0
170012,0,0
-184316,0,0
-135076,0,0
146721,0,0
168994,0,0
130901,0,0
162981,0,0
-121941,0,0
64337,0,0
76774,0,0
-90917,0,0
23299,0,0
-52269,0,0
-23411,0,0
64492,0,0
35884,0,0
-77656,0,0
274548,0,0
-45080,0,0
-96824,0,0
132158,0,0
-217030,0,0
-24256,0,0
147378,0,0
36585,0,0
-108094,0,0
-25971,0,0
-206384,0,0
138708,0,0
48095,0,0
-170593,0,0
-41193,0,0
-73786,0,0
-24899,0,0
-27559,0,0
-126594,0,0
-173754,0,0
184446,0,0
-199198,0,0
-205014,0,0
155926,0,0
-145931,0,0
-184961,0,0
64094,0,0
-30786,0,0
-63671,0,0
25580,0,0
-221121,0,0
67167,0,0
23744,0,0
-165140,0,0
59642,0,0
-68189,0,0
-151175,0,0
-34773,0,0
-33117,0,0
-119361,0,0
393937,0,0
28013,0,0
-139013,0,0
146754,0,0
-86296,0,0
-47212,0,0
77659,0,0
53782,0,0
62555,0,0
167166,0,0
-30179,0,0
186487,0,0
199858,0,0
-46484,0,0
4691,0,0
-47897,0,0
-22993,0,0
127401,0,0
123226,0,0
52634,0,0
328630,0,0
-16401,0,0
-27382,0,0
189494,0,0
-145571,0,0
-39406,0,0
143081,0,0
104498,0,0
103828,0,0
147130,0,0
-58972,0,0
187724,0,0
115773,0,0
-135608,0,0
25411,0,0
-3595,0,0
-54022,0,0
57261,0,0
69321,0,0
-8586,0,0
219463,0,0
-81432,0,0
-47280,0,0
172508,0,0
-208184,0,0
-84550,0,0
108999,0,0
90377,0,0
46200,0,0
87127,0,0
-208638,0,0
70319,0,0
119411,0,0
-93085,0,0
58951,0,0
-94414,0,0
-101203,0,0
31151,0,0
23356,0,0
-40475,0,0
246050,0,0
-75663,0,0
-32194,0,0
94829,0,0
-246582,0,0
-64323,0,0
138317,0,0
48118,0,0
36369,0,0
5958,0,0
-169506,0,0
197026,0,0
81820,0,0
-148975,0,0
35175,0,0
-52245,0,0
-106112,0,0
-4649,0,0
1185,0,0
-23050,0,0
227195,0,0
-111050,0,0
-125299,0,0
157762,0,0
-135703,0,0
-87762,0,0
233207,0,0
13792,0,0
-158584,0,0
60730,0,0
-96734,0,0
163122,0,0
112648,0,0
-84712,0,0
2417,0,0
-79880,0,0
-76002,0,0
54477,0,0
23815,0,0
-30278,0,0
248531,0,0
43262,0,0
-53567,0,0
94346,0,0
-172191,0,0
-69758,0,0
180438,0,0
197154,0,0
71726,0,0
-10447,0,0
-132154,0,0
184287,0,0
163438,0,0
-59733,0,0
50609,0,0
-56611,0,0
-106795,0,0
64422,0,0
1199,0,0
-25442,0,0
320480,0,0
-38302,0,0
-21709,0,0
162310,0,0
-185944,0,0
-138763,0,0
69363,0,0
44975,0,0
-58278,0,0
-40549,0,0
-136468,0,0
203869,0,0
102315,0,0
-110872,0,0
1681,0,0
-183312,0,0
-195984,0,0
-3210,0,0
-34444,0,0
-137953,0,0
138500,0,0
-91445,0,0
-144406,0,0
19141,0,0
-176966,0,0
-12678,0,0
108358,0,0
-124954,0,0
-122058,0,0
70537,0,0
-159916,0,0
79441,0,0
-42828,0,0
-258476,0,0
-42153,0,0
-25337,0,0
-25389,0,0
17809,0,0
-96665,0,0
-85498,0,0
223039,0,0
-132716,0,0
-152572,0,0
108339,0,0
-231280,0,0
-88760,0,0
164820,0,0
9368,0,0
-81084,0,0
16117,0,0
-126409,0,0
109378,0,0
126532,0,0
-118586,0,0
-56660,0,0
-128126,0,0
-106645,0,0
14525,0,0
-24626,0,0
-42045,0,0
257894,0,0
-26849,0,0
-70182,0,0
16249,0,0
-267869,0,0
-72428,0,0
149660,0,0
6485,0,0
-3735,0,0
-44566,0,0
-183367,0,0
138452,0,0
101186,0,0
-152704,0,0
26321,0,0
-47481,0,0
-142370,0,0
-49875,0,0
-72866,0,0
-68815,0,0
199791,0,0
-44549,0,0
-79136,0,0
83098,0,0
-226072,0,0
-150759,0,0
96105,0,0
-7471,0,0
-30416,0,0
72483,0,0
-148855,0,0
102748,0,0
37613,0,0
-134317,0,0
-53119,0,0
-99521,0,0
-89882,0,0
-8998,0,0
-45661,0,0
-73950,0,0
224418,0,0
-17347,0,0
-3026,0,0
76361,0,0
-310016,0,0
-103002,0,0
153875,0,0
103417,0,0
6558,0,0
44126,0,0
-117951,0,0
62900,0,0
-12791,0,0
-119949,0,0
101882,0,0
33906,0,0
-92550,0,0
-37560,0,0
-86860,0,0
-92284,0,0
247812,0,0
-1735,0,0
36913,0,0
151124,0,0
-343275,0,0
-204732,0,0
163177,0,0
129355,0,0
65499,0,0
-55835,0,0
-172445,0,0
165417,0,0
5034,0,0
-177909,0,0
110272,0,0
4295,0,0
-141849,0,0
4887,0,0
33511,0,0
-79273,0,0
221932,0,0
12509,0,0
-66169,0,0
32541,0,0
-211333,0,0
-19502,0,0
212409,0,0
77824,0,0
12892,0,0
34889,0,0
-139541,0,0
169893,0,0
56049,0,0
-117068,0,0
11509,0,0
9389,0,0
-3292,0,0
88622,0,0
-37291,0,0
-87349,0,0
218366,0,0
-83563,0,0
-32575,0,0
158621,0,0
-216544,0,0
-103553,0,0
123920,0,0
107564,0,0
21662,0,0
14925,0,0
-94293,0,0
284745,0,0
62007,0,0
-244787,0,0
-11355,0,0
-116,0,0
-3487,0,0
-10489,0,0
-62402,0,0
35375,0,0
258933,0,0
-81375,0,0
-42284,0,0
144638,0,0
-193772,0,0
-108420,0,0
95561,0,0
110700,0,0
5365,0,0
-33278,0,0
-136628,0,0
176796,0,0
40874,0,0
-196941,0,0
-8142,0,0
-3462,0,0
-86302,0,0
6246,0,0
33007,0,0
-20574,0,0
199346,0,0
-182902,0,0
12643,0,0
192615,0,0
-238746,0,0
-82806,0,0
211641,0,0
4418,0,0
-30045,0,0
55828,0,0
-18458,0,0
139580,0,0
46997,0,0
-67551,0,0
118413,0,0
-36137,0,0
-127637,0,0
41863,0,0
-42101,0,0
42708,0,0
270670,0,0
-2813,0,0
5340,0,0
24393,0,0
-163951,0,0
-23958,0,0
207331,0,0
96998,0,0
36290,0,0
63073,0,0
-24628,0,0
177537,0,0
51963,0,0
-109456,0,0
52912,0,0
-17592,0,0
-64731,0,0
49253,0,0
-3794,0,0
-18270,0,0
247970,0,0
15179,0,0
-26877,0,0
32826,0,0
-222931,0,0
-76507,0,0
173301,0,0
40993,0,0
102200,0,0
21248,0,0
-188828,0,0
80007,0,0
40374,0,0
-67501,0,0
-28317,0,0
-38038,0,0
-58895,0,0
57976,0,0
-24010,0,0
-55618,0,0
141933,0,0
-127302,0,0
-114171,0,0
49286,0,0
-188352,0,0
18863,0,0
241245,0,0
-547,0,0
-116770,0,0
-61429,0,0
-57707,0,0
153424,0,0
69936,0,0
-104682,0,0
-4416,0,0
-4249,0,0
-36798,0,0
96438,0,0
50610,0,0
-34615,0,0
210917,0,0
-8433,0,0
4386,0,0
132096,0,0
-120472,0,0
-17252,0,0
81967,0,0
46429,0,0
142976,0,0
93307,0,0
-85328,0,0
127260,0,0
26649,0,0
-65602,0,0
12431,0,0
-86422,0,0
-26443,0,0
119625,0,0
-1711,0,0
-56312,0,0
111817,0,0
-102047,0,0
18984,0,0
43047,0,0
-295807,0,0
-92639,0,0
122782,0,0
54639,0,0
96247,0,0
77859,0,0
-144052,0,0
103366,0,0
-37965,0,0
-182246,0,0
7358,0,0
-57906,0,0
-115817,0,0
31013,0,0
-45667,0,0
57948,0,0
272806,0,0
-119287,0,0
-80686,0,0
19152,0,0
-248421,0,0
-143149,0,0
104317,0,0
50488,0,0
67524,0,0
86061,0,0
-66437,0,0
19426,0,0
-89691,0,0
-64863,0,0
38418,0,0
-84624,0,0
-49549,0,0
118552,0,0
-11129,0,0
48643,0,0
191983,0,0
-120001,0,0
972,0,0
62922,0,0
-150602,0,0
-24269,0,0
209061,0,0
123384,0,0
48239,0,0
980,0,0
-3872,0,0
158301,0,0
-41275,0,0
-47255,0,0
50388,0,0
-92208,0,0
-206855,0,0
-8835,0,0
523,0,0
47081,0,0
231917,0,0
-3879,0,0
-49307,0,0
-170003,0,0
-333462,0,0
40049,0,0
354675,0,0
21343,0,0
-131387,0,0
-169387,0,0
-97085,0,0
116001,0,0
-18438,0,0
-39246,0,0
-2005,0,0
-69608,0,0
-30629,0,0
115367,0,0
-16965,0,0
-10199,0,0
127009,0,0
-128444,0,0
-28985,0,0
33816,0,0
-207020,0,0
-164402,0,0
104957,0,0
147601,0,0
139734,0,0
-10486,0,0
-149210,0,0
55759,0,0
-127565,0,0
-167000,0,0
107593,0,0
131001,0,0
-47398,0,0
-79322,0,0
-114300,0,0
62337,0,0
215308,0,0
-51776,0,0
10867,0,0
91537,0,0
-180913,0,0
-82960,0,0
150641,0,0
62960,0,0
54428,0,0
1039,0,0
-39552,0,0
162979,0,0
57547,0,0
30451,0,0
121216,0,0
4514,0,0
-21272,0,0
10300,0,0
11006,0,0
130890,0,0
255111,0,0
-31977,0,0
63603,0,0
122542,0,0
-109048,0,0
64847,0,0
352459,0,0
143849,0,0
133705,0,0
48313,0,0
42815,0,0
196882,0,0
27256,0,0
17443,0,0
168609,0,0
115665,0,0
-51124,0,0
69335,0,0
55227,0,0
116377,0,0
218319,0,0
-1823,0,0
62752,0,0
98110,0,0
-152837,0,0
10173,0,0
141197,0,0
-22941,0,0
57087,0,0
92632,0,0
59382,0,0
179650,0,0
-146568,0,0
-138060,0,0
20402,0,0
-86125,0,0
-113333,0,0
56148,0,0
-82206,0,0
2381,0,0
149268,0,0
-181759,0,0
-59690,0,0
74315,0,0
-197940,0,0
-150999,0,0
73067,0,0
66513,0,0
18153,0,0
-99711,0,0
-158276,0,0
48349,0,0
-43524,0,0
-37390,0,0
-26910,0,0
-92163,0,0
-102303,0,0
13545,0,0
-69644,0,0
21131,0,0
122526,0,0
-57941,0,0
15347,0,0
31660,0,0
-219208,0,0
-175938,0,0
72493,0,0
36896,0,0
75025,0,0
-36030,0,0
-23378,0,0
206326,0,0
-29538,0,0
-105544,0,0
-55191,0,0
-42029,0,0
-89639,0,0
13529,0,0
-29377,0,0
137673,0,0
288979,0,0
-5236,0,0
14005,0,0
26170,0,0
-172232,0,0
-26612,0,0
188504,0,0
104992,0,0
144491,0,0
17129,0,0
43926,0,0
212416,0,0
67491,0,0
-10582,0,0
131421,0,0
59136,0,0
-92888,0,0
86123,0,0
65801,0,0
118375,0,0
229241,0,0
-63394,0,0
-60157,0,0
-7167,0,0
-166890,0,0
86643,0,0
237415,0,0
-40044,0,0
-43136,0,0
-105914,0,0
-73842,0,0
93609,0,0
-56217,0,0
-53509,0,0
9693,0,0
-77807,0,0
-175564,0,0
-79614,0,0
-94006,0,0
16839,0,0
79447,0,0
-112822,0,0
16782,0,0
-65183,0,0
-275728,0,0
-185771,0,0
42295,0,0
-12333,0,0
61699,0,0
-65284,0,0
-137958,0,0
-26793,0,0
-114551,0,0
-131948,0,0
-7355,0,0
-20463,0,0
-168657,0,0
-16696,0,0
-95467,0,0
14382,0,0
81414,0,0
-154601,0,0
-51718,0,0
52621,0,0
-161262,0,0
-77050,0,0
212367,0,0
95090,0,0
-4216,0,0
-40597,0,0
3384,0,0
91276,0,0
-92011,0,0
-28966,0,0
15459,0,0
100123,0,0
22895,0,0
56625,0,0
4993,0,0
115750,0,0
97796,0,0
-110558,0,0
71669,0,0
55685,0,0
-203972,0,0
-56991,0,0
295602,0,0
82869,0,0
50238,0,0
-54451,0,0
16271,0,0
81055,0,0
-71937,0,0
-26719,0,0
-1544,0,0
-109617,0,0
-8695,0,0
107843,0,0
-52115,0,0
61660,0,0
101535,0,0
-146510,0,0
-577,0,0
-67975,0,0
-227748,0,0
-137119,0,0
101885,0,0
-5187,0,0
-8221,0,0
-62099,0,0
10422,0,0
6008,0,0
-173694,0,0
-186111,0,0
-165310,0,0
-137485,0,0
-61113,0,0
29880,0,0
-172276,0,0
-76369,0,0
-68638,0,0
-157151,0,0
-25805,0,0
-48518,0,0
-301898,0,0
-202801,0,0
8662,0,0
-88280,0,0
-86527,0,0
-162414,0,0
-2439,0,0
58613,0,0
-207060,0,0
-242039,0,0
-175470,0,0
-111672,0,0
-104419,0,0
-2178,0,0
-127336,0,0
-27417,0,0
-20050,0,0
-194952,0,0
-50915,0,0
-97362,0,0
-234004,0,0
-84156,0,0
102592,0,0
7271,0,0
-3125,0,0
-116585,0,0
-42229,0,0
64643,0,0
-74712,0,0
-52478,0,0
-51435,0,0
-69413,0,0
-74808,0,0
24431,0,0
-19698,0,0
129646,0,0
111167,0,0
-107497,0,0
66302,0,0
7238,0,0
-220658,0,0
-84507,0,0
148373,0,0
70653,0,0
49006,0,0
-41083,0,0
2059,0,0
105574,0,0
-63975,0,0
-34666,0,0
-19923,0,0
-51401,0,0
-143687,0,0
64515,0,0
-19970,0,0
8379,0,0
89700,0,0
-2530,0,0
49248,0,0
5891,0,0
-169255,0,0
-153262,0,0
45575,0,0
-100395,0,0
57408,0,0
-16537,0,0
4648,0,0
112415,0,0
-161358,0,0
-106228,0,0
-82815,0,0
-173430,0,0
-65788,0,0
47249,0,0
-64434,0,0
103684,0,0
-75159,0,0
-152545,0,0
71167,0,0
-19171,0,0
-315172,0,0
-118150,0,0
330144,0,0
89621,0,0
-5254,0,0
-67259,0,0
36334,0,0
110158,0,0
-46440,0,0
-18925,0,0
97999,0,0
34439,0,0
17183,0,0
76638,0,0
-79355,0,0
160057,0,0
119562,0,0
-78901,0,0
88530,0,0
61978,0,0
-160564,0,0
-44430,0,0
233388,0,0
46546,0,0
26167,0,0
1696,0,0
76536,0,0
42518,0,0
-140136,0,0
-58521,0,0
35332,0,0
18149,0,0
138472,0,0
19076,0,0
-113456,0,0
138184,0,0
99871,0,0
-48401,0,0
119475,0,0
-65929,0,0
-248565,0,0
-11177,0,0
206975,0,0
100736,0,0
76319,0,0
-38393,0,0
59559,0,0
82967,0,0
-100489,0,0
-35693,0,0
8005,0,0
-23509,0,0
-104616,0,0
1471,0,0
-67191,0,0
199894,0,0
177804,0,0
-60502,0,0
18330,0,0
-120728,0,0
-243366,0,0
-28092,0,0
268415,0,0
170524,0,0
51666,0,0
-93385,0,0
45651,0,0
129955,0,0
-83727,0,0
-36027,0,0
-8798,0,0
-31731,0,0
23792,0,0
146319,0,0
-9924,0,0
141097,0,0
31476,0,0
-93966,0,0
110125,0,0
14554,0,0
-138304,0,0
35368,0,0
157354,0,0
-16109,0,0
78676,0,0
-61317,0,0
25864,0,0
213601,0,0
-61541,0,0
-51183,0,0
-27950,0,0
11426,0,0
-23643,0,0
84141,0,0
6055,0,0
150981,0,0
151291,0,0
10295,0,0
121437,0,0
-83373,0,0
-227332,0,0
-2085,0,0
201514,0,0
49624,0,0
-9922,0,0
-69075,0,0
109414,0,0
164346,0,0
-30665,0,0
-42654,0,0
32324,0,0
-58764,0,0
-53326,0,0
-9633,0,0
-162496,0,0
82695,0,0
107453,0,0
11429,0,0
102078,0,0
-65314,0,0
-187228,0,0
-17042,0,0
158648,0,0
54542,0,0
111490,0,0
-108875,0,0
44353,0,0
197507,0,0
-24773,0,0
-55645,0,0
-57209,0,0
-4023,0,0
12237,0,0
57286,0,0
-21401,0,0
219774,0,0
78515,0,0
-106053,0,0
62728,0,0
-100375,0,0
-142978,0,0
33347,0,0
144976,0,0
-35974,0,0
-40937,0,0
-76391,0,0
1841,0,0
53761,0,0
-104945,0,0
-61169,0,0
-50255,0,0
-99564,0,0
-131607,0,0
-14251,0,0
-105145,0,0
90872,0,0
1106,0,0
-163886,0,0
100474,0,0
-45159,0,0
-225422,0,0
-49256,0,0
148997,0,0
19352,0,0
40035,0,0
-67534,0,0
32208,0,0
91230,0,0
-89854,0,0
27586,0,0
-55331,0,0
-51618,0,0
35552,0,0
143916,0,0
-75976,0,0
105262,0,0
3396,0,0
-112333,0,0
128971,0,0
43869,0,0
-59432,0,0
-116070,0,0
121711,0,0
-5455,0,0
5576,0,0
-99050,0,0
107506,0,0
99386,0,0
-125139,0,0
-24914,0,0
39201,0,0
-28343,0,0
-80033,0,0
60768,0,0
-122958,0,0
68089,0,0
-16433,0,0
-120354,0,0
-10934,0,0
-139099,0,0
-117698,0,0
102700,0,0
138724,0,0
-95980,0,0
-43602,0,0
-188578,0,0
-18272,0,0
17177,0,0
-156421,0,0
-56404,0,0
-109483,0,0
-149886,0,0
-24171,0,0
103536,0,0
-171052,0,0
-21023,0,0
-9329,0,0
-40157,0,0
42720,0,0
-201163,0,0
-247556,0,0
-82318,0,0
164408,0,0
6734,0,0
10041,0,0
-136077,0,0
51876,0,0
198325,0,0
-137590,0,0
-136707,0,0
-8202,0,0
4198,0,0
-58544,0,0
16017,0,0
-69179,0,0
172348,0,0
69966,0,0
44003,0,0
54260,0,0
-142988,0,0
-163458,0,0
59152,0,0
220159,0,0
62544,0,0
5654,0,0
-145944,0,0
71789,0,0
158025,0,0
28364,0,0
26900,0,0
-43571,0,0
-25512,0,0
-16911,0,0
97023,0,0
-80654,0,0
200695,0,0
125899,0,0
10129,0,0
117250,0,0
-80534,0,0
-176742,0,0
33880,0,0
245908,0,0
121241,0,0
165496,0,0
3067,0,0
-8343,0,0
57359,0,0
-30456,0,0
113873,0,0
126397,0,0
-43982,0,0
23336,0,0
120833,0,0
31810,0,0
221870,0,0
106721,0,0
-45523,0,0
170912,0,0
46663,0,0
-56660,0,0
62143,0,0
195104,0,0
98882,0,0
95083,0,0
14435,0,0
144170,0,0
128305,0,0
-116903,0,0
56592,0,0
47652,0,0
18782,0,0
34808,0,0
34212,0,0
-74382,0,0
205274,0,0
60890,0,0
-33313,0,0
212799,0,0
-91430,0,0
-225465,0,0
-16073,0,0
130755,0,0
-63248,0,0
37815,0,0
-17464,0,0
206346,0,0
255670,0,0
28920,0,0
-71613,0,0
-112580,0,0
-84850,0,0
25326,0,0
47801,0,0
-65066,0,0
276815,0,0
64534,0,0
-70821,0,0
167893,0,0
-64702,0,0
-157917,0,0
47623,0,0
214872,0,0
123881,0,0
64654,0,0
-131087,0,0
68759,0,0
98786,0,0
-113939,0,0
35282,0,0
18836,0,0
-8565,0,0
-24955,0,0
59786,0,0
-40683,0,0
226266,0,0
89639,0,0
-140206,0,0
28178,0,0
-143279,0,0
-93625,0,0
81130,0,0
179860,0,0
46119,0,0
3427,0,0
-221017,0,0
36900,0,0
103926,0,0
-129777,0,0
-57299,0,0
-27810,0,0
-39787,0,0
-48075,0,0
-4883,0,0
-117677,0,0
183136,0,0
-42439,0,0
-109739,0,0
78895,0,0
-129972,0,0
-185818,0,0
1239,0,0
161042,0,0
-17804,0,0
109637,0,0
-59811,0,0
-40028,0,0
84913,0,0
-69329,0,0
56932,0,0
-25763,0,0
-50707,0,0
-4382,0,0
41984,0,0
-7453,0,0
205636,0,0
122477,0,0
37795,0,0
208190,0,0
-181982,0,0
-172929,0,0
100857,0,0
180387,0,0
35264,0,0
59532,0,0
-54471,0,0
105269,0,0
134851,0,0
-187403,0,0
-41887,0,0
94411,0,0
22583,0,0
-68128,0,0
-60356,0,0
-150609,0,0
197995,0,0
46922,0,0
-125651,0,0
54909,0,0
-203278,0,0
-247900,0,0
-52799,0,0
114424,0,0
2251,0,0
98218,0,0
-123947,0,0
-14590,0,0
-82772,0,0
-165774,0,0
-27569,0,0
-101178,0,0
-125403,0,0
-136368,0,0
-56617,0,0
-80122,0,0
197305,0,0
-40259,0,0
-183556,0,0
28298,0,0
-211153,0,0
-202123,0,0
-34394,0,0
44386,0,0
-7154,0,0
32526,0,0
-167865,0,0
24382,0,0
15830,0,0
-102783,0,0
-77089,0,0
-187720,0,0
-128989,0,0
80673,0,0
89862,0,0
-191061,0,0
152190,0,0
85649,0,0
2712,0,0
65561,0,0
-241024,0,0
-177763,0,0
108015,0,0
145858,0,0
39957,0,0
103748,0,0
-176442,0,0
103891,0,0
157634,0,0
-99486,0,0
-3242,0,0
-72428,0,0
-36481,0,0
56790,0,0
80962,0,0
-83847,0,0
239286,0,0
19847,0,0
-87643,0,0
104632,0,0
-131693,0,0
-90668,0,0
112227,0,0
200759,0,0
113819,0,0
76513,0,0
-219646,0,0
134695,0,0
181267,0,0
-14585,0,0
77329,0,0
-31035,0,0
-13502,0,0
64602,0,0
103393,0,0
3104,0,0
283773,0,0
-44769,0,0
-200325,0,0
172723,0,0
11521,0,0
-13646,0,0
6512,0,0
91475,0,0
22817,0,0
99034,0,0
-85391,0,0
271861,0,0
187726,0,0
-218887,0,0
-134269,0,0
-66539,0,0
27046,0,0
52847,0,0
47901,0,0
-80231,0,0
200702,0,0
45947,0,0
-86318,0,0
110337,0,0
-146466,0,0
-190035,0,0
75325,0,0
222732,0,0
31886,0,0
-102965,0,0
-239493,0,0
77004,0,0
107264,0,0
-46195,0,0
36160,0,0
-83774,0,0
-125821,0,0
-28475,0,0
-1123,0,0
-88277,0,0
211803,0,0
-8487,0,0
-90812,0,0
91541,0,0
-157048,0,0
-145661,0,0
22259,0,0
106173,0,0
-35826,0,0
62284,0,0
-150927,0,0
91563,0,0
107164,0,0
-186034,0,0
-8468,0,0
-84493,0,0
-122567,0,0
-119262,0,0
26967,0,0
-41078,0,0
201847,0,0
-35701,0,0
-141229,0,0
35190,0,0
-249374,0,0
-210195,0,0
77839,0,0
152929,0,0
77664,0,0
30984,0,0
-232538,0,0
140942,0,0
90618,0,0
-194526,0,0
-14155,0,0
-31079,0,0
-88168,0,0
23216,0,0
118056,0,0
-23252,0,0
217740,0,0
9443,0,0
-133301,0,0
126825,0,0
-85963,0,0
-121493,0,0
39240,0,0
204335,0,0
54977,0,0
29495,0,0
-143160,0,0
118891,0,0
110257,0,0
-84449,0,0
100412,0,0
-32024,0,0
-108923,0,0
30472,0,0
73028,0,0
-110390,0,0
254326,0,0
-30060,0,0
-108701,0,0
151648,0,0
-175137,0,0
-182621,0,0
4870,0,0
99147,0,0
-8256,0,0
78011,0,0
-165550,0,0
72622,0,0
28786,0,0
-161174,0,0
8509,0,0
-91303,0,0
-100037,0,0
-88167,0,0
-32964,0,0
-113019,0,0
234791,0,0
-53553,0,0
-197277,0,0
98848,0,0
-123534,0,0
-125177,0,0
-41862,0,0
99823,0,0
39732,0,0
62409,0,0
-205552,0,0
10064,0,0
106620,0,0
-203614,0,0
-104245,0,0
-28969,0,0
-42263,0,0
-26682,0,0
-2843,0,0
-78220,0,0
223114,0,0
-59721,0,0
-153865,0,0
142870,0,0
-125312,0,0
-137010,0,0
58066,0,0
119388,0,0
7301,0,0
64110,0,0
-144270,0,0
143976,0,0
119280,0,0
-107165,0,0
49778,0,0
-44216,0,0
-143495,0,0
21604,0,0
88690,0,0
-36078,0,0
316169,0,0
-187,0,0
-168236,0,0
9645,0,0
-133070,0,0
-97479,0,0
106138,0,0
122731,0,0
55581,0,0
6128,0,0
-158282,0,0
114900,0,0
125556,0,0
-141859,0,0
46037,0,0
-16673,0,0
-121455,0,0
-58455,0,0
40054,0,0
-32490,0,0
277191,0,0
16522,0,0
-53975,0,0
150428,0,0
-151119,0,0
-115275,0,0
115710,0,0
115743,0,0
46614,0,0
100590,0,0
-132642,0,0
164829,0,0
109536,0,0
-173742,0,0
18388,0,0
10193,0,0
-78512,0,0
-19081,0,0
59841,0,0
-85078,0,0
216348,0,0
103050,0,0
-57092,0,0
21452,0,0
-273454,0,0
-117532,0,0
141686,0,0
168033,0,0
113801,0,0
760,0,0
-237847,0,0
56988,0,0
88364,0,0
-101269,0,0
121588,0,0
-2226,0,0
-78334,0,0
-36801,0,0
41140,0,0
-19325,0,0
381712,0,0
32859,0,0
-180068,0,0
85349,0,0
-123751,0,0
-59583,0,0
92976,0,0
93665,0,0
42918,0,0
218793,0,0
-77843,0,0
167060,0,0
80529,0,0
-180846,0,0
-5334,0,0
-47739,0,0
-61,0,0
96492,0,0
82327,0,0
-51805,0,0
213926,0,0
-99684,0,0
-84956,0,0
113117,0,0
-126208,0,0
63137,0,0
94249,0,0
-7066,0,0
-24326,0,0
51614,0,0
-176284,0,0
104752,0,0
82634,0,0
-176236,0,0
4461,0,0
5435,0,0
-113109,0,0
-73824,0,0
-46129,0,0
-17599,0,0
172405,0,0
-184928,0,0
-172253,0,0
88038,0,0
-258821,0,0
-159605,0,0
181006,0,0
115642,0,0
-64616,0,0
-2353,0,0
-254503,0,0
34776,0,0
64085,0,0
-239929,0,0
-43315,0,0
-99631,0,0
-109997,0,0
32478,0,0
-42041,0,0
-195677,0,0
133620,0,0
-48646,0,0
-99901,0,0
145018,0,0
-224742,0,0
-181509,0,0
68081,0,0
47490,0,0
-57072,0,0
-34290,0,0
-162022,0,0
127538,0,0
141708,0,0
-146863,0,0
-25529,0,0
-32841,0,0
-88141,0,0
42443,0,0
11445,0,0
-70510,0,0
259355,0,0
-100607,0,0
-118418,0,0
160222,0,0
-113193,0,0
-103755,0,0
149731,0,0
126773,0,0
6297,0,0
16417,0,0
-140873,0,0
170042,0,0
160072,0,0
-169213,0,0
-40639,0,0
-48935,0,0
-27614,0,0
92526,0,0
44878,0,0
-70742,0,0
237778,0,0
-55102,0,0
-89071,0,0
134884,0,0
-133811,0,0
-92010,0,0
65271,0,0
42626,0,0
-1035,0,0
107681,0,0
-180383,0,0
61662,0,0
98786,0,0
-191793,0,0
-3245,0,0
26811,0,0
-61322,0,0
-98346,0,0
-8827,0,0
-85994,0,0
216764,0,0
-151512,0,0
-202930,0,0
67399,0,0
-168561,0,0
-97964,0,0
70579,0,0
46171,0,0
-90612,0,0
-89521,0,0
-253258,0,0
49243,0,0
28830,0,0
-203902,0,0
-2921,0,0
-138569,0,0
-174596,0,0
-77575,0,0
-67224,0,0
-140810,0,0
214558,0,0
-141593,0,0
-246087,0,0
62936,0,0
-162608,0,0
-150188,0,0
41435,0,0
130264,0,0
100676,0,0
-36566,0,0
-248434,0,0
114454,0,0
55808,0,0
-149286,0,0
85474,0,0
-13297,0,0
-98306,0,0
30140,0,0
75541,0,0
-19713,0,0
308256,0,0
-14388,0,0
-83347,0,0
114835,0,0
-204412,0,0
-42992,0,0
158105,0,0
149524,0,0
202001,0,0
71978,0,0
-135198,0,0
219614,0,0
99192,0,0
-151445,0,0
111138,0,0
-15009,0,0
-12970,0,0
141999,0,0
58321,0,0
-28972,0,0
366485,0,0
96573,0,0
-63436,0,0
138688,0,0
-155348,0,0
-69839,0,0
141285,0,0
147190,0,0
10984,0,0
73184,0,0
-55116,0,0
196617,0,0
124335,0,0
-87726,0,0
69644,0,0
-64264,0,0
-91320,0,0
29881,0,0
27338,0,0
-102609,0,0
253915,0,0
-19968,0,0
-49389,0,0
199410,0,0
-254350,0,0
-156540,0,0
102525,0,0
140501,0,0
-42976,0,0
60815,0,0
-180235,0,0
124532,0,0
5948,0,0
-280874,0,0
-31758,0,0
-57699,0,0
-55060,0,0
-46614,0,0
-60269,0,0
-120206,0,0
245274,0,0
-159605,0,0
-208550,0,0
-273,0,0
-268665,0,0
-143312,0,0
-84527,0,0
-112898,0,0
228149,0,0
190596,0,0
-295783,0,0
-128114,0,0
-107340,0,0
-235906,0,0
18783,0,0
-45249,0,0
-54134,0,0
-25242,0,0
-105324,0,0
-141268,0,0
227835,0,0
-77970,0,0
-56165,0,0
137832,0,0
-300032,0,0
-137825,0,0
201073,0,0
58365,0,0
-18356,0,0
66360,0,0
-58546,0,0
159648,0,0
35349,0,0
-136313,0,0
101635,0,0
8533,0,0
55079,0,0
68030,0,0
-21199,0,0
-67826,0,0
