276142,0,0
-47285,0,0
-294938,0,0
-699192,0,0
-573660,0,0
-542151,0,0
-295319,0,0
238757,0,0
425160,0,0
300755,0,0
89535,0,0
-354245,0,0
-677058,0,0
-446316,0,0
-604027,0,0
-235898,0,0
369054,0,0
498190,0,0
396429,0,0
160366,0,0
-390108,0,0
-514061,0,0
-265041,0,0
-517903,0,0
144013,0,0
542509,0,0
500581,0,0
352523,0,0
-42752,0,0
-589191,0,0
-487400,0,0
-551522,0,0
-564876,0,0
87902,0,0
268002,0,0
380727,0,0
310502,0,0
-151100,0,0
-499768,0,0
-340245,0,0
-669057,0,0
-492791,0,0
58011,0,0
190657,0,0
413200,0,0
243014,0,0
-213801,0,0
-509179,0,0
-572514,0,0
-728030,0,0
-493368,0,0
-116892,0,0
170647,0,0
539869,0,0
280197,0,0
-88201,0,0
-474798,0,0
-607770,0,0
-599482,0,0
-329073,0,0
-9881,0,0
401472,0,0
563022,0,0
191816,0,0
-174664,0,0
-489876,0,0
-626007,0,0
-566771,0,0
-440651,0,0
-124923,0,0
420067,0,0
373747,0,0
131969,0,0
-128152,0,0
-593109,0,0
-673379,0,0
-630520,0,0
-531593,0,0
-112518,0,0
355707,0,0
288007,0,0
207317,0,0
-110772,0,0
-644398,0,0
-632750,0,0
-684576,0,0
-667695,0,0
-179071,0,0
180435,0,0
158059,0,0
304210,0,0
-42794,0,0
-566839,0,0
-543535,0,0
-713833,0,0
-670017,0,0
-254826,0,0
61171,0,0
224091,0,0
376301,0,0
63649,0,0
-349485,0,0
-458188,0,0
-737299,0,0
-609341,0,0
-301527,0,0
10918,0,0
360196,0,0
344427,0,0
55065,0,0
-237137,0,0
-565977,0,0
-739623,0,0
-523459,0,0
-396421,0,0
38810,0,0
449067,0,0
417406,0,0
167977,0,0
-148130,0,0
-554063,0,0
-521826,0,0
-311127,0,0
-391005,0,0
210227,0,0
515067,0,0
389356,0,0
235738,0,0
-132505,0,0
-632602,0,0
-533584,0,0
-601726,0,0
-344988,0,0
415477,0,0
546750,0,0
434222,0,0
167805,0,0
-325150,0,0
-565526,0,0
-357681,0,0
-601191,0,0
-260692,0,0
288622,0,0
337802,0,0
438332,0,0
42169,0,0
-457569,0,0
-590841,0,0
-671134,0,0
-720886,0,0
-292895,0,0
95924,0,0
204064,0,0
394712,0,0
85401,0,0
-363931,0,0
-626299,0,0
-710118,0,0
-661367,0,0
-291065,0,0
22746,0,0
390016,0,0
447645,0,0
69153,0,0
-288994,0,0
-537140,0,0
-686577,0,0
-589231,0,0
-438610,0,0
-142190,0,0
355407,0,0
457914,0,0
224282,0,0
-103096,0,0
-581536,0,0
-738946,0,0
-625546,0,0
-493716,0,0
8496,0,0
419652,0,0
360430,0,0
225794,0,0
-103811,0,0
-660349,0,0
-575521,0,0
-580994,0,0
-556616,0,0
-6474,0,0
299471,0,0
291656,0,0
287937,0,0
-101376,0,0
-592896,0,0
-433560,0,0
-599177,0,0
-525663,0,0
10926,0,0
336527,0,0
427669,0,0
319275,0,0
-117282,0,0
-399871,0,0
-236579,0,0
-656504,0,0
-483663,0,0
-7700,0,0
183073,0,0
483058,0,0
294269,0,0
-204125,0,0
-399163,0,0
-611765,0,0
-749006,0,0
-521365,0,0
-183293,0,0
197853,0,0
501423,0,0
295806,0,0
-49453,0,0
-325500,0,0
-695340,0,0
-635441,0,0
-496796,0,0
-244735,0,0
309301,0,0
490131,0,0
265660,0,0
769,0,0
-435280,0,0
-748874,0,0
-544009,0,0
-548161,0,0
-226905,0,0
431902,0,0
413825,0,0
304962,0,0
36160,0,0
-439463,0,0
-599058,0,0
-432260,0,0
-545077,0,0
-86562,0,0
419681,0,0
320959,0,0
286145,0,0
-71033,0,0
-524192,0,0
-575679,0,0
-624790,0,0
-666237,0,0
-201043,0,0
142043,0,0
202723,0,0
340359,0,0
-2195,0,0
-425138,0,0
-597079,0,0
-706437,0,0
-660898,0,0
-315963,0,0
-32312,0,0
282628,0,0
318130,0,0
53198,0,0
-283709,0,0
-565673,0,0
-760814,0,0
-633350,0,0
-527425,0,0
-213795,0,0
281356,0,0
330393,0,0
168890,0,0
-73346,0,0
-570376,0,0
-702395,0,0
-619432,0,0
-571152,0,0
-136054,0,0
324664,0,0
302520,0,0
274441,0,0
-9856,0,0
-570342,0,0
-541395,0,0
-569030,0,0
-666800,0,0
-228266,0,0
154640,0,0
288444,0,0
421053,0,0
77098,0,0
-437685,0,0
-493632,0,0
-652409,0,0
-650479,0,0
-265121,0,0
140256,0,0
466827,0,0
473795,0,0
106734,0,0
-268078,0,0
-407892,0,0
-671244,0,0
-527377,0,0
-208982,0,0
91314,0,0
445821,0,0
390490,0,0
91492,0,0
-240719,0,0
-541145,0,0
-674863,0,0
-478511,0,0
-297430,0,0
99687,0,0
511735,0,0
438137,0,0
148905,0,0
-116465,0,0
-572037,0,0
-561768,0,0
-486632,0,0
-372671,0,0
227954,0,0
522704,0,0
380293,0,0
146856,0,0
-282674,0,0
-698906,0,0
-506996,0,0
-563320,0,0
-384258,0,0
286479,0,0
460460,0,0
416190,0,0
197171,0,0
-307849,0,0
-579904,0,0
-380990,0,0
-540182,0,0
-228567,0,0
293411,0,0
341680,0,0
408310,0,0
83922,0,0
-395046,0,0
-570423,0,0
-642435,0,0
-704815,0,0
-413970,0,0
2444,0,0
162045,0,0
376738,0,0
120453,0,0
-299620,0,0
-562489,0,0
-726573,0,0
-710371,0,0
-530260,0,0
-173639,0,0
175777,0,0
329472,0,0
135034,0,0
-135386,0,0
-469441,0,0
-720500,0,0
-634274,0,0
-645729,0,0
-432870,0,0
153153,0,0
377658,0,0
306819,0,0
118216,0,0
-374897,0,0
-632239,0,0
-573907,0,0
-609174,0,0
-293923,0,0
297563,0,0
384745,0,0
442819,0,0
209599,0,0
-365166,0,0
-457598,0,0
-497569,0,0
-607812,0,0
-308356,0,0
148729,0,0
323300,0,0
466448,0,0
162099,0,0
-328452,0,0
-457259,0,0
-655646,0,0
-659538,0,0
-306227,0,0
112006,0,0
383207,0,0
420139,0,0
164106,0,0
-209808,0,0
-489057,0,0
-750614,0,0
-563878,0,0
-380339,0,0
-89276,0,0
348748,0,0
400593,0,0
183086,0,0
-173354,0,0
-564476,0,0
-717444,0,0
-494127,0,0
-494718,0,0
-133417,0,0
329913,0,0
360610,0,0
301363,0,0
22123,0,0
-500800,0,0
-607334,0,0
-535813,0,0
-617556,0,0
-122928,0,0
280227,0,0
329694,0,0
335135,0,0
-35114,0,0
-555099,0,0
-541134,0,0
-617937,0,0
-658480,0,0
-182189,0,0
123116,0,0
275006,0,0
372953,0,0
15306,0,0
-375875,0,0
-469026,0,0
-681151,0,0
-631786,0,0
-320163,0,0
-29333,0,0
297393,0,0
360051,0,0
64529,0,0
-266933,0,0
-583024,0,0
-792395,0,0
-603425,0,0
-546532,0,0
-188052,0,0
336129,0,0
346351,0,0
201754,0,0
-93993,0,0
-541642,0,0
-658687,0,0
-619141,0,0
-628383,0,0
-131675,0,0
289276,0,0
286384,0,0
301181,0,0
1045,0,0
-494435,0,0
-583106,0,0
-674714,0,0
-666349,0,0
-320265,0,0
44175,0,0
244830,0,0
434358,0,0
163890,0,0
-287676,0,0
-532163,0,0
-667399,0,0
-639373,0,0
-347498,0,0
103055,0,0
422162,0,0
423278,0,0
172070,0,0
-164573,0,0
-478854,0,0
-615869,0,0
-516683,0,0
-464805,0,0
-144395,0,0
322871,0,0
434603,0,0
337145,0,0
25521,0,0
-523602,0,0
-632461,0,0
-541756,0,0
-568414,0,0
-133531,0,0
321858,0,0
367529,0,0
365490,0,0
47100,0,0
-543059,0,0
-568472,0,0
-521951,0,0
-653531,0,0
-217407,0,0
207873,0,0
295502,0,0
387815,0,0
68760,0,0
-434899,0,0
-507102,0,0
-646085,0,0
-646054,0,0
-237634,0,0
105203,0,0
402701,0,0
407078,0,0
107256,0,0
-261488,0,0
-446448,0,0
-701316,0,0
-616845,0,0
-349640,0,0
-19303,0,0
387112,0,0
334071,0,0
81312,0,0
-259901,0,0
-588018,0,0
-739658,0,0
-606787,0,0
-592753,0,0
-221365,0,0
254255,0,0
235054,0,0
225901,0,0
-8643,0,0
-502174,0,0
-635855,0,0
-678955,0,0
-748812,0,0
-340438,0,0
108798,0,0
199174,0,0
384542,0,0
117605,0,0
-410449,0,0
-527864,0,0
-629626,0,0
-698475,0,0
-379795,0,0
-1877,0,0
320160,0,0
507038,0,0
213685,0,0
-170047,0,0
-366007,0,0
-638834,0,0
-560127,0,0
-368975,0,0
-32754,0,0
369092,0,0
462836,0,0
222007,0,0
-89266,0,0
-478378,0,0
-710341,0,0
-527565,0,0
-545107,0,0
-169228,0,0
337429,0,0
388531,0,0
307307,0,0
43572,0,0
-426307,0,0
-583496,0,0
-547961,0,0
-619664,0,0
-145657,0,0
335135,0,0
393727,0,0
378990,0,0
50691,0,0
-428948,0,0
-543988,0,0
-606853,0,0
-649781,0,0
-327691,0,0
116531,0,0
335406,0,0
463964,0,0
180041,0,0
-313773,0,0
-525002,0,0
-600176,0,0
-651013,0,0
-346439,0,0
97039,0,0
480351,0,0
438816,0,0
94281,0,0
-279449,0,0
-533972,0,0
-664727,0,0
-558063,0,0
-486059,0,0
-143745,0,0
258265,0,0
319026,0,0
240499,0,0
-28084,0,0
-529219,0,0
-699869,0,0
-576184,0,0
-578776,0,0
-155560,0,0
316908,0,0
371214,0,0
342835,0,0
13939,0,0
-525641,0,0
-491347,0,0
-479624,0,0
-538322,0,0
-108416,0,0
237560,0,0
351882,0,0
399984,0,0
26293,0,0
-464424,0,0
-433431,0,0
-544250,0,0
-574250,0,0
-68689,0,0
308018,0,0
553670,0,0
486448,0,0
51945,0,0
-354386,0,0
-409287,0,0
-603409,0,0
-484635,0,0
-51281,0,0
213966,0,0
456108,0,0
341449,0,0
-43361,0,0
-339951,0,0
-562145,0,0
-646423,0,0
-487796,0,0
-189949,0,0
108825,0,0
478267,0,0
398113,0,0
97159,0,0
-222395,0,0
-605502,0,0
-588381,0,0
-559555,0,0
-263746,0,0
235175,0,0
504708,0,0
363525,0,0
126598,0,0
-325852,0,0
-678136,0,0
-535305,0,0
-583801,0,0
-391238,0,0
211820,0,0
395742,0,0
337473,0,0
194306,0,0
-251749,0,0
-566882,0,0
-537985,0,0
-608135,0,0
-300693,0,0
167483,0,0
314272,0,0
373772,0,0
159076,0,0
-322641,0,0
-557517,0,0
-616011,0,0
-668927,0,0
-451700,0,0
-33024,0,0
235269,0,0
423431,0,0
232124,0,0
-218532,0,0
-475136,0,0
-631529,0,0
-624910,0,0
-503808,0,0
-58722,0,0
340256,0,0
391201,0,0
235385,0,0
-108408,0,0
-444975,0,0
-658569,0,0
-599313,0,0
-597800,0,0
-235501,0,0
269642,0,0
364176,0,0
326369,0,0
55184,0,0
-458021,0,0
-692006,0,0
-599782,0,0
-620317,0,0
-242061,0,0
234826,0,0
387874,0,0
419950,0,0
126130,0,0
-455458,0,0
-608832,0,0
-651018,0,0
-690725,0,0
-302439,0,0
114335,0,0
334246,0,0
352874,0,0
62923,0,0
-385808,0,0
-509426,0,0
-703901,0,0
-694172,0,0
-399477,0,0
-5270,0,0
295136,0,0
339818,0,0
214905,0,0
-83949,0,0
-344313,0,0
-674762,0,0
-635512,0,0
-482499,0,0
-108534,0,0
363384,0,0
367861,0,0
247474,0,0
-122170,0,0
-512784,0,0
-646395,0,0
-495177,0,0
-512051,0,0
-195796,0,0
321512,0,0
413869,0,0
370366,0,0
121381,0,0
-415831,0,0
-560504,0,0
-553624,0,0
-544698,0,0
-98035,0,0
386913,0,0
434085,0,0
388857,0,0
-45662,0,0
-516818,0,0
-527740,0,0
-657911,0,0
-595032,0,0
-196012,0,0
229170,0,0
353306,0,0
411017,0,0
66814,0,0
-374845,0,0
-501738,0,0
-699826,0,0
-610489,0,0
-255814,0,0
118785,0,0
347343,0,0
325356,0,0
24654,0,0
-332600,0,0
-616866,0,0
-707991,0,0
-644627,0,0
-561747,0,0
-120020,0,0
310048,0,0
331349,0,0
155215,0,0
-164748,0,0
-565448,0,0
-707250,0,0
-659379,0,0
-564006,0,0
-84121,0,0
288881,0,0
345611,0,0
279293,0,0
-36190,0,0
-493442,0,0
-559073,0,0
-616073,0,0
-620931,0,0
-187495,0,0
242540,0,0
395068,0,0
416313,0,0
59210,0,0
-441545,0,0
-518868,0,0
-561058,0,0
-461030,0,0
-67242,0,0
314962,0,0
546830,0,0
416038,0,0
20714,0,0
-289117,0,0
-442551,0,0
-573261,0,0
-449265,0,0
-170493,0,0
254554,0,0
517193,0,0
325842,0,0
-9489,0,0
-334893,0,0
-598262,0,0
-654812,0,0
-548739,0,0
-297490,0,0
178884,0,0
395840,0,0
376323,0,0
118488,0,0
-270941,0,0
-719680,0,0
-696770,0,0
-609131,0,0
-378169,0,0
147826,0,0
320091,0,0
320636,0,0
104675,0,0
-351319,0,0
-655749,0,0
-587698,0,0
-638350,0,0
-451478,0,0
93230,0,0
323157,0,0
477718,0,0
308804,0,0
-180126,0,0
-505275,0,0
-563613,0,0
-642735,0,0
-400837,0,0
116902,0,0
305370,0,0
529795,0,0
230343,0,0
-249793,0,0
-470883,0,0
-613177,0,0
-611836,0,0
-414141,0,0
36234,0,0
302111,0,0
504627,0,0
269155,0,0
-101676,0,0
-302257,0,0
-597264,0,0
-573349,0,0
-448208,0,0
-21171,0,0
399670,0,0
475336,0,0
188496,0,0
-172031,0,0
-518014,0,0
-678391,0,0
-565006,0,0
-561351,0,0
-135521,0,0
336933,0,0
414797,0,0
245845,0,0
-58318,0,0
-495750,0,0
-607646,0,0
-606352,0,0
-520299,0,0
-2224,0,0
407533,0,0
516135,0,0
283961,0,0
-106335,0,0
-548340,0,0
-541864,0,0
-589923,0,0
-484655,0,0
7094,0,0
340282,0,0
474584,0,0
319313,0,0
-101027,0,0
-517045,0,0
-504402,0,0
-580547,0,0
-453229,0,0
-27960,0,0
345810,0,0
585368,0,0
421504,0,0
-90804,0,0
-425593,0,0
-512853,0,0
-666164,0,0
-433894,0,0
-53344,0,0
285291,0,0
438810,0,0
200685,0,0
-137877,0,0
-349128,0,0
-564089,0,0
-621248,0,0
-434754,0,0
-65114,0,0
373155,0,0
431966,0,0
296099,0,0
3788,0,0
-290931,0,0
-592770,0,0
-546879,0,0
-413371,0,0
-49481,0,0
394831,0,0
347138,0,0
229424,0,0
-137505,0,0
-456207,0,0
-618439,0,0
-566570,0,0
-491929,0,0
-94010,0,0
385745,0,0
418472,0,0
304670,0,0
22496,0,0
-514823,0,0
-550604,0,0
-618562,0,0
-518997,0,0
-84151,0,0
316420,0,0
362232,0,0
282365,0,0
-169620,0,0
-618058,0,0
-632471,0,0
-699036,0,0
-610447,0,0
-153954,0,0
232918,0,0
272046,0,0
280898,0,0
-76058,0,0
-458959,0,0
-594994,0,0
-700091,0,0
-567276,0,0
-243876,0,0
140428,0,0
355912,0,0
340532,0,0
16949,0,0
-386227,0,0
-633071,0,0
-689861,0,0
-625576,0,0
-428476,0,0
91255,0,0
418994,0,0
420292,0,0
134819,0,0
-236867,0,0
-565031,0,0
-595551,0,0
-564673,0,0
-235835,0,0
315535,0,0
509387,0,0
478073,0,0
211061,0,0
-143144,0,0
-518709,0,0
-491947,0,0
-548212,0,0
-194959,0,0
292239,0,0
414455,0,0
453555,0,0
205587,0,0
-294694,0,0
-593735,0,0
-507343,0,0
-524213,0,0
-107071,0,0
286860,0,0
493406,0,0
493919,0,0
308803,0,0
-374418,0,0
-536462,0,0
-574592,0,0
-573788,0,0
-50804,0,0
251995,0,0
401176,0,0
316262,0,0
-129352,0,0
-515420,0,0
-502952,0,0
-632900,0,0
-627712,0,0
-103767,0,0
232034,0,0
448893,0,0
295892,0,0
-55069,0,0
-423939,0,0
-564823,0,0
-693948,0,0
-598164,0,0
-131214,0,0
163234,0,0
396643,0,0
254940,0,0
-73024,0,0
-422375,0,0
-641340,0,0
-681424,0,0
-626416,0,0
-235483,0,0
107609,0,0
357953,0,0
322141,0,0
73745,0,0
-240205,0,0
-639212,0,0
-616089,0,0
-621215,0,0
-279646,0,0
185595,0,0
415613,0,0
339103,0,0
47516,0,0
-420859,0,0
-716590,0,0
-638285,0,0
-686408,0,0
-342748,0,0
156242,0,0
453922,0,0
369130,0,0
131981,0,0
-324923,0,0
-561194,0,0
-593556,0,0
-600744,0,0
-193048,0,0
222450,0,0
490532,0,0
432290,0,0
139534,0,0
-345802,0,0
-467657,0,0
-575683,0,0
-551886,0,0
-218254,0,0
185593,0,0
465017,0,0
451333,0,0
66458,0,0
-441054,0,0
-533597,0,0
-583772,0,0
-425976,0,0
-132683,0,0
268353,0,0
558699,0,0
419106,0,0
-46274,0,0
-431073,0,0
-553720,0,0
-624527,0,0
-491493,0,0
-240559,0,0
177243,0,0
311163,0,0
229977,0,0
4851,0,0
-296165,0,0
-601264,0,0
-727416,0,0
-565860,0,0
-241994,0,0
244626,0,0
356891,0,0
364373,0,0
101032,0,0
-272148,0,0
-639290,0,0
-621044,0,0
-548042,0,0
-244894,0,0
198932,0,0
341622,0,0
374524,0,0
58969,0,0
-418432,0,0
-632064,0,0
-549403,0,0
-555421,0,0
-306503,0,0
222270,0,0
421941,0,0
439742,0,0
145370,0,0
-401769,0,0
-600711,0,0
-626104,0,0
-582287,0,0
-268347,0,0
210644,0,0
381933,0,0
324318,0,0
-87755,0,0
-489597,0,0
-617114,0,0
-726285,0,0
-642242,0,0
-407269,0,0
57028,0,0
235613,0,0
365043,0,0
75906,0,0
-362209,0,0
-599789,0,0
-718529,0,0
-602138,0,0
-466428,0,0
-6082,0,0
290172,0,0
334827,0,0
147658,0,0
-222515,0,0
-562508,0,0
-654353,0,0
-573365,0,0
-608494,0,0
-107133,0,0
260259,0,0
404392,0,0
258646,0,0
-74174,0,0
-525367,0,0
-621223,0,0
-656774,0,0
-521068,0,0
-2726,0,0
274055,0,0
434861,0,0
270572,0,0
-62035,0,0
-523549,0,0
-587020,0,0
-689719,0,0
-598900,0,0
-225430,0,0
148256,0,0
399301,0,0
301214,0,0
4220,0,0
-466823,0,0
-495131,0,0
-645941,0,0
-624726,0,0
-328612,0,0
91456,0,0
442646,0,0
344599,0,0
81253,0,0
-352957,0,0
-574141,0,0
-690703,0,0
-596596,0,0
-471702,0,0
60832,0,0
341607,0,0
252661,0,0
172563,0,0
-223108,0,0
-593012,0,0
-717915,0,0
-616908,0,0
-495108,0,0
4436,0,0
257386,0,0
344034,0,0
341988,0,0
-118765,0,0
-575822,0,0
-627920,0,0
-596621,0,0
-546323,0,0
-76110,0,0
186196,0,0
374899,0,0
294632,0,0
-117120,0,0
-486375,0,0
-562429,0,0
-630666,0,0
-623179,0,0
-169858,0,0
155914,0,0
466359,0,0
366273,0,0
54593,0,0
-360551,0,0
-568833,0,0
-656486,0,0
-558147,0,0
-170323,0,0
191321,0,0
452788,0,0
284476,0,0
64674,0,0
-331134,0,0
-581141,0,0
-542195,0,0
-521825,0,0
-208289,0,0
131861,0,0
422989,0,0
431722,0,0
217816,0,0
-166753,0,0
-539954,0,0
-522006,0,0
-563210,0,0
-156171,0,0
281721,0,0
450964,0,0
393656,0,0
100651,0,0
-327073,0,0
-629734,0,0
-531406,0,0
-604739,0,0
-291505,0,0
102996,0,0
400188,0,0
371682,0,0
156690,0,0
-263242,0,0
-508677,0,0
-568757,0,0
-629609,0,0
-236609,0,0
134914,0,0
457241,0,0
392284,0,0
145454,0,0
-290868,0,0
-489239,0,0
-619770,0,0
-542840,0,0
-366685,0,0
74354,0,0
508125,0,0
464085,0,0
213337,0,0
-270168,0,0
-477833,0,0
-617893,0,0
-507890,0,0
-315391,0,0
206804,0,0
694916,0,0
585375,0,0
177835,0,0
-254161,0,0
-534916,0,0
-631321,0,0
-590449,0,0
-436514,0,0
96285,0,0
384879,0,0
282888,0,0
166417,0,0
-268397,0,0
-629239,0,0
-684859,0,0
-609505,0,0
-416209,0,0
116595,0,0
335088,0,0
407074,0,0
246049,0,0
-240098,0,0
-632511,0,0
-590145,0,0
-567739,0,0
-393852,0,0
103308,0,0
232786,0,0
433510,0,0
221436,0,0
-234409,0,0
-543335,0,0
-556572,0,0
-574823,0,0
-423481,0,0
158811,0,0
392257,0,0
568356,0,0
310529,0,0
-205087,0,0
-474432,0,0
-519765,0,0
-544839,0,0
-318129,0,0
210564,0,0
402075,0,0
433862,0,0
54318,0,0
-366521,0,0
-535463,0,0
-627397,0,0
-548583,0,0
-468274,0,0
43545,0,0
309838,0,0
405999,0,0
163352,0,0
-191718,0,0
-483670,0,0
-665045,0,0
-563153,0,0
-401835,0,0
136814,0,0
406512,0,0
390161,0,0
145362,0,0
-205112,0,0
-534352,0,0
-616889,0,0
-567516,0,0
-540661,0,0
34056,0,0
298672,0,0
483739,0,0
244629,0,0
-107059,0,0
-510736,0,0
-553859,0,0
-584088,0,0
-282424,0,0
330875,0,0
435656,0,0
505891,0,0
240812,0,0
-135435,0,0
-553939,0,0
-510567,0,0
-664150,0,0
-308622,0,0
132716,0,0
310720,0,0
535563,0,0
276731,0,0
-252333,0,0
-610845,0,0
-583402,0,0
-599299,0,0
-252969,0,0
75052,0,0
422795,0,0
605408,0,0
310995,0,0
-296971,0,0
-584209,0,0
-609520,0,0
-666087,0,0
-318872,0,0
63422,0,0
399654,0,0
407317,0,0
47620,0,0
-340421,0,0
-536394,0,0
-629146,0,0
-674241,0,0
-340423,0,0
64129,0,0
483772,0,0
382453,0,0
131585,0,0
-266506,0,0
-544895,0,0
-626854,0,0
-662412,0,0
-395009,0,0
58712,0,0
371048,0,0
224724,0,0
131509,0,0
-250648,0,0
-596557,0,0
-631769,0,0
-639313,0,0
-474108,0,0
-68868,0,0
353235,0,0
378590,0,0
305941,0,0
-156976,0,0
-602104,0,0
-586678,0,0
-639257,0,0
-410216,0,0
19170,0,0
364881,0,0
400900,0,0
240027,0,0
-233266,0,0
-571885,0,0
-579075,0,0
-693076,0,0
-436319,0,0
-56697,0,0
344834,0,0
396924,0,0
261658,0,0
-161939,0,0
-504034,0,0
-610378,0,0
-638893,0,0
-388756,0,0
-71841,0,0
306906,0,0
409347,0,0
253080,0,0
-163599,0,0
-475312,0,0
-694692,0,0
-651923,0,0
-588334,0,0
-244056,0,0
290476,0,0
361604,0,0
303264,0,0
-89369,0,0
-409533,0,0
-649078,0,0
-641820,0,0
-622723,0,0
-176200,0,0
314500,0,0
324411,0,0
296556,0,0
-7583,0,0
-416370,0,0
-641017,0,0
-628279,0,0
-760353,0,0
-293150,0,0
161036,0,0
247831,0,0
422578,0,0
60849,0,0
-389139,0,0
-647521,0,0
-627231,0,0
-697955,0,0
-291356,0,0
63679,0,0
344442,0,0
578941,0,0
154343,0,0
-323321,0,0
-570728,0,0
-630356,0,0
-660747,0,0
-379431,0,0
-28403,0,0
377818,0,0
410580,0,0
75075,0,0
-263449,0,0
-473479,0,0
-543722,0,0
-661667,0,0
-456042,0,0
-7846,0,0
492249,0,0
486658,0,0
242021,0,0
-156104,0,0
-509462,0,0
-591391,0,0
-589556,0,0
-340718,0,0
104163,0,0
447303,0,0
273245,0,0
248460,0,0
-145069,0,0
-515578,0,0
-577691,0,0
-613973,0,0
-449904,0,0
15446,0,0
434618,0,0
460661,0,0
373582,0,0
-33097,0,0
-567150,0,0
-524769,0,0
-600172,0,0
-296735,0,0
133238,0,0
366563,0,0
444246,0,0
210112,0,0
-252716,0,0
-510745,0,0
-526381,0,0
-661656,0,0
-351233,0,0
70238,0,0
473541,0,0
484165,0,0
221802,0,0
-241797,0,0
-512619,0,0
-589433,0,0
-596228,0,0
-192845,0,0
135609,0,0
542079,0,0
524275,0,0
233231,0,0
-276317,0,0
-508611,0,0
-694562,0,0
-585906,0,0
-290444,0,0
91530,0,0
520738,0,0
434768,0,0
142285,0,0
-310819,0,0
-504403,0,0
-634909,0,0
-459930,0,0
-337372,0,0
206773,0,0
714995,0,0
557911,0,0
123931,0,0
-297750,0,0
-514497,0,0
-635476,0,0
-536140,0,0
-359307,0,0
259471,0,0
472322,0,0
308912,0,0
108744,0,0
-247668,0,0
-600292,0,0
-678131,0,0
-535203,0,0
-211069,0,0
370293,0,0
456815,0,0
394856,0,0
107059,0,0
-407389,0,0
-630636,0,0
-641973,0,0
-597247,0,0
-216375,0,0
245870,0,0
253049,0,0
362008,0,0
14940,0,0
-474477,0,0
-655284,0,0
-639519,0,0
-567722,0,0
-322019,0,0
143475,0,0
310245,0,0
438691,0,0
18131,0,0
-452149,0,0
-550402,0,0
-652564,0,0
-559458,0,0
-255274,0,0
181679,0,0
388555,0,0
378560,0,0
-49978,0,0
-366447,0,0
-525686,0,0
-685267,0,0
-539713,0,0
-338650,0,0
187544,0,0
431999,0,0
467525,0,0
87935,0,0
-368219,0,0
-588021,0,0
-603097,0,0
-355746,0,0
-124787,0,0
347465,0,0
458881,0,0
336389,0,0
-23909,0,0
-372673,0,0
-636981,0,0
-553845,0,0
-523250,0,0
-260718,0,0
323931,0,0
456161,0,0
310453,0,0
-96330,0,0
-426045,0,0
-639022,0,0
-564524,0,0
-646497,0,0
-251072,0,0
312017,0,0
302687,0,0
364339,0,0
18636,0,0
-418390,0,0
-711335,0,0
-697919,0,0
-792851,0,0
-265730,0,0
152744,0,0
192173,0,0
362533,0,0
25483,0,0
-393728,0,0
-652917,0,0
-636680,0,0
-692200,0,0
-318781,0,0
8111,0,0
328261,0,0
513002,0,0
94685,0,0
-334949,0,0
-557373,0,0
-654898,0,0
-649788,0,0
-354699,0,0
-12037,0,0
375434,0,0
383622,0,0
67244,0,0
-264376,0,0
-541079,0,0
-635343,0,0
-654258,0,0
-467133,0,0
-51566,0,0
460277,0,0
332927,0,0
190192,0,0
-165524,0,0
-610213,0,0
-687767,0,0
-664352,0,0
-521783,0,0
-88599,0,0
297492,0,0
177790,0,0
281216,0,0
-82027,0,0
-542130,0,0
-595843,0,0
-641069,0,0
-586165,0,0
-223474,0,0
233508,0,0
342446,0,0
466926,0,0
-43377,0,0
-497343,0,0
-545261,0,0
-627594,0,0
-470822,0,0
-114374,0,0
239317,0,0
397115,0,0
384744,0,0
-46200,0,0
-386526,0,0
-550724,0,0
-714504,0,0
-527701,0,0
-260288,0,0
254334,0,0
461790,0,0
364884,0,0
2713,0,0
-392826,0,0
-600703,0,0
-592768,0,0
-325272,0,0
-210071,0,0
266665,0,0
432639,0,0
342173,0,0
38581,0,0
-338484,0,0
-610772,0,0
-560928,0,0
-580282,0,0
-358710,0,0
294880,0,0
431163,0,0
378469,0,0
28901,0,0
-324115,0,0
-555003,0,0
-530387,0,0
-612223,0,0
-241911,0,0
386433,0,0
414269,0,0
408668,0,0
86830,0,0
-341751,0,0
-543105,0,0
-525319,0,0
-703868,0,0
-189115,0,0
232815,0,0
298639,0,0
494993,0,0
142409,0,0
-310076,0,0
-576978,0,0
-510737,0,0
-553238,0,0
-84810,0,0
161346,0,0
467864,0,0
562075,0,0
106967,0,0
-392782,0,0
-577291,0,0
-618865,0,0
-592610,0,0
-172669,0,0
102161,0,0
417188,0,0
324021,0,0
-69274,0,0
-385472,0,0
-586729,0,0
-625520,0,0
-634707,0,0
-329441,0,0
74064,0,0
506395,0,0
289131,0,0
28072,0,0
-354967,0,0
-628101,0,0
-664347,0,0
-666978,0,0
-392629,0,0
44496,0,0
343485,0,0
129868,0,0
172536,0,0
-222146,0,0
-649216,0,0
-653807,0,0
-701977,0,0
-548728,0,0
-148929,0,0
239443,0,0
301035,0,0
337599,0,0
-190510,0,0
-555633,0,0
-569400,0,0
-775606,0,0
-547910,0,0
-150277,0,0
207685,0,0
350936,0,0
317786,0,0
-127159,0,0
-400074,0,0
-608067,0,0
-748468,0,0
-545973,0,0
-327282,0,0
186159,0,0
394825,0,0
362833,0,0
14420,0,0
-366515,0,0
-605719,0,0
-598914,0,0
-484913,0,0
-342018,0,0
163634,0,0
392137,0,0
385056,0,0
149411,0,0
-225389,0,0
-620262,0,0
-617846,0,0
-601564,0,0
-488814,0,0
152261,0,0
375571,0,0
399818,0,0
187574,0,0
-182686,0,0
-582784,0,0
-552050,0,0
-664074,0,0
-430717,0,0
179531,0,0
274676,0,0
457674,0,0
226593,0,0
-182429,0,0
-558152,0,0
-608874,0,0
-751383,0,0
-499533,0,0
-81782,0,0
169834,0,0
520391,0,0
230784,0,0
-121305,0,0
-502807,0,0
-589527,0,0
-687499,0,0
-458846,0,0
-230498,0,0
210333,0,0
524577,0,0
214763,0,0
-9768,0,0
-432097,0,0
-609587,0,0
-647302,0,0
-597735,0,0
-423354,0,0
188241,0,0
393488,0,0
199967,0,0
135236,0,0
-353721,0,0
-650398,0,0
-699884,0,0
-642227,0,0
-437280,0,0
170081,0,0
239434,0,0
300336,0,0
219894,0,0
-311254,0,0
-647049,0,0
-681364,0,0
-674963,0,0
-516596,0,0
-82822,0,0
62413,0,0
324912,0,0
216277,0,0
-225166,0,0
-488997,0,0
-677453,0,0
-716092,0,0
-699290,0,0
-354886,0,0
22919,0,0
430679,0,0
195746,0,0
-33353,0,0
-400881,0,0
-751322,0,0
-710817,0,0
-736498,0,0
-484580,0,0
7989,0,0
317039,0,0
141045,0,0
248277,0,0
-188473,0,0
-637015,0,0
-632722,0,0
-647524,0,0
-494495,0,0
-115319,0,0
280126,0,0
378985,0,0
435887,0,0
-104603,0,0
-478650,0,0
-478498,0,0
-592964,0,0
-407577,0,0
-80096,0,0
310994,0,0
470307,0,0
426274,0,0
-31262,0,0
-351517,0,0
-482528,0,0
-644491,0,0
-424783,0,0
-178371,0,0
324689,0,0
551739,0,0
469024,0,0
54227,0,0
-362369,0,0
-579439,0,0
-557182,0,0
-347975,0,0
-152719,0,0
380488,0,0
534365,0,0
401170,0,0
78952,0,0
-302741,0,0
-621897,0,0
-538856,0,0
-512526,0,0
-212599,0,0
453922,0,0
533425,0,0
409824,0,0
50552,0,0
-304625,0,0
-548919,0,0
-407717,0,0
-526864,0,0
-106866,0,0
478209,0,0
455954,0,0
483261,0,0
95163,0,0
-433550,0,0
-622695,0,0
-553760,0,0
-666000,0,0
-59526,0,0
275743,0,0
250287,0,0
438368,0,0
-59,0,0
-440600,0,0
-612064,0,0
-603538,0,0
-633360,0,0
-151234,0,0
92432,0,0
355904,0,0
458634,0,0
-34227,0,0
-410523,0,0
-646818,0,0
-709722,0,0
-626254,0,0
-272188,0,0
-32860,0,0
327955,0,0
297902,0,0
455,0,0
-310517,0,0
-571579,0,0
-657878,0,0
-687270,0,0
-550125,0,0
-95595,0,0
458313,0,0
289098,0,0
221516,0,0
-151895,0,0
-610805,0,0
-637577,0,0
-622026,0,0
-529851,0,0
-33855,0,0
377047,0,0
178195,0,0
314792,0,0
-42465,0,0
-452148,0,0
-503890,0,0
-576333,0,0
-494725,0,0
-69333,0,0
423798,0,0
499815,0,0
451664,0,0
-102871,0,0
-444095,0,0
-327393,0,0
-553331,0,0
-381598,0,0
36407,0,0
393261,0,0
524278,0,0
328363,0,0
-167987,0,0
-442667,0,0
-518616,0,0
-666992,0,0
-370261,0,0
-50561,0,0
304696,0,0
389906,0,0
255926,0,0
-147736,0,0
-455750,0,0
-609285,0,0
-559130,0,0
-318799,0,0
-126037,0,0
341244,0,0
420983,0,0
213388,0,0
-122586,0,0
-426408,0,0
-728537,0,0
-588280,0,0
-570143,0,0
-266624,0,0
385681,0,0
379388,0,0
304261,0,0
-38381,0,0
-409953,0,0
-650027,0,0
-541223,0,0
-652261,0,0
-207425,0,0
355713,0,0
314876,0,0
372589,0,0
-31232,0,0
-481390,0,0
-675607,0,0
-641945,0,0
-788948,0,0
-219309,0,0
173579,0,0
175370,0,0
418371,0,0
36659,0,0
-382592,0,0
-683570,0,0
-696358,0,0
-716853,0,0
-305305,0,0
-58845,0,0
222959,0,0
424117,0,0
22608,0,0
-281956,0,0
-623376,0,0
-711056,0,0
-677856,0,0
-546808,0,0
-258111,0,0
280309,0,0
319831,0,0
122501,0,0
-84615,0,0
-555112,0,0
-668772,0,0
-673007,0,0
-615856,0,0
-277121,0,0
332167,0,0
306838,0,0
307585,0,0
10451,0,0
-505305,0,0
-616055,0,0
-610270,0,0
-639487,0,0
-287618,0,0
138792,0,0
177534,0,0
425107,0,0
106582,0,0
-390412,0,0
-557573,0,0
-681694,0,0
-680730,0,0
-442583,0,0
24307,0,0
292349,0,0
504937,0,0
122899,0,0
-269517,0,0
-489799,0,0
-685173,0,0
-552456,0,0
-471312,0,0
-89740,0,0
282447,0,0
403122,0,0
167314,0,0
7946,0,0
-413792,0,0
-704040,0,0
-581859,0,0
-597665,0,0
-158963,0,0
276678,0,0
430289,0,0
347680,0,0
73014,0,0
-436550,0,0
-566901,0,0
-431206,0,0
-636234,0,0
-188823,0,0
184302,0,0
386490,0,0
460622,0,0
159371,0,0
-362334,0,0
-525378,0,0
-585175,0,0
-688394,0,0
-207663,0,0
111943,0,0
416485,0,0
454293,0,0
178826,0,0
-311266,0,0
-484203,0,0
-652301,0,0
-590148,0,0
-242023,0,0
-2985,0,0
390107,0,0
451254,0,0
171692,0,0
-231354,0,0
-545195,0,0
-813185,0,0
-585923,0,0
-445355,0,0
-89840,0,0
405018,0,0
307415,0,0
196756,0,0
-168545,0,0
-463088,0,0
-651538,0,0
-501771,0,0
-587945,0,0
-119976,0,0
451089,0,0
306072,0,0
364363,0,0
-86259,0,0
-501089,0,0
-618637,0,0
-583741,0,0
-638126,0,0
-30109,0,0
353171,0,0
253503,0,0
416338,0,0
-52551,0,0
-423274,0,0
-560462,0,0
-522039,0,0
-537496,0,0
-6280,0,0
179823,0,0
382051,0,0
435650,0,0
-57034,0,0
-392851,0,0
-502452,0,0
-573335,0,0
-510353,0,0
-102245,0,0
88047,0,0
484863,0,0
367936,0,0
-11333,0,0
-290287,0,0
-547165,0,0
-577205,0,0
-578097,0,0
-260739,0,0
156732,0,0
633809,0,0
311680,0,0
23177,0,0
-320617,0,0
-614299,0,0
-555366,0,0
-552705,0,0
-266777,0,0
227515,0,0
436863,0,0
153973,0,0
131640,0,0
-273995,0,0
-640246,0,0
-528450,0,0
-613377,0,0
-328984,0,0
150630,0,0
426729,0,0
373327,0,0
204243,0,0
-350424,0,0
-561855,0,0
-440584,0,0
-661094,0,0
-279135,0,0
102665,0,0
301387,0,0
428281,0,0
212993,0,0
-291139,0,0
-511537,0,0
-582480,0,0
-727220,0,0
-319960,0,0
21746,0,0
356864,0,0
436951,0,0
217828,0,0
-222758,0,0
-458386,0,0
-652699,0,0
-594712,0,0
-261452,0,0
69477,0,0
413602,0,0
419445,0,0
189265,0,0
-167558,0,0
-454646,0,0
-792279,0,0
-589314,0,0
-475564,0,0
-134563,0,0
516119,0,0
444695,0,0
225410,0,0
-165765,0,0
-520075,0,0
-672467,0,0
-487049,0,0
-594965,0,0
-139222,0,0
391023,0,0
281479,0,0
368961,0,0
-85739,0,0
-536239,0,0
-670499,0,0
-651175,0,0
-727950,0,0
-99610,0,0
232192,0,0
239025,0,0
402183,0,0
-39791,0,0
-427287,0,0
-656198,0,0
-653973,0,0
-602470,0,0
-90182,0,0
166309,0,0
446701,0,0
496659,0,0
-52719,0,0
-404766,0,0
-573427,0,0
-641598,0,0
-515445,0,0
-125111,0,0
116760,0,0
541509,0,0
391688,0,0
15361,0,0
-274261,0,0
-501082,0,0
-569170,0,0
-546273,0,0
-229301,0,0
189463,0,0
682855,0,0
338303,0,0
51393,0,0
-284978,0,0
-605813,0,0
-540179,0,0
-528710,0,0
-290917,0,0
191464,0,0
411901,0,0
242564,0,0
140359,0,0
-332070,0,0
-704220,0,0
-531988,0,0
-676988,0,0
-377004,0,0
106334,0,0
367440,0,0
375724,0,0
181176,0,0
-367597,0,0
-623976,0,0
-509165,0,0
-707328,0,0
-341743,0,0
78955,0,0
322012,0,0
404673,0,0
207637,0,0
-299244,0,0
-509739,0,0
-628395,0,0
-708184,0,0
-361933,0,0
-7720,0,0
353112,0,0
466418,0,0
236299,0,0
-217938,0,0
-425708,0,0
-663687,0,0
-594104,0,0
-289596,0,0
-60539,0,0
446604,0,0
459505,0,0
178109,0,0
-195147,0,0
-468268,0,0
-763001,0,0
-572137,0,0
-488514,0,0
-147559,0,0
462210,0,0
355503,0,0
228470,0,0
-153280,0,0
-493500,0,0
-632242,0,0
-437255,0,0
-514078,0,0
-58943,0,0
494157,0,0
309547,0,0
312727,0,0
-138912,0,0
-460550,0,0
-586586,0,0
-536785,0,0
-579432,0,0
79978,0,0
361477,0,0
273125,0,0
390051,0,0
-110463,0,0
-403321,0,0
-525670,0,0
-589031,0,0
-463999,0,0
285474,0,0
442945,0,0
509432,0,0
310530,0,0
-226294,0,0
-516853,0,0
-620176,0,0
-608546,0,0
-359024,0,0
116233,0,0
204095,0,0
502149,0,0
222588,0,0
-254122,0,0
-455918,0,0
-625796,0,0
-659747,0,0
-439095,0,0
43242,0,0
332026,0,0
597201,0,0
135643,0,0
-238774,0,0
-381397,0,0
-658509,0,0
-570611,0,0
-406311,0,0
-8878,0,0
382994,0,0
489366,0,0
123836,0,0
-136278,0,0
-483582,0,0
-736930,0,0
-513450,0,0
-521443,0,0
6728,0,0
423136,0,0
505662,0,0
215562,0,0
-148440,0,0
-559685,0,0
-566404,0,0
-310071,0,0
-391526,0,0
176384,0,0
434162,0,0
376457,0,0
204465,0,0
-163140,0,0
-642093,0,0
-551456,0,0
-649494,0,0
-552969,0,0
199301,0,0
349476,0,0
345098,0,0
219979,0,0
-184495,0,0
-579730,0,0
-530124,0,0
-722657,0,0
-466058,0,0
123898,0,0
218617,0,0
454460,0,0
238789,0,0
-240941,0,0
-580491,0,0
-610380,0,0
-831794,0,0
-438606,0,0
-18389,0,0
157534,0,0
493487,0,0
179688,0,0
-182424,0,0
-533032,0,0
-661292,0,0
-663717,0,0
-374484,0,0
-104832,0,0
306075,0,0
505557,0,0
131645,0,0
-124416,0,0
-502937,0,0
-626723,0,0
-613922,0,0
-529559,0,0
-278612,0,0
312633,0,0
381129,0,0
173180,0,0
8189,0,0
-509773,0,0
-655838,0,0
-685790,0,0
-639978,0,0
-305709,0,0
332001,0,0
303084,0,0
304627,0,0
-2832,0,0
-524923,0,0
-602658,0,0
-711458,0,0
-719594,0,0
-270092,0,0
179826,0,0
153447,0,0
379362,0,0
83140,0,0
-437493,0,0
-541372,0,0
-663729,0,0
-654507,0,0
-376992,0,0
50857,0,0
325668,0,0
517064,0,0
85261,0,0
-333186,0,0
-422480,0,0
-661993,0,0
-545245,0,0
-351087,0,0
7768,0,0
385376,0,0
461741,0,0
83126,0,0
-206680,0,0
-508241,0,0
-725419,0,0
-492821,0,0
-535504,0,0
-39283,0,0
288112,0,0
361438,0,0
203057,0,0
-103640,0,0
-554090,0,0
-638967,0,0
-538653,0,0
-699285,0,0
-159162,0,0
238372,0,0
308371,0,0
302180,0,0
-30873,0,0
-586007,0,0
-637863,0,0
-695941,0,0
-749467,0,0
-198296,0,0
51612,0,0
270305,0,0
377136,0,0
95362,0,0
-388944,0,0
-478699,0,0
-699199,0,0
-669992,0,0
-329308,0,0
-38826,0,0
415785,0,0
422788,0,0
126232,0,0
-226256,0,0
-520466,0,0
-809330,0,0
-571072,0,0
-490252,0,0
-145469,0,0
441176,0,0
328160,0,0
231416,0,0
-102234,0,0
-459330,0,0
-654814,0,0
-490979,0,0
-608993,0,0
-112433,0,0
422029,0,0
289462,0,0
365953,0,0
-63728,0,0
-491383,0,0
-590674,0,0
-593877,0,0
-686705,0,0
-35788,0,0
323781,0,0
284409,0,0
462366,0,0
-21111,0,0
-387028,0,0
-589876,0,0
-583515,0,0
-581006,0,0
-8328,0,0
213351,0,0
427360,0,0
458603,0,0
-32367,0,0
-375333,0,0
-597874,0,0
-580285,0,0
-501333,0,0
-182607,0,0
27489,0,0
439417,0,0
379250,0,0
10382,0,0
-271975,0,0
-588912,0,0
-628528,0,0
-560997,0,0
-325072,0,0
97964,0,0
515760,0,0
314811,0,0
71558,0,0
-238545,0,0
-649398,0,0
-559667,0,0
-577624,0,0
-384950,0,0
144884,0,0
443221,0,0
246563,0,0
204304,0,0
-225875,0,0
-648236,0,0
-499499,0,0
-614812,0,0
-431010,0,0
116333,0,0
383492,0,0
418295,0,0
292426,0,0
-225323,0,0
-510702,0,0
-325330,0,0
-640099,0,0
-345730,0,0
129942,0,0
358089,0,0
472284,0,0
245965,0,0
-277020,0,0
-475020,0,0
-589791,0,0
-683734,0,0
-267218,0,0
65896,0,0
354281,0,0
502695,0,0
209033,0,0
-235264,0,0
-412119,0,0
-626051,0,0
-560683,0,0
-294423,0,0
-66682,0,0
438212,0,0
521838,0,0
179159,0,0
-188821,0,0
-491013,0,0
-786168,0,0
-570228,0,0
-452130,0,0
-105419,0,0
484022,0,0
379077,0,0
236910,0,0
-74417,0,0
-450763,0,0
-610601,0,0
-404783,0,0
-516424,0,0
3553,0,0
519276,0,0
359459,0,0
307954,0,0
-156706,0,0
-513672,0,0
-552599,0,0
-522012,0,0
-555128,0,0
39011,0,0
328919,0,0
331371,0,0
407426,0,0
-70823,0,0
-443408,0,0
-570588,0,0
-625631,0,0
-468644,0,0
250771,0,0
393745,0,0
486115,0,0
308632,0,0
-212236,0,0
-439045,0,0
-557994,0,0
-647014,0,0
-349078,0,0
133235,0,0
215022,0,0
481417,0,0
253318,0,0
-258387,0,0
-441436,0,0
-645981,0,0
-621761,0,0
-420823,0,0
7977,0,0
360364,0,0
525797,0,0
144159,0,0
-228256,0,0
-390925,0,0
-707645,0,0
-593210,0,0
-425249,0,0
-65614,0,0
355692,0,0
414376,0,0
150663,0,0
-179795,0,0
-547748,0,0
-743588,0,0
-501940,0,0
-589568,0,0
-114781,0,0
324975,0,0
428730,0,0
270719,0,0
-52268,0,0
-564481,0,0
-650332,0,0
-467674,0,0
-571672,0,0
26955,0,0
397396,0,0
354457,0,0
284213,0,0
-58866,0,0
-598973,0,0
-536190,0,0
-626773,0,0
-590533,0,0
174564,0,0
429362,0,0
474505,0,0
324763,0,0
-78695,0,0
-536409,0,0
-250515,0,0
-548008,0,0
-426957,0,0
233768,0,0
371271,0,0
536150,0,0
230140,0,0
-256934,0,0
-535199,0,0
-564723,0,0
-730534,0,0
-367203,0,0
29812,0,0
237441,0,0
528035,0,0
156966,0,0
-201828,0,0
-530027,0,0
-658980,0,0
-678225,0,0
-291773,0,0
-42986,0,0
349125,0,0
528860,0,0
103654,0,0
-217193,0,0
-564731,0,0
-659540,0,0
-588923,0,0
-468067,0,0
-179812,0,0
357253,0,0
384196,0,0
223517,0,0
-18820,0,0
-505464,0,0
-603941,0,0
-588593,0,0
-494781,0,0
-46486,0,0
517981,0,0
429800,0,0
273199,0,0
-8702,0,0
-574215,0,0
-503588,0,0
-577925,0,0
-531080,0,0
31363,0,0
393103,0,0
284005,0,0
304224,0,0
-110028,0,0
-616899,0,0
-519438,0,0
-675727,0,0
-518390,0,0
17550,0,0
305234,0,0
379796,0,0
289285,0,0
-212714,0,0
-513496,0,0
-457331,0,0
-779563,0,0
-461979,0,0
-39402,0,0
238530,0,0
417422,0,0
248114,0,0
-213477,0,0
-447593,0,0
-649420,0,0
-773880,0,0
-441501,0,0
-179192,0,0
187165,0,0
458764,0,0
293377,0,0
-103303,0,0
-347392,0,0
-698400,0,0
-599508,0,0
-459035,0,0
-287549,0,0
271121,0,0
448394,0,0
272747,0,0
2915,0,0
-450238,0,0
-806777,0,0
-652766,0,0
-607074,0,0
-332933,0,0
342373,0,0
370734,0,0
320559,0,0
49059,0,0
-376031,0,0
-623318,0,0
-365298,0,0
-587035,0,0
-214557,0,0
360263,0,0
298083,0,0
447517,0,0
79815,0,0
-404120,0,0
-564626,0,0
-562392,0,0
-669016,0,0
-137402,0,0
233571,0,0
351228,0,0
510978,0,0
33923,0,0
-398529,0,0
-568014,0,0
-589160,0,0
-615341,0,0
-85273,0,0
154811,0,0
384256,0,0
397313,0,0
-82200,0,0
-379617,0,0
-601485,0,0
-729869,0,0
-663345,0,0
-321448,0,0
-71127,0,0
396226,0,0
392180,0,0
43568,0,0
-301414,0,0
-680715,0,0
-723320,0,0
-623879,0,0
-409392,0,0
58285,0,0
493795,0,0
315076,0,0
78286,0,0
-234994,0,0
-672753,0,0
-565771,0,0
-572509,0,0
-468508,0,0
88607,0,0
350629,0,0
259863,0,0
228514,0,0
-209578,0,0
-639780,0,0
-500285,0,0
-668255,0,0
-473667,0,0
54075,0,0
344516,0,0
372833,0,0
244649,0,0
-239626,0,0
-539962,0,0
-490973,0,0
-731479,0,0
-435808,0,0
-3955,0,0
240453,0,0
389831,0,0
236693,0,0
-244837,0,0
-516291,0,0
-712871,0,0
-747617,0,0
-466718,0,0
-233981,0,0
110511,0,0
385001,0,0
270356,0,0
-41811,0,0
-306868,0,0
-679345,0,0
-644540,0,0
-528881,0,0
-396619,0,0
199838,0,0
394859,0,0
258563,0,0
104251,0,0
-270265,0,0
-722278,0,0
-563402,0,0
-616426,0,0
-462622,0,0
192929,0,0
321883,0,0
331444,0,0
223296,0,0
-224734,0,0
-558019,0,0
-465769,0,0
-700637,0,0
-451912,0,0
158258,0,0
206951,0,0
425526,0,0
222104,0,0
-258556,0,0
-569903,0,0
-615394,0,0
-785319,0,0
-484532,0,0
-108033,0,0
96045,0,0
450202,0,0
206022,0,0
-133074,0,0
-470878,0,0
-686850,0,0
-714280,0,0
-527955,0,0
-311008,0,0
158871,0,0
409687,0,0
211905,0,0
22999,0,0
-409545,0,0
-669723,0,0
-667996,0,0
-613670,0,0
-446652,0,0
173914,0,0
303928,0,0
200500,0,0
216507,0,0
-280521,0,0
-555622,0,0
-595310,0,0
-601796,0,0
-453045,0,0
158009,0,0
236974,0,0
403780,0,0
260455,0,0
-283858,0,0
-523782,0,0
-550510,0,0
-631808,0,0
-452822,0,0
1196,0,0
181666,0,0
463011,0,0
295090,0,0
-174002,0,0
-366754,0,0
-635789,0,0
-607054,0,0
-432888,0,0
-99843,0,0
257323,0,0
470224,0,0
261258,0,0
-69887,0,0
-338451,0,0
-715085,0,0
-568504,0,0
-534855,0,0
-288401,0,0
163106,0,0
277675,0,0
174534,0,0
89940,0,0
-369739,0,0
-752307,0,0
-554923,0,0
-687543,0,0
-490605,0,0
32233,0,0
194451,0,0
273123,0,0
243208,0,0
-243780,0,0
-560335,0,0
-561369,0,0
-761971,0,0
-513703,0,0
-34303,0,0
161276,0,0
363681,0,0
308933,0,0
-151711,0,0
-390168,0,0
-586236,0,0
-709889,0,0
-432839,0,0
-114144,0,0
255800,0,0
498358,0,0
350367,0,0
20611,0,0
-168926,0,0
-555687,0,0
-519624,0,0
-256226,0,0
-76123,0,0
454935,0,0
549609,0,0
334866,0,0
29486,0,0
-372068,0,0
-665415,0,0
-482899,0,0
-440884,0,0
-146460,0,0
445926,0,0
433646,0,0
336974,0,0
40155,0,0
-430587,0,0
-595127,0,0
-391185,0,0
-538285,0,0
-84144,0,0
405324,0,0
312115,0,0
334281,0,0
-66317,0,0
-490478,0,0
-573800,0,0
-623937,0,0
-688764,0,0
-149843,0,0
232090,0,0
305450,0,0
413781,0,0
-20404,0,0
-435805,0,0
-616822,0,0
-657977,0,0
-647757,0,0
-190161,0,0
114967,0,0
375265,0,0
396495,0,0
-2439,0,0
-324545,0,0
-571908,0,0
-681870,0,0
-574006,0,0
-390389,0,0
-130831,0,0
364593,0,0
378993,0,0
153945,0,0
-129935,0,0
-535550,0,0
-628563,0,0
-572729,0,0
-470384,0,0
-30789,0,0
433369,0,0
392917,0,0
246392,0,0
-65264,0,0
-582749,0,0
-517056,0,0
-546772,0,0
-520458,0,0
14840,0,0
324913,0,0
344040,0,0
375669,0,0
-72386,0,0
-578086,0,0
-470875,0,0
-627071,0,0
-517602,0,0
79915,0,0
405469,0,0
471609,0,0
364906,0,0
-122925,0,0
-458342,0,0
-325689,0,0
-637420,0,0
-387241,0,0
69463,0,0
300906,0,0
480573,0,0
259890,0,0
-246977,0,0
-471086,0,0
-637533,0,0
-701097,0,0
-399123,0,0
-95256,0,0
217670,0,0
482287,0,0
257480,0,0
-107827,0,0
-291095,0,0
-648290,0,0
-570204,0,0
-366270,0,0
-167590,0,0
302709,0,0
459926,0,0
227647,0,0
-88869,0,0
-486913,0,0
-708468,0,0
-557029,0,0
-559903,0,0
-243404,0,0
379649,0,0
372351,0,0
239966,0,0
-19878,0,0
-465200,0,0
-627860,0,0
-464017,0,0
-651787,0,0
-246320,0,0
287086,0,0
293653,0,0
360978,0,0
21053,0,0
-448260,0,0
-577391,0,0
-646904,0,0
-714839,0,0
-240854,0,0
181978,0,0
290544,0,0
463663,0,0
110724,0,0
-321720,0,0
-556848,0,0
-636865,0,0
-604487,0,0
-191766,0,0
131539,0,0
489651,0,0
461146,0,0
45877,0,0
-298974,0,0
-525720,0,0
-632328,0,0
-513561,0,0
-250804,0,0
50740,0,0
447548,0,0
358220,0,0
77114,0,0
-208395,0,0
-557014,0,0
-623627,0,0
-523570,0,0
-406993,0,0
33440,0,0
473512,0,0
357822,0,0
132337,0,0
-171043,0,0
-682433,0,0
-622669,0,0
-635410,0,0
-570726,0,0
-47688,0,0
288716,0,0
258668,0,0
252984,0,0
-174892,0,0
-669483,0,0
-566225,0,0
-759594,0,0
-682278,0,0
-152247,0,0
197297,0,0
326304,0,0
314390,0,0
-57515,0,0
-429245,0,0
-548332,0,0
-756040,0,0
-587204,0,0
-267608,0,0
46231,0,0
383070,0,0
344314,0,0
-22890,0,0
-321366,0,0
-593353,0,0
-737154,0,0
-555730,0,0
-354319,0,0
50766,0,0
477564,0,0
386914,0,0
138950,0,0
-155318,0,0
-582554,0,0
-567370,0,0
-494821,0,0
-449677,0,0
164464,0,0
506421,0,0
384150,0,0
205188,0,0
-223669,0,0
-675830,0,0
-502084,0,0
-601502,0,0
-506859,0,0
136400,0,0
332930,0,0
379461,0,0
310377,0,0
-165535,0,0
-511569,0,0
-489330,0,0
-615300,0,0
-415993,0,0
120506,0,0
286618,0,0
473479,0,0
252421,0,0
-220487,0,0
-503475,0,0
-603710,0,0
-713557,0,0
-446444,0,0
-50112,0,0
228275,0,0
526827,0,0
301412,0,0
-81691,0,0
-448360,0,0
-627371,0,0
-618401,0,0
-386000,0,0
-38834,0,0
360403,0,0
493813,0,0
256421,0,0
-59603,0,0
-437734,0,0
-590718,0,0
-514674,0,0
-503141,0,0
-166465,0,0
394046,0,0
463997,0,0
313331,0,0
30942,0,0
-531711,0,0
-595305,0,0
-520663,0,0
-526157,0,0
-76469,0,0
442900,0,0
419392,0,0
301366,0,0
12465,0,0
-579562,0,0
-536332,0,0
-581202,0,0
-616880,0,0
-151844,0,0
202211,0,0
268471,0,0
362701,0,0
-25416,0,0
-529697,0,0
-493593,0,0
-705793,0,0
-700789,0,0
-240069,0,0
94862,0,0
369978,0,0
407714,0,0
24305,0,0
-355487,0,0
-470263,0,0
-741645,0,0
-607634,0,0
-296025,0,0
30609,0,0
384772,0,0
361483,0,0
38871,0,0
-302590,0,0
-608448,0,0
-747527,0,0
-534567,0,0
-462681,0,0
-66515,0,0
371056,0,0
361131,0,0
235131,0,0
-91650,0,0
-615387,0,0
-630316,0,0
-555079,0,0
-538719,0,0
9458,0,0
384170,0,0
322190,0,0
253079,0,0
-176792,0,0
-622239,0,0
-480195,0,0
-579638,0,0
-582935,0,0
3373,0,0
282751,0,0
347378,0,0
370862,0,0
-72591,0,0
-451739,0,0
-431182,0,0
-636359,0,0
-473130,0,0
47756,0,0
235337,0,0
459543,0,0
309753,0,0
-125003,0,0
-419711,0,0
-544545,0,0
-687639,0,0
-491049,0,0
-142227,0,0
152024,0,0
461876,0,0
332927,0,0
-40615,0,0
-403751,0,0
-600809,0,0
-621011,0,0
-499895,0,0
-232675,0,0
234219,0,0
454383,0,0
291255,0,0
32170,0,0
-409558,0,0
-670548,0,0
-644252,0,0
-641813,0,0
-422024,0,0
136687,0,0
350842,0,0
272128,0,0
154186,0,0
-298500,0,0
-636252,0,0
-616895,0,0
-693707,0,0
-475793,0,0
99803,0,0
256924,0,0
394286,0,0
224744,0,0
-267635,0,0
-502184,0,0
-592574,0,0
-715679,0,0
-514625,0,0
-100893,0,0
170354,0,0
453148,0,0
288359,0,0
-141885,0,0
-360766,0,0
-601512,0,0
-670658,0,0
-509177,0,0
-132937,0,0
252432,0,0
471720,0,0
297217,0,0
-10531,0,0
-289880,0,0
-656891,0,0
-537540,0,0
-545628,0,0
-271687,0,0
255992,0,0
413990,0,0
301070,0,0
32395,0,0
-442234,0,0
-711291,0,0
-530628,0,0
-566548,0,0
-278819,0,0
273878,0,0
389683,0,0
341616,0,0
160165,0,0
-314000,0,0
-528953,0,0
-518032,0,0
-627835,0,0
-286632,0,0
203907,0,0
342231,0,0
438731,0,0
87260,0,0
-476231,0,0
-559978,0,0
-651078,0,0
-686964,0,0
-352933,0,0
28639,0,0
276745,0,0
453896,0,0
143467,0,0
-259804,0,0
-464509,0,0
-688116,0,0
-655972,0,0
-481649,0,0
-166446,0,0
311288,0,0
425049,0,0
215552,0,0
-106711,0,0
-505260,0,0
-733311,0,0
-524683,0,0
-571379,0,0
-216551,0,0
313631,0,0
410412,0,0
307069,0,0
46384,0,0
-401538,0,0
-584924,0,0
-443135,0,0
-541488,0,0
-110982,0,0
342148,0,0
383590,0,0
356591,0,0
12902,0,0
-477137,0,0
-578231,0,0
-609655,0,0
-652625,0,0
-205241,0,0
192302,0,0
317924,0,0
362659,0,0
33901,0,0
-441156,0,0
-618520,0,0
-682217,0,0
-657099,0,0
-312258,0,0
18612,0,0
328272,0,0
372292,0,0
84155,0,0
-263998,0,0
-578576,0,0
-747893,0,0
-628098,0,0
-520043,0,0
-162174,0,0
308893,0,0
363523,0,0
254377,0,0
-48700,0,0
-527676,0,0
-667676,0,0
-602756,0,0
-538173,0,0
-26163,0,0
412385,0,0
390774,0,0
322151,0,0
23739,0,0
-507181,0,0
-451809,0,0
-471817,0,0
-537835,0,0
-24317,0,0
337590,0,0
415026,0,0
368753,0,0
-69061,0,0
-551675,0,0
-477007,0,0
-607068,0,0
-560866,0,0
-63729,0,0
270237,0,0
397491,0,0
297232,0,0
-75369,0,0
-415613,0,0
-523430,0,0
-732540,0,0
-627315,0,0
-287793,0,0
54812,0,0
338052,0,0
285743,0,0
-44579,0,0
-360196,0,0
-657493,0,0
-786392,0,0
-593396,0,0
-435697,0,0
-30019,0,0
327240,0,0
282359,0,0
184078,0,0
-103034,0,0
-551750,0,0
-591393,0,0
-560855,0,0
-536181,0,0
-13092,0,0
370935,0,0
383051,0,0
324969,0,0
-88444,0,0
-579170,0,0
-473026,0,0
-555138,0,0
-489761,0,0
86849,0,0
387355,0,0
485349,0,0
416130,0,0
-33332,0,0
-399236,0,0
-154235,0,0
-277303,0,0
-104215,0,0
348805,0,0
539614,0,0
575400,0,0
326194,0,0
-94489,0,0
-295322,0,0
-468607,0,0
-653480,0,0
-320113,0,0
184843,0,0
416945,0,0
517046,0,0
210125,0,0
-242464,0,0
-462818,0,0
-582849,0,0
-588728,0,0
-220179,0,0
149414,0,0
515246,0,0
530981,0,0
118510,0,0
-173312,0,0
-428390,0,0
-664619,0,0
-552771,0,0
-343963,0,0
69655,0,0
452735,0,0
353536,0,0
105308,0,0
-214432,0,0
-584314,0,0
-652573,0,0
-535178,0,0
-353103,0,0
153136,0,0
490595,0,0
368516,0,0
103049,0,0
-183452,0,0
-637025,0,0
-536065,0,0
-575381,0,0
-471176,0,0
108074,0,0
342745,0,0
307366,0,0
102117,0,0
-345306,0,0
-687186,0,0
-549854,0,0
-663971,0,0
-477049,0,0
92540,0,0
251336,0,0
365819,0,0
229253,0,0
-238095,0,0
-552674,0,0
-615497,0,0
-679812,0,0
-425281,0,0
67217,0,0
324737,0,0
499145,0,0
193250,0,0
-329606,0,0
-531134,0,0
-606171,0,0
-638699,0,0
-337150,0,0
66127,0,0
368286,0,0
568697,0,0
240186,0,0
-174649,0,0
-170213,0,0
-529388,0,0
-504976,0,0
-233049,0,0
153629,0,0
519531,0,0
481739,0,0
99969,0,0
-261830,0,0
-564541,0,0
-718917,0,0
-565921,0,0
-374338,0,0
77829,0,0
487814,0,0
427392,0,0
77199,0,0
-314235,0,0
-595724,0,0
-639856,0,0
-601377,0,0
-396044,0,0
144588,0,0
377308,0,0
301502,0,0
89132,0,0
-288891,0,0
-644968,0,0
-581484,0,0
-664995,0,0
-485661,0,0
42129,0,0
286073,0,0
395916,0,0
240877,0,0
-246492,0,0
-598806,0,0
-582253,0,0
-658339,0,0
-368239,0,0
183174,0,0
394413,0,0
517108,0,0
367056,0,0
-258995,0,0
-475063,0,0
-589809,0,0
-656688,0,0
-362018,0,0
72931,0,0
357745,0,0
463876,0,0
98283,0,0
-369521,0,0
-442926,0,0
-636107,0,0
-709569,0,0
-404157,0,0
3759,0,0
339121,0,0
386567,0,0
122984,0,0
-217475,0,0
-480756,0,0
-737098,0,0
-646136,0,0
-432703,0,0
-108072,0,0
306374,0,0
328696,0,0
88289,0,0
-267328,0,0
-614359,0,0
-739453,0,0
-589559,0,0
-552422,0,0
-207740,0,0
232287,0,0
223193,0,0
242027,0,0
-16206,0,0
-488507,0,0
-633407,0,0
-667703,0,0
-646845,0,0
-233087,0,0
203235,0,0
294731,0,0
341683,0,0
-21575,0,0
-509516,0,0
-567493,0,0
-657587,0,0
-653015,0,0
-276900,0,0
138902,0,0
287538,0,0
385861,0,0
90885,0,0
-312757,0,0
-469435,0,0
-651797,0,0
-601866,0,0
-340111,0,0
20204,0,0
377774,0,0
385011,0,0
112920,0,0
-237341,0,0
-566136,0,0
-711522,0,0
-581107,0,0
-509661,0,0
-99897,0,0
306634,0,0
411478,0,0
240998,0,0
-120409,0,0
-550931,0,0
-631288,0,0
-626060,0,0
-551275,0,0
-3315,0,0
349860,0,0
370254,0,0
279588,0,0
-68365,0,0
-508545,0,0
-538676,0,0
-630436,0,0
-564538,0,0
-131590,0,0
223037,0,0
428530,0,0
410066,0,0
8041,0,0
-472268,0,0
-506173,0,0
-592797,0,0
-481546,0,0
-16440,0,0
304923,0,0
541752,0,0
399365,0,0
-84823,0,0
-401254,0,0
-527438,0,0
-617277,0,0
-498064,0,0
-163142,0,0
206175,0,0
384529,0,0
230713,0,0
-67904,0,0
-348200,0,0
-645120,0,0
-707660,0,0
-587062,0,0
-297883,0,0
160823,0,0
384192,0,0
275790,0,0
84807,0,0
-298089,0,0
-670930,0,0
-619050,0,0
-662304,0,0
-511539,0,0
58394,0,0
354795,0,0
327328,0,0
133960,0,0
-312942,0,0
-680769,0,0
-561722,0,0
-640765,0,0
-575871,0,0
-28721,0,0
282555,0,0
405281,0,0
245391,0,0
-138940,0,0
-446358,0,0
-521669,0,0
-644802,0,0
-513085,0,0
-60613,0,0
241230,0,0
426379,0,0
226246,0,0
-127393,0,0
-406047,0,0
-602539,0,0
-662240,0,0
-526661,0,0
-210905,0,0
124361,0,0
456876,0,0
345359,0,0
43246,0,0
-295798,0,0
-665648,0,0
-657017,0,0
-645839,0,0
-392056,0,0
129704,0,0
350212,0,0
241973,0,0
136578,0,0
-279336,0,0
-664999,0,0
-597533,0,0
-674744,0,0
-490774,0,0
16553,0,0
227437,0,0
324052,0,0
272835,0,0
-138602,0,0
-514297,0,0
-629618,0,0
-700678,0,0
-418479,0,0
11473,0,0
264214,0,0
388645,0,0
297915,0,0
-114403,0,0
-447879,0,0
-629327,0,0
-668151,0,0
-521216,0,0
-273405,0,0
137138,0,0
415969,0,0
397433,0,0
48813,0,0
-331117,0,0
-624224,0,0
-640311,0,0
-550465,0,0
-280721,0,0
209076,0,0
404627,0,0
381646,0,0
124256,0,0
-262801,0,0
-584344,0,0
-570528,0,0
-636168,0,0
-472523,0,0
95409,0,0
351442,0,0
449919,0,0
244821,0,0
-255317,0,0
-647232,0,0
-584949,0,0
-621229,0,0
-394843,0,0
52371,0,0
328015,0,0
506041,0,0
251413,0,0
-241367,0,0
-459789,0,0
-521578,0,0
-678565,0,0
-485171,0,0
-66376,0,0
284892,0,0
444743,0,0
231826,0,0
-137156,0,0
-349355,0,0
-567187,0,0
-671231,0,0
-562954,0,0
-193165,0,0
284082,0,0
424026,0,0
335979,0,0
83247,0,0
-320072,0,0
-670824,0,0
-594623,0,0
-569615,0,0
-290273,0,0
236857,0,0
344824,0,0
331632,0,0
45296,0,0
-402051,0,0
-625289,0,0
-568094,0,0
-585353,0,0
-394219,0,0
156913,0,0
338248,0,0
438293,0,0
218519,0,0
-252939,0,0
-523494,0,0
-550395,0,0
-652078,0,0
-373644,0,0
145658,0,0
329359,0,0
447109,0,0
174310,0,0
-259092,0,0
-481712,0,0
-657873,0,0
-615688,0,0
-413755,0,0
33945,0,0
291143,0,0
458053,0,0
254418,0,0
-102609,0,0
-295771,0,0
-587185,0,0
-583055,0,0
-475469,0,0
-2262,0,0
373470,0,0
433080,0,0
246909,0,0
-118780,0,0
-502872,0,0
-688869,0,0
-570440,0,0
-611395,0,0
-138901,0,0
276538,0,0
370075,0,0
266402,0,0
-35046,0,0
-496623,0,0
-645148,0,0
-618592,0,0
-675304,0,0
-240681,0,0
152704,0,0
300736,0,0
303653,0,0
71026,0,0
-413662,0,0
-590878,0,0
-676875,0,0
-682288,0,0
-482939,0,0
-83929,0,0
244965,0,0
343059,0,0
240896,0,0
-206098,0,0
-487448,0,0
-643206,0,0
-665958,0,0
-535746,0,0
-81601,0,0
328491,0,0
366467,0,0
272705,0,0
-81728,0,0
-430124,0,0
-661174,0,0
-588627,0,0
-629606,0,0
-210528,0,0
251872,0,0
315876,0,0
360553,0,0
69487,0,0
-421024,0,0
-631240,0,0
-578956,0,0
-613873,0,0
-222570,0,0
167589,0,0
386111,0,0
495686,0,0
155202,0,0
-373283,0,0
-523376,0,0
-533272,0,0
-625430,0,0
-336448,0,0
55461,0,0
332902,0,0
443253,0,0
125181,0,0
-253889,0,0
-421378,0,0
-594627,0,0
-676861,0,0
-407932,0,0
38041,0,0
391874,0,0
390658,0,0
270494,0,0
-30707,0,0
-371323,0,0
-626881,0,0
-576059,0,0
-418345,0,0
-1686,0,0
440013,0,0
386162,0,0
259919,0,0
-72835,0,0
-469187,0,0
-596957,0,0
-518586,0,0
-433416,0,0
-63017,0,0
419136,0,0
491916,0,0
396837,0,0
91320,0,0
-491131,0,0
-546769,0,0
-590424,0,0
-493186,0,0
-18785,0,0
391306,0,0
427010,0,0
319415,0,0
-130693,0,0
-556159,0,0
-617982,0,0
-612591,0,0
-542764,0,0
-140839,0,0
242573,0,0
420129,0,0
417386,0,0
-22622,0,0
-450040,0,0
-556370,0,0
-607308,0,0
-426568,0,0
-42104,0,0
332674,0,0
474996,0,0
344797,0,0
-55902,0,0
-346363,0,0
-495575,0,0
-581338,0,0
-481502,0,0
-173057,0,0
290556,0,0
488147,0,0
376076,0,0
-19483,0,0
-342217,0,0
-581181,0,0
-560997,0,0
-461700,0,0
-7042,0,0
559977,0,0
659659,0,0
337101,0,0
7047,0,0
-429769,0,0
-631238,0,0
-497868,0,0
-485844,0,0
-14920,0,0
377639,0,0
344801,0,0
298476,0,0
-6755,0,0
-519284,0,0
-628443,0,0
-419379,0,0
-437417,0,0
47562,0,0
342225,0,0
454357,0,0
378012,0,0
118292,0,0
-493821,0,0
-533256,0,0
-537294,0,0
-468004,0,0
59101,0,0
290227,0,0
459001,0,0
227128,0,0
-229424,0,0
-550663,0,0
-466332,0,0
-530079,0,0
-462022,0,0
70737,0,0
308754,0,0
513678,0,0
360170,0,0
-165178,0,0
-521099,0,0
-597251,0,0
-646517,0,0
-454499,0,0
39558,0,0
302346,0,0
425800,0,0
70803,0,0
-305731,0,0
-497238,0,0
-686483,0,0
-657190,0,0
-537530,0,0
-65983,0,0
186429,0,0
380350,0,0
212835,0,0
-102231,0,0
-430841,0,0
-687530,0,0
-604112,0,0
-541988,0,0
-99232,0,0
279356,0,0
371548,0,0
232031,0,0
-107782,0,0
-490665,0,0
-697206,0,0
-571396,0,0
-617477,0,0
-186681,0,0
197568,0,0
399958,0,0
320288,0,0
8254,0,0
-493976,0,0
-632627,0,0
-708734,0,0
-592114,0,0
-60880,0,0
235446,0,0
301011,0,0
316656,0,0
5977,0,0
-492713,0,0
-581929,0,0
-692067,0,0
-643781,0,0
-342807,0,0
59767,0,0
361365,0,0
336114,0,0
58321,0,0
-458159,0,0
-579496,0,0
-664777,0,0
-557319,0,0
-366740,0,0
99305,0,0
480686,0,0
375097,0,0
114324,0,0
-268058,0,0
-553391,0,0
-649350,0,0
-566738,0,0
-485349,0,0
51994,0,0
436025,0,0
322492,0,0
189628,0,0
-182311,0,0
-577290,0,0
-701622,0,0
-609480,0,0
-444426,0,0
94089,0,0
323636,0,0
394487,0,0
288532,0,0
-142063,0,0
-583450,0,0
-612543,0,0
-658863,0,0
-520910,0,0
15191,0,0
251074,0,0
393214,0,0
255128,0,0
-214953,0,0
-574640,0,0
-584978,0,0
-625556,0,0
-563544,0,0
-83123,0,0
269014,0,0
482944,0,0
288815,0,0
-69544,0,0
-420524,0,0
-556947,0,0
-619294,0,0
-542037,0,0
-67372,0,0
280006,0,0
521079,0,0
234610,0,0
-59274,0,0
-372223,0,0
-533847,0,0
-527644,0,0
-476965,0,0
-124814,0,0
253442,0,0
550450,0,0
401210,0,0
76537,0,0
-166961,0,0
-493533,0,0
-533007,0,0
-512063,0,0
-12635,0,0
399423,0,0
435849,0,0
299007,0,0
-59124,0,0
-492326,0,0
-639142,0,0
-607161,0,0
-666484,0,0
-125317,0,0
290829,0,0
423833,0,0
301954,0,0
-64063,0,0
-516389,0,0
-618599,0,0
-672632,0,0
-548101,0,0
-40619,0,0
303162,0,0
448244,0,0
336861,0,0
-17356,0,0
-478650,0,0
-542962,0,0
-642738,0,0
-562017,0,0
-120470,0,0
253789,0,0
592328,0,0
418857,0,0
-19853,0,0
-475493,0,0
-572258,0,0
-629022,0,0
-433226,0,0
-75822,0,0
320461,0,0
554770,0,0
308349,0,0
-100237,0,0
-415817,0,0
-591350,0,0
-705763,0,0
-595921,0,0
-274896,0,0
240183,0,0
363460,0,0
171326,0,0
-71725,0,0
-422489,0,0
-636151,0,0
-723297,0,0
-628023,0,0
-337769,0,0
203732,0,0
335306,0,0
345683,0,0
128413,0,0
-344104,0,0
-674708,0,0
-630188,0,0
-605813,0,0
-319950,0,0
201470,0,0
343609,0,0
409528,0,0
67881,0,0
-407692,0,0
-614800,0,0
-596114,0,0
-555590,0,0
-330106,0,0
207315,0,0
386632,0,0
483879,0,0
193242,0,0
-316744,0,0
-536026,0,0
-590601,0,0
-615877,0,0
-340176,0,0
148014,0,0
378976,0,0
442078,0,0
30647,0,0
-372880,0,0
-527770,0,0
-690813,0,0
-601960,0,0
-424936,0,0
36751,0,0
295654,0,0
432772,0,0
170561,0,0
-212318,0,0
-523159,0,0
-625791,0,0
-527354,0,0
-422389,0,0
98029,0,0
398553,0,0
457112,0,0
172646,0,0
-230129,0,0
-610232,0,0
-627878,0,0
-529094,0,0
-525749,0,0
34002,0,0
372659,0,0
521442,0,0
248094,0,0
-150588,0,0
-533964,0,0
-567666,0,0
-578262,0,0
-339763,0,0
235248,0,0
437755,0,0
386084,0,0
188913,0,0
-170825,0,0
-528467,0,0
-511126,0,0
-626421,0,0
-401493,0,0
77500,0,0
302356,0,0
457314,0,0
207989,0,0
-204639,0,0
-540733,0,0
-542631,0,0
-628772,0,0
-343364,0,0
44806,0,0
375865,0,0
594970,0,0
238897,0,0
-253108,0,0
-483442,0,0
-529885,0,0
-594259,0,0
-314365,0,0
13189,0,0
359632,0,0
408069,0,0
58483,0,0
-307766,0,0
-483058,0,0
-591075,0,0
-646140,0,0
-326818,0,0
103457,0,0
503602,0,0
482494,0,0
169075,0,0
-214233,0,0
-540910,0,0
-635081,0,0
-632035,0,0
-341695,0,0
90561,0,0
456979,0,0
281318,0,0
105882,0,0
-275072,0,0
-613036,0,0
-629021,0,0
-551505,0,0
-362575,0,0
-13031,0,0
351796,0,0
368969,0,0
244991,0,0
-169113,0,0
-582124,0,0
-589452,0,0
-629152,0,0
-336347,0,0
130635,0,0
386870,0,0
370847,0,0
164534,0,0
-301947,0,0
-598428,0,0
-609319,0,0
-738625,0,0
-387764,0,0
52739,0,0
360383,0,0
396769,0,0
223076,0,0
-225632,0,0
-549571,0,0
-605346,0,0
-640512,0,0
-289972,0,0
74506,0,0
399804,0,0
415516,0,0
183738,0,0
-237354,0,0
-479640,0,0
-665947,0,0
-616536,0,0
-425342,0,0
15455,0,0
467409,0,0
452073,0,0
198568,0,0
-240587,0,0
-479813,0,0
-618982,0,0
-512459,0,0
-326972,0,0
155904,0,0
615038,0,0
564274,0,0
168530,0,0
-171838,0,0
-410260,0,0
-631901,0,0
-518240,0,0
-385288,0,0
180201,0,0
439651,0,0
264328,0,0
106181,0,0
-296213,0,0
-612410,0,0
-645721,0,0
-615355,0,0
-353434,0,0
225474,0,0
424134,0,0
454068,0,0
208312,0,0
-270309,0,0
-649631,0,0
-646118,0,0
-570864,0,0
-269112,0,0
189937,0,0
304309,0,0
376425,0,0
83364,0,0
-372449,0,0
-584542,0,0
-576954,0,0
-564546,0,0
-343695,0,0
176983,0,0
402659,0,0
513215,0,0
170724,0,0
-378456,0,0
-510170,0,0
-642992,0,0
-613045,0,0
-281217,0,0
188012,0,0
418487,0,0
405662,0,0
-82764,0,0
-439077,0,0
-592484,0,0
-698113,0,0
-542697,0,0
-366607,0,0
94756,0,0
311328,0,0
376422,0,0
78061,0,0
-313001,0,0
-522406,0,0
-648373,0,0
-558437,0,0
-364883,0,0
144243,0,0
412348,0,0
354542,0,0
87335,0,0
-302047,0,0
-617905,0,0
-642941,0,0
-586852,0,0
-492098,0,0
106218,0,0
382523,0,0
402879,0,0
76160,0,0
-300290,0,0
-632278,0,0
-603005,0,0
-641908,0,0
-419324,0,0
66097,0,0
224107,0,0
354491,0,0
170029,0,0
-207433,0,0
-617935,0,0
-641358,0,0
-779735,0,0
-549740,0,0
-116969,0,0
153977,0,0
412678,0,0
253143,0,0
-155463,0,0
-566369,0,0
-615284,0,0
-665615,0,0
-484692,0,0
-191828,0,0
172752,0,0
474576,0,0
265667,0,0
-51708,0,0
-416178,0,0
-592581,0,0
-664512,0,0
-577715,0,0
-258012,0,0
260233,0,0
368307,0,0
191767,0,0
12306,0,0
-382487,0,0
-607191,0,0
-696160,0,0
-633282,0,0
-357834,0,0
240573,0,0
412762,0,0
412546,0,0
143092,0,0
-402774,0,0
-661237,0,0
-639302,0,0
-612629,0,0
-314353,0,0
174019,0,0
248559,0,0
370745,0,0
101458,0,0
-307394,0,0
-554633,0,0
-611953,0,0
-605123,0,0
-468070,0,0
36549,0,0
336453,0,0
620914,0,0
266351,0,0
-221336,0,0
-514349,0,0
-628534,0,0
-590345,0,0
-350279,0,0
139107,0,0
418547,0,0
464166,0,0
78285,0,0
-226954,0,0
-459330,0,0
-651145,0,0
-525414,0,0
-428274,0,0
119013,0,0
398648,0,0
493653,0,0
192568,0,0
-176309,0,0
-486096,0,0
-570380,0,0
-395127,0,0
-380372,0,0
178960,0,0
480254,0,0
429059,0,0
152987,0,0
-196735,0,0
-534637,0,0
-640732,0,0
-601399,0,0
-467682,0,0
153595,0,0
368363,0,0
402202,0,0
144444,0,0
-213573,0,0
-586093,0,0
-593501,0,0
-646297,0,0
-392031,0,0
200232,0,0
294774,0,0
403215,0,0
173035,0,0
-222135,0,0
-562186,0,0
-546815,0,0
-748567,0,0
-459505,0,0
37669,0,0
285907,0,0
508282,0,0
157592,0,0
-246992,0,0
-577268,0,0
-596845,0,0
-640248,0,0
-396421,0,0
-63308,0,0
274283,0,0
588565,0,0
236879,0,0
-178664,0,0
-507282,0,0
-588870,0,0
-685637,0,0
-530284,0,0
-192735,0,0
337707,0,0
438258,0,0
144743,0,0
-90591,0,0
-473387,0,0
-596999,0,0
-648579,0,0
-535488,0,0
-140492,0,0
399949,0,0
406072,0,0
374111,0,0
52904,0,0
-430974,0,0
-609705,0,0
-593398,0,0
-513076,0,0
-105430,0,0
378660,0,0
317013,0,0
377869,0,0
12962,0,0
-466249,0,0
-537654,0,0
-612725,0,0
-532743,0,0
-125721,0,0
331637,0,0
434622,0,0
490938,0,0
80826,0,0
-460491,0,0
-530020,0,0
-631579,0,0
-456115,0,0
-45423,0,0
298566,0,0
433283,0,0
314307,0,0
-135736,0,0
-475348,0,0
-563245,0,0
-702301,0,0
-518004,0,0
-203872,0,0
247948,0,0
406914,0,0
349435,0,0
-15528,0,0
-414908,0,0
-610766,0,0
-613205,0,0
-458702,0,0
-197072,0,0
300928,0,0
444145,0,0
323501,0,0
-48199,0,0
-385890,0,0
-612879,0,0
-577128,0,0
-553157,0,0
-248627,0,0
340337,0,0
407635,0,0
348120,0,0
-21050,0,0
-354156,0,0
-567685,0,0
-464904,0,0
-547482,0,0
-138478,0,0
492248,0,0
450727,0,0
394458,0,0
25956,0,0
-416429,0,0
-602347,0,0
-557365,0,0
-670717,0,0
-122167,0,0
289457,0,0
306096,0,0
406903,0,0
-9187,0,0
-469108,0,0
-642904,0,0
-640667,0,0
-600288,0,0
-78846,0,0
197368,0,0
436285,0,0
486974,0,0
-11202,0,0
-450113,0,0
-594978,0,0
-629403,0,0
-601110,0,0
-161477,0,0
109899,0,0
455438,0,0
357974,0,0
-50625,0,0
-368579,0,0
-548293,0,0
-592155,0,0
-604635,0,0
-260849,0,0
138185,0,0
531018,0,0
398178,0,0
82162,0,0
-339833,0,0
-603003,0,0
-606295,0,0
-550304,0,0
-185265,0,0
249294,0,0
426227,0,0
199957,0,0
51011,0,0
-366681,0,0
-651388,0,0
-546410,0,0
-584261,0,0
-257106,0,0
172131,0,0
484261,0,0
384268,0,0
125774,0,0
-310880,0,0
-584384,0,0
-506109,0,0
-635265,0,0
-127778,0,0
254506,0,0
406215,0,0
379913,0,0
43391,0,0
-451714,0,0
-569105,0,0
-625335,0,0
-741811,0,0
-223906,0,0
180320,0,0
454468,0,0
358922,0,0
14242,0,0
-460265,0,0
-621061,0,0
-700339,0,0
-625912,0,0
-137035,0,0
84663,0,0
362655,0,0
354526,0,0
28528,0,0
-428894,0,0
-603519,0,0
-726517,0,0
-619231,0,0
-441336,0,0
-60521,0,0
422435,0,0
307190,0,0
93485,0,0
-324208,0,0
-525347,0,0
-664463,0,0
-536253,0,0
-537547,0,0
-16512,0,0
512932,0,0
317067,0,0
221912,0,0
-211393,0,0
-514740,0,0
-608452,0,0
-573365,0,0
-616823,0,0
-25545,0,0
279142,0,0
249190,0,0
370092,0,0
-101008,0,0
-482768,0,0
-662745,0,0
-626007,0,0
-559535,0,0
-53331,0,0
193605,0,0
381005,0,0
418595,0,0
-85338,0,0
-469638,0,0
-623233,0,0
-636420,0,0
-564646,0,0
-122554,0,0
142423,0,0
456221,0,0
329768,0,0
-78204,0,0
-400697,0,0
-544974,0,0
-586902,0,0
-583246,0,0
-230753,0,0
209282,0,0
692172,0,0
503971,0,0
77740,0,0
-347580,0,0
-631824,0,0
-603946,0,0
-517466,0,0
-150507,0,0
320210,0,0
496080,0,0
191176,0,0
44963,0,0
-343162,0,0
-630436,0,0
-551757,0,0
-640690,0,0
-223243,0,0
255591,0,0
420218,0,0
343659,0,0
62472,0,0
-474397,0,0
-582030,0,0
-501788,0,0
-666578,0,0
-189473,0,0
247487,0,0
474934,0,0
383314,0,0
45866,0,0
-459988,0,0
-613545,0,0
-621511,0,0
-684021,0,0
-135521,0,0
207462,0,0
398221,0,0
376525,0,0
73299,0,0
-395876,0,0
-530722,0,0
-629960,0,0
-564564,0,0
-117856,0,0
97960,0,0
419354,0,0
398733,0,0
65435,0,0
-371595,0,0
-562705,0,0
-752337,0,0
-568732,0,0
-314702,0,0
5562,0,0
453577,0,0
371471,0,0
61255,0,0
-384348,0,0
-552648,0,0
-665847,0,0
-471335,0,0
-405371,0,0
86151,0,0
485818,0,0
210240,0,0
130439,0,0
-267354,0,0
-556015,0,0
-626609,0,0
-610152,0,0
-578472,0,0
56980,0,0
277664,0,0
151620,0,0
271214,0,0
-175991,0,0
-519644,0,0
-694062,0,0
-688418,0,0
-598608,0,0
-54031,0,0
152970,0,0
368826,0,0
375571,0,0
-156031,0,0
-488564,0,0
-631193,0,0
-680036,0,0
-613157,0,0
-211138,0,0
69695,0,0
420075,0,0
331743,0,0
-77977,0,0
-368079,0,0
-598252,0,0
-662684,0,0
-655593,0,0
-372195,0,0
56105,0,0
588130,0,0
335736,0,0
73172,0,0
-318303,0,0
-633847,0,0
-602038,0,0
-616934,0,0
-427661,0,0
96264,0,0
398476,0,0
228837,0,0
254583,0,0
-177205,0,0
-576403,0,0
-558376,0,0
-646108,0,0
-419933,0,0
73871,0,0
384546,0,0
412519,0,0
317983,0,0
-217176,0,0
-536258,0,0
-441294,0,0
-622466,0,0
-349298,0,0
48019,0,0
333635,0,0
434449,0,0
270242,0,0
-207086,0,0
-463995,0,0
-557233,0,0
-711848,0,0
-389255,0,0
-89178,0,0
287014,0,0
436533,0,0
296615,0,0
-117133,0,0
-451145,0,0
-622419,0,0
-565473,0,0
-346644,0,0
-173564,0,0
311639,0,0
483252,0,0
306749,0,0
-40427,0,0
-400994,0,0
-685285,0,0
-579569,0,0
-570379,0,0
-262745,0,0
391290,0,0
434127,0,0
390804,0,0
45,0,0
-362662,0,0
-593460,0,0
-501912,0,0
-634611,0,0
-140752,0,0
541655,0,0
431022,0,0
408763,0,0
32624,0,0
-396564,0,0
-584310,0,0
-576837,0,0
-677049,0,0
-81722,0,0
308145,0,0
258339,0,0
432991,0,0
-13868,0,0
-423258,0,0
-610108,0,0
-600106,0,0
-575771,0,0
-12841,0,0
164867,0,0
412713,0,0
483865,0,0
-11951,0,0
-388195,0,0
-594634,0,0
-645252,0,0
-484237,0,0
-65197,0,0
128294,0,0
483964,0,0
325998,0,0
-52694,0,0
-358894,0,0
-557703,0,0
-572737,0,0
-543234,0,0
-187073,0,0
245539,0,0
668934,0,0
378834,0,0
-44609,0,0
-421508,0,0
-618438,0,0
-550775,0,0
-547483,0,0
-164751,0,0
311425,0,0
435322,0,0
174639,0,0
23493,0,0
-390837,0,0
-681614,0,0
-585574,0,0
-620001,0,0
-202268,0,0
262923,0,0
409024,0,0
320645,0,0
63455,0,0
-436517,0,0
-593387,0,0
-424240,0,0
-614621,0,0
-78393,0,0
285938,0,0
412571,0,0
393101,0,0
3228,0,0
-487522,0,0
-545608,0,0
-591169,0,0
-669577,0,0
-77545,0,0
215666,0,0
384266,0,0
386122,0,0
51100,0,0
-415954,0,0
-504083,0,0
-639345,0,0
-581853,0,0
-14417,0,0
164856,0,0
440042,0,0
341560,0,0
-28957,0,0
-419549,0,0
-553164,0,0
-790126,0,0
-601458,0,0
-255780,0,0
44611,0,0
510188,0,0
313993,0,0
-21909,0,0
-415111,0,0
-590408,0,0
-684399,0,0
-530176,0,0
-435357,0,0
53126,0,0
470686,0,0
196898,0,0
132637,0,0
-259574,0,0
-559434,0,0
-603392,0,0
-627338,0,0
-568197,0,0
72487,0,0
335672,0,0
263432,0,0
311144,0,0
-170758,0,0
-521359,0,0
-622383,0,0
-603036,0,0
-444314,0,0
288175,0,0
352605,0,0
416728,0,0
288367,0,0
-221306,0,0
-532533,0,0
-590553,0,0
-648631,0,0
-445708,0,0
31441,0,0
129841,0,0
442325,0,0
243112,0,0
-208096,0,0
-445816,0,0
-620988,0,0
-673066,0,0
-587418,0,0
-192350,0,0
202408,0,0
616044,0,0
249985,0,0
-110330,0,0
-426475,0,0
-707990,0,0
-609976,0,0
-567838,0,0
-233022,0,0
206314,0,0
391936,0,0
209775,0,0
63813,0,0
-378743,0,0
-742934,0,0
-588383,0,0
-609596,0,0
-318777,0,0
100516,0,0
336196,0,0
317296,0,0
164585,0,0
-344545,0,0
-615493,0,0
-497515,0,0
-706029,0,0
-380464,0,0
33145,0,0
265401,0,0
366597,0,0
195839,0,0
-280210,0,0
-501754,0,0
-571238,0,0
-788482,0,0
-439896,0,0
-118010,0,0
282717,0,0
433829,0,0
273381,0,0
-143475,0,0
-443364,0,0
-648145,0,0
-609675,0,0
-394915,0,0
-195345,0,0
285476,0,0
458336,0,0
267179,0,0
-15722,0,0
-392255,0,0
-729245,0,0
-586198,0,0
-593396,0,0
-360233,0,0
283018,0,0
337603,0,0
306165,0,0
58714,0,0
-349252,0,0
-618606,0,0
-510775,0,0
-648097,0,0
-347831,0,0
239938,0,0
258544,0,0
418342,0,0
166439,0,0
-275012,0,0
-550820,0,0
-600294,0,0
-789847,0,0
-351893,0,0
63446,0,0
201887,0,0
531473,0,0
170009,0,0
-212223,0,0
-543700,0,0
-613042,0,0
-670106,0,0
-425424,0,0
-174147,0,0
226680,0,0
572379,0,0
171124,0,0
-90132,0,0
-472117,0,0
-603751,0,0
-596039,0,0
-542469,0,0
-297835,0,0
279569,0,0
400971,0,0
282851,0,0
113361,0,0
-397347,0,0
-583652,0,0
-623371,0,0
-594269,0,0
-225136,0,0
464514,0,0
431131,0,0
380797,0,0
96899,0,0
-441803,0,0
-545701,0,0
-598181,0,0
-576753,0,0
-146509,0,0
275048,0,0
231834,0,0
432375,0,0
84891,0,0
-395104,0,0
-485219,0,0
-595621,0,0
-580716,0,0
-259687,0,0
141356,0,0
369437,0,0
538471,0,0
63336,0,0
-350487,0,0
-443217,0,0
-693069,0,0
-513659,0,0
-335646,0,0
33633,0,0
343840,0,0
384797,0,0
59476,0,0
-216811,0,0
-527739,0,0
-791611,0,0
-548327,0,0
-560154,0,0
-36017,0,0
370596,0,0
386608,0,0
176728,0,0
-135055,0,0
-604629,0,0
-620614,0,0
-464139,0,0
-637411,0,0
-55190,0,0
297298,0,0
340424,0,0
324754,0,0
-6944,0,0
-501753,0,0
-553749,0,0
-631567,0,0
-664986,0,0
-55443,0,0
208597,0,0
364700,0,0
394122,0,0
75338,0,0
-417713,0,0
-500149,0,0
-682123,0,0
-590664,0,0
-102678,0,0
89527,0,0
432733,0,0
420736,0,0
36370,0,0
-396076,0,0
-565094,0,0
-811795,0,0
-586491,0,0
-376983,0,0
-45540,0,0
484927,0,0
303454,0,0
95126,0,0
-296886,0,0
-604553,0,0
-686334,0,0
-485644,0,0
-552709,0,0
-91966,0,0
429323,0,0
264335,0,0
279166,0,0
-182499,0,0
-574304,0,0
-644420,0,0
-608680,0,0
-664033,0,0
-54091,0,0
262794,0,0
222861,0,0
411591,0,0
-85715,0,0
-485081,0,0
-635342,0,0
-629055,0,0
-575937,0,0
-51600,0,0
155678,0,0
396728,0,0
432267,0,0
-76987,0,0
-398697,0,0
-604390,0,0
-645144,0,0
-512992,0,0
-206365,0,0
48852,0,0
429526,0,0
333592,0,0
24529,0,0
-238530,0,0
-537627,0,0
-551788,0,0
-573187,0,0
-361154,0,0
88179,0,0
613744,0,0
372156,0,0
126897,0,0
-214596,0,0
-558002,0,0
-493039,0,0
-550753,0,0
-393071,0,0
155590,0,0
454295,0,0
228481,0,0
274189,0,0
-169705,0,0
-647010,0,0
-487807,0,0
-656647,0,0
-445161,0,0
63451,0,0
352318,0,0
385809,0,0
316752,0,0
-244583,0,0
-538183,0,0
-483707,0,0
-722958,0,0
-406354,0,0
58382,0,0
321611,0,0
474548,0,0
280698,0,0
-202193,0,0
-430867,0,0
-586789,0,0
-702670,0,0
-318299,0,0
-26049,0,0
368498,0,0
552623,0,0
327031,0,0
-100176,0,0
-342304,0,0
-533569,0,0
-515779,0,0
-76657,0,0
25298,0,0
508221,0,0
573268,0,0
289067,0,0
-139508,0,0
-416044,0,0
-676988,0,0
-516380,0,0
-324859,0,0
29813,0,0
648284,0,0
526357,0,0
165833,0,0
-273420,0,0
-501570,0,0
-562853,0,0
-246448,0,0
-336635,0,0
174198,0,0
685475,0,0
402801,0,0
139563,0,0
-324613,0,0
-604325,0,0
-612811,0,0
-538170,0,0
-400286,0,0
274791,0,0
488588,0,0
287254,0,0
132346,0,0
-379448,0,0
-547455,0,0
-565273,0,0
-566706,0,0
-324666,0,0
417575,0,0
432628,0,0
436354,0,0
135584,0,0
-419535,0,0
-538245,0,0
-581010,0,0
-591475,0,0
-195808,0,0
242900,0,0
225046,0,0
436886,0,0
82626,0,0
-463217,0,0
-543143,0,0
-671452,0,0
-584697,0,0
-182252,0,0
215264,0,0
399811,0,0
475115,0,0
-34612,0,0
-452158,0,0
-472096,0,0
-693858,0,0
-515853,0,0
-185763,0,0
159337,0,0
457875,0,0
379375,0,0
-45923,0,0
-367120,0,0
-613044,0,0
-761551,0,0
-481015,0,0
-312159,0,0
184720,0,0
477215,0,0
369669,0,0
-4947,0,0
-369546,0,0
-672169,0,0
-626989,0,0
-359433,0,0
-317395,0,0
274393,0,0
494747,0,0
299094,0,0
30584,0,0
-370808,0,0
-726086,0,0
-570496,0,0
-554722,0,0
-322748,0,0
383939,0,0
466175,0,0
355265,0,0
41034,0,0
-362203,0,0
-593120,0,0
-374269,0,0
-567974,0,0
-189062,0,0
483460,0,0
336753,0,0
430522,0,0
51340,0,0
-452380,0,0
-627101,0,0
-626458,0,0
-707992,0,0
-111808,0,0
258317,0,0
260717,0,0
468407,0,0
-46384,0,0
-448069,0,0
-647601,0,0
-648529,0,0
-642624,0,0
-78437,0,0
156150,0,0
434860,0,0
412869,0,0
-112281,0,0
-436041,0,0
-640687,0,0
-691733,0,0
-569439,0,0
-171281,0,0
34097,0,0
422982,0,0
362209,0,0
-56763,0,0
-338580,0,0
-631044,0,0
-685800,0,0
-615043,0,0
-302103,0,0
167781,0,0
558910,0,0
282908,0,0
-10495,0,0
-319648,0,0
-675177,0,0
-636696,0,0
-588436,0,0
-341163,0,0
144947,0,0
374378,0,0
161062,0,0
122130,0,0
-283255,0,0
-682433,0,0
-546680,0,0
-691530,0,0
-447518,0,0
105268,0,0
331209,0,0
340885,0,0
186654,0,0
-324320,0,0
-567297,0,0
-437448,0,0
-728752,0,0
-382175,0,0
84002,0,0
276192,0,0
403597,0,0
216270,0,0
-299779,0,0
-522733,0,0
-635606,0,0
-766508,0,0
-379337,0,0
-37417,0,0
309984,0,0
421124,0,0
240311,0,0
-188510,0,0
-451443,0,0
-687954,0,0
-589201,0,0
-341754,0,0
-177723,0,0
348127,0,0
506971,0,0
214762,0,0
-145246,0,0
-487086,0,0
-761437,0,0
-577461,0,0
-506455,0,0
-235273,0,0
401335,0,0
359216,0,0
235283,0,0
-54068,0,0
-438366,0,0
-643622,0,0
-500472,0,0
-661412,0,0
-233209,0,0
384551,0,0
237815,0,0
345248,0,0
-18580,0,0
-486844,0,0
-632512,0,0
-642138,0,0
-724926,0,0
-218111,0,0
186510,0,0
206295,0,0
462353,0,0
16895,0,0
-385088,0,0
-611125,0,0
-653036,0,0
-643142,0,0
-226608,0,0
68313,0,0
400501,0,0
513813,0,0
22730,0,0
-317990,0,0
-581938,0,0
-678511,0,0
-563755,0,0
-288616,0,0
-26265,0,0
436282,0,0
410491,0,0
106768,0,0
-164931,0,0
-551698,0,0
-615810,0,0
-557566,0,0
-411101,0,0
21401,0,0
551789,0,0
376158,0,0
164548,0,0
-152139,0,0
-661568,0,0
-614449,0,0
-601230,0,0
-516314,0,0
23771,0,0
297229,0,0
104469,0,0
232875,0,0
-136366,0,0
-648486,0,0
-569119,0,0
-726012,0,0
-661952,0,0
-165074,0,0
186966,0,0
281680,0,0
347177,0,0
-163271,0,0
-503647,0,0
-545326,0,0
-780095,0,0
-582085,0,0
-247706,0,0
79888,0,0
396771,0,0
382650,0,0
-16418,0,0
-339674,0,0
-627097,0,0
-753578,0,0
-461819,0,0
-377808,0,0
91805,0,0
433827,0,0
408958,0,0
107343,0,0
-203250,0,0
-600221,0,0
-583577,0,0
-403305,0,0
-396820,0,0
180991,0,0
443729,0,0
368199,0,0
205556,0,0
-207148,0,0
-686597,0,0
-591601,0,0
-626291,0,0
-512521,0,0
160921,0,0
302945,0,0
319199,0,0
241549,0,0
-201520,0,0
-583213,0,0
-516174,0,0
-731156,0,0
-619731,0,0
-20422,0,0
134803,0,0
365714,0,0
281241,0,0
-188037,0,0
-561009,0,0
-681129,0,0
-754353,0,0
-568077,0,0
-311838,0,0
-50388,0,0
442345,0,0
263949,0,0
13163,0,0
-364756,0,0
-611632,0,0
-670665,0,0
-561297,0,0
-499905,0,0
39940,0,0
499634,0,0
266686,0,0
190533,0,0
-241492,0,0
-563705,0,0
-576657,0,0
-615116,0,0
-584288,0,0
35482,0,0
275813,0,0
257757,0,0
395213,0,0
-116095,0,0
-500531,0,0
-616218,0,0
-632635,0,0
-551944,0,0
33582,0,0
229419,0,0
370710,0,0
338264,0,0
-134959,0,0
-405045,0,0
-586369,0,0
-676891,0,0
-534895,0,0
-201994,0,0
6840,0,0
414420,0,0
359314,0,0
-6035,0,0
-270847,0,0
-593720,0,0
-605005,0,0
-580222,0,0
-364652,0,0
106505,0,0
552428,0,0
380754,0,0
127598,0,0
-153074,0,0
-626797,0,0
-529361,0,0
-525374,0,0
-345680,0,0
189872,0,0
457339,0,0
355344,0,0
291877,0,0
-170475,0,0
-601939,0,0
-429575,0,0
-531428,0,0
-349688,0,0
226732,0,0
466023,0,0
486152,0,0
301228,0,0
-222702,0,0
-497188,0,0
-374236,0,0
-610064,0,0
-253188,0,0
156034,0,0
310760,0,0
453389,0,0
199844,0,0
-343703,0,0
-507546,0,0
-603228,0,0
-729693,0,0
-383973,0,0
-62040,0,0
267694,0,0
433054,0,0
184487,0,0
-223938,0,0
-423729,0,0
-675926,0,0
-602234,0,0
-418417,0,0
-212590,0,0
309775,0,0
491128,0,0
266322,0,0
-100174,0,0
-458290,0,0
-782151,0,0
-550722,0,0
-489840,0,0
-177846,0,0
503844,0,0
485578,0,0
304789,0,0
-22782,0,0
-434027,0,0
-594082,0,0
-311209,0,0
-493838,0,0
-28095,0,0
508028,0,0
400563,0,0
366881,0,0
-54214,0,0
-467019,0,0
-481761,0,0
-528895,0,0
-577487,0,0
76370,0,0
389995,0,0
373377,0,0
417715,0,0
-60397,0,0
-444035,0,0
-542610,0,0
-578465,0,0
-455371,0,0
249785,0,0
388650,0,0
441745,0,0
310178,0,0
-195142,0,0
-443547,0,0
-555037,0,0
-667454,0,0
-414247,0,0
31503,0,0
161743,0,0
466179,0,0
248516,0,0
-247065,0,0
-419555,0,0
-620612,0,0
-653292,0,0
-445505,0,0
-34997,0,0
339421,0,0
524731,0,0
205505,0,0
-152083,0,0
-235821,0,0
-660148,0,0
-544964,0,0
-434753,0,0
-92157,0,0
365342,0,0
453143,0,0
179340,0,0
-92438,0,0
-483250,0,0
-734182,0,0
-500124,0,0
-569938,0,0
-127033,0,0
325218,0,0
390164,0,0
240894,0,0
-53899,0,0
-530556,0,0
-653249,0,0
-536475,0,0
-675198,0,0
-114549,0,0
320079,0,0
284149,0,0
282187,0,0
-81551,0,0
-644129,0,0
-606190,0,0
-682853,0,0
-708747,0,0
-135924,0,0
182673,0,0
305107,0,0
378286,0,0
-7702,0,0
-452024,0,0
-443360,0,0
-676302,0,0
-572231,0,0
-84659,0,0
116814,0,0
441819,0,0
436926,0,0
26536,0,0
-370146,0,0
-519790,0,0
-735815,0,0
-520255,0,0
-199798,0,0
133521,0,0
629840,0,0
372831,0,0
37210,0,0
-337707,0,0
-544298,0,0
-604310,0,0
-340387,0,0
-243731,0,0
219098,0,0
541223,0,0
273493,0,0
42711,0,0
-421767,0,0
-644921,0,0
-625224,0,0
-618634,0,0
-459372,0,0
116560,0,0
331992,0,0
268266,0,0
139071,0,0
-404055,0,0
-703579,0,0
-663149,0,0
-717853,0,0
-520074,0,0
119413,0,0
187601,0,0
321692,0,0
168838,0,0
-354009,0,0
-593781,0,0
-662736,0,0
-728276,0,0
-559135,0,0
-160943,0,0
58884,0,0
388059,0,0
274590,0,0
-165707,0,0
-411775,0,0
-713855,0,0
-704236,0,0
-565938,0,0
-248252,0,0
187871,0,0
481472,0,0
289035,0,0
-18418,0,0
-306655,0,0
-686616,0,0
-565145,0,0
-546563,0,0
-339909,0,0
220589,0,0
433542,0,0
292527,0,0
129038,0,0
-291814,0,0
-722209,0,0
-483046,0,0
-604626,0,0
-356177,0,0
184789,0,0
386251,0,0
404320,0,0
183077,0,0
-312046,0,0
-559299,0,0
-488919,0,0
-685701,0,0
-359766,0,0
120369,0,0
291935,0,0
422204,0,0
220043,0,0
-314186,0,0
-510224,0,0
-639674,0,0
-739805,0,0
-374165,0,0
-5156,0,0
286865,0,0
465711,0,0
214616,0,0
-143461,0,0
-335944,0,0
-627062,0,0
-577909,0,0
-391177,0,0
-188616,0,0
358084,0,0
496103,0,0
273908,0,0
-47983,0,0
-463461,0,0
-749133,0,0
-494411,0,0
-486610,0,0
-235889,0,0
357968,0,0
389682,0,0
287519,0,0
25971,0,0
-404864,0,0
-590615,0,0
-446269,0,0
-602373,0,0
-224452,0,0
301865,0,0
275385,0,0
393643,0,0
55519,0,0
-438789,0,0
-538594,0,0
-631873,0,0
-708640,0,0
-235095,0,0
169467,0,0
285984,0,0
541276,0,0
121240,0,0
-341271,0,0
-567346,0,0
-618864,0,0
-631299,0,0
-211186,0,0
96834,0,0
385658,0,0
459762,0,0
59279,0,0
-282504,0,0
-539990,0,0
-699278,0,0
-578187,0,0
-434858,0,0
-147751,0,0
339424,0,0
335904,0,0
137563,0,0
-108423,0,0
-560124,0,0
-660651,0,0
-606760,0,0
-594859,0,0
-136202,0,0
424680,0,0
353923,0,0
253839,0,0
-64185,0,0
-586726,0,0
-554844,0,0
-550353,0,0
-613888,0,0
-148062,0,0
234905,0,0
255315,0,0
424234,0,0
27271,0,0
-512836,0,0
-506883,0,0
-699962,0,0
-659654,0,0
-185173,0,0
212349,0,0
400198,0,0
400545,0,0
496,0,0
-387882,0,0
-480390,0,0
-716956,0,0
-534687,0,0
-288904,0,0
32503,0,0
425002,0,0
410566,0,0
44084,0,0
-270505,0,0
-526605,0,0
-695916,0,0
-473933,0,0
-422428,0,0
13710,0,0
411972,0,0
395731,0,0
223144,0,0
-64033,0,0
-535347,0,0
-555193,0,0
-450049,0,0
-507796,0,0
90077,0,0
439763,0,0
362161,0,0
277533,0,0
-128619,0,0
-618694,0,0
-541186,0,0
-579093,0,0
-545229,0,0
83627,0,0
294079,0,0
395360,0,0
360806,0,0
-111107,0,0
-498063,0,0
-475623,0,0
-627166,0,0
-492941,0,0
71769,0,0
243751,0,0
467057,0,0
296525,0,0
-184366,0,0
-481992,0,0
-579672,0,0
-707205,0,0
-511310,0,0
-144788,0,0
101848,0,0
517316,0,0
303556,0,0
-59851,0,0
-419734,0,0
-586514,0,0
-630493,0,0
-512523,0,0
-215266,0,0
291526,0,0
563808,0,0
297248,0,0
-20698,0,0
-412156,0,0
-646425,0,0
-550546,0,0
-520237,0,0
-275131,0,0
342897,0,0
471957,0,0
368140,0,0
104479,0,0
-402710,0,0
-607208,0,0
-539255,0,0
-518982,0,0
-88377,0,0
500703,0,0
541170,0,0
380776,0,0
115131,0,0
-481082,0,0
-497424,0,0
-504565,0,0
-512979,0,0
-5590,0,0
347972,0,0
377692,0,0
381125,0,0
-35841,0,0
-528174,0,0
-377581,0,0
-581303,0,0
-541574,0,0
-1963,0,0
341786,0,0
523632,0,0
428079,0,0
-56657,0,0
-421496,0,0
-312082,0,0
-680421,0,0
-445218,0,0
61972,0,0
283989,0,0
473556,0,0
274261,0,0
-265647,0,0
-475057,0,0
-571300,0,0
-707362,0,0
-501484,0,0
-162974,0,0
202272,0,0
463170,0,0
284192,0,0
-106043,0,0
-333627,0,0
-706456,0,0
-660554,0,0
-526023,0,0
-237799,0,0
343297,0,0
490891,0,0
233562,0,0
-82854,0,0
-485780,0,0
-760989,0,0
-561250,0,0
-541204,0,0
-250153,0,0
378661,0,0
423098,0,0
305867,0,0
24934,0,0
-438537,0,0
-609755,0,0
-435124,0,0
-531081,0,0
-70661,0,0
375602,0,0
397655,0,0
317365,0,0
-83237,0,0
-530241,0,0
-544667,0,0
-570172,0,0
-637534,0,0
-116541,0,0
249617,0,0
331794,0,0
393203,0,0
-55726,0,0
-489656,0,0
-544974,0,0
-651937,0,0
-584765,0,0
5019,0,0
231543,0,0
472768,0,0
355954,0,0
-133954,0,0
-397951,0,0
-548118,0,0
-685013,0,0
-540103,0,0
-147153,0,0
119814,0,0
457199,0,0
324777,0,0
-71575,0,0
-318079,0,0
-634618,0,0
-689148,0,0
-543113,0,0
-237645,0,0
210839,0,0
519259,0,0
333203,0,0
-50018,0,0
-305069,0,0
-706130,0,0
-573412,0,0
-516270,0,0
-314192,0,0
208280,0,0
395855,0,0
313414,0,0
73635,0,0
-414047,0,0
-727269,0,0
-533805,0,0
-612270,0,0
-329732,0,0
216290,0,0
425442,0,0
379793,0,0
141556,0,0
-349862,0,0
-561126,0,0
-492676,0,0
-652635,0,0
-267436,0,0
212682,0,0
289302,0,0
438404,0,0
87570,0,0
-496314,0,0
-531346,0,0
-606340,0,0
-660761,0,0
-184526,0,0
89506,0,0
301205,0,0
507367,0,0
122515,0,0
-319066,0,0
-290538,0,0
-576471,0,0
-558965,0,0
-181192,0,0
103359,0,0
489015,0,0
499998,0,0
82461,0,0
-285739,0,0
-470563,0,0
-709078,0,0
-510863,0,0
-217677,0,0
124800,0,0
564973,0,0
427784,0,0
104509,0,0
-253836,0,0
-500095,0,0
-617281,0,0
-390597,0,0
-181733,0,0
366493,0,0
556190,0,0
277575,0,0
-37838,0,0
-433533,0,0
-647682,0,0
-574905,0,0
-568835,0,0
-298829,0,0
241869,0,0
348186,0,0
261594,0,0
50873,0,0
-446543,0,0
-622865,0,0
-576407,0,0
-649215,0,0
-260310,0,0
315105,0,0
409132,0,0
379068,0,0
183438,0,0
-444859,0,0
-528060,0,0
-513084,0,0
-573598,0,0
-96962,0,0
326639,0,0
429546,0,0
411518,0,0
-22922,0,0
-547300,0,0
-399457,0,0
-544565,0,0
-473854,0,0
170874,0,0
482281,0,0
587195,0,0
491549,0,0
20364,0,0
-347522,0,0
-126505,0,0
-512657,0,0
-242401,0,0
217075,0,0
393945,0,0
475563,0,0
158269,0,0
-343678,0,0
-485623,0,0
-633391,0,0
-691621,0,0
-312252,0,0
33689,0,0
282992,0,0
443351,0,0
153614,0,0
-228957,0,0
-258876,0,0
-637576,0,0
-592844,0,0
-338898,0,0
-53385,0,0
366787,0,0
451181,0,0
78284,0,0
-304107,0,0
-573811,0,0
-758784,0,0
-588575,0,0
-367012,0,0
15216,0,0
450059,0,0
378981,0,0
98282,0,0
-267147,0,0
-542259,0,0
-615568,0,0
-470370,0,0
-274279,0,0
222401,0,0
473518,0,0
319509,0,0
27098,0,0
-417314,0,0
-637996,0,0
-547596,0,0
-577031,0,0
-405293,0,0
136313,0,0
349383,0,0
355882,0,0
100880,0,0
-437616,0,0
-666263,0,0
-566036,0,0
-644473,0,0
-330642,0,0
207312,0,0
325535,0,0
338077,0,0
97420,0,0
-484392,0,0
-619247,0,0
-687682,0,0
-711446,0,0
-372981,0,0
65839,0,0
228760,0,0
338994,0,0
47625,0,0
-462080,0,0
-535514,0,0
-708038,0,0
-680867,0,0
-405921,0,0
128,0,0
320790,0,0
445197,0,0
145019,0,0
-258948,0,0
-496878,0,0
-768955,0,0
-594388,0,0
-330031,0,0
22065,0,0
378384,0,0
334839,0,0
79450,0,0
-282018,0,0
-599844,0,0
-732807,0,0
-592225,0,0
-484728,0,0
-85880,0,0
348952,0,0
344059,0,0
163689,0,0
-158471,0,0
-605207,0,0
-646844,0,0
-662936,0,0
-663732,0,0
-110533,0,0
308560,0,0
257636,0,0
256755,0,0
-174835,0,0
-674424,0,0
-658501,0,0
-713186,0,0
-642068,0,0
-201162,0,0
109607,0,0
224768,0,0
324415,0,0
-30052,0,0
-413700,0,0
-529505,0,0
-711206,0,0
-646574,0,0
-346782,0,0
-47363,0,0
284881,0,0
375232,0,0
50209,0,0
-301031,0,0
-580583,0,0
-761850,0,0
-619533,0,0
-549277,0,0
-146011,0,0
294491,0,0
312818,0,0
235290,0,0
-66025,0,0
-504299,0,0
-638026,0,0
-585554,0,0
-605396,0,0
-153044,0,0
271439,0,0
283779,0,0
303820,0,0
-8675,0,0
-509317,0,0
-623728,0,0
-663719,0,0
-686694,0,0
-350563,0,0
54934,0,0
234910,0,0
370508,0,0
131978,0,0
-311446,0,0
-569471,0,0
-693658,0,0
-679086,0,0
-454322,0,0
-65261,0,0
303606,0,0
401664,0,0
192515,0,0
-155046,0,0
-508877,0,0
-738411,0,0
-615332,0,0
-553507,0,0
-251348,0,0
262433,0,0
341974,0,0
292559,0,0
55439,0,0
-470609,0,0
-662563,0,0
-589091,0,0
-630067,0,0
-267953,0,0
238400,0,0
394529,0,0
404749,0,0
108801,0,0
-418673,0,0
-519809,0,0
-567180,0,0
-630048,0,0
-345393,0,0
64386,0,0
262688,0,0
421224,0,0
160510,0,0
-308682,0,0
-422405,0,0
-657230,0,0
-706115,0,0
-411763,0,0
-25267,0,0
343812,0,0
459301,0,0
254611,0,0
-100762,0,0
-428350,0,0
-720969,0,0
-623022,0,0
-484110,0,0
-162757,0,0
294719,0,0
333698,0,0
268765,0,0
-32775,0,0
-468673,0,0
-666643,0,0
-551251,0,0
-579532,0,0
-266873,0,0
230290,0,0
356643,0,0
357487,0,0
127498,0,0
-355556,0,0
-532142,0,0
-517615,0,0
-619633,0,0
-300132,0,0
212612,0,0
335183,0,0
441400,0,0
109905,0,0
-392997,0,0
-507341,0,0
-613722,0,0
-641145,0,0
-355750,0,0
68259,0,0
287320,0,0
482550,0,0
235169,0,0
-168549,0,0
-427441,0,0
-664912,0,0
-564261,0,0
-427587,0,0
-77673,0,0
346960,0,0
476509,0,0
230883,0,0
-111742,0,0
-462330,0,0
-705630,0,0
-543291,0,0
-558931,0,0
-207950,0,0
317217,0,0
418443,0,0
310046,0,0
12890,0,0
-482187,0,0
-660110,0,0
-585020,0,0
-598525,0,0
-180874,0,0
241283,0,0
326920,0,0
332049,0,0
20008,0,0
-489158,0,0
-634774,0,0
-642439,0,0
-703496,0,0
-420779,0,0
16845,0,0
239172,0,0
329618,0,0
157303,0,0
-266783,0,0
-515940,0,0
-715056,0,0
-642251,0,0
-491023,0,0
-129687,0,0
233430,0,0
355191,0,0
240062,0,0
-109253,0,0
-452465,0,0
-679857,0,0
-597902,0,0
-639812,0,0
-322801,0,0
185841,0,0
327826,0,0
304636,0,0
71836,0,0
-401346,0,0
-640422,0,0
-580946,0,0
-647910,0,0
-391639,0,0
101006,0,0
290342,0,0
422049,0,0
162369,0,0
-304565,0,0
-525880,0,0
-571363,0,0
-651152,0,0
-486036,0,0
-133852,0,0
170524,0,0
370686,0,0
268131,0,0
-111227,0,0
-356914,0,0
-626101,0,0
-690659,0,0
-541381,0,0
-212203,0,0
218809,0,0
426643,0,0
367110,0,0
78763,0,0
-324943,0,0
-661905,0,0
-578798,0,0
-557798,0,0
-300292,0,0
239551,0,0
415306,0,0
406394,0,0
150152,0,0
-360372,0,0
-650441,0,0
-476088,0,0
-508973,0,0
-325229,0,0
286052,0,0
430304,0,0
518497,0,0
290557,0,0
-273845,0,0
-508249,0,0
-467962,0,0
-529070,0,0
-267773,0,0
195991,0,0
318219,0,0
449973,0,0
141624,0,0
-365440,0,0
-485909,0,0
-614566,0,0
-633428,0,0
-366568,0,0
47848,0,0
278666,0,0
436198,0,0
192363,0,0
-202149,0,0
-493490,0,0
-693875,0,0
-596334,0,0
-460084,0,0
-96823,0,0
298048,0,0
364002,0,0
214191,0,0
-96761,0,0
-532706,0,0
-743966,0,0
-621270,0,0
-656867,0,0
-283779,0,0
214597,0,0
370723,0,0
274625,0,0
20199,0,0
-432850,0,0
-645635,0,0
-627136,0,0
-691336,0,0
-319797,0,0
110842,0,0
325333,0,0
360791,0,0
112020,0,0
-340397,0,0
-522176,0,0
-655250,0,0
-698296,0,0
-457783,0,0
-82731,0,0
268577,0,0
414291,0,0
269336,0,0
-161643,0,0
-460338,0,0
-659425,0,0
-585183,0,0
-483930,0,0
-123130,0,0
299072,0,0
390158,0,0
295457,0,0
-41288,0,0
-428008,0,0
-700018,0,0
-640248,0,0
-644744,0,0
-335597,0,0
134414,0,0
305251,0,0
317680,0,0
99004,0,0
-373361,0,0
-650838,0,0
-600104,0,0
-699504,0,0
-462997,0,0
37075,0,0
250239,0,0
350640,0,0
167063,0,0
-245485,0,0
-489352,0,0
-599469,0,0
-684712,0,0
-584500,0,0
-222016,0,0
187238,0,0
413155,0,0
299096,0,0
-53964,0,0
-385567,0,0
-662406,0,0
-699171,0,0
-567307,0,0
-292442,0,0
164431,0,0
418985,0,0
385112,0,0
171836,0,0
-273546,0,0
-676836,0,0
-586732,0,0
-579876,0,0
-443990,0,0
93708,0,0
286734,0,0
321102,0,0
191316,0,0
-253630,0,0
-605048,0,0
-552452,0,0
-629879,0,0
-569958,0,0
-61813,0,0
199577,0,0
389786,0,0
310639,0,0
-49464,0,0
-415585,0,0
-561593,0,0
-695775,0,0
-537048,0,0
-167987,0,0
122607,0,0
439914,0,0
325872,0,0
9106,0,0
-353886,0,0
-593111,0,0
-633361,0,0
-529338,0,0
-317935,0,0
56991,0,0
415719,0,0
391302,0,0
207935,0,0
-141017,0,0
-560606,0,0
-551155,0,0
-539091,0,0
-359388,0,0
139845,0,0
457108,0,0
414046,0,0
228063,0,0
-207207,0,0
-546880,0,0
-475872,0,0
-578184,0,0
-413557,0,0
76875,0,0
399878,0,0
528906,0,0
330250,0,0
-132810,0,0
-492888,0,0
-516895,0,0
-590579,0,0
-278517,0,0
149984,0,0
410534,0,0
467128,0,0
243157,0,0
-218188,0,0
-444821,0,0
-579595,0,0
-644968,0,0
-471307,0,0
-47106,0,0
348655,0,0
493564,0,0
308554,0,0
-166370,0,0
-511504,0,0
-620049,0,0
-546917,0,0
-418409,0,0
14858,0,0
455659,0,0
450009,0,0
267666,0,0
-90647,0,0
-445660,0,0
-616040,0,0
-536448,0,0
-513501,0,0
-100812,0,0
341355,0,0
372986,0,0
339770,0,0
44399,0,0
-412848,0,0
-605814,0,0
-595539,0,0
-562497,0,0
-61717,0,0
325697,0,0
463569,0,0
466890,0,0
175665,0,0
-431476,0,0
-492356,0,0
-518451,0,0
-537004,0,0
-15870,0,0
335826,0,0
483934,0,0
344243,0,0
-75229,0,0
-492228,0,0
-384857,0,0
-531097,0,0
-510727,0,0
39359,0,0
390128,0,0
590812,0,0
448029,0,0
-59624,0,0
-368117,0,0
-405341,0,0
-582769,0,0
-361486,0,0
123199,0,0
397145,0,0
518180,0,0
207036,0,0
-225377,0,0
-405932,0,0
-524970,0,0
-541427,0,0
-342298,0,0
144784,0,0
385204,0,0
502653,0,0
241565,0,0
-166676,0,0
-270930,0,0
-512005,0,0
-476892,0,0
-287949,0,0
130833,0,0
417963,0,0
418112,0,0
126648,0,0
-239514,0,0
-571578,0,0
-668088,0,0
-564165,0,0
-463471,0,0
25454,0,0
372420,0,0
435323,0,0
147794,0,0
-236509,0,0
-601891,0,0
-650864,0,0
-644223,0,0
-335693,0,0
256118,0,0
425343,0,0
393323,0,0
104731,0,0
-284895,0,0
-619269,0,0
-567781,0,0
-685207,0,0
-462936,0,0
55472,0,0
329154,0,0
445147,0,0
188551,0,0
-275554,0,0
-595209,0,0
-573195,0,0
-633444,0,0
-364311,0,0
59828,0,0
319530,0,0
530170,0,0
272837,0,0
-271977,0,0
-485945,0,0
-553045,0,0
-643283,0,0
-365438,0,0
87376,0,0
399166,0,0
387760,0,0
60781,0,0
-338983,0,0
-462310,0,0
-617198,0,0
-608384,0,0
-336435,0,0
46963,0,0
398187,0,0
395941,0,0
165873,0,0
-209125,0,0
-485685,0,0
-677665,0,0
-633695,0,0
-416820,0,0
-19484,0,0
333313,0,0
322413,0,0
196949,0,0
-176425,0,0
-555055,0,0
-663138,0,0
-610511,0,0
-443680,0,0
-26286,0,0
346454,0,0
383472,0,0
280699,0,0
-83198,0,0
-574279,0,0
-593419,0,0
-611716,0,0
-456705,0,0
15387,0,0
373016,0,0
399334,0,0
215987,0,0
-237691,0,0
-598386,0,0
-580347,0,0
-659938,0,0
-506844,0,0
-120265,0,0
269706,0,0
358462,0,0
332859,0,0
-94941,0,0
-511044,0,0
-577068,0,0
-674660,0,0
-491836,0,0
-116274,0,0
276764,0,0
448778,0,0
320346,0,0
-93016,0,0
-456545,0,0
-631230,0,0
-662036,0,0
-569150,0,0
-227954,0,0
257925,0,0
473505,0,0
378570,0,0
-54876,0,0
-432678,0,0
-642985,0,0
-606911,0,0
-555047,0,0
-154688,0,0
339621,0,0
429715,0,0
366971,0,0
39942,0,0
-393738,0,0
-633137,0,0
-614770,0,0
-671456,0,0
-263361,0,0
217992,0,0
343299,0,0
436405,0,0
100854,0,0
-378159,0,0
-643544,0,0
-594330,0,0
-651997,0,0
-243686,0,0
182754,0,0
388814,0,0
466547,0,0
86916,0,0
-417590,0,0
-571405,0,0
-642451,0,0
-655577,0,0
-321298,0,0
89394,0,0
299937,0,0
314038,0,0
20864,0,0
-393807,0,0
-578134,0,0
-658407,0,0
-679096,0,0
-440159,0,0
-49120,0,0
336052,0,0
307653,0,0
185976,0,0
-168785,0,0
-546811,0,0
-679513,0,0
-643738,0,0
-553809,0,0
-119393,0,0
311006,0,0
292132,0,0
264387,0,0
-111809,0,0
-523381,0,0
-635646,0,0
-590016,0,0
-524042,0,0
-182827,0,0
243542,0,0
386544,0,0
417016,0,0
21219,0,0
-456685,0,0
-547596,0,0
-598724,0,0
-492603,0,0
-96576,0,0
311427,0,0
399596,0,0
327248,0,0
-73313,0,0
-443638,0,0
-488510,0,0
-621659,0,0
-509365,0,0
-172490,0,0
266752,0,0
451063,0,0
379963,0,0
8529,0,0
-407276,0,0
-520278,0,0
-593156,0,0
-432231,0,0
-127511,0,0
315834,0,0
474172,0,0
347992,0,0
1171,0,0
-370457,0,0
-584340,0,0
-616694,0,0
-536365,0,0
-215033,0,0
326602,0,0
471206,0,0
385078,0,0
-27101,0,0
-373069,0,0
-551164,0,0
-557233,0,0
-458639,0,0
-28936,0,0
526146,0,0
582218,0,0
339280,0,0
27534,0,0
-394892,0,0
-570223,0,0
-493596,0,0
-562481,0,0
-29385,0,0
387807,0,0
395962,0,0
390909,0,0
132607,0,0
-413930,0,0
-591797,0,0
-569658,0,0
-484610,0,0
198525,0,0
443440,0,0
521688,0,0
391553,0,0
12172,0,0
-511036,0,0
-489236,0,0
-524678,0,0
-376408,0,0
131903,0,0
283904,0,0
445595,0,0
209728,0,0
-234025,0,0
-543187,0,0
-437219,0,0
-418790,0,0
-353924,0,0
163904,0,0
416035,0,0
587611,0,0
417419,0,0
-47932,0,0
-355293,0,0
-490526,0,0
-551334,0,0
-258916,0,0
226924,0,0
493029,0,0
414128,0,0
-14173,0,0
-397441,0,0
-535760,0,0
-645967,0,0
-549507,0,0
-281378,0,0
263898,0,0
510544,0,0
471437,0,0
70269,0,0
-416483,0,0
-495685,0,0
-510642,0,0
-301852,0,0
-109807,0,0
363196,0,0
552026,0,0
394930,0,0
-74849,0,0
-440135,0,0
-572995,0,0
-626453,0,0
-517232,0,0
-142044,0,0
379586,0,0
511681,0,0
320822,0,0
-138973,0,0
-391871,0,0
-560178,0,0
-469572,0,0
-369456,0,0
82287,0,0
572944,0,0
488713,0,0
185375,0,0
-125322,0,0
-394930,0,0
-628346,0,0
-558002,0,0
-486748,0,0
66180,0,0
365624,0,0
261827,0,0
146998,0,0
-135575,0,0
-522686,0,0
-632207,0,0
-497836,0,0
-291983,0,0
281585,0,0
402587,0,0
392256,0,0
213794,0,0
-216483,0,0
-664135,0,0
-735888,0,0
-620105,0,0
-312087,0,0
147052,0,0
238087,0,0
294887,0,0
-23757,0,0
-486376,0,0
-694810,0,0
-698509,0,0
-684707,0,0
-463600,0,0
24103,0,0
209956,0,0
409792,0,0
38837,0,0
-422416,0,0
-639524,0,0
-788433,0,0
-752533,0,0
-505797,0,0
-50800,0,0
230108,0,0
305700,0,0
-15294,0,0
-312305,0,0
-596979,0,0
-779549,0,0
-682496,0,0
-653044,0,0
-191316,0,0
167207,0,0
360769,0,0
180542,0,0
-94029,0,0
-506909,0,0
-700796,0,0
-586175,0,0
-670344,0,0
-194013,0,0
213396,0,0
405389,0,0
315750,0,0
-25013,0,0
-453767,0,0
-651938,0,0
-577240,0,0
-679647,0,0
-197093,0,0
245042,0,0
495701,0,0
380659,0,0
55117,0,0
-408040,0,0
-529133,0,0
-499849,0,0
-441292,0,0
167480,0,0
383152,0,0
573826,0,0
451282,0,0
74872,0,0
-451846,0,0
-466770,0,0
-640166,0,0
-439990,0,0
-41480,0,0
223411,0,0
539895,0,0
353479,0,0
-110733,0,0
-534095,0,0
-562419,0,0
-663694,0,0
-453289,0,0
-150639,0,0
237389,0,0
541568,0,0
234911,0,0
-129265,0,0
-483593,0,0
-639795,0,0
-702430,0,0
-579518,0,0
-249239,0,0
256041,0,0
386513,0,0
148145,0,0
-113389,0,0
-435735,0,0
-668090,0,0
-665314,0,0
-586853,0,0
-234612,0,0
274825,0,0
317243,0,0
299023,0,0
58999,0,0
-450880,0,0
-699396,0,0
-680892,0,0
-644983,0,0
-278566,0,0
190038,0,0
227007,0,0
328143,0,0
46085,0,0
-413535,0,0
-616459,0,0
-642363,0,0
-646937,0,0
-422546,0,0
80187,0,0
273171,0,0
472331,0,0
156425,0,0
-293420,0,0
-529998,0,0
-640583,0,0
-632682,0,0
-401241,0,0
36255,0,0
294228,0,0
375181,0,0
64535,0,0
-249603,0,0
-523400,0,0
-737305,0,0
-610913,0,0
-575632,0,0
-108012,0,0
227829,0,0
325049,0,0
203096,0,0
-91228,0,0
-549695,0,0
-717635,0,0
-588294,0,0
-657257,0,0
-260750,0,0
132541,0,0
298317,0,0
296395,0,0
-8789,0,0
-498534,0,0
-702192,0,0
-678040,0,0
-810381,0,0
-434333,0,0
-23165,0,0
233946,0,0
294600,0,0
158493,0,0
-296055,0,0
-615778,0,0
-713876,0,0
-691324,0,0
-467720,0,0
-188078,0,0
176251,0,0
279845,0,0
279689,0,0
-28624,0,0
-440574,0,0
-718457,0,0
-662979,0,0
-624372,0,0
-374955,0,0
224157,0,0
367615,0,0
332546,0,0
57209,0,0
-333750,0,0
-623059,0,0
-584294,0,0
-617466,0,0
-345258,0,0
214510,0,0
370029,0,0
434134,0,0
190091,0,0
-207954,0,0
-528904,0,0
-537425,0,0
-717515,0,0
-396560,0,0
53837,0,0
270450,0,0
534782,0,0
231326,0,0
-172651,0,0
-528345,0,0
-533601,0,0
-604509,0,0
-377700,0,0
-97728,0,0
300779,0,0
556879,0,0
243448,0,0
-94471,0,0
-456137,0,0
-590465,0,0
-654637,0,0
-513840,0,0
-242890,0,0
256571,0,0
401405,0,0
192547,0,0
14019,0,0
-444906,0,0
-624490,0,0
-627960,0,0
-615565,0,0
-376275,0,0
147739,0,0
258461,0,0
309048,0,0
193992,0,0
-305195,0,0
-620859,0,0
-677158,0,0
-702258,0,0
-522013,0,0
-47367,0,0
152420,0,0
388257,0,0
216940,0,0
-227061,0,0
-537351,0,0
-695159,0,0
-682557,0,0
-636803,0,0
-229664,0,0
114929,0,0
463291,0,0
262393,0,0
-7103,0,0
-434783,0,0
-686358,0,0
-637992,0,0
-600023,0,0
-308655,0,0
129138,0,0
396776,0,0
195995,0,0
184920,0,0
-220626,0,0
-564877,0,0
-565711,0,0
-642676,0,0
-469503,0,0
-20445,0,0
432622,0,0
435287,0,0
357979,0,0
-177236,0,0
-606460,0,0
-588768,0,0
-618588,0,0
-418395,0,0
-56654,0,0
274985,0,0
371719,0,0
286710,0,0
-128806,0,0
-415084,0,0
-568898,0,0
-682954,0,0
-520451,0,0
-317861,0,0
141802,0,0
368218,0,0
376053,0,0
96715,0,0
-294695,0,0
-571322,0,0
-634615,0,0
-514334,0,0
-401846,0,0
146069,0,0
376284,0,0
370609,0,0
202808,0,0
-184867,0,0
-597605,0,0
-605255,0,0
-598106,0,0
-575875,0,0
-630,0,0
319425,0,0
358914,0,0
260154,0,0
-79783,0,0
-498674,0,0
-619365,0,0
-678113,0,0
-547983,0,0
-49748,0,0
152353,0,0
412858,0,0
380094,0,0
12005,0,0
-464626,0,0
-583469,0,0
-741055,0,0
-579257,0,0
-293119,0,0
57051,0,0
459223,0,0
351449,0,0
98403,0,0
-388022,0,0
-569212,0,0
-623371,0,0
-539185,0,0
-515239,0,0
-7317,0,0
434510,0,0
262359,0,0
226983,0,0
-163403,0,0
-480267,0,0
-638849,0,0
-599407,0,0
-633026,0,0
-17498,0,0
309836,0,0
249711,0,0
361011,0,0
-75645,0,0
-439909,0,0
-556530,0,0
-522991,0,0
-574736,0,0
-90066,0,0
171696,0,0
465886,0,0
510900,0,0
15052,0,0
-381012,0,0
-538927,0,0
-565828,0,0
-539902,0,0
-222096,0,0
119588,0,0
429918,0,0
390783,0,0
47145,0,0
-264165,0,0
-480023,0,0
-570978,0,0
-598218,0,0
-377419,0,0
71800,0,0
594221,0,0
462976,0,0
206731,0,0
-190956,0,0
-580766,0,0
-588616,0,0
-543131,0,0
-356745,0,0
111867,0,0
449041,0,0
270131,0,0
284469,0,0
-103010,0,0
-508682,0,0
-541946,0,0
-601721,0,0
-455331,0,0
-25252,0,0
344625,0,0
420446,0,0
402541,0,0
-141714,0,0
-530694,0,0
-517529,0,0
-622235,0,0
-394421,0,0
-32108,0,0
289098,0,0
408791,0,0
300846,0,0
-140231,0,0
-445495,0,0
-586265,0,0
-722295,0,0
-455998,0,0
-205131,0,0
254376,0,0
430640,0,0
343155,0,0
-44051,0,0
-421236,0,0
-581428,0,0
-601976,0,0
-476773,0,0
-282360,0,0
244397,0,0
446651,0,0
348217,0,0
35854,0,0
-348473,0,0
-641028,0,0
-607562,0,0
-606829,0,0
-392784,0,0
290107,0,0
444108,0,0
386074,0,0
96943,0,0
-285753,0,0
-579639,0,0
-494697,0,0
-613005,0,0
-288718,0,0
393459,0,0
466178,0,0
509097,0,0
204227,0,0
-219189,0,0
-552037,0,0
-527617,0,0
-701599,0,0
-216896,0,0
235575,0,0
316680,0,0
597892,0,0
255548,0,0
-233568,0,0
-550252,0,0
-523827,0,0
-611312,0,0
-89327,0,0
217914,0,0
525097,0,0
604371,0,0
116369,0,0
-364122,0,0
-567223,0,0
-616100,0,0
-569170,0,0
-232087,0,0
32076,0,0
430519,0,0
344529,0,0
8244,0,0
-307292,0,0
-557700,0,0
-672187,0,0
-705848,0,0
-440880,0,0
-5408,0,0
506418,0,0
350312,0,0
131335,0,0
-249670,0,0
-642507,0,0
-640900,0,0
-635239,0,0
-524695,0,0
-11123,0,0
330605,0,0
175724,0,0
255894,0,0
-137248,0,0
-561349,0,0
-577901,0,0
-657531,0,0
-600426,0,0
-172229,0,0
231783,0,0
364991,0,0
430983,0,0
-88819,0,0
-519289,0,0
-532061,0,0
-689915,0,0
-517758,0,0
-123079,0,0
259268,0,0
363501,0,0
327996,0,0
-86999,0,0
-396826,0,0
-584057,0,0
-723792,0,0
-505510,0,0
-313093,0,0
184463,0,0
403049,0,0
374981,0,0
66895,0,0
-322205,0,0
-594505,0,0
-637828,0,0
-463242,0,0
-348069,0,0
228903,0,0
428692,0,0
341316,0,0
106165,0,0
-245375,0,0
-606034,0,0
-565346,0,0
-610954,0,0
-495337,0,0
239846,0,0
408140,0,0
399183,0,0
172387,0,0
-192558,0,0
-562011,0,0
-528915,0,0
-626470,0,0
-343886,0,0
260527,0,0
384456,0,0
508586,0,0
254148,0,0
-171670,0,0
-539873,0,0
-588886,0,0
-712362,0,0
-277885,0,0
205622,0,0
294563,0,0
518932,0,0
187277,0,0
-224630,0,0
-559542,0,0
-532883,0,0
-579388,0,0
-218246,0,0
28566,0,0
364414,0,0
539461,0,0
106651,0,0
-249568,0,0
-572098,0,0
-596304,0,0
-580497,0,0
-388818,0,0
-112547,0,0
309605,0,0
315155,0,0
97877,0,0
-183709,0,0
-554672,0,0
-629421,0,0
-649280,0,0
-554167,0,0
-155981,0,0
335791,0,0
256409,0,0
189673,0,0
-117343,0,0
-573960,0,0
-675136,0,0
-684741,0,0
-689611,0,0
-259674,0,0
192740,0,0
76935,0,0
373052,0,0
12554,0,0
-474703,0,0
-607574,0,0
-711275,0,0
-698851,0,0
-455292,0,0
39663,0,0
266738,0,0
503690,0,0
119608,0,0
-285248,0,0
-515618,0,0
-703095,0,0
-575660,0,0
-436874,0,0
-1728,0,0
330253,0,0
423402,0,0
120384,0,0
-116226,0,0
-423904,0,0
-678160,0,0
-514724,0,0
-550718,0,0
-86110,0,0
320547,0,0
459965,0,0
311170,0,0
-37103,0,0
-515873,0,0
-594485,0,0
-433335,0,0
-547423,0,0
-36226,0,0
332764,0,0
409745,0,0
354556,0,0
31508,0,0
-469098,0,0
-554412,0,0
-607740,0,0
-662060,0,0
-70661,0,0
276262,0,0
449189,0,0
377653,0,0
19340,0,0
-470528,0,0
-497673,0,0
-533923,0,0
-534948,0,0
-96623,0,0
115724,0,0
496587,0,0
403158,0,0
17349,0,0
-416998,0,0
-557799,0,0
-755253,0,0
-522412,0,0
-237726,0,0
45554,0,0
512713,0,0
354177,0,0
49048,0,0
-372059,0,0
-542643,0,0
-618188,0,0
-452760,0,0
-384335,0,0
153207,0,0
593814,0,0
307986,0,0
122179,0,0
-328687,0,0
-600103,0,0
-568970,0,0
-544528,0,0
-459915,0,0
164788,0,0
373212,0,0
266113,0,0
213749,0,0
-249815,0,0
-550425,0,0
-623527,0,0
