431064,0,0
282877,0,0
-82207,0,0
-549469,0,0
-599803,0,0
-540325,0,0
-472539,0,0
-35973,0,0
243943,0,0
339764,0,0
292114,0,0
5315,0,0
-380464,0,0
-414712,0,0
-297635,0,0
-548405,0,0
-367210,0,0
-17224,0,0
316995,0,0
402046,0,0
209840,0,0
-150623,0,0
-432500,0,0
-611060,0,0
-577603,0,0
-266241,0,0
63790,0,0
444069,0,0
483151,0,0
373932,0,0
36034,0,0
-275790,0,0
-497104,0,0
-362169,0,0
-297741,0,0
50148,0,0
471248,0,0
613349,0,0
538372,0,0
214272,0,0
-96617,0,0
-271459,0,0
-282797,0,0
-209024,0,0
28203,0,0
455134,0,0
569136,0,0
581889,0,0
492348,0,0
265255,0,0
-155515,0,0
-233131,0,0
-438933,0,0
-411905,0,0
-146676,0,0
282420,0,0
528624,0,0
403209,0,0
81405,0,0
-346642,0,0
-545786,0,0
-455869,0,0
-333877,0,0
-155923,0,0
227171,0,0
482887,0,0
328329,0,0
58500,0,0
-252514,0,0
-490427,0,0
-531282,0,0
-425481,0,0
-392817,0,0
-6207,0,0
212589,0,0
200563,0,0
189780,0,0
-6506,0,0
-195813,0,0
-242026,0,0
-402678,0,0
-507085,0,0
-25037,0,0
331393,0,0
547619,0,0
465656,0,0
109604,0,0
-262264,0,0
-481431,0,0
-554291,0,0
-638748,0,0
-363444,0,0
-49094,0,0
260801,0,0
203969,0,0
62219,0,0
-220778,0,0
-573178,0,0
-678984,0,0
-690640,0,0
-609573,0,0
-269140,0,0
120477,0,0
196528,0,0
225436,0,0
-64163,0,0
-462263,0,0
-684040,0,0
-745650,0,0
-704182,0,0
-492413,0,0
54143,0,0
375370,0,0
329318,0,0
63649,0,0
-298629,0,0
-546375,0,0
-705556,0,0
-635089,0,0
-439126,0,0
-125746,0,0
150492,0,0
489727,0,0
397353,0,0
100492,0,0
-157199,0,0
-486389,0,0
-500500,0,0
-551744,0,0
-332459,0,0
132770,0,0
373210,0,0
309729,0,0
118115,0,0
-194144,0,0
-415841,0,0
-500235,0,0
-607284,0,0
-374387,0,0
58863,0,0
219908,0,0
339445,0,0
233784,0,0
-121065,0,0
-480956,0,0
-591181,0,0
-621015,0,0
-510827,0,0
-226928,0,0
77281,0,0
298042,0,0
360158,0,0
29489,0,0
-311625,0,0
-479478,0,0
-582787,0,0
-637419,0,0
-522207,0,0
-57368,0,0
313660,0,0
410168,0,0
143586,0,0
-151944,0,0
-521371,0,0
-567881,0,0
-403268,0,0
-530435,0,0
-147756,0,0
161589,0,0
292364,0,0
331918,0,0
7090,0,0
-390390,0,0
-558924,0,0
-639565,0,0
-691417,0,0
-308688,0,0
59816,0,0
395549,0,0
435496,0,0
163252,0,0
-219623,0,0
-578407,0,0
-715897,0,0
-683474,0,0
-142398,0,0
235605,0,0
332721,0,0
282314,0,0
235035,0,0
-405,0,0
-407641,0,0
-640114,0,0
-526436,0,0
-396438,0,0
-237835,0,0
182893,0,0
312396,0,0
284276,0,0
106726,0,0
-227649,0,0
-498006,0,0
-496984,0,0
-571304,0,0
-456054,0,0
38060,0,0
333359,0,0
410229,0,0
250404,0,0
-146260,0,0
-480758,0,0
-559967,0,0
-610473,0,0
-486760,0,0
-190446,0,0
251272,0,0
537963,0,0
396921,0,0
8532,0,0
-381449,0,0
-471570,0,0
-525962,0,0
-462408,0,0
-405562,0,0
37732,0,0
470116,0,0
453816,0,0
237562,0,0
-161130,0,0
-484701,0,0
-562498,0,0
-425748,0,0
-470578,0,0
-52224,0,0
336669,0,0
387091,0,0
293613,0,0
-26521,0,0
-372800,0,0
-503134,0,0
-487335,0,0
-457264,0,0
20847,0,0
322437,0,0
428245,0,0
386431,0,0
56119,0,0
-262723,0,0
-449900,0,0
-496649,0,0
-354572,0,0
-196170,0,0
-39984,0,0
228240,0,0
326196,0,0
143891,0,0
-78110,0,0
-190285,0,0
-237504,0,0
-448823,0,0
-443872,0,0
-115465,0,0
362465,0,0
479589,0,0
381705,0,0
27850,0,0
-471561,0,0
-597730,0,0
-612979,0,0
-592547,0,0
-231668,0,0
199923,0,0
270518,0,0
272726,0,0
118207,0,0
-217359,0,0
-490034,0,0
-481077,0,0
-462401,0,0
-392474,0,0
-29802,0,0
307747,0,0
579097,0,0
440424,0,0
102292,0,0
-200166,0,0
-491671,0,0
-382838,0,0
-335487,0,0
-162761,0,0
192090,0,0
338210,0,0
237130,0,0
89444,0,0
-130824,0,0
-343714,0,0
-369665,0,0
-402272,0,0
-238345,0,0
45522,0,0
256890,0,0
287226,0,0
236215,0,0
31579,0,0
-246187,0,0
-384832,0,0
-649850,0,0
-587916,0,0
-207874,0,0
106425,0,0
333296,0,0
274894,0,0
-73359,0,0
-331008,0,0
-532102,0,0
-653101,0,0
-424072,0,0
-258162,0,0
37347,0,0
352776,0,0
376580,0,0
162249,0,0
-187611,0,0
-439503,0,0
-463042,0,0
-524555,0,0
-326072,0,0
202200,0,0
365282,0,0
408651,0,0
314354,0,0
32207,0,0
-448070,0,0
-553535,0,0
-637644,0,0
-613524,0,0
-189854,0,0
148527,0,0
380211,0,0
320062,0,0
10268,0,0
-429561,0,0
-609063,0,0
-555855,0,0
-431911,0,0
-304333,0,0
-41111,0,0
355121,0,0
470260,0,0
244486,0,0
-157454,0,0
-481996,0,0
-681276,0,0
-611081,0,0
-525701,0,0
-206121,0,0
277216,0,0
596214,0,0
521734,0,0
143832,0,0
-228481,0,0
-373872,0,0
-253802,0,0
-305844,0,0
-7127,0,0
345114,0,0
485662,0,0
489927,0,0
271479,0,0
-61708,0,0
-325817,0,0
-100226,0,0
-157518,0,0
-133808,0,0
251783,0,0
356440,0,0
478234,0,0
398278,0,0
193280,0,0
-117553,0,0
-350787,0,0
-430135,0,0
-311983,0,0
102972,0,0
562596,0,0
777880,0,0
515208,0,0
138271,0,0
-267246,0,0
-537879,0,0
-510168,0,0
-438288,0,0
-200170,0,0
240686,0,0
332232,0,0
207612,0,0
40510,0,0
-295811,0,0
-459968,0,0
-572574,0,0
-400320,0,0
-287294,0,0
143893,0,0
276889,0,0
318915,0,0
214027,0,0
-101714,0,0
-379969,0,0
-590890,0,0
-668611,0,0
-287253,0,0
49249,0,0
179440,0,0
317704,0,0
206899,0,0
-42421,0,0
-258144,0,0
-423163,0,0
-451422,0,0
-586731,0,0
-436379,0,0
-64633,0,0
318615,0,0
219588,0,0
120850,0,0
-7701,0,0
-348135,0,0
-590978,0,0
-687604,0,0
-486143,0,0
18893,0,0
288526,0,0
322187,0,0
224852,0,0
-89056,0,0
-453723,0,0
-559391,0,0
-618345,0,0
-515501,0,0
-76229,0,0
219086,0,0
381623,0,0
371084,0,0
55212,0,0
-296165,0,0
-512336,0,0
-707904,0,0
-673711,0,0
-454873,0,0
73701,0,0
426349,0,0
401050,0,0
131074,0,0
-166236,0,0
-537467,0,0
-619326,0,0
-460954,0,0
-444305,0,0
-131681,0,0
239851,0,0
365501,0,0
211415,0,0
-48632,0,0
-121898,0,0
-208570,0,0
-272435,0,0
-436827,0,0
-14591,0,0
316816,0,0
440410,0,0
334375,0,0
47325,0,0
-357988,0,0
-540935,0,0
-694374,0,0
-705282,0,0
-277092,0,0
160258,0,0
346391,0,0
338776,0,0
116575,0,0
-341326,0,0
-627057,0,0
-651683,0,0
-580560,0,0
-343686,0,0
-70344,0,0
338602,0,0
409121,0,0
194893,0,0
-108939,0,0
-414836,0,0
-712767,0,0
-606234,0,0
-435620,0,0
-217361,0,0
134669,0,0
342864,0,0
368159,0,0
102489,0,0
-289648,0,0
-556839,0,0
-504960,0,0
-556845,0,0
-386253,0,0
105058,0,0
320426,0,0
396479,0,0
217073,0,0
-170128,0,0
-515304,0,0
-686247,0,0
-833691,0,0
-501874,0,0
-42366,0,0
342878,0,0
700296,0,0
427243,0,0
-45777,0,0
-510154,0,0
-575272,0,0
-524014,0,0
-241311,0,0
43722,0,0
393793,0,0
608351,0,0
486320,0,0
304623,0,0
-108759,0,0
-409009,0,0
-421432,0,0
-513849,0,0
-421659,0,0
282482,0,0
584471,0,0
416994,0,0
189088,0,0
-152642,0,0
-315801,0,0
-392819,0,0
-434538,0,0
-413073,0,0
61218,0,0
294814,0,0
391318,0,0
272983,0,0
-69337,0,0
-339895,0,0
-582113,0,0
-662704,0,0
-576498,0,0
-198078,0,0
181068,0,0
402621,0,0
207283,0,0
-67538,0,0
-321532,0,0
-613640,0,0
-581779,0,0
-496480,0,0
-188632,0,0
244968,0,0
534267,0,0
382566,0,0
122962,0,0
-157539,0,0
-291448,0,0
-353148,0,0
-277055,0,0
-129831,0,0
251201,0,0
361849,0,0
398602,0,0
413859,0,0
138399,0,0
-294757,0,0
-510317,0,0
-561091,0,0
-441272,0,0
-84583,0,0
253634,0,0
414547,0,0
292674,0,0
-118896,0,0
-437738,0,0
-437902,0,0
-671275,0,0
-694569,0,0
-430253,0,0
-25809,0,0
281288,0,0
330692,0,0
69284,0,0
-246602,0,0
-496837,0,0
-711390,0,0
-653283,0,0
-563142,0,0
-156030,0,0
229888,0,0
271973,0,0
111291,0,0
-176653,0,0
-536915,0,0
-529724,0,0
-131892,0,0
-346089,0,0
-157921,0,0
-10474,0,0
201020,0,0
370844,0,0
201592,0,0
-160346,0,0
-405986,0,0
-617044,0,0
-696197,0,0
-294339,0,0
9266,0,0
215587,0,0
381035,0,0
192121,0,0
-194012,0,0
-483899,0,0
-683916,0,0
-686607,0,0
-618688,0,0
-316278,0,0
172184,0,0
321302,0,0
208237,0,0
-19554,0,0
-340885,0,0
-697283,0,0
-651162,0,0
-644248,0,0
-502592,0,0
20882,0,0
239481,0,0
239730,0,0
147634,0,0
-136796,0,0
-428768,0,0
-606250,0,0
-666031,0,0
-623506,0,0
-236368,0,0
117619,0,0
399866,0,0
397854,0,0
30028,0,0
-385670,0,0
-562038,0,0
-622163,0,0
-555983,0,0
-376173,0,0
3191,0,0
343951,0,0
355194,0,0
155464,0,0
-148437,0,0
-477497,0,0
-581861,0,0
-372938,0,0
-342273,0,0
-17563,0,0
223688,0,0
323661,0,0
384447,0,0
159314,0,0
-310617,0,0
-617704,0,0
-574056,0,0
-605759,0,0
-328161,0,0
83695,0,0
461428,0,0
611300,0,0
328516,0,0
-70587,0,0
-487056,0,0
-648057,0,0
-666315,0,0
-333154,0,0
73788,0,0
434919,0,0
565332,0,0
269991,0,0
-101827,0,0
-443094,0,0
-573990,0,0
-500466,0,0
-501791,0,0
-119848,0,0
410962,0,0
467669,0,0
253356,0,0
-13001,0,0
-393024,0,0
-609866,0,0
-613945,0,0
-593884,0,0
-313667,0,0
90843,0,0
238140,0,0
309777,0,0
300999,0,0
-30579,0,0
-541509,0,0
-675728,0,0
-682631,0,0
-516596,0,0
-138059,0,0
112995,0,0
353030,0,0
280023,0,0
-43827,0,0
-287283,0,0
-467660,0,0
-600862,0,0
-602516,0,0
-341723,0,0
69493,0,0
438904,0,0
430265,0,0
191114,0,0
-168431,0,0
-505397,0,0
-385990,0,0
-307710,0,0
-263779,0,0
187738,0,0
542572,0,0
515989,0,0
384121,0,0
16404,0,0
-456917,0,0
-328860,0,0
-327122,0,0
-366535,0,0
95537,0,0
555036,0,0
641414,0,0
638514,0,0
301774,0,0
-16869,0,0
-28946,0,0
-241242,0,0
-205049,0,0
-7,0,0
295916,0,0
571530,0,0
562909,0,0
334038,0,0
99010,0,0
-298446,0,0
-359648,0,0
-195842,0,0
-181215,0,0
23526,0,0
537587,0,0
655453,0,0
445035,0,0
121561,0,0
-261610,0,0
-236289,0,0
-196283,0,0
-329787,0,0
154260,0,0
600903,0,0
792878,0,0
720189,0,0
384693,0,0
-93377,0,0
-226373,0,0
-295032,0,0
-408781,0,0
18534,0,0
393833,0,0
743392,0,0
843106,0,0
600081,0,0
164292,0,0
-53840,0,0
-206685,0,0
-150991,0,0
183987,0,0
379441,0,0
620633,0,0
657592,0,0
432121,0,0
128135,0,0
-207295,0,0
-654440,0,0
-502869,0,0
-408366,0,0
-214088,0,0
148266,0,0
146820,0,0
106550,0,0
-27782,0,0
-345678,0,0
-711561,0,0
-776255,0,0
-884026,0,0
-581094,0,0
-62129,0,0
85043,0,0
104319,0,0
-85995,0,0
-446291,0,0
-676763,0,0
-771274,0,0
-910329,0,0
-822822,0,0
-479280,0,0
-123058,0,0
176020,0,0
186764,0,0
-102502,0,0
-453046,0,0
-776944,0,0
-873841,0,0
-781527,0,0
-627327,0,0
-176374,0,0
210480,0,0
264599,0,0
160813,0,0
-179731,0,0
-575023,0,0
-718435,0,0
-786378,0,0
-688177,0,0
-216215,0,0
233821,0,0
348214,0,0
276023,0,0
-84635,0,0
-449616,0,0
-621578,0,0
-714883,0,0
-732839,0,0
-297658,0,0
37183,0,0
381552,0,0
517648,0,0
178785,0,0
-324108,0,0
-620924,0,0
-647782,0,0
-542256,0,0
-469065,0,0
-113215,0,0
284760,0,0
436525,0,0
295129,0,0
-57360,0,0
-514371,0,0
-658285,0,0
-631845,0,0
-443173,0,0
6710,0,0
547171,0,0
440027,0,0
192385,0,0
-96955,0,0
-420582,0,0
-442117,0,0
-520770,0,0
-571738,0,0
-260800,0,0
69066,0,0
255176,0,0
413424,0,0
237095,0,0
-99636,0,0
-391883,0,0
-503321,0,0
-421772,0,0
-271810,0,0
139765,0,0
468609,0,0
588054,0,0
379922,0,0
43686,0,0
-287630,0,0
-537003,0,0
-324021,0,0
-234020,0,0
4986,0,0
300838,0,0
350697,0,0
239306,0,0
34463,0,0
-299550,0,0
-625714,0,0
-467073,0,0
-633539,0,0
-425759,0,0
159370,0,0
326562,0,0
279964,0,0
104524,0,0
-247120,0,0
-528158,0,0
-623079,0,0
-680215,0,0
-619677,0,0
-228495,0,0
82930,0,0
230660,0,0
184490,0,0
-81084,0,0
-425330,0,0
-701943,0,0
-767154,0,0
-636687,0,0
-541178,0,0
-214119,0,0
136400,0,0
228774,0,0
123830,0,0
-163213,0,0
-522395,0,0
-662124,0,0
-623876,0,0
-713114,0,0
-392359,0,0
31180,0,0
273833,0,0
312846,0,0
70269,0,0
-269893,0,0
-435744,0,0
-612338,0,0
-641322,0,0
-473853,0,0
-71840,0,0
267445,0,0
492663,0,0
337640,0,0
-40827,0,0
-356824,0,0
-482147,0,0
-436594,0,0
-396158,0,0
-263681,0,0
177041,0,0
391954,0,0
292407,0,0
97031,0,0
-221936,0,0
-575034,0,0
-598738,0,0
-649113,0,0
-521331,0,0
6241,0,0
327557,0,0
334748,0,0
187310,0,0
-154862,0,0
-473049,0,0
-518137,0,0
-624009,0,0
-593655,0,0
-304634,0,0
16575,0,0
309359,0,0
316626,0,0
64228,0,0
-331484,0,0
-587458,0,0
-676172,0,0
-593300,0,0
-485496,0,0
-111621,0,0
255948,0,0
318319,0,0
178116,0,0
-90191,0,0
-433647,0,0
-581436,0,0
-581145,0,0
-581393,0,0
-267180,0,0
160112,0,0
297281,0,0
360207,0,0
107672,0,0
-311196,0,0
-572031,0,0
-584071,0,0
-617236,0,0
-436234,0,0
25694,0,0
296920,0,0
394216,0,0
234944,0,0
-56591,0,0
-387326,0,0
-481201,0,0
-490367,0,0
-468786,0,0
-240824,0,0
178113,0,0
402637,0,0
313236,0,0
126747,0,0
-209566,0,0
-459551,0,0
-478828,0,0
-527808,0,0
-478555,0,0
-110995,0,0
220999,0,0
337164,0,0
308190,0,0
-3718,0,0
-414355,0,0
-616954,0,0
-661035,0,0
-596524,0,0
-360762,0,0
-44789,0,0
188012,0,0
274510,0,0
140384,0,0
-211541,0,0
-479311,0,0
-727657,0,0
-674793,0,0
-667684,0,0
-416836,0,0
5700,0,0
180698,0,0
159287,0,0
96940,0,0
-253695,0,0
-549217,0,0
-664513,0,0
-728676,0,0
-642588,0,0
-247841,0,0
31083,0,0
179296,0,0
235512,0,0
25680,0,0
-299750,0,0
-598121,0,0
-626462,0,0
-558047,0,0
-560171,0,0
-277520,0,0
101926,0,0
215149,0,0
211607,0,0
128093,0,0
-256991,0,0
-545328,0,0
-565495,0,0
-614390,0,0
-523875,0,0
-69788,0,0
261243,0,0
363866,0,0
300923,0,0
1317,0,0
-359062,0,0
-571402,0,0
-593296,0,0
-537691,0,0
-288369,0,0
37984,0,0
338043,0,0
330576,0,0
212699,0,0
-58717,0,0
-439179,0,0
-552770,0,0
-466302,0,0
-432569,0,0
-173562,0,0
202022,0,0
344795,0,0
348055,0,0
117167,0,0
-246236,0,0
-419284,0,0
-534956,0,0
-636588,0,0
-419459,0,0
-35335,0,0
251437,0,0
496922,0,0
328014,0,0
-46028,0,0
-335363,0,0
-579700,0,0
-613196,0,0
-506097,0,0
-308366,0,0
27931,0,0
251469,0,0
332622,0,0
228471,0,0
-136260,0,0
-549397,0,0
-564922,0,0
-570404,0,0
-619126,0,0
-283801,0,0
-18320,0,0
110401,0,0
304585,0,0
166890,0,0
-216382,0,0
-470855,0,0
-638688,0,0
-687249,0,0
-653106,0,0
-239403,0,0
126550,0,0
272786,0,0
278066,0,0
118011,0,0
-208153,0,0
-556767,0,0
-564364,0,0
-560692,0,0
-548041,0,0
-132070,0,0
233951,0,0
363989,0,0
327735,0,0
112321,0,0
-258893,0,0
-475425,0,0
-512618,0,0
-547064,0,0
-344050,0,0
19629,0,0
342909,0,0
456498,0,0
324948,0,0
20252,0,0
-307498,0,0
-554115,0,0
-500732,0,0
-397904,0,0
-49412,0,0
329231,0,0
436192,0,0
348562,0,0
118903,0,0
-249382,0,0
-428293,0,0
-360775,0,0
-495748,0,0
-394144,0,0
10331,0,0
315298,0,0
452022,0,0
248885,0,0
-82509,0,0
-383490,0,0
-383671,0,0
-499380,0,0
-494834,0,0
-153024,0,0
104031,0,0
210090,0,0
284241,0,0
145801,0,0
-109646,0,0
-314896,0,0
-538242,0,0
-628635,0,0
-522247,0,0
-117925,0,0
336656,0,0
467539,0,0
218779,0,0
-59046,0,0
-417529,0,0
-540875,0,0
-560261,0,0
-603887,0,0
-306326,0,0
129208,0,0
245876,0,0
258371,0,0
199562,0,0
-164894,0,0
-406591,0,0
-553449,0,0
-625167,0,0
-514913,0,0
-131877,0,0
216041,0,0
377772,0,0
364584,0,0
68634,0,0
-263666,0,0
-536479,0,0
-547403,0,0
-532506,0,0
-331973,0,0
112194,0,0
424649,0,0
367730,0,0
266008,0,0
-64401,0,0
-501854,0,0
-444710,0,0
-567813,0,0
-575670,0,0
-201403,0,0
153555,0,0
366264,0,0
382424,0,0
180008,0,0
-88146,0,0
-333261,0,0
-539106,0,0
-634793,0,0
-414638,0,0
13535,0,0
432412,0,0
500730,0,0
258768,0,0
-69058,0,0
-357385,0,0
-581145,0,0
-557250,0,0
-430191,0,0
-67203,0,0
342514,0,0
433124,0,0
328913,0,0
57659,0,0
-361367,0,0
-551597,0,0
-537473,0,0
-504034,0,0
-269367,0,0
138598,0,0
327156,0,0
374740,0,0
154080,0,0
-288234,0,0
-486780,0,0
-533865,0,0
-653099,0,0
-569434,0,0
-238155,0,0
151572,0,0
379527,0,0
345273,0,0
55824,0,0
-336920,0,0
-570234,0,0
-546562,0,0
-600317,0,0
-440213,0,0
-19796,0,0
386211,0,0
423762,0,0
264347,0,0
-56263,0,0
-390034,0,0
-482430,0,0
-582733,0,0
-540683,0,0
-170369,0,0
237928,0,0
507174,0,0
496216,0,0
169866,0,0
-195481,0,0
-453123,0,0
-557208,0,0
-458534,0,0
-120295,0,0
245941,0,0
556014,0,0
644996,0,0
328806,0,0
-81025,0,0
-432697,0,0
-558718,0,0
-501281,0,0
-456712,0,0
-93107,0,0
307009,0,0
404398,0,0
330432,0,0
107373,0,0
-323260,0,0
-518034,0,0
-552294,0,0
-568865,0,0
-302987,0,0
76748,0,0
215776,0,0
301856,0,0
123154,0,0
-260093,0,0
-421200,0,0
-199291,0,0
-306192,0,0
-472125,0,0
-187980,0,0
176509,0,0
436551,0,0
334601,0,0
-54005,0,0
-315423,0,0
-473829,0,0
-519794,0,0
-526763,0,0
-334232,0,0
95080,0,0
428384,0,0
391051,0,0
209395,0,0
-51178,0,0
-353710,0,0
-534469,0,0
-640337,0,0
-562085,0,0
-78569,0,0
291935,0,0
451027,0,0
318336,0,0
-42685,0,0
-418113,0,0
-506611,0,0
-527320,0,0
-612681,0,0
-246857,0,0
180308,0,0
472713,0,0
613015,0,0
335165,0,0
-236017,0,0
-484948,0,0
-552671,0,0
-442180,0,0
-251633,0,0
143365,0,0
499555,0,0
428388,0,0
270121,0,0
70043,0,0
-246157,0,0
-419931,0,0
-386774,0,0
-311742,0,0
93345,0,0
624856,0,0
706808,0,0
544755,0,0
286045,0,0
-152477,0,0
-342419,0,0
-332966,0,0
-306822,0,0
-71425,0,0
271469,0,0
435207,0,0
497565,0,0
205458,0,0
-232215,0,0
-431624,0,0
-488037,0,0
-643044,0,0
-508645,0,0
-55833,0,0
262456,0,0
420627,0,0
277696,0,0
-32460,0,0
-290892,0,0
-544261,0,0
-679746,0,0
-643624,0,0
-305313,0,0
170544,0,0
360762,0,0
255888,0,0
17754,0,0
-322773,0,0
-581360,0,0
-542119,0,0
-601614,0,0
-381519,0,0
46212,0,0
294262,0,0
407405,0,0
345325,0,0
7720,0,0
-421280,0,0
-391614,0,0
-443248,0,0
-221849,0,0
141635,0,0
407826,0,0
468605,0,0
339606,0,0
-67045,0,0
-431512,0,0
-481789,0,0
-624268,0,0
-650564,0,0
-375906,0,0
-11865,0,0
329586,0,0
305567,0,0
24125,0,0
-334526,0,0
-537511,0,0
-644494,0,0
-664873,0,0
-535942,0,0
-121053,0,0
209240,0,0
345607,0,0
180170,0,0
-137506,0,0
-458713,0,0
-556112,0,0
-640623,0,0
-658694,0,0
-300012,0,0
90550,0,0
302753,0,0
338677,0,0
101558,0,0
-293419,0,0
-594692,0,0
-640513,0,0
-647026,0,0
-466554,0,0
-69129,0,0
319646,0,0
346497,0,0
136757,0,0
-141498,0,0
-398922,0,0
-611578,0,0
-643389,0,0
-645005,0,0
-381629,0,0
74709,0,0
307223,0,0
298409,0,0
140593,0,0
-216814,0,0
-528622,0,0
-616480,0,0
-593494,0,0
-442277,0,0
22007,0,0
310091,0,0
485428,0,0
350057,0,0
-102644,0,0
-427507,0,0
-534849,0,0
-573560,0,0
-423725,0,0
-96126,0,0
186782,0,0
418917,0,0
494669,0,0
187070,0,0
-154086,0,0
-414393,0,0
-709699,0,0
-534388,0,0
-137442,0,0
267813,0,0
436896,0,0
371621,0,0
178585,0,0
-33651,0,0
-523710,0,0
-423509,0,0
-347236,0,0
-363664,0,0
51002,0,0
336253,0,0
478781,0,0
417826,0,0
108167,0,0
-461917,0,0
-580800,0,0
-626686,0,0
-585260,0,0
-68789,0,0
216195,0,0
373439,0,0
348644,0,0
8695,0,0
-418926,0,0
-632437,0,0
-670409,0,0
-580865,0,0
-463280,0,0
-65808,0,0
253629,0,0
292104,0,0
224118,0,0
-120731,0,0
-548806,0,0
-591310,0,0
-337048,0,0
-359612,0,0
-102999,0,0
297445,0,0
437465,0,0
374823,0,0
125375,0,0
-260614,0,0
-422072,0,0
-266648,0,0
-330833,0,0
-224355,0,0
52168,0,0
320236,0,0
420808,0,0
231878,0,0
-202577,0,0
-507963,0,0
-474986,0,0
-438746,0,0
-456045,0,0
-117730,0,0
195395,0,0
429877,0,0
268265,0,0
-56449,0,0
-318368,0,0
-594736,0,0
-676288,0,0
-638463,0,0
-340825,0,0
58828,0,0
323826,0,0
292468,0,0
79642,0,0
-325675,0,0
-572874,0,0
-593389,0,0
-721515,0,0
-610244,0,0
-233228,0,0
143079,0,0
288500,0,0
314231,0,0
-25143,0,0
-424221,0,0
-603375,0,0
-634024,0,0
-595003,0,0
-442418,0,0
-44124,0,0
225193,0,0
328363,0,0
173010,0,0
-110747,0,0
-490073,0,0
-644642,0,0
-532114,0,0
-529703,0,0
-194796,0,0
242590,0,0
409215,0,0
335617,0,0
120727,0,0
-239012,0,0
-346472,0,0
-384916,0,0
-502995,0,0
-165633,0,0
274749,0,0
555805,0,0
562732,0,0
371021,0,0
-7697,0,0
-330797,0,0
-437381,0,0
-488858,0,0
-348447,0,0
62785,0,0
367707,0,0
450243,0,0
301477,0,0
3531,0,0
-234101,0,0
-401397,0,0
-525882,0,0
-553870,0,0
-315258,0,0
23234,0,0
228672,0,0
286656,0,0
102543,0,0
-244572,0,0
-574764,0,0
-595862,0,0
-562498,0,0
-524646,0,0
-200425,0,0
65332,0,0
222154,0,0
243907,0,0
-20092,0,0
-429134,0,0
-562248,0,0
-672199,0,0
-643301,0,0
-374504,0,0
23881,0,0
291540,0,0
321894,0,0
210526,0,0
-72376,0,0
-361470,0,0
-561949,0,0
-579224,0,0
-513266,0,0
-123104,0,0
358072,0,0
530224,0,0
446021,0,0
235499,0,0
-265035,0,0
-480016,0,0
-359914,0,0
-474379,0,0
-207782,0,0
279302,0,0
495281,0,0
519734,0,0
288823,0,0
-133851,0,0
-353709,0,0
26307,0,0
-193109,0,0
-161977,0,0
66096,0,0
297359,0,0
436467,0,0
308628,0,0
-95858,0,0
-351785,0,0
-380599,0,0
-521147,0,0
-419435,0,0
-135130,0,0
285966,0,0
477081,0,0
358661,0,0
49258,0,0
-232518,0,0
-548946,0,0
-535695,0,0
-334942,0,0
-177896,0,0
200654,0,0
449698,0,0
452749,0,0
271854,0,0
-77047,0,0
-411384,0,0
-382368,0,0
-379317,0,0
-297365,0,0
93135,0,0
420502,0,0
646884,0,0
564005,0,0
161313,0,0
-239198,0,0
-441907,0,0
-441925,0,0
-382101,0,0
-52042,0,0
269232,0,0
526232,0,0
386754,0,0
-45408,0,0
-417193,0,0
-671441,0,0
-617554,0,0
-608531,0,0
-288241,0,0
162641,0,0
522019,0,0
496032,0,0
251994,0,0
-72754,0,0
-500998,0,0
-649665,0,0
-673542,0,0
-351874,0,0
94797,0,0
401901,0,0
399879,0,0
369690,0,0
21843,0,0
-450524,0,0
-635719,0,0
-672214,0,0
-606899,0,0
-211982,0,0
178184,0,0
324868,0,0
312625,0,0
41245,0,0
-393116,0,0
-678603,0,0
-689288,0,0
-583295,0,0
-377181,0,0
766,0,0
342864,0,0
383301,0,0
131152,0,0
-107135,0,0
-466485,0,0
-662076,0,0
-630705,0,0
-527082,0,0
-141084,0,0
235260,0,0
380104,0,0
353849,0,0
201535,0,0
-202519,0,0
-342141,0,0
-263725,0,0
-300950,0,0
-56577,0,0
194799,0,0
403295,0,0
428793,0,0
282142,0,0
-71926,0,0
-278022,0,0
-317497,0,0
-348829,0,0
-125920,0,0
272079,0,0
600641,0,0
589943,0,0
293395,0,0
-132954,0,0
-379294,0,0
-469185,0,0
-455504,0,0
-232079,0,0
264330,0,0
546876,0,0
526990,0,0
271236,0,0
-63294,0,0
-393036,0,0
-388100,0,0
-213622,0,0
-249337,0,0
9430,0,0
426192,0,0
572930,0,0
464215,0,0
270883,0,0
-33984,0,0
-255890,0,0
-233072,0,0
-360058,0,0
-126700,0,0
375063,0,0
678250,0,0
785980,0,0
596633,0,0
55327,0,0
-285683,0,0
-365820,0,0
-430384,0,0
-81310,0,0
440376,0,0
753823,0,0
805683,0,0
572619,0,0
185203,0,0
-128703,0,0
-321267,0,0
-274330,0,0
-2493,0,0
430675,0,0
940219,0,0
1039450,0,0
882870,0,0
620596,0,0
288923,0,0
-92747,0,0
-64422,0,0
30127,0,0
220522,0,0
735340,0,0
959907,0,0
808615,0,0
601573,0,0
385951,0,0
115646,0,0
-72181,0,0
-192843,0,0
43676,0,0
580962,0,0
771235,0,0
813011,0,0
602124,0,0
188739,0,0
-196320,0,0
-148964,0,0
-137557,0,0
-123370,0,0
128965,0,0
301776,0,0
378613,0,0
208816,0,0
-159364,0,0
-485161,0,0
-584908,0,0
-626392,0,0
-542206,0,0
-156955,0,0
162411,0,0
337447,0,0
194819,0,0
-108497,0,0
-437542,0,0
-693213,0,0
-612390,0,0
-516890,0,0
-266287,0,0
59279,0,0
249968,0,0
193625,0,0
5486,0,0
-204019,0,0
-481588,0,0
-574710,0,0
-600290,0,0
-370403,0,0
-35723,0,0
289470,0,0
415053,0,0
336957,0,0
-21187,0,0
-359609,0,0
-475923,0,0
-557903,0,0
-381232,0,0
25939,0,0
424431,0,0
454835,0,0
288232,0,0
-45015,0,0
-336633,0,0
-576697,0,0
-555192,0,0
-661372,0,0
-426962,0,0
149853,0,0
481137,0,0
357073,0,0
70993,0,0
-211413,0,0
-539297,0,0
-628198,0,0
-569689,0,0
-294479,0,0
147785,0,0
298234,0,0
272530,0,0
128998,0,0
-135079,0,0
-532770,0,0
-614663,0,0
-594612,0,0
-305004,0,0
84061,0,0
225944,0,0
233979,0,0
173724,0,0
-97911,0,0
-322267,0,0
-358911,0,0
-517219,0,0
-442907,0,0
-155081,0,0
154645,0,0
373788,0,0
237391,0,0
-130614,0,0
-423123,0,0
-507357,0,0
-497720,0,0
-530333,0,0
-453596,0,0
-114375,0,0
123606,0,0
93958,0,0
-78373,0,0
-257808,0,0
-485142,0,0
-671461,0,0
-537412,0,0
-511288,0,0
-231680,0,0
14127,0,0
220391,0,0
200234,0,0
-88254,0,0
-510225,0,0
-807399,0,0
-838337,0,0
-718903,0,0
-319816,0,0
-25749,0,0
177466,0,0
158151,0,0
-136923,0,0
-477499,0,0
-592514,0,0
-645883,0,0
-562495,0,0
-260800,0,0
106128,0,0
358581,0,0
504733,0,0
384325,0,0
63265,0,0
-338988,0,0
-471232,0,0
-489665,0,0
-520847,0,0
-156616,0,0
271695,0,0
376885,0,0
210584,0,0
-57615,0,0
-343569,0,0
-562163,0,0
-713314,0,0
-492584,0,0
37135,0,0
347127,0,0
377716,0,0
228374,0,0
-86464,0,0
-281010,0,0
-260146,0,0
-217009,0,0
-142697,0,0
23504,0,0
166076,0,0
355208,0,0
352875,0,0
84106,0,0
-312170,0,0
-396131,0,0
-439517,0,0
-535159,0,0
-406262,0,0
68948,0,0
381270,0,0
440350,0,0
127343,0,0
-275298,0,0
-601252,0,0
-707258,0,0
-644989,0,0
-539069,0,0
-130582,0,0
259559,0,0
312797,0,0
190682,0,0
20790,0,0
-420617,0,0
-712778,0,0
-574041,0,0
-555952,0,0
-123335,0,0
290252,0,0
599488,0,0
509607,0,0
159821,0,0
-245784,0,0
-465730,0,0
-402237,0,0
-302836,0,0
-47438,0,0
211978,0,0
491766,0,0
516387,0,0
321023,0,0
-96489,0,0
-377381,0,0
-516823,0,0
-392615,0,0
-236401,0,0
-47356,0,0
331201,0,0
390246,0,0
223039,0,0
-142740,0,0
-440231,0,0
-552865,0,0
-520968,0,0
-360378,0,0
-13781,0,0
292771,0,0
391970,0,0
289666,0,0
-53617,0,0
-395402,0,0
-611386,0,0
-479607,0,0
-401321,0,0
1048,0,0
393867,0,0
391182,0,0
342582,0,0
162764,0,0
-140226,0,0
-371586,0,0
-326376,0,0
-391260,0,0
-182484,0,0
92144,0,0
527267,0,0
572754,0,0
307080,0,0
-133184,0,0
-458252,0,0
-606939,0,0
-573806,0,0
-428553,0,0
-173559,0,0
156532,0,0
241659,0,0
95962,0,0
-199713,0,0
-512410,0,0
-667741,0,0
-747010,0,0
-564298,0,0
-447408,0,0
-74595,0,0
126325,0,0
314955,0,0
176321,0,0
-159909,0,0
-574579,0,0
-739521,0,0
-607109,0,0
-399295,0,0
-11267,0,0
186172,0,0
258900,0,0
157140,0,0
-104806,0,0
-389742,0,0
-526689,0,0
-456049,0,0
-594013,0,0
-237173,0,0
100807,0,0
316064,0,0
287166,0,0
-71296,0,0
-491057,0,0
-702159,0,0
-579788,0,0
-360458,0,0
-234883,0,0
22256,0,0
253839,0,0
157765,0,0
3964,0,0
-368387,0,0
-578784,0,0
-689361,0,0
-557980,0,0
-314204,0,0
43117,0,0
242016,0,0
327489,0,0
275606,0,0
-81262,0,0
-395726,0,0
-472349,0,0
-411785,0,0
-375478,0,0
-95642,0,0
233166,0,0
376718,0,0
303269,0,0
3962,0,0
-318278,0,0
-614219,0,0
-726391,0,0
-641265,0,0
-410383,0,0
162244,0,0
379944,0,0
426839,0,0
170482,0,0
-273490,0,0
-619273,0,0
-698045,0,0
-660778,0,0
-578109,0,0
-59395,0,0
279012,0,0
364892,0,0
270721,0,0
-122087,0,0
-498838,0,0
-669776,0,0
-693792,0,0
-659255,0,0
-239391,0,0
114805,0,0
326454,0,0
293807,0,0
-7144,0,0
-388190,0,0
-614337,0,0
-675132,0,0
-622572,0,0
-438929,0,0
-133744,0,0
166522,0,0
303834,0,0
274135,0,0
-100081,0,0
-486039,0,0
-692839,0,0
-672162,0,0
-634944,0,0
-323024,0,0
191535,0,0
333220,0,0
283425,0,0
71933,0,0
-219581,0,0
-589038,0,0
-686738,0,0
-661680,0,0
-497155,0,0
-37889,0,0
240972,0,0
341614,0,0
229151,0,0
-102127,0,0
-458819,0,0
-576258,0,0
-637651,0,0
-563865,0,0
-299693,0,0
54734,0,0
225395,0,0
307755,0,0
131963,0,0
-230341,0,0
-497452,0,0
-583611,0,0
-525569,0,0
-479348,0,0
6150,0,0
335282,0,0
322230,0,0
202981,0,0
-64227,0,0
-304693,0,0
-530301,0,0
-523593,0,0
-556210,0,0
-227498,0,0
97644,0,0
352247,0,0
524139,0,0
258562,0,0
-189220,0,0
-555771,0,0
-569047,0,0
-623749,0,0
-401539,0,0
-20633,0,0
346608,0,0
542424,0,0
369608,0,0
-14360,0,0
-261172,0,0
-232046,0,0
-270119,0,0
-382672,0,0
-209159,0,0
349512,0,0
563903,0,0
385080,0,0
61272,0,0
-217070,0,0
-367517,0,0
-485273,0,0
-504796,0,0
-231892,0,0
237730,0,0
422087,0,0
405290,0,0
133576,0,0
-291303,0,0
-561803,0,0
-646748,0,0
-642495,0,0
-222514,0,0
343528,0,0
336444,0,0
348045,0,0
118377,0,0
-203345,0,0
-476074,0,0
-416698,0,0
-354127,0,0
-412934,0,0
-151077,0,0
202733,0,0
464338,0,0
362783,0,0
10899,0,0
-392069,0,0
-563001,0,0
-576182,0,0
-554258,0,0
-383672,0,0
21908,0,0
337101,0,0
246490,0,0
78920,0,0
-249641,0,0
-544037,0,0
-620109,0,0
-602737,0,0
-473537,0,0
-132007,0,0
192761,0,0
392918,0,0
372223,0,0
31421,0,0
-401313,0,0
-542889,0,0
-621008,0,0
-388820,0,0
-158358,0,0
220274,0,0
448675,0,0
418833,0,0
110818,0,0
-195710,0,0
-471631,0,0
-543009,0,0
-497513,0,0
-478439,0,0
-51488,0,0
282773,0,0
354755,0,0
266294,0,0
-37713,0,0
-316545,0,0
-551687,0,0
-598031,0,0
-633189,0,0
-161442,0,0
212552,0,0
310107,0,0
325531,0,0
159932,0,0
-184819,0,0
-385486,0,0
-519553,0,0
-620043,0,0
-230699,0,0
149760,0,0
414364,0,0
503829,0,0
289295,0,0
-63298,0,0
-350896,0,0
-421321,0,0
-400217,0,0
-156364,0,0
151735,0,0
515290,0,0
633994,0,0
515770,0,0
145907,0,0
-172362,0,0
-402828,0,0
-313123,0,0
-234674,0,0
40304,0,0
445573,0,0
590611,0,0
503110,0,0
139561,0,0
-258348,0,0
-433269,0,0
-413811,0,0
-379894,0,0
-121072,0,0
405582,0,0
552281,0,0
519558,0,0
257060,0,0
-67904,0,0
-317567,0,0
-386841,0,0
-441017,0,0
-230319,0,0
21240,0,0
223843,0,0
348113,0,0
245400,0,0
17745,0,0
-391353,0,0
-528828,0,0
-619330,0,0
-300701,0,0
65866,0,0
384074,0,0
467240,0,0
339104,0,0
146935,0,0
-54980,0,0
-186216,0,0
-191456,0,0
-151883,0,0
58343,0,0
432571,0,0
620360,0,0
546917,0,0
263431,0,0
-121842,0,0
-123813,0,0
-43516,0,0
-128678,0,0
57731,0,0
472585,0,0
662261,0,0
753214,0,0
595168,0,0
132126,0,0
-235882,0,0
-378316,0,0
-460875,0,0
-346735,0,0
98284,0,0
245015,0,0
424952,0,0
344115,0,0
175195,0,0
-163935,0,0
-383726,0,0
-340404,0,0
-240567,0,0
66107,0,0
486262,0,0
748382,0,0
554031,0,0
295499,0,0
41910,0,0
-165883,0,0
-199046,0,0
-337981,0,0
181331,0,0
736526,0,0
757754,0,0
470063,0,0
180953,0,0
-139459,0,0
-409505,0,0
-351922,0,0
-243886,0,0
-8412,0,0
290152,0,0
428219,0,0
431898,0,0
261356,0,0
-163347,0,0
-505417,0,0
-480615,0,0
-544698,0,0
-263804,0,0
19967,0,0
134104,0,0
184573,0,0
136440,0,0
-66901,0,0
-356116,0,0
-593661,0,0
-604392,0,0
-377572,0,0
-124968,0,0
225385,0,0
438006,0,0
364751,0,0
31767,0,0
-273102,0,0
-338260,0,0
-303082,0,0
-88192,0,0
40748,0,0
429261,0,0
675909,0,0
692846,0,0
464604,0,0
105902,0,0
-296228,0,0
-279210,0,0
-237610,0,0
-136565,0,0
334073,0,0
507415,0,0
427913,0,0
164115,0,0
-97631,0,0
-423246,0,0
-472855,0,0
-588934,0,0
-297143,0,0
248859,0,0
316684,0,0
343929,0,0
139820,0,0
-249490,0,0
-393770,0,0
-308404,0,0
-532753,0,0
-434153,0,0
-82107,0,0
139484,0,0
363349,0,0
239379,0,0
-47343,0,0
-421601,0,0
-609162,0,0
-565782,0,0
-361551,0,0
-197679,0,0
46180,0,0
316375,0,0
244697,0,0
23213,0,0
-294690,0,0
-639949,0,0
-806132,0,0
-705098,0,0
-485760,0,0
75728,0,0
242241,0,0
241695,0,0
109260,0,0
-220872,0,0
-525616,0,0
-616903,0,0
-593670,0,0
-367966,0,0
173266,0,0
351872,0,0
398056,0,0
263088,0,0
-93923,0,0
-422449,0,0
-641493,0,0
-688995,0,0
-631758,0,0
-158045,0,0
121455,0,0
366115,0,0
164680,0,0
-194735,0,0
-523175,0,0
-730834,0,0
-526075,0,0
-500694,0,0
-389548,0,0
-87963,0,0
313957,0,0
233793,0,0
-64040,0,0
-428233,0,0
-691678,0,0
-804475,0,0
-654375,0,0
-268529,0,0
145446,0,0
295308,0,0
188690,0,0
27538,0,0
-289499,0,0
-606325,0,0
-662327,0,0
-598189,0,0
-523605,0,0
-78259,0,0
284303,0,0
396003,0,0
288830,0,0
-131033,0,0
-585285,0,0
-684701,0,0
-582723,0,0
-219494,0,0
53155,0,0
194649,0,0
231973,0,0
103793,0,0
-141438,0,0
-367446,0,0
-607929,0,0
-516401,0,0
-448904,0,0
-373077,0,0
-112088,0,0
241788,0,0
430755,0,0
200252,0,0
-220723,0,0
-668859,0,0
-839952,0,0
-693746,0,0
-637412,0,0
-178951,0,0
252410,0,0
504966,0,0
384201,0,0
-40552,0,0
-539069,0,0
-719396,0,0
-716532,0,0
-731273,0,0
-309063,0,0
69912,0,0
262317,0,0
297622,0,0
54073,0,0
-268285,0,0
-385232,0,0
-525299,0,0
-425392,0,0
-192338,0,0
-19849,0,0
285445,0,0
442644,0,0
311493,0,0
-17451,0,0
-288272,0,0
-528790,0,0
-517415,0,0
-443072,0,0
-176694,0,0
225440,0,0
367780,0,0
216343,0,0
-89673,0,0
-400754,0,0
-377937,0,0
-289252,0,0
-354503,0,0
-100431,0,0
343130,0,0
425571,0,0
423045,0,0
177688,0,0
-99763,0,0
-289235,0,0
-274288,0,0
-533648,0,0
-228766,0,0
171106,0,0
363472,0,0
493843,0,0
282203,0,0
-127245,0,0
-529659,0,0
-667557,0,0
-671450,0,0
-412696,0,0
-51232,0,0
281965,0,0
320354,0,0
84907,0,0
-171492,0,0
-486171,0,0
-702142,0,0
-720946,0,0
-668006,0,0
-345439,0,0
12418,0,0
251004,0,0
259237,0,0
55306,0,0
-363292,0,0
-617302,0,0
-670107,0,0
-686871,0,0
-583807,0,0
-136668,0,0
147886,0,0
387936,0,0
391461,0,0
119970,0,0
-317441,0,0
-645296,0,0
-750717,0,0
-621047,0,0
-253200,0,0
89058,0,0
347600,0,0
226598,0,0
38519,0,0
-242669,0,0
-492143,0,0
-562886,0,0
-673634,0,0
-513484,0,0
-71152,0,0
365466,0,0
428007,0,0
252010,0,0
-104251,0,0
-507641,0,0
-601854,0,0
-666105,0,0
-557724,0,0
-121006,0,0
353877,0,0
477891,0,0
453701,0,0
108791,0,0
-263714,0,0
-343050,0,0
-520850,0,0
-554679,0,0
-51985,0,0
481495,0,0
700784,0,0
714731,0,0
373355,0,0
-27601,0,0
-222562,0,0
-321408,0,0
-137234,0,0
-74905,0,0
271347,0,0
678391,0,0
727165,0,0
451921,0,0
138643,0,0
-227364,0,0
-567767,0,0
-384231,0,0
-231094,0,0
139339,0,0
390053,0,0
347984,0,0
255387,0,0
59494,0,0
-297504,0,0
-434186,0,0
-215662,0,0
-453647,0,0
-168184,0,0
372306,0,0
591737,0,0
545970,0,0
214674,0,0
-245027,0,0
-629752,0,0
-682864,0,0
-666871,0,0
-243760,0,0
71179,0,0
348526,0,0
519303,0,0
258493,0,0
-273090,0,0
-617399,0,0
-757582,0,0
-645969,0,0
-393355,0,0
-37797,0,0
193148,0,0
279645,0,0
168094,0,0
-106422,0,0
-502042,0,0
-750097,0,0
-716895,0,0
-735124,0,0
-455804,0,0
31403,0,0
213349,0,0
326715,0,0
123710,0,0
-219203,0,0
-624839,0,0
-699451,0,0
-725504,0,0
-593348,0,0
-101382,0,0
261511,0,0
346256,0,0
165330,0,0
-133114,0,0
-423728,0,0
-631933,0,0
-706073,0,0
-643207,0,0
-369741,0,0
-58376,0,0
425299,0,0
403903,0,0
166937,0,0
-246693,0,0
-564528,0,0
-699803,0,0
-585189,0,0
-505459,0,0
-30389,0,0
337039,0,0
351589,0,0
240280,0,0
-121054,0,0
-442766,0,0
-554041,0,0
-651009,0,0
-643500,0,0
-182401,0,0
239327,0,0
409300,0,0
386148,0,0
11399,0,0
-357349,0,0
-586079,0,0
-664648,0,0
-635697,0,0
-325315,0,0
-30620,0,0
333452,0,0
410505,0,0
80790,0,0
-299410,0,0
-615014,0,0
-659874,0,0
-583445,0,0
-569843,0,0
-191910,0,0
233321,0,0
207108,0,0
132963,0,0
-56550,0,0
-430875,0,0
-586606,0,0
-591298,0,0
-662681,0,0
-406530,0,0
123560,0,0
325998,0,0
361119,0,0
149431,0,0
-240345,0,0
-563354,0,0
-608571,0,0
-644101,0,0
-488464,0,0
-122384,0,0
104796,0,0
362104,0,0
233598,0,0
17546,0,0
-250283,0,0
-552864,0,0
-594228,0,0
-570085,0,0
-390491,0,0
69160,0,0
427931,0,0
351112,0,0
159850,0,0
-154518,0,0
-551758,0,0
-520636,0,0
-568412,0,0
-529622,0,0
-124670,0,0
233842,0,0
298768,0,0
282857,0,0
46996,0,0
-328672,0,0
-512719,0,0
-627896,0,0
-644915,0,0
-427833,0,0
-15672,0,0
307563,0,0
381160,0,0
167160,0,0
-146938,0,0
-405581,0,0
-628525,0,0
-556601,0,0
-505754,0,0
-226088,0,0
158372,0,0
376413,0,0
338273,0,0
33556,0,0
-372113,0,0
-574478,0,0
-482572,0,0
-501444,0,0
-412477,0,0
-20165,0,0
234813,0,0
388396,0,0
308955,0,0
-93318,0,0
-398960,0,0
-450879,0,0
-645510,0,0
-553296,0,0
-245028,0,0
65928,0,0
297942,0,0
361856,0,0
133284,0,0
-147488,0,0
-318512,0,0
-705353,0,0
-714833,0,0
-499118,0,0
-57534,0,0
292828,0,0
394491,0,0
237277,0,0
-16190,0,0
-387621,0,0
-573785,0,0
-520833,0,0
-658956,0,0
-317269,0,0
150630,0,0
324000,0,0
361197,0,0
159401,0,0
-209909,0,0
-449277,0,0
-506672,0,0
-621833,0,0
-449333,0,0
-54630,0,0
263994,0,0
396482,0,0
322854,0,0
36947,0,0
-273565,0,0
-560511,0,0
-520997,0,0
-361905,0,0
-158114,0,0
220326,0,0
363053,0,0
353522,0,0
197790,0,0
-128585,0,0
-473965,0,0
-491496,0,0
-610274,0,0
-452260,0,0
177032,0,0
387174,0,0
391604,0,0
307062,0,0
-14083,0,0
-350698,0,0
-356031,0,0
-512741,0,0
-493212,0,0
-71921,0,0
214594,0,0
464197,0,0
349778,0,0
23626,0,0
-312580,0,0
-509201,0,0
-612067,0,0
-503384,0,0
-294288,0,0
41442,0,0
312703,0,0
353405,0,0
190725,0,0
-110589,0,0
-468510,0,0
-631039,0,0
-511946,0,0
-550046,0,0
-183902,0,0
230383,0,0
255113,0,0
297005,0,0
39192,0,0
-339472,0,0
-511198,0,0
-595091,0,0
-648103,0,0
-336229,0,0
41991,0,0
276720,0,0
378823,0,0
149922,0,0
-146756,0,0
-361198,0,0
-519724,0,0
-583976,0,0
-497121,0,0
-156964,0,0
232237,0,0
452447,0,0
265367,0,0
-13706,0,0
-338899,0,0
-416147,0,0
-523971,0,0
-562446,0,0
-374805,0,0
93452,0,0
311147,0,0
353246,0,0
195770,0,0
-176930,0,0
-473423,0,0
-558488,0,0
-613481,0,0
-530029,0,0
-127116,0,0
135040,0,0
344270,0,0
311305,0,0
74248,0,0
-242322,0,0
-515986,0,0
-607370,0,0
-534466,0,0
-364920,0,0
-32968,0,0
295165,0,0
410546,0,0
238724,0,0
-13084,0,0
-335256,0,0
-513599,0,0
-612212,0,0
-535371,0,0
-113641,0,0
420953,0,0
566577,0,0
375173,0,0
9502,0,0
-450382,0,0
-554098,0,0
-504934,0,0
-580698,0,0
-324919,0,0
124118,0,0
306441,0,0
387761,0,0
196635,0,0
-175927,0,0
-437624,0,0
-628422,0,0
-582914,0,0
-447349,0,0
-82111,0,0
277181,0,0
445019,0,0
284672,0,0
-3604,0,0
-378148,0,0
-626301,0,0
-627599,0,0
-556631,0,0
-319953,0,0
217479,0,0
526678,0,0
463179,0,0
185591,0,0
-218494,0,0
-585488,0,0
-530505,0,0
-602674,0,0
-481899,0,0
144683,0,0
441960,0,0
505854,0,0
289477,0,0
-116156,0,0
-431236,0,0
-519561,0,0
-535140,0,0
-346771,0,0
-135201,0,0
107634,0,0
342822,0,0
324977,0,0
72559,0,0
-202884,0,0
-493311,0,0
-646569,0,0
-612464,0,0
-381830,0,0
-42317,0,0
208443,0,0
240702,0,0
324993,0,0
156916,0,0
-344201,0,0
-626376,0,0
-611291,0,0
-610828,0,0
-261178,0,0
146507,0,0
334960,0,0
434416,0,0
139447,0,0
-330086,0,0
-536347,0,0
-650515,0,0
-616362,0,0
-363334,0,0
56268,0,0
227612,0,0
426060,0,0
242876,0,0
-132175,0,0
-348204,0,0
-374721,0,0
-471686,0,0
-572759,0,0
-303891,0,0
296229,0,0
605729,0,0
510771,0,0
96012,0,0
-347312,0,0
-596925,0,0
-509321,0,0
-543438,0,0
-409569,0,0
73591,0,0
240224,0,0
389155,0,0
284814,0,0
-77344,0,0
-475617,0,0
-534973,0,0
-617923,0,0
-536790,0,0
-150704,0,0
128895,0,0
294260,0,0
336992,0,0
66016,0,0
-293525,0,0
-526589,0,0
-611093,0,0
-549678,0,0
-395142,0,0
-57740,0,0
296075,0,0
380948,0,0
237140,0,0
-72676,0,0
-438519,0,0
-550115,0,0
-461664,0,0
-494444,0,0
-170656,0,0
231432,0,0
342020,0,0
344518,0,0
94102,0,0
-339548,0,0
-579442,0,0
-564996,0,0
-527268,0,0
-312580,0,0
54449,0,0
282434,0,0
364633,0,0
205910,0,0
-146121,0,0
-457373,0,0
-629533,0,0
-645538,0,0
-552638,0,0
-218740,0,0
316104,0,0
596488,0,0
295248,0,0
-47494,0,0
-399854,0,0
-608197,0,0
-596249,0,0
-487033,0,0
-337289,0,0
99692,0,0
338743,0,0
343724,0,0
267948,0,0
-125975,0,0
-462311,0,0
-555023,0,0
-585422,0,0
-527987,0,0
-84957,0,0
233739,0,0
403914,0,0
359320,0,0
47666,0,0
-318349,0,0
-637660,0,0
-684270,0,0
-552070,0,0
-329227,0,0
203528,0,0
439634,0,0
274173,0,0
116533,0,0
-171142,0,0
-496469,0,0
-605253,0,0
-482448,0,0
-508346,0,0
-172906,0,0
275461,0,0
353962,0,0
254585,0,0
-3325,0,0
-417568,0,0
-560033,0,0
-536931,0,0
-509435,0,0
-363256,0,0
-9320,0,0
249614,0,0
349080,0,0
203968,0,0
-194011,0,0
-442143,0,0
-631935,0,0
-656274,0,0
-501033,0,0
-122183,0,0
210575,0,0
411689,0,0
311475,0,0
32948,0,0
-323231,0,0
-626155,0,0
-585435,0,0
-490347,0,0
-374457,0,0
24822,0,0
315314,0,0
414518,0,0
268827,0,0
-82859,0,0
-443693,0,0
-394456,0,0
-533197,0,0
-556957,0,0
-144366,0,0
229692,0,0
408707,0,0
374700,0,0
54345,0,0
-319081,0,0
-503084,0,0
-616958,0,0
-546038,0,0
-326473,0,0
-20832,0,0
169480,0,0
242703,0,0
212233,0,0
-2085,0,0
-319620,0,0
-614632,0,0
-684425,0,0
-697590,0,0
-347888,0,0
196024,0,0
512865,0,0
421200,0,0
129954,0,0
-279497,0,0
-561575,0,0
-595778,0,0
-570887,0,0
-430885,0,0
-74159,0,0
233827,0,0
414076,0,0
292091,0,0
-63444,0,0
-394874,0,0
-560334,0,0
-600931,0,0
-527313,0,0
-285538,0,0
55206,0,0
370613,0,0
425152,0,0
225287,0,0
-115578,0,0
-528515,0,0
-537663,0,0
-461001,0,0
-455385,0,0
-49026,0,0
292828,0,0
371388,0,0
320008,0,0
17315,0,0
-400528,0,0
-483179,0,0
-543477,0,0
-572469,0,0
-234843,0,0
144928,0,0
335249,0,0
373738,0,0
167509,0,0
-171886,0,0
-407776,0,0
-589822,0,0
-565306,0,0
-439761,0,0
-73481,0,0
368773,0,0
471093,0,0
318855,0,0
-6048,0,0
-347807,0,0
-612409,0,0
-553615,0,0
-461256,0,0
-162719,0,0
247585,0,0
403034,0,0
338306,0,0
135676,0,0
-186267,0,0
-455855,0,0
-392204,0,0
-485827,0,0
-398811,0,0
-2986,0,0
230910,0,0
370448,0,0
280402,0,0
-81540,0,0
-402505,0,0
-592366,0,0
-668752,0,0
-635061,0,0
-292574,0,0
101460,0,0
330783,0,0
286031,0,0
129729,0,0
-153343,0,0
-561267,0,0
-573812,0,0
-446915,0,0
-481006,0,0
-133763,0,0
211010,0,0
388423,0,0
326209,0,0
13580,0,0
-402199,0,0
-445045,0,0
-594984,0,0
-627498,0,0
-275591,0,0
178580,0,0
470313,0,0
406924,0,0
162386,0,0
-200230,0,0
-534436,0,0
-610227,0,0
-534235,0,0
-422437,0,0
29700,0,0
378132,0,0
462946,0,0
251282,0,0
-73880,0,0
-384513,0,0
-493388,0,0
-521154,0,0
-598354,0,0
-255450,0,0
270986,0,0
448023,0,0
352303,0,0
166098,0,0
-216068,0,0
-498065,0,0
-332389,0,0
-525177,0,0
-419909,0,0
61187,0,0
331311,0,0
363622,0,0
231265,0,0
-84118,0,0
-343122,0,0
-494350,0,0
-629314,0,0
-535548,0,0
-96877,0,0
186444,0,0
406366,0,0
377609,0,0
86054,0,0
-231693,0,0
-406965,0,0
-535516,0,0
-483346,0,0
-311795,0,0
155955,0,0
520056,0,0
455396,0,0
204253,0,0
-35926,0,0
-411066,0,0
-428088,0,0
-396094,0,0
-383333,0,0
-27009,0,0
306270,0,0
237361,0,0
255761,0,0
94910,0,0
-253386,0,0
-357992,0,0
-523986,0,0
-606622,0,0
-236911,0,0
206058,0,0
464806,0,0
448700,0,0
166869,0,0
-248562,0,0
-388093,0,0
-510794,0,0
-553882,0,0
-308006,0,0
62783,0,0
328563,0,0
389840,0,0
164622,0,0
-152971,0,0
-264458,0,0
-374909,0,0
-336374,0,0
-232231,0,0
106239,0,0
499623,0,0
591635,0,0
454950,0,0
189946,0,0
-312657,0,0
-567067,0,0
-540288,0,0
-461726,0,0
-202669,0,0
242431,0,0
340746,0,0
298624,0,0
48522,0,0
-351673,0,0
-484954,0,0
-575026,0,0
-623959,0,0
-485139,0,0
-20076,0,0
282677,0,0
410756,0,0
236158,0,0
-71043,0,0
-237187,0,0
-399450,0,0
-539656,0,0
-470170,0,0
-175093,0,0
151030,0,0
321394,0,0
286121,0,0
65432,0,0
-154906,0,0
-415307,0,0
-475647,0,0
-569127,0,0
-347350,0,0
113715,0,0
376299,0,0
292600,0,0
110502,0,0
-188528,0,0
-378911,0,0
-342407,0,0
-386645,0,0
-363386,0,0
-102071,0,0
166109,0,0
351057,0,0
270058,0,0
-43465,0,0
-302472,0,0
-516691,0,0
-631776,0,0
-649726,0,0
-356366,0,0
98647,0,0
384484,0,0
352635,0,0
80187,0,0
-295993,0,0
-652560,0,0
-677277,0,0
-614563,0,0
-481214,0,0
-59651,0,0
302217,0,0
343370,0,0
154632,0,0
-162784,0,0
-467630,0,0
-561002,0,0
-590344,0,0
-608048,0,0
-319229,0,0
73508,0,0
293818,0,0
369281,0,0
146258,0,0
-279116,0,0
-420265,0,0
-504398,0,0
-631577,0,0
-445873,0,0
-42904,0,0
333076,0,0
487396,0,0
240746,0,0
-133531,0,0
-324981,0,0
-497128,0,0
-603677,0,0
-531887,0,0
-209123,0,0
270445,0,0
385663,0,0
261122,0,0
24389,0,0
-287860,0,0
-502638,0,0
-597700,0,0
-594922,0,0
-232470,0,0
173005,0,0
339252,0,0
317112,0,0
126748,0,0
-235400,0,0
-513888,0,0
-468148,0,0
-434379,0,0
-293977,0,0
-98413,0,0
325180,0,0
490508,0,0
334897,0,0
-36100,0,0
-198473,0,0
-357304,0,0
-627101,0,0
-591892,0,0
-202020,0,0
289196,0,0
426036,0,0
353218,0,0
102487,0,0
-166904,0,0
-460990,0,0
-546259,0,0
-638580,0,0
-452610,0,0
15954,0,0
295892,0,0
450311,0,0
317510,0,0
-121126,0,0
-537151,0,0
-612696,0,0
-578469,0,0
-581381,0,0
-108608,0,0
344012,0,0
520138,0,0
455614,0,0
98673,0,0
-335105,0,0
-494362,0,0
-576976,0,0
-590388,0,0
-315168,0,0
124282,0,0
349109,0,0
353023,0,0
169932,0,0
-145859,0,0
-469437,0,0
-587814,0,0
-519408,0,0
-454224,0,0
-176451,0,0
163664,0,0
403931,0,0
367905,0,0
83640,0,0
-412744,0,0
-675365,0,0
-679842,0,0
-633973,0,0
-447874,0,0
-59479,0,0
370051,0,0
579871,0,0
228423,0,0
-274078,0,0
-552737,0,0
-734004,0,0
-758942,0,0
-573920,0,0
1179,0,0
359053,0,0
414420,0,0
298628,0,0
64658,0,0
-261698,0,0
-521555,0,0
-576945,0,0
-568020,0,0
-326922,0,0
133471,0,0
435882,0,0
435139,0,0
237375,0,0
-105791,0,0
-513411,0,0
-610981,0,0
-632685,0,0
-436870,0,0
124514,0,0
559299,0,0
594562,0,0
384563,0,0
14801,0,0
-430540,0,0
-546861,0,0
-583823,0,0
-429446,0,0
-64573,0,0
273632,0,0
344994,0,0
381389,0,0
85737,0,0
-261699,0,0
-528244,0,0
-617367,0,0
-596871,0,0
-424287,0,0
34951,0,0
352768,0,0
463687,0,0
186120,0,0
-247736,0,0
-632412,0,0
-620206,0,0
-602376,0,0
-579009,0,0
-176400,0,0
275253,0,0
448372,0,0
335155,0,0
4992,0,0
-389966,0,0
-545945,0,0
-616249,0,0
-606467,0,0
-442785,0,0
-35154,0,0
304489,0,0
384501,0,0
245077,0,0
-78233,0,0
-379589,0,0
-608753,0,0
-642539,0,0
-675131,0,0
-226959,0,0
168447,0,0
464849,0,0
353591,0,0
13639,0,0
-336611,0,0
-606479,0,0
-577684,0,0
-220175,0,0
-76981,0,0
143670,0,0
340275,0,0
382695,0,0
254852,0,0
-66508,0,0
-418491,0,0
-383355,0,0
-263122,0,0
-180714,0,0
109220,0,0
382812,0,0
529665,0,0
420373,0,0
-14274,0,0
-377758,0,0
-507263,0,0
-571404,0,0
-534740,0,0
-258134,0,0
141509,0,0
484412,0,0
443789,0,0
111041,0,0
-283321,0,0
-603793,0,0
-639573,0,0
-557223,0,0
-544996,0,0
-157586,0,0
212791,0,0
518480,0,0
406469,0,0
80597,0,0
-340626,0,0
-627214,0,0
-711626,0,0
-599260,0,0
-188411,0,0
200833,0,0
419287,0,0
354013,0,0
57564,0,0
-312804,0,0
-443762,0,0
-464613,0,0
-529574,0,0
-233813,0,0
164768,0,0
369087,0,0
464122,0,0
263614,0,0
-81918,0,0
-410537,0,0
-508047,0,0
-534568,0,0
-300487,0,0
283901,0,0
628243,0,0
518168,0,0
189486,0,0
-119947,0,0
-384351,0,0
-543094,0,0
-628516,0,0
-520304,0,0
-189506,0,0
229538,0,0
496566,0,0
488247,0,0
168138,0,0
-315884,0,0
-599991,0,0
-675820,0,0
-654009,0,0
-500289,0,0
856,0,0
376572,0,0
482980,0,0
247513,0,0
-150975,0,0
-458912,0,0
-614903,0,0
-630988,0,0
-599768,0,0
-269929,0,0
104012,0,0
426619,0,0
404358,0,0
109560,0,0
-290919,0,0
-578992,0,0
-665363,0,0
-671197,0,0
-429726,0,0
993,0,0
243692,0,0
467977,0,0
285839,0,0
-177594,0,0
-570659,0,0
-641241,0,0
-587770,0,0
-497882,0,0
-171581,0,0
185918,0,0
302536,0,0
296509,0,0
21348,0,0
-323886,0,0
-556731,0,0
-591849,0,0
-518960,0,0
-396337,0,0
-44197,0,0
266290,0,0
318104,0,0
208003,0,0
-119766,0,0
-470007,0,0
-622624,0,0
-577542,0,0
-592702,0,0
-189798,0,0
185624,0,0
518082,0,0
508318,0,0
236977,0,0
-302091,0,0
-601346,0,0
-570684,0,0
-501305,0,0
-215639,0,0
104239,0,0
337527,0,0
322205,0,0
209582,0,0
-154550,0,0
-385557,0,0
-389854,0,0
-336033,0,0
-263328,0,0
104904,0,0
450340,0,0
512212,0,0
344612,0,0
29393,0,0
-224836,0,0
-356632,0,0
-278849,0,0
-234697,0,0
28499,0,0
344224,0,0
452995,0,0
372810,0,0
199284,0,0
-2378,0,0
-230633,0,0
-338395,0,0
-543058,0,0
-363752,0,0
-15899,0,0
309812,0,0
407601,0,0
251167,0,0
-80406,0,0
-494396,0,0
-554630,0,0
-647659,0,0
-457247,0,0
-112018,0,0
159756,0,0
429519,0,0
337033,0,0
-2952,0,0
-455994,0,0
-618467,0,0
-561932,0,0
-606874,0,0
-435039,0,0
116284,0,0
379026,0,0
331634,0,0
261999,0,0
64726,0,0
-278087,0,0
-515634,0,0
-641265,0,0
-390070,0,0
107706,0,0
434413,0,0
498229,0,0
371858,0,0
38959,0,0
-405129,0,0
-574090,0,0
-483330,0,0
-509151,0,0
-167005,0,0
142743,0,0
353630,0,0
265309,0,0
15019,0,0
-270978,0,0
-388463,0,0
-382441,0,0
-600309,0,0
-350901,0,0
47093,0,0
377131,0,0
481133,0,0
365919,0,0
55311,0,0
-295149,0,0
-383958,0,0
-480088,0,0
-342493,0,0
44394,0,0
510487,0,0
562837,0,0
380891,0,0
91350,0,0
-339217,0,0
-585097,0,0
-606791,0,0
-504679,0,0
-226225,0,0
350470,0,0
632456,0,0
458632,0,0
108059,0,0
-364359,0,0
-631896,0,0
-707211,0,0
-565233,0,0
-227607,0,0
198373,0,0
403755,0,0
367063,0,0
12010,0,0
-373064,0,0
-581336,0,0
-471638,0,0
-303171,0,0
-348092,0,0
-54548,0,0
212667,0,0
359438,0,0
215332,0,0
-44399,0,0
-371604,0,0
-547132,0,0
-583727,0,0
-582216,0,0
-202338,0,0
174924,0,0
298367,0,0
225340,0,0
51909,0,0
-174082,0,0
-445943,0,0
-555241,0,0
-727458,0,0
-473501,0,0
-47827,0,0
318745,0,0
383397,0,0
203119,0,0
-183373,0,0
-543509,0,0
-708122,0,0
-667359,0,0
-528639,0,0
-248350,0,0
101831,0,0
262544,0,0
333385,0,0
51131,0,0
-384872,0,0
-749953,0,0
-693680,0,0
-556799,0,0
-511434,0,0
1323,0,0
206520,0,0
242377,0,0
192031,0,0
-101580,0,0
-503102,0,0
-648566,0,0
-648278,0,0
-621691,0,0
-267132,0,0
45293,0,0
330545,0,0
387545,0,0
100270,0,0
-320859,0,0
-616855,0,0
-682212,0,0
-626479,0,0
-536009,0,0
-174314,0,0
203051,0,0
364293,0,0
248944,0,0
-101284,0,0
-395160,0,0
-579571,0,0
-541152,0,0
-696341,0,0
-404577,0,0
77436,0,0
223060,0,0
399376,0,0
295070,0,0
-8267,0,0
-491477,0,0
-594815,0,0
-570738,0,0
-447146,0,0
-112603,0,0
291320,0,0
532456,0,0
393249,0,0
48933,0,0
-392078,0,0
-416004,0,0
-392148,0,0
-306746,0,0
-177581,0,0
143804,0,0
399743,0,0
283861,0,0
82635,0,0
-315729,0,0
-523625,0,0
-538012,0,0
-482173,0,0
-501113,0,0
-118474,0,0
105477,0,0
237796,0,0
283146,0,0
-66577,0,0
-458880,0,0
-633044,0,0
-660691,0,0
-655928,0,0
-347026,0,0
-28265,0,0
223193,0,0
326385,0,0
116982,0,0
-182123,0,0
-494730,0,0
-632636,0,0
-676996,0,0
-592446,0,0
-291035,0,0
158264,0,0
345887,0,0
269480,0,0
20365,0,0
-362127,0,0
-540805,0,0
-600191,0,0
-618489,0,0
-456809,0,0
-60085,0,0
139546,0,0
354069,0,0
254925,0,0
-146032,0,0
-409101,0,0
-496014,0,0
-619980,0,0
-679838,0,0
-379449,0,0
91617,0,0
391816,0,0
400465,0,0
83540,0,0
-234921,0,0
-424783,0,0
-583660,0,0
-643114,0,0
-452711,0,0
-56694,0,0
284248,0,0
344871,0,0
304262,0,0
23557,0,0
-401437,0,0
-564699,0,0
-536542,0,0
-612060,0,0
-325653,0,0
90495,0,0
232600,0,0
309124,0,0
138604,0,0
-233226,0,0
-546476,0,0
-616090,0,0
-631840,0,0
-547608,0,0
-107829,0,0
261383,0,0
309584,0,0
210056,0,0
26312,0,0
-325377,0,0
-587412,0,0
-582104,0,0
-581251,0,0
-469461,0,0
-64013,0,0
286785,0,0
339739,0,0
360576,0,0
-11513,0,0
-461996,0,0
-652626,0,0
-653545,0,0
-527411,0,0
-278292,0,0
38909,0,0
279236,0,0
414938,0,0
187373,0,0
-153135,0,0
-477666,0,0
-622122,0,0
-614281,0,0
-544580,0,0
-157094,0,0
184608,0,0
386972,0,0
285938,0,0
86834,0,0
-316024,0,0
-547299,0,0
-574237,0,0
-649855,0,0
-437084,0,0
-9465,0,0
400142,0,0
357928,0,0
274300,0,0
-110984,0,0
-448877,0,0
-600141,0,0
-600133,0,0
-537470,0,0
-287402,0,0
125414,0,0
346281,0,0
293934,0,0
88572,0,0
-199872,0,0
-472773,0,0
-710809,0,0
-592808,0,0
-551024,0,0
-197867,0,0
362849,0,0
651774,0,0
341184,0,0
-24285,0,0
-419977,0,0
-593646,0,0
-514255,0,0
-551393,0,0
-354530,0,0
78609,0,0
427794,0,0
500746,0,0
210613,0,0
-196678,0,0
-465617,0,0
-559049,0,0
-503043,0,0
-390229,0,0
-76539,0,0
238055,0,0
404897,0,0
344794,0,0
47707,0,0
-324860,0,0
-520304,0,0
-475434,0,0
-382215,0,0
-325482,0,0
173157,0,0
393513,0,0
305659,0,0
236604,0,0
-63191,0,0
-411177,0,0
-565758,0,0
-557063,0,0
-577544,0,0
-177372,0,0
167460,0,0
349573,0,0
351562,0,0
146498,0,0
-218402,0,0
-479518,0,0
-660766,0,0
-678260,0,0
-456026,0,0
-50695,0,0
306028,0,0
382098,0,0
225391,0,0
-39190,0,0
-418816,0,0
-623951,0,0
-582281,0,0
-573648,0,0
-382298,0,0
80963,0,0
322146,0,0
348541,0,0
189058,0,0
-177883,0,0
-500942,0,0
-553600,0,0
-590340,0,0
-541132,0,0
-84374,0,0
178630,0,0
371712,0,0
351268,0,0
106869,0,0
-222347,0,0
-514314,0,0
-673808,0,0
-594460,0,0
-355403,0,0
50574,0,0
417715,0,0
377721,0,0
324898,0,0
-39843,0,0
-421514,0,0
-517012,0,0
-522347,0,0
-517196,0,0
-124909,0,0
281512,0,0
382386,0,0
465762,0,0
171961,0,0
-170289,0,0
-480594,0,0
-523911,0,0
-583768,0,0
-285563,0,0
26660,0,0
217021,0,0
475951,0,0
311803,0,0
95358,0,0
-405749,0,0
-618155,0,0
-595342,0,0
-489645,0,0
-158146,0,0
290884,0,0
525772,0,0
342725,0,0
116794,0,0
-279124,0,0
-517580,0,0
-559413,0,0
-513447,0,0
-289405,0,0
189786,0,0
454084,0,0
359712,0,0
209703,0,0
-230368,0,0
-485945,0,0
-563753,0,0
-603919,0,0
-425780,0,0
80182,0,0
331574,0,0
417130,0,0
263944,0,0
-164747,0,0
-483301,0,0
-634822,0,0
-642505,0,0
-580862,0,0
-123026,0,0
257834,0,0
354334,0,0
219147,0,0
14077,0,0
-265174,0,0
-491914,0,0
-607819,0,0
-586453,0,0
-506695,0,0
-95569,0,0
357538,0,0
262691,0,0
200115,0,0
-28730,0,0
-419405,0,0
-570404,0,0
-598146,0,0
-618260,0,0
-394171,0,0
-14599,0,0
148759,0,0
249143,0,0
172475,0,0
-119760,0,0
-405517,0,0
-632661,0,0
-671440,0,0
-616771,0,0
-357786,0,0
-24983,0,0
325602,0,0
303386,0,0
148518,0,0
-216127,0,0
-573663,0,0
-611100,0,0
-628344,0,0
-626024,0,0
-264754,0,0
104371,0,0
250939,0,0
310904,0,0
89258,0,0
-282595,0,0
-561103,0,0
-618076,0,0
-526185,0,0
-442419,0,0
-126557,0,0
191969,0,0
405068,0,0
300285,0,0
-20788,0,0
-337442,0,0
-573794,0,0
-584146,0,0
-573303,0,0
-322782,0,0
79925,0,0
279414,0,0
308155,0,0
192566,0,0
-179477,0,0
-552279,0,0
-571887,0,0
-607118,0,0
-631093,0,0
-274123,0,0
111114,0,0
342380,0,0
327952,0,0
-11824,0,0
-324544,0,0
-508266,0,0
-672390,0,0
-653732,0,0
-458381,0,0
-109443,0,0
176045,0,0
318961,0,0
244033,0,0
80883,0,0
-336582,0,0
-638706,0,0
-586248,0,0
-590354,0,0
-414211,0,0
65099,0,0
356216,0,0
361071,0,0
239114,0,0
-157485,0,0
-441741,0,0
-499382,0,0
-625922,0,0
-527612,0,0
-260218,0,0
73649,0,0
311523,0,0
328058,0,0
137787,0,0
-119499,0,0
-444613,0,0
-706252,0,0
-614712,0,0
-551679,0,0
-180149,0,0
206131,0,0
404612,0,0
299487,0,0
44090,0,0
-405210,0,0
-591515,0,0
-562736,0,0
-657802,0,0
-419185,0,0
-48321,0,0
243066,0,0
397781,0,0
267028,0,0
-54501,0,0
-344449,0,0
-582586,0,0
-656316,0,0
-540536,0,0
-326424,0,0
74696,0,0
454364,0,0
428711,0,0
205424,0,0
-60291,0,0
-466740,0,0
-609840,0,0
-603317,0,0
-544897,0,0
-58718,0,0
337072,0,0
430746,0,0
419905,0,0
89135,0,0
-333952,0,0
-459759,0,0
-559333,0,0
-600114,0,0
-294023,0,0
32368,0,0
354576,0,0
570831,0,0
288685,0,0
-113808,0,0
-408887,0,0
-584841,0,0
-536624,0,0
-419800,0,0
-168028,0,0
298545,0,0
527958,0,0
360835,0,0
31398,0,0
-319456,0,0
-567133,0,0
-495765,0,0
-540498,0,0
-461386,0,0
58709,0,0
339788,0,0
342747,0,0
225961,0,0
-153201,0,0
-480201,0,0
-550228,0,0
-585225,0,0
-521107,0,0
-200403,0,0
25910,0,0
298076,0,0
326109,0,0
75171,0,0
-278609,0,0
-491064,0,0
-657732,0,0
-645276,0,0
-518905,0,0
-226726,0,0
199600,0,0
400949,0,0
333308,0,0
14862,0,0
-403905,0,0
-613839,0,0
-641010,0,0
-687423,0,0
-459093,0,0
-13849,0,0
195514,0,0
440759,0,0
341444,0,0
-65039,0,0
-467117,0,0
-676850,0,0
-714354,0,0
-560539,0,0
-275230,0,0
94145,0,0
440109,0,0
386765,0,0
134861,0,0
-237587,0,0
-534026,0,0
-580669,0,0
-487401,0,0
-551255,0,0
-193372,0,0
247408,0,0
332867,0,0
292295,0,0
69648,0,0
-276835,0,0
-469931,0,0
-557915,0,0
-611308,0,0
-377397,0,0
-40336,0,0
175567,0,0
464185,0,0
308619,0,0
-30951,0,0
-416925,0,0
-511350,0,0
-553477,0,0
-528074,0,0
-303697,0,0
172040,0,0
418140,0,0
254641,0,0
168184,0,0
-177746,0,0
-424097,0,0
-505157,0,0
-518140,0,0
-518185,0,0
-194936,0,0
135908,0,0
354177,0,0
443780,0,0
110206,0,0
-285530,0,0
-531697,0,0
-567601,0,0
-613805,0,0
-437851,0,0
-58792,0,0
323070,0,0
494757,0,0
266471,0,0
7781,0,0
-419128,0,0
-586720,0,0
-625312,0,0
-576806,0,0
-255755,0,0
249147,0,0
417913,0,0
331951,0,0
188181,0,0
-212804,0,0
-511132,0,0
-529575,0,0
-331836,0,0
-356794,0,0
-49439,0,0
158216,0,0
313432,0,0
329468,0,0
49407,0,0
-310518,0,0
-538667,0,0
-586645,0,0
-530122,0,0
-304572,0,0
53911,0,0
398442,0,0
365729,0,0
142810,0,0
-125965,0,0
-406287,0,0
-491253,0,0
-534129,0,0
-599688,0,0
-205325,0,0
275005,0,0
414436,0,0
355699,0,0
79331,0,0
-339008,0,0
-484637,0,0
-559471,0,0
-570950,0,0
-432765,0,0
-14394,0,0
234657,0,0
450208,0,0
311964,0,0
-44128,0,0
-366976,0,0
-636822,0,0
-689363,0,0
-578802,0,0
-270953,0,0
194118,0,0
418413,0,0
309125,0,0
94729,0,0
-246532,0,0
-568125,0,0
-592207,0,0
-579925,0,0
-514001,0,0
-119099,0,0
112506,0,0
162729,0,0
352011,0,0
81171,0,0
-371763,0,0
-493339,0,0
-597169,0,0
-567108,0,0
-368949,0,0
-17732,0,0
315220,0,0
427480,0,0
155530,0,0
-167148,0,0
-409165,0,0
-609099,0,0
-456780,0,0
-470039,0,0
-302256,0,0
69452,0,0
368818,0,0
308923,0,0
215540,0,0
-99534,0,0
-498675,0,0
-527004,0,0
-597266,0,0
-493447,0,0
-17770,0,0
400796,0,0
507967,0,0
316385,0,0
-44431,0,0
-352985,0,0
-437560,0,0
-500598,0,0
-371454,0,0
-170021,0,0
158602,0,0
469363,0,0
466355,0,0
236678,0,0
-114734,0,0
-473685,0,0
-621079,0,0
-525916,0,0
-397864,0,0
66112,0,0
523335,0,0
462044,0,0
295195,0,0
-17656,0,0
-457450,0,0
-573390,0,0
-491458,0,0
-540683,0,0
-219833,0,0
183214,0,0
337435,0,0
389336,0,0
171501,0,0
-258396,0,0
-440082,0,0
-567830,0,0
-572995,0,0
-364905,0,0
-72491,0,0
275850,0,0
485737,0,0
342648,0,0
-9418,0,0
-360213,0,0
-599783,0,0
-636564,0,0
-501547,0,0
-252277,0,0
152167,0,0
349761,0,0
496541,0,0
266044,0,0
-186551,0,0
-586836,0,0
-576347,0,0
-570249,0,0
-491388,0,0
16609,0,0
298059,0,0
408076,0,0
347263,0,0
39007,0,0
-308435,0,0
-466501,0,0
-605981,0,0
-545779,0,0
-263338,0,0
85520,0,0
467570,0,0
447811,0,0
105976,0,0
-223449,0,0
-490489,0,0
-610095,0,0
-567326,0,0
-424535,0,0
-66469,0,0
356516,0,0
330503,0,0
218493,0,0
-6970,0,0
-332986,0,0
-490248,0,0
-391705,0,0
-557866,0,0
-307217,0,0
109486,0,0
244125,0,0
394174,0,0
206200,0,0
-176062,0,0
-401659,0,0
-586251,0,0
-724860,0,0
-496097,0,0
-27819,0,0
162299,0,0
390271,0,0
344333,0,0
-19019,0,0
-382498,0,0
-544604,0,0
-605440,0,0
-579494,0,0
-339593,0,0
118226,0,0
333667,0,0
271321,0,0
190771,0,0
-123786,0,0
-473504,0,0
-561062,0,0
-508145,0,0
-495735,0,0
-80166,0,0
207634,0,0
377817,0,0
385172,0,0
76352,0,0
-186147,0,0
-386950,0,0
-464840,0,0
-484251,0,0
-164232,0,0
202791,0,0
519671,0,0
503033,0,0
192772,0,0
-73035,0,0
-272944,0,0
-541689,0,0
-546894,0,0
-390920,0,0
-97950,0,0
333351,0,0
493551,0,0
292335,0,0
21366,0,0
-415378,0,0
-575171,0,0
-525913,0,0
-576998,0,0
-232376,0,0
244140,0,0
426571,0,0
404250,0,0
116646,0,0
-388841,0,0
-556170,0,0
-489088,0,0
-452942,0,0
-174116,0,0
222354,0,0
331495,0,0
420223,0,0
223775,0,0
-173765,0,0
-426314,0,0
-584796,0,0
-599554,0,0
-437770,0,0
8865,0,0
300880,0,0
401329,0,0
254818,0,0
-29173,0,0
-302574,0,0
-633194,0,0
-645358,0,0
-564266,0,0
-366945,0,0
114682,0,0
398369,0,0
384782,0,0
192528,0,0
-222256,0,0
-568978,0,0
-564995,0,0
-590447,0,0
-481975,0,0
-52560,0,0
300747,0,0
442296,0,0
351606,0,0
-17773,0,0
-405538,0,0
-510802,0,0
-589132,0,0
-520395,0,0
-185466,0,0
121574,0,0
382530,0,0
436785,0,0
227056,0,0
-6373,0,0
-351932,0,0
-496404,0,0
-516085,0,0
-334014,0,0
42800,0,0
327190,0,0
403184,0,0
219686,0,0
-64698,0,0
-380867,0,0
-499649,0,0
-511247,0,0
-516081,0,0
-150701,0,0
264644,0,0
347663,0,0
320589,0,0
33171,0,0
-378946,0,0
-560446,0,0
-613430,0,0
-577592,0,0
-212194,0,0
116902,0,0
344102,0,0
417233,0,0
176785,0,0
-242217,0,0
-489028,0,0
-616399,0,0
-560522,0,0
-471805,0,0
-92096,0,0
312744,0,0
517842,0,0
356787,0,0
-47445,0,0
-506990,0,0
-631420,0,0
-574350,0,0
-578410,0,0
-184807,0,0
348942,0,0
405928,0,0
279903,0,0
75272,0,0
-299299,0,0
-544506,0,0
-506826,0,0
-581526,0,0
-542838,0,0
-41816,0,0
193909,0,0
265436,0,0
233439,0,0
-83513,0,0
-414370,0,0
-632382,0,0
-639500,0,0
-595857,0,0
-358323,0,0
-15969,0,0
273950,0,0
243962,0,0
101990,0,0
-131202,0,0
-451323,0,0
-543407,0,0
-482928,0,0
-591383,0,0
-267410,0,0
209817,0,0
344180,0,0
334147,0,0
100148,0,0
-284273,0,0
-502117,0,0
-569530,0,0
-615879,0,0
-417915,0,0
13717,0,0
353992,0,0
487927,0,0
256016,0,0
-94747,0,0
-408142,0,0
-564255,0,0
-608314,0,0
-479718,0,0
-175568,0,0
204359,0,0
439865,0,0
337544,0,0
115061,0,0
-240956,0,0
-587140,0,0
-625398,0,0
-632137,0,0
-432603,0,0
49850,0,0
314514,0,0
356030,0,0
221537,0,0
-110993,0,0
-401096,0,0
-447387,0,0
-586036,0,0
-551965,0,0
-140462,0,0
176027,0,0
391424,0,0
367556,0,0
64640,0,0
-256325,0,0
-463361,0,0
-564282,0,0
-481790,0,0
-291872,0,0
87045,0,0
418307,0,0
414060,0,0
186112,0,0
-57425,0,0
-373289,0,0
-501215,0,0
-363124,0,0
-410603,0,0
-116793,0,0
317999,0,0
460833,0,0
371614,0,0
104442,0,0
-371607,0,0
-523439,0,0
-427699,0,0
-479079,0,0
-70108,0,0
238861,0,0
364367,0,0
301929,0,0
139405,0,0
-200378,0,0
-349131,0,0
-486840,0,0
-525583,0,0
-437895,0,0
-86363,0,0
287781,0,0
429102,0,0
289519,0,0
11746,0,0
-194025,0,0
-448899,0,0
-592806,0,0
-549799,0,0
-251274,0,0
94908,0,0
248164,0,0
247350,0,0
123280,0,0
-183406,0,0
-395500,0,0
-264664,0,0
-413877,0,0
-442104,0,0
-120604,0,0
190969,0,0
429698,0,0
391531,0,0
49344,0,0
-354540,0,0
-340904,0,0
-536815,0,0
-552540,0,0
-180817,0,0
135718,0,0
402725,0,0
356504,0,0
89193,0,0
-212272,0,0
-492438,0,0
-630156,0,0
-576349,0,0
-433688,0,0
-49859,0,0
365537,0,0
398528,0,0
254695,0,0
-68976,0,0
-490684,0,0
-513057,0,0
-514571,0,0
-559252,0,0
-206887,0,0
212829,0,0
283190,0,0
291390,0,0
66012,0,0
-325834,0,0
-441409,0,0
-409904,0,0
-557448,0,0
-419703,0,0
-36477,0,0
284667,0,0
497540,0,0
338880,0,0
94767,0,0
-190361,0,0
-434471,0,0
-411330,0,0
-353078,0,0
-9521,0,0
372636,0,0
555331,0,0
383482,0,0
79459,0,0
-368011,0,0
-621805,0,0
-582712,0,0
-457452,0,0
-293649,0,0
166824,0,0
339575,0,0
328996,0,0
141898,0,0
-233092,0,0
-481362,0,0
-417639,0,0
-507103,0,0
-488228,0,0
-55582,0,0
346116,0,0
381101,0,0
203241,0,0
-150813,0,0
-445181,0,0
-489520,0,0
-403551,0,0
-424697,0,0
-213142,0,0
101551,0,0
353033,0,0
352305,0,0
86556,0,0
-214997,0,0
-520770,0,0
-623493,0,0
-512021,0,0
-272448,0,0
184260,0,0
406716,0,0
338215,0,0
150732,0,0
-148530,0,0
-441831,0,0
-559997,0,0
-612619,0,0
-576538,0,0
-198443,0,0
178406,0,0
309694,0,0
325899,0,0
25575,0,0
-363557,0,0
-524362,0,0
-493784,0,0
-653462,0,0
-395483,0,0
51052,0,0
349812,0,0
378740,0,0
143674,0,0
-189492,0,0
-442648,0,0
-588430,0,0
-547900,0,0
-551104,0,0
-260649,0,0
183548,0,0
443821,0,0
347520,0,0
76752,0,0
-325690,0,0
-604514,0,0
-595489,0,0
-603272,0,0
-396249,0,0
55316,0,0
310749,0,0
357294,0,0
193095,0,0
-165784,0,0
-454383,0,0
-570084,0,0
-654467,0,0
-621442,0,0
-338465,0,0
115195,0,0
430475,0,0
478133,0,0
106567,0,0
-258283,0,0
-590320,0,0
-706836,0,0
-636054,0,0
-399289,0,0
6987,0,0
253913,0,0
343037,0,0
251210,0,0
-10009,0,0
-444829,0,0
-611187,0,0
-637811,0,0
-622633,0,0
-306153,0,0
130793,0,0
330504,0,0
305634,0,0
48166,0,0
-348164,0,0
-458524,0,0
-587563,0,0
-635727,0,0
-507198,0,0
-196545,0,0
188889,0,0
438318,0,0
249086,0,0
-60724,0,0
-379142,0,0
-656214,0,0
-584795,0,0
-545805,0,0
-384318,0,0
82756,0,0
331478,0,0
354334,0,0
128130,0,0
-227955,0,0
-562000,0,0
-568462,0,0
-588349,0,0
-576298,0,0
-64850,0,0
269349,0,0
361027,0,0
233165,0,0
6270,0,0
-322061,0,0
-406728,0,0
-528509,0,0
-567602,0,0
-440369,0,0
-69069,0,0
312518,0,0
392884,0,0
259554,0,0
-63044,0,0
-442046,0,0
-605511,0,0
-626572,0,0
-535556,0,0
-275091,0,0
140184,0,0
518796,0,0
553755,0,0
287473,0,0
-297867,0,0
-638409,0,0
-634013,0,0
-552935,0,0
-406865,0,0
82973,0,0
303244,0,0
365750,0,0
261248,0,0
-77056,0,0
-409345,0,0
-591172,0,0
-602580,0,0
-603799,0,0
-195674,0,0
142109,0,0
389149,0,0
410974,0,0
156471,0,0
-249616,0,0
-554390,0,0
-538055,0,0
-524261,0,0
-447626,0,0
-91330,0,0
274367,0,0
468992,0,0
381785,0,0
13268,0,0
-422554,0,0
-507626,0,0
-548438,0,0
-454305,0,0
-157088,0,0
194780,0,0
416001,0,0
452914,0,0
192570,0,0
-159426,0,0
-404775,0,0
-545248,0,0
-494192,0,0
-331939,0,0
170814,0,0
470980,0,0
473018,0,0
206811,0,0
-118589,0,0
-426856,0,0
-618370,0,0
-604987,0,0
-539594,0,0
-166616,0,0
297554,0,0
480926,0,0
374244,0,0
30931,0,0
-388729,0,0
-582118,0,0
-515489,0,0
-591383,0,0
-402121,0,0
7091,0,0
277235,0,0
333176,0,0
201307,0,0
-152593,0,0
-417178,0,0
-526350,0,0
-595181,0,0
-571123,0,0
-187866,0,0
202405,0,0
306788,0,0
282241,0,0
78169,0,0
-175286,0,0
-417299,0,0
-555235,0,0
-480052,0,0
-400996,0,0
122,0,0
286703,0,0
389733,0,0
273195,0,0
24521,0,0
-394517,0,0
-591967,0,0
-650433,0,0
-630137,0,0
-332895,0,0
76784,0,0
305888,0,0
324820,0,0
116089,0,0
-234145,0,0
-440310,0,0
-585402,0,0
-590919,0,0
-490996,0,0
-196305,0,0
154323,0,0
367425,0,0
346278,0,0
28183,0,0
-298294,0,0
-505004,0,0
-554352,0,0
-576934,0,0
-288674,0,0
159464,0,0
535399,0,0
515032,0,0
197768,0,0
-205317,0,0
-562772,0,0
-573943,0,0
-539383,0,0
-413189,0,0
6437,0,0
360995,0,0
445520,0,0
224581,0,0
-95862,0,0
-412732,0,0
-556464,0,0
-543321,0,0
-480150,0,0
-281856,0,0
115141,0,0
336589,0,0
415950,0,0
267650,0,0
36714,0,0
-257853,0,0
-491591,0,0
-528189,0,0
-339463,0,0
189991,0,0
526575,0,0
633819,0,0
454443,0,0
173924,0,0
-212836,0,0
-314462,0,0
-259779,0,0
-327932,0,0
-48515,0,0
273533,0,0
463784,0,0
332953,0,0
25390,0,0
-359558,0,0
-506935,0,0
-559178,0,0
-603015,0,0
-371488,0,0
62412,0,0
395107,0,0
343733,0,0
155121,0,0
-223600,0,0
-567766,0,0
-660100,0,0
-592406,0,0
-537634,0,0
-240618,0,0
88664,0,0
214337,0,0
272815,0,0
-5707,0,0
-429493,0,0
-637090,0,0
-625451,0,0
-606889,0,0
-532905,0,0
-136973,0,0
122636,0,0
296865,0,0
244336,0,0
-59720,0,0
-392042,0,0
-608803,0,0
-708023,0,0
-709872,0,0
-351684,0,0
12445,0,0
342309,0,0
454000,0,0
190145,0,0
-260668,0,0
-615675,0,0
-699720,0,0
-630841,0,0
-477696,0,0
-135114,0,0
237644,0,0
281477,0,0
306113,0,0
64749,0,0
-321438,0,0
-519763,0,0
-597176,0,0
-554445,0,0
-325048,0,0
77104,0,0
313754,0,0
366039,0,0
193425,0,0
-149444,0,0
-314089,0,0
-411457,0,0
-505648,0,0
-521637,0,0
-32797,0,0
309584,0,0
449195,0,0
322401,0,0
31107,0,0
-271533,0,0
-427222,0,0
-402475,0,0
-425160,0,0
-183156,0,0
100787,0,0
346643,0,0
363139,0,0
140850,0,0
-241559,0,0
-462635,0,0
-435642,0,0
-575203,0,0
-452556,0,0
7096,0,0
330692,0,0
357728,0,0
239623,0,0
-93033,0,0
-395743,0,0
-494058,0,0
-578607,0,0
-507845,0,0
-286837,0,0
163298,0,0
368215,0,0
324280,0,0
83798,0,0
-268593,0,0
-590277,0,0
-662518,0,0
-634007,0,0
-532961,0,0
-142163,0,0
195756,0,0
320187,0,0
286887,0,0
-17253,0,0
-425208,0,0
-673785,0,0
-666576,0,0
-606102,0,0
-333910,0,0
46045,0,0
431872,0,0
467746,0,0
197806,0,0
-222139,0,0
-558713,0,0
-626520,0,0
-496285,0,0
-428346,0,0
-53686,0,0
325964,0,0
377683,0,0
335184,0,0
12275,0,0
-316841,0,0
-565214,0,0
-569143,0,0
-584311,0,0
-292660,0,0
230588,0,0
420077,0,0
376992,0,0
147459,0,0
-217287,0,0
-519664,0,0
-518684,0,0
-545153,0,0
-511787,0,0
-133798,0,0
265697,0,0
528899,0,0
375661,0,0
24846,0,0
-424166,0,0
-595898,0,0
-623272,0,0
-535830,0,0
-253621,0,0
168841,0,0
626409,0,0
553457,0,0
169241,0,0
-253765,0,0
-498595,0,0
-509562,0,0
-475491,0,0
-385331,0,0
-2149,0,0
242552,0,0
341481,0,0
342682,0,0
-31870,0,0
-352410,0,0
-522221,0,0
-469644,0,0
-566776,0,0
-270885,0,0
84391,0,0
365924,0,0
426715,0,0
161254,0,0
-186475,0,0
-473008,0,0
-507167,0,0
-539728,0,0
-443745,0,0
-56283,0,0
364292,0,0
477884,0,0
246381,0,0
-79583,0,0
-395979,0,0
-497863,0,0
-617194,0,0
-539557,0,0
-196118,0,0
234264,0,0
377431,0,0
369408,0,0
162816,0,0
-224440,0,0
-492761,0,0
-667080,0,0
-620424,0,0
-422359,0,0
-76312,0,0
249497,0,0
457855,0,0
239918,0,0
-123739,0,0
-453438,0,0
-562406,0,0
-577516,0,0
-670954,0,0
-340029,0,0
56364,0,0
334999,0,0
310133,0,0
186095,0,0
-125263,0,0
-504162,0,0
-648004,0,0
-684122,0,0
-563068,0,0
-157025,0,0
200530,0,0
348464,0,0
329726,0,0
-23049,0,0
-364981,0,0
-508575,0,0
-657592,0,0
-638753,0,0
-401624,0,0
58817,0,0
463561,0,0
430769,0,0
103045,0,0
-231365,0,0
-477694,0,0
-590191,0,0
-529188,0,0
-407998,0,0
-130791,0,0
150331,0,0
369780,0,0
266020,0,0
28803,0,0
-354785,0,0
-524264,0,0
-496961,0,0
-586109,0,0
-413332,0,0
18830,0,0
357596,0,0
404422,0,0
248024,0,0
-124675,0,0
-434755,0,0
-549877,0,0
-632648,0,0
-494975,0,0
-257593,0,0
95027,0,0
451468,0,0
391465,0,0
18580,0,0
-327156,0,0
-546515,0,0
-628248,0,0
-449583,0,0
-474096,0,0
-96446,0,0
196820,0,0
326966,0,0
278877,0,0
-16813,0,0
-410827,0,0
-572176,0,0
-606995,0,0
-493618,0,0
-151111,0,0
199656,0,0
352329,0,0
352185,0,0
121576,0,0
-212293,0,0
-449527,0,0
-503147,0,0
-581791,0,0
-396997,0,0
-4730,0,0
333516,0,0
470045,0,0
303549,0,0
-47113,0,0
-358059,0,0
-583261,0,0
-534591,0,0
-500495,0,0
-308872,0,0
105044,0,0
337673,0,0
377269,0,0
191377,0,0
-159506,0,0
-449147,0,0
-538975,0,0
-598352,0,0
-533279,0,0
-59132,0,0
199780,0,0
367679,0,0
314010,0,0
41112,0,0
-328554,0,0
-529896,0,0
-599551,0,0
-627491,0,0
-342765,0,0
23509,0,0
320435,0,0
400266,0,0
232860,0,0
-117143,0,0
-408145,0,0
-523699,0,0
-506606,0,0
-512163,0,0
-224889,0,0
290125,0,0
469712,0,0
456042,0,0
131028,0,0
-207225,0,0
-496310,0,0
-556440,0,0
-546859,0,0
-266983,0,0
212029,0,0
387427,0,0
516039,0,0
325963,0,0
-55625,0,0
-440417,0,0
-604613,0,0
-555282,0,0
-280786,0,0
52246,0,0
249373,0,0
447762,0,0
290889,0,0
-21900,0,0
-409939,0,0
-506307,0,0
-353011,0,0
-342575,0,0
-148946,0,0
260258,0,0
503415,0,0
391501,0,0
145177,0,0
-244610,0,0
-485286,0,0
-575113,0,0
-529552,0,0
-380364,0,0
99710,0,0
319056,0,0
359656,0,0
260252,0,0
-89403,0,0
-420017,0,0
-629162,0,0
-601075,0,0
-492716,0,0
-106874,0,0
191847,0,0
384470,0,0
386292,0,0
47168,0,0
-312475,0,0
-511364,0,0
-504711,0,0
-605075,0,0
-367346,0,0
60579,0,0
479853,0,0
443060,0,0
173572,0,0
-110177,0,0
-394948,0,0
-397341,0,0
-413862,0,0
-423122,0,0
-169255,0,0
244210,0,0
457551,0,0
462228,0,0
236859,0,0
-172533,0,0
-365402,0,0
-518981,0,0
-560928,0,0
-243256,0,0
184960,0,0
272144,0,0
370139,0,0
155158,0,0
-191264,0,0
-469492,0,0
-656438,0,0
-631382,0,0
-457736,0,0
-47726,0,0
387040,0,0
743157,0,0
517673,0,0
84247,0,0
-371089,0,0
-625280,0,0
-577252,0,0
-535889,0,0
-251897,0,0
192738,0,0
472776,0,0
384047,0,0
142196,0,0
-185678,0,0
-422104,0,0
-443853,0,0
-587803,0,0
-390081,0,0
76740,0,0
367641,0,0
516195,0,0
450200,0,0
61853,0,0
-310116,0,0
-311785,0,0
-476585,0,0
-396143,0,0
9751,0,0
341062,0,0
527297,0,0
442308,0,0
93280,0,0
-341280,0,0
-472385,0,0
-529787,0,0
-441148,0,0
-314984,0,0
135546,0,0
420542,0,0
358960,0,0
27800,0,0
-314033,0,0
-575483,0,0
-620697,0,0
-567425,0,0
-501247,0,0
121192,0,0
436517,0,0
398897,0,0
217511,0,0
-136010,0,0
-506623,0,0
-586068,0,0
-540831,0,0
-484389,0,0
69675,0,0
276211,0,0
375278,0,0
389728,0,0
136378,0,0
-189840,0,0
-423473,0,0
-556166,0,0
-487910,0,0
-141407,0,0
112648,0,0
485939,0,0
439576,0,0
228956,0,0
-143180,0,0
-455403,0,0
-587340,0,0
-446328,0,0
-427425,0,0
-141017,0,0
304126,0,0
437651,0,0
252287,0,0
-99202,0,0
-430610,0,0
-495356,0,0
-479703,0,0
-613293,0,0
-360297,0,0
74036,0,0
242036,0,0
360443,0,0
153393,0,0
-219517,0,0
-575749,0,0
-656657,0,0
-701057,0,0
-491185,0,0
-132206,0,0
136386,0,0
404200,0,0
222378,0,0
-50069,0,0
-405137,0,0
-595650,0,0
-654350,0,0
-594743,0,0
-443195,0,0
-15472,0,0
446160,0,0
438882,0,0
193440,0,0
-195183,0,0
-468417,0,0
-578168,0,0
-671503,0,0
-592635,0,0
-142444,0,0
166412,0,0
294802,0,0
355532,0,0
115845,0,0
6422,0,0
-301866,0,0
-461348,0,0
-555168,0,0
-256279,0,0
68339,0,0
366423,0,0
502107,0,0
304864,0,0
4841,0,0
-490338,0,0
-640134,0,0
-631410,0,0
-501393,0,0
-145571,0,0
314666,0,0
530730,0,0
317014,0,0
-40673,0,0
-529393,0,0
-733407,0,0
-710366,0,0
-621576,0,0
-158873,0,0
386263,0,0
544337,0,0
392512,0,0
36050,0,0
-401403,0,0
-566121,0,0
-521049,0,0
-517286,0,0
-330839,0,0
41929,0,0
203482,0,0
427833,0,0
241621,0,0
-137783,0,0
-411771,0,0
-600524,0,0
-595696,0,0
-488746,0,0
-187090,0,0
175760,0,0
453078,0,0
323202,0,0
14956,0,0
-407127,0,0
-615503,0,0
-591214,0,0
-604394,0,0
-451513,0,0
97157,0,0
470566,0,0
337881,0,0
181077,0,0
-122786,0,0
-452158,0,0
-461744,0,0
-553532,0,0
-491008,0,0
-46869,0,0
305190,0,0
495876,0,0
487114,0,0
66251,0,0
-303623,0,0
-379162,0,0
-582215,0,0
-578874,0,0
-330011,0,0
114076,0,0
429769,0,0
419567,0,0
203881,0,0
-116285,0,0
-568021,0,0
-719623,0,0
-538892,0,0
-446726,0,0
-27894,0,0
305460,0,0
381833,0,0
251614,0,0
-32600,0,0
-407982,0,0
-541114,0,0
-555429,0,0
-582832,0,0
-235364,0,0
161377,0,0
355593,0,0
367026,0,0
101915,0,0
-315993,0,0
-567645,0,0
-642025,0,0
-538069,0,0
-275246,0,0
279778,0,0
565872,0,0
494544,0,0
212392,0,0
-180527,0,0
-436364,0,0
-506166,0,0
-536319,0,0
-349269,0,0
-116063,0,0
332386,0,0
517307,0,0
414650,0,0
134864,0,0
-246635,0,0
-624318,0,0
-570687,0,0
-561344,0,0
-404604,0,0
103901,0,0
412880,0,0
372653,0,0
190883,0,0
-136962,0,0
-495231,0,0
-561652,0,0
-621070,0,0
-438916,0,0
21805,0,0
221878,0,0
453478,0,0
374587,0,0
102969,0,0
-256040,0,0
-483427,0,0
-640034,0,0
-559102,0,0
-279715,0,0
57083,0,0
503399,0,0
472335,0,0
215986,0,0
-170964,0,0
-454356,0,0
-433757,0,0
-319333,0,0
-227339,0,0
254283,0,0
579861,0,0
544192,0,0
390346,0,0
65665,0,0
-272916,0,0
-353231,0,0
-424929,0,0
-491216,0,0
-32793,0,0
314060,0,0
373241,0,0
355526,0,0
52235,0,0
-251053,0,0
-468653,0,0
-628739,0,0
-602250,0,0
-199417,0,0
143191,0,0
361356,0,0
314418,0,0
82373,0,0
-191117,0,0
-464777,0,0
-562399,0,0
-594525,0,0
-499564,0,0
-97007,0,0
325101,0,0
384661,0,0
133742,0,0
-112325,0,0
-454968,0,0
-647435,0,0
-662184,0,0
-554946,0,0
-262491,0,0
134695,0,0
201739,0,0
317765,0,0
67250,0,0
-361211,0,0
-550675,0,0
-602072,0,0
-620513,0,0
-487815,0,0
-101199,0,0
247281,0,0
472457,0,0
244769,0,0
-160689,0,0
-367903,0,0
-437156,0,0
-448329,0,0
-443798,0,0
-136636,0,0
296489,0,0
584323,0,0
402371,0,0
125874,0,0
-216335,0,0
-545656,0,0
-580307,0,0
-577615,0,0
-362648,0,0
95243,0,0
265851,0,0
372784,0,0
297139,0,0
-160337,0,0
-615260,0,0
-642464,0,0
-650428,0,0
-567780,0,0
-17241,0,0
360913,0,0
409270,0,0
238837,0,0
-127922,0,0
-402595,0,0
-578820,0,0
-659584,0,0
-549925,0,0
-263750,0,0
72606,0,0
411954,0,0
359157,0,0
114746,0,0
-171114,0,0
-492437,0,0
-647574,0,0
-620112,0,0
-412002,0,0
145022,0,0
546061,0,0
602966,0,0
373593,0,0
8297,0,0
-301208,0,0
-432875,0,0
-432941,0,0
-530871,0,0
-80229,0,0
369271,0,0
458782,0,0
425972,0,0
195316,0,0
-154950,0,0
-365970,0,0
-598854,0,0
-646797,0,0
-216431,0,0
222278,0,0
397824,0,0
544394,0,0
435852,0,0
37336,0,0
-297637,0,0
-362228,0,0
-351587,0,0
-271607,0,0
-37520,0,0
262302,0,0
429592,0,0
306431,0,0
-19301,0,0
-399670,0,0
-506353,0,0
-486956,0,0
-561349,0,0
-383986,0,0
9498,0,0
244208,0,0
378155,0,0
166190,0,0
-274035,0,0
-593419,0,0
-593948,0,0
-657862,0,0
-592757,0,0
-174906,0,0
135280,0,0
357106,0,0
318806,0,0
-50816,0,0
-467965,0,0
-709640,0,0
-738031,0,0
-610710,0,0
-401247,0,0
-13497,0,0
370952,0,0
295351,0,0
32828,0,0
-265564,0,0
-504153,0,0
-636466,0,0
-615320,0,0
-697217,0,0
-275164,0,0
194223,0,0
501238,0,0
453840,0,0
20507,0,0
-443942,0,0
-633640,0,0
-648950,0,0
-615147,0,0
-280649,0,0
67168,0,0
239359,0,0
340479,0,0
185236,0,0
-133634,0,0
-439237,0,0
-566037,0,0
-614891,0,0
-472056,0,0
-136671,0,0
243277,0,0
405884,0,0
243905,0,0
17823,0,0
-355705,0,0
-607477,0,0
-584880,0,0
-509797,0,0
-356411,0,0
94832,0,0
281820,0,0
229187,0,0
188481,0,0
-178020,0,0
-439377,0,0
-560458,0,0
-555969,0,0
-384746,0,0
-47297,0,0
140029,0,0
361296,0,0
347508,0,0
7043,0,0
-341525,0,0
-521339,0,0
-617925,0,0
-601577,0,0
-363076,0,0
44794,0,0
417846,0,0
435998,0,0
136116,0,0
-175530,0,0
-526745,0,0
-642338,0,0
-556328,0,0
-495231,0,0
-154593,0,0
235660,0,0
286210,0,0
214770,0,0
2363,0,0
-376877,0,0
-539931,0,0
-609670,0,0
-633051,0,0
-476473,0,0
-65220,0,0
191002,0,0
377586,0,0
246990,0,0
-132149,0,0
-383262,0,0
-529813,0,0
-642906,0,0
-607577,0,0
-283667,0,0
103689,0,0
478981,0,0
337366,0,0
120155,0,0
-222176,0,0
-578678,0,0
-603942,0,0
-548727,0,0
-414201,0,0
46252,0,0
327788,0,0
301934,0,0
291954,0,0
-43215,0,0
-413137,0,0
-499597,0,0
-551346,0,0
-574105,0,0
-156031,0,0
267719,0,0
377983,0,0
393193,0,0
108649,0,0
-193693,0,0
-339855,0,0
-584165,0,0
-494406,0,0
-397128,0,0
68341,0,0
511739,0,0
470901,0,0
122760,0,0
-130088,0,0
-426402,0,0
-549564,0,0
-380469,0,0
-430765,0,0
-168600,0,0
219301,0,0
369761,0,0
322370,0,0
53833,0,0
-366120,0,0
-551070,0,0
-542225,0,0
-616831,0,0
-371338,0,0
15359,0,0
300120,0,0
618405,0,0
434495,0,0
-140727,0,0
-522777,0,0
-581632,0,0
-628747,0,0
-452830,0,0
-70139,0,0
378244,0,0
508707,0,0
332591,0,0
7311,0,0
-308638,0,0
-415221,0,0
-482013,0,0
-419709,0,0
-265775,0,0
124519,0,0
491026,0,0
427079,0,0
192910,0,0
-191774,0,0
-575531,0,0
-638576,0,0
-657179,0,0
-469148,0,0
64541,0,0
417033,0,0
469005,0,0
276877,0,0
-136833,0,0
-498762,0,0
-562820,0,0
-645472,0,0
-545525,0,0
-163680,0,0
163848,0,0
461350,0,0
317481,0,0
32389,0,0
-269499,0,0
-508887,0,0
-703936,0,0
-523221,0,0
-374927,0,0
-76484,0,0
315720,0,0
448571,0,0
285521,0,0
-58745,0,0
-435469,0,0
-538497,0,0
-368108,0,0
-411887,0,0
-134037,0,0
266780,0,0
317085,0,0
358299,0,0
224953,0,0
-80759,0,0
-391510,0,0
-537003,0,0
-634128,0,0
-254053,0,0
212827,0,0
395083,0,0
401692,0,0
165326,0,0
-112509,0,0
-399845,0,0
-558891,0,0
-571747,0,0
-286780,0,0
-44172,0,0
264728,0,0
338076,0,0
260182,0,0
8279,0,0
-396056,0,0
-568681,0,0
-511012,0,0
-571843,0,0
-412471,0,0
36760,0,0
299662,0,0
297914,0,0
207218,0,0
-164772,0,0
-493667,0,0
-599411,0,0
-617222,0,0
-597025,0,0
-160514,0,0
136676,0,0
379630,0,0
438482,0,0
157166,0,0
-306150,0,0
-639429,0,0
-740843,0,0
-600189,0,0
-305215,0,0
37942,0,0
414716,0,0
318967,0,0
95026,0,0
-170333,0,0
-490089,0,0
-599572,0,0
-539153,0,0
-497745,0,0
-185192,0,0
237251,0,0
325541,0,0
282399,0,0
46862,0,0
-367380,0,0
-453603,0,0
-540188,0,0
-581363,0,0
-250850,0,0
60891,0,0
230853,0,0
405518,0,0
214152,0,0
-205399,0,0
-443459,0,0
-572877,0,0
-604140,0,0
-364372,0,0
1857,0,0
334533,0,0
419410,0,0
202980,0,0
-107915,0,0
-363420,0,0
-521636,0,0
-393873,0,0
-299558,0,0
-253626,0,0
166000,0,0
411640,0,0
369680,0,0
156268,0,0
-251039,0,0
-545245,0,0
-449028,0,0
-529740,0,0
-442041,0,0
35234,0,0
415331,0,0
357274,0,0
242536,0,0
-82431,0,0
-448255,0,0
-590962,0,0
-657209,0,0
-543272,0,0
23467,0,0
339138,0,0
497791,0,0
363869,0,0
49956,0,0
-346575,0,0
-582952,0,0
-607174,0,0
-427698,0,0
-187070,0,0
233762,0,0
542005,0,0
482240,0,0
203394,0,0
-69473,0,0
-500420,0,0
-507563,0,0
-310061,0,0
-314332,0,0
17632,0,0
418443,0,0
496979,0,0
393595,0,0
32141,0,0
-429080,0,0
-427010,0,0
-503447,0,0
-545036,0,0
-168868,0,0
284226,0,0
447701,0,0
472317,0,0
209655,0,0
-191886,0,0
-278897,0,0
-415169,0,0
-459723,0,0
-288808,0,0
-86688,0,0
204791,0,0
402711,0,0
201918,0,0
-49574,0,0
-256479,0,0
-621453,0,0
-651825,0,0
-652092,0,0
-358936,0,0
100168,0,0
295148,0,0
337930,0,0
139474,0,0
-254481,0,0
-503066,0,0
-596321,0,0
-724754,0,0
-542410,0,0
-109698,0,0
229899,0,0
460472,0,0
304678,0,0
-116690,0,0
-503137,0,0
-625284,0,0
-641956,0,0
-539734,0,0
-249626,0,0
92224,0,0
430476,0,0
356152,0,0
23723,0,0
-351314,0,0
-587358,0,0
-656043,0,0
-611491,0,0
-482372,0,0
-117021,0,0
232677,0,0
340491,0,0
306994,0,0
-52821,0,0
-541196,0,0
-700434,0,0
-662012,0,0
-621592,0,0
-350563,0,0
73096,0,0
236612,0,0
375062,0,0
202430,0,0
-184117,0,0
-506335,0,0
-678337,0,0
-616368,0,0
-522545,0,0
-230592,0,0
156274,0,0
346886,0,0
289611,0,0
8092,0,0
-316140,0,0
-536468,0,0
-576455,0,0
-604462,0,0
-485395,0,0
-82154,0,0
223308,0,0
371029,0,0
276865,0,0
-66344,0,0
-443724,0,0
-501003,0,0
-565355,0,0
-586047,0,0
-278344,0,0
71609,0,0
303557,0,0
376123,0,0
154455,0,0
-184810,0,0
-419827,0,0
-583178,0,0
-525664,0,0
-416544,0,0
-63786,0,0
297372,0,0
347022,0,0
284028,0,0
39776,0,0
-319091,0,0
-458612,0,0
-441963,0,0
-499478,0,0
-183442,0,0
239477,0,0
346891,0,0
366396,0,0
135913,0,0
-248175,0,0
-453172,0,0
-423021,0,0
-567875,0,0
-392676,0,0
-3096,0,0
248737,0,0
406907,0,0
278091,0,0
-100879,0,0
-404736,0,0
-564332,0,0
-654798,0,0
-524694,0,0
-222705,0,0
205757,0,0
361110,0,0
291212,0,0
112674,0,0
-182636,0,0
-579504,0,0
-673197,0,0
-625589,0,0
-504550,0,0
-38434,0,0
286175,0,0
371639,0,0
155673,0,0
-123327,0,0
-380429,0,0
-464464,0,0
-561099,0,0
-604301,0,0
-324929,0,0
45597,0,0
449948,0,0
434501,0,0
138707,0,0
-277121,0,0
-512805,0,0
-593190,0,0
-517687,0,0
-349390,0,0
-72160,0,0
233376,0,0
386963,0,0
360850,0,0
121125,0,0
-236622,0,0
-462946,0,0
-438719,0,0
-454529,0,0
-226573,0,0
213444,0,0
502538,0,0
502610,0,0
321314,0,0
-135704,0,0
-391138,0,0
-443945,0,0
-563130,0,0
-390785,0,0
243167,0,0
546448,0,0
574827,0,0
334134,0,0
-72631,0,0
-436045,0,0
-607565,0,0
-588677,0,0
-392134,0,0
-4687,0,0
294662,0,0
489033,0,0
344620,0,0
43873,0,0
-245646,0,0
-556322,0,0
-513900,0,0
-525857,0,0
-396629,0,0
11198,0,0
305683,0,0
342936,0,0
227582,0,0
-142782,0,0
-515637,0,0
-431225,0,0
-402796,0,0
-412624,0,0
-86030,0,0
273482,0,0
410951,0,0
355226,0,0
75623,0,0
-284283,0,0
-363399,0,0
-427949,0,0
-397767,0,0
-77928,0,0
236404,0,0
472759,0,0
487491,0,0
201688,0,0
-136568,0,0
-452338,0,0
-601726,0,0
-609001,0,0
-509879,0,0
-76130,0,0
328711,0,0
488997,0,0
403977,0,0
63212,0,0
-363690,0,0
-503198,0,0
-424588,0,0
-498686,0,0
-254707,0,0
139757,0,0
404240,0,0
466436,0,0
231372,0,0
-248129,0,0
-504146,0,0
-539163,0,0
-547298,0,0
-310581,0,0
59021,0,0
319025,0,0
391462,0,0
177944,0,0
-171792,0,0
-284527,0,0
-301298,0,0
-368942,0,0
-451224,0,0
-164276,0,0
218649,0,0
413835,0,0
320149,0,0
68319,0,0
-193726,0,0
-463728,0,0
-525572,0,0
-567405,0,0
-293363,0,0
102572,0,0
281174,0,0
244463,0,0
64888,0,0
-227935,0,0
-319269,0,0
-110597,0,0
-271680,0,0
-456116,0,0
-102616,0,0
215248,0,0
395146,0,0
354310,0,0
13124,0,0
-477415,0,0
-556163,0,0
-472133,0,0
-441934,0,0
-285147,0,0
3692,0,0
241459,0,0
255561,0,0
113598,0,0
-91459,0,0
-306481,0,0
-478031,0,0
-602373,0,0
-512568,0,0
-144779,0,0
214401,0,0
395487,0,0
238550,0,0
-22352,0,0
-456589,0,0
-456521,0,0
-429015,0,0
-491252,0,0
-219691,0,0
140020,0,0
413337,0,0
377861,0,0
39376,0,0
-384440,0,0
-527560,0,0
-495674,0,0
-472500,0,0
-252023,0,0
83670,0,0
331768,0,0
442047,0,0
327183,0,0
43366,0,0
-297929,0,0
-566370,0,0
-610902,0,0
-420765,0,0
64238,0,0
489413,0,0
459966,0,0
249264,0,0
-61669,0,0
-434894,0,0
-587774,0,0
-560719,0,0
-576652,0,0
-357807,0,0
85211,0,0
279343,0,0
292815,0,0
136510,0,0
-199071,0,0
-506480,0,0
-498711,0,0
-630746,0,0
-599452,0,0
-140161,0,0
148972,0,0
333650,0,0
284448,0,0
-57771,0,0
-474562,0,0
-648208,0,0
-606165,0,0
-569966,0,0
-302870,0,0
13763,0,0
312706,0,0
301070,0,0
96917,0,0
-209966,0,0
-542037,0,0
-613023,0,0
-624610,0,0
-546951,0,0
-176038,0,0
231913,0,0
334276,0,0
281675,0,0
-37834,0,0
-419141,0,0
-593712,0,0
-654189,0,0
-636189,0,0
-297081,0,0
143287,0,0
271140,0,0
336931,0,0
95585,0,0
-269382,0,0
-406766,0,0
-573562,0,0
-573729,0,0
-497286,0,0
-128379,0,0
205208,0,0
392256,0,0
342813,0,0
-1344,0,0
-420664,0,0
-588370,0,0
-522062,0,0
-508149,0,0
-156542,0,0
193651,0,0
413734,0,0
448406,0,0
320341,0,0
-106285,0,0
-409865,0,0
-536066,0,0
-594078,0,0
-424704,0,0
52571,0,0
348934,0,0
419765,0,0
252540,0,0
-66367,0,0
-306080,0,0
-462041,0,0
-578116,0,0
-544729,0,0
-260805,0,0
91236,0,0
337108,0,0
383199,0,0
83301,0,0
-289397,0,0
-596173,0,0
-632689,0,0
-631936,0,0
-405603,0,0
31376,0,0
238174,0,0
342324,0,0
164322,0,0
-215563,0,0
-514957,0,0
-558455,0,0
-637135,0,0
-690878,0,0
-381936,0,0
-6109,0,0
259290,0,0
382121,0,0
170937,0,0
-266508,0,0
-595133,0,0
-685127,0,0
-651242,0,0
-527816,0,0
-115794,0,0
127269,0,0
300802,0,0
288488,0,0
-42020,0,0
-398473,0,0
-590691,0,0
-578906,0,0
-613076,0,0
-468493,0,0
-75686,0,0
196709,0,0
318721,0,0
175964,0,0
-128614,0,0
-505930,0,0
-577603,0,0
-532538,0,0
-598856,0,0
-380533,0,0
10890,0,0
256090,0,0
348150,0,0
146861,0,0
-253995,0,0
-528146,0,0
-593931,0,0
-642184,0,0
-643002,0,0
-133560,0,0
374452,0,0
396561,0,0
262530,0,0
42311,0,0
-354350,0,0
-646323,0,0
-562506,0,0
-587545,0,0
-427870,0,0
21794,0,0
430735,0,0
501277,0,0
219338,0,0
-184079,0,0
-497796,0,0
-536376,0,0
-532419,0,0
-476483,0,0
-222353,0,0
147184,0,0
349353,0,0
307875,0,0
125896,0,0
-175050,0,0
-430742,0,0
-632601,0,0
-607855,0,0
-408993,0,0
13706,0,0
267540,0,0
298324,0,0
303729,0,0
34413,0,0
-351397,0,0
-510840,0,0
-492017,0,0
-549169,0,0
-297030,0,0
52173,0,0
265377,0,0
327996,0,0
129463,0,0
-213627,0,0
-416442,0,0
-513051,0,0
-587737,0,0
-510338,0,0
-153497,0,0
230093,0,0
353034,0,0
313913,0,0
77794,0,0
-308502,0,0
-522651,0,0
-522296,0,0
-522204,0,0
-334228,0,0
165853,0,0
416281,0,0
380122,0,0
134066,0,0
-212560,0,0
-444452,0,0
-492640,0,0
-420107,0,0
-447770,0,0
-98274,0,0
183423,0,0
369078,0,0
319860,0,0
14925,0,0
-290253,0,0
-349087,0,0
-504864,0,0
-619087,0,0
-426938,0,0
5864,0,0
362285,0,0
395751,0,0
198908,0,0
-143979,0,0
-461388,0,0
-598662,0,0
-637147,0,0
-510648,0,0
-164497,0,0
356624,0,0
548631,0,0
414555,0,0
8908,0,0
-408481,0,0
-546561,0,0
-524245,0,0
-524880,0,0
-335014,0,0
64834,0,0
390629,0,0
435132,0,0
183195,0,0
-179432,0,0
-429433,0,0
-452233,0,0
-535957,0,0
-557496,0,0
-207314,0,0
210793,0,0
391390,0,0
369636,0,0
100345,0,0
-308391,0,0
-560098,0,0
-590403,0,0
-599995,0,0
-413854,0,0
-31457,0,0
407570,0,0
400187,0,0
227041,0,0
-82893,0,0
-428539,0,0
-610705,0,0
-675551,0,0
-559015,0,0
-270552,0,0
116818,0,0
448043,0,0
465779,0,0
147062,0,0
-225859,0,0
-459195,0,0
-532045,0,0
-537453,0,0
-468472,0,0
-23799,0,0
320149,0,0
444728,0,0
318465,0,0
12289,0,0
-438343,0,0
-619667,0,0
-548610,0,0
-505799,0,0
-187112,0,0
174475,0,0
340912,0,0
325260,0,0
160605,0,0
-175983,0,0
-491839,0,0
-658404,0,0
-652671,0,0
-412925,0,0
8098,0,0
424104,0,0
548171,0,0
308192,0,0
-77469,0,0
-413170,0,0
-575978,0,0
-553589,0,0
-540081,0,0
-283889,0,0
111552,0,0
366202,0,0
469198,0,0
204479,0,0
-175710,0,0
-463867,0,0
-519519,0,0
-544531,0,0
-365138,0,0
82140,0,0
391295,0,0
483236,0,0
273223,0,0
-33305,0,0
-359476,0,0
-489553,0,0
-563817,0,0
-525964,0,0
-233418,0,0
143417,0,0
411988,0,0
417605,0,0
129140,0,0
-290309,0,0
-478769,0,0
-639339,0,0
-616265,0,0
-479418,0,0
20708,0,0
392316,0,0
398843,0,0
238061,0,0
-76738,0,0
-422319,0,0
-554898,0,0
-511138,0,0
-595121,0,0
-196328,0,0
270393,0,0
333075,0,0
373149,0,0
195001,0,0
-134056,0,0
-512926,0,0
-604339,0,0
-540290,0,0
-252155,0,0
84659,0,0
342371,0,0
379869,0,0
177692,0,0
-108249,0,0
-367953,0,0
-391113,0,0
-301966,0,0
-214719,0,0
-62404,0,0
236206,0,0
376143,0,0
217069,0,0
3709,0,0
-226151,0,0
-250673,0,0
-472889,0,0
-525014,0,0
-347199,0,0
40370,0,0
334159,0,0
476121,0,0
384369,0,0
77170,0,0
-259860,0,0
-358874,0,0
-438027,0,0
-522452,0,0
-120748,0,0
240417,0,0
433082,0,0
333946,0,0
-12438,0,0
-386766,0,0
-475719,0,0
-547783,0,0
-541059,0,0
-347567,0,0
79939,0,0
288679,0,0
263038,0,0
147110,0,0
-116376,0,0
-497531,0,0
-621494,0,0
-627510,0,0
-538732,0,0
-100984,0,0
319300,0,0
325187,0,0
276677,0,0
-49981,0,0
-460098,0,0
-659153,0,0
-602211,0,0
-570167,0,0
-388591,0,0
44084,0,0
289442,0,0
406815,0,0
143490,0,0
-206435,0,0
-523684,0,0
-641565,0,0
-626199,0,0
-577546,0,0
-240642,0,0
115076,0,0
261260,0,0
211725,0,0
1305,0,0
-340055,0,0
-513628,0,0
-495520,0,0
-564758,0,0
-400852,0,0
-39883,0,0
253461,0,0
332144,0,0
270998,0,0
-26957,0,0
-355605,0,0
-529411,0,0
-581768,0,0
-481096,0,0
-147147,0,0
269213,0,0
430302,0,0
350757,0,0
53795,0,0
-289427,0,0
-488142,0,0
-487925,0,0
-420822,0,0
-402564,0,0
-2187,0,0
456792,0,0
559349,0,0
311757,0,0
-128965,0,0
-496556,0,0
-538386,0,0
-493724,0,0
-468845,0,0
-50818,0,0
226621,0,0
314590,0,0
254569,0,0
6312,0,0
-379289,0,0
-594379,0,0
-557592,0,0
-444967,0,0
-210485,0,0
32045,0,0
280469,0,0
343120,0,0
158655,0,0
-157424,0,0
-406016,0,0
-463977,0,0
-413911,0,0
-247953,0,0
83569,0,0
399350,0,0
468194,0,0
321726,0,0
-27732,0,0
-385996,0,0
-522317,0,0
-337515,0,0
-436762,0,0
-264972,0,0
161532,0,0
306380,0,0
306823,0,0
110881,0,0
-217557,0,0
-518722,0,0
-623259,0,0
-597915,0,0
-408040,0,0
20467,0,0
200784,0,0
299451,0,0
207087,0,0
-98192,0,0
-511868,0,0
-647103,0,0
-600642,0,0
-522418,0,0
-283350,0,0
25544,0,0
295454,0,0
301065,0,0
149862,0,0
-205388,0,0
-477986,0,0
-642353,0,0
-630102,0,0
-491892,0,0
-6857,0,0
408193,0,0
446772,0,0
414652,0,0
174477,0,0
-120085,0,0
-450785,0,0
-568397,0,0
-616916,0,0
-241136,0,0
157865,0,0
396786,0,0
558161,0,0
320333,0,0
-98786,0,0
-546375,0,0
-630703,0,0
-576388,0,0
-314425,0,0
92796,0,0
368636,0,0
431705,0,0
189296,0,0
-84805,0,0
-398956,0,0
-522166,0,0
-586664,0,0
-604223,0,0
-269881,0,0
256703,0,0
367078,0,0
253393,0,0
66438,0,0
-313888,0,0
-527141,0,0
-604358,0,0
-624366,0,0
-462732,0,0
-16610,0,0
244588,0,0
286296,0,0
176100,0,0
-129261,0,0
-384742,0,0
-587531,0,0
-658408,0,0
-618163,0,0
-334295,0,0
42210,0,0
321169,0,0
297063,0,0
35157,0,0
-272313,0,0
-565305,0,0
-585511,0,0
-346298,0,0
-409306,0,0
-174535,0,0
109955,0,0
224128,0,0
352913,0,0
141152,0,0
-189193,0,0
-259326,0,0
-379934,0,0
-519094,0,0
-291681,0,0
131774,0,0
373816,0,0
445179,0,0
210757,0,0
-94485,0,0
-332114,0,0
-432215,0,0
-527146,0,0
-467827,0,0
-30496,0,0
453880,0,0
639391,0,0
448441,0,0
74749,0,0
-449759,0,0
-666059,0,0
-586201,0,0
-469860,0,0
-227956,0,0
107558,0,0
359214,0,0
380819,0,0
168819,0,0
-327849,0,0
-632649,0,0
-593575,0,0
-605113,0,0
-443438,0,0
-22306,0,0
253963,0,0
332197,0,0
324031,0,0
-33958,0,0
-406137,0,0
-523549,0,0
-661372,0,0
-598953,0,0
-227360,0,0
218524,0,0
398805,0,0
358129,0,0
101526,0,0
-225395,0,0
-558892,0,0
-630624,0,0
-533568,0,0
-422344,0,0
53639,0,0
345891,0,0
488571,0,0
276208,0,0
-76574,0,0
-467106,0,0
-594912,0,0
-583974,0,0
-595337,0,0
-119854,0,0
315154,0,0
455262,0,0
330653,0,0
102523,0,0
-296020,0,0
-528712,0,0
-558718,0,0
-562409,0,0
-175885,0,0
97366,0,0
383409,0,0
543541,0,0
314238,0,0
-160962,0,0
-449711,0,0
-540800,0,0
-507058,0,0
-449306,0,0
-176499,0,0
333804,0,0
397192,0,0
351663,0,0
115220,0,0
-228665,0,0
-536532,0,0
-576218,0,0
-600272,0,0
-385005,0,0
79147,0,0
340693,0,0
387244,0,0
196154,0,0
-200721,0,0
-530799,0,0
-405748,0,0
-509007,0,0
-459746,0,0
-93235,0,0
145360,0,0
550971,0,0
448033,0,0
93646,0,0
-364976,0,0
-497107,0,0
-584373,0,0
-508228,0,0
-218388,0,0
150522,0,0
484259,0,0
422072,0,0
149250,0,0
-309640,0,0
-593638,0,0
-565168,0,0
-450924,0,0
-383671,0,0
-24681,0,0
323126,0,0
301264,0,0
207190,0,0
-184590,0,0
-498175,0,0
-595158,0,0
-604513,0,0
-567495,0,0
-203633,0,0
34414,0,0
229343,0,0
335570,0,0
34379,0,0
-314311,0,0
-592921,0,0
-624032,0,0
-619606,0,0
-464901,0,0
-149671,0,0
296069,0,0
412059,0,0
189938,0,0
-62040,0,0
-418050,0,0
-601647,0,0
-657031,0,0
-576627,0,0
-349548,0,0
76995,0,0
265763,0,0
281393,0,0
234231,0,0
-158471,0,0
-504394,0,0
-642340,0,0
-567982,0,0
-483401,0,0
-83949,0,0
170314,0,0
303334,0,0
287140,0,0
1962,0,0
-301878,0,0
-568191,0,0
-615009,0,0
-558536,0,0
-366363,0,0
38588,0,0
385421,0,0
357795,0,0
144245,0,0
-154938,0,0
-445958,0,0
-471848,0,0
-571642,0,0
-537510,0,0
-153330,0,0
216577,0,0
321044,0,0
367733,0,0
151000,0,0
-241813,0,0
-569117,0,0
-674881,0,0
-645954,0,0
-388506,0,0
58603,0,0
454663,0,0
531528,0,0
130082,0,0
-246341,0,0
-508392,0,0
-617668,0,0
-417628,0,0
-454698,0,0
-227425,0,0
208945,0,0
475117,0,0
287072,0,0
22446,0,0
-311735,0,0
-586257,0,0
-552155,0,0
-537500,0,0
-439517,0,0
-24827,0,0
243872,0,0
213412,0,0
227514,0,0
-74721,0,0
-454593,0,0
-593516,0,0
-698498,0,0
-595576,0,0
-346556,0,0
16905,0,0
239338,0,0
303193,0,0
39804,0,0
-224434,0,0
-464275,0,0
-672326,0,0
-663188,0,0
-663114,0,0
-324762,0,0
186178,0,0
403327,0,0
237496,0,0
57090,0,0
-269376,0,0
-527870,0,0
-551629,0,0
-565750,0,0
-433736,0,0
-36739,0,0
317312,0,0
452635,0,0
387354,0,0
8391,0,0
-316028,0,0
-371305,0,0
-545783,0,0
-467466,0,0
-102716,0,0
314706,0,0
678523,0,0
605612,0,0
240964,0,0
-210391,0,0
-501599,0,0
-517624,0,0
-429279,0,0
-354002,0,0
63726,0,0
401839,0,0
449511,0,0
248947,0,0
-82618,0,0
-480976,0,0
-521572,0,0
-343070,0,0
-392623,0,0
-132814,0,0
207646,0,0
419586,0,0
358819,0,0
53482,0,0
-306336,0,0
-460106,0,0
-575074,0,0
-641870,0,0
-317657,0,0
37619,0,0
307364,0,0
430510,0,0
204032,0,0
-214534,0,0
-587228,0,0
-729341,0,0
-566348,0,0
-499106,0,0
-317478,0,0
73463,0,0
211449,0,0
181136,0,0
39900,0,0
-326776,0,0
-664045,0,0
-715048,0,0
-714162,0,0
-652538,0,0
-186131,0,0
166366,0,0
276566,0,0
216126,0,0
-29457,0,0
-334910,0,0
-618981,0,0
-708978,0,0
-676593,0,0
-431791,0,0
-23126,0,0
385798,0,0
435881,0,0
224827,0,0
-35951,0,0
-355644,0,0
-575677,0,0
-548277,0,0
-523733,0,0
-206981,0,0
309213,0,0
484723,0,0
472105,0,0
198090,0,0
-204460,0,0
-490695,0,0
-392570,0,0
-324292,0,0
-183166,0,0
311168,0,0
537981,0,0
660891,0,0
462268,0,0
118387,0,0
-85562,0,0
-91530,0,0
-212245,0,0
-170970,0,0
193589,0,0
436226,0,0
626302,0,0
484543,0,0
191303,0,0
-149915,0,0
-404044,0,0
-551625,0,0
-417654,0,0
-255255,0,0
227022,0,0
647604,0,0
428346,0,0
115408,0,0
-258939,0,0
-583497,0,0
-570989,0,0
-580136,0,0
-540624,0,0
-52544,0,0
267211,0,0
326768,0,0
271570,0,0
-128205,0,0
-437257,0,0
-582447,0,0
-683155,0,0
-672077,0,0
-209877,0,0
61440,0,0
269253,0,0
305722,0,0
41627,0,0
-328610,0,0
-597107,0,0
-647580,0,0
-705165,0,0
-532756,0,0
-158858,0,0
232506,0,0
274714,0,0
99678,0,0
-118026,0,0
-538028,0,0
-687817,0,0
-505783,0,0
-431399,0,0
-320742,0,0
29383,0,0
104633,0,0
255679,0,0
173264,0,0
-182998,0,0
-416620,0,0
-511457,0,0
-558089,0,0
-485313,0,0
-131036,0,0
164009,0,0
431668,0,0
403411,0,0
220837,0,0
51430,0,0
-322845,0,0
-468635,0,0
-379105,0,0
-108858,0,0
329187,0,0
699053,0,0
634297,0,0
392270,0,0
103200,0,0
-183052,0,0
9305,0,0
-96030,0,0
-228425,0,0
98530,0,0
522730,0,0
585202,0,0
492155,0,0
188731,0,0
-154147,0,0
-240044,0,0
-390543,0,0
-389203,0,0
265,0,0
321159,0,0
510943,0,0
395956,0,0
-49376,0,0
-398790,0,0
-445778,0,0
-700025,0,0
-608575,0,0
-281237,0,0
83328,0,0
273566,0,0
260309,0,0
87671,0,0
-147906,0,0
-506085,0,0
-752900,0,0
-629126,0,0
-571536,0,0
-207750,0,0
208906,0,0
309885,0,0
323753,0,0
80823,0,0
-454753,0,0
-772553,0,0
-732943,0,0
-671761,0,0
-330935,0,0
73947,0,0
251085,0,0
320067,0,0
104338,0,0
-326517,0,0
-586836,0,0
-674808,0,0
-618311,0,0
-417684,0,0
-203978,0,0
89111,0,0
304223,0,0
209591,0,0
-28264,0,0
-344107,0,0
-595739,0,0
-486236,0,0
-503963,0,0
-492910,0,0
-65180,0,0
238551,0,0
218079,0,0
192898,0,0
-65076,0,0
-467316,0,0
-633411,0,0
-650336,0,0
-553833,0,0
-164702,0,0
101046,0,0
240383,0,0
300215,0,0
83583,0,0
-293993,0,0
-456634,0,0
-438964,0,0
-445649,0,0
-286968,0,0
27513,0,0
412250,0,0
552990,0,0
360154,0,0
-38896,0,0
-376608,0,0
-421428,0,0
-289696,0,0
-341310,0,0
-28412,0,0
270498,0,0
485287,0,0
526507,0,0
268069,0,0
-189611,0,0
-481565,0,0
-312594,0,0
-350382,0,0
-153901,0,0
238809,0,0
373747,0,0
539985,0,0
330133,0,0
-50052,0,0
-314381,0,0
-342409,0,0
-623176,0,0
-505610,0,0
-70296,0,0
249324,0,0
426612,0,0
212483,0,0
-77435,0,0
-410327,0,0
-647634,0,0
-686423,0,0
-559264,0,0
-279131,0,0
161436,0,0
458531,0,0
339445,0,0
52296,0,0
-398265,0,0
-711451,0,0
-760451,0,0
-659359,0,0
-484012,0,0
-5168,0,0
204012,0,0
230270,0,0
239093,0,0
-122958,0,0
-459215,0,0
-658156,0,0
-726551,0,0
-667366,0,0
-194875,0,0
110023,0,0
405741,0,0
361342,0,0
36140,0,0
-298484,0,0
-565136,0,0
-619757,0,0
-519028,0,0
-420651,0,0
-19000,0,0
328526,0,0
414194,0,0
363447,0,0
97706,0,0
-360526,0,0
-572707,0,0
-601131,0,0
-516946,0,0
-99282,0,0
282920,0,0
369348,0,0
344260,0,0
123157,0,0
-226119,0,0
-315496,0,0
-457999,0,0
-605206,0,0
-372565,0,0
-12268,0,0
164228,0,0
361839,0,0
239685,0,0
-70805,0,0
-239405,0,0
-182059,0,0
-408331,0,0
-404989,0,0
-128956,0,0
171446,0,0
500412,0,0
456714,0,0
167870,0,0
-87040,0,0
-451850,0,0
-511410,0,0
-193088,0,0
-5281,0,0
367699,0,0
556474,0,0
456588,0,0
324289,0,0
8295,0,0
-337230,0,0
-252022,0,0
-271722,0,0
-144125,0,0
302512,0,0
554707,0,0
548972,0,0
301959,0,0
-164012,0,0
-490651,0,0
-465935,0,0
-561936,0,0
-417910,0,0
103415,0,0
267775,0,0
241869,0,0
199555,0,0
-42168,0,0
-141229,0,0
-196723,0,0
-386019,0,0
-420046,0,0
-340062,0,0
16603,0,0
207266,0,0
284059,0,0
141011,0,0
-171153,0,0
-533222,0,0
-625954,0,0
-667498,0,0
-633969,0,0
-216420,0,0
178473,0,0
210163,0,0
207375,0,0
-77104,0,0
-464602,0,0
-654732,0,0
-834828,0,0
-805753,0,0
-391180,0,0
-21242,0,0
181087,0,0
266295,0,0
156995,0,0
-219081,0,0
-518984,0,0
-685041,0,0
-686378,0,0
-539661,0,0
-263897,0,0
71941,0,0
248135,0,0
231749,0,0
56705,0,0
-268867,0,0
-603547,0,0
-652457,0,0
-668981,0,0
-513892,0,0
-45794,0,0
216437,0,0
270258,0,0
201202,0,0
-127257,0,0
-473224,0,0
-633805,0,0
-670059,0,0
-525562,0,0
-19,0,0
137809,0,0
208520,0,0
201025,0,0
43324,0,0
-221944,0,0
-482435,0,0
-601037,0,0
-472131,0,0
-499623,0,0
-194260,0,0
260791,0,0
401882,0,0
314294,0,0
-7348,0,0
-304054,0,0
-366279,0,0
