432495,0,0
248998,0,0
-132561,0,0
-537566,0,0
-656921,0,0
-655243,0,0
-460210,0,0
36027,0,0
428257,0,0
604608,0,0
385440,0,0
-125308,0,0
-484578,0,0
-571646,0,0
-584257,0,0
-487670,0,0
-157265,0,0
149663,0,0
306516,0,0
288515,0,0
-40609,0,0
-362856,0,0
-533512,0,0
-532095,0,0
-642049,0,0
-603233,0,0
-148491,0,0
315292,0,0
594515,0,0
382838,0,0
-144251,0,0
-575549,0,0
-667905,0,0
-625142,0,0
-511265,0,0
11254,0,0
435314,0,0
455415,0,0
334605,0,0
45508,0,0
-327450,0,0
-383631,0,0
-350721,0,0
-508542,0,0
-272344,0,0
52684,0,0
301633,0,0
425975,0,0
242323,0,0
-129384,0,0
-428483,0,0
-580013,0,0
-608222,0,0
-543640,0,0
-203928,0,0
260922,0,0
446134,0,0
289380,0,0
48606,0,0
-337971,0,0
-699480,0,0
-641346,0,0
-694520,0,0
-201012,0,0
423429,0,0
455408,0,0
355992,0,0
139633,0,0
-216535,0,0
-532111,0,0
-444705,0,0
-591743,0,0
-327558,0,0
37893,0,0
188561,0,0
491248,0,0
464535,0,0
230516,0,0
-251149,0,0
-561939,0,0
-677314,0,0
-473190,0,0
-102820,0,0
192585,0,0
474462,0,0
295095,0,0
5696,0,0
-323509,0,0
-519221,0,0
-646438,0,0
-562476,0,0
-431616,0,0
-41560,0,0
345932,0,0
386837,0,0
178802,0,0
-201905,0,0
-586157,0,0
-639352,0,0
-441120,0,0
-567180,0,0
-231091,0,0
134390,0,0
310694,0,0
379647,0,0
56856,0,0
-405137,0,0
-610854,0,0
-617750,0,0
-629880,0,0
-347879,0,0
42148,0,0
304230,0,0
367663,0,0
139873,0,0
-165288,0,0
-409726,0,0
-525420,0,0
-587530,0,0
-573015,0,0
-220472,0,0
169890,0,0
342242,0,0
340653,0,0
52844,0,0
-411450,0,0
-614311,0,0
-612829,0,0
-489312,0,0
-282952,0,0
130380,0,0
207213,0,0
221599,0,0
94959,0,0
-202031,0,0
-477494,0,0
-588435,0,0
-651277,0,0
-503967,0,0
-31013,0,0
181943,0,0
298114,0,0
177595,0,0
-25620,0,0
-363091,0,0
-649256,0,0
-595691,0,0
-463168,0,0
-255474,0,0
145433,0,0
452467,0,0
360492,0,0
85610,0,0
-300380,0,0
-566373,0,0
-458132,0,0
-466527,0,0
-340394,0,0
21843,0,0
286775,0,0
303573,0,0
286587,0,0
-42013,0,0
-418302,0,0
-484210,0,0
-586610,0,0
-636260,0,0
-294941,0,0
133821,0,0
362595,0,0
480168,0,0
352634,0,0
-32171,0,0
-488355,0,0
-695095,0,0
-631111,0,0
-450919,0,0
-46997,0,0
443608,0,0
567252,0,0
315371,0,0
-54355,0,0
-416699,0,0
-625379,0,0
-643020,0,0
-580250,0,0
-289086,0,0
64208,0,0
397018,0,0
349593,0,0
102073,0,0
-248792,0,0
-531764,0,0
-528321,0,0
-676787,0,0
-487962,0,0
6304,0,0
403077,0,0
584359,0,0
489507,0,0
51597,0,0
-399667,0,0
-631753,0,0
-573219,0,0
-473311,0,0
-219476,0,0
253605,0,0
506005,0,0
463494,0,0
191748,0,0
-168999,0,0
-582913,0,0
-645746,0,0
-583961,0,0
-415909,0,0
115875,0,0
508884,0,0
456908,0,0
175501,0,0
-270863,0,0
-645820,0,0
-463606,0,0
-483600,0,0
-515279,0,0
-99162,0,0
171041,0,0
384676,0,0
241885,0,0
-44153,0,0
-382942,0,0
-528129,0,0
-657096,0,0
-571986,0,0
-263242,0,0
138927,0,0
340352,0,0
328014,0,0
64386,0,0
-328804,0,0
-557336,0,0
-636763,0,0
-576018,0,0
-402356,0,0
-13868,0,0
371810,0,0
351060,0,0
208278,0,0
-85316,0,0
-436135,0,0
-612392,0,0
-597325,0,0
-497692,0,0
-15494,0,0
401722,0,0
463210,0,0
420393,0,0
94097,0,0
-367113,0,0
-468504,0,0
-358276,0,0
-512251,0,0
-313308,0,0
48300,0,0
421500,0,0
590892,0,0
324685,0,0
-3452,0,0
6262,0,0
-284368,0,0
-571209,0,0
-161961,0,0
337812,0,0
640894,0,0
694412,0,0
466974,0,0
230763,0,0
-105131,0,0
-252856,0,0
-214521,0,0
73297,0,0
423499,0,0
514395,0,0
549285,0,0
478702,0,0
239070,0,0
-146860,0,0
-242130,0,0
-153901,0,0
-196894,0,0
75977,0,0
482040,0,0
542532,0,0
461102,0,0
273773,0,0
-17761,0,0
-165122,0,0
-133872,0,0
-174075,0,0
97437,0,0
456106,0,0
530060,0,0
570728,0,0
410518,0,0
71100,0,0
-104097,0,0
-57158,0,0
54316,0,0
-5889,0,0
216166,0,0
466253,0,0
643312,0,0
494888,0,0
201171,0,0
-123466,0,0
-338309,0,0
-212429,0,0
-91135,0,0
209705,0,0
389530,0,0
568365,0,0
497888,0,0
252878,0,0
-145544,0,0
-276441,0,0
-136045,0,0
-200770,0,0
-122001,0,0
314996,0,0
574944,0,0
522300,0,0
250782,0,0
-259595,0,0
-551347,0,0
-301585,0,0
-242292,0,0
-86993,0,0
244541,0,0
557406,0,0
522693,0,0
251915,0,0
-109983,0,0
-382570,0,0
-532938,0,0
-524858,0,0
-322993,0,0
-81767,0,0
315219,0,0
486610,0,0
422303,0,0
110179,0,0
-196342,0,0
-549027,0,0
-558846,0,0
-426995,0,0
-175014,0,0
383874,0,0
644765,0,0
497278,0,0
191078,0,0
-188444,0,0
-508517,0,0
-450222,0,0
-495617,0,0
-249973,0,0
339303,0,0
422314,0,0
223329,0,0
10879,0,0
-284976,0,0
-579845,0,0
-391893,0,0
-466064,0,0
-226791,0,0
244085,0,0
386265,0,0
364437,0,0
96290,0,0
-274925,0,0
-557746,0,0
-501362,0,0
-532716,0,0
-198981,0,0
159996,0,0
422256,0,0
543631,0,0
307686,0,0
-73717,0,0
-453795,0,0
-724231,0,0
-690544,0,0
-468213,0,0
-195825,0,0
72457,0,0
120571,0,0
-43773,0,0
-144795,0,0
-327591,0,0
-706386,0,0
-646713,0,0
-737774,0,0
-644974,0,0
-216066,0,0
62295,0,0
73618,0,0
-65354,0,0
-386108,0,0
-493769,0,0
-610262,0,0
-668027,0,0
-739222,0,0
-277094,0,0
6283,0,0
187013,0,0
83679,0,0
-266393,0,0
-573492,0,0
-827810,0,0
-772666,0,0
-754879,0,0
-578253,0,0
-274748,0,0
88215,0,0
163037,0,0
105098,0,0
-202,0,0
-391459,0,0
-633709,0,0
-764755,0,0
-700462,0,0
-205489,0,0
276478,0,0
348850,0,0
177657,0,0
-120162,0,0
-493236,0,0
-552389,0,0
-566146,0,0
-413302,0,0
-95946,0,0
34168,0,0
186545,0,0
303627,0,0
14070,0,0
-349330,0,0
-443666,0,0
-585564,0,0
-552073,0,0
-327938,0,0
118358,0,0
418396,0,0
432309,0,0
30326,0,0
-326134,0,0
-421065,0,0
-517663,0,0
-415838,0,0
-286300,0,0
104792,0,0
397754,0,0
459306,0,0
232401,0,0
-67075,0,0
-294254,0,0
-463844,0,0
-351777,0,0
-411359,0,0
-200680,0,0
255715,0,0
419108,0,0
378576,0,0
192867,0,0
-249058,0,0
-548922,0,0
-713359,0,0
-772357,0,0
-399350,0,0
109113,0,0
299756,0,0
381461,0,0
212967,0,0
-45294,0,0
-463178,0,0
-709480,0,0
-855431,0,0
-530192,0,0
-44830,0,0
431439,0,0
652855,0,0
414865,0,0
-93384,0,0
-471924,0,0
-633665,0,0
-618952,0,0
-340806,0,0
2533,0,0
290271,0,0
300394,0,0
200031,0,0
59017,0,0
-190254,0,0
-556747,0,0
-289234,0,0
-245314,0,0
-5749,0,0
402298,0,0
576902,0,0
524780,0,0
236852,0,0
-83495,0,0
-343104,0,0
-215261,0,0
-320223,0,0
7997,0,0
412776,0,0
525408,0,0
550452,0,0
275423,0,0
-83956,0,0
-277410,0,0
-399078,0,0
-582596,0,0
-572229,0,0
-171004,0,0
202968,0,0
381982,0,0
179427,0,0
-194617,0,0
-572355,0,0
-735625,0,0
-716422,0,0
-440730,0,0
-217828,0,0
109981,0,0
252817,0,0
132640,0,0
-88704,0,0
-450045,0,0
-723197,0,0
-730458,0,0
-677350,0,0
-448339,0,0
1363,0,0
212014,0,0
186867,0,0
-3615,0,0
-376214,0,0
-640352,0,0
-711600,0,0
-767946,0,0
-644979,0,0
-283096,0,0
-42232,0,0
161822,0,0
178439,0,0
-134544,0,0
-460485,0,0
-742164,0,0
-782923,0,0
-676061,0,0
-472521,0,0
-87195,0,0
211124,0,0
220200,0,0
41591,0,0
-253799,0,0
-549469,0,0
-614203,0,0
-605615,0,0
-576920,0,0
-264237,0,0
175826,0,0
309617,0,0
260248,0,0
72155,0,0
-327826,0,0
-616728,0,0
-736025,0,0
-815610,0,0
-359684,0,0
188862,0,0
443373,0,0
453130,0,0
165913,0,0
-329343,0,0
-580118,0,0
-650591,0,0
-628382,0,0
-450504,0,0
-102728,0,0
230606,0,0
411475,0,0
218628,0,0
-77110,0,0
-282371,0,0
-541679,0,0
-487252,0,0
-520314,0,0
-303413,0,0
19199,0,0
303355,0,0
421442,0,0
268457,0,0
-177401,0,0
-571638,0,0
-619563,0,0
-660204,0,0
-523675,0,0
-64548,0,0
377069,0,0
462369,0,0
245959,0,0
-161771,0,0
-491895,0,0
-624239,0,0
-671544,0,0
-539665,0,0
-114662,0,0
270900,0,0
307428,0,0
215075,0,0
-101641,0,0
-422472,0,0
-658265,0,0
-541750,0,0
-323530,0,0
-132217,0,0
28523,0,0
216328,0,0
275577,0,0
129263,0,0
-195766,0,0
-524863,0,0
-633769,0,0
-667474,0,0
-551178,0,0
12792,0,0
501225,0,0
541759,0,0
378492,0,0
-34418,0,0
-610213,0,0
-669398,0,0
-599493,0,0
-545076,0,0
-113144,0,0
352520,0,0
460859,0,0
332673,0,0
51686,0,0
-307487,0,0
-279417,0,0
-401226,0,0
-514139,0,0
-364052,0,0
-9546,0,0
516846,0,0
722319,0,0
498816,0,0
5579,0,0
-419254,0,0
-605089,0,0
-609040,0,0
-386737,0,0
123747,0,0
405573,0,0
518546,0,0
344024,0,0
45817,0,0
-323221,0,0
-567290,0,0
-537667,0,0
-495365,0,0
-18662,0,0
408909,0,0
504010,0,0
459647,0,0
180758,0,0
-172795,0,0
-369900,0,0
-507592,0,0
-638679,0,0
-200940,0,0
139922,0,0
274227,0,0
364704,0,0
118163,0,0
-49839,0,0
-67467,0,0
-152596,0,0
-493281,0,0
-377293,0,0
143057,0,0
411448,0,0
383110,0,0
153601,0,0
-145969,0,0
-290050,0,0
-278463,0,0
-270955,0,0
-245747,0,0
108895,0,0
376005,0,0
474120,0,0
348164,0,0
-7260,0,0
-417560,0,0
-379256,0,0
-477547,0,0
-292736,0,0
152966,0,0
584923,0,0
691892,0,0
652948,0,0
348456,0,0
-176889,0,0
-398609,0,0
-323140,0,0
-338199,0,0
-231977,0,0
123730,0,0
367227,0,0
513428,0,0
379117,0,0
133502,0,0
-134268,0,0
-541390,0,0
-653403,0,0
-617994,0,0
-45727,0,0
481923,0,0
642916,0,0
392960,0,0
-10351,0,0
-289325,0,0
-698767,0,0
-296994,0,0
-11099,0,0
161107,0,0
389342,0,0
384526,0,0
128166,0,0
-35977,0,0
-219165,0,0
-404261,0,0
-349241,0,0
-398798,0,0
-61556,0,0
311993,0,0
514712,0,0
444937,0,0
227628,0,0
-220195,0,0
-517024,0,0
-437407,0,0
-312834,0,0
-105559,0,0
249423,0,0
543850,0,0
588534,0,0
258478,0,0
-246425,0,0
-432868,0,0
-445302,0,0
-319765,0,0
-142691,0,0
66681,0,0
251110,0,0
384749,0,0
234045,0,0
14533,0,0
-78059,0,0
-307729,0,0
-382673,0,0
-421085,0,0
-166994,0,0
199862,0,0
426325,0,0
345959,0,0
30403,0,0
-338919,0,0
-756575,0,0
-612056,0,0
-464305,0,0
-260441,0,0
142783,0,0
345982,0,0
334543,0,0
111719,0,0
-234806,0,0
-475762,0,0
-396733,0,0
-282396,0,0
-185801,0,0
175599,0,0
387742,0,0
591410,0,0
476987,0,0
143546,0,0
-49715,0,0
-398905,0,0
-558710,0,0
-426036,0,0
-71980,0,0
203508,0,0
393399,0,0
323796,0,0
26485,0,0
-385219,0,0
-541006,0,0
-299293,0,0
-16555,0,0
-107239,0,0
46346,0,0
242907,0,0
315395,0,0
189455,0,0
-122208,0,0
-486965,0,0
-562166,0,0
-495921,0,0
-442693,0,0
-83983,0,0
390493,0,0
609798,0,0
414924,0,0
-36064,0,0
-553505,0,0
-801377,0,0
-734594,0,0
-626591,0,0
-255715,0,0
257785,0,0
484614,0,0
313508,0,0
-203771,0,0
-576096,0,0
-751226,0,0
-842453,0,0
-623216,0,0
-304418,0,0
-35824,0,0
221303,0,0
151232,0,0
-58242,0,0
-338989,0,0
-685772,0,0
-818590,0,0
-795725,0,0
-591064,0,0
-124547,0,0
317139,0,0
248363,0,0
23473,0,0
-285712,0,0
-685791,0,0
-779146,0,0
-676255,0,0
-676796,0,0
-354192,0,0
-7666,0,0
159536,0,0
244268,0,0
-74390,0,0
-482980,0,0
-733124,0,0
-783164,0,0
-685443,0,0
-340805,0,0
-5719,0,0
216255,0,0
181776,0,0
41978,0,0
-304722,0,0
-571066,0,0
-697180,0,0
-653630,0,0
-602946,0,0
-281273,0,0
92514,0,0
222092,0,0
299185,0,0
144850,0,0
-221586,0,0
-652091,0,0
-763314,0,0
-800753,0,0
-470999,0,0
-384,0,0
227265,0,0
449997,0,0
324246,0,0
-67099,0,0
-638322,0,0
-856120,0,0
-793903,0,0
-439253,0,0
93484,0,0
368853,0,0
396477,0,0
120202,0,0
-181217,0,0
-462513,0,0
-616452,0,0
-650801,0,0
-452242,0,0
-110251,0,0
271448,0,0
447776,0,0
343565,0,0
31249,0,0
-276063,0,0
-610905,0,0
-633592,0,0
-637978,0,0
-423634,0,0
-15807,0,0
220269,0,0
263443,0,0
61629,0,0
-268790,0,0
-468704,0,0
-422006,0,0
-657763,0,0
-665118,0,0
-165293,0,0
157130,0,0
268108,0,0
233398,0,0
-36361,0,0
-408018,0,0
-557922,0,0
-639988,0,0
-624892,0,0
-383476,0,0
-41789,0,0
272693,0,0
360535,0,0
233958,0,0
-7160,0,0
-452243,0,0
-736567,0,0
-646079,0,0
-516957,0,0
-86860,0,0
316678,0,0
362958,0,0
285991,0,0
20957,0,0
-448462,0,0
-555066,0,0
-529011,0,0
-561452,0,0
-142273,0,0
248934,0,0
253578,0,0
255534,0,0
84253,0,0
-258214,0,0
-540241,0,0
-641660,0,0
-729341,0,0
-460282,0,0
-62498,0,0
208896,0,0
305026,0,0
272885,0,0
-69889,0,0
-449692,0,0
-645691,0,0
-731620,0,0
-576784,0,0
-130790,0,0
352062,0,0
422308,0,0
345394,0,0
122618,0,0
-155765,0,0
-520678,0,0
-556286,0,0
-499162,0,0
-394508,0,0
120475,0,0
448728,0,0
509565,0,0
391156,0,0
4434,0,0
-271576,0,0
-332172,0,0
-480846,0,0
-496272,0,0
-16047,0,0
461896,0,0
572439,0,0
395288,0,0
-89981,0,0
-481511,0,0
-590018,0,0
-600130,0,0
-565817,0,0
-257720,0,0
170500,0,0
372842,0,0
281933,0,0
-2159,0,0
-231023,0,0
-582612,0,0
-685762,0,0
-667838,0,0
-358811,0,0
78314,0,0
505933,0,0
470923,0,0
142888,0,0
-249479,0,0
-600991,0,0
-453763,0,0
-174664,0,0
-11609,0,0
161548,0,0
235430,0,0
248485,0,0
243604,0,0
41391,0,0
-316818,0,0
-452069,0,0
-540499,0,0
-501813,0,0
-240745,0,0
147885,0,0
293337,0,0
254172,0,0
24889,0,0
-278001,0,0
-508157,0,0
-689219,0,0
-694899,0,0
-444336,0,0
-23867,0,0
216815,0,0
276927,0,0
104635,0,0
-185938,0,0
-441836,0,0
-584026,0,0
-671094,0,0
-654093,0,0
-280694,0,0
114327,0,0
348347,0,0
328156,0,0
72373,0,0
-376897,0,0
-575284,0,0
-697906,0,0
-681345,0,0
-292806,0,0
60100,0,0
221663,0,0
316091,0,0
173638,0,0
-209173,0,0
-549181,0,0
-722695,0,0
-685210,0,0
-481829,0,0
41218,0,0
229684,0,0
296956,0,0
204496,0,0
-55518,0,0
-339109,0,0
-567808,0,0
-605889,0,0
-611579,0,0
-440584,0,0
15928,0,0
268646,0,0
320720,0,0
186061,0,0
-201232,0,0
-577961,0,0
-574827,0,0
-569959,0,0
-552735,0,0
-192887,0,0
119672,0,0
400782,0,0
368128,0,0
67166,0,0
-393267,0,0
-569963,0,0
-641783,0,0
-537738,0,0
-144976,0,0
69378,0,0
279486,0,0
386396,0,0
189452,0,0
-114778,0,0
-433623,0,0
-596759,0,0
-618847,0,0
-474881,0,0
53049,0,0
378571,0,0
404466,0,0
235373,0,0
-94368,0,0
-416318,0,0
-414362,0,0
-395039,0,0
-459933,0,0
-130971,0,0
249353,0,0
372357,0,0
342828,0,0
37164,0,0
-306029,0,0
-440472,0,0
-533339,0,0
-592596,0,0
-373994,0,0
49544,0,0
396948,0,0
531852,0,0
224109,0,0
-246089,0,0
-549770,0,0
-615702,0,0
-567302,0,0
-439345,0,0
-34343,0,0
292259,0,0
307495,0,0
221121,0,0
78549,0,0
-205675,0,0
-523279,0,0
-615657,0,0
-600918,0,0
-239691,0,0
191123,0,0
391754,0,0
361649,0,0
109310,0,0
-329529,0,0
-585332,0,0
-565004,0,0
-517555,0,0
-374150,0,0
11669,0,0
298601,0,0
481759,0,0
257696,0,0
-200093,0,0
-512980,0,0
-585310,0,0
-684087,0,0
-648772,0,0
-185541,0,0
276158,0,0
339803,0,0
281839,0,0
7066,0,0
-380575,0,0
-638753,0,0
-660567,0,0
-555985,0,0
-282563,0,0
67339,0,0
272575,0,0
331570,0,0
113504,0,0
-226051,0,0
-595553,0,0
-676434,0,0
-550244,0,0
-455984,0,0
-1773,0,0
374531,0,0
378834,0,0
159306,0,0
-165872,0,0
-472505,0,0
-547297,0,0
-611384,0,0
-628096,0,0
-198693,0,0
310889,0,0
395078,0,0
341699,0,0
91208,0,0
-309097,0,0
-605439,0,0
-580682,0,0
-457906,0,0
-420564,0,0
-100246,0,0
273293,0,0
299800,0,0
158865,0,0
-121598,0,0
-404430,0,0
-518022,0,0
-613792,0,0
-650626,0,0
-312355,0,0
117079,0,0
418876,0,0
368800,0,0
118655,0,0
-306671,0,0
-590691,0,0
-663018,0,0
-614134,0,0
-416495,0,0
18934,0,0
395669,0,0
455871,0,0
210771,0,0
-152746,0,0
-433390,0,0
-613909,0,0
-590479,0,0
-329799,0,0
-40260,0,0
206170,0,0
377550,0,0
304299,0,0
15612,0,0
-220984,0,0
-563561,0,0
-626869,0,0
-539464,0,0
-403794,0,0
-97148,0,0
398901,0,0
451922,0,0
225559,0,0
-199507,0,0
-531259,0,0
-567464,0,0
-523969,0,0
-403503,0,0
-109952,0,0
336354,0,0
485993,0,0
343661,0,0
-28096,0,0
-415246,0,0
-530260,0,0
-577064,0,0
-584086,0,0
-204917,0,0
425166,0,0
515779,0,0
216501,0,0
31805,0,0
-236867,0,0
-445575,0,0
-555149,0,0
-633737,0,0
-479890,0,0
3113,0,0
294068,0,0
398779,0,0
282651,0,0
60156,0,0
-138894,0,0
-387695,0,0
-603837,0,0
-503805,0,0
-70764,0,0
258774,0,0
356853,0,0
293944,0,0
-14375,0,0
-360517,0,0
-373744,0,0
-550719,0,0
-624978,0,0
-347790,0,0
71907,0,0
370478,0,0
312421,0,0
80318,0,0
-311171,0,0
-478388,0,0
-569102,0,0
-605329,0,0
-532410,0,0
-122974,0,0
447987,0,0
575281,0,0
345835,0,0
-23282,0,0
-441002,0,0
-652681,0,0
-604986,0,0
-595077,0,0
-216229,0,0
181998,0,0
366203,0,0
398946,0,0
154605,0,0
-241316,0,0
-465345,0,0
-607597,0,0
-606774,0,0
-311584,0,0
138028,0,0
515474,0,0
631092,0,0
475594,0,0
21790,0,0
-273616,0,0
-251918,0,0
-266352,0,0
18981,0,0
321316,0,0
538235,0,0
603149,0,0
376141,0,0
34029,0,0
-181877,0,0
-122546,0,0
-248953,0,0
-293157,0,0
46734,0,0
549027,0,0
718256,0,0
602164,0,0
388100,0,0
-43692,0,0
-340158,0,0
-342736,0,0
-334331,0,0
26170,0,0
557182,0,0
733504,0,0
544237,0,0
208945,0,0
-280331,0,0
-426174,0,0
-219183,0,0
-256883,0,0
-95820,0,0
272257,0,0
451200,0,0
384121,0,0
196378,0,0
-9284,0,0
-224803,0,0
-260106,0,0
-382093,0,0
-379136,0,0
-107212,0,0
149821,0,0
325021,0,0
154886,0,0
-146460,0,0
-327755,0,0
-627079,0,0
-773641,0,0
-627203,0,0
-153340,0,0
303380,0,0
502909,0,0
292023,0,0
-99004,0,0
-380677,0,0
-588527,0,0
-569285,0,0
-537300,0,0
-428021,0,0
-1650,0,0
312475,0,0
177903,0,0
-7707,0,0
-253740,0,0
-560808,0,0
-628730,0,0
-671019,0,0
-92234,0,0
235104,0,0
181149,0,0
312952,0,0
248289,0,0
-104549,0,0
-389400,0,0
-315124,0,0
-334011,0,0
-154767,0,0
146461,0,0
281947,0,0
362192,0,0
310772,0,0
141281,0,0
25805,0,0
-181871,0,0
-594857,0,0
-536574,0,0
-230979,0,0
137240,0,0
497916,0,0
629390,0,0
516134,0,0
266658,0,0
-153206,0,0
-349691,0,0
-424434,0,0
-103772,0,0
489726,0,0
722834,0,0
736348,0,0
516522,0,0
119152,0,0
-227100,0,0
-376197,0,0
-412882,0,0
-255548,0,0
95037,0,0
342911,0,0
526424,0,0
572181,0,0
340312,0,0
-157188,0,0
-599287,0,0
-851311,0,0
-673592,0,0
-9456,0,0
506774,0,0
486524,0,0
292119,0,0
-103024,0,0
-408956,0,0
-477695,0,0
-504453,0,0
-483562,0,0
-231374,0,0
60296,0,0
263613,0,0
229930,0,0
-40016,0,0
-279631,0,0
-589419,0,0
-592792,0,0
-479570,0,0
-380150,0,0
-78255,0,0
171988,0,0
192247,0,0
18271,0,0
-286431,0,0
-626429,0,0
-695335,0,0
-816982,0,0
-646178,0,0
-314704,0,0
-51526,0,0
304701,0,0
267936,0,0
-135092,0,0
-645425,0,0
-771611,0,0
-781879,0,0
-755066,0,0
-387207,0,0
-45875,0,0
178584,0,0
199996,0,0
-39267,0,0
-378350,0,0
-726197,0,0
-747556,0,0
-502108,0,0
-140725,0,0
123254,0,0
287140,0,0
228052,0,0
48799,0,0
-280533,0,0
-592845,0,0
-589011,0,0
-346785,0,0
-197419,0,0
53094,0,0
309868,0,0
504275,0,0
421600,0,0
115584,0,0
-393351,0,0
-594506,0,0
-532922,0,0
-360275,0,0
46683,0,0
451313,0,0
691226,0,0
530433,0,0
20576,0,0
-534775,0,0
-694191,0,0
-458306,0,0
-441855,0,0
-32992,0,0
241647,0,0
420419,0,0
425136,0,0
85106,0,0
-338821,0,0
-419906,0,0
-534039,0,0
-482012,0,0
-359338,0,0
19745,0,0
277674,0,0
229227,0,0
16930,0,0
-304911,0,0
-615849,0,0
-676764,0,0
-598707,0,0
-633080,0,0
-369012,0,0
-26984,0,0
203094,0,0
205461,0,0
-90943,0,0
-468973,0,0
-708761,0,0
-772448,0,0
-698104,0,0
-512846,0,0
-120357,0,0
246613,0,0
350697,0,0
122717,0,0
-275666,0,0
-611814,0,0
-643453,0,0
-679164,0,0
-651807,0,0
-273915,0,0
233449,0,0
492502,0,0
426087,0,0
112204,0,0
-460967,0,0
-729099,0,0
-698837,0,0
-627226,0,0
-115381,0,0
306912,0,0
425066,0,0
295995,0,0
-11179,0,0
-375414,0,0
-604781,0,0
-618392,0,0
-570427,0,0
-375629,0,0
-82988,0,0
160762,0,0
255390,0,0
155533,0,0
-149474,0,0
-477165,0,0
-709955,0,0
-668031,0,0
-566279,0,0
-228593,0,0
138733,0,0
251844,0,0
254471,0,0
-9663,0,0
-404661,0,0
-606238,0,0
-582046,0,0
-587204,0,0
-467437,0,0
-79218,0,0
329874,0,0
393602,0,0
169486,0,0
-182617,0,0
-399847,0,0
-406034,0,0
-334224,0,0
-373735,0,0
-132758,0,0
191093,0,0
418994,0,0
415956,0,0
142167,0,0
-199043,0,0
-381781,0,0
-587574,0,0
-616479,0,0
-362040,0,0
159904,0,0
419986,0,0
311694,0,0
1318,0,0
-325283,0,0
-564882,0,0
-655056,0,0
-634158,0,0
-451068,0,0
-122681,0,0
216497,0,0
391962,0,0
204833,0,0
-155690,0,0
-517436,0,0
-619175,0,0
-633468,0,0
-548901,0,0
-293979,0,0
38690,0,0
122489,0,0
218232,0,0
39223,0,0
-307019,0,0
-502275,0,0
-607265,0,0
-694741,0,0
-485407,0,0
-61502,0,0
228004,0,0
508524,0,0
271299,0,0
-181075,0,0
-498682,0,0
-649204,0,0
-563410,0,0
-356393,0,0
-5442,0,0
328561,0,0
496582,0,0
291419,0,0
-83803,0,0
-370605,0,0
-436090,0,0
-525456,0,0
-504167,0,0
-179544,0,0
277980,0,0
573727,0,0
447048,0,0
115044,0,0
-107955,0,0
-387796,0,0
-334500,0,0
-390795,0,0
-294427,0,0
147911,0,0
467397,0,0
504815,0,0
287418,0,0
-152505,0,0
-504265,0,0
-399740,0,0
-377821,0,0
-276258,0,0
39823,0,0
303215,0,0
412441,0,0
241875,0,0
-144663,0,0
-410115,0,0
-276091,0,0
-332723,0,0
-365533,0,0
-158606,0,0
97682,0,0
246468,0,0
242621,0,0
13400,0,0
-273001,0,0
-458568,0,0
-754744,0,0
-756388,0,0
-508996,0,0
-7695,0,0
212298,0,0
220179,0,0
239557,0,0
-5988,0,0
-434756,0,0
-784388,0,0
-844717,0,0
-628749,0,0
77526,0,0
498487,0,0
454975,0,0
242661,0,0
-66622,0,0
-424157,0,0
-673959,0,0
-638599,0,0
-571836,0,0
-372159,0,0
78983,0,0
424371,0,0
350003,0,0
90030,0,0
-298927,0,0
-551866,0,0
-687856,0,0
-636844,0,0
-525363,0,0
-123872,0,0
178167,0,0
333841,0,0
325658,0,0
91955,0,0
-425389,0,0
-697128,0,0
-642524,0,0
-672561,0,0
-332782,0,0
265248,0,0
358382,0,0
256398,0,0
38351,0,0
-339040,0,0
-615026,0,0
-598078,0,0
-607157,0,0
-496384,0,0
-91216,0,0
161009,0,0
257002,0,0
192940,0,0
-106424,0,0
-435704,0,0
-643838,0,0
-671574,0,0
-589674,0,0
-367761,0,0
67856,0,0
239057,0,0
206692,0,0
74424,0,0
-234337,0,0
-538310,0,0
-670234,0,0
-624980,0,0
-534876,0,0
-148837,0,0
166585,0,0
298787,0,0
274561,0,0
492,0,0
-409199,0,0
-629548,0,0
-482311,0,0
-573196,0,0
-512250,0,0
-71085,0,0
338378,0,0
321001,0,0
100313,0,0
-177212,0,0
-457489,0,0
-664680,0,0
-497371,0,0
-513903,0,0
-316794,0,0
132334,0,0
279890,0,0
304163,0,0
104423,0,0
-268175,0,0
-542609,0,0
-603535,0,0
-654051,0,0
-506945,0,0
-66515,0,0
304743,0,0
315309,0,0
171690,0,0
-144213,0,0
-473747,0,0
-641306,0,0
-644426,0,0
-404412,0,0
-224405,0,0
396,0,0
150697,0,0
242866,0,0
125463,0,0
-185983,0,0
-489578,0,0
-633715,0,0
-538206,0,0
-536017,0,0
-186321,0,0
196091,0,0
292938,0,0
218450,0,0
-23980,0,0
-323884,0,0
-577467,0,0
-546585,0,0
-612943,0,0
-460146,0,0
-102893,0,0
237274,0,0
481516,0,0
293860,0,0
-118538,0,0
-458719,0,0
-620085,0,0
-643995,0,0
-542262,0,0
-264997,0,0
19483,0,0
288826,0,0
310762,0,0
115692,0,0
-265119,0,0
-572964,0,0
-607710,0,0
-661066,0,0
-531412,0,0
-92686,0,0
153146,0,0
161606,0,0
376840,0,0
79674,0,0
-422111,0,0
-672781,0,0
-727678,0,0
-617745,0,0
-401794,0,0
-39096,0,0
292387,0,0
473550,0,0
177083,0,0
-139223,0,0
-445169,0,0
-589386,0,0
-663853,0,0
-630970,0,0
-315656,0,0
147331,0,0
493881,0,0
422046,0,0
142011,0,0
-309405,0,0
-611558,0,0
-481119,0,0
-515668,0,0
-390919,0,0
43603,0,0
239425,0,0
303433,0,0
284017,0,0
-59235,0,0
-426911,0,0
-484207,0,0
-529356,0,0
-549080,0,0
-294140,0,0
73521,0,0
289107,0,0
441434,0,0
139906,0,0
-246207,0,0
-631070,0,0
-672207,0,0
-644303,0,0
-542107,0,0
-22346,0,0
369985,0,0
393672,0,0
235889,0,0
-105989,0,0
-471641,0,0
-644448,0,0
-566760,0,0
-614385,0,0
-395629,0,0
42867,0,0
338902,0,0
330804,0,0
237116,0,0
-116256,0,0
-496994,0,0
-618000,0,0
-633472,0,0
-485921,0,0
-215181,0,0
167712,0,0
322795,0,0
349928,0,0
115897,0,0
-246223,0,0
-546400,0,0
-637536,0,0
-619556,0,0
-510566,0,0
-71906,0,0
354440,0,0
440931,0,0
291973,0,0
-33311,0,0
-395847,0,0
-632563,0,0
-606772,0,0
-527308,0,0
-132024,0,0
319979,0,0
462805,0,0
239189,0,0
24270,0,0
-275165,0,0
-433051,0,0
-513633,0,0
-556727,0,0
-529545,0,0
-17689,0,0
437954,0,0
374325,0,0
257899,0,0
-66865,0,0
-421382,0,0
-567789,0,0
-581263,0,0
-564400,0,0
-239180,0,0
175367,0,0
334755,0,0
346741,0,0
221607,0,0
-161575,0,0
-622769,0,0
-622490,0,0
-561484,0,0
-407013,0,0
-93736,0,0
147715,0,0
249781,0,0
255978,0,0
17644,0,0
-319940,0,0
-408675,0,0
-591609,0,0
-616274,0,0
-389582,0,0
11766,0,0
337376,0,0
438415,0,0
202420,0,0
-119145,0,0
-465867,0,0
-567526,0,0
-505827,0,0
-504255,0,0
-96610,0,0
241757,0,0
359529,0,0
274348,0,0
18774,0,0
-303639,0,0
-481646,0,0
-479607,0,0
-574805,0,0
-290377,0,0
138380,0,0
320205,0,0
293069,0,0
110971,0,0
-171757,0,0
-352962,0,0
-483590,0,0
-559584,0,0
-478607,0,0
-94523,0,0
356916,0,0
409614,0,0
226250,0,0
-51100,0,0
-376321,0,0
-513454,0,0
-620017,0,0
-548646,0,0
-347464,0,0
38730,0,0
249663,0,0
370255,0,0
226343,0,0
-188647,0,0
-458398,0,0
-542172,0,0
-708486,0,0
-589614,0,0
-194311,0,0
152978,0,0
563296,0,0
385043,0,0
-96079,0,0
-462109,0,0
-525795,0,0
-490112,0,0
-573501,0,0
-430844,0,0
27530,0,0
272608,0,0
284602,0,0
244680,0,0
-61027,0,0
-432364,0,0
-548876,0,0
-608477,0,0
-577396,0,0
-239886,0,0
182891,0,0
367494,0,0
373785,0,0
116835,0,0
-305689,0,0
-592068,0,0
-637647,0,0
-493290,0,0
-363462,0,0
141486,0,0
391721,0,0
431380,0,0
188953,0,0
-182721,0,0
-501711,0,0
-595193,0,0
-569042,0,0
-513248,0,0
-186840,0,0
207558,0,0
478092,0,0
287181,0,0
37094,0,0
-335098,0,0
-575006,0,0
-587045,0,0
-511160,0,0
-401575,0,0
-21898,0,0
234136,0,0
271698,0,0
310409,0,0
-53365,0,0
-386038,0,0
-492396,0,0
-591192,0,0
-615866,0,0
-262316,0,0
186617,0,0
412322,0,0
354823,0,0
18314,0,0
-380286,0,0
-586651,0,0
-612193,0,0
-634898,0,0
-432420,0,0
75617,0,0
278487,0,0
259583,0,0
133430,0,0
-73522,0,0
-460182,0,0
-638951,0,0
-595703,0,0
-661942,0,0
-308262,0,0
75464,0,0
301652,0,0
327707,0,0
145473,0,0
-201921,0,0
-538500,0,0
-641978,0,0
-704973,0,0
-602474,0,0
-231759,0,0
251205,0,0
357304,0,0
257702,0,0
10313,0,0
-355855,0,0
-512051,0,0
-436335,0,0
-548004,0,0
-402811,0,0
9664,0,0
317851,0,0
428372,0,0
273984,0,0
-111830,0,0
-445796,0,0
-540381,0,0
-498731,0,0
-505844,0,0
-96426,0,0
250057,0,0
476952,0,0
417530,0,0
81569,0,0
-381186,0,0
-524760,0,0
-582339,0,0
-575395,0,0
-328012,0,0
57155,0,0
430781,0,0
362460,0,0
103551,0,0
-223198,0,0
-414509,0,0
-488601,0,0
-581274,0,0
-587785,0,0
-213270,0,0
244729,0,0
359607,0,0
335934,0,0
44290,0,0
-312033,0,0
-537922,0,0
-466086,0,0
-509913,0,0
-360114,0,0
-38627,0,0
309253,0,0
395950,0,0
244787,0,0
-57299,0,0
-406770,0,0
-514285,0,0
-622659,0,0
-442146,0,0
-113813,0,0
151672,0,0
407983,0,0
347995,0,0
91427,0,0
-330357,0,0
-432851,0,0
-467360,0,0
-564877,0,0
-334556,0,0
184945,0,0
432677,0,0
323916,0,0
135289,0,0
-146260,0,0
-496745,0,0
-456978,0,0
-384509,0,0
-526191,0,0
-121031,0,0
249296,0,0
348515,0,0
331089,0,0
190979,0,0
-102651,0,0
-440657,0,0
-613659,0,0
-551491,0,0
-133035,0,0
96508,0,0
328816,0,0
477221,0,0
188698,0,0
-200129,0,0
-361304,0,0
-412448,0,0
-510874,0,0
-273067,0,0
-26993,0,0
403756,0,0
548021,0,0
281476,0,0
-134566,0,0
-487135,0,0
-595295,0,0
-523627,0,0
-457825,0,0
-130826,0,0
158355,0,0
263159,0,0
155498,0,0
33698,0,0
-285334,0,0
-479366,0,0
-486776,0,0
-552270,0,0
-436287,0,0
-18027,0,0
258941,0,0
384812,0,0
161770,0,0
-205369,0,0
-471365,0,0
-510229,0,0
-394258,0,0
-471523,0,0
-86257,0,0
356134,0,0
477738,0,0
291992,0,0
-45374,0,0
-381776,0,0
-488723,0,0
-521590,0,0
-499331,0,0
-181033,0,0
115239,0,0
352238,0,0
363685,0,0
129492,0,0
-123495,0,0
-396916,0,0
-402970,0,0
-468067,0,0
-115739,0,0
242902,0,0
489317,0,0
412366,0,0
251784,0,0
21106,0,0
-399690,0,0
-425506,0,0
-509299,0,0
-480930,0,0
-48083,0,0
504627,0,0
636765,0,0
533274,0,0
110216,0,0
-518377,0,0
-566937,0,0
-518079,0,0
-472014,0,0
-332715,0,0
125870,0,0
457267,0,0
493255,0,0
294387,0,0
-193736,0,0
-629193,0,0
-694955,0,0
-590582,0,0
-364626,0,0
187085,0,0
395920,0,0
349395,0,0
146785,0,0
-176240,0,0
-498690,0,0
-520228,0,0
-542288,0,0
-581657,0,0
-154171,0,0
174748,0,0
427944,0,0
329938,0,0
44407,0,0
-459481,0,0
-636838,0,0
-735894,0,0
-657211,0,0
-245383,0,0
98718,0,0
375248,0,0
455386,0,0
144791,0,0
-348872,0,0
-646786,0,0
-661128,0,0
-632834,0,0
-541383,0,0
-41489,0,0
522762,0,0
543432,0,0
269596,0,0
-141436,0,0
-467387,0,0
-599308,0,0
-482937,0,0
-375179,0,0
63892,0,0
367088,0,0
415662,0,0
320783,0,0
14852,0,0
-423937,0,0
-559211,0,0
-498552,0,0
-466055,0,0
-295345,0,0
70931,0,0
258291,0,0
309779,0,0
113038,0,0
-209456,0,0
-549602,0,0
-626502,0,0
-627455,0,0
-469645,0,0
-51116,0,0
490538,0,0
667122,0,0
468525,0,0
-13855,0,0
-564578,0,0
-643885,0,0
-561366,0,0
-354904,0,0
-43463,0,0
319715,0,0
409358,0,0
291192,0,0
51623,0,0
-380403,0,0
-634034,0,0
-554756,0,0
-250473,0,0
69870,0,0
460687,0,0
491976,0,0
412072,0,0
209119,0,0
-165024,0,0
-485106,0,0
-452638,0,0
-395575,0,0
-181990,0,0
346487,0,0
706346,0,0
647889,0,0
244771,0,0
-186530,0,0
-442937,0,0
-441828,0,0
-242259,0,0
-84601,0,0
266324,0,0
572282,0,0
727246,0,0
562902,0,0
179448,0,0
-258422,0,0
-551576,0,0
-590571,0,0
-629509,0,0
-15264,0,0
525751,0,0
687572,0,0
581478,0,0
308525,0,0
19683,0,0
-243230,0,0
-274214,0,0
-410749,0,0
-7140,0,0
365507,0,0
507866,0,0
497414,0,0
337323,0,0
17692,0,0
-207551,0,0
-130828,0,0
-201631,0,0
-8851,0,0
343842,0,0
446293,0,0
562184,0,0
555357,0,0
328428,0,0
-134677,0,0
-376927,0,0
-298472,0,0
-34952,0,0
250011,0,0
672639,0,0
798121,0,0
605181,0,0
260383,0,0
-84170,0,0
-260408,0,0
-319613,0,0
-191933,0,0
-41648,0,0
408991,0,0
625473,0,0
593101,0,0
339320,0,0
-38997,0,0
-417170,0,0
-268626,0,0
-167536,0,0
-106666,0,0
238044,0,0
351450,0,0
432163,0,0
224084,0,0
20978,0,0
-243733,0,0
-543935,0,0
-796706,0,0
-699188,0,0
225672,0,0
529522,0,0
522924,0,0
340127,0,0
-52803,0,0
-481508,0,0
-708885,0,0
-599845,0,0
-296219,0,0
81588,0,0
362141,0,0
485813,0,0
403728,0,0
109189,0,0
-286933,0,0
-699891,0,0
-744575,0,0
-584391,0,0
-534152,0,0
14042,0,0
499816,0,0
398125,0,0
224044,0,0
-43223,0,0
-329908,0,0
-688751,0,0
-808098,0,0
-612544,0,0
-126017,0,0
278892,0,0
341356,0,0
112611,0,0
-341725,0,0
-442398,0,0
-313761,0,0
-475510,0,0
-398037,0,0
-32938,0,0
148054,0,0
428989,0,0
425838,0,0
1724,0,0
-334160,0,0
-431342,0,0
-497495,0,0
-398508,0,0
-53709,0,0
155659,0,0
293601,0,0
243639,0,0
11961,0,0
-332167,0,0
-584061,0,0
-647089,0,0
-488539,0,0
-139907,0,0
197141,0,0
355236,0,0
261874,0,0
-56392,0,0
-410135,0,0
-542168,0,0
-603310,0,0
-633369,0,0
-345347,0,0
-44761,0,0
230163,0,0
95892,0,0
-111009,0,0
-444003,0,0
-732623,0,0
-603487,0,0
-597615,0,0
-493188,0,0
-86778,0,0
292096,0,0
208945,0,0
44176,0,0
-313280,0,0
-701325,0,0
-795854,0,0
-694190,0,0
-414076,0,0
42656,0,0
269152,0,0
259025,0,0
113212,0,0
-264948,0,0
-595231,0,0
-714730,0,0
-724617,0,0
-656827,0,0
-294156,0,0
164854,0,0
364510,0,0
334031,0,0
2575,0,0
-437309,0,0
-748788,0,0
-732829,0,0
-707221,0,0
-567308,0,0
4584,0,0
392980,0,0
367287,0,0
52075,0,0
-290823,0,0
-641767,0,0
-738471,0,0
-705359,0,0
-669436,0,0
-227190,0,0
179283,0,0
465563,0,0
301746,0,0
-75297,0,0
-536103,0,0
-650050,0,0
-652182,0,0
-626752,0,0
-337463,0,0
3918,0,0
342512,0,0
360582,0,0
113179,0,0
-243046,0,0
-616994,0,0
-804652,0,0
-592545,0,0
-415819,0,0
8541,0,0
357729,0,0
272076,0,0
108225,0,0
-236945,0,0
-501897,0,0
-590276,0,0
-559685,0,0
-456651,0,0
9071,0,0
514541,0,0
473789,0,0
292635,0,0
-61258,0,0
-368580,0,0
-413188,0,0
-421079,0,0
-522428,0,0
-74288,0,0
505374,0,0
695555,0,0
639836,0,0
349254,0,0
-56409,0,0
-347372,0,0
-373398,0,0
-356290,0,0
-12580,0,0
489554,0,0
723974,0,0
621486,0,0
288728,0,0
-139113,0,0
-615854,0,0
-687321,0,0
-349600,0,0
-106946,0,0
91528,0,0
328238,0,0
311630,0,0
108896,0,0
-231896,0,0
-488699,0,0
-616056,0,0
-644026,0,0
-543861,0,0
-98332,0,0
327722,0,0
381085,0,0
205458,0,0
-117148,0,0
-440499,0,0
-436372,0,0
-346846,0,0
-410241,0,0
-244397,0,0
138792,0,0
239808,0,0
258858,0,0
11247,0,0
-406909,0,0
-676082,0,0
-718964,0,0
-762226,0,0
-596481,0,0
-191158,0,0
41573,0,0
372605,0,0
278095,0,0
-107382,0,0
-558614,0,0
-806147,0,0
-736811,0,0
-667080,0,0
-356132,0,0
93982,0,0
174272,0,0
140569,0,0
-12011,0,0
-393379,0,0
-669565,0,0
-608830,0,0
-563554,0,0
-206902,0,0
-29909,0,0
134588,0,0
288322,0,0
249813,0,0
-50609,0,0
-550254,0,0
-642740,0,0
-638930,0,0
-441411,0,0
-106392,0,0
165341,0,0
399324,0,0
378000,0,0
71152,0,0
-353829,0,0
-586459,0,0
-650026,0,0
-514301,0,0
-293190,0,0
248123,0,0
493759,0,0
380992,0,0
42953,0,0
-338897,0,0
-637158,0,0
-453569,0,0
-457947,0,0
-353516,0,0
12704,0,0
289033,0,0
315847,0,0
112980,0,0
-217763,0,0
-522435,0,0
-605565,0,0
-625910,0,0
-557573,0,0
-98777,0,0
178149,0,0
252366,0,0
314157,0,0
97686,0,0
-265485,0,0
-379324,0,0
-513553,0,0
-625005,0,0
-228380,0,0
90665,0,0
303900,0,0
363247,0,0
119322,0,0
-117162,0,0
-298427,0,0
-420366,0,0
-404954,0,0
-276488,0,0
58306,0,0
308908,0,0
287836,0,0
101113,0,0
-218823,0,0
-365623,0,0
-248932,0,0
-24946,0,0
-58539,0,0
204127,0,0
527185,0,0
488692,0,0
274841,0,0
-61983,0,0
-260419,0,0
-290287,0,0
-385414,0,0
-323458,0,0
149311,0,0
461874,0,0
514580,0,0
444625,0,0
120738,0,0
-255600,0,0
-420079,0,0
-539900,0,0
-520994,0,0
-146675,0,0
236483,0,0
687287,0,0
835416,0,0
502954,0,0
-17411,0,0
-471289,0,0
-501235,0,0
-516940,0,0
-76443,0,0
377825,0,0
749600,0,0
670798,0,0
410669,0,0
17293,0,0
-252740,0,0
-200254,0,0
-268531,0,0
-69279,0,0
267273,0,0
552309,0,0
558757,0,0
368784,0,0
21640,0,0
-345222,0,0
-442749,0,0
-604538,0,0
-556340,0,0
-120380,0,0
229177,0,0
231427,0,0
157954,0,0
-133647,0,0
-396392,0,0
-572149,0,0
-653563,0,0
-520977,0,0
-82932,0,0
286838,0,0
370778,0,0
324463,0,0
-6872,0,0
-354620,0,0
-578437,0,0
-659824,0,0
-630956,0,0
-440536,0,0
-73303,0,0
328720,0,0
301786,0,0
-17783,0,0
-212075,0,0
-629697,0,0
-656792,0,0
-528688,0,0
-517882,0,0
-112703,0,0
246068,0,0
328615,0,0
145743,0,0
-111262,0,0
-575273,0,0
-714297,0,0
-553228,0,0
-504756,0,0
-60020,0,0
249897,0,0
332746,0,0
181113,0,0
-99150,0,0
-467399,0,0
-664294,0,0
-708961,0,0
-661449,0,0
-172025,0,0
313301,0,0
510253,0,0
388942,0,0
89528,0,0
-356758,0,0
-513719,0,0
-598188,0,0
-529634,0,0
-104727,0,0
200562,0,0
384500,0,0
377389,0,0
176450,0,0
-302633,0,0
-594042,0,0
-432552,0,0
-492279,0,0
-318642,0,0
1080,0,0
297806,0,0
335661,0,0
142160,0,0
-210083,0,0
-364588,0,0
-602917,0,0
-485265,0,0
-458218,0,0
-220489,0,0
275777,0,0
438677,0,0
384729,0,0
104241,0,0
-272030,0,0
-667775,0,0
-643716,0,0
-598441,0,0
-191144,0,0
38893,0,0
185783,0,0
371945,0,0
176063,0,0
-103461,0,0
-494432,0,0
-572474,0,0
-706613,0,0
-515910,0,0
-164897,0,0
196640,0,0
284542,0,0
142650,0,0
-105453,0,0
-429998,0,0
-679879,0,0
-785216,0,0
-775371,0,0
-383395,0,0
407849,0,0
659626,0,0
487372,0,0
202259,0,0
-362612,0,0
-689338,0,0
-638559,0,0
-554249,0,0
-326787,0,0
172873,0,0
450289,0,0
498850,0,0
267494,0,0
-119069,0,0
-397419,0,0
-469785,0,0
-610367,0,0
-472278,0,0
-72361,0,0
149279,0,0
293037,0,0
166503,0,0
-76686,0,0
-465860,0,0
-694710,0,0
-721072,0,0
-648347,0,0
-288912,0,0
118969,0,0
497087,0,0
362451,0,0
-28772,0,0
-546986,0,0
-849768,0,0
-666829,0,0
-571498,0,0
-391007,0,0
31863,0,0
300818,0,0
148161,0,0
20279,0,0
-336789,0,0
-642960,0,0
-427284,0,0
-522975,0,0
-495355,0,0
-195559,0,0
107909,0,0
300248,0,0
291222,0,0
-81145,0,0
-391187,0,0
-546866,0,0
-640834,0,0
-680681,0,0
-333917,0,0
131259,0,0
408064,0,0
304804,0,0
-27815,0,0
-309196,0,0
-602522,0,0
-778818,0,0
-707946,0,0
-482160,0,0
-3841,0,0
95160,0,0
242914,0,0
227799,0,0
-82938,0,0
-569127,0,0
-675183,0,0
-649474,0,0
-715738,0,0
-317463,0,0
59571,0,0
253573,0,0
259282,0,0
24464,0,0
-320426,0,0
-576191,0,0
-491484,0,0
-657681,0,0
-555996,0,0
-242651,0,0
215515,0,0
406845,0,0
240507,0,0
-15586,0,0
-335933,0,0
-580187,0,0
-570402,0,0
-571156,0,0
-415665,0,0
47902,0,0
310561,0,0
413137,0,0
237896,0,0
-141593,0,0
-514167,0,0
-599610,0,0
-616878,0,0
-628585,0,0
-168876,0,0
238458,0,0
500198,0,0
317748,0,0
-37362,0,0
-437955,0,0
-603289,0,0
-644878,0,0
-581429,0,0
-350091,0,0
4165,0,0
261658,0,0
330048,0,0
147483,0,0
-179635,0,0
-490764,0,0
-735151,0,0
-667102,0,0
-566093,0,0
-244720,0,0
163261,0,0
310984,0,0
318766,0,0
47317,0,0
-349733,0,0
-632121,0,0
-656752,0,0
-668464,0,0
-425949,0,0
26846,0,0
259935,0,0
355520,0,0
224422,0,0
-104740,0,0
-403791,0,0
-582708,0,0
-553057,0,0
-383258,0,0
-210642,0,0
101522,0,0
414914,0,0
339646,0,0
121073,0,0
-221210,0,0
-402656,0,0
-521669,0,0
-468503,0,0
-359737,0,0
132550,0,0
467194,0,0
466572,0,0
270129,0,0
-79259,0,0
-421410,0,0
-568149,0,0
-506627,0,0
-551017,0,0
-136027,0,0
161468,0,0
267495,0,0
490519,0,0
123868,0,0
-330851,0,0
-475009,0,0
-620384,0,0
-708290,0,0
-346279,0,0
11900,0,0
280661,0,0
317112,0,0
187346,0,0
-93314,0,0
-485194,0,0
-632170,0,0
-647575,0,0
-542436,0,0
-195651,0,0
181617,0,0
393540,0,0
265829,0,0
19596,0,0
-385213,0,0
-499642,0,0
-511536,0,0
-487474,0,0
-364750,0,0
-9865,0,0
330579,0,0
483679,0,0
296999,0,0
-114197,0,0
-461683,0,0
-641938,0,0
-560008,0,0
-426403,0,0
-93725,0,0
262042,0,0
522354,0,0
299642,0,0
-33405,0,0
-267727,0,0
-492502,0,0
-590351,0,0
-557032,0,0
-215349,0,0
354374,0,0
678791,0,0
615707,0,0
295251,0,0
-178085,0,0
-442907,0,0
-539449,0,0
-586071,0,0
-245540,0,0
238012,0,0
500227,0,0
450191,0,0
209425,0,0
-181229,0,0
-560400,0,0
-570831,0,0
-517243,0,0
-442437,0,0
-123782,0,0
245892,0,0
375605,0,0
365452,0,0
-21432,0,0
-417137,0,0
-623275,0,0
-669630,0,0
-537337,0,0
-286208,0,0
61255,0,0
391091,0,0
402366,0,0
131309,0,0
-202225,0,0
-520490,0,0
-633863,0,0
-520664,0,0
-433112,0,0
-20771,0,0
345243,0,0
343112,0,0
118772,0,0
-107305,0,0
-323433,0,0
-353906,0,0
-313660,0,0
-191220,0,0
195944,0,0
460074,0,0
487564,0,0
415129,0,0
156920,0,0
-289186,0,0
-357497,0,0
-481314,0,0
-585318,0,0
-257068,0,0
179734,0,0
511418,0,0
584939,0,0
285188,0,0
-297890,0,0
-549724,0,0
-622053,0,0
-420772,0,0
26439,0,0
175539,0,0
347571,0,0
306698,0,0
121595,0,0
-159239,0,0
-388427,0,0
-481484,0,0
-354519,0,0
-315694,0,0
-102130,0,0
215073,0,0
318993,0,0
241774,0,0
-97991,0,0
-360171,0,0
-435835,0,0
-370649,0,0
-464914,0,0
-190793,0,0
330551,0,0
358715,0,0
397523,0,0
114330,0,0
-311268,0,0
-448519,0,0
-325221,0,0
-513299,0,0
-323842,0,0
60803,0,0
227624,0,0
372292,0,0
105710,0,0
-230817,0,0
-493540,0,0
-563016,0,0
-494153,0,0
-287804,0,0
-56430,0,0
170312,0,0
400335,0,0
257334,0,0
-84947,0,0
-477493,0,0
-625310,0,0
-638931,0,0
-615838,0,0
-280035,0,0
303135,0,0
448442,0,0
372157,0,0
142288,0,0
-257740,0,0
-394815,0,0
-460763,0,0
-610734,0,0
-415548,0,0
181618,0,0
361777,0,0
251638,0,0
140557,0,0
-221303,0,0
-360954,0,0
-525259,0,0
-660448,0,0
-483005,0,0
-106604,0,0
90928,0,0
385922,0,0
284588,0,0
-15023,0,0
-286944,0,0
-139316,0,0
-205845,0,0
-265679,0,0
-20915,0,0
452328,0,0
844357,0,0
701337,0,0
362888,0,0
9384,0,0
-349732,0,0
-301954,0,0
-213896,0,0
-24898,0,0
330329,0,0
557934,0,0
420076,0,0
271169,0,0
-62515,0,0
-437612,0,0
-597327,0,0
-700274,0,0
-502707,0,0
23640,0,0
282907,0,0
309588,0,0
130804,0,0
-253936,0,0
-546872,0,0
-620461,0,0
-676046,0,0
-436710,0,0
-73931,0,0
190556,0,0
371988,0,0
236000,0,0
-128813,0,0
-392962,0,0
-572812,0,0
-634172,0,0
-521166,0,0
-394919,0,0
-37403,0,0
300629,0,0
410975,0,0
175848,0,0
-214842,0,0
-515898,0,0
-682788,0,0
-686655,0,0
-520350,0,0
122578,0,0
386802,0,0
389703,0,0
241119,0,0
6629,0,0
-256064,0,0
-260399,0,0
-481709,0,0
-566213,0,0
-88842,0,0
311587,0,0
482707,0,0
418394,0,0
227026,0,0
-33921,0,0
-57568,0,0
-342058,0,0
-571578,0,0
-212467,0,0
82389,0,0
242534,0,0
295071,0,0
146792,0,0
-41308,0,0
4980,0,0
-301623,0,0
-445300,0,0
-458861,0,0
-142641,0,0
491311,0,0
537558,0,0
311506,0,0
-129617,0,0
-456086,0,0
-529390,0,0
-424781,0,0
-421759,0,0
79352,0,0
542997,0,0
527649,0,0
267718,0,0
-155810,0,0
-516233,0,0
-639102,0,0
-590681,0,0
-559538,0,0
-17834,0,0
304708,0,0
362862,0,0
310174,0,0
-43555,0,0
-375092,0,0
-587925,0,0
-423470,0,0
-352891,0,0
-12373,0,0
322799,0,0
602751,0,0
534972,0,0
143468,0,0
-203566,0,0
-501526,0,0
-563833,0,0
-508461,0,0
-251709,0,0
-40377,0,0
238875,0,0
338807,0,0
185435,0,0
-106977,0,0
-538219,0,0
-604457,0,0
-688810,0,0
-531996,0,0
-120621,0,0
348095,0,0
436540,0,0
255939,0,0
-103349,0,0
-485881,0,0
-542671,0,0
-536542,0,0
-627258,0,0
-275398,0,0
82376,0,0
199898,0,0
282871,0,0
72748,0,0
-287389,0,0
-523039,0,0
-636198,0,0
-606360,0,0
-227979,0,0
97951,0,0
222075,0,0
277414,0,0
63392,0,0
-314072,0,0
-567387,0,0
-633270,0,0
-588019,0,0
-552108,0,0
-60871,0,0
417336,0,0
474018,0,0
203786,0,0
-135333,0,0
-628979,0,0
-821633,0,0
-621764,0,0
-581191,0,0
-310170,0,0
313999,0,0
612133,0,0
519560,0,0
268052,0,0
-260980,0,0
-597837,0,0
-647515,0,0
-759153,0,0
-408705,0,0
87298,0,0
329045,0,0
301297,0,0
152735,0,0
31406,0,0
-187891,0,0
-641178,0,0
-809513,0,0
-533369,0,0
113185,0,0
420137,0,0
458050,0,0
204375,0,0
-114779,0,0
-287771,0,0
-437891,0,0
-426689,0,0
-291768,0,0
-45040,0,0
375167,0,0
510144,0,0
357493,0,0
3455,0,0
-402860,0,0
-583404,0,0
-495118,0,0
-489456,0,0
-80661,0,0
409285,0,0
500491,0,0
265115,0,0
-35583,0,0
-284812,0,0
-331079,0,0
-312395,0,0
-467315,0,0
-242997,0,0
251509,0,0
450746,0,0
483462,0,0
160723,0,0
-295991,0,0
-592156,0,0
-539657,0,0
-586911,0,0
-288211,0,0
-42756,0,0
36537,0,0
281598,0,0
149483,0,0
-133833,0,0
-425221,0,0
-629427,0,0
-698678,0,0
-420681,0,0
-212937,0,0
155362,0,0
373824,0,0
191171,0,0
-62781,0,0
-405552,0,0
-591059,0,0
-643605,0,0
-526870,0,0
-440595,0,0
61198,0,0
322141,0,0
246090,0,0
122921,0,0
-290924,0,0
-545728,0,0
-403799,0,0
-393677,0,0
-317869,0,0
161503,0,0
343038,0,0
428859,0,0
307882,0,0
-91702,0,0
-361727,0,0
-474208,0,0
-628308,0,0
-451046,0,0
-31887,0,0
218799,0,0
357787,0,0
217160,0,0
-50787,0,0
-301506,0,0
-455777,0,0
-421757,0,0
-350858,0,0
-64449,0,0
309893,0,0
778298,0,0
724818,0,0
356891,0,0
-74925,0,0
-414205,0,0
-237550,0,0
-227072,0,0
-95466,0,0
350499,0,0
450305,0,0
377516,0,0
201108,0,0
-151021,0,0
-242486,0,0
-156684,0,0
-362883,0,0
-357423,0,0
60900,0,0
406029,0,0
535899,0,0
434630,0,0
55655,0,0
-161265,0,0
-230353,0,0
-394493,0,0
-165408,0,0
217691,0,0
452130,0,0
498788,0,0
236568,0,0
-252738,0,0
-530695,0,0
-457753,0,0
-415600,0,0
-227859,0,0
51620,0,0
336899,0,0
382862,0,0
284790,0,0
-49395,0,0
-338815,0,0
-562248,0,0
-547616,0,0
-308403,0,0
-153092,0,0
214228,0,0
398055,0,0
401909,0,0
186795,0,0
-85098,0,0
-470580,0,0
-653681,0,0
-601615,0,0
-404490,0,0
210193,0,0
444964,0,0
490116,0,0
361361,0,0
43198,0,0
-371304,0,0
-340141,0,0
-468951,0,0
-413343,0,0
270,0,0
294396,0,0
394229,0,0
221972,0,0
-51437,0,0
-205398,0,0
-453331,0,0
-554526,0,0
-484236,0,0
-334421,0,0
-46019,0,0
419923,0,0
415510,0,0
137915,0,0
-306794,0,0
-573582,0,0
-533528,0,0
-148549,0,0
23422,0,0
405529,0,0
506250,0,0
245331,0,0
12273,0,0
-316736,0,0
-611418,0,0
-480552,0,0
-420319,0,0
-441248,0,0
-15201,0,0
428240,0,0
432523,0,0
188355,0,0
-257420,0,0
-640592,0,0
-573950,0,0
-467301,0,0
-215413,0,0
244661,0,0
503821,0,0
450888,0,0
200793,0,0
-247964,0,0
-648926,0,0
-725902,0,0
-679273,0,0
-275892,0,0
225695,0,0
263619,0,0
332953,0,0
183858,0,0
-140547,0,0
-287139,0,0
-686528,0,0
-803219,0,0
-651415,0,0
-346826,0,0
36126,0,0
320558,0,0
200694,0,0
51507,0,0
-157147,0,0
-668329,0,0
-651233,0,0
-563622,0,0
-464769,0,0
-82261,0,0
305489,0,0
336634,0,0
223944,0,0
-141570,0,0
-473636,0,0
-499329,0,0
-580410,0,0
-465438,0,0
-80496,0,0
207503,0,0
325682,0,0
174607,0,0
-218444,0,0
-462029,0,0
-441388,0,0
-556969,0,0
-346688,0,0
-152261,0,0
9424,0,0
216217,0,0
238260,0,0
22363,0,0
-278313,0,0
-665245,0,0
-829858,0,0
-643958,0,0
-385076,0,0
23568,0,0
356292,0,0
180463,0,0
-14194,0,0
-261472,0,0
-546387,0,0
-740591,0,0
-564675,0,0
-535255,0,0
-98393,0,0
235178,0,0
343561,0,0
142415,0,0
-240564,0,0
-602731,0,0
-657510,0,0
-616052,0,0
-674440,0,0
-268486,0,0
189993,0,0
385167,0,0
319599,0,0
-34158,0,0
-451854,0,0
-580748,0,0
-616362,0,0
-549996,0,0
-223542,0,0
86241,0,0
330653,0,0
338101,0,0
141637,0,0
-201585,0,0
-435461,0,0
-640183,0,0
-609672,0,0
-557695,0,0
-167895,0,0
312607,0,0
306040,0,0
282069,0,0
37068,0,0
-437974,0,0
-537470,0,0
-294653,0,0
-468760,0,0
-213102,0,0
120127,0,0
346070,0,0
449066,0,0
272415,0,0
-61775,0,0
-357218,0,0
-492821,0,0
-686011,0,0
-366140,0,0
26446,0,0
441739,0,0
424054,0,0
69132,0,0
-271987,0,0
-533435,0,0
-273967,0,0
-287393,0,0
-45115,0,0
182557,0,0
426166,0,0
480720,0,0
171026,0,0
-94845,0,0
-408929,0,0
-452558,0,0
-494824,0,0
-475149,0,0
-186777,0,0
214889,0,0
328672,0,0
229591,0,0
-45164,0,0
-486020,0,0
-649330,0,0
-634264,0,0
-676562,0,0
-324756,0,0
206904,0,0
406260,0,0
374093,0,0
46031,0,0
-424341,0,0
-615999,0,0
-655589,0,0
-614170,0,0
-374731,0,0
-44805,0,0
145285,0,0
284139,0,0
184101,0,0
-63242,0,0
-298563,0,0
-457310,0,0
-591302,0,0
-481397,0,0
-191549,0,0
150907,0,0
388708,0,0
201349,0,0
-39352,0,0
-295139,0,0
-597090,0,0
-416543,0,0
-416693,0,0
-334462,0,0
116111,0,0
287425,0,0
262318,0,0
108634,0,0
-292228,0,0
-674904,0,0
-622149,0,0
-665415,0,0
-509619,0,0
-19129,0,0
314619,0,0
451544,0,0
278053,0,0
-164664,0,0
-497658,0,0
-624295,0,0
-759231,0,0
-571810,0,0
-196885,0,0
67454,0,0
334968,0,0
371146,0,0
67364,0,0
-379560,0,0
-547177,0,0
-619213,0,0
-633685,0,0
-415998,0,0
-11863,0,0
298704,0,0
357568,0,0
130745,0,0
-189576,0,0
-525408,0,0
-563397,0,0
-606418,0,0
-623153,0,0
-177421,0,0
269284,0,0
413724,0,0
247512,0,0
-86224,0,0
-514021,0,0
-630769,0,0
-732683,0,0
-721588,0,0
-354180,0,0
201364,0,0
530749,0,0
417834,0,0
47220,0,0
-433382,0,0
-580367,0,0
-628571,0,0
-547337,0,0
-150313,0,0
70470,0,0
279482,0,0
358575,0,0
225807,0,0
-52446,0,0
-348155,0,0
-561674,0,0
-560241,0,0
-507594,0,0
-85488,0,0
297962,0,0
426934,0,0
283309,0,0
-9679,0,0
-372450,0,0
-577163,0,0
-596566,0,0
-660315,0,0
-248265,0,0
363572,0,0
526678,0,0
358529,0,0
18364,0,0
-376214,0,0
-587460,0,0
-578784,0,0
-625541,0,0
-338961,0,0
-63603,0,0
180139,0,0
404194,0,0
211675,0,0
-150610,0,0
-424469,0,0
-567812,0,0
-616295,0,0
-486775,0,0
-176143,0,0
203770,0,0
343748,0,0
192033,0,0
20031,0,0
-321880,0,0
-543961,0,0
-565978,0,0
-625305,0,0
-371764,0,0
53034,0,0
305633,0,0
324947,0,0
205367,0,0
-193402,0,0
-533751,0,0
-564641,0,0
-615195,0,0
-447311,0,0
-27155,0,0
222941,0,0
362484,0,0
300116,0,0
-23465,0,0
-304177,0,0
-557909,0,0
-645041,0,0
-577023,0,0
-190996,0,0
134642,0,0
314809,0,0
340141,0,0
162647,0,0
-62120,0,0
-463549,0,0
-659900,0,0
-635048,0,0
-436921,0,0
93253,0,0
490883,0,0
430100,0,0
212570,0,0
-159679,0,0
-531370,0,0
-568790,0,0
-552002,0,0
-458558,0,0
8809,0,0
254653,0,0
261046,0,0
322816,0,0
-2782,0,0
-407880,0,0
-511072,0,0
-602689,0,0
-610820,0,0
-311631,0,0
199878,0,0
456170,0,0
411681,0,0
32164,0,0
-363635,0,0
-573704,0,0
-634584,0,0
-563795,0,0
-440821,0,0
-108732,0,0
350923,0,0
356382,0,0
134674,0,0
-60613,0,0
-383650,0,0
-579939,0,0
-466683,0,0
-453561,0,0
-175010,0,0
171997,0,0
418642,0,0
379727,0,0
88738,0,0
-393236,0,0
-474437,0,0
-409462,0,0
-569388,0,0
-306030,0,0
270903,0,0
539325,0,0
419881,0,0
166527,0,0
-187821,0,0
-283660,0,0
-329567,0,0
-643540,0,0
-447971,0,0
54728,0,0
475530,0,0
635609,0,0
486676,0,0
110058,0,0
-324062,0,0
-447320,0,0
-409888,0,0
-414088,0,0
-58644,0,0
427556,0,0
531122,0,0
312968,0,0
-28690,0,0
-432746,0,0
-698179,0,0
-629683,0,0
-577120,0,0
-235246,0,0
250784,0,0
196987,0,0
125629,0,0
32259,0,0
-335402,0,0
-594923,0,0
-352408,0,0
-615523,0,0
-471645,0,0
-107110,0,0
37015,0,0
361661,0,0
263652,0,0
-103790,0,0
-509771,0,0
-667250,0,0
-714288,0,0
-527213,0,0
-202886,0,0
110678,0,0
396683,0,0
236034,0,0
-31063,0,0
-260606,0,0
-371643,0,0
-554851,0,0
-609859,0,0
-468776,0,0
19108,0,0
481010,0,0
521493,0,0
363893,0,0
-38598,0,0
-546263,0,0
-542542,0,0
-613443,0,0
-534693,0,0
36030,0,0
557598,0,0
642019,0,0
506462,0,0
-28527,0,0
-533196,0,0
-612313,0,0
-650922,0,0
-514520,0,0
233130,0,0
474569,0,0
467415,0,0
320087,0,0
-72952,0,0
-427698,0,0
-628498,0,0
-676479,0,0
-518426,0,0
-346195,0,0
-79717,0,0
220619,0,0
290601,0,0
102372,0,0
-221429,0,0
-537328,0,0
-647586,0,0
-610017,0,0
-524708,0,0
-206277,0,0
191912,0,0
361187,0,0
270253,0,0
-78421,0,0
-463414,0,0
-554417,0,0
-631856,0,0
-585098,0,0
-194535,0,0
205026,0,0
202365,0,0
198377,0,0
116457,0,0
-218072,0,0
-417998,0,0
-604397,0,0
-676965,0,0
-535849,0,0
-129431,0,0
229749,0,0
443157,0,0
219850,0,0
-122496,0,0
-447351,0,0
-660953,0,0
-616446,0,0
-602226,0,0
-386317,0,0
45379,0,0
276570,0,0
375499,0,0
189853,0,0
-237254,0,0
-704258,0,0
-768084,0,0
-610946,0,0
-396552,0,0
-52358,0,0
136178,0,0
238750,0,0
154929,0,0
-104608,0,0
-375017,0,0
-516824,0,0
-703570,0,0
-674632,0,0
-425925,0,0
11304,0,0
438765,0,0
388746,0,0
64193,0,0
-246617,0,0
-505722,0,0
-677822,0,0
-611892,0,0
-523208,0,0
-195277,0,0
244987,0,0
337930,0,0
273310,0,0
-30728,0,0
-363296,0,0
-504507,0,0
-542452,0,0
-665236,0,0
-459528,0,0
-140887,0,0
145566,0,0
401672,0,0
262763,0,0
-74649,0,0
-393455,0,0
-607322,0,0
-712770,0,0
-599470,0,0
-340687,0,0
57446,0,0
278261,0,0
356323,0,0
183360,0,0
-184215,0,0
-586123,0,0
-520558,0,0
-448730,0,0
-487566,0,0
-118381,0,0
256976,0,0
357545,0,0
292684,0,0
-60824,0,0
-437026,0,0
-501629,0,0
-496239,0,0
-498128,0,0
-279774,0,0
129654,0,0
226763,0,0
463497,0,0
340103,0,0
3178,0,0
-345678,0,0
-621590,0,0
-607555,0,0
-427485,0,0
-78629,0,0
342795,0,0
432715,0,0
238123,0,0
-72313,0,0
-420267,0,0
-610897,0,0
-714989,0,0
-551935,0,0
-282240,0,0
126707,0,0
424675,0,0
270139,0,0
48740,0,0
-236866,0,0
-477706,0,0
-557588,0,0
-602607,0,0
-414967,0,0
-47475,0,0
158309,0,0
365375,0,0
323832,0,0
-40696,0,0
-366156,0,0
-534060,0,0
-598771,0,0
-484835,0,0
-245660,0,0
74871,0,0
397511,0,0
422477,0,0
127658,0,0
-248824,0,0
-544346,0,0
-452938,0,0
-449990,0,0
-464849,0,0
-103690,0,0
356345,0,0
489541,0,0
335406,0,0
-60407,0,0
-485344,0,0
-594656,0,0
-671993,0,0
-648494,0,0
-145568,0,0
273658,0,0
365011,0,0
287577,0,0
59746,0,0
-274813,0,0
-501338,0,0
-602907,0,0
-632341,0,0
-321401,0,0
48552,0,0
238087,0,0
247879,0,0
110775,0,0
-145258,0,0
-508336,0,0
-685582,0,0
-312664,0,0
-226834,0,0
-116075,0,0
21842,0,0
89738,0,0
131195,0,0
12068,0,0
-270352,0,0
-394207,0,0
-276803,0,0
-565278,0,0
-584663,0,0
-90387,0,0
217616,0,0
390431,0,0
298898,0,0
-27777,0,0
-341698,0,0
-552253,0,0
-653645,0,0
-547939,0,0
-229156,0,0
113358,0,0
391122,0,0
279450,0,0
116824,0,0
-169926,0,0
-489924,0,0
-611424,0,0
-572702,0,0
-496182,0,0
-62497,0,0
344233,0,0
349605,0,0
245671,0,0
-42564,0,0
-461312,0,0
-545692,0,0
-541287,0,0
-568109,0,0
-313148,0,0
30695,0,0
272284,0,0
503884,0,0
183602,0,0
-218953,0,0
-421222,0,0
-603005,0,0
-658476,0,0
-415241,0,0
-9468,0,0
293655,0,0
403320,0,0
239367,0,0
-63757,0,0
-351811,0,0
-587353,0,0
-424427,0,0
-263368,0,0
-196599,0,0
67080,0,0
284884,0,0
365146,0,0
207165,0,0
-232295,0,0
-466052,0,0
-402491,0,0
-596425,0,0
-435697,0,0
39528,0,0
379140,0,0
395607,0,0
172270,0,0
-164928,0,0
-448477,0,0
-457630,0,0
-463262,0,0
-493799,0,0
-184242,0,0
147114,0,0
300657,0,0
281821,0,0
137881,0,0
-36508,0,0
-363288,0,0
-594554,0,0
-580375,0,0
-358794,0,0
93243,0,0
400465,0,0
395784,0,0
210512,0,0
-100909,0,0
-454109,0,0
-566576,0,0
-571021,0,0
-505985,0,0
-48721,0,0
320726,0,0
388989,0,0
304315,0,0
-53114,0,0
-497330,0,0
-563893,0,0
-444882,0,0
-429200,0,0
-220588,0,0
27569,0,0
282731,0,0
377090,0,0
120485,0,0
-261539,0,0
-487988,0,0
-640012,0,0
-623024,0,0
-466775,0,0
-139745,0,0
307839,0,0
441147,0,0
178337,0,0
-168413,0,0
-516551,0,0
-682603,0,0
-555598,0,0
-552891,0,0
-230610,0,0
228922,0,0
308328,0,0
295141,0,0
46852,0,0
-312905,0,0
-486815,0,0
-480519,0,0
-596894,0,0
-415264,0,0
6485,0,0
309988,0,0
516972,0,0
252211,0,0
-169552,0,0
-448324,0,0
-531870,0,0
-696629,0,0
-492309,0,0
-23368,0,0
127197,0,0
283872,0,0
407501,0,0
186785,0,0
-220767,0,0
-556597,0,0
-606911,0,0
-657782,0,0
-522684,0,0
110315,0,0
662670,0,0
608268,0,0
283817,0,0
-151875,0,0
-523962,0,0
-554341,0,0
-584287,0,0
-572815,0,0
-34576,0,0
431889,0,0
518599,0,0
423728,0,0
14766,0,0
-363165,0,0
-481687,0,0
-580850,0,0
-555927,0,0
-154932,0,0
259458,0,0
422604,0,0
324496,0,0
39617,0,0
-276444,0,0
-523104,0,0
-612040,0,0
-561815,0,0
-394532,0,0
-80044,0,0
252745,0,0
303057,0,0
200315,0,0
-95531,0,0
-441851,0,0
-633267,0,0
-622321,0,0
-598146,0,0
-275571,0,0
172098,0,0
320799,0,0
297420,0,0
44957,0,0
-352547,0,0
-522499,0,0
-611186,0,0
-720014,0,0
-491412,0,0
-76280,0,0
154001,0,0
411282,0,0
272890,0,0
-86162,0,0
-416579,0,0
-638590,0,0
-725088,0,0
-639821,0,0
-324263,0,0
58701,0,0
406343,0,0
428448,0,0
86797,0,0
-357558,0,0
-718383,0,0
-705469,0,0
-706572,0,0
-557555,0,0
-151580,0,0
177247,0,0
391592,0,0
379554,0,0
-49117,0,0
-529580,0,0
-683276,0,0
-785464,0,0
-623155,0,0
-257961,0,0
51736,0,0
282109,0,0
215117,0,0
113066,0,0
-149822,0,0
-464846,0,0
-685609,0,0
-645690,0,0
-614354,0,0
-302327,0,0
116114,0,0
277653,0,0
199748,0,0
65119,0,0
-294497,0,0
-595213,0,0
-598560,0,0
-677997,0,0
-613010,0,0
-216374,0,0
134185,0,0
291536,0,0
354829,0,0
62471,0,0
-347772,0,0
-587060,0,0
-651434,0,0
-562385,0,0
-427436,0,0
-80816,0,0
283807,0,0
398583,0,0
299305,0,0
-12952,0,0
-439356,0,0
-598070,0,0
-531055,0,0
-585624,0,0
-259300,0,0
238393,0,0
390971,0,0
341936,0,0
109323,0,0
-250696,0,0
-527820,0,0
-621059,0,0
-654356,0,0
-545908,0,0
-147845,0,0
320001,0,0
490976,0,0
235382,0,0
-128607,0,0
-442178,0,0
-681621,0,0
-680707,0,0
-537829,0,0
-325360,0,0
86132,0,0
298780,0,0
294767,0,0
174109,0,0
-137442,0,0
-477762,0,0
-532705,0,0
-515295,0,0
-576219,0,0
-206519,0,0
174269,0,0
324253,0,0
307506,0,0
19505,0,0
-339453,0,0
-421877,0,0
-613854,0,0
-603292,0,0
-441461,0,0
-121742,0,0
187706,0,0
354202,0,0
329796,0,0
56757,0,0
-410979,0,0
-649393,0,0
-606277,0,0
-520887,0,0
-299198,0,0
146943,0,0
392736,0,0
356986,0,0
172005,0,0
-188026,0,0
-567273,0,0
-620381,0,0
-557673,0,0
-465104,0,0
-35567,0,0
263722,0,0
333208,0,0
314938,0,0
-33780,0,0
-338338,0,0
-486044,0,0
-657775,0,0
-690388,0,0
-415361,0,0
-328,0,0
280396,0,0
205988,0,0
188725,0,0
-10793,0,0
-402563,0,0
-588792,0,0
-610774,0,0
-655498,0,0
-397576,0,0
128950,0,0
403641,0,0
358971,0,0
195312,0,0
-205862,0,0
-489087,0,0
-537861,0,0
-612455,0,0
-504778,0,0
-116818,0,0
161637,0,0
406864,0,0
402879,0,0
-1322,0,0
-416445,0,0
-624762,0,0
-676457,0,0
-600163,0,0
-383845,0,0
47095,0,0
403647,0,0
421678,0,0
155845,0,0
-185433,0,0
-500680,0,0
-573194,0,0
-584363,0,0
-637369,0,0
-208955,0,0
168019,0,0
377964,0,0
486257,0,0
126451,0,0
-351124,0,0
-599187,0,0
-679286,0,0
-619840,0,0
-390480,0,0
3574,0,0
172997,0,0
304117,0,0
259822,0,0
-32203,0,0
-357812,0,0
-569628,0,0
-605752,0,0
-577981,0,0
-359109,0,0
101753,0,0
476675,0,0
347022,0,0
131865,0,0
-175690,0,0
-452395,0,0
-497083,0,0
-576674,0,0
-483397,0,0
-51701,0,0
279030,0,0
385789,0,0
386053,0,0
71728,0,0
-332838,0,0
-512654,0,0
-559481,0,0
-553193,0,0
-311430,0,0
97664,0,0
406200,0,0
411222,0,0
137014,0,0
-167604,0,0
-467412,0,0
-595305,0,0
-559960,0,0
-534065,0,0
-238832,0,0
218809,0,0
350262,0,0
309495,0,0
143164,0,0
-254173,0,0
-578850,0,0
-563441,0,0
-502679,0,0
-229423,0,0
125772,0,0
277837,0,0
324084,0,0
206779,0,0
-86170,0,0
-398739,0,0
-498707,0,0
-556325,0,0
-471351,0,0
-185472,0,0
161352,0,0
385221,0,0
373736,0,0
155231,0,0
-142161,0,0
-537536,0,0
-671859,0,0
-526500,0,0
-365094,0,0
-9539,0,0
502934,0,0
542506,0,0
262582,0,0
-87613,0,0
-476815,0,0
-569937,0,0
-507978,0,0
-424204,0,0
-207292,0,0
72796,0,0
204205,0,0
373412,0,0
205675,0,0
-193112,0,0
-422660,0,0
-545714,0,0
-650786,0,0
-474954,0,0
-58515,0,0
299269,0,0
383943,0,0
278092,0,0
2035,0,0
-372584,0,0
-626054,0,0
-504816,0,0
-523603,0,0
-360687,0,0
119968,0,0
380446,0,0
299577,0,0
188071,0,0
-163769,0,0
-473507,0,0
-541389,0,0
-641922,0,0
-565999,0,0
-40439,0,0
242403,0,0
459702,0,0
376784,0,0
54636,0,0
-383521,0,0
-598851,0,0
-609935,0,0
-403241,0,0
-138821,0,0
88672,0,0
382721,0,0
371843,0,0
115968,0,0
-184733,0,0
-440372,0,0
-544480,0,0
-471762,0,0
-400572,0,0
-81342,0,0
422889,0,0
417275,0,0
224674,0,0
-34080,0,0
-404771,0,0
-504612,0,0
-402727,0,0
-446285,0,0
-167710,0,0
216230,0,0
287375,0,0
273215,0,0
12452,0,0
-319647,0,0
-157449,0,0
-387667,0,0
-546724,0,0
-314080,0,0
32161,0,0
186810,0,0
445079,0,0
309062,0,0
29655,0,0
-165364,0,0
-447647,0,0
-517893,0,0
-420067,0,0
-125616,0,0
280427,0,0
471088,0,0
236225,0,0
-50687,0,0
-401506,0,0
-609636,0,0
-600363,0,0
-633301,0,0
-233626,0,0
294642,0,0
366861,0,0
310034,0,0
112367,0,0
-254930,0,0
-475686,0,0
-470289,0,0
-614599,0,0
-535935,0,0
-25896,0,0
296047,0,0
539381,0,0
398394,0,0
-109238,0,0
-434499,0,0
-585541,0,0
-637655,0,0
-584802,0,0
-315860,0,0
70642,0,0
351040,0,0
293276,0,0
92070,0,0
-211244,0,0
-532337,0,0
-619089,0,0
-621689,0,0
-516066,0,0
-52893,0,0
345775,0,0
326246,0,0
264272,0,0
-58566,0,0
-524097,0,0
-621220,0,0
-630700,0,0
-617676,0,0
-246590,0,0
167484,0,0
246716,0,0
260413,0,0
92584,0,0
-282622,0,0
-459324,0,0
-293128,0,0
-416809,0,0
-480120,0,0
-175806,0,0
216193,0,0
435866,0,0
296131,0,0
-44823,0,0
-371622,0,0
-571557,0,0
-581391,0,0
-546181,0,0
-277801,0,0
164786,0,0
360844,0,0
331057,0,0
66215,0,0
-343170,0,0
-568332,0,0
-526862,0,0
-514167,0,0
-301138,0,0
71618,0,0
312781,0,0
336307,0,0
204399,0,0
-158462,0,0
-468091,0,0
-522583,0,0
-544529,0,0
-456485,0,0
-189443,0,0
143430,0,0
403594,0,0
336134,0,0
46759,0,0
-122203,0,0
-374938,0,0
-596344,0,0
-391847,0,0
-328319,0,0
-16782,0,0
335009,0,0
406835,0,0
249191,0,0
-1596,0,0
-353396,0,0
-319460,0,0
-525371,0,0
-468390,0,0
-52064,0,0
291313,0,0
476616,0,0
414786,0,0
89200,0,0
-374256,0,0
-395645,0,0
-425146,0,0
-505032,0,0
-156389,0,0
206784,0,0
380740,0,0
314690,0,0
118110,0,0
-169828,0,0
-230799,0,0
-295556,0,0
-464784,0,0
-247769,0,0
81871,0,0
313506,0,0
331731,0,0
170975,0,0
-107726,0,0
-274004,0,0
-570178,0,0
-465749,0,0
-481159,0,0
-146214,0,0
226186,0,0
398343,0,0
390448,0,0
157779,0,0
-227878,0,0
-532020,0,0
-664524,0,0
-685491,0,0
-335818,0,0
133313,0,0
454092,0,0
501274,0,0
315720,0,0
-213403,0,0
-601346,0,0
-686153,0,0
-699620,0,0
-486497,0,0
-31940,0,0
339244,0,0
532893,0,0
341620,0,0
-14461,0,0
-378331,0,0
-675443,0,0
-669118,0,0
-573956,0,0
-193401,0,0
185803,0,0
436474,0,0
277683,0,0
36978,0,0
-250758,0,0
-621923,0,0
-670027,0,0
-664562,0,0
-341372,0,0
42107,0,0
288317,0,0
431054,0,0
316597,0,0
-30945,0,0
-454475,0,0
-479067,0,0
-660267,0,0
-507042,0,0
-56262,0,0
249775,0,0
426523,0,0
339526,0,0
-36106,0,0
-366104,0,0
-532142,0,0
-636325,0,0
-657459,0,0
-298080,0,0
220988,0,0
520636,0,0
417858,0,0
103355,0,0
-294847,0,0
-574283,0,0
-615491,0,0
-593027,0,0
-286182,0,0
302520,0,0
539897,0,0
505644,0,0
307452,0,0
-76107,0,0
-514210,0,0
-578029,0,0
-569724,0,0
-450818,0,0
-59352,0,0
257269,0,0
393538,0,0
324888,0,0
-45990,0,0
-413696,0,0
-408342,0,0
-492109,0,0
-577954,0,0
-130215,0,0
312978,0,0
525025,0,0
543437,0,0
193510,0,0
-211730,0,0
-374647,0,0
-318313,0,0
-253055,0,0
-184592,0,0
65221,0,0
329133,0,0
407347,0,0
266318,0,0
93480,0,0
-391446,0,0
-546138,0,0
-554170,0,0
-547622,0,0
-90836,0,0
274571,0,0
225965,0,0
249542,0,0
122278,0,0
-312229,0,0
-460631,0,0
-544823,0,0
-646828,0,0
-362747,0,0
73885,0,0
290095,0,0
350648,0,0
143487,0,0
-320551,0,0
-464443,0,0
-531294,0,0
-632266,0,0
-358141,0,0
-28991,0,0
262900,0,0
449794,0,0
331297,0,0
83904,0,0
-425644,0,0
-643500,0,0
-552386,0,0
-424874,0,0
-138317,0,0
163860,0,0
361155,0,0
252295,0,0
-101035,0,0
-453658,0,0
-653843,0,0
-638603,0,0
-721248,0,0
-394178,0,0
178254,0,0
424945,0,0
319504,0,0
92190,0,0
-324760,0,0
-555792,0,0
-651891,0,0
-681761,0,0
-450937,0,0
59212,0,0
345911,0,0
361639,0,0
110412,0,0
-232929,0,0
-460410,0,0
-601655,0,0
-618163,0,0
-534786,0,0
-136765,0,0
196822,0,0
399973,0,0
280745,0,0
14417,0,0
-294001,0,0
-595133,0,0
-562544,0,0
-609177,0,0
-405274,0,0
94165,0,0
327441,0,0
270899,0,0
134516,0,0
-159951,0,0
-589539,0,0
-544882,0,0
-594500,0,0
-620215,0,0
-129659,0,0
251241,0,0
316249,0,0
206986,0,0
-97360,0,0
-384374,0,0
-355204,0,0
-420581,0,0
-533636,0,0
-311929,0,0
45935,0,0
332331,0,0
349489,0,0
64230,0,0
-297168,0,0
-644715,0,0
-580604,0,0
-357288,0,0
-423380,0,0
-110929,0,0
238876,0,0
561120,0,0
378047,0,0
-51979,0,0
-500604,0,0
-604155,0,0
-564910,0,0
-476601,0,0
18408,0,0
331034,0,0
399629,0,0
307830,0,0
-3226,0,0
-417379,0,0
-560861,0,0
-529026,0,0
-560130,0,0
-346582,0,0
42995,0,0
311155,0,0
319066,0,0
74726,0,0
-246137,0,0
-375158,0,0
-479553,0,0
-592986,0,0
-430393,0,0
-190289,0,0
182441,0,0
444408,0,0
306942,0,0
12931,0,0
-383141,0,0
-646616,0,0
-635476,0,0
-604184,0,0
-263668,0,0
221375,0,0
389490,0,0
341777,0,0
96204,0,0
-266882,0,0
-569362,0,0
-605095,0,0
-622521,0,0
-471106,0,0
-15768,0,0
232661,0,0
390670,0,0
242986,0,0
-138040,0,0
-447292,0,0
-580339,0,0
-654643,0,0
-567672,0,0
-260337,0,0
127238,0,0
336663,0,0
393787,0,0
99596,0,0
-303529,0,0
-596248,0,0
-556337,0,0
-429980,0,0
-385406,0,0
9508,0,0
269134,0,0
328267,0,0
349831,0,0
154920,0,0
-286564,0,0
-215345,0,0
-172859,0,0
-291756,0,0
-35760,0,0
300839,0,0
447187,0,0
336144,0,0
52242,0,0
-308302,0,0
-408161,0,0
-397231,0,0
-441402,0,0
-191497,0,0
625,0,0
256924,0,0
301819,0,0
171829,0,0
-121035,0,0
-246941,0,0
-412504,0,0
-505946,0,0
-459819,0,0
-202163,0,0
170994,0,0
525766,0,0
427162,0,0
198693,0,0
-228319,0,0
-443715,0,0
-516765,0,0
-662152,0,0
-337352,0,0
292872,0,0
631232,0,0
526603,0,0
104896,0,0
-346424,0,0
-597715,0,0
-603290,0,0
-397150,0,0
-240068,0,0
112165,0,0
257823,0,0
302820,0,0
132737,0,0
-203767,0,0
-414908,0,0
-587000,0,0
-609226,0,0
-523657,0,0
-104515,0,0
225839,0,0
380902,0,0
252068,0,0
-17910,0,0
-300351,0,0
-567840,0,0
-651782,0,0
-634407,0,0
-347203,0,0
121130,0,0
379140,0,0
289872,0,0
41995,0,0
-316879,0,0
-612170,0,0
-629854,0,0
-666018,0,0
-482558,0,0
-74624,0,0
207214,0,0
309329,0,0
247106,0,0
-99995,0,0
-470742,0,0
-532462,0,0
-632109,0,0
-560875,0,0
-137321,0,0
225142,0,0
363876,0,0
311450,0,0
24320,0,0
-273478,0,0
-580172,0,0
-626561,0,0
-524475,0,0
-307504,0,0
134455,0,0
395045,0,0
388794,0,0
180979,0,0
-122830,0,0
-470114,0,0
-624806,0,0
-464969,0,0
-475325,0,0
-143608,0,0
206754,0,0
436181,0,0
313995,0,0
-23135,0,0
-421682,0,0
-594583,0,0
-655422,0,0
-628465,0,0
-360108,0,0
171816,0,0
548824,0,0
479099,0,0
90722,0,0
-333117,0,0
-561860,0,0
-697145,0,0
-613616,0,0
-472977,0,0
-71092,0,0
436219,0,0
573795,0,0
249318,0,0
-127084,0,0
-488040,0,0
-615348,0,0
-554549,0,0
-608879,0,0
-329846,0,0
42360,0,0
343959,0,0
497034,0,0
231317,0,0
-288284,0,0
-598568,0,0
-662125,0,0
-633456,0,0
-458524,0,0
7820,0,0
367048,0,0
409582,0,0
176343,0,0
-184690,0,0
-489652,0,0
-591552,0,0
-624513,0,0
-560712,0,0
-295721,0,0
99281,0,0
319355,0,0
374311,0,0
129823,0,0
-167847,0,0
-567356,0,0
-697506,0,0
-634907,0,0
-464524,0,0
29186,0,0
244454,0,0
274831,0,0
203037,0,0
-70177,0,0
-451109,0,0
-382143,0,0
-294642,0,0
-368921,0,0
-201267,0,0
120278,0,0
281750,0,0
296743,0,0
47591,0,0
-335615,0,0
-367384,0,0
-456163,0,0
-575412,0,0
-492995,0,0
-107496,0,0
263978,0,0
332979,0,0
314804,0,0
52887,0,0
-373358,0,0
-644945,0,0
-709545,0,0
-593822,0,0
-258611,0,0
139508,0,0
423276,0,0
386636,0,0
163412,0,0
-258827,0,0
-615563,0,0
-668813,0,0
-613039,0,0
-370249,0,0
35883,0,0
247059,0,0
377000,0,0
204757,0,0
-69649,0,0
-414035,0,0
-600729,0,0
-627780,0,0
-556040,0,0
-197505,0,0
132834,0,0
309762,0,0
354484,0,0
62946,0,0
-299139,0,0
-510179,0,0
-616824,0,0
-620890,0,0
-325579,0,0
50912,0,0
429405,0,0
436695,0,0
89672,0,0
-245887,0,0
-300465,0,0
-321093,0,0
-562864,0,0
-517778,0,0
-122245,0,0
312261,0,0
375335,0,0
285427,0,0
-91890,0,0
-474671,0,0
-571422,0,0
-582854,0,0
-582222,0,0
-268330,0,0
144482,0,0
355526,0,0
345114,0,0
61853,0,0
-310820,0,0
-514388,0,0
-589017,0,0
-421481,0,0
-329408,0,0
-88672,0,0
174571,0,0
314145,0,0
248679,0,0
-73503,0,0
-427161,0,0
-583124,0,0
-532969,0,0
-646841,0,0
-343232,0,0
122372,0,0
444799,0,0
367431,0,0
156480,0,0
-250767,0,0
-555723,0,0
-630843,0,0
-652237,0,0
-459676,0,0
-106053,0,0
252060,0,0
467093,0,0
264954,0,0
-44077,0,0
-294473,0,0
-529188,0,0
-626802,0,0
-645805,0,0
-366632,0,0
97898,0,0
405812,0,0
446433,0,0
173992,0,0
-201451,0,0
-552016,0,0
-638497,0,0
-598946,0,0
-455935,0,0
-41156,0,0
341817,0,0
410975,0,0
191494,0,0
-74824,0,0
-451587,0,0
-590839,0,0
-586757,0,0
-559902,0,0
-283137,0,0
78322,0,0
344807,0,0
381180,0,0
130978,0,0
-320507,0,0
-540911,0,0
-648138,0,0
-635979,0,0
-543839,0,0
-105533,0,0
274324,0,0
427047,0,0
203480,0,0
-149704,0,0
-337221,0,0
-563083,0,0
-648188,0,0
-573607,0,0
-342459,0,0
-119096,0,0
102524,0,0
242291,0,0
172396,0,0
-126609,0,0
-371827,0,0
-323364,0,0
-600392,0,0
-659055,0,0
-328217,0,0
79902,0,0
564373,0,0
473490,0,0
15922,0,0
-389754,0,0
-514412,0,0
-588284,0,0
-510970,0,0
-316577,0,0
71788,0,0
445207,0,0
475390,0,0
202374,0,0
-158138,0,0
-448728,0,0
-525198,0,0
-526341,0,0
-366273,0,0
297402,0,0
498321,0,0
379857,0,0
274643,0,0
23988,0,0
-375489,0,0
-479495,0,0
-556434,0,0
-521597,0,0
-236711,0,0
182172,0,0
352942,0,0
226153,0,0
-12221,0,0
-352759,0,0
-566797,0,0
-561172,0,0
-555133,0,0
-485106,0,0
-148824,0,0
84915,0,0
149104,0,0
187733,0,0
-55487,0,0
-408475,0,0
-617034,0,0
-654618,0,0
-653791,0,0
-460225,0,0
-35601,0,0
192035,0,0
351288,0,0
167702,0,0
-262364,0,0
-578112,0,0
-587534,0,0
-538525,0,0
-535766,0,0
-251683,0,0
60203,0,0
234682,0,0
338292,0,0
119546,0,0
-232445,0,0
-534106,0,0
-583256,0,0
-534728,0,0
-457206,0,0
-173649,0,0
216496,0,0
288722,0,0
204328,0,0
-42037,0,0
-351780,0,0
-605934,0,0
-607877,0,0
-545066,0,0
-209341,0,0
104644,0,0
222108,0,0
307628,0,0
194720,0,0
-105566,0,0
-440478,0,0
-649056,0,0
-519900,0,0
-288376,0,0
-27007,0,0
248667,0,0
395797,0,0
310693,0,0
28923,0,0
-250024,0,0
-514783,0,0
-545127,0,0
-555558,0,0
-198543,0,0
215741,0,0
511814,0,0
403610,0,0
130766,0,0
-232494,0,0
-570357,0,0
-543161,0,0
-464911,0,0
-380181,0,0
-81916,0,0
252724,0,0
457657,0,0
338638,0,0
-102921,0,0
-516303,0,0
-620564,0,0
-501971,0,0
-430521,0,0
-175853,0,0
262624,0,0
395844,0,0
335500,0,0
64311,0,0
-313430,0,0
-532543,0,0
-544865,0,0
-585434,0,0
-313017,0,0
97222,0,0
374724,0,0
411706,0,0
151249,0,0
-219771,0,0
-495709,0,0
-612965,0,0
-607966,0,0
-551690,0,0
-241245,0,0
101888,0,0
295166,0,0
307207,0,0
29611,0,0
-368439,0,0
-570226,0,0
-540072,0,0
-660176,0,0
-496807,0,0
-121920,0,0
249544,0,0
423072,0,0
212687,0,0
-146002,0,0
-383960,0,0
-523335,0,0
-589794,0,0
-581877,0,0
-288347,0,0
111231,0,0
234188,0,0
428227,0,0
244058,0,0
-51362,0,0
-438294,0,0
-503011,0,0
-637958,0,0
-479700,0,0
-71824,0,0
262331,0,0
404424,0,0
290583,0,0
-15508,0,0
-441997,0,0
-640677,0,0
-569103,0,0
-509173,0,0
-81113,0,0
196361,0,0
206716,0,0
251631,0,0
124839,0,0
-232202,0,0
-496706,0,0
-602149,0,0
-549049,0,0
-406348,0,0
-49410,0,0
220139,0,0
278231,0,0
271741,0,0
89408,0,0
-31080,0,0
-368201,0,0
-559387,0,0
-578486,0,0
-205045,0,0
182805,0,0
387554,0,0
432576,0,0
249212,0,0
-116149,0,0
-499072,0,0
-504788,0,0
-507852,0,0
-356006,0,0
75575,0,0
393481,0,0
407181,0,0
163904,0,0
-150041,0,0
-449182,0,0
-452354,0,0
-503318,0,0
-294783,0,0
-93386,0,0
177334,0,0
246747,0,0
216393,0,0
-28155,0,0
-310674,0,0
-476112,0,0
-581326,0,0
-523487,0,0
-384338,0,0
-29988,0,0
232257,0,0
371055,0,0
292902,0,0
-10328,0,0
-502208,0,0
-689399,0,0
-697983,0,0
-475888,0,0
-45142,0,0
228419,0,0
440592,0,0
296775,0,0
-27258,0,0
-351927,0,0
-515456,0,0
-563331,0,0
-565546,0,0
-290583,0,0
178836,0,0
455494,0,0
465253,0,0
214132,0,0
-146051,0,0
-511648,0,0
-586111,0,0
-533115,0,0
-412967,0,0
-37941,0,0
270963,0,0
316014,0,0
328615,0,0
89945,0,0
-306129,0,0
-587879,0,0
-627670,0,0
-542921,0,0
-229374,0,0
254218,0,0
527534,0,0
446572,0,0
162541,0,0
-316018,0,0
-555406,0,0
-612291,0,0
-579438,0,0
-457647,0,0
6902,0,0
309236,0,0
392658,0,0
174713,0,0
-202432,0,0
-575963,0,0
-536854,0,0
-253408,0,0
-549144,0,0
-236861,0,0
158900,0,0
309600,0,0
231094,0,0
73860,0,0
-166351,0,0
-460866,0,0
-425797,0,0
-585681,0,0
-491411,0,0
64708,0,0
420886,0,0
421422,0,0
258490,0,0
-136022,0,0
-486337,0,0
-551128,0,0
-398343,0,0
-316208,0,0
-154796,0,0
349481,0,0
540007,0,0
498927,0,0
240679,0,0
-167434,0,0
-345130,0,0
-391703,0,0
-431619,0,0
-230127,0,0
154635,0,0
316015,0,0
322895,0,0
80857,0,0
-277724,0,0
-511684,0,0
-615094,0,0
-641997,0,0
-488884,0,0
-66279,0,0
257298,0,0
366515,0,0
245139,0,0
-3276,0,0
-396772,0,0
-544746,0,0
-631256,0,0
-488585,0,0
-36799,0,0
314685,0,0
562071,0,0
405058,0,0
89722,0,0
-320109,0,0
-425789,0,0
-376168,0,0
-449925,0,0
-263745,0,0
71582,0,0
396778,0,0
346104,0,0
120772,0,0
-210958,0,0
-363167,0,0
-522206,0,0
-631383,0,0
-558095,0,0
-125273,0,0
206244,0,0
295669,0,0
243417,0,0
-67119,0,0
-425196,0,0
-627535,0,0
-621417,0,0
-603283,0,0
-356015,0,0
-20162,0,0
158956,0,0
368245,0,0
151526,0,0
-190076,0,0
-603460,0,0
-678525,0,0
-642032,0,0
-524699,0,0
-190566,0,0
275783,0,0
559347,0,0
336428,0,0
-99323,0,0
-522828,0,0
-633603,0,0
-560469,0,0
-473875,0,0
-332802,0,0
-13021,0,0
348116,0,0
413803,0,0
159146,0,0
-231419,0,0
-548069,0,0
-621491,0,0
-539287,0,0
-304694,0,0
-23183,0,0
51490,0,0
268607,0,0
355919,0,0
-15289,0,0
-446926,0,0
-593404,0,0
-564195,0,0
-600128,0,0
-319895,0,0
41392,0,0
325023,0,0
332233,0,0
50560,0,0
-310220,0,0
-494505,0,0
-380895,0,0
-433943,0,0
-421868,0,0
-52795,0,0
435288,0,0
523020,0,0
305343,0,0
-25001,0,0
-331307,0,0
-489707,0,0
-525471,0,0
-583542,0,0
-243210,0,0
250056,0,0
395637,0,0
287424,0,0
-1350,0,0
-373643,0,0
-510566,0,0
-580362,0,0
-557638,0,0
-377909,0,0
-68226,0,0
158643,0,0
436026,0,0
311571,0,0
-17768,0,0
-451810,0,0
-615361,0,0
-575600,0,0
-541493,0,0
-183177,0,0
162962,0,0
391393,0,0
275242,0,0
-55907,0,0
-412138,0,0
-504361,0,0
-513251,0,0
-642783,0,0
-392983,0,0
-5574,0,0
295009,0,0
336887,0,0
203588,0,0
-227489,0,0
-573705,0,0
-607131,0,0
-646246,0,0
-484038,0,0
70289,0,0
333296,0,0
216567,0,0
132638,0,0
-130313,0,0
-390417,0,0
-340606,0,0
-380604,0,0
-453456,0,0
-331771,0,0
-130,0,0
190465,0,0
391391,0,0
158792,0,0
-178485,0,0
-447862,0,0
-518006,0,0
-594653,0,0
-545947,0,0
-54577,0,0
350521,0,0
526599,0,0
295993,0,0
-184579,0,0
-531819,0,0
-543714,0,0
-612553,0,0
-632842,0,0
-261042,0,0
198887,0,0
383322,0,0
289893,0,0
27298,0,0
-358032,0,0
-519378,0,0
-618417,0,0
-598201,0,0
-427611,0,0
-74291,0,0
239516,0,0
361192,0,0
269175,0,0
-26094,0,0
-377729,0,0
-536747,0,0
-588834,0,0
-577810,0,0
-326414,0,0
180945,0,0
397943,0,0
427112,0,0
109363,0,0
-258080,0,0
-550049,0,0
-600257,0,0
-627379,0,0
-455191,0,0
62084,0,0
268715,0,0
402277,0,0
257291,0,0
-101141,0,0
-423403,0,0
-567994,0,0
-621707,0,0
-558269,0,0
-287747,0,0
76527,0,0
427115,0,0
429627,0,0
99967,0,0
-328199,0,0
-539048,0,0
-597950,0,0
-528877,0,0
-410768,0,0
36126,0,0
273571,0,0
318171,0,0
251823,0,0
-82554,0,0
-393457,0,0
-579764,0,0
-631873,0,0
-605285,0,0
-237237,0,0
178160,0,0
469073,0,0
396968,0,0
37763,0,0
-337881,0,0
-576769,0,0
-461310,0,0
-569525,0,0
-446839,0,0
-28619,0,0
330460,0,0
491041,0,0
298857,0,0
-71085,0,0
-392354,0,0
-535223,0,0
-628270,0,0
-583629,0,0
-278740,0,0
290121,0,0
423065,0,0
259583,0,0
129582,0,0
-192485,0,0
-449825,0,0
-635932,0,0
-648944,0,0
-500422,0,0
-85137,0,0
284158,0,0
492337,0,0
377556,0,0
-9517,0,0
-388262,0,0
-671201,0,0
-727523,0,0
-561539,0,0
-189680,0,0
201870,0,0
308517,0,0
266513,0,0
42231,0,0
-287025,0,0
-521808,0,0
-601130,0,0
-682827,0,0
-533405,0,0
-67431,0,0
297790,0,0
295781,0,0
179849,0,0
-89693,0,0
-436558,0,0
-588183,0,0
-586748,0,0
-568346,0,0
-338457,0,0
50332,0,0
226222,0,0
271929,0,0
150889,0,0
-172661,0,0
-415074,0,0
-552856,0,0
-582294,0,0
-513320,0,0
-172922,0,0
125955,0,0
419360,0,0
307973,0,0
43953,0,0
-307441,0,0
-548967,0,0
-598301,0,0
-654371,0,0
-434797,0,0
95888,0,0
434391,0,0
285977,0,0
112958,0,0
-205609,0,0
-475377,0,0
-566385,0,0
-559134,0,0
-487039,0,0
-190508,0,0
183398,0,0
334574,0,0
343168,0,0
41673,0,0
-355230,0,0
-562811,0,0
-637082,0,0
-469251,0,0
-424619,0,0
-51456,0,0
243364,0,0
437760,0,0
235085,0,0
-73897,0,0
-405580,0,0
-685927,0,0
-676993,0,0
-562008,0,0
-215334,0,0
159218,0,0
441619,0,0
385885,0,0
156143,0,0
-242225,0,0
-564783,0,0
-550279,0,0
-521064,0,0
-252291,0,0
-72009,0,0
213565,0,0
413473,0,0
349123,0,0
-54590,0,0
-441346,0,0
-528882,0,0
-598981,0,0
-537715,0,0
-262267,0,0
165190,0,0
321748,0,0
350409,0,0
81238,0,0
-296683,0,0
-531311,0,0
-555376,0,0
-517058,0,0
-400170,0,0
4867,0,0
289195,0,0
458164,0,0
181929,0,0
-93314,0,0
-397954,0,0
-448461,0,0
-450220,0,0
-556636,0,0
-181388,0,0
207233,0,0
480648,0,0
500551,0,0
322240,0,0
-28891,0,0
-250832,0,0
-497174,0,0
-518034,0,0
-169773,0,0
417606,0,0
902753,0,0
886259,0,0
644170,0,0
223640,0,0
-73888,0,0
-239105,0,0
-263090,0,0
-131493,0,0
247678,0,0
672070,0,0
729111,0,0
682435,0,0
344060,0,0
-30021,0,0
-271292,0,0
-307968,0,0
-349738,0,0
-34864,0,0
253901,0,0
330882,0,0
336652,0,0
108479,0,0
-214497,0,0
-561814,0,0
-491321,0,0
-640442,0,0
-68770,0,0
186863,0,0
224826,0,0
297024,0,0
111908,0,0
-219193,0,0
-490089,0,0
-312595,0,0
-447054,0,0
-379494,0,0
-77930,0,0
402427,0,0
607314,0,0
460067,0,0
68121,0,0
-313593,0,0
-360621,0,0
-446480,0,0
-215134,0,0
126893,0,0
615102,0,0
757512,0,0
499740,0,0
136626,0,0
-171356,0,0
-425621,0,0
-450728,0,0
-182120,0,0
94495,0,0
412096,0,0
523131,0,0
513364,0,0
373563,0,0
62028,0,0
-422296,0,0
-410279,0,0
-577056,0,0
-488734,0,0
99921,0,0
457642,0,0
617118,0,0
447173,0,0
84470,0,0
-298441,0,0
-561991,0,0
-447950,0,0
-345478,0,0
52478,0,0
429607,0,0
598855,0,0
536950,0,0
297906,0,0
8585,0,0
-328378,0,0
-396442,0,0
-502019,0,0
-302281,0,0
128240,0,0
477789,0,0
380230,0,0
115185,0,0
-239336,0,0
-541173,0,0
-549267,0,0
-638694,0,0
-571102,0,0
-82335,0,0
194635,0,0
208699,0,0
142513,0,0
-176962,0,0
-583372,0,0
-774846,0,0
-784284,0,0
-555371,0,0
-191254,0,0
23597,0,0
163354,0,0
189667,0,0
-137381,0,0
-436952,0,0
-735046,0,0
-816020,0,0
-699744,0,0
-517897,0,0
79873,0,0
295255,0,0
202070,0,0
92228,0,0
-195821,0,0
-617724,0,0
-655994,0,0
-713387,0,0
-624144,0,0
-50058,0,0
216179,0,0
319593,0,0
198166,0,0
-94649,0,0
-468059,0,0
-610508,0,0
-569643,0,0
-567590,0,0
-227470,0,0
184171,0,0
353888,0,0
302324,0,0
58091,0,0
-358240,0,0
-631318,0,0
-636395,0,0
-662932,0,0
-329183,0,0
177219,0,0
540600,0,0
466285,0,0
155161,0,0
-286127,0,0
-564053,0,0
-606382,0,0
-533267,0,0
-431325,0,0
-239490,0,0
257128,0,0
322217,0,0
178233,0,0
-112849,0,0
-419869,0,0
-630774,0,0
-618947,0,0
-618814,0,0
-387971,0,0
91840,0,0
216976,0,0
269074,0,0
108508,0,0
-181229,0,0
-527728,0,0
-568149,0,0
-590490,0,0
-414170,0,0
-73554,0,0
154208,0,0
384914,0,0
239473,0,0
-130621,0,0
-399882,0,0
-446120,0,0
-486886,0,0
-462768,0,0
-261690,0,0
143699,0,0
416701,0,0
306075,0,0
62629,0,0
-262221,0,0
-577375,0,0
-677586,0,0
-614715,0,0
-309820,0,0
145037,0,0
235388,0,0
269636,0,0
187112,0,0
-151358,0,0
-462364,0,0
-464493,0,0
-352454,0,0
-349057,0,0
20678,0,0
136405,0,0
256882,0,0
283452,0,0
-58953,0,0
-443331,0,0
-243468,0,0
-256229,0,0
-514489,0,0
-306077,0,0
-12670,0,0
257666,0,0
302209,0,0
80220,0,0
-181916,0,0
-292503,0,0
-493694,0,0
-581895,0,0
-346807,0,0
64480,0,0
430610,0,0
450262,0,0
179539,0,0
-165364,0,0
-503202,0,0
-681891,0,0
-668992,0,0
-494418,0,0
-49407,0,0
309787,0,0
321102,0,0
196591,0,0
-125093,0,0
-403188,0,0
-458666,0,0
-491631,0,0
-507707,0,0
-299934,0,0
111734,0,0
406213,0,0
410057,0,0
140874,0,0
-237146,0,0
-519252,0,0
-513182,0,0
-371698,0,0
-278193,0,0
33636,0,0
194145,0,0
316963,0,0
163284,0,0
-145111,0,0
-445885,0,0
-540584,0,0
-525439,0,0
-613539,0,0
-115204,0,0
291526,0,0
359933,0,0
206593,0,0
-8515,0,0
-287862,0,0
-478404,0,0
-603778,0,0
-625007,0,0
-209235,0,0
172375,0,0
338011,0,0
368266,0,0
147088,0,0
-206046,0,0
-487468,0,0
-632240,0,0
-673684,0,0
-370946,0,0
65041,0,0
400813,0,0
492362,0,0
368706,0,0
101795,0,0
-224070,0,0
-636060,0,0
-693201,0,0
-445230,0,0
-57490,0,0
426595,0,0
566987,0,0
503294,0,0
200263,0,0
-138340,0,0
-541564,0,0
-568485,0,0
-462621,0,0
-123648,0,0
322944,0,0
397390,0,0
264803,0,0
-9120,0,0
-189253,0,0
-325709,0,0
-414358,0,0
-597846,0,0
-399030,0,0
1922,0,0
197394,0,0
408997,0,0
238517,0,0
-9185,0,0
-256261,0,0
-333135,0,0
-647795,0,0
-598426,0,0
-188162,0,0
178223,0,0
396812,0,0
279179,0,0
-13029,0,0
-434165,0,0
-641659,0,0
-677060,0,0
-515752,0,0
-200454,0,0
111879,0,0
297815,0,0
293547,0,0
112001,0,0
-265979,0,0
-504154,0,0
-539155,0,0
-503288,0,0
-457956,0,0
37053,0,0
225242,0,0
175913,0,0
147548,0,0
-219493,0,0
-427838,0,0
-337752,0,0
-384465,0,0
-460096,0,0
-132939,0,0
61567,0,0
372993,0,0
417791,0,0
117395,0,0
-256135,0,0
-448191,0,0
-537092,0,0
-598788,0,0
-303702,0,0
123377,0,0
473642,0,0
431229,0,0
67622,0,0
-297741,0,0
-588515,0,0
-655974,0,0
-611950,0,0
-410789,0,0
-1651,0,0
345183,0,0
332070,0,0
151740,0,0
-190323,0,0
-453199,0,0
-615735,0,0
-598748,0,0
-572438,0,0
-222850,0,0
238195,0,0
258112,0,0
263344,0,0
-17635,0,0
-389019,0,0
-576555,0,0
-657320,0,0
-589533,0,0
-292333,0,0
72545,0,0
320670,0,0
405039,0,0
152734,0,0
-265513,0,0
-514836,0,0
-680706,0,0
-622395,0,0
-483166,0,0
-114365,0,0
243374,0,0
507165,0,0
288392,0,0
-80734,0,0
-434093,0,0
-700501,0,0
-734651,0,0
-608067,0,0
-110196,0,0
320293,0,0
398661,0,0
278209,0,0
3018,0,0
-431783,0,0
-566076,0,0
-457665,0,0
-623232,0,0
-467342,0,0
-52424,0,0
273188,0,0
400414,0,0
341881,0,0
-9361,0,0
-461500,0,0
-644530,0,0
-682420,0,0
-501122,0,0
-195761,0,0
157718,0,0
314766,0,0
338911,0,0
123581,0,0
-263853,0,0
-619910,0,0
-627452,0,0
-567699,0,0
-370628,0,0
143828,0,0
290637,0,0
250616,0,0
123660,0,0
-210452,0,0
-529661,0,0
-483442,0,0
-504678,0,0
-513495,0,0
-71154,0,0
201218,0,0
314861,0,0
235555,0,0
-34630,0,0
-390668,0,0
-463862,0,0
-483762,0,0
-580390,0,0
-301883,0,0
41055,0,0
349488,0,0
351084,0,0
104472,0,0
-261724,0,0
-487626,0,0
-555703,0,0
-565579,0,0
-463784,0,0
-83802,0,0
300632,0,0
287259,0,0
236668,0,0
-73911,0,0
-435272,0,0
-582149,0,0
-565285,0,0
-605321,0,0
-374547,0,0
123114,0,0
341525,0,0
378879,0,0
84877,0,0
-359553,0,0
-562729,0,0
-568868,0,0
-653497,0,0
-455935,0,0
-47922,0,0
256579,0,0
516893,0,0
318931,0,0
-171203,0,0
-574684,0,0
-579296,0,0
-524462,0,0
-552644,0,0
-370428,0,0
252111,0,0
440618,0,0
280280,0,0
98673,0,0
-300137,0,0
-569630,0,0
-652417,0,0
-597524,0,0
-524034,0,0
51842,0,0
392600,0,0
272825,0,0
208229,0,0
-123958,0,0
-404566,0,0
-512271,0,0
-585684,0,0
-584746,0,0
-172887,0,0
182579,0,0
388686,0,0
423497,0,0
51505,0,0
-371005,0,0
-612157,0,0
-702527,0,0
-593755,0,0
-400861,0,0
-54010,0,0
230177,0,0
315604,0,0
311770,0,0
-364,0,0
-446917,0,0
-579482,0,0
-589022,0,0
-545005,0,0
-169634,0,0
385421,0,0
501214,0,0
383050,0,0
83653,0,0
-281997,0,0
-427102,0,0
-558167,0,0
-563488,0,0
-311813,0,0
63371,0,0
275323,0,0
479209,0,0
269239,0,0
-83354,0,0
-533069,0,0
-592759,0,0
-468831,0,0
-407075,0,0
-119951,0,0
161535,0,0
523683,0,0
428503,0,0
151042,0,0
-261941,0,0
-593832,0,0
-588215,0,0
-555477,0,0
-313990,0,0
125184,0,0
364803,0,0
291563,0,0
114734,0,0
-247329,0,0
-518574,0,0
-536242,0,0
-573937,0,0
-529121,0,0
-141557,0,0
253928,0,0
324667,0,0
290351,0,0
-77963,0,0
-421051,0,0
-529624,0,0
-631534,0,0
-653350,0,0
-413500,0,0
187534,0,0
453405,0,0
307532,0,0
105562,0,0
-197524,0,0
-511070,0,0
-649628,0,0
-576064,0,0
-471295,0,0
-70508,0,0
287152,0,0
328429,0,0
279116,0,0
6234,0,0
-448931,0,0
-569279,0,0
-508793,0,0
-551285,0,0
-293658,0,0
80188,0,0
303082,0,0
497086,0,0
347965,0,0
-159425,0,0
-535679,0,0
-630462,0,0
-665064,0,0
-403595,0,0
41283,0,0
319606,0,0
352807,0,0
193978,0,0
-121910,0,0
-412294,0,0
-580513,0,0
-582754,0,0
-589287,0,0
-408039,0,0
71909,0,0
349896,0,0
376232,0,0
135735,0,0
-248323,0,0
-468577,0,0
-459816,0,0
-592425,0,0
-495576,0,0
-43634,0,0
214830,0,0
318105,0,0
248963,0,0
-24440,0,0
-294811,0,0
-313169,0,0
-526437,0,0
-605320,0,0
-297905,0,0
68587,0,0
509208,0,0
464054,0,0
146345,0,0
-285061,0,0
-510859,0,0
-657810,0,0
-584559,0,0
-472735,0,0
-68062,0,0
352820,0,0
327906,0,0
232496,0,0
-114439,0,0
-460802,0,0
-706449,0,0
-641557,0,0
-523204,0,0
-98003,0,0
407204,0,0
333463,0,0
211733,0,0
28602,0,0
-339194,0,0
-582533,0,0
-555585,0,0
-562330,0,0
-475872,0,0
57089,0,0
375375,0,0
423147,0,0
160354,0,0
-133264,0,0
-413019,0,0
-568870,0,0
-479070,0,0
-456792,0,0
-203673,0,0
143138,0,0
345137,0,0
306159,0,0
72763,0,0
-308426,0,0
-542796,0,0
-569119,0,0
-570328,0,0
-423695,0,0
113954,0,0
441891,0,0
372154,0,0
204352,0,0
-237231,0,0
-605040,0,0
-605968,0,0
-525894,0,0
-446727,0,0
10174,0,0
197808,0,0
353005,0,0
325735,0,0
-50604,0,0
-376367,0,0
-551811,0,0
-570199,0,0
-605027,0,0
-441647,0,0
-135861,0,0
271414,0,0
486247,0,0
296311,0,0
-77336,0,0
-517125,0,0
-731481,0,0
-619682,0,0
-598809,0,0
-173536,0,0
474229,0,0
662585,0,0
360188,0,0
-78665,0,0
-477971,0,0
-528982,0,0
-465558,0,0
-473482,0,0
-306540,0,0
27503,0,0
184020,0,0
393164,0,0
195504,0,0
-142008,0,0
-368479,0,0
-625931,0,0
-639231,0,0
-508005,0,0
-153624,0,0
212619,0,0
460987,0,0
311290,0,0
6984,0,0
-361935,0,0
-634252,0,0
-610379,0,0
-552017,0,0
-413868,0,0
18777,0,0
309901,0,0
377122,0,0
191553,0,0
-215466,0,0
-521174,0,0
-537121,0,0
-637586,0,0
-587703,0,0
-235449,0,0
149972,0,0
384124,0,0
550278,0,0
181362,0,0
-405043,0,0
-617310,0,0
-558082,0,0
-532138,0,0
-338320,0,0
41991,0,0
343822,0,0
277187,0,0
67275,0,0
-126775,0,0
-383301,0,0
-603720,0,0
-497611,0,0
-544476,0,0
-157351,0,0
218390,0,0
355204,0,0
290244,0,0
4600,0,0
-477957,0,0
-577375,0,0
-497892,0,0
-702456,0,0
-415971,0,0
65507,0,0
356864,0,0
471993,0,0
186094,0,0
-233050,0,0
-531736,0,0
-586733,0,0
-689080,0,0
-517530,0,0
-128988,0,0
250563,0,0
428145,0,0
297740,0,0
-30087,0,0
-343371,0,0
-588560,0,0
-583914,0,0
-535153,0,0
-380289,0,0
152006,0,0
362779,0,0
301558,0,0
181856,0,0
-201064,0,0
-489291,0,0
-544276,0,0
-623222,0,0
-612923,0,0
-199474,0,0
276863,0,0
446343,0,0
396553,0,0
72625,0,0
-382822,0,0
-605451,0,0
-683172,0,0
-558032,0,0
-235571,0,0
116196,0,0
542582,0,0
479485,0,0
137146,0,0
-217721,0,0
-489572,0,0
-592942,0,0
-418108,0,0
-378662,0,0
-169876,0,0
298315,0,0
366799,0,0
305485,0,0
51697,0,0
-398290,0,0
-595419,0,0
-554923,0,0
-563352,0,0
-317040,0,0
248600,0,0
444282,0,0
360652,0,0
93233,0,0
-274614,0,0
-532792,0,0
-566362,0,0
-631783,0,0
-470566,0,0
-22075,0,0
278258,0,0
424532,0,0
253361,0,0
-62719,0,0
-406616,0,0
-518345,0,0
-605091,0,0
-550491,0,0
-376012,0,0
62863,0,0
407164,0,0
302570,0,0
170375,0,0
-205401,0,0
-517613,0,0
-650810,0,0
-645741,0,0
-565989,0,0
-87845,0,0
397138,0,0
442990,0,0
322212,0,0
-65765,0,0
-416935,0,0
-564829,0,0
-504800,0,0
-539299,0,0
-218422,0,0
102859,0,0
369926,0,0
453167,0,0
196644,0,0
-169366,0,0
-464875,0,0
-547512,0,0
-557432,0,0
-428993,0,0
-79871,0,0
344450,0,0
456850,0,0
385546,0,0
139694,0,0
-460205,0,0
-565131,0,0
-559164,0,0
-549377,0,0
-155908,0,0
324148,0,0
384122,0,0
297217,0,0
106581,0,0
-62299,0,0
-341705,0,0
-596151,0,0
-592861,0,0
-193166,0,0
345204,0,0
514008,0,0
425655,0,0
86348,0,0
-284837,0,0
-524913,0,0
-530358,0,0
-436471,0,0
-430170,0,0
-49111,0,0
279507,0,0
427673,0,0
196846,0,0
-74841,0,0
-355375,0,0
-575544,0,0
-573857,0,0
-585081,0,0
-295322,0,0
172303,0,0
426691,0,0
378425,0,0
46642,0,0
-336472,0,0
-607433,0,0
-586386,0,0
-603534,0,0
-408435,0,0
21428,0,0
223836,0,0
288411,0,0
196593,0,0
-205825,0,0
-498131,0,0
-494143,0,0
-482481,0,0
-591496,0,0
-196965,0,0
150768,0,0
337433,0,0
248775,0,0
-49214,0,0
-320424,0,0
-580051,0,0
-681856,0,0
-474413,0,0
-415521,0,0
16570,0,0
293746,0,0
281346,0,0
216610,0,0
-72694,0,0
-440473,0,0
-599009,0,0
-670648,0,0
-670242,0,0
-132152,0,0
266855,0,0
392130,0,0
351903,0,0
44690,0,0
-305892,0,0
-468516,0,0
-517248,0,0
-645703,0,0
-379153,0,0
-46562,0,0
294390,0,0
444330,0,0
233743,0,0
-127963,0,0
-399051,0,0
-618421,0,0
-577503,0,0
-582349,0,0
-196392,0,0
252398,0,0
384947,0,0
299871,0,0
12359,0,0
-382119,0,0
-640646,0,0
-570084,0,0
-479846,0,0
-394087,0,0
65514,0,0
396594,0,0
354064,0,0
194918,0,0
-199825,0,0
-526587,0,0
-507806,0,0
-550784,0,0
-350239,0,0
32601,0,0
250338,0,0
434119,0,0
318920,0,0
-7225,0,0
-429541,0,0
-643420,0,0
-706210,0,0
-404287,0,0
67855,0,0
209825,0,0
492300,0,0
371833,0,0
39546,0,0
-369826,0,0
-625218,0,0
-510507,0,0
-428056,0,0
-366027,0,0
75934,0,0
403777,0,0
429090,0,0
231203,0,0
-173310,0,0
-582054,0,0
-518319,0,0
-533290,0,0
-526359,0,0
-108767,0,0
202296,0,0
264771,0,0
306251,0,0
-25306,0,0
-344936,0,0
-550290,0,0
-595996,0,0
-573874,0,0
-325398,0,0
-19588,0,0
245582,0,0
345749,0,0
168645,0,0
-115905,0,0
-434812,0,0
-476708,0,0
-706749,0,0
-642519,0,0
-238450,0,0
255026,0,0
456060,0,0
388766,0,0
100996,0,0
-344477,0,0
-575089,0,0
-627832,0,0
-645276,0,0
-315032,0,0
259017,0,0
439766,0,0
442478,0,0
224330,0,0
-51723,0,0
-299984,0,0
-524968,0,0
-636398,0,0
-422511,0,0
35465,0,0
241164,0,0
440257,0,0
264836,0,0
-52701,0,0
-245103,0,0
-348946,0,0
-572825,0,0
-509474,0,0
-214658,0,0
122904,0,0
326433,0,0
248795,0,0
92184,0,0
-271650,0,0
-577631,0,0
-557143,0,0
-532138,0,0
-315544,0,0
53760,0,0
196713,0,0
175786,0,0
202192,0,0
-85862,0,0
-461305,0,0
-523661,0,0
-564024,0,0
-371290,0,0
65860,0,0
286992,0,0
366983,0,0
320379,0,0
-13705,0,0
-339321,0,0
-477686,0,0
-583296,0,0
-600258,0,0
-282747,0,0
107651,0,0
404452,0,0
452186,0,0
103069,0,0
-314999,0,0
-673851,0,0
-751022,0,0
-513215,0,0
-432959,0,0
-106636,0,0
240951,0,0
376435,0,0
219017,0,0
-110417,0,0
-500677,0,0
-686247,0,0
-541636,0,0
-587155,0,0
-277457,0,0
124663,0,0
255991,0,0
307781,0,0
141418,0,0
-263849,0,0
-508066,0,0
-617476,0,0
-641485,0,0
-455175,0,0
-68810,0,0
266646,0,0
360572,0,0
166002,0,0
-117176,0,0
-379958,0,0
-539110,0,0
-374079,0,0
-143894,0,0
-173308,0,0
190005,0,0
433374,0,0
314145,0,0
52540,0,0
-310495,0,0
-577843,0,0
-466500,0,0
-433976,0,0
-280063,0,0
352978,0,0
541107,0,0
557634,0,0
284727,0,0
-148253,0,0
-414915,0,0
-502492,0,0
-529094,0,0
-381402,0,0
59773,0,0
323545,0,0
546922,0,0
390546,0,0
-23717,0,0
-441619,0,0
-614750,0,0
-642986,0,0
-485575,0,0
-245271,0,0
54450,0,0
366683,0,0
310396,0,0
103855,0,0
-231539,0,0
-584299,0,0
-633671,0,0
-559928,0,0
-504224,0,0
-59025,0,0
319456,0,0
292971,0,0
235200,0,0
-55506,0,0
-464927,0,0
-589349,0,0
-688891,0,0
-683361,0,0
-206938,0,0
302143,0,0
561414,0,0
477617,0,0
-8491,0,0
-394577,0,0
-559125,0,0
-617420,0,0
-593804,0,0
-55836,0,0
204641,0,0
340338,0,0
371999,0,0
80610,0,0
-245756,0,0
-445185,0,0
-396840,0,0
-503582,0,0
-404213,0,0
-73272,0,0
259293,0,0
374834,0,0
240871,0,0
-7191,0,0
-302989,0,0
-443847,0,0
-548945,0,0
-591107,0,0
-232717,0,0
325375,0,0
497878,0,0
422720,0,0
141749,0,0
-352849,0,0
-631686,0,0
-602286,0,0
-596894,0,0
-373486,0,0
48005,0,0
210837,0,0
347339,0,0
202594,0,0
-255483,0,0
-558989,0,0
-683186,0,0
-731587,0,0
-566380,0,0
-147333,0,0
146562,0,0
317167,0,0
167114,0,0
-94715,0,0
-423361,0,0
-698905,0,0
-639422,0,0
-607014,0,0
-569000,0,0
-81549,0,0
293973,0,0
217978,0,0
207913,0,0
-132183,0,0
-551905,0,0
-523616,0,0
-557047,0,0
-577939,0,0
-213257,0,0
171401,0,0
530999,0,0
510712,0,0
75863,0,0
-349453,0,0
-517496,0,0
-589692,0,0
-365288,0,0
54955,0,0
456238,0,0
640632,0,0
574016,0,0
270586,0,0
-100455,0,0
-394371,0,0
-640160,0,0
-477467,0,0
-399298,0,0
192034,0,0
659310,0,0
627142,0,0
443765,0,0
109619,0,0
-332800,0,0
-250259,0,0
-218949,0,0
-297089,0,0
19256,0,0
469135,0,0
674669,0,0
609750,0,0
326433,0,0
-160981,0,0
-380329,0,0
-329277,0,0
-487715,0,0
-370031,0,0
-50765,0,0
261061,0,0
357106,0,0
137852,0,0
-212630,0,0
-509544,0,0
-767088,0,0
-735528,0,0
-634142,0,0
-291830,0,0
61080,0,0
264177,0,0
123681,0,0
-65061,0,0
-406239,0,0
-764786,0,0
-698608,0,0
-615605,0,0
-539931,0,0
-128848,0,0
82112,0,0
180794,0,0
191690,0,0
-165345,0,0
-506039,0,0
-564778,0,0
-690942,0,0
-592031,0,0
-260108,0,0
-3939,0,0
236401,0,0
258347,0,0
47860,0,0
-258705,0,0
-501353,0,0
-694370,0,0
-655145,0,0
-491845,0,0
-147536,0,0
221979,0,0
318290,0,0
272678,0,0
54502,0,0
-273616,0,0
-584115,0,0
-608124,0,0
-623155,0,0
-220350,0,0
331181,0,0
533740,0,0
408923,0,0
24012,0,0
-412499,0,0
-569593,0,0
-585202,0,0
-491916,0,0
-240429,0,0
86716,0,0
153591,0,0
320660,0,0
156632,0,0
-145499,0,0
-451263,0,0
-572946,0,0
-582759,0,0
-530066,0,0
-285029,0,0
105578,0,0
365293,0,0
325435,0,0
33061,0,0
-452091,0,0
-712440,0,0
-674096,0,0
-660637,0,0
-328310,0,0
162010,0,0
255597,0,0
161549,0,0
117585,0,0
-231866,0,0
-495621,0,0
-544110,0,0
-651949,0,0
-595226,0,0
-138312,0,0
131622,0,0
322786,0,0
360566,0,0
10555,0,0
-403443,0,0
-675773,0,0
-666211,0,0
-609216,0,0
-319528,0,0
46772,0,0
314991,0,0
408645,0,0
233036,0,0
-117173,0,0
-513745,0,0
-607176,0,0
-490989,0,0
-478131,0,0
-112799,0,0
334111,0,0
465863,0,0
385235,0,0
78510,0,0
-277210,0,0
-350156,0,0
-395292,0,0
-479178,0,0
-178283,0,0
149432,0,0
319320,0,0
490514,0,0
289725,0,0
-38962,0,0
-127351,0,0
-361120,0,0
-384857,0,0
-273789,0,0
201201,0,0
542477,0,0
685901,0,0
427916,0,0
64399,0,0
-234175,0,0
-447190,0,0
-270908,0,0
5839,0,0
136717,0,0
422891,0,0
503608,0,0
297251,0,0
44065,0,0
-379092,0,0
-658873,0,0
-628383,0,0
-674329,0,0
-304484,0,0
206448,0,0
304232,0,0
277269,0,0
16640,0,0
-423191,0,0
-592193,0,0
-522401,0,0
-657385,0,0
-439036,0,0
-85297,0,0
120783,0,0
348622,0,0
211458,0,0
-159152,0,0
-452064,0,0
-633531,0,0
-658030,0,0
-536439,0,0
-254561,0,0
101781,0,0
313087,0,0
310134,0,0
44542,0,0
-312598,0,0
-594466,0,0
-691007,0,0
-615427,0,0
-483241,0,0
42844,0,0
319738,0,0
335488,0,0
230438,0,0
-63544,0,0
-425937,0,0
-469501,0,0
-447541,0,0
-508824,0,0
-23592,0,0
230820,0,0
384203,0,0
390700,0,0
136029,0,0
-186348,0,0
-159093,0,0
-251044,0,0
-333997,0,0
32795,0,0
247959,0,0
376405,0,0
280204,0,0
115892,0,0
-41449,0,0
-52728,0,0
-354427,0,0
-501143,0,0
-323359,0,0
53015,0,0
434536,0,0
491323,0,0
343263,0,0
-49667,0,0
-320385,0,0
-430498,0,0
-408851,0,0
-470607,0,0
-110567,0,0
381409,0,0
444168,0,0
359201,0,0
-38893,0,0
-341001,0,0
-423313,0,0
-492922,0,0
-675229,0,0
-210524,0,0
311034,0,0
390143,0,0
319736,0,0
-2007,0,0
-423329,0,0
-630933,0,0
-591830,0,0
-621444,0,0
-272892,0,0
87487,0,0
213866,0,0
300715,0,0
98388,0,0
-253519,0,0
-549326,0,0
-703249,0,0
-585659,0,0
-299613,0,0
-71203,0,0
205979,0,0
299518,0,0
182003,0,0
-96560,0,0
-435566,0,0
-550443,0,0
-588183,0,0
-567792,0,0
-178335,0,0
218145,0,0
292625,0,0
221341,0,0
-42658,0,0
-409382,0,0
-576098,0,0
-640373,0,0
-700992,0,0
-467615,0,0
12319,0,0
370564,0,0
542532,0,0
238130,0,0
-309855,0,0
-567485,0,0
-731844,0,0
-683801,0,0
-393169,0,0
149003,0,0
398049,0,0
425579,0,0
206677,0,0
-107519,0,0
-351186,0,0
-587030,0,0
-613294,0,0
-670063,0,0
-336533,0,0
178805,0,0
427276,0,0
333807,0,0
111520,0,0
-245184,0,0
-530503,0,0
-488475,0,0
-571471,0,0
-316559,0,0
302524,0,0
554317,0,0
583814,0,0
376936,0,0
-134776,0,0
-491270,0,0
-446863,0,0
-316554,0,0
-55023,0,0
271564,0,0
471200,0,0
532223,0,0
411674,0,0
173972,0,0
-116424,0,0
-398464,0,0
-652226,0,0
-499643,0,0
-46885,0,0
350953,0,0
564173,0,0
600851,0,0
366912,0,0
207013,0,0
-199371,0,0
-322687,0,0
-339194,0,0
-233624,0,0
283109,0,0
635164,0,0
681998,0,0
564279,0,0
241529,0,0
-193365,0,0
-304476,0,0
-389296,0,0
-305555,0,0
244959,0,0
566308,0,0
710062,0,0
564891,0,0
160960,0,0
-146773,0,0
-163690,0,0
-318529,0,0
-205599,0,0
176568,0,0
367947,0,0
602299,0,0
537962,0,0
218879,0,0
-134669,0,0
-389999,0,0
-558387,0,0
-441019,0,0
-110590,0,0
199660,0,0
515923,0,0
497455,0,0
274511,0,0
64986,0,0
-227621,0,0
-431933,0,0
-457651,0,0
-293346,0,0
371103,0,0
604184,0,0
491262,0,0
241053,0,0
-223697,0,0
-557986,0,0
-585584,0,0
-655816,0,0
-729222,0,0
-232917,0,0
298606,0,0
393109,0,0
288747,0,0
-166116,0,0
-716299,0,0
-899014,0,0
-847443,0,0
-787806,0,0
-338759,0,0
106156,0,0
330730,0,0
182957,0,0
-232449,0,0
-550724,0,0
-724781,0,0
-729254,0,0
-726110,0,0
-482259,0,0
-102887,0,0
99451,0,0
208139,0,0
63173,0,0
-289371,0,0
-620158,0,0
-367087,0,0
-430563,0,0
-575530,0,0
-201325,0,0
233340,0,0
258680,0,0
160992,0,0
-96696,0,0
-559678,0,0
-592147,0,0
-698483,0,0
-660483,0,0
-146323,0,0
193232,0,0
262836,0,0
323851,0,0
-14713,0,0
-433312,0,0
-574211,0,0
-615206,0,0
-667467,0,0
-364245,0,0
3497,0,0
314941,0,0
392672,0,0
88096,0,0
-272474,0,0
-446466,0,0
-585552,0,0
-403317,0,0
-273988,0,0
-56456,0,0
312881,0,0
416470,0,0
312972,0,0
75662,0,0
-354130,0,0
-653754,0,0
-509040,0,0
-534555,0,0
-268171,0,0
252193,0,0
331382,0,0
311726,0,0
189692,0,0
-167719,0,0
-405101,0,0
-495998,0,0
-652644,0,0
-361539,0,0
39814,0,0
249573,0,0
329260,0,0
88338,0,0
-382000,0,0
-462473,0,0
-432260,0,0
-680630,0,0
-401748,0,0
-7012,0,0
302103,0,0
388446,0,0
188276,0,0
-161080,0,0
-425511,0,0
-723241,0,0
-641964,0,0
-443768,0,0
-241616,0,0
143739,0,0
388392,0,0
275353,0,0
-3975,0,0
-341421,0,0
-642045,0,0
-738085,0,0
-691428,0,0
-348083,0,0
101175,0,0
333684,0,0
326581,0,0
200426,0,0
-214444,0,0
-554800,0,0
-380459,0,0
-514153,0,0
-265506,0,0
43719,0,0
253607,0,0
476255,0,0
347371,0,0
-39105,0,0
-394839,0,0
-554545,0,0
-605834,0,0
-385758,0,0
22452,0,0
293584,0,0
507603,0,0
436245,0,0
175070,0,0
-154422,0,0
-280329,0,0
-346780,0,0
-256461,0,0
115872,0,0
579279,0,0
811290,0,0
619362,0,0
344837,0,0
-101482,0,0
-254008,0,0
-100955,0,0
9800,0,0
62147,0,0
426208,0,0
587372,0,0
558378,0,0
400549,0,0
37801,0,0
-152092,0,0
45762,0,0
14798,0,0
-134146,0,0
216662,0,0
490866,0,0
520897,0,0
309122,0,0
-100989,0,0
-358592,0,0
-517321,0,0
-627861,0,0
-549101,0,0
-292131,0,0
-95561,0,0
111612,0,0
149303,0,0
-66580,0,0
-352644,0,0
-770975,0,0
-967219,0,0
-930234,0,0
-773664,0,0
-135213,0,0
774199,0,0
739944,0,0
296953,0,0
-446427,0,0
-925589,0,0
-818448,0,0
-595880,0,0
-557492,0,0
-167359,0,0
93573,0,0
148282,0,0
156932,0,0
-106167,0,0
-497057,0,0
-573999,0,0
-672536,0,0
-685163,0,0
-412854,0,0
-36968,0,0
325184,0,0
261728,0,0
13296,0,0
-361673,0,0
-573499,0,0
-700108,0,0
-318889,0,0
69106,0,0
321828,0,0
536755,0,0
512482,0,0
253077,0,0
-35896,0,0
-278133,0,0
-370307,0,0
-161901,0,0
-200832,0,0
-1164,0,0
383873,0,0
651885,0,0
671497,0,0
410871,0,0
-195779,0,0
-479170,0,0
-377866,0,0
-553265,0,0
-308253,0,0
70888,0,0
225756,0,0
298555,0,0
43118,0,0
-437078,0,0
-701541,0,0
-772315,0,0
-792802,0,0
-543173,0,0
-193068,0,0
27610,0,0
223670,0,0
121225,0,0
-235166,0,0
-588049,0,0
-827656,0,0
-763777,0,0
-744821,0,0
-522407,0,0
-85348,0,0
161045,0,0
137856,0,0
34201,0,0
-337247,0,0
-773802,0,0
-843174,0,0
-794160,0,0
-663616,0,0
-213845,0,0
92304,0,0
121517,0,0
184927,0,0
-65947,0,0
-434776,0,0
-597549,0,0
-730161,0,0
-667882,0,0
-440247,0,0
-3959,0,0
320516,0,0
403208,0,0
83964,0,0
-276118,0,0
-564222,0,0
-639374,0,0
-533675,0,0
-560047,0,0
-228724,0,0
204831,0,0
377338,0,0
251119,0,0
72740,0,0
-265369,0,0
-644827,0,0
-662913,0,0
-628217,0,0
-338182,0,0
381658,0,0
416466,0,0
336510,0,0
131857,0,0
-220662,0,0
-321179,0,0
-479425,0,0
-621515,0,0
-358059,0,0
81643,0,0
302915,0,0
419418,0,0
284461,0,0
50922,0,0
-216098,0,0
-494279,0,0
-661510,0,0
-490051,0,0
-183261,0,0
119968,0,0
449880,0,0
412496,0,0
226438,0,0
-227602,0,0
-653413,0,0
-669774,0,0
