-275617,0,0
-323006,0,0
-322832,0,0
-136563,0,0
50772,0,0
290784,0,0
227851,0,0
-9117,0,0
-351647,0,0
-619852,0,0
-710989,0,0
-628203,0,0
-583681,0,0
-256171,0,0
152735,0,0
361758,0,0
183858,0,0
-174311,0,0
-532470,0,0
-655376,0,0
-654896,0,0
-695258,0,0
-306718,0,0
84418,0,0
279544,0,0
320530,0,0
5242,0,0
-370205,0,0
-488744,0,0
-610302,0,0
-711718,0,0
-529371,0,0
-56249,0,0
329145,0,0
358842,0,0
155426,0,0
-199557,0,0
-485892,0,0
-473767,0,0
-422188,0,0
-389942,0,0
-188202,0,0
223499,0,0
428089,0,0
357650,0,0
96043,0,0
-252437,0,0
-517985,0,0
-579824,0,0
-659670,0,0
-411227,0,0
172660,0,0
357191,0,0
223456,0,0
172021,0,0
-120995,0,0
-528058,0,0
-622299,0,0
-540133,0,0
-447455,0,0
24246,0,0
433594,0,0
563973,0,0
438727,0,0
11496,0,0
-309106,0,0
-454310,0,0
-475738,0,0
-495455,0,0
-109137,0,0
347302,0,0
574102,0,0
457915,0,0
133395,0,0
-102559,0,0
-431287,0,0
-501192,0,0
-434370,0,0
-438841,0,0
33790,0,0
352460,0,0
369553,0,0
238515,0,0
-51715,0,0
-520601,0,0
-546814,0,0
-371313,0,0
-340930,0,0
-94927,0,0
146120,0,0
308524,0,0
276446,0,0
-8032,0,0
-391536,0,0
-574527,0,0
-594605,0,0
-565591,0,0
-341056,0,0
4515,0,0
337116,0,0
390781,0,0
193777,0,0
-81382,0,0
-353905,0,0
-562398,0,0
-658839,0,0
-528185,0,0
-126147,0,0
297769,0,0
463175,0,0
322941,0,0
-4739,0,0
-483946,0,0
-636547,0,0
-627523,0,0
-602936,0,0
-135082,0,0
246136,0,0
434747,0,0
340852,0,0
153391,0,0
-269454,0,0
-553435,0,0
-491983,0,0
-625697,0,0
-442976,0,0
3309,0,0
390141,0,0
468368,0,0
200377,0,0
-196037,0,0
-494889,0,0
-650572,0,0
-601595,0,0
-502586,0,0
-117352,0,0
134408,0,0
319079,0,0
300550,0,0
71935,0,0
-256171,0,0
-615878,0,0
-621865,0,0
-651996,0,0
-374322,0,0
27430,0,0
235699,0,0
445757,0,0
236336,0,0
-285051,0,0
-711296,0,0
-724177,0,0
-443713,0,0
-343948,0,0
-72107,0,0
105851,0,0
278986,0,0
295398,0,0
-25294,0,0
-366734,0,0
-418993,0,0
-505930,0,0
-571649,0,0
-282200,0,0
206899,0,0
420938,0,0
363263,0,0
100606,0,0
-217628,0,0
-427670,0,0
-597354,0,0
-539944,0,0
-424706,0,0
-13651,0,0
257725,0,0
380435,0,0
240756,0,0
-72363,0,0
-450530,0,0
-588754,0,0
-629298,0,0
-597229,0,0
-201363,0,0
188669,0,0
368934,0,0
262694,0,0
-20611,0,0
-328438,0,0
-416247,0,0
-580846,0,0
-704068,0,0
-367576,0,0
88578,0,0
329652,0,0
446821,0,0
262784,0,0
-70024,0,0
-348359,0,0
-486087,0,0
-528153,0,0
-402312,0,0
42620,0,0
495033,0,0
622846,0,0
451453,0,0
181699,0,0
-119401,0,0
-319436,0,0
-307915,0,0
-366996,0,0
-44421,0,0
320538,0,0
455817,0,0
354550,0,0
172844,0,0
-255478,0,0
-546569,0,0
-526232,0,0
-443041,0,0
-300697,0,0
54134,0,0
473631,0,0
610151,0,0
423138,0,0
-38288,0,0
-358680,0,0
-404028,0,0
-446065,0,0
-370897,0,0
91368,0,0
478225,0,0
596659,0,0
381517,0,0
14692,0,0
-190503,0,0
-345998,0,0
-423580,0,0
-318651,0,0
-107226,0,0
376749,0,0
627018,0,0
537144,0,0
233842,0,0
-80566,0,0
-353910,0,0
-360408,0,0
-461387,0,0
-314640,0,0
129916,0,0
369635,0,0
342712,0,0
170626,0,0
-207970,0,0
-566497,0,0
-642309,0,0
-666742,0,0
-366131,0,0
50060,0,0
313049,0,0
463674,0,0
273394,0,0
-131359,0,0
-508160,0,0
-692435,0,0
-736717,0,0
-668377,0,0
-330904,0,0
80586,0,0
350013,0,0
302054,0,0
22729,0,0
-388230,0,0
-689950,0,0
-683229,0,0
-540604,0,0
-357774,0,0
-9994,0,0
290592,0,0
317727,0,0
199519,0,0
-28770,0,0
-352516,0,0
-573518,0,0
-566309,0,0
-538496,0,0
-150519,0,0
347948,0,0
512666,0,0
383074,0,0
6832,0,0
-414642,0,0
-573879,0,0
-582308,0,0
-492112,0,0
-216904,0,0
190397,0,0
478479,0,0
505956,0,0
150720,0,0
-254572,0,0
-514880,0,0
-589110,0,0
-369203,0,0
-411230,0,0
-81025,0,0
187494,0,0
277626,0,0
183724,0,0
-79517,0,0
-428147,0,0
-662963,0,0
-714325,0,0
-715355,0,0
-401809,0,0
-4435,0,0
275937,0,0
320935,0,0
106764,0,0
-280521,0,0
-626274,0,0
-769975,0,0
-740235,0,0
-563498,0,0
-175008,0,0
124814,0,0
271227,0,0
235694,0,0
-70493,0,0
-439186,0,0
-701799,0,0
-649475,0,0
-563110,0,0
-445339,0,0
-42478,0,0
304321,0,0
417930,0,0
204495,0,0
-171479,0,0
-554444,0,0
-677074,0,0
-618459,0,0
-509657,0,0
-94371,0,0
258359,0,0
491674,0,0
390832,0,0
13886,0,0
-436893,0,0
-571874,0,0
-491762,0,0
-540470,0,0
-403939,0,0
11750,0,0
279712,0,0
324585,0,0
201017,0,0
-146173,0,0
-431648,0,0
-580609,0,0
-548479,0,0
-538576,0,0
-185893,0,0
200013,0,0
323308,0,0
294351,0,0
65047,0,0
-310220,0,0
-527907,0,0
-576664,0,0
-627451,0,0
-410876,0,0
-30260,0,0
281912,0,0
408322,0,0
264855,0,0
-55424,0,0
-419347,0,0
-478403,0,0
-545836,0,0
-490309,0,0
-142786,0,0
248330,0,0
455411,0,0
342019,0,0
72595,0,0
-265984,0,0
-320277,0,0
-480010,0,0
-586972,0,0
-371754,0,0
105776,0,0
343068,0,0
298922,0,0
201113,0,0
-135924,0,0
-455316,0,0
-605027,0,0
-604792,0,0
-573697,0,0
-231434,0,0
91171,0,0
276559,0,0
527591,0,0
357151,0,0
-236651,0,0
-634868,0,0
-656063,0,0
-594715,0,0
-231221,0,0
94973,0,0
326391,0,0
382478,0,0
173679,0,0
-135734,0,0
-373257,0,0
-547625,0,0
-619224,0,0
-589628,0,0
-283255,0,0
132684,0,0
353720,0,0
314839,0,0
160257,0,0
-258216,0,0
-592058,0,0
-622376,0,0
-595138,0,0
-487044,0,0
-89136,0,0
140119,0,0
258244,0,0
273099,0,0
-27948,0,0
-379132,0,0
-521247,0,0
-578212,0,0
-580663,0,0
-359541,0,0
2098,0,0
316127,0,0
357627,0,0
206522,0,0
-165944,0,0
-483345,0,0
-646995,0,0
-558561,0,0
-472921,0,0
-157253,0,0
225104,0,0
319363,0,0
331924,0,0
978,0,0
-422666,0,0
-636972,0,0
-583531,0,0
-593256,0,0
-445929,0,0
-7097,0,0
221748,0,0
339264,0,0
195797,0,0
-143948,0,0
-467421,0,0
-657999,0,0
-603409,0,0
-655875,0,0
-449602,0,0
-82248,0,0
221997,0,0
225143,0,0
212721,0,0
-125144,0,0
-536423,0,0
-675399,0,0
-695328,0,0
-625281,0,0
-335210,0,0
60861,0,0
262654,0,0
307961,0,0
144712,0,0
-112646,0,0
-384524,0,0
-621828,0,0
-659481,0,0
-626798,0,0
-167621,0,0
255092,0,0
402413,0,0
275020,0,0
72141,0,0
-303110,0,0
-506297,0,0
-553471,0,0
-588251,0,0
-435773,0,0
-29496,0,0
365937,0,0
400295,0,0
254839,0,0
-155646,0,0
-480097,0,0
-542891,0,0
-558831,0,0
-510925,0,0
-313977,0,0
25446,0,0
269235,0,0
245613,0,0
106264,0,0
-156412,0,0
-452333,0,0
-573779,0,0
-573213,0,0
-555986,0,0
-259082,0,0
36981,0,0
177515,0,0
224193,0,0
166326,0,0
-228939,0,0
-530072,0,0
-505822,0,0
-454268,0,0
-506977,0,0
-241906,0,0
139518,0,0
279772,0,0
308031,0,0
12773,0,0
-279546,0,0
-419082,0,0
-524193,0,0
-559693,0,0
-460668,0,0
-39840,0,0
275561,0,0
325138,0,0
255468,0,0
1179,0,0
-365919,0,0
-510820,0,0
-442496,0,0
-490188,0,0
-288462,0,0
52234,0,0
348019,0,0
434350,0,0
252904,0,0
-180625,0,0
-459680,0,0
-576890,0,0
-544344,0,0
-417094,0,0
-136023,0,0
206384,0,0
404477,0,0
410421,0,0
85223,0,0
-306267,0,0
-612143,0,0
-568650,0,0
-493503,0,0
-382134,0,0
86075,0,0
292194,0,0
295474,0,0
249593,0,0
20737,0,0
-345423,0,0
-513982,0,0
-567300,0,0
-608109,0,0
-290662,0,0
119331,0,0
420433,0,0
407583,0,0
211056,0,0
-160855,0,0
-469006,0,0
-561934,0,0
-536069,0,0
-383368,0,0
-96107,0,0
233291,0,0
348680,0,0
288080,0,0
82411,0,0
-210585,0,0
-360147,0,0
-485043,0,0
-657023,0,0
-470680,0,0
22871,0,0
288716,0,0
450496,0,0
284145,0,0
-55068,0,0
-423232,0,0
-517020,0,0
-626085,0,0
-643203,0,0
-245014,0,0
204403,0,0
376630,0,0
330354,0,0
86842,0,0
-270403,0,0
-435966,0,0
-584155,0,0
-594703,0,0
-486154,0,0
-115369,0,0
269061,0,0
431762,0,0
288057,0,0
-25494,0,0
-344094,0,0
-542052,0,0
-529044,0,0
-574257,0,0
-394253,0,0
40208,0,0
315782,0,0
336519,0,0
240634,0,0
-42449,0,0
-395848,0,0
-527293,0,0
-574386,0,0
-554424,0,0
-326252,0,0
173026,0,0
377757,0,0
344890,0,0
159527,0,0
-189310,0,0
-423165,0,0
-541975,0,0
-534482,0,0
-492526,0,0
-161812,0,0
215598,0,0
360974,0,0
388904,0,0
75324,0,0
-317448,0,0
-577399,0,0
-576390,0,0
-569486,0,0
-360123,0,0
11798,0,0
226016,0,0
403039,0,0
308693,0,0
-26925,0,0
-417643,0,0
-598785,0,0
-576497,0,0
-429354,0,0
-247074,0,0
181077,0,0
430796,0,0
416647,0,0
195706,0,0
-156229,0,0
-490896,0,0
-608148,0,0
-516618,0,0
-367661,0,0
204325,0,0
616997,0,0
568215,0,0
437436,0,0
115962,0,0
-274183,0,0
-305359,0,0
-292922,0,0
-251196,0,0
266338,0,0
565645,0,0
751222,0,0
652365,0,0
231294,0,0
-236849,0,0
-314316,0,0
-203675,0,0
-236245,0,0
-37378,0,0
234900,0,0
424100,0,0
424776,0,0
217332,0,0
-96995,0,0
-449584,0,0
-479074,0,0
-447155,0,0
-374661,0,0
89135,0,0
715044,0,0
846686,0,0
555805,0,0
101118,0,0
-255471,0,0
-501721,0,0
-510674,0,0
-394934,0,0
-21239,0,0
348240,0,0
461081,0,0
411329,0,0
127266,0,0
-224100,0,0
-451673,0,0
-482911,0,0
-487824,0,0
-228419,0,0
190553,0,0
454390,0,0
587478,0,0
318939,0,0
-118542,0,0
-494177,0,0
-603334,0,0
-601145,0,0
-502773,0,0
-140543,0,0
193849,0,0
299835,0,0
205007,0,0
-51158,0,0
-415158,0,0
-565136,0,0
-307543,0,0
-400602,0,0
-189967,0,0
129641,0,0
341310,0,0
369164,0,0
214377,0,0
-152461,0,0
-446547,0,0
-478883,0,0
-462252,0,0
-233412,0,0
70983,0,0
383296,0,0
429389,0,0
252535,0,0
-96623,0,0
-427613,0,0
-607803,0,0
-647298,0,0
-555261,0,0
-260703,0,0
168662,0,0
450817,0,0
447338,0,0
143580,0,0
-269859,0,0
-549118,0,0
-569312,0,0
-394372,0,0
-206849,0,0
229258,0,0
406052,0,0
379830,0,0
213164,0,0
-69830,0,0
-359467,0,0
-478073,0,0
-462185,0,0
-624095,0,0
-230148,0,0
273103,0,0
478091,0,0
390697,0,0
182928,0,0
-118265,0,0
-180881,0,0
-181816,0,0
-162263,0,0
86116,0,0
354061,0,0
685218,0,0
688240,0,0
394566,0,0
37584,0,0
-232942,0,0
-354484,0,0
-354334,0,0
-224468,0,0
72382,0,0
411734,0,0
381864,0,0
172393,0,0
-142744,0,0
-268936,0,0
-484928,0,0
-381921,0,0
-318688,0,0
256,0,0
311825,0,0
276314,0,0
244472,0,0
10174,0,0
-297027,0,0
-381889,0,0
-397329,0,0
-597418,0,0
-262998,0,0
64358,0,0
188660,0,0
306279,0,0
114782,0,0
-215713,0,0
-604298,0,0
-731889,0,0
-620178,0,0
-198020,0,0
54892,0,0
266473,0,0
455268,0,0
295810,0,0
-57551,0,0
-492000,0,0
-704815,0,0
-703080,0,0
-424276,0,0
-114517,0,0
358521,0,0
451812,0,0
362486,0,0
119464,0,0
-307085,0,0
-650127,0,0
-607520,0,0
-602186,0,0
-379620,0,0
260510,0,0
399807,0,0
349787,0,0
120170,0,0
-281425,0,0
-536346,0,0
-624329,0,0
-658817,0,0
-608914,0,0
-231041,0,0
61385,0,0
322233,0,0
231048,0,0
-94477,0,0
-413356,0,0
-634339,0,0
-630260,0,0
-606504,0,0
-453913,0,0
-73384,0,0
373461,0,0
377239,0,0
181559,0,0
-204545,0,0
-523130,0,0
-565901,0,0
-641874,0,0
-565092,0,0
-127330,0,0
203770,0,0
238657,0,0
330215,0,0
72256,0,0
-366266,0,0
-513826,0,0
-524698,0,0
-644364,0,0
-362322,0,0
106078,0,0
378617,0,0
448134,0,0
140584,0,0
-218131,0,0
-437849,0,0
-627356,0,0
-603245,0,0
-488953,0,0
-121078,0,0
227261,0,0
351389,0,0
197216,0,0
-34083,0,0
-443963,0,0
-712772,0,0
-643359,0,0
-622349,0,0
-347686,0,0
195744,0,0
345795,0,0
192881,0,0
46869,0,0
-303072,0,0
-471832,0,0
-513250,0,0
-698129,0,0
-524451,0,0
-100483,0,0
183239,0,0
348455,0,0
267103,0,0
-56713,0,0
-353185,0,0
-587979,0,0
-658304,0,0
-547046,0,0
-349657,0,0
1902,0,0
261408,0,0
356458,0,0
184065,0,0
-97799,0,0
-495446,0,0
-620649,0,0
-604429,0,0
-492228,0,0
-44225,0,0
245436,0,0
307636,0,0
265791,0,0
25143,0,0
-332291,0,0
-497432,0,0
-646041,0,0
-671284,0,0
-305082,0,0
59456,0,0
486345,0,0
614593,0,0
259492,0,0
-269317,0,0
-490033,0,0
-576096,0,0
-506952,0,0
-352003,0,0
19165,0,0
339399,0,0
444948,0,0
325643,0,0
-77785,0,0
-390422,0,0
-620828,0,0
-571832,0,0
-587439,0,0
-309892,0,0
208157,0,0
326961,0,0
355057,0,0
125251,0,0
-263104,0,0
-614333,0,0
-663975,0,0
-583190,0,0
-376385,0,0
42061,0,0
220309,0,0
360172,0,0
211559,0,0
-86546,0,0
-397930,0,0
-564104,0,0
-704002,0,0
-587323,0,0
-214507,0,0
84416,0,0
321824,0,0
286632,0,0
144942,0,0
-165639,0,0
-434678,0,0
-612441,0,0
-598346,0,0
-548418,0,0
-157562,0,0
208380,0,0
305603,0,0
262059,0,0
-10070,0,0
-371887,0,0
-574940,0,0
-612364,0,0
-776472,0,0
-482973,0,0
-18787,0,0
223342,0,0
418115,0,0
213242,0,0
-152920,0,0
-486243,0,0
-683048,0,0
-676114,0,0
-547584,0,0
-388369,0,0
4968,0,0
286961,0,0
308553,0,0
187972,0,0
-185263,0,0
-520744,0,0
-580932,0,0
-554005,0,0
-620143,0,0
-209649,0,0
138219,0,0
313505,0,0
368643,0,0
75636,0,0
-252415,0,0
-434484,0,0
-541079,0,0
-530248,0,0
-408531,0,0
-46224,0,0
338239,0,0
455565,0,0
180117,0,0
-109945,0,0
-388183,0,0
-570559,0,0
-504655,0,0
-476228,0,0
-252047,0,0
166286,0,0
320396,0,0
351007,0,0
154625,0,0
-229751,0,0
-501155,0,0
-562553,0,0
-630424,0,0
-491564,0,0
117731,0,0
294153,0,0
303899,0,0
301840,0,0
7397,0,0
-349531,0,0
-503277,0,0
-522590,0,0
-576716,0,0
-360183,0,0
19117,0,0
390751,0,0
446951,0,0
170050,0,0
-162634,0,0
-557928,0,0
-521520,0,0
-454570,0,0
-503002,0,0
-102049,0,0
386151,0,0
420501,0,0
341190,0,0
25173,0,0
-356822,0,0
-521142,0,0
-583888,0,0
-591473,0,0
-360122,0,0
124434,0,0
451543,0,0
468614,0,0
210338,0,0
-211145,0,0
-473835,0,0
-551146,0,0
-583314,0,0
-439252,0,0
-131937,0,0
204322,0,0
442284,0,0
254432,0,0
-17776,0,0
-316943,0,0
-565332,0,0
-528353,0,0
-536136,0,0
-382045,0,0
-35697,0,0
244148,0,0
261661,0,0
273794,0,0
-38057,0,0
-433997,0,0
-596451,0,0
-665582,0,0
-517298,0,0
-198495,0,0
70846,0,0
238615,0,0
430624,0,0
213007,0,0
-136179,0,0
-417439,0,0
-660330,0,0
-583462,0,0
-388303,0,0
-36032,0,0
384292,0,0
432960,0,0
195078,0,0
27305,0,0
-333055,0,0
-591790,0,0
-486118,0,0
-548674,0,0
-361346,0,0
153450,0,0
356567,0,0
352052,0,0
223668,0,0
-158484,0,0
-462760,0,0
-476122,0,0
-604897,0,0
-523011,0,0
-144235,0,0
256214,0,0
470310,0,0
424550,0,0
120038,0,0
-196195,0,0
-407247,0,0
-602701,0,0
-498655,0,0
-289426,0,0
146755,0,0
496313,0,0
483073,0,0
196989,0,0
-157228,0,0
-472981,0,0
-557464,0,0
-543471,0,0
-485609,0,0
-69851,0,0
272380,0,0
529099,0,0
500489,0,0
94671,0,0
-438926,0,0
-526620,0,0
-525644,0,0
-487568,0,0
-194451,0,0
153399,0,0
456218,0,0
532004,0,0
394120,0,0
98214,0,0
-127713,0,0
-377370,0,0
-397020,0,0
-166907,0,0
90499,0,0
469540,0,0
539243,0,0
322280,0,0
-21799,0,0
-365129,0,0
-590841,0,0
-473474,0,0
-525727,0,0
-212251,0,0
253047,0,0
432239,0,0
345312,0,0
71978,0,0
-305113,0,0
-638178,0,0
-578691,0,0
-530008,0,0
-328894,0,0
78373,0,0
222412,0,0
319396,0,0
184136,0,0
-191437,0,0
-537512,0,0
-653504,0,0
-645242,0,0
-530415,0,0
-217316,0,0
104484,0,0
427002,0,0
309609,0,0
-6042,0,0
-400254,0,0
-547991,0,0
-559475,0,0
-585645,0,0
-494335,0,0
31454,0,0
381776,0,0
303406,0,0
251298,0,0
-83673,0,0
-456167,0,0
-538946,0,0
-551830,0,0
-484496,0,0
-91894,0,0
167064,0,0
284814,0,0
369370,0,0
104285,0,0
-224832,0,0
-445027,0,0
-430776,0,0
-415331,0,0
-300445,0,0
-2863,0,0
236807,0,0
324809,0,0
227111,0,0
-96770,0,0
-511795,0,0
-554567,0,0
-487477,0,0
-590043,0,0
-308075,0,0
142961,0,0
313615,0,0
208371,0,0
36397,0,0
-241512,0,0
-397972,0,0
-563964,0,0
-652963,0,0
-512662,0,0
-51462,0,0
304237,0,0
487795,0,0
265943,0,0
-160726,0,0
-481977,0,0
-551373,0,0
-466631,0,0
-513259,0,0
-303466,0,0
58182,0,0
351684,0,0
341477,0,0
113082,0,0
-193747,0,0
-521547,0,0
-607172,0,0
-516627,0,0
-445083,0,0
-83550,0,0
298627,0,0
359295,0,0
285686,0,0
2120,0,0
-414863,0,0
-516307,0,0
-568472,0,0
-705034,0,0
-353385,0,0
115447,0,0
347300,0,0
435531,0,0
136097,0,0
-222507,0,0
-509010,0,0
-612248,0,0
-514658,0,0
-492199,0,0
-191820,0,0
124137,0,0
354341,0,0
262453,0,0
39865,0,0
-252101,0,0
-520758,0,0
-605722,0,0
-693585,0,0
-440486,0,0
-11094,0,0
343722,0,0
387373,0,0
276640,0,0
-96680,0,0
-427233,0,0
-566696,0,0
-600429,0,0
-515560,0,0
-136148,0,0
197724,0,0
437667,0,0
376503,0,0
64957,0,0
-304458,0,0
-489860,0,0
-560733,0,0
-490325,0,0
-329116,0,0
83345,0,0
339237,0,0
391977,0,0
229833,0,0
-98274,0,0
-427787,0,0
-550297,0,0
-494966,0,0
-542928,0,0
-144172,0,0
326879,0,0
471565,0,0
310628,0,0
53747,0,0
-334268,0,0
-513874,0,0
-529937,0,0
-644058,0,0
-373825,0,0
82555,0,0
317082,0,0
400474,0,0
288690,0,0
-128706,0,0
-438138,0,0
-581338,0,0
-581864,0,0
-556936,0,0
-268077,0,0
120999,0,0
374529,0,0
337125,0,0
113816,0,0
-211468,0,0
-557536,0,0
-438794,0,0
-295660,0,0
-438662,0,0
-115899,0,0
275770,0,0
359384,0,0
283920,0,0
-25390,0,0
-375043,0,0
-419827,0,0
-492703,0,0
-505498,0,0
-84797,0,0
259493,0,0
413378,0,0
419595,0,0
115301,0,0
-221717,0,0
-350672,0,0
-569018,0,0
-591633,0,0
-452873,0,0
-76452,0,0
309644,0,0
464679,0,0
269038,0,0
-94245,0,0
-490041,0,0
-671322,0,0
-497815,0,0
-521531,0,0
-275801,0,0
120798,0,0
356347,0,0
305550,0,0
119187,0,0
-258398,0,0
-521319,0,0
-551557,0,0
-706511,0,0
-501786,0,0
12446,0,0
316778,0,0
467964,0,0
257755,0,0
-139874,0,0
-456952,0,0
-571056,0,0
-623586,0,0
-522983,0,0
-267728,0,0
103787,0,0
373454,0,0
358901,0,0
163462,0,0
-171373,0,0
-519853,0,0
-561747,0,0
-484942,0,0
-378122,0,0
-24224,0,0
283731,0,0
372591,0,0
374808,0,0
2281,0,0
-459420,0,0
-555544,0,0
-511123,0,0
-549023,0,0
-276178,0,0
142427,0,0
411773,0,0
513701,0,0
296494,0,0
-104222,0,0
-418373,0,0
-558779,0,0
-501530,0,0
-242632,0,0
142281,0,0
464628,0,0
490660,0,0
291524,0,0
-3467,0,0
-402302,0,0
-529520,0,0
-483341,0,0
-515836,0,0
-124264,0,0
304693,0,0
461811,0,0
392739,0,0
145694,0,0
-328939,0,0
-636156,0,0
-586605,0,0
-561560,0,0
-401388,0,0
254349,0,0
676586,0,0
665681,0,0
342812,0,0
-201620,0,0
-519169,0,0
-612969,0,0
-598182,0,0
-453556,0,0
-129099,0,0
217708,0,0
597594,0,0
534308,0,0
125528,0,0
-261090,0,0
-593108,0,0
-567925,0,0
-572960,0,0
-366647,0,0
90608,0,0
400101,0,0
419030,0,0
282582,0,0
-30522,0,0
-467881,0,0
-632500,0,0
-642260,0,0
-540677,0,0
-96372,0,0
269742,0,0
358510,0,0
274989,0,0
-69739,0,0
-385415,0,0
-564615,0,0
-677143,0,0
-602071,0,0
-367989,0,0
48254,0,0
304288,0,0
286794,0,0
139693,0,0
-196177,0,0
-469580,0,0
-620961,0,0
-617833,0,0
-604478,0,0
-271621,0,0
134403,0,0
266869,0,0
257011,0,0
92243,0,0
-286918,0,0
-543859,0,0
-567721,0,0
-627431,0,0
-479642,0,0
-32824,0,0
269987,0,0
460868,0,0
384910,0,0
38502,0,0
-412155,0,0
-504963,0,0
-515728,0,0
-512542,0,0
-214801,0,0
192010,0,0
478251,0,0
393630,0,0
77976,0,0
-181886,0,0
-238457,0,0
-397786,0,0
-477369,0,0
-350989,0,0
139758,0,0
513792,0,0
523995,0,0
318024,0,0
100236,0,0
-300858,0,0
-367706,0,0
-429778,0,0
-332638,0,0
22177,0,0
361292,0,0
504777,0,0
408889,0,0
129572,0,0
-377092,0,0
-572096,0,0
-657565,0,0
-477641,0,0
-135805,0,0
157755,0,0
340191,0,0
368986,0,0
44590,0,0
-309539,0,0
-517243,0,0
-659236,0,0
-534336,0,0
-449088,0,0
-178899,0,0
231789,0,0
362967,0,0
182168,0,0
-97917,0,0
-450558,0,0
-654368,0,0
-637143,0,0
-659023,0,0
-458971,0,0
33278,0,0
361428,0,0
323558,0,0
76539,0,0
-280661,0,0
-521354,0,0
-635751,0,0
-695266,0,0
-462978,0,0
-167775,0,0
84653,0,0
275250,0,0
261059,0,0
23990,0,0
-316035,0,0
-519296,0,0
-603105,0,0
-580724,0,0
-440208,0,0
-38485,0,0
300057,0,0
410661,0,0
242996,0,0
-60018,0,0
-418225,0,0
-545781,0,0
-519123,0,0
-458683,0,0
-116340,0,0
250445,0,0
478100,0,0
446182,0,0
163858,0,0
-236811,0,0
-480845,0,0
-664530,0,0
-604186,0,0
-297180,0,0
257337,0,0
495618,0,0
473751,0,0
203815,0,0
-161470,0,0
-427206,0,0
-497737,0,0
-511968,0,0
-520267,0,0
-146709,0,0
236054,0,0
427735,0,0
413311,0,0
169734,0,0
-212910,0,0
-468600,0,0
-424308,0,0
-408977,0,0
-203294,0,0
151408,0,0
348059,0,0
401537,0,0
267779,0,0
-78866,0,0
-395067,0,0
-376492,0,0
-531846,0,0
-429112,0,0
-109218,0,0
206992,0,0
330360,0,0
277881,0,0
-10832,0,0
-343622,0,0
-555397,0,0
-599954,0,0
-514546,0,0
-363989,0,0
-5150,0,0
246715,0,0
252233,0,0
150046,0,0
-141039,0,0
-487573,0,0
-615251,0,0
-555659,0,0
-535815,0,0
-163106,0,0
191277,0,0
344061,0,0
376391,0,0
145149,0,0
-324131,0,0
-502562,0,0
-560490,0,0
-573647,0,0
-359685,0,0
19506,0,0
398028,0,0
392092,0,0
130651,0,0
-172814,0,0
-432559,0,0
-578804,0,0
-480463,0,0
-424394,0,0
-223007,0,0
96641,0,0
251334,0,0
321919,0,0
131316,0,0
-244664,0,0
-532114,0,0
-571545,0,0
-583439,0,0
-408666,0,0
23079,0,0
237147,0,0
325457,0,0
231859,0,0
-58587,0,0
-408668,0,0
-565727,0,0
-641343,0,0
-533147,0,0
-207367,0,0
185426,0,0
463316,0,0
352464,0,0
107669,0,0
-201671,0,0
-492554,0,0
-595706,0,0
-566425,0,0
-407156,0,0
6766,0,0
400256,0,0
435725,0,0
205386,0,0
-145961,0,0
-421085,0,0
-545250,0,0
-510668,0,0
-525262,0,0
-206751,0,0
186316,0,0
394182,0,0
363365,0,0
103268,0,0
-256390,0,0
-523416,0,0
-614548,0,0
-657779,0,0
-492693,0,0
-23863,0,0
335752,0,0
431861,0,0
213571,0,0
-151385,0,0
-465289,0,0
-622838,0,0
-593405,0,0
-579238,0,0
-247351,0,0
121882,0,0
312089,0,0
199738,0,0
106006,0,0
-191291,0,0
-524593,0,0
-619013,0,0
-592253,0,0
-448224,0,0
-37647,0,0
274910,0,0
301601,0,0
247266,0,0
-58001,0,0
-366245,0,0
-470169,0,0
-545095,0,0
-478541,0,0
-312619,0,0
94945,0,0
479032,0,0
500610,0,0
210483,0,0
-113609,0,0
-307248,0,0
-391912,0,0
-319091,0,0
-131181,0,0
214969,0,0
494546,0,0
570061,0,0
373991,0,0
36797,0,0
-297765,0,0
-512149,0,0
-485766,0,0
-537981,0,0
-234921,0,0
352024,0,0
615019,0,0
504684,0,0
105096,0,0
-330711,0,0
-557647,0,0
-571248,0,0
-333943,0,0
-134430,0,0
187453,0,0
424208,0,0
451745,0,0
136047,0,0
-211118,0,0
-446747,0,0
-594540,0,0
-511114,0,0
-327281,0,0
-83462,0,0
175628,0,0
338834,0,0
331345,0,0
55390,0,0
-328496,0,0
-567233,0,0
-607999,0,0
-627481,0,0
-420891,0,0
105414,0,0
388780,0,0
382301,0,0
182720,0,0
-187738,0,0
-539025,0,0
-663628,0,0
-662412,0,0
-568032,0,0
-196421,0,0
212492,0,0
376615,0,0
284910,0,0
-15622,0,0
-417898,0,0
-600757,0,0
-608237,0,0
-602086,0,0
-442300,0,0
-62338,0,0
267740,0,0
341542,0,0
188913,0,0
-131082,0,0
-454897,0,0
-591031,0,0
-598260,0,0
-598007,0,0
-278365,0,0
46463,0,0
232719,0,0
295991,0,0
152836,0,0
-184783,0,0
-491778,0,0
-548158,0,0
-547851,0,0
-494594,0,0
-192739,0,0
201627,0,0
522676,0,0
422688,0,0
74955,0,0
-306311,0,0
-450191,0,0
-464522,0,0
-376994,0,0
-183298,0,0
162431,0,0
360838,0,0
395873,0,0
259147,0,0
-77204,0,0
-401014,0,0
-264481,0,0
-157925,0,0
-242606,0,0
133456,0,0
418773,0,0
565521,0,0
513895,0,0
270787,0,0
-111629,0,0
-210801,0,0
-179930,0,0
-275470,0,0
59147,0,0
333130,0,0
581039,0,0
514051,0,0
164968,0,0
-265876,0,0
-488255,0,0
-508370,0,0
-603377,0,0
-191943,0,0
324031,0,0
519420,0,0
440319,0,0
145579,0,0
-183852,0,0
-513852,0,0
-617757,0,0
-640426,0,0
-614391,0,0
-220450,0,0
170875,0,0
145682,0,0
308161,0,0
110698,0,0
-339560,0,0
-707679,0,0
-788106,0,0
-716717,0,0
-505039,0,0
-15621,0,0
170858,0,0
290927,0,0
113222,0,0
-177299,0,0
-460373,0,0
-703472,0,0
-731351,0,0
-714259,0,0
-429481,0,0
-93643,0,0
314071,0,0
423408,0,0
132270,0,0
-311649,0,0
-621915,0,0
-675686,0,0
-619517,0,0
-594195,0,0
-246602,0,0
147636,0,0
236801,0,0
279034,0,0
4619,0,0
-343103,0,0
-515662,0,0
-604195,0,0
-626169,0,0
-476961,0,0
-120616,0,0
157460,0,0
347698,0,0
264359,0,0
-27731,0,0
-367276,0,0
-589278,0,0
-615066,0,0
-528818,0,0
-233790,0,0
176865,0,0
502578,0,0
504725,0,0
199946,0,0
-193400,0,0
-398891,0,0
-472128,0,0
-420246,0,0
-235258,0,0
99610,0,0
330951,0,0
508114,0,0
438619,0,0
100745,0,0
-352768,0,0
-489656,0,0
-387767,0,0
-393227,0,0
-146804,0,0
220524,0,0
412363,0,0
417991,0,0
110707,0,0
-253468,0,0
-574676,0,0
-646457,0,0
-579959,0,0
-436410,0,0
12750,0,0
292066,0,0
482369,0,0
256035,0,0
-135014,0,0
-487002,0,0
-625656,0,0
-610546,0,0
-653724,0,0
-343475,0,0
65772,0,0
256220,0,0
284465,0,0
115329,0,0
-185453,0,0
-490344,0,0
-611240,0,0
-635160,0,0
-519954,0,0
-205122,0,0
197454,0,0
286179,0,0
202114,0,0
-12127,0,0
-262228,0,0
-548628,0,0
-628260,0,0
-688629,0,0
-501157,0,0
60155,0,0
379237,0,0
385034,0,0
149805,0,0
-198239,0,0
-483066,0,0
-613261,0,0
-616091,0,0
-542687,0,0
-277350,0,0
6530,0,0
361509,0,0
328385,0,0
60193,0,0
-296148,0,0
-506314,0,0
-623149,0,0
-629975,0,0
-553368,0,0
-135456,0,0
248787,0,0
338082,0,0
287898,0,0
6657,0,0
-369702,0,0
-523677,0,0
-530090,0,0
-554861,0,0
-314149,0,0
146667,0,0
292291,0,0
372152,0,0
272728,0,0
-98849,0,0
-457588,0,0
-507192,0,0
-559446,0,0
-449551,0,0
-79194,0,0
260276,0,0
523477,0,0
372375,0,0
38950,0,0
-357841,0,0
-491988,0,0
-546042,0,0
-502959,0,0
-420632,0,0
167014,0,0
520472,0,0
377863,0,0
188557,0,0
-121237,0,0
-510420,0,0
-672602,0,0
-608698,0,0
-580553,0,0
-253926,0,0
151152,0,0
369934,0,0
406812,0,0
120558,0,0
-313023,0,0
-653419,0,0
-697751,0,0
-717410,0,0
-371087,0,0
30900,0,0
239078,0,0
340808,0,0
285992,0,0
-68022,0,0
-428882,0,0
-629043,0,0
-560922,0,0
-531533,0,0
-421284,0,0
31750,0,0
416045,0,0
316483,0,0
183304,0,0
-150920,0,0
-485545,0,0
-600374,0,0
-506994,0,0
-504848,0,0
-90206,0,0
138261,0,0
320145,0,0
425957,0,0
133655,0,0
-252588,0,0
-460152,0,0
-412295,0,0
-506973,0,0
-290008,0,0
37592,0,0
341132,0,0
421358,0,0
323162,0,0
134717,0,0
-153518,0,0
-211519,0,0
-152894,0,0
-151906,0,0
131243,0,0
649257,0,0
791629,0,0
694180,0,0
397678,0,0
-53414,0,0
-344454,0,0
-317789,0,0
-343289,0,0
-27750,0,0
396745,0,0
451185,0,0
419590,0,0
128274,0,0
-269365,0,0
-553373,0,0
-558211,0,0
-470367,0,0
-425517,0,0
-3836,0,0
310552,0,0
435542,0,0
164679,0,0
-214778,0,0
-512325,0,0
-674292,0,0
-545754,0,0
-479678,0,0
-208891,0,0
116252,0,0
299059,0,0
184563,0,0
48444,0,0
-272864,0,0
-555597,0,0
-600811,0,0
-644526,0,0
-503317,0,0
-68466,0,0
327145,0,0
348147,0,0
244228,0,0
-149578,0,0
-456690,0,0
-552595,0,0
-609560,0,0
-509370,0,0
-264103,0,0
69110,0,0
272282,0,0
295064,0,0
43123,0,0
-245882,0,0
-437775,0,0
-348943,0,0
-353124,0,0
-448952,0,0
-100467,0,0
271281,0,0
481720,0,0
389733,0,0
108090,0,0
-338934,0,0
-538331,0,0
-493149,0,0
-519789,0,0
-163656,0,0
225585,0,0
471406,0,0
346458,0,0
68380,0,0
-314011,0,0
-505825,0,0
-578559,0,0
-641447,0,0
-398243,0,0
-35406,0,0
379512,0,0
450215,0,0
281505,0,0
-117754,0,0
-445673,0,0
-579551,0,0
-570792,0,0
-418332,0,0
-148405,0,0
253069,0,0
488753,0,0
431946,0,0
133918,0,0
-282287,0,0
-591243,0,0
-379191,0,0
-403066,0,0
-377721,0,0
116518,0,0
430101,0,0
379942,0,0
178166,0,0
-144666,0,0
-489123,0,0
-568966,0,0
-666564,0,0
-597739,0,0
-206477,0,0
274776,0,0
428377,0,0
253064,0,0
-69297,0,0
-457688,0,0
-620527,0,0
-712050,0,0
-676904,0,0
-489685,0,0
-104680,0,0
222252,0,0
291837,0,0
163994,0,0
-145587,0,0
-523758,0,0
-669077,0,0
-572001,0,0
-627463,0,0
-379325,0,0
45563,0,0
284951,0,0
449223,0,0
189343,0,0
-240433,0,0
-572114,0,0
-542161,0,0
-556335,0,0
-459235,0,0
-97609,0,0
227117,0,0
459709,0,0
344183,0,0
-935,0,0
-360296,0,0
-412031,0,0
-524771,0,0
-473744,0,0
-336221,0,0
121297,0,0
440029,0,0
393123,0,0
208743,0,0
-148307,0,0
-533274,0,0
-602403,0,0
-551889,0,0
-491175,0,0
-33631,0,0
415873,0,0
456050,0,0
322481,0,0
-67835,0,0
-452533,0,0
-600862,0,0
-569908,0,0
-492293,0,0
-251103,0,0
36048,0,0
201608,0,0
257667,0,0
232268,0,0
46148,0,0
-288679,0,0
-597878,0,0
-737324,0,0
-613004,0,0
-252162,0,0
344828,0,0
523535,0,0
309969,0,0
70848,0,0
-304658,0,0
-531971,0,0
-549134,0,0
-557368,0,0
-390272,0,0
169886,0,0
365093,0,0
438858,0,0
309910,0,0
-227,0,0
-356426,0,0
-494417,0,0
-552209,0,0
-453939,0,0
-93645,0,0
205187,0,0
453955,0,0
331778,0,0
55216,0,0
-269881,0,0
-403189,0,0
-585854,0,0
-606457,0,0
-382502,0,0
-24644,0,0
334384,0,0
373242,0,0
229283,0,0
-119684,0,0
-450903,0,0
-633843,0,0
-648874,0,0
-632559,0,0
-252026,0,0
148990,0,0
268065,0,0
337617,0,0
89188,0,0
-310099,0,0
-539327,0,0
-615750,0,0
-618916,0,0
-479792,0,0
-66908,0,0
181917,0,0
350549,0,0
284238,0,0
-10166,0,0
-368601,0,0
-647925,0,0
-671328,0,0
-632528,0,0
-362948,0,0
50335,0,0
296302,0,0
216843,0,0
171375,0,0
-102088,0,0
-394284,0,0
-562702,0,0
-682962,0,0
-594695,0,0
-327182,0,0
81754,0,0
269791,0,0
362125,0,0
143433,0,0
-158309,0,0
-312951,0,0
-602417,0,0
-624487,0,0
-501277,0,0
-80352,0,0
262620,0,0
403567,0,0
270383,0,0
57265,0,0
-327091,0,0
-561978,0,0
-518735,0,0
-573858,0,0
-336047,0,0
156940,0,0
384593,0,0
345241,0,0
238146,0,0
-150357,0,0
-467683,0,0
-446955,0,0
-408416,0,0
-213223,0,0
88818,0,0
246280,0,0
390144,0,0
351196,0,0
28077,0,0
-296166,0,0
-293415,0,0
-435626,0,0
-449051,0,0
-251180,0,0
196651,0,0
467110,0,0
488929,0,0
230898,0,0
-24055,0,0
-355067,0,0
-414546,0,0
-294070,0,0
-379994,0,0
5501,0,0
329117,0,0
487375,0,0
464624,0,0
191943,0,0
-253645,0,0
-483931,0,0
-530005,0,0
-535559,0,0
-118718,0,0
239430,0,0
438420,0,0
360674,0,0
105256,0,0
-253826,0,0
-381965,0,0
-453670,0,0
-551368,0,0
-296755,0,0
50021,0,0
264572,0,0
382007,0,0
159199,0,0
-185660,0,0
-496380,0,0
-690791,0,0
-647484,0,0
-536942,0,0
-224728,0,0
189350,0,0
275201,0,0
204480,0,0
-46577,0,0
-361517,0,0
-571407,0,0
-545506,0,0
-694205,0,0
-485564,0,0
13127,0,0
210098,0,0
327957,0,0
260242,0,0
-54042,0,0
-444103,0,0
-587456,0,0
-635676,0,0
-488569,0,0
-276170,0,0
59644,0,0
382266,0,0
382391,0,0
192982,0,0
-101428,0,0
-366983,0,0
-559775,0,0
-564890,0,0
-545395,0,0
-107415,0,0
382771,0,0
500053,0,0
364524,0,0
-38286,0,0
-443937,0,0
-506913,0,0
-350446,0,0
-497587,0,0
-215455,0,0
89204,0,0
307854,0,0
419696,0,0
129474,0,0
-229084,0,0
-455479,0,0
-551163,0,0
-656702,0,0
-411311,0,0
51451,0,0
267534,0,0
285420,0,0
208899,0,0
-6341,0,0
-389453,0,0
-620832,0,0
-620833,0,0
-579705,0,0
-365891,0,0
97778,0,0
295973,0,0
303233,0,0
185139,0,0
-193977,0,0
-479676,0,0
-589525,0,0
-648275,0,0
-575290,0,0
-136323,0,0
174303,0,0
435550,0,0
370066,0,0
75933,0,0
-271536,0,0
-561418,0,0
-693361,0,0
-640488,0,0
-395084,0,0
12482,0,0
404853,0,0
436080,0,0
227386,0,0
-101602,0,0
-441425,0,0
-600465,0,0
-596388,0,0
-507161,0,0
-153602,0,0
317477,0,0
364248,0,0
364227,0,0
67918,0,0
-362430,0,0
-589587,0,0
-589926,0,0
-562463,0,0
-349300,0,0
56501,0,0
220399,0,0
396362,0,0
207737,0,0
-115743,0,0
-299724,0,0
-525061,0,0
-579860,0,0
-582032,0,0
-297823,0,0
117847,0,0
396131,0,0
420806,0,0
194794,0,0
-201818,0,0
-524258,0,0
-518958,0,0
-573991,0,0
-418265,0,0
68921,0,0
582499,0,0
541681,0,0
314010,0,0
-74194,0,0
-471376,0,0
-478137,0,0
-500829,0,0
-398987,0,0
199607,0,0
557796,0,0
646950,0,0
502705,0,0
115655,0,0
-217614,0,0
-340149,0,0
-243442,0,0
-2419,0,0
93468,0,0
350839,0,0
541037,0,0
564656,0,0
338804,0,0
89183,0,0
-260846,0,0
-371328,0,0
-254550,0,0
-265211,0,0
23257,0,0
304368,0,0
426520,0,0
236383,0,0
-45036,0,0
-499910,0,0
-608615,0,0
-600228,0,0
-625465,0,0
-306282,0,0
130209,0,0
309098,0,0
331889,0,0
80241,0,0
-359772,0,0
-607380,0,0
-611930,0,0
-591868,0,0
-423730,0,0
-71175,0,0
183409,0,0
466693,0,0
397461,0,0
59458,0,0
-260883,0,0
-469115,0,0
-469655,0,0
-281207,0,0
-65560,0,0
404685,0,0
561367,0,0
432390,0,0
190610,0,0
-137331,0,0
-538282,0,0
-551262,0,0
-492750,0,0
-359350,0,0
119655,0,0
379740,0,0
365065,0,0
130402,0,0
-196854,0,0
-503423,0,0
-622359,0,0
-604116,0,0
-563134,0,0
-200090,0,0
55248,0,0
235140,0,0
169852,0,0
-57480,0,0
-275329,0,0
-437595,0,0
-676127,0,0
-622699,0,0
-499077,0,0
-143451,0,0
306679,0,0
386944,0,0
211761,0,0
-133672,0,0
-477642,0,0
-562683,0,0
-455050,0,0
-538871,0,0
-158617,0,0
198879,0,0
398863,0,0
386944,0,0
115899,0,0
-306715,0,0
-558796,0,0
-613859,0,0
-570980,0,0
-308112,0,0
69856,0,0
321357,0,0
448543,0,0
287924,0,0
-25045,0,0
-426077,0,0
-639017,0,0
-658088,0,0
-466409,0,0
-81796,0,0
316539,0,0
473645,0,0
326528,0,0
44686,0,0
-373694,0,0
-615235,0,0
-610058,0,0
-553084,0,0
-337395,0,0
152411,0,0
348910,0,0
376570,0,0
206323,0,0
-172988,0,0
-468798,0,0
-606797,0,0
-605147,0,0
-456550,0,0
-11382,0,0
190872,0,0
410370,0,0
283219,0,0
-49976,0,0
-334279,0,0
-467883,0,0
-621927,0,0
-628145,0,0
-339069,0,0
76413,0,0
465293,0,0
422703,0,0
131077,0,0
-176348,0,0
-454933,0,0
-628228,0,0
-589992,0,0
-436827,0,0
-22391,0,0
337192,0,0
362376,0,0
223270,0,0
-62528,0,0
-412062,0,0
-458049,0,0
-629488,0,0
-618896,0,0
-271347,0,0
127131,0,0
286918,0,0
383417,0,0
147278,0,0
-215992,0,0
-518570,0,0
-682813,0,0
-597891,0,0
-420211,0,0
12591,0,0
367592,0,0
435795,0,0
215163,0,0
-86916,0,0
-386845,0,0
-558810,0,0
-518414,0,0
-541921,0,0
-225026,0,0
168443,0,0
263192,0,0
251921,0,0
108290,0,0
-221377,0,0
-466886,0,0
-362419,0,0
-603719,0,0
-530348,0,0
-113303,0,0
267951,0,0
365402,0,0
324597,0,0
-5112,0,0
-350819,0,0
-417874,0,0
-512606,0,0
-385586,0,0
-74102,0,0
286141,0,0
465197,0,0
366454,0,0
87201,0,0
-159017,0,0
-332041,0,0
-429962,0,0
-363284,0,0
-317345,0,0
-37849,0,0
260587,0,0
386746,0,0
315214,0,0
55521,0,0
-440378,0,0
-594826,0,0
-564304,0,0
-530628,0,0
-176668,0,0
178682,0,0
300616,0,0
313787,0,0
73934,0,0
-328542,0,0
-483141,0,0
-662092,0,0
-619119,0,0
-387320,0,0
-32609,0,0
265218,0,0
340702,0,0
164997,0,0
-145594,0,0
-383596,0,0
-609744,0,0
-520208,0,0
-490781,0,0
-303300,0,0
80755,0,0
304506,0,0
255017,0,0
81658,0,0
-222932,0,0
-487092,0,0
-517584,0,0
-588526,0,0
-484414,0,0
10025,0,0
293920,0,0
300774,0,0
227815,0,0
-98429,0,0
-434317,0,0
-472019,0,0
-594369,0,0
-632297,0,0
-332596,0,0
21171,0,0
371096,0,0
290511,0,0
3390,0,0
-337816,0,0
-589199,0,0
-662979,0,0
-646087,0,0
-604153,0,0
-291756,0,0
192949,0,0
334986,0,0
182979,0,0
-41754,0,0
-358887,0,0
-620896,0,0
-562030,0,0
-567121,0,0
-455478,0,0
-63375,0,0
253256,0,0
386559,0,0
265500,0,0
-104060,0,0
-438593,0,0
-567342,0,0
-623842,0,0
-604943,0,0
-243480,0,0
153967,0,0
316806,0,0
325593,0,0
208042,0,0
-147435,0,0
-484045,0,0
-587064,0,0
-559500,0,0
-455696,0,0
-75422,0,0
328096,0,0
464190,0,0
344012,0,0
-13462,0,0
-445913,0,0
-551973,0,0
-536657,0,0
-563856,0,0
-280952,0,0
118881,0,0
354264,0,0
485857,0,0
185278,0,0
-202506,0,0
-522438,0,0
-571422,0,0
-579365,0,0
-512442,0,0
-195711,0,0
200481,0,0
479288,0,0
394635,0,0
45478,0,0
-388584,0,0
-646606,0,0
-665274,0,0
-634014,0,0
-468504,0,0
53794,0,0
417244,0,0
402458,0,0
240386,0,0
-131567,0,0
-459355,0,0
-558763,0,0
-553301,0,0
-504416,0,0
-154496,0,0
194799,0,0
405113,0,0
397285,0,0
91540,0,0
-255253,0,0
-427056,0,0
-489443,0,0
-527228,0,0
-435394,0,0
-10191,0,0
374291,0,0
412624,0,0
275856,0,0
-57014,0,0
-459988,0,0
-590291,0,0
-504234,0,0
-512293,0,0
-223387,0,0
207807,0,0
398434,0,0
390266,0,0
125591,0,0
-274342,0,0
-487826,0,0
-538060,0,0
-533069,0,0
-401982,0,0
-8684,0,0
281441,0,0
511957,0,0
317293,0,0
-60935,0,0
-360555,0,0
-562709,0,0
-606999,0,0
-528763,0,0
-283337,0,0
94633,0,0
347707,0,0
421831,0,0
173105,0,0
-133758,0,0
-502783,0,0
-615576,0,0
-608146,0,0
-420172,0,0
-40041,0,0
216739,0,0
350282,0,0
291330,0,0
-3990,0,0
-354731,0,0
-476601,0,0
-550522,0,0
-518633,0,0
-242572,0,0
70169,0,0
320018,0,0
463188,0,0
237665,0,0
-110400,0,0
-435114,0,0
-660087,0,0
-652594,0,0
-469843,0,0
-40603,0,0
405389,0,0
478990,0,0
287840,0,0
-27539,0,0
-394220,0,0
-571995,0,0
-526790,0,0
-447230,0,0
-214771,0,0
158488,0,0
311146,0,0
299053,0,0
200586,0,0
-119355,0,0
-358768,0,0
-487577,0,0
-587699,0,0
-451010,0,0
-55350,0,0
311805,0,0
408641,0,0
343172,0,0
14802,0,0
-359760,0,0
-543035,0,0
-574845,0,0
-529990,0,0
-251691,0,0
405258,0,0
773842,0,0
648834,0,0
344182,0,0
-13471,0,0
-491604,0,0
-561452,0,0
-489081,0,0
-390037,0,0
107429,0,0
460737,0,0
476581,0,0
243903,0,0
-88751,0,0
-439374,0,0
-520173,0,0
-561561,0,0
-560393,0,0
-362461,0,0
30257,0,0
239445,0,0
261854,0,0
126463,0,0
-189995,0,0
-491960,0,0
-619887,0,0
-605661,0,0
-609829,0,0
-305283,0,0
82856,0,0
176195,0,0
214727,0,0
58894,0,0
-306843,0,0
-587460,0,0
-554460,0,0
-608069,0,0
-561415,0,0
-187493,0,0
122058,0,0
271409,0,0
279468,0,0
-6322,0,0
-431269,0,0
-502074,0,0
-446958,0,0
-560315,0,0
-434065,0,0
-22196,0,0
272266,0,0
370191,0,0
182534,0,0
-124589,0,0
-445605,0,0
-556722,0,0
-568023,0,0
-558802,0,0
-246498,0,0
165850,0,0
319063,0,0
335356,0,0
142053,0,0
-215191,0,0
-505021,0,0
-575787,0,0
-548930,0,0
-387622,0,0
80218,0,0
351962,0,0
346489,0,0
230820,0,0
-75707,0,0
-337540,0,0
-498054,0,0
-515362,0,0
-461143,0,0
-265728,0,0
129827,0,0
353776,0,0
357134,0,0
179542,0,0
-188163,0,0
-554565,0,0
-598540,0,0
-598053,0,0
-465991,0,0
-53438,0,0
242719,0,0
332249,0,0
322894,0,0
70718,0,0
-346037,0,0
-557042,0,0
-624174,0,0
-603486,0,0
-324574,0,0
102406,0,0
378376,0,0
447849,0,0
243344,0,0
-118830,0,0
-432857,0,0
-543214,0,0
-571334,0,0
-517684,0,0
-140787,0,0
248422,0,0
352906,0,0
319449,0,0
51984,0,0
-269932,0,0
-358917,0,0
-484899,0,0
-617012,0,0
-433221,0,0
1685,0,0
293516,0,0
485664,0,0
350173,0,0
-82256,0,0
-494870,0,0
-580496,0,0
-607300,0,0
-459109,0,0
-77192,0,0
282877,0,0
597478,0,0
495646,0,0
84171,0,0
-309173,0,0
-450499,0,0
-606270,0,0
-487264,0,0
-198704,0,0
222562,0,0
449465,0,0
411209,0,0
186364,0,0
-131489,0,0
-430786,0,0
-437494,0,0
-478923,0,0
-386102,0,0
55361,0,0
325472,0,0
400920,0,0
309780,0,0
-88507,0,0
-484925,0,0
-546754,0,0
-388367,0,0
-407436,0,0
-162962,0,0
99470,0,0
265582,0,0
313687,0,0
47090,0,0
-278779,0,0
-546585,0,0
-592545,0,0
-550838,0,0
-353126,0,0
-80457,0,0
189021,0,0
327922,0,0
224048,0,0
-84043,0,0
-418152,0,0
-517954,0,0
-642149,0,0
-629373,0,0
-283946,0,0
154253,0,0
375096,0,0
377745,0,0
139521,0,0
-306559,0,0
-627471,0,0
-674912,0,0
-593849,0,0
-431172,0,0
550,0,0
326905,0,0
417543,0,0
339480,0,0
11884,0,0
-379691,0,0
-567340,0,0
-604341,0,0
-526660,0,0
-151472,0,0
307223,0,0
548025,0,0
437807,0,0
61708,0,0
-285591,0,0
-495970,0,0
-494043,0,0
-351808,0,0
-56677,0,0
301434,0,0
580042,0,0
557299,0,0
316745,0,0
-126556,0,0
-408345,0,0
-369371,0,0
-392875,0,0
-269074,0,0
68557,0,0
249998,0,0
409425,0,0
370846,0,0
-2526,0,0
-392413,0,0
-529698,0,0
-575138,0,0
-532376,0,0
-309340,0,0
70399,0,0
346057,0,0
404538,0,0
148216,0,0
-225032,0,0
-554997,0,0
-603135,0,0
-557983,0,0
-524400,0,0
-11860,0,0
501458,0,0
397614,0,0
156408,0,0
-93930,0,0
-394472,0,0
-572336,0,0
-579799,0,0
-593164,0,0
-348985,0,0
26909,0,0
280256,0,0
379640,0,0
192512,0,0
-170207,0,0
-481119,0,0
-576719,0,0
-669277,0,0
-539270,0,0
-131959,0,0
251478,0,0
474727,0,0
377874,0,0
7437,0,0
-364776,0,0
-580633,0,0
-625883,0,0
-666918,0,0
-406715,0,0
143091,0,0
448747,0,0
459832,0,0
222047,0,0
-166013,0,0
-483102,0,0
-576812,0,0
-601175,0,0
-431140,0,0
-27843,0,0
236509,0,0
464722,0,0
402844,0,0
71087,0,0
-405851,0,0
-583298,0,0
-652987,0,0
-560457,0,0
-279141,0,0
140346,0,0
369333,0,0
352604,0,0
217484,0,0
-134975,0,0
-459524,0,0
-643496,0,0
-585538,0,0
-467817,0,0
5574,0,0
438350,0,0
497073,0,0
312787,0,0
41464,0,0
-323372,0,0
-451489,0,0
-474826,0,0
-478435,0,0
-88848,0,0
266496,0,0
459993,0,0
437345,0,0
168737,0,0
-181943,0,0
-399071,0,0
-337448,0,0
-303512,0,0
-64797,0,0
265593,0,0
548598,0,0
643649,0,0
407526,0,0
-401,0,0
-321195,0,0
-476964,0,0
-527891,0,0
-494202,0,0
-102643,0,0
274584,0,0
371787,0,0
260311,0,0
42466,0,0
-213626,0,0
-388910,0,0
-613842,0,0
-661073,0,0
-420137,0,0
105349,0,0
395367,0,0
442453,0,0
231496,0,0
-170540,0,0
-498485,0,0
-600149,0,0
-640325,0,0
-486175,0,0
-21351,0,0
260112,0,0
380211,0,0
232360,0,0
-128573,0,0
-408989,0,0
-591669,0,0
-600829,0,0
-543170,0,0
-211430,0,0
142714,0,0
345664,0,0
259020,0,0
52310,0,0
-172745,0,0
-256905,0,0
-584004,0,0
-643623,0,0
-510418,0,0
-92066,0,0
301525,0,0
375488,0,0
248522,0,0
-73832,0,0
-455697,0,0
-612453,0,0
-610928,0,0
-518463,0,0
-191143,0,0
182342,0,0
379763,0,0
426194,0,0
157996,0,0
-259018,0,0
-549187,0,0
-590915,0,0
-513257,0,0
-374443,0,0
18105,0,0
255179,0,0
353237,0,0
196539,0,0
-61342,0,0
-408278,0,0
-578814,0,0
-603784,0,0
-553905,0,0
-198563,0,0
144433,0,0
278362,0,0
292613,0,0
67986,0,0
-349838,0,0
-521668,0,0
-398986,0,0
-456621,0,0
-404770,0,0
-27131,0,0
181068,0,0
351145,0,0
250018,0,0
-108726,0,0
-394963,0,0
-522594,0,0
-560356,0,0
-494727,0,0
-241806,0,0
109036,0,0
373063,0,0
430845,0,0
172483,0,0
-218213,0,0
-523185,0,0
-540556,0,0
-470180,0,0
-382950,0,0
72417,0,0
366691,0,0
437660,0,0
268140,0,0
-35756,0,0
-406315,0,0
-527250,0,0
-557107,0,0
-556848,0,0
-167874,0,0
253000,0,0
458205,0,0
355790,0,0
138188,0,0
-258351,0,0
-597658,0,0
-614666,0,0
-516160,0,0
-34666,0,0
383019,0,0
559750,0,0
508035,0,0
267583,0,0
-130430,0,0
-434148,0,0
-485084,0,0
-441395,0,0
-344513,0,0
-38406,0,0
322893,0,0
359339,0,0
290265,0,0
-64428,0,0
-454607,0,0
-520192,0,0
-333994,0,0
-554837,0,0
-290325,0,0
342359,0,0
440076,0,0
293641,0,0
65274,0,0
-283252,0,0
-526239,0,0
-547637,0,0
-614282,0,0
-395730,0,0
-12276,0,0
230176,0,0
329007,0,0
204996,0,0
-152014,0,0
-472176,0,0
-552358,0,0
-569389,0,0
-420272,0,0
-255899,0,0
68732,0,0
306519,0,0
220832,0,0
75173,0,0
-317057,0,0
-554699,0,0
-595399,0,0
-569328,0,0
-534031,0,0
-80157,0,0
245061,0,0
282570,0,0
298293,0,0
3941,0,0
-420260,0,0
-624813,0,0
-625206,0,0
-582238,0,0
-263084,0,0
95642,0,0
374287,0,0
405357,0,0
124699,0,0
-217901,0,0
-464620,0,0
-588629,0,0
-671239,0,0
-475915,0,0
-97853,0,0
355783,0,0
416129,0,0
260644,0,0
-28353,0,0
-391941,0,0
-600517,0,0
-525223,0,0
-539137,0,0
-349912,0,0
145299,0,0
368011,0,0
441056,0,0
216733,0,0
-212455,0,0
-551343,0,0
-580897,0,0
-546674,0,0
-485152,0,0
-62282,0,0
281445,0,0
532028,0,0
379559,0,0
10232,0,0
-412800,0,0
-563573,0,0
-523367,0,0
-508669,0,0
-171796,0,0
248110,0,0
523610,0,0
431153,0,0
124378,0,0
-247260,0,0
-536648,0,0
-581116,0,0
-568915,0,0
-427905,0,0
106795,0,0
380278,0,0
253318,0,0
177923,0,0
-97418,0,0
-395917,0,0
-538788,0,0
-604991,0,0
-587504,0,0
-240338,0,0
145865,0,0
382581,0,0
490592,0,0
172348,0,0
-235261,0,0
-488884,0,0
-621692,0,0
-547824,0,0
-405434,0,0
10726,0,0
384102,0,0
551063,0,0
374876,0,0
66745,0,0
-360783,0,0
-604311,0,0
-572138,0,0
-486858,0,0
-115156,0,0
230166,0,0
365263,0,0
277792,0,0
91355,0,0
-287425,0,0
-510489,0,0
-536682,0,0
-644416,0,0
-452916,0,0
-62655,0,0
182807,0,0
291357,0,0
257394,0,0
-96804,0,0
-476384,0,0
-670355,0,0
-513151,0,0
-263421,0,0
-181194,0,0
71442,0,0
263643,0,0
299494,0,0
94325,0,0
-241579,0,0
-454623,0,0
-422938,0,0
-327989,0,0
-288359,0,0
46334,0,0
376372,0,0
501963,0,0
364930,0,0
121936,0,0
-68627,0,0
-226097,0,0
-232782,0,0
-303907,0,0
68134,0,0
401538,0,0
576567,0,0
481705,0,0
210565,0,0
-117177,0,0
-228496,0,0
-350869,0,0
-354432,0,0
-209842,0,0
71471,0,0
376683,0,0
401688,0,0
104999,0,0
-294217,0,0
-492970,0,0
-598229,0,0
-622716,0,0
-546833,0,0
-126218,0,0
306999,0,0
354899,0,0
233721,0,0
-78163,0,0
-379615,0,0
-600948,0,0
-581170,0,0
-607129,0,0
-307008,0,0
101412,0,0
274171,0,0
332804,0,0
130681,0,0
-161281,0,0
-404657,0,0
-380730,0,0
-590762,0,0
-446415,0,0
-126197,0,0
180215,0,0
396255,0,0
203519,0,0
-92134,0,0
-390554,0,0
-436507,0,0
-529007,0,0
-493754,0,0
-229631,0,0
257812,0,0
440191,0,0
181158,0,0
-20218,0,0
-293472,0,0
-528759,0,0
-641929,0,0
-483806,0,0
-380722,0,0
13730,0,0
285615,0,0
307496,0,0
195354,0,0
-134098,0,0
-394711,0,0
-370912,0,0
-450680,0,0
-563745,0,0
-74541,0,0
222173,0,0
368902,0,0
391430,0,0
115750,0,0
-199995,0,0
-467444,0,0
-597832,0,0
-568956,0,0
-290060,0,0
15914,0,0
338405,0,0
374539,0,0
124717,0,0
-182804,0,0
-425202,0,0
-484428,0,0
-639315,0,0
-541391,0,0
-116546,0,0
435885,0,0
520234,0,0
286370,0,0
-84532,0,0
-483910,0,0
-592804,0,0
-624126,0,0
-407705,0,0
-111688,0,0
199976,0,0
225078,0,0
337947,0,0
178051,0,0
-126522,0,0
-397651,0,0
-499578,0,0
-572355,0,0
-425373,0,0
91547,0,0
426348,0,0
467703,0,0
214289,0,0
-110505,0,0
-412571,0,0
-592206,0,0
-586556,0,0
-546521,0,0
-229637,0,0
203642,0,0
467492,0,0
306839,0,0
71676,0,0
-340184,0,0
-600386,0,0
-593481,0,0
-633149,0,0
-362660,0,0
79914,0,0
467731,0,0
572916,0,0
367993,0,0
-154693,0,0
-509985,0,0
-506184,0,0
-606124,0,0
-293542,0,0
174170,0,0
469766,0,0
534379,0,0
340649,0,0
-18915,0,0
-270410,0,0
-393804,0,0
-427763,0,0
-307483,0,0
-89250,0,0
233321,0,0
399033,0,0
283884,0,0
95799,0,0
-193148,0,0
-373342,0,0
-359026,0,0
-426919,0,0
-504502,0,0
-66530,0,0
261869,0,0
412048,0,0
274650,0,0
-72589,0,0
-525021,0,0
-639817,0,0
-683023,0,0
-568617,0,0
-133888,0,0
144715,0,0
325497,0,0
281463,0,0
6113,0,0
-380429,0,0
-466369,0,0
-420035,0,0
-551678,0,0
-506697,0,0
-204113,0,0
206129,0,0
340545,0,0
175613,0,0
-84888,0,0
-432761,0,0
-625237,0,0
-380407,0,0
-536629,0,0
-412643,0,0
94221,0,0
293748,0,0
269692,0,0
108952,0,0
-207444,0,0
-518206,0,0
-495277,0,0
-460925,0,0
-410786,0,0
-57801,0,0
248648,0,0
428555,0,0
288004,0,0
-16444,0,0
-376661,0,0
-488865,0,0
-597668,0,0
-503128,0,0
-221412,0,0
116210,0,0
493460,0,0
391248,0,0
78682,0,0
-341787,0,0
-578244,0,0
-591495,0,0
-555705,0,0
-451378,0,0
91113,0,0
376962,0,0
247967,0,0
162955,0,0
-103499,0,0
-468610,0,0
-626001,0,0
-580729,0,0
-576793,0,0
-237575,0,0
153175,0,0
341242,0,0
348624,0,0
80913,0,0
-228574,0,0
-463417,0,0
-519236,0,0
-486854,0,0
-316132,0,0
38391,0,0
394809,0,0
491795,0,0
290881,0,0
-27619,0,0
-359596,0,0
-508258,0,0
-399115,0,0
-365147,0,0
-166296,0,0
257920,0,0
415849,0,0
277990,0,0
31585,0,0
-253140,0,0
-333182,0,0
-458326,0,0
-554799,0,0
-294504,0,0
195733,0,0
352439,0,0
415200,0,0
204516,0,0
-200604,0,0
-499116,0,0
-555077,0,0
-565330,0,0
-448105,0,0
-85413,0,0
121928,0,0
403963,0,0
312043,0,0
-15457,0,0
-395240,0,0
-626548,0,0
-613378,0,0
-587542,0,0
-278279,0,0
137540,0,0
410212,0,0
300972,0,0
59238,0,0
-315687,0,0
-616646,0,0
-588512,0,0
-579855,0,0
-554081,0,0
-193249,0,0
265453,0,0
283182,0,0
261539,0,0
28168,0,0
-281057,0,0
-529248,0,0
-698247,0,0
-686887,0,0
-357391,0,0
181651,0,0
419001,0,0
403868,0,0
111678,0,0
-214313,0,0
-472193,0,0
-634732,0,0
-554790,0,0
-372501,0,0
-124128,0,0
204385,0,0
353877,0,0
240897,0,0
47950,0,0
-327062,0,0
-556546,0,0
-479223,0,0
-609470,0,0
-427179,0,0
87316,0,0
404607,0,0
376881,0,0
138283,0,0
-234654,0,0
-356998,0,0
-299559,0,0
-581372,0,0
-539074,0,0
-183091,0,0
171472,0,0
350606,0,0
328015,0,0
-30538,0,0
-359549,0,0
-590447,0,0
-676939,0,0
-578924,0,0
-422748,0,0
101331,0,0
436073,0,0
382371,0,0
149575,0,0
-161558,0,0
-509489,0,0
-601178,0,0
-544172,0,0
-529426,0,0
-154047,0,0
261975,0,0
410489,0,0
327280,0,0
88597,0,0
-347141,0,0
-543431,0,0
-638636,0,0
-676307,0,0
-419537,0,0
9388,0,0
266271,0,0
416709,0,0
254531,0,0
-96060,0,0
-416421,0,0
-616892,0,0
-559304,0,0
-551190,0,0
-276637,0,0
198258,0,0
297597,0,0
291751,0,0
130973,0,0
-171256,0,0
-464619,0,0
-537712,0,0
-550006,0,0
-475948,0,0
-18041,0,0
261716,0,0
441147,0,0
344049,0,0
-78153,0,0
-487786,0,0
-442864,0,0
-582001,0,0
-623158,0,0
-323439,0,0
64199,0,0
492241,0,0
415822,0,0
106881,0,0
-272995,0,0
-512322,0,0
-615760,0,0
-522785,0,0
-525151,0,0
-209070,0,0
229019,0,0
295393,0,0
302679,0,0
35628,0,0
-342992,0,0
-618329,0,0
-586193,0,0
-560913,0,0
-384988,0,0
25994,0,0
185895,0,0
280715,0,0
163348,0,0
-188586,0,0
-481502,0,0
-551232,0,0
-594748,0,0
-505935,0,0
-260281,0,0
61697,0,0
321207,0,0
278273,0,0
114732,0,0
-216828,0,0
-525251,0,0
-590245,0,0
-454360,0,0
-471187,0,0
-175085,0,0
209457,0,0
294440,0,0
338983,0,0
90109,0,0
-283253,0,0
-475144,0,0
-567121,0,0
-610601,0,0
-304865,0,0
94447,0,0
315581,0,0
442391,0,0
250536,0,0
-97251,0,0
-378144,0,0
-524102,0,0
-554960,0,0
-420789,0,0
-127145,0,0
205261,0,0
445878,0,0
324676,0,0
53270,0,0
-310363,0,0
-536327,0,0
-580627,0,0
-576300,0,0
-438068,0,0
43996,0,0
321711,0,0
290633,0,0
193964,0,0
-101024,0,0
-434368,0,0
-460378,0,0
-576178,0,0
-606284,0,0
-177708,0,0
284167,0,0
473518,0,0
237861,0,0
1846,0,0
-272385,0,0
-502330,0,0
-547417,0,0
-515037,0,0
-463160,0,0
-193428,0,0
342188,0,0
396315,0,0
231513,0,0
-32513,0,0
-345284,0,0
-523083,0,0
-579957,0,0
-577699,0,0
-294271,0,0
217915,0,0
352111,0,0
338336,0,0
170568,0,0
-217597,0,0
-459468,0,0
-540592,0,0
-538814,0,0
-471445,0,0
-140383,0,0
125338,0,0
438294,0,0
332988,0,0
245,0,0
-327011,0,0
-518380,0,0
-572912,0,0
-591188,0,0
-391616,0,0
18658,0,0
330122,0,0
324843,0,0
207300,0,0
-76625,0,0
-412835,0,0
-511565,0,0
-567238,0,0
-526110,0,0
-273892,0,0
126609,0,0
327467,0,0
430653,0,0
196214,0,0
-174418,0,0
-419519,0,0
-589857,0,0
-636551,0,0
-530640,0,0
-98253,0,0
281598,0,0
528222,0,0
356355,0,0
10969,0,0
-398980,0,0
-634395,0,0
-588286,0,0
-552879,0,0
-321918,0,0
113479,0,0
396755,0,0
449246,0,0
190997,0,0
-232164,0,0
-570698,0,0
-506186,0,0
-539217,0,0
-443872,0,0
-41055,0,0
269299,0,0
504275,0,0
361812,0,0
-20591,0,0
-378758,0,0
-502581,0,0
-545172,0,0
-485500,0,0
-315925,0,0
84638,0,0
498970,0,0
471203,0,0
150850,0,0
-169351,0,0
-450797,0,0
-523733,0,0
-490524,0,0
-468750,0,0
-88818,0,0
289448,0,0
421195,0,0
333471,0,0
59443,0,0
-324906,0,0
-515166,0,0
-551448,0,0
-537162,0,0
-223971,0,0
166810,0,0
484735,0,0
566237,0,0
373916,0,0
-163550,0,0
-588472,0,0
-632833,0,0
-516281,0,0
-231015,0,0
210782,0,0
507832,0,0
696867,0,0
624940,0,0
225161,0,0
-70504,0,0
-311112,0,0
-259272,0,0
-201979,0,0
64952,0,0
456826,0,0
625755,0,0
572112,0,0
348880,0,0
-5540,0,0
-400341,0,0
-455952,0,0
-506049,0,0
-372756,0,0
99426,0,0
285017,0,0
376135,0,0
192784,0,0
-172421,0,0
-519791,0,0
-610322,0,0
-669664,0,0
-554046,0,0
-226822,0,0
-24674,0,0
220584,0,0
227059,0,0
46027,0,0
-302639,0,0
-604380,0,0
-695998,0,0
-646061,0,0
-587258,0,0
-146646,0,0
269689,0,0
390526,0,0
202839,0,0
-111351,0,0
-495321,0,0
-667016,0,0
-606607,0,0
-548914,0,0
-286116,0,0
108260,0,0
309502,0,0
320033,0,0
122366,0,0
-235127,0,0
-525911,0,0
-597491,0,0
-564769,0,0
-408610,0,0
-67092,0,0
226096,0,0
440745,0,0
227212,0,0
-37855,0,0
-347635,0,0
-493296,0,0
-517005,0,0
-384337,0,0
-224195,0,0
186614,0,0
314937,0,0
330262,0,0
183460,0,0
-180643,0,0
-498809,0,0
-555600,0,0
-629352,0,0
-496901,0,0
-81859,0,0
285955,0,0
409906,0,0
291379,0,0
-52663,0,0
-433118,0,0
-574086,0,0
-569047,0,0
-473935,0,0
-239357,0,0
106908,0,0
311792,0,0
357159,0,0
147264,0,0
-147550,0,0
-397115,0,0
-490918,0,0
-565951,0,0
-485747,0,0
-134129,0,0
281907,0,0
403831,0,0
351588,0,0
77675,0,0
-302882,0,0
-521505,0,0
-504265,0,0
-565647,0,0
-268559,0,0
193641,0,0
375955,0,0
384504,0,0
139181,0,0
-291815,0,0
-472351,0,0
-528238,0,0
-573612,0,0
-388059,0,0
-42490,0,0
259129,0,0
368158,0,0
253507,0,0
-53893,0,0
-354023,0,0
-491122,0,0
-492651,0,0
-572317,0,0
-243737,0,0
192883,0,0
357577,0,0
292131,0,0
127585,0,0
-210553,0,0
-582239,0,0
-669058,0,0
-607638,0,0
-489206,0,0
-78831,0,0
259595,0,0
409025,0,0
288622,0,0
-64999,0,0
-478038,0,0
-596020,0,0
-623479,0,0
-650351,0,0
-320617,0,0
213182,0,0
413212,0,0
362649,0,0
135126,0,0
-210210,0,0
-479037,0,0
-568823,0,0
-508668,0,0
-463241,0,0
-110561,0,0
185966,0,0
363830,0,0
322571,0,0
15524,0,0
-362740,0,0
-562579,0,0
-539576,0,0
-515859,0,0
-257843,0,0
102798,0,0
328780,0,0
428656,0,0
228112,0,0
-184691,0,0
-476118,0,0
-551926,0,0
-512494,0,0
-410225,0,0
1160,0,0
223440,0,0
394918,0,0
236302,0,0
-125261,0,0
-372523,0,0
-492054,0,0
-583629,0,0
-614035,0,0
-348342,0,0
69434,0,0
405212,0,0
396984,0,0
112192,0,0
-246670,0,0
-547995,0,0
-593757,0,0
-560649,0,0
-502923,0,0
-104908,0,0
169760,0,0
323725,0,0
274258,0,0
-14949,0,0
-385694,0,0
-532523,0,0
-585569,0,0
-581472,0,0
-312136,0,0
122585,0,0
385620,0,0
485397,0,0
262249,0,0
-166100,0,0
-456882,0,0
-609060,0,0
-522954,0,0
-411838,0,0
-93775,0,0
308964,0,0
414990,0,0
292001,0,0
24056,0,0
-386496,0,0
-586982,0,0
-527236,0,0
-594519,0,0
-400948,0,0
34505,0,0
298315,0,0
440679,0,0
279649,0,0
-88908,0,0
-500813,0,0
-596058,0,0
-614552,0,0
-551733,0,0
-245435,0,0
130168,0,0
416443,0,0
413511,0,0
107890,0,0
-271477,0,0
-544371,0,0
-683305,0,0
-589480,0,0
-451648,0,0
-66942,0,0
206780,0,0
307953,0,0
266276,0,0
-1763,0,0
-421608,0,0
-589580,0,0
-564676,0,0
-590245,0,0
-334443,0,0
-2337,0,0
208682,0,0
317463,0,0
225566,0,0
-111379,0,0
-464185,0,0
-660898,0,0
-610061,0,0
-601867,0,0
-372505,0,0
31989,0,0
292071,0,0
213405,0,0
92777,0,0
-229039,0,0
-519945,0,0
-602232,0,0
-550634,0,0
-596053,0,0
-193050,0,0
61516,0,0
282615,0,0
382033,0,0
112566,0,0
-332428,0,0
-547252,0,0
-615850,0,0
-632664,0,0
-411068,0,0
-49051,0,0
303657,0,0
451863,0,0
280946,0,0
-42128,0,0
-396917,0,0
-540511,0,0
-588698,0,0
-591552,0,0
-284451,0,0
142743,0,0
322486,0,0
317555,0,0
119703,0,0
-181789,0,0
-391458,0,0
-491412,0,0
-660309,0,0
-608477,0,0
-172222,0,0
181359,0,0
335959,0,0
363522,0,0
66835,0,0
-329020,0,0
-602046,0,0
-615101,0,0
-605405,0,0
-459809,0,0
-77457,0,0
262021,0,0
378292,0,0
253047,0,0
-3728,0,0
-394081,0,0
-665213,0,0
-682907,0,0
-652355,0,0
-415331,0,0
69399,0,0
360563,0,0
438532,0,0
272144,0,0
-123340,0,0
-499353,0,0
-619482,0,0
-679256,0,0
-593973,0,0
-233684,0,0
142962,0,0
434670,0,0
473510,0,0
133638,0,0
-245229,0,0
-574316,0,0
-660594,0,0
-565815,0,0
-484812,0,0
-41029,0,0
286212,0,0
352003,0,0
267061,0,0
-32733,0,0
-397000,0,0
-530581,0,0
-559057,0,0
-559159,0,0
-334793,0,0
81629,0,0
364729,0,0
406110,0,0
192647,0,0
-197724,0,0
-443765,0,0
-517345,0,0
-613829,0,0
-585504,0,0
-230103,0,0
232330,0,0
427166,0,0
328784,0,0
139044,0,0
-216957,0,0
-573854,0,0
-601295,0,0
-527317,0,0
-442816,0,0
-15931,0,0
299172,0,0
352496,0,0
322835,0,0
26403,0,0
-352942,0,0
-490675,0,0
-548406,0,0
-552053,0,0
-286605,0,0
231309,0,0
461775,0,0
382922,0,0
104768,0,0
-225783,0,0
-435814,0,0
-544259,0,0
-531516,0,0
-400593,0,0
-124609,0,0
136603,0,0
282328,0,0
449520,0,0
204883,0,0
-259083,0,0
-573838,0,0
-596431,0,0
-611797,0,0
-310777,0,0
159446,0,0
318000,0,0
339681,0,0
229492,0,0
-66943,0,0
-352063,0,0
-428701,0,0
-562679,0,0
-441060,0,0
-141494,0,0
181677,0,0
445232,0,0
462963,0,0
137761,0,0
-188002,0,0
-492942,0,0
-533852,0,0
-414660,0,0
-331673,0,0
-31060,0,0
285628,0,0
358707,0,0
331792,0,0
82519,0,0
-295137,0,0
-548242,0,0
-519025,0,0
-482992,0,0
-230578,0,0
254361,0,0
414302,0,0
469022,0,0
194887,0,0
-168977,0,0
-274111,0,0
-430685,0,0
-507743,0,0
-448548,0,0
-30141,0,0
246363,0,0
378912,0,0
294011,0,0
18863,0,0
-321310,0,0
-556119,0,0
-571327,0,0
-517593,0,0
-338670,0,0
32236,0,0
336827,0,0
352759,0,0
189131,0,0
-163792,0,0
-472057,0,0
-566801,0,0
-551036,0,0
-464906,0,0
-166082,0,0
213156,0,0
491291,0,0
331342,0,0
10410,0,0
-360594,0,0
-520580,0,0
-626729,0,0
-546836,0,0
-368912,0,0
8994,0,0
314918,0,0
452114,0,0
234147,0,0
-108826,0,0
-440876,0,0
-612384,0,0
-552353,0,0
-603920,0,0
-312542,0,0
183491,0,0
389554,0,0
282257,0,0
56595,0,0
-310939,0,0
-574102,0,0
-582354,0,0
-578800,0,0
-475519,0,0
-133333,0,0
176371,0,0
342008,0,0
302896,0,0
4185,0,0
-410863,0,0
-581892,0,0
-634299,0,0
-469777,0,0
-263002,0,0
60191,0,0
263860,0,0
329319,0,0
223896,0,0
-137831,0,0
-414343,0,0
-486395,0,0
-556770,0,0
-605329,0,0
-263745,0,0
164780,0,0
399725,0,0
380263,0,0
201741,0,0
-125470,0,0
-534218,0,0
-651426,0,0
-558358,0,0
-391172,0,0
35038,0,0
352068,0,0
335333,0,0
265437,0,0
-48481,0,0
-391631,0,0
-575486,0,0
-570169,0,0
-503059,0,0
-286251,0,0
89089,0,0
398964,0,0
349092,0,0
101373,0,0
-239959,0,0
-367112,0,0
-330280,0,0
-562236,0,0
-472229,0,0
-49474,0,0
286541,0,0
318717,0,0
315222,0,0
69498,0,0
-301395,0,0
-428526,0,0
-494189,0,0
-540268,0,0
-306469,0,0
92084,0,0
491252,0,0
592938,0,0
276490,0,0
-129994,0,0
-481601,0,0
-596601,0,0
-555352,0,0
-437776,0,0
17945,0,0
423837,0,0
485211,0,0
329544,0,0
15885,0,0
-455015,0,0
-627113,0,0
-571200,0,0
-549842,0,0
-237797,0,0
158184,0,0
311016,0,0
347703,0,0
125356,0,0
-228131,0,0
-495499,0,0
-604471,0,0
-649424,0,0
-490475,0,0
-180822,0,0
157150,0,0
343828,0,0
328160,0,0
88557,0,0
-281537,0,0
-570332,0,0
-667134,0,0
-637937,0,0
-396962,0,0
36123,0,0
363909,0,0
322975,0,0
217019,0,0
-67958,0,0
-379629,0,0
-562357,0,0
-628646,0,0
-594702,0,0
-148387,0,0
183451,0,0
439045,0,0
562381,0,0
276448,0,0
-278172,0,0
-627078,0,0
-664411,0,0
-580315,0,0
-372610,0,0
-24641,0,0
355965,0,0
469132,0,0
201520,0,0
-131372,0,0
-465751,0,0
-575240,0,0
-586123,0,0
-536154,0,0
-248876,0,0
126341,0,0
314228,0,0
404443,0,0
129360,0,0
-303597,0,0
-566998,0,0
-479948,0,0
-615896,0,0
-515211,0,0
12806,0,0
288741,0,0
334768,0,0
214902,0,0
-76134,0,0
-361131,0,0
-526099,0,0
-614700,0,0
-560132,0,0
-370558,0,0
-115,0,0
423484,0,0
457198,0,0
281268,0,0
-81809,0,0
-465319,0,0
-578786,0,0
-536486,0,0
-518090,0,0
-143224,0,0
321797,0,0
502714,0,0
425072,0,0
76710,0,0
-315764,0,0
-422756,0,0
-520561,0,0
-520046,0,0
-207718,0,0
147632,0,0
357915,0,0
458994,0,0
253676,0,0
-124146,0,0
-464079,0,0
-613768,0,0
-565532,0,0
-451771,0,0
-3978,0,0
357299,0,0
356085,0,0
190333,0,0
-28169,0,0
-362724,0,0
-562272,0,0
-555254,0,0
-603929,0,0
-351639,0,0
84764,0,0
311068,0,0
294527,0,0
223208,0,0
-138194,0,0
-515120,0,0
-527549,0,0
-553357,0,0
-606158,0,0
-220245,0,0
121493,0,0
280857,0,0
345973,0,0
89542,0,0
-279951,0,0
-499426,0,0
-623837,0,0
-612566,0,0
-460504,0,0
-66990,0,0
266442,0,0
257149,0,0
224484,0,0
40449,0,0
-342741,0,0
-591157,0,0
-592944,0,0
-552776,0,0
-333173,0,0
-16857,0,0
263658,0,0
400779,0,0
275297,0,0
-113389,0,0
-429462,0,0
-453959,0,0
-641208,0,0
-602192,0,0
-274974,0,0
222127,0,0
481283,0,0
435292,0,0
166201,0,0
-214900,0,0
-474359,0,0
-553979,0,0
-538480,0,0
-396108,0,0
158104,0,0
434478,0,0
382624,0,0
250559,0,0
-69590,0,0
-450007,0,0
-513088,0,0
-535811,0,0
-581293,0,0
-188340,0,0
299724,0,0
532417,0,0
295314,0,0
3543,0,0
-346818,0,0
-456042,0,0
-534657,0,0
-563881,0,0
-381946,0,0
-46715,0,0
266976,0,0
357468,0,0
205557,0,0
-26740,0,0
-300224,0,0
-494517,0,0
-680664,0,0
-591573,0,0
-289457,0,0
153045,0,0
393210,0,0
389936,0,0
139626,0,0
-245738,0,0
-594694,0,0
-589531,0,0
-646080,0,0
-547425,0,0
-144402,0,0
238761,0,0
405047,0,0
343275,0,0
-8550,0,0
-453837,0,0
-576103,0,0
-641211,0,0
-596544,0,0
-374314,0,0
-33197,0,0
281736,0,0
351269,0,0
193544,0,0
-124290,0,0
-385967,0,0
-519555,0,0
-453272,0,0
-566664,0,0
-310762,0,0
72461,0,0
318527,0,0
464157,0,0
200758,0,0
-199657,0,0
-549642,0,0
-585105,0,0
-611371,0,0
-443888,0,0
-72203,0,0
364334,0,0
470396,0,0
265630,0,0
-53203,0,0
-451031,0,0
-612407,0,0
-535517,0,0
-408272,0,0
-319304,0,0
68501,0,0
319516,0,0
256945,0,0
186048,0,0
-110390,0,0
-445830,0,0
-558345,0,0
-568602,0,0
-591776,0,0
-211704,0,0
144746,0,0
288723,0,0
347041,0,0
132641,0,0
-211465,0,0
-519289,0,0
-594160,0,0
-607713,0,0
-452941,0,0
-154648,0,0
229179,0,0
436463,0,0
256906,0,0
-32071,0,0
-364152,0,0
-559222,0,0
-653965,0,0
-605140,0,0
-440537,0,0
8322,0,0
326728,0,0
209232,0,0
145469,0,0
-118206,0,0
-424758,0,0
-601025,0,0
-616873,0,0
-627217,0,0
-317208,0,0
34375,0,0
292492,0,0
445735,0,0
115090,0,0
-207032,0,0
-531946,0,0
-579334,0,0
-534997,0,0
-477218,0,0
-218220,0,0
214712,0,0
395305,0,0
327118,0,0
113639,0,0
-281772,0,0
-483010,0,0
-463801,0,0
-501787,0,0
-414894,0,0
15665,0,0
294764,0,0
526850,0,0
419518,0,0
32572,0,0
-363451,0,0
-520098,0,0
-544532,0,0
-432855,0,0
-34620,0,0
260604,0,0
447917,0,0
384411,0,0
131794,0,0
-189257,0,0
-450865,0,0
-513697,0,0
-508520,0,0
-387502,0,0
-29310,0,0
297490,0,0
420985,0,0
233913,0,0
-80711,0,0
-440597,0,0
-481583,0,0
-596449,0,0
-588678,0,0
-306512,0,0
64575,0,0
233981,0,0
268966,0,0
113124,0,0
-237832,0,0
-443456,0,0
-488291,0,0
-532166,0,0
-557192,0,0
-245238,0,0
39070,0,0
303361,0,0
274919,0,0
105593,0,0
-195166,0,0
-470582,0,0
-646977,0,0
-624973,0,0
-445265,0,0
-94181,0,0
311418,0,0
435348,0,0
349922,0,0
9733,0,0
-418318,0,0
-531558,0,0
-518827,0,0
-498512,0,0
-181558,0,0
251373,0,0
400576,0,0
448840,0,0
190919,0,0
-182926,0,0
-413904,0,0
-450182,0,0
-484965,0,0
-377850,0,0
30469,0,0
357494,0,0
472201,0,0
259042,0,0
-5799,0,0
-349710,0,0
-508076,0,0
-431251,0,0
-446261,0,0
-168533,0,0
206105,0,0
460660,0,0
418260,0,0
196749,0,0
-196475,0,0
-436645,0,0
-495887,0,0
-564594,0,0
-328003,0,0
95672,0,0
368287,0,0
444317,0,0
272555,0,0
-135886,0,0
-437541,0,0
-363795,0,0
-500300,0,0
-463651,0,0
-163852,0,0
170315,0,0
411144,0,0
368256,0,0
153205,0,0
-98106,0,0
-400550,0,0
-512870,0,0
-408541,0,0
-263999,0,0
174500,0,0
379725,0,0
459037,0,0
286525,0,0
37159,0,0
-249664,0,0
-402860,0,0
-497932,0,0
-480426,0,0
-3983,0,0
355862,0,0
461706,0,0
276967,0,0
11802,0,0
-368342,0,0
-507577,0,0
-588176,0,0
-566942,0,0
-217469,0,0
191220,0,0
427174,0,0
355626,0,0
98606,0,0
-286976,0,0
-534464,0,0
-673253,0,0
-526102,0,0
-386785,0,0
-87755,0,0
322985,0,0
368206,0,0
186229,0,0
-109889,0,0
-393792,0,0
-631624,0,0
-632078,0,0
-579068,0,0
-366266,0,0
24616,0,0
168905,0,0
391069,0,0
191189,0,0
-197317,0,0
-574282,0,0
-633430,0,0
-591752,0,0
-497016,0,0
-244040,0,0
51105,0,0
357653,0,0
334158,0,0
113756,0,0
-286097,0,0
-540600,0,0
-588590,0,0
-579954,0,0
-480447,0,0
-47986,0,0
354220,0,0
484558,0,0
331610,0,0
-28761,0,0
-438463,0,0
-598746,0,0
-581070,0,0
-598548,0,0
-244072,0,0
181366,0,0
362323,0,0
401027,0,0
159700,0,0
-181843,0,0
-490503,0,0
-547000,0,0
-598489,0,0
-406521,0,0
-52989,0,0
304516,0,0
434764,0,0
280086,0,0
15059,0,0
-361465,0,0
-592399,0,0
-592630,0,0
-553541,0,0
-326207,0,0
139044,0,0
367831,0,0
379616,0,0
263031,0,0
-96047,0,0
-532873,0,0
-616065,0,0
-566916,0,0
-498195,0,0
-13441,0,0
295264,0,0
442832,0,0
313116,0,0
-59098,0,0
-379486,0,0
-542876,0,0
-552699,0,0
-519459,0,0
-202804,0,0
134974,0,0
436329,0,0
409551,0,0
154714,0,0
-152688,0,0
-385409,0,0
-356344,0,0
-344835,0,0
-321174,0,0
7580,0,0
467895,0,0
616142,0,0
463993,0,0
70770,0,0
-346584,0,0
-354385,0,0
-405909,0,0
-325361,0,0
-54040,0,0
248233,0,0
331115,0,0
351351,0,0
109882,0,0
-248512,0,0
-413908,0,0
-599823,0,0
-605914,0,0
-481852,0,0
-45631,0,0
211936,0,0
354264,0,0
117969,0,0
-132944,0,0
-380572,0,0
-652467,0,0
-686041,0,0
-624925,0,0
-391634,0,0
18240,0,0
250939,0,0
204844,0,0
121984,0,0
-179668,0,0
-550709,0,0
-721574,0,0
-723737,0,0
-608842,0,0
-205003,0,0
276762,0,0
534816,0,0
375286,0,0
-83333,0,0
-472471,0,0
-592820,0,0
-613246,0,0
-596454,0,0
-427804,0,0
-53144,0,0
263655,0,0
351233,0,0
167647,0,0
-75088,0,0
-367190,0,0
-626715,0,0
-668247,0,0
-662812,0,0
-379754,0,0
56499,0,0
415387,0,0
404658,0,0
218080,0,0
-223289,0,0
-529096,0,0
-584640,0,0
-581848,0,0
-457700,0,0
-72466,0,0
236130,0,0
440231,0,0
449067,0,0
150143,0,0
-105505,0,0
-302552,0,0
-503649,0,0
-474471,0,0
-254883,0,0
264067,0,0
592055,0,0
681987,0,0
457741,0,0
65892,0,0
-384873,0,0
-416515,0,0
-283458,0,0
-239781,0,0
223356,0,0
539464,0,0
593864,0,0
460983,0,0
132708,0,0
-391987,0,0
-505625,0,0
-547102,0,0
-555138,0,0
-123367,0,0
272613,0,0
442885,0,0
397859,0,0
132692,0,0
-251086,0,0
-463543,0,0
-634534,0,0
-632878,0,0
-441677,0,0
-65979,0,0
356203,0,0
418638,0,0
144507,0,0
-195899,0,0
-437911,0,0
-608620,0,0
-622784,0,0
-620460,0,0
-393539,0,0
-3667,0,0
191494,0,0
330306,0,0
151229,0,0
-238149,0,0
-600960,0,0
-656416,0,0
-727697,0,0
-581963,0,0
-122857,0,0
156480,0,0
340712,0,0
201955,0,0
-44910,0,0
-318992,0,0
-471838,0,0
-619947,0,0
-586429,0,0
-451929,0,0
-85695,0,0
313563,0,0
443772,0,0
272999,0,0
-48716,0,0
-331797,0,0
-526601,0,0
-564970,0,0
-573186,0,0
-231702,0,0
239878,0,0
417250,0,0
404269,0,0
64105,0,0
-330502,0,0
-503486,0,0
-545291,0,0
-687018,0,0
-487099,0,0
-2059,0,0
278030,0,0
400739,0,0
207224,0,0
-79354,0,0
-390385,0,0
-515843,0,0
-566722,0,0
-515832,0,0
-264914,0,0
237842,0,0
456783,0,0
291595,0,0
114936,0,0
-196082,0,0
-505952,0,0
-490032,0,0
-394898,0,0
-383616,0,0
4703,0,0
326624,0,0
426869,0,0
273494,0,0
-77782,0,0
-386978,0,0
-368371,0,0
-430816,0,0
-544430,0,0
-231314,0,0
188540,0,0
357054,0,0
329924,0,0
123112,0,0
-179348,0,0
-368602,0,0
-462798,0,0
-607064,0,0
-486528,0,0
-174974,0,0
253645,0,0
408063,0,0
296046,0,0
-1515,0,0
-380017,0,0
-537590,0,0
-598844,0,0
-601680,0,0
-323432,0,0
152451,0,0
385913,0,0
446706,0,0
200234,0,0
-215252,0,0
-503771,0,0
-583691,0,0
-601149,0,0
-452912,0,0
-55632,0,0
239586,0,0
412663,0,0
296506,0,0
8013,0,0
-319252,0,0
-536754,0,0
-654371,0,0
-574394,0,0
-259451,0,0
197748,0,0
415248,0,0
289781,0,0
106070,0,0
-205034,0,0
-478706,0,0
-515086,0,0
-532408,0,0
-483942,0,0
-172803,0,0
165346,0,0
289261,0,0
342921,0,0
65942,0,0
-362447,0,0
-524260,0,0
-578359,0,0
-569388,0,0
-348658,0,0
116972,0,0
379461,0,0
418528,0,0
152156,0,0
-185333,0,0
-426609,0,0
-505188,0,0
-498120,0,0
-395275,0,0
-61143,0,0
357889,0,0
485509,0,0
296989,0,0
88609,0,0
-267495,0,0
-522718,0,0
-436047,0,0
-460431,0,0
-247268,0,0
183358,0,0
406811,0,0
401003,0,0
204946,0,0
-218761,0,0
-494850,0,0
-591370,0,0
-639520,0,0
-363276,0,0
71737,0,0
359851,0,0
357541,0,0
224533,0,0
-99434,0,0
-386433,0,0
-539888,0,0
-603277,0,0
-502121,0,0
-240803,0,0
168305,0,0
456096,0,0
396538,0,0
99328,0,0
-221326,0,0
-500054,0,0
-519674,0,0
-475142,0,0
-446468,0,0
-37432,0,0
273531,0,0
373674,0,0
354917,0,0
32912,0,0
-466814,0,0
-544452,0,0
-570547,0,0
-552969,0,0
-242130,0,0
44339,0,0
303404,0,0
428719,0,0
195501,0,0
-275023,0,0
-526601,0,0
-622817,0,0
-591303,0,0
-457115,0,0
-139282,0,0
238114,0,0
356879,0,0
238269,0,0
-29333,0,0
-322562,0,0
-586611,0,0
-569655,0,0
-597324,0,0
-394123,0,0
70840,0,0
375958,0,0
396970,0,0
206730,0,0
-52675,0,0
-378625,0,0
-469808,0,0
-585497,0,0
-499175,0,0
-130870,0,0
285653,0,0
400749,0,0
296166,0,0
133607,0,0
-122873,0,0
-496379,0,0
-689022,0,0
-635924,0,0
-336406,0,0
108301,0,0
569269,0,0
574242,0,0
286249,0,0
-115217,0,0
-426869,0,0
-581976,0,0
-525779,0,0
-513224,0,0
-77477,0,0
344019,0,0
453060,0,0
453484,0,0
243561,0,0
-201457,0,0
-410978,0,0
-531070,0,0
-616442,0,0
-304523,0,0
92793,0,0
341906,0,0
473559,0,0
216845,0,0
-141154,0,0
-419772,0,0
-642896,0,0
-583078,0,0
-293568,0,0
49957,0,0
380160,0,0
458754,0,0
289385,0,0
-21825,0,0
-368158,0,0
-542607,0,0
-533765,0,0
-523594,0,0
-257523,0,0
246716,0,0
412580,0,0
399645,0,0
134444,0,0
-256480,0,0
-547911,0,0
-499518,0,0
-579362,0,0
-439759,0,0
60552,0,0
472995,0,0
577150,0,0
302484,0,0
-165413,0,0
-485627,0,0
-555051,0,0
-600092,0,0
-518802,0,0
-221871,0,0
121195,0,0
418863,0,0
325446,0,0
63779,0,0
-253879,0,0
-484147,0,0
-568383,0,0
-624152,0,0
-469636,0,0
-37683,0,0
463732,0,0
510104,0,0
245321,0,0
-80981,0,0
-408377,0,0
-555177,0,0
-625928,0,0
-553018,0,0
-161931,0,0
248733,0,0
407931,0,0
412948,0,0
73265,0,0
-356412,0,0
-543891,0,0
-556056,0,0
-591982,0,0
-443793,0,0
47228,0,0
342380,0,0
413056,0,0
152091,0,0
-192448,0,0
-467041,0,0
-663605,0,0
-628843,0,0
-507031,0,0
-228676,0,0
94685,0,0
262766,0,0
296919,0,0
152083,0,0
-289260,0,0
-637593,0,0
-554953,0,0
-544075,0,0
-407460,0,0
-45193,0,0
309117,0,0
447970,0,0
289737,0,0
-72907,0,0
-381099,0,0
-355792,0,0
-542841,0,0
-538134,0,0
-201807,0,0
238244,0,0
441097,0,0
402766,0,0
64095,0,0
-300952,0,0
-538063,0,0
-573275,0,0
-493742,0,0
-370282,0,0
97515,0,0
330585,0,0
247751,0,0
146896,0,0
-117963,0,0
-420563,0,0
-549130,0,0
-660579,0,0
-667690,0,0
-266103,0,0
297555,0,0
451339,0,0
261276,0,0
89041,0,0
-272409,0,0
-539243,0,0
-635111,0,0
-546847,0,0
-427164,0,0
-61517,0,0
297810,0,0
418449,0,0
313130,0,0
-24744,0,0
-324459,0,0
-510070,0,0
-475632,0,0
-429335,0,0
-310889,0,0
75244,0,0
380435,0,0
407561,0,0
185982,0,0
-151360,0,0
-527146,0,0
-517187,0,0
-670824,0,0
-496685,0,0
16956,0,0
409427,0,0
504515,0,0
382108,0,0
1495,0,0
-454989,0,0
-511531,0,0
-598518,0,0
-501354,0,0
-255715,0,0
83755,0,0
341381,0,0
415778,0,0
188969,0,0
-205623,0,0
-526888,0,0
-563108,0,0
-493135,0,0
-467023,0,0
-97618,0,0
327985,0,0
396366,0,0
311035,0,0
-1027,0,0
-463396,0,0
-639228,0,0
-532505,0,0
-516094,0,0
-223988,0,0
176797,0,0
344024,0,0
267546,0,0
93052,0,0
-248792,0,0
-505718,0,0
-565525,0,0
-659529,0,0
-543280,0,0
-35848,0,0
402105,0,0
529478,0,0
325417,0,0
-34127,0,0
-413593,0,0
-581995,0,0
-574970,0,0
-447044,0,0
-134974,0,0
259251,0,0
377802,0,0
303806,0,0
231983,0,0
-118624,0,0
-554884,0,0
-600194,0,0
-532891,0,0
-415930,0,0
-66446,0,0
192122,0,0
393651,0,0
333654,0,0
-40057,0,0
-415374,0,0
-581216,0,0
-597115,0,0
-634641,0,0
-322352,0,0
221029,0,0
373653,0,0
327142,0,0
174473,0,0
-147243,0,0
-474230,0,0
-669156,0,0
-540195,0,0
-443294,0,0
-105396,0,0
272571,0,0
361504,0,0
330805,0,0
86567,0,0
-243468,0,0
-448922,0,0
-507181,0,0
-524805,0,0
-279694,0,0
177302,0,0
492223,0,0
590795,0,0
384627,0,0
-41604,0,0
-356191,0,0
-396481,0,0
-291372,0,0
-232716,0,0
151209,0,0
429859,0,0
591026,0,0
403238,0,0
1334,0,0
-369645,0,0
-479981,0,0
-510086,0,0
-438041,0,0
-250695,0,0
47640,0,0
370134,0,0
375786,0,0
102304,0,0
-284148,0,0
-667000,0,0
-629488,0,0
-612276,0,0
-494131,0,0
-165953,0,0
213614,0,0
425663,0,0
248874,0,0
-125824,0,0
-593443,0,0
-668982,0,0
-655247,0,0
-583253,0,0
-260247,0,0
78385,0,0
395717,0,0
353153,0,0
53690,0,0
-290794,0,0
-545095,0,0
-692351,0,0
-558042,0,0
-390614,0,0
-95087,0,0
259998,0,0
382977,0,0
261876,0,0
9921,0,0
-367672,0,0
-594459,0,0
-551270,0,0
-534439,0,0
-293475,0,0
145625,0,0
406213,0,0
407966,0,0
236135,0,0
-109537,0,0
-448733,0,0
-577534,0,0
-622476,0,0
-463391,0,0
-70265,0,0
283875,0,0
512977,0,0
396750,0,0
-57874,0,0
-402258,0,0
-575367,0,0
-640958,0,0
-550075,0,0
-326192,0,0
55949,0,0
342930,0,0
380238,0,0
169484,0,0
-111286,0,0
-479947,0,0
-568685,0,0
-622702,0,0
-521395,0,0
-72376,0,0
220781,0,0
371517,0,0
304862,0,0
-197,0,0
-456236,0,0
-490284,0,0
-536984,0,0
-566981,0,0
-319308,0,0
72110,0,0
344421,0,0
441145,0,0
209033,0,0
-219320,0,0
-510298,0,0
-633335,0,0
-620333,0,0
-536332,0,0
-162166,0,0
246141,0,0
336776,0,0
274811,0,0
-1101,0,0
-380810,0,0
-669641,0,0
-664050,0,0
-653340,0,0
-475384,0,0
5494,0,0
151451,0,0
221813,0,0
220653,0,0
35482,0,0
-334266,0,0
-596389,0,0
-752721,0,0
-696405,0,0
-431643,0,0
-20084,0,0
346579,0,0
444941,0,0
246864,0,0
-114825,0,0
-473762,0,0
-691267,0,0
-663918,0,0
-525077,0,0
-152405,0,0
210010,0,0
284464,0,0
288909,0,0
135759,0,0
-169757,0,0
-505080,0,0
-591216,0,0
-695537,0,0
-479824,0,0
4645,0,0
315577,0,0
382568,0,0
287446,0,0
-39510,0,0
-414839,0,0
-622321,0,0
-726779,0,0
-535263,0,0
-208200,0,0
101370,0,0
349841,0,0
461012,0,0
250174,0,0
-117960,0,0
-492329,0,0
-615178,0,0
-501833,0,0
-275925,0,0
155116,0,0
451296,0,0
512944,0,0
387965,0,0
68818,0,0
-275025,0,0
-374915,0,0
-387227,0,0
-451004,0,0
-136215,0,0
191648,0,0
493512,0,0
520999,0,0
196840,0,0
-202915,0,0
-430702,0,0
-354773,0,0
-589640,0,0
-352154,0,0
76487,0,0
378747,0,0
391504,0,0
254026,0,0
-78821,0,0
-453772,0,0
-511864,0,0
-531168,0,0
-544809,0,0
-210455,0,0
224428,0,0
383337,0,0
350351,0,0
128043,0,0
-249338,0,0
-515306,0,0
-560926,0,0
-592309,0,0
-422217,0,0
36695,0,0
256416,0,0
348456,0,0
206731,0,0
-114090,0,0
-377780,0,0
-562443,0,0
-664798,0,0
-635006,0,0
-396123,0,0
21928,0,0
294292,0,0
329945,0,0
141734,0,0
-183847,0,0
-533533,0,0
-670506,0,0
-631160,0,0
-579230,0,0
-177329,0,0
252656,0,0
339754,0,0
347231,0,0
98960,0,0
-305735,0,0
-482315,0,0
-569386,0,0
-581722,0,0
-385163,0,0
25982,0,0
337676,0,0
507435,0,0
250880,0,0
-139623,0,0
-362036,0,0
-331299,0,0
-407454,0,0
-519772,0,0
-196789,0,0
237344,0,0
402352,0,0
427144,0,0
166509,0,0
-250143,0,0
-589358,0,0
-590343,0,0
-567085,0,0
-409099,0,0
109834,0,0
409675,0,0
392551,0,0
191774,0,0
-187901,0,0
-505044,0,0
-561421,0,0
-622019,0,0
-600146,0,0
-107389,0,0
366889,0,0
444068,0,0
310736,0,0
9320,0,0
-306837,0,0
-527790,0,0
-562769,0,0
-516943,0,0
-371967,0,0
76969,0,0
400558,0,0
409079,0,0
160834,0,0
-183139,0,0
-520212,0,0
-562624,0,0
-478317,0,0
-422945,0,0
-26624,0,0
243894,0,0
308956,0,0
327982,0,0
87492,0,0
-360048,0,0
-538478,0,0
-554655,0,0
-557387,0,0
-347187,0,0
9517,0,0
334103,0,0
391527,0,0
150689,0,0
-195032,0,0
-396590,0,0
-500703,0,0
-552782,0,0
-494711,0,0
-129932,0,0
153528,0,0
289306,0,0
340934,0,0
55417,0,0
-312362,0,0
-515801,0,0
-537583,0,0
-611096,0,0
-450088,0,0
-29959,0,0
264545,0,0
288540,0,0
176801,0,0
-136512,0,0
-473940,0,0
-616056,0,0
-658323,0,0
-602631,0,0
-342414,0,0
3224,0,0
262907,0,0
331190,0,0
148070,0,0
-199325,0,0
-483434,0,0
-641581,0,0
-636995,0,0
-578955,0,0
-195528,0,0
247970,0,0
442040,0,0
374945,0,0
96377,0,0
-319695,0,0
-571893,0,0
-540153,0,0
-583659,0,0
-351963,0,0
189789,0,0
427476,0,0
465695,0,0
317283,0,0
22627,0,0
-377780,0,0
-442366,0,0
-498033,0,0
-415436,0,0
-84375,0,0
288361,0,0
541513,0,0
401223,0,0
104726,0,0
-196741,0,0
-374350,0,0
-469913,0,0
-355571,0,0
-315420,0,0
94427,0,0
410796,0,0
435991,0,0
298335,0,0
42734,0,0
-116235,0,0
-309735,0,0
-305761,0,0
-346743,0,0
-56694,0,0
234134,0,0
393174,0,0
389836,0,0
85723,0,0
-216655,0,0
-450323,0,0
-636677,0,0
-599397,0,0
-229722,0,0
93891,0,0
261489,0,0
327276,0,0
159791,0,0
-179463,0,0
-495505,0,0
-595591,0,0
-598000,0,0
-567650,0,0
-133303,0,0
288209,0,0
352780,0,0
223112,0,0
-16344,0,0
-355665,0,0
-548497,0,0
-563791,0,0
-555226,0,0
-349029,0,0
91705,0,0
397972,0,0
417402,0,0
190118,0,0
-189219,0,0
-506572,0,0
-562741,0,0
-585655,0,0
-496327,0,0
-196400,0,0
199190,0,0
517129,0,0
281262,0,0
-32797,0,0
-326216,0,0
-522678,0,0
-649216,0,0
-590768,0,0
-505613,0,0
-135437,0,0
211687,0,0
336048,0,0
232268,0,0
-91989,0,0
-491243,0,0
-627124,0,0
-579312,0,0
-613782,0,0
-328766,0,0
65790,0,0
295928,0,0
362473,0,0
171169,0,0
-192848,0,0
-458980,0,0
-502638,0,0
-498776,0,0
-408181,0,0
10084,0,0
343707,0,0
521596,0,0
382202,0,0
8954,0,0
-326007,0,0
-441504,0,0
-418760,0,0
-329299,0,0
-143880,0,0
276707,0,0
477063,0,0
482574,0,0
252310,0,0
-91264,0,0
-454471,0,0
-523237,0,0
-517775,0,0
-393872,0,0
-79,0,0
314598,0,0
411867,0,0
237294,0,0
-102741,0,0
-419399,0,0
-584125,0,0
-563437,0,0
-409709,0,0
-8955,0,0
338407,0,0
486091,0,0
413296,0,0
115202,0,0
-191115,0,0
-394216,0,0
-445480,0,0
-394796,0,0
-243796,0,0
214427,0,0
545344,0,0
554357,0,0
248345,0,0
-111985,0,0
-413268,0,0
-510024,0,0
-497340,0,0
-497399,0,0
-124628,0,0
261547,0,0
351623,0,0
296576,0,0
464,0,0
-454297,0,0
-571729,0,0
-586497,0,0
-600706,0,0
-439022,0,0
-76416,0,0
189567,0,0
313228,0,0
69617,0,0
-298379,0,0
-514697,0,0
-608478,0,0
-713640,0,0
-618921,0,0
-371142,0,0
-48753,0,0
250134,0,0
253028,0,0
181532,0,0
-220768,0,0
-610655,0,0
-718338,0,0
-697730,0,0
-551089,0,0
-116616,0,0
315667,0,0
375583,0,0
254788,0,0
-46288,0,0
-366649,0,0
-477902,0,0
-521256,0,0
-404172,0,0
-261331,0,0
59431,0,0
341894,0,0
440359,0,0
224883,0,0
-145685,0,0
-382338,0,0
-312399,0,0
-262688,0,0
-311980,0,0
-79947,0,0
270318,0,0
461106,0,0
336138,0,0
42737,0,0
-242715,0,0
-349950,0,0
-300057,0,0
-391574,0,0
-138374,0,0
223405,0,0
409208,0,0
429668,0,0
251752,0,0
-63862,0,0
-324639,0,0
-295518,0,0
-340065,0,0
-218911,0,0
45515,0,0
283905,0,0
391375,0,0
240896,0,0
-127601,0,0
-468136,0,0
-628643,0,0
-652248,0,0
-561215,0,0
-292717,0,0
74665,0,0
293774,0,0
237849,0,0
56862,0,0
-302592,0,0
-564369,0,0
-674633,0,0
-710782,0,0
-522803,0,0
-68006,0,0
224549,0,0
292144,0,0
202219,0,0
-93836,0,0
-402703,0,0
-509206,0,0
-590563,0,0
-558942,0,0
-218349,0,0
225171,0,0
425455,0,0
368897,0,0
123387,0,0
-209169,0,0
-461762,0,0
-543119,0,0
-489886,0,0
-360628,0,0
23897,0,0
340126,0,0
425734,0,0
274418,0,0
-69400,0,0
-430185,0,0
-566292,0,0
-574854,0,0
-586116,0,0
-161030,0,0
222530,0,0
320733,0,0
328281,0,0
94868,0,0
-271154,0,0
-517021,0,0
-540784,0,0
-570650,0,0
-429784,0,0
-64250,0,0
285928,0,0
409027,0,0
235427,0,0
-103278,0,0
-389607,0,0
-489582,0,0
-550778,0,0
-609065,0,0
-344821,0,0
124884,0,0
331895,0,0
317654,0,0
116987,0,0
-242015,0,0
-588930,0,0
-490102,0,0
-367153,0,0
-430026,0,0
-42223,0,0
159898,0,0
277566,0,0
387463,0,0
96705,0,0
-403425,0,0
-548163,0,0
-516128,0,0
-373087,0,0
-54871,0,0
209590,0,0
351425,0,0
320365,0,0
88605,0,0
-231477,0,0
-343121,0,0
-352511,0,0
-391552,0,0
-263904,0,0
130510,0,0
349841,0,0
414467,0,0
330277,0,0
69856,0,0
-245547,0,0
-550781,0,0
-581785,0,0
-463795,0,0
-35225,0,0
377337,0,0
509698,0,0
443812,0,0
156608,0,0
-223157,0,0
-511964,0,0
-508982,0,0
-496565,0,0
-230109,0,0
132113,0,0
506992,0,0
601235,0,0
387604,0,0
-25993,0,0
-295485,0,0
-359207,0,0
-328394,0,0
-125553,0,0
305532,0,0
444663,0,0
512654,0,0
380407,0,0
-350,0,0
-423853,0,0
-593141,0,0
-566428,0,0
-492324,0,0
-164033,0,0
244716,0,0
470870,0,0
339194,0,0
43028,0,0
-322462,0,0
-591065,0,0
-652341,0,0
-619327,0,0
-377196,0,0
81110,0,0
347608,0,0
351361,0,0
182388,0,0
-174180,0,0
-512545,0,0
-634816,0,0
-720856,0,0
-589476,0,0
-196604,0,0
156952,0,0
494429,0,0
496562,0,0
151946,0,0
-403625,0,0
-649999,0,0
-652796,0,0
-590198,0,0
-362919,0,0
47524,0,0
348391,0,0
421735,0,0
170915,0,0
-192063,0,0
-495782,0,0
-563512,0,0
-609380,0,0
-609053,0,0
-143405,0,0
275307,0,0
449781,0,0
303938,0,0
-38500,0,0
-424802,0,0
-594324,0,0
-586893,0,0
-606393,0,0
-293269,0,0
110984,0,0
289577,0,0
361390,0,0
198599,0,0
-97574,0,0
-497482,0,0
-632660,0,0
-640106,0,0
-575271,0,0
-158132,0,0
321635,0,0
458816,0,0
296453,0,0
-44035,0,0
-378760,0,0
-526500,0,0
-548734,0,0
-421826,0,0
121662,0,0
336458,0,0
340871,0,0
360916,0,0
234660,0,0
46230,0,0
-266435,0,0
-286185,0,0
-435026,0,0
-355795,0,0
40170,0,0
313050,0,0
468938,0,0
372383,0,0
-14148,0,0
-383838,0,0
-592785,0,0
-667554,0,0
-464788,0,0
-150421,0,0
202076,0,0
436884,0,0
301844,0,0
-11614,0,0
-363691,0,0
-616790,0,0
-397447,0,0
-381754,0,0
-500542,0,0
-117495,0,0
244509,0,0
383577,0,0
260759,0,0
-69214,0,0
-486519,0,0
-660677,0,0
-618885,0,0
-532451,0,0
-167393,0,0
152843,0,0
355157,0,0
368101,0,0
95742,0,0
-166279,0,0
-262922,0,0
-354945,0,0
-559117,0,0
-409070,0,0
48145,0,0
397132,0,0
401427,0,0
155084,0,0
-137906,0,0
-442429,0,0
-501804,0,0
-539035,0,0
-494844,0,0
-247322,0,0
149362,0,0
319442,0,0
251206,0,0
44968,0,0
-266561,0,0
-452088,0,0
-512532,0,0
-495714,0,0
-425406,0,0
-41716,0,0
244956,0,0
410610,0,0
246104,0,0
-148495,0,0
-409942,0,0
-470661,0,0
-490457,0,0
-398671,0,0
-75060,0,0
266561,0,0
472873,0,0
379852,0,0
76182,0,0
-192294,0,0
-392140,0,0
-487459,0,0
-477498,0,0
-134652,0,0
318138,0,0
564618,0,0
481805,0,0
230722,0,0
-38985,0,0
-437043,0,0
-442508,0,0
-421754,0,0
-218090,0,0
74598,0,0
358204,0,0
415875,0,0
283959,0,0
17554,0,0
-358508,0,0
-427792,0,0
-512084,0,0
-532118,0,0
-156149,0,0
188696,0,0
324735,0,0
272417,0,0
-46573,0,0
-360160,0,0
-619717,0,0
-705855,0,0
-585046,0,0
-459012,0,0
-75860,0,0
264862,0,0
418606,0,0
135388,0,0
-161620,0,0
-533987,0,0
-681582,0,0
-670430,0,0
-592541,0,0
-256210,0,0
131476,0,0
364281,0,0
333397,0,0
10237,0,0
-390294,0,0
-585552,0,0
-638894,0,0
-680788,0,0
-466885,0,0
-47586,0,0
282092,0,0
361289,0,0
131740,0,0
-156246,0,0
-447993,0,0
-623696,0,0
-709808,0,0
-591224,0,0
-380028,0,0
302995,0,0
507640,0,0
270224,0,0
34916,0,0
-314646,0,0
-597303,0,0
-608712,0,0
-575553,0,0
-546578,0,0
-134477,0,0
194569,0,0
329188,0,0
313373,0,0
46367,0,0
-351078,0,0
-489780,0,0
-623754,0,0
-600421,0,0
-323826,0,0
17912,0,0
333731,0,0
359404,0,0
211912,0,0
-120659,0,0
-377583,0,0
-550480,0,0
-566113,0,0
-538921,0,0
-180596,0,0
304286,0,0
480536,0,0
353072,0,0
31033,0,0
-334213,0,0
-583782,0,0
-520115,0,0
-557395,0,0
-305681,0,0
147776,0,0
378350,0,0
437098,0,0
202142,0,0
-142469,0,0
-443467,0,0
-548500,0,0
-590492,0,0
-489776,0,0
-90536,0,0
219586,0,0
424158,0,0
311471,0,0
-8986,0,0
-365418,0,0
-535136,0,0
-584574,0,0
-528121,0,0
-396292,0,0
51518,0,0
316407,0,0
358403,0,0
239715,0,0
-121232,0,0
-490576,0,0
-625565,0,0
-590908,0,0
-633595,0,0
-204018,0,0
142234,0,0
253896,0,0
349601,0,0
60689,0,0
-373483,0,0
-538927,0,0
-488658,0,0
-604946,0,0
-460819,0,0
-40674,0,0
265970,0,0
403704,0,0
237672,0,0
-66414,0,0
-379005,0,0
-514439,0,0
-608241,0,0
-564145,0,0
-301267,0,0
143547,0,0
370663,0,0
298244,0,0
148785,0,0
-174515,0,0
-491333,0,0
-611926,0,0
-599788,0,0
-463679,0,0
31955,0,0
268720,0,0
358072,0,0
339337,0,0
76817,0,0
-326124,0,0
-533465,0,0
-544743,0,0
-598373,0,0
-277650,0,0
170394,0,0
488327,0,0
412125,0,0
144618,0,0
-154003,0,0
-488034,0,0
-573459,0,0
-551534,0,0
-460088,0,0
-135461,0,0
465611,0,0
525570,0,0
309664,0,0
-2540,0,0
-387883,0,0
-542418,0,0
-553443,0,0
-610747,0,0
-277515,0,0
198630,0,0
412107,0,0
421857,0,0
186353,0,0
-171840,0,0
-435351,0,0
-551710,0,0
-577415,0,0
-443427,0,0
29465,0,0
399543,0,0
615008,0,0
400935,0,0
58964,0,0
-342275,0,0
-523037,0,0
-547558,0,0
-465136,0,0
-105370,0,0
244625,0,0
437563,0,0
382850,0,0
221088,0,0
-121165,0,0
-497506,0,0
-460046,0,0
-493070,0,0
-299669,0,0
106673,0,0
367404,0,0
383415,0,0
297196,0,0
-50317,0,0
-374874,0,0
-387234,0,0
-319565,0,0
-307199,0,0
483,0,0
330474,0,0
426790,0,0
330889,0,0
32790,0,0
-262277,0,0
-389840,0,0
-450489,0,0
-432149,0,0
-203784,0,0
238383,0,0
393343,0,0
409409,0,0
143324,0,0
-219474,0,0
-517735,0,0
-524237,0,0
-448609,0,0
-487888,0,0
-86551,0,0
217122,0,0
286954,0,0
252023,0,0
-52636,0,0
-425608,0,0
-591499,0,0
-715547,0,0
-669824,0,0
-277338,0,0
98091,0,0
218624,0,0
280020,0,0
113235,0,0
-255843,0,0
-535942,0,0
-682652,0,0
-706382,0,0
-552768,0,0
-188786,0,0
200810,0,0
296308,0,0
258179,0,0
17742,0,0
-352172,0,0
-554759,0,0
-571159,0,0
-554979,0,0
-431515,0,0
-33349,0,0
257181,0,0
329334,0,0
207917,0,0
-43847,0,0
-230983,0,0
-473899,0,0
-618225,0,0
-531492,0,0
-133333,0,0
168087,0,0
378898,0,0
357089,0,0
154894,0,0
-166920,0,0
-504135,0,0
-669686,0,0
-641522,0,0
-388441,0,0
92438,0,0
473575,0,0
435978,0,0
148601,0,0
-194604,0,0
-461746,0,0
-657556,0,0
-584448,0,0
-533378,0,0
-219861,0,0
322975,0,0
458292,0,0
314779,0,0
3627,0,0
-422363,0,0
-628480,0,0
-543889,0,0
-612789,0,0
-373691,0,0
2160,0,0
233165,0,0
451648,0,0
206361,0,0
-139895,0,0
-493457,0,0
-544242,0,0
-540947,0,0
-494031,0,0
-311018,0,0
144071,0,0
406021,0,0
325575,0,0
142933,0,0
-215254,0,0
-597395,0,0
-629221,0,0
-533503,0,0
-455838,0,0
22461,0,0
369346,0,0
411046,0,0
289690,0,0
-82064,0,0
-416092,0,0
-514726,0,0
-564332,0,0
-615103,0,0
-170821,0,0
271485,0,0
589960,0,0
551064,0,0
169770,0,0
-265714,0,0
-509960,0,0
-574048,0,0
-572376,0,0
-363281,0,0
17301,0,0
426233,0,0
487552,0,0
244177,0,0
-95894,0,0
-475459,0,0
-575345,0,0
-582978,0,0
-500761,0,0
-210227,0,0
281729,0,0
341443,0,0
301575,0,0
63356,0,0
-413340,0,0
-601021,0,0
-625647,0,0
-562369,0,0
-392320,0,0
-13854,0,0
130632,0,0
342652,0,0
264083,0,0
-74587,0,0
-456505,0,0
-647478,0,0
-639568,0,0
-563341,0,0
-307905,0,0
112106,0,0
297702,0,0
237500,0,0
109630,0,0
-189981,0,0
-483580,0,0
-598616,0,0
-611430,0,0
-560239,0,0
-184727,0,0
199720,0,0
217993,0,0
278528,0,0
54508,0,0
-279882,0,0
-482394,0,0
-615183,0,0
-663528,0,0
-497507,0,0
-98832,0,0
234159,0,0
672388,0,0
489718,0,0
-42387,0,0
-423511,0,0
-624192,0,0
-597819,0,0
-558019,0,0
-274140,0,0
177852,0,0
510212,0,0
355316,0,0
133521,0,0
-212136,0,0
-513083,0,0
-468066,0,0
-556706,0,0
-462064,0,0
-4962,0,0
344240,0,0
403228,0,0
330188,0,0
-30425,0,0
-380631,0,0
-458975,0,0
-506157,0,0
-494497,0,0
-250864,0,0
170864,0,0
411780,0,0
494662,0,0
153950,0,0
-196097,0,0
-492063,0,0
-583062,0,0
-494341,0,0
-402137,0,0
32905,0,0
326521,0,0
455932,0,0
280943,0,0
-26198,0,0
-430991,0,0
-592294,0,0
-494689,0,0
-459776,0,0
-96814,0,0
272957,0,0
411103,0,0
330342,0,0
94361,0,0
-296288,0,0
-471921,0,0
-539647,0,0
-591762,0,0
-367889,0,0
445,0,0
292882,0,0
442363,0,0
267167,0,0
-126242,0,0
-419658,0,0
-579878,0,0
-558636,0,0
-424247,0,0
-207232,0,0
166106,0,0
322892,0,0
353817,0,0
121756,0,0
-236075,0,0
-513122,0,0
-546497,0,0
-579322,0,0
-450978,0,0
58209,0,0
299520,0,0
315834,0,0
240392,0,0
-35585,0,0
-427073,0,0
-542491,0,0
-619135,0,0
-538130,0,0
-228247,0,0
119170,0,0
346840,0,0
291541,0,0
104583,0,0
-231385,0,0
-444312,0,0
-596027,0,0
-657209,0,0
-560841,0,0
-223374,0,0
250958,0,0
368168,0,0
252946,0,0
2541,0,0
-365949,0,0
-577332,0,0
-581638,0,0
-692178,0,0
-473218,0,0
-64556,0,0
135988,0,0
246245,0,0
264258,0,0
-66815,0,0
-459727,0,0
-519675,0,0
-644858,0,0
-621674,0,0
-378719,0,0
-62207,0,0
278511,0,0
321996,0,0
172151,0,0
-159774,0,0
-429927,0,0
-531727,0,0
-559976,0,0
-541111,0,0
-108740,0,0
287455,0,0
313107,0,0
378774,0,0
156554,0,0
-255292,0,0
-530364,0,0
-548968,0,0
-592515,0,0
-264944,0,0
101560,0,0
366978,0,0
505976,0,0
281782,0,0
-85415,0,0
-461339,0,0
-504477,0,0
-511812,0,0
-387109,0,0
-115052,0,0
266264,0,0
467726,0,0
364762,0,0
89454,0,0
-302314,0,0
-491347,0,0
-558165,0,0
-521089,0,0
-245601,0,0
397615,0,0
555636,0,0
485542,0,0
227917,0,0
-145617,0,0
-424205,0,0
-459662,0,0
-375373,0,0
-230555,0,0
244000,0,0
476948,0,0
660247,0,0
507556,0,0
-14610,0,0
-413259,0,0
-447984,0,0
-333248,0,0
-341730,0,0
-125009,0,0
157709,0,0
411053,0,0
393504,0,0
104624,0,0
-238507,0,0
-483754,0,0
-509437,0,0
-587087,0,0
-469479,0,0
-73001,0,0
392147,0,0
463805,0,0
279917,0,0
-63463,0,0
-463965,0,0
-577785,0,0
-576928,0,0
-573699,0,0
-273849,0,0
126564,0,0
307102,0,0
394153,0,0
173958,0,0
-222534,0,0
-508120,0,0
-517242,0,0
-601271,0,0
-509255,0,0
2720,0,0
257253,0,0
339504,0,0
190015,0,0
-81977,0,0
-307909,0,0
-444607,0,0
-378793,0,0
-498600,0,0
-300987,0,0
93422,0,0
313274,0,0
284448,0,0
205680,0,0
-93906,0,0
-515870,0,0
-539354,0,0
-582971,0,0
-476329,0,0
-20424,0,0
395764,0,0
485405,0,0
306224,0,0
-129626,0,0
-463601,0,0
-584157,0,0
-582030,0,0
-439988,0,0
-205663,0,0
93514,0,0
310827,0,0
406710,0,0
168873,0,0
-176086,0,0
-531124,0,0
-656711,0,0
-546320,0,0
-454279,0,0
-34480,0,0
364628,0,0
488122,0,0
293815,0,0
-25188,0,0
-469920,0,0
-561783,0,0
-391614,0,0
-391387,0,0
-122826,0,0
175480,0,0
470005,0,0
476474,0,0
230371,0,0
-208317,0,0
-449685,0,0
-441532,0,0
-551291,0,0
-338428,0,0
-12830,0,0
330385,0,0
461240,0,0
321703,0,0
-7685,0,0
-239481,0,0
-507438,0,0
-580056,0,0
-540574,0,0
-223234,0,0
226197,0,0
380341,0,0
297705,0,0
23196,0,0
-340293,0,0
-561596,0,0
-545552,0,0
-559463,0,0
-454799,0,0
98358,0,0
388191,0,0
407590,0,0
292082,0,0
-27134,0,0
-531096,0,0
-532935,0,0
-486224,0,0
-285427,0,0
186116,0,0
362332,0,0
432886,0,0
311247,0,0
58272,0,0
-290394,0,0
-501029,0,0
-641733,0,0
-593214,0,0
-347308,0,0
-25188,0,0
297945,0,0
296355,0,0
193602,0,0
-167736,0,0
-492196,0,0
-668504,0,0
-641511,0,0
-662089,0,0
-296104,0,0
177388,0,0
367746,0,0
297356,0,0
28065,0,0
-367142,0,0
-650199,0,0
-646818,0,0
-678650,0,0
-477287,0,0
-135289,0,0
158792,0,0
469256,0,0
348649,0,0
17239,0,0
-407992,0,0
-681762,0,0
-642938,0,0
-293015,0,0
159830,0,0
525665,0,0
745169,0,0
615775,0,0
400435,0,0
95570,0,0
-70601,0,0
44857,0,0
-933,0,0
94744,0,0
620544,0,0
793156,0,0
791669,0,0
648200,0,0
328117,0,0
102473,0,0
110691,0,0
-100866,0,0
-176456,0,0
419641,0,0
652861,0,0
702325,0,0
536200,0,0
130165,0,0
-242622,0,0
-461857,0,0
-610140,0,0
-591096,0,0
-307951,0,0
-65840,0,0
286994,0,0
248290,0,0
22923,0,0
-325072,0,0
-643933,0,0
-756206,0,0
-693549,0,0
-592459,0,0
-263051,0,0
144322,0,0
226229,0,0
145535,0,0
-145866,0,0
-539091,0,0
-730344,0,0
-716366,0,0
-768014,0,0
-560019,0,0
-160630,0,0
81726,0,0
180012,0,0
78636,0,0
-246823,0,0
-534946,0,0
-734909,0,0
-738601,0,0
-705864,0,0
-435467,0,0
-58261,0,0
253981,0,0
231200,0,0
52094,0,0
-260229,0,0
-600715,0,0
-671356,0,0
-689721,0,0
-606429,0,0
-133107,0,0
215888,0,0
216954,0,0
265954,0,0
-8335,0,0
-374753,0,0
-554067,0,0
-580192,0,0
-468715,0,0
-312459,0,0
107448,0,0
415089,0,0
505021,0,0
225369,0,0
-65702,0,0
-177090,0,0
-208671,0,0
-147095,0,0
113054,0,0
454207,0,0
763742,0,0
859821,0,0
684178,0,0
435994,0,0
242691,0,0
212933,0,0
240235,0,0
126806,0,0
372414,0,0
841720,0,0
1125689,0,0
1101105,0,0
866749,0,0
462737,0,0
138197,0,0
204231,0,0
34859,0,0
161398,0,0
335188,0,0
503165,0,0
495894,0,0
339855,0,0
92401,0,0
-258394,0,0
-463201,0,0
-746783,0,0
-683984,0,0
-413143,0,0
-87426,0,0
100708,0,0
53598,0,0
-184068,0,0
-465440,0,0
-790495,0,0
-886458,0,0
-841712,0,0
-646156,0,0
-230752,0,0
-43067,0,0
37350,0,0
31594,0,0
-296549,0,0
-713669,0,0
-854431,0,0
-847367,0,0
-815501,0,0
-488794,0,0
-126463,0,0
111733,0,0
131158,0,0
-31362,0,0
-380144,0,0
-632791,0,0
-774293,0,0
-761822,0,0
-783597,0,0
-485519,0,0
-26199,0,0
179833,0,0
164126,0,0
-72067,0,0
-424551,0,0
-710631,0,0
-722199,0,0
-844456,0,0
-735741,0,0
-253094,0,0
92880,0,0
194348,0,0
176437,0,0
-119687,0,0
-469003,0,0
-629630,0,0
-746947,0,0
-691964,0,0
-502732,0,0
-135222,0,0
215626,0,0
345722,0,0
272995,0,0
-9387,0,0
-364567,0,0
-579518,0,0
-370735,0,0
-369561,0,0
-28186,0,0
587649,0,0
830471,0,0
944655,0,0
865367,0,0
678208,0,0
371021,0,0
364569,0,0
369496,0,0
646940,0,0
1025826,0,0
1436609,0,0
1563919,0,0
1374258,0,0
1026993,0,0
751835,0,0
745536,0,0
612316,0,0
748859,0,0
1035129,0,0
1278514,0,0
1464054,0,0
1203544,0,0
926675,0,0
593144,0,0
563931,0,0
361774,0,0
313717,0,0
434116,0,0
788578,0,0
736084,0,0
490858,0,0
219154,0,0
-191900,0,0
-487392,0,0
-748192,0,0
-830408,0,0
-662257,0,0
-218055,0,0
-27338,0,0
110911,0,0
-112122,0,0
-561860,0,0
-910329,0,0
-989465,0,0
-1042534,0,0
-918224,0,0
-493871,0,0
-208203,0,0
-34165,0,0
-94371,0,0
-418715,0,0
-760430,0,0
-1021191,0,0
-1062413,0,0
-1036681,0,0
-900075,0,0
-572098,0,0
-174329,0,0
-144344,0,0
-177468,0,0
-305268,0,0
-680889,0,0
-973248,0,0
-976968,0,0
-1043030,0,0
-867990,0,0
-361512,0,0
-92069,0,0
20565,0,0
-62880,0,0
-353735,0,0
-638926,0,0
-821535,0,0
-781337,0,0
-772542,0,0
-567188,0,0
-295468,0,0
73390,0,0
178027,0,0
104636,0,0
-145559,0,0
-451700,0,0
-564081,0,0
-555341,0,0
-443181,0,0
34722,0,0
650562,0,0
799702,0,0
783558,0,0
596785,0,0
295110,0,0
267347,0,0
387777,0,0
504781,0,0
892376,0,0
1204577,0,0
1284528,0,0
1524489,0,0
1427879,0,0
1078519,0,0
960235,0,0
787604,0,0
838302,0,0
1068269,0,0
1283040,0,0
1479715,0,0
1533483,0,0
1354056,0,0
1115300,0,0
948429,0,0
604367,0,0
589598,0,0
652461,0,0
897823,0,0
1003862,0,0
1014892,0,0
795237,0,0
598318,0,0
249941,0,0
-79856,0,0
-53225,0,0
-187411,0,0
-113256,0,0
120135,0,0
341022,0,0
268126,0,0
57302,0,0
-285074,0,0
-619324,0,0
-746626,0,0
-960782,0,0
-713363,0,0
-246575,0,0
-52350,0,0
-120004,0,0
-159614,0,0
-495347,0,0
-785417,0,0
-921135,0,0
-961830,0,0
-916739,0,0
-575596,0,0
-226202,0,0
-125350,0,0
100758,0,0
-283095,0,0
-651370,0,0
-999037,0,0
-1096627,0,0
-1152874,0,0
-1025443,0,0
-606598,0,0
-230383,0,0
-70271,0,0
-112434,0,0
-404973,0,0
-826089,0,0
-1039396,0,0
-1116952,0,0
-1029992,0,0
-773687,0,0
-477537,0,0
-173486,0,0
-95150,0,0
-53697,0,0
-271330,0,0
-609767,0,0
-897949,0,0
-977366,0,0
-959050,0,0
-730937,0,0
-298649,0,0
22107,0,0
118084,0,0
67935,0,0
-268414,0,0
-655843,0,0
-671208,0,0
-769643,0,0
-779315,0,0
-373713,0,0
16109,0,0
273894,0,0
312068,0,0
79160,0,0
-177501,0,0
-159059,0,0
-292582,0,0
-295101,0,0
-175888,0,0
66129,0,0
522947,0,0
645915,0,0
384451,0,0
-13006,0,0
-217331,0,0
-375260,0,0
-387984,0,0
-319903,0,0
69483,0,0
405565,0,0
595650,0,0
664792,0,0
452373,0,0
127352,0,0
-154350,0,0
-45199,0,0
-152264,0,0
-8464,0,0
469053,0,0
734317,0,0
762635,0,0
517315,0,0
259298,0,0
-12642,0,0
-142623,0,0
-502758,0,0
-285662,0,0
110306,0,0
457197,0,0
637101,0,0
394955,0,0
-1997,0,0
-291735,0,0
-440229,0,0
-514669,0,0
-361579,0,0
-81522,0,0
295162,0,0
384069,0,0
184765,0,0
-77012,0,0
-453172,0,0
-705787,0,0
-755890,0,0
-734383,0,0
-571332,0,0
-159686,0,0
228813,0,0
193927,0,0
-104514,0,0
-452515,0,0
-731392,0,0
-785215,0,0
-869105,0,0
-760534,0,0
-304364,0,0
-33321,0,0
94107,0,0
147265,0,0
-135011,0,0
-587942,0,0
-971722,0,0
-928139,0,0
-688602,0,0
-501109,0,0
-192111,0,0
101784,0,0
118988,0,0
27435,0,0
-244038,0,0
-556564,0,0
-681405,0,0
-730495,0,0
-739047,0,0
-322772,0,0
120883,0,0
216040,0,0
215771,0,0
-13816,0,0
-392660,0,0
-642420,0,0
-675980,0,0
-612055,0,0
-524381,0,0
-213278,0,0
165719,0,0
372676,0,0
181309,0,0
-177508,0,0
-469221,0,0
-701048,0,0
-653469,0,0
-495385,0,0
-271555,0,0
173433,0,0
382169,0,0
296912,0,0
72729,0,0
-189214,0,0
-329817,0,0
-373366,0,0
-364278,0,0
-115813,0,0
425344,0,0
717911,0,0
680069,0,0
495612,0,0
213129,0,0
-125527,0,0
2791,0,0
31910,0,0
255066,0,0
695286,0,0
931744,0,0
975256,0,0
919915,0,0
673258,0,0
432734,0,0
406809,0,0
316399,0,0
378348,0,0
492254,0,0
769353,0,0
964341,0,0
932825,0,0
669679,0,0
429599,0,0
101225,0,0
-175591,0,0
-110514,0,0
-51354,0,0
246778,0,0
554848,0,0
568809,0,0
341609,0,0
65737,0,0
-373213,0,0
-599526,0,0
-778505,0,0
-863822,0,0
-419911,0,0
-106812,0,0
85245,0,0
65376,0,0
-265936,0,0
-707007,0,0
-835500,0,0
-940451,0,0
-995493,0,0
-677593,0,0
-341477,0,0
-45531,0,0
171620,0,0
34473,0,0
-389792,0,0
-701726,0,0
-946160,0,0
-941533,0,0
-803905,0,0
-409389,0,0
706,0,0
110973,0,0
71290,0,0
-121534,0,0
-431579,0,0
-735985,0,0
-744840,0,0
-717518,0,0
-579956,0,0
-161243,0,0
80756,0,0
189655,0,0
146383,0,0
-165756,0,0
-470573,0,0
-456485,0,0
-575621,0,0
-545330,0,0
-253227,0,0
74673,0,0
373024,0,0
333600,0,0
70626,0,0
-265595,0,0
-636058,0,0
-679317,0,0
-475113,0,0
-328206,0,0
107185,0,0
567279,0,0
601122,0,0
391536,0,0
74219,0,0
-134668,0,0
-289656,0,0
-277749,0,0
-265264,0,0
27376,0,0
428806,0,0
705098,0,0
597498,0,0
211799,0,0
-196794,0,0
-460283,0,0
-541147,0,0
-582801,0,0
-337940,0,0
22762,0,0
368134,0,0
417362,0,0
126337,0,0
-252483,0,0
-586987,0,0
-675892,0,0
-590241,0,0
-382870,0,0
-97784,0,0
170314,0,0
270648,0,0
187010,0,0
-46095,0,0
-458077,0,0
-688227,0,0
-679429,0,0
-676915,0,0
-397664,0,0
18124,0,0
270995,0,0
255474,0,0
57411,0,0
-294058,0,0
-640248,0,0
-691193,0,0
-691216,0,0
-617232,0,0
-237339,0,0
138218,0,0
274754,0,0
193917,0,0
-148521,0,0
-466306,0,0
-664713,0,0
-726726,0,0
-725573,0,0
-540234,0,0
-127498,0,0
233139,0,0
256570,0,0
82659,0,0
-214035,0,0
-549033,0,0
-672254,0,0
-758871,0,0
-638103,0,0
-229344,0,0
184363,0,0
312978,0,0
300434,0,0
67614,0,0
-343541,0,0
-525055,0,0
-617616,0,0
-585768,0,0
-459032,0,0
-58705,0,0
359572,0,0
509207,0,0
269196,0,0
-156118,0,0
-421688,0,0
-610616,0,0
-648969,0,0
-487834,0,0
-127757,0,0
203738,0,0
363363,0,0
344940,0,0
54652,0,0
-318953,0,0
-587687,0,0
-542432,0,0
-596576,0,0
-390532,0,0
-68484,0,0
281724,0,0
477594,0,0
281387,0,0
-127093,0,0
-513793,0,0
-633320,0,0
-623269,0,0
-560036,0,0
-230858,0,0
115036,0,0
450444,0,0
413306,0,0
56975,0,0
-291097,0,0
-496298,0,0
-613451,0,0
-596524,0,0
-443569,0,0
-20104,0,0
395473,0,0
548989,0,0
300772,0,0
-103973,0,0
-482818,0,0
-582956,0,0
-437506,0,0
-415801,0,0
-98118,0,0
203059,0,0
343993,0,0
345469,0,0
98624,0,0
-297048,0,0
-461411,0,0
-434479,0,0
-556913,0,0
-341600,0,0
15681,0,0
330263,0,0
362115,0,0
207191,0,0
-161119,0,0
-431338,0,0
-636340,0,0
-670101,0,0
-541250,0,0
-183127,0,0
223488,0,0
393922,0,0
240144,0,0
-22934,0,0
-307173,0,0
-566362,0,0
-530450,0,0
-626774,0,0
-488783,0,0
-78731,0,0
226655,0,0
387215,0,0
257171,0,0
-111448,0,0
-450711,0,0
-513145,0,0
-628445,0,0
-559555,0,0
-161959,0,0
257685,0,0
509325,0,0
464437,0,0
89203,0,0
-346874,0,0
-505235,0,0
-568850,0,0
-531135,0,0
-303549,0,0
343297,0,0
646353,0,0
570274,0,0
192300,0,0
-185622,0,0
-459000,0,0
-508488,0,0
-498774,0,0
-236384,0,0
297618,0,0
611364,0,0
653780,0,0
544777,0,0
309156,0,0
15573,0,0
-239762,0,0
-183184,0,0
-117812,0,0
