-207115,0,0
-47771,0,0
75182,0,0
21741,0,0
-32537,0,0
35786,0,0
-145075,0,0
128787,0,0
32028,0,0
-173629,0,0
100893,0,0
-9991,0,0
-90536,0,0
-35075,0,0
-37159,0,0
-35589,0,0
266329,0,0
-162423,0,0
-158289,0,0
135155,0,0
-157183,0,0
-95640,0,0
228199,0,0
125879,0,0
-116021,0,0
-46655,0,0
-145884,0,0
166037,0,0
7526,0,0
-233206,0,0
73431,0,0
-53964,0,0
-127669,0,0
69197,0,0
6707,0,0
-111472,0,0
245185,0,0
-69515,0,0
-128240,0,0
97171,0,0
-281931,0,0
-125369,0,0
157917,0,0
155286,0,0
-19518,0,0
-21280,0,0
-132139,0,0
162049,0,0
-5389,0,0
-267149,0,0
-9441,0,0
-36282,0,0
-14713,0,0
44419,0,0
21287,0,0
-62386,0,0
301189,0,0
-93244,0,0
-151763,0,0
211946,0,0
-11969,0,0
-97071,0,0
42994,0,0
124730,0,0
62263,0,0
72132,0,0
-115442,0,0
185940,0,0
131306,0,0
-102415,0,0
100579,0,0
82849,0,0
16775,0,0
90377,0,0
-58307,0,0
-68310,0,0
284853,0,0
-10564,0,0
-3597,0,0
202795,0,0
-188309,0,0
-55298,0,0
213910,0,0
145500,0,0
54444,0,0
40992,0,0
-155057,0,0
157209,0,0
126589,0,0
-118886,0,0
-3385,0,0
-64206,0,0
-51736,0,0
123247,0,0
-11196,0,0
-174486,0,0
263279,0,0
-79928,0,0
-80288,0,0
196765,0,0
-234634,0,0
-121722,0,0
140902,0,0
40923,0,0
44029,0,0
48498,0,0
-158303,0,0
209113,0,0
138499,0,0
-144980,0,0
19349,0,0
9727,0,0
-47690,0,0
45210,0,0
113333,0,0
-26653,0,0
216532,0,0
38773,0,0
21604,0,0
54838,0,0
-298246,0,0
13603,0,0
324310,0,0
171933,0,0
21131,0,0
93597,0,0
-143554,0,0
128427,0,0
123548,0,0
-123866,0,0
23550,0,0
-113338,0,0
-16897,0,0
104443,0,0
55911,0,0
-59550,0,0
192423,0,0
-160901,0,0
-32768,0,0
173356,0,0
-197034,0,0
-93046,0,0
79685,0,0
90303,0,0
184216,0,0
2617,0,0
-299557,0,0
145441,0,0
92125,0,0
-148108,0,0
6974,0,0
-33457,0,0
-63838,0,0
14141,0,0
33524,0,0
59326,0,0
216610,0,0
-146671,0,0
-150601,0,0
165747,0,0
-159220,0,0
-46121,0,0
61489,0,0
153925,0,0
42507,0,0
-51747,0,0
-164834,0,0
163716,0,0
-10452,0,0
-178932,0,0
-7130,0,0
-59403,0,0
7003,0,0
135757,0,0
-47407,0,0
-125999,0,0
315570,0,0
-27697,0,0
-189298,0,0
73857,0,0
-164712,0,0
-76884,0,0
132863,0,0
120299,0,0
158060,0,0
100032,0,0
-149044,0,0
104084,0,0
80625,0,0
-68962,0,0
67550,0,0
37775,0,0
31802,0,0
89850,0,0
10399,0,0
-42933,0,0
285770,0,0
-6708,0,0
-64302,0,0
163473,0,0
-147780,0,0
-24377,0,0
221321,0,0
159068,0,0
23126,0,0
-76291,0,0
-80726,0,0
228305,0,0
108758,0,0
-102803,0,0
72444,0,0
-100991,0,0
-146754,0,0
-5161,0,0
-79313,0,0
13006,0,0
267449,0,0
-83274,0,0
-69837,0,0
98895,0,0
-264614,0,0
-125436,0,0
117403,0,0
74983,0,0
54973,0,0
23075,0,0
-261348,0,0
26350,0,0
32607,0,0
-126039,0,0
-20764,0,0
-127806,0,0
-43452,0,0
89742,0,0
2064,0,0
-77403,0,0
125200,0,0
-173431,0,0
-108734,0,0
68891,0,0
-272493,0,0
-96312,0,0
103374,0,0
-1701,0,0
-72249,0,0
-25538,0,0
-153759,0,0
166113,0,0
42604,0,0
-212439,0,0
-100322,0,0
-122022,0,0
-48905,0,0
44187,0,0
-93559,0,0
-222765,0,0
131044,0,0
-16391,0,0
202994,0,0
291339,0,0
-347191,0,0
-237132,0,0
93927,0,0
113871,0,0
101873,0,0
45647,0,0
-34492,0,0
366935,0,0
94005,0,0
-160978,0,0
83222,0,0
89146,0,0
38504,0,0
158022,0,0
76136,0,0
69256,0,0
374498,0,0
81026,0,0
19195,0,0
192665,0,0
-63294,0,0
93801,0,0
248144,0,0
122628,0,0
154710,0,0
105226,0,0
-38611,0,0
293544,0,0
223905,0,0
-67797,0,0
-21212,0,0
35381,0,0
128252,0,0
88939,0,0
13367,0,0
100291,0,0
313798,0,0
-65171,0,0
-114922,0,0
121599,0,0
-204206,0,0
20318,0,0
268538,0,0
68522,0,0
-77788,0,0
-46278,0,0
-105419,0,0
130327,0,0
48276,0,0
-37992,0,0
58198,0,0
-108188,0,0
-186257,0,0
11131,0,0
42687,0,0
-56749,0,0
129144,0,0
-103733,0,0
-18117,0,0
53094,0,0
-320045,0,0
-121431,0,0
217301,0,0
61574,0,0
-22999,0,0
6601,0,0
-102325,0,0
82906,0,0
7766,0,0
-100966,0,0
-17220,0,0
-130288,0,0
-123501,0,0
6694,0,0
-66520,0,0
-30961,0,0
251260,0,0
-194408,0,0
-72508,0,0
89449,0,0
-202541,0,0
-147234,0,0
45089,0,0
16917,0,0
-68227,0,0
-61912,0,0
-31887,0,0
221681,0,0
45900,0,0
-140174,0,0
-35167,0,0
-99168,0,0
-104450,0,0
43754,0,0
995,0,0
98397,0,0
281067,0,0
-61708,0,0
39948,0,0
208020,0,0
-154515,0,0
-23959,0,0
184202,0,0
37617,0,0
137569,0,0
125936,0,0
56232,0,0
291450,0,0
55785,0,0
-85392,0,0
97085,0,0
119731,0,0
58972,0,0
94292,0,0
165,0,0
122658,0,0
274393,0,0
33065,0,0
1164,0,0
111228,0,0
-115479,0,0
-7806,0,0
225367,0,0
141458,0,0
50092,0,0
123019,0,0
21227,0,0
84371,0,0
4233,0,0
-56212,0,0
91578,0,0
-44677,0,0
-132246,0,0
113801,0,0
101332,0,0
210761,0,0
80664,0,0
-154299,0,0
26939,0,0
109626,0,0
-209333,0,0
-105857,0,0
119988,0,0
37622,0,0
-15840,0,0
-49977,0,0
-36010,0,0
222179,0,0
-5517,0,0
-200543,0,0
-85462,0,0
-144140,0,0
-198586,0,0
-90832,0,0
-149108,0,0
35048,0,0
155310,0,0
-168860,0,0
-132641,0,0
3334,0,0
-260686,0,0
-89564,0,0
71363,0,0
-41851,0,0
-48031,0,0
-115167,0,0
-173891,0,0
99465,0,0
23556,0,0
-69815,0,0
-26554,0,0
-71548,0,0
-122178,0,0
33552,0,0
-30791,0,0
1537,0,0
133412,0,0
-157510,0,0
-21321,0,0
34937,0,0
-252616,0,0
-72380,0,0
158188,0,0
-4302,0,0
-20063,0,0
-80032,0,0
-77257,0,0
156070,0,0
11948,0,0
-127071,0,0
-15187,0,0
-28613,0,0
-69052,0,0
-21041,0,0
-78661,0,0
101720,0,0
250645,0,0
-85207,0,0
12438,0,0
96831,0,0
-233286,0,0
-94860,0,0
245483,0,0
29702,0,0
39796,0,0
86575,0,0
15337,0,0
106224,0,0
112027,0,0
-135055,0,0
-77116,0,0
-18778,0,0
-13934,0,0
61583,0,0
-13373,0,0
39523,0,0
122427,0,0
-33529,0,0
122775,0,0
-8102,0,0
-268183,0,0
-75754,0,0
195987,0,0
48308,0,0
-11679,0,0
-55514,0,0
-65794,0,0
149653,0,0
-15835,0,0
-106047,0,0
-62879,0,0
-132053,0,0
26543,0,0
17452,0,0
-217389,0,0
78404,0,0
183409,0,0
-105551,0,0
-47180,0,0
-43291,0,0
-249288,0,0
-99678,0,0
19142,0,0
-63981,0,0
85011,0,0
-14094,0,0
-117811,0,0
35668,0,0
-25674,0,0
-106092,0,0
-131842,0,0
-200867,0,0
-218912,0,0
19601,0,0
-138421,0,0
21859,0,0
158768,0,0
-81652,0,0
-19382,0,0
-69687,0,0
-363055,0,0
-212171,0,0
92359,0,0
-3174,0,0
30311,0,0
-94645,0,0
-8595,0,0
119597,0,0
-195902,0,0
-162815,0,0
-5259,0,0
36402,0,0
-77633,0,0
-82709,0,0
-127693,0,0
53264,0,0
152993,0,0
-117904,0,0
2259,0,0
6610,0,0
-266972,0,0
-85856,0,0
163785,0,0
155000,0,0
10953,0,0
-157309,0,0
-49053,0,0
139635,0,0
80490,0,0
-35336,0,0
-334,0,0
-33592,0,0
-43986,0,0
110063,0,0
-22185,0,0
103365,0,0
111070,0,0
-58246,0,0
51650,0,0
3643,0,0
-180160,0,0
-24460,0,0
196462,0,0
20947,0,0
60874,0,0
-92786,0,0
-3051,0,0
158860,0,0
-44334,0,0
-90337,0,0
-37235,0,0
-92161,0,0
-113251,0,0
2965,0,0
-46950,0,0
185069,0,0
158650,0,0
-247325,0,0
-1929,0,0
53329,0,0
-197088,0,0
-166170,0,0
98737,0,0
-2830,0,0
36261,0,0
2650,0,0
61557,0,0
60939,0,0
-181251,0,0
-92583,0,0
-10639,0,0
-22980,0,0
-113424,0,0
5978,0,0
-41582,0,0
192078,0,0
83124,0,0
-151731,0,0
-1804,0,0
-34022,0,0
-238388,0,0
-56675,0,0
140419,0,0
-41345,0,0
74847,0,0
49526,0,0
12015,0,0
92830,0,0
-80018,0,0
-103468,0,0
-3085,0,0
18671,0,0
-88401,0,0
-21379,0,0
-35943,0,0
178716,0,0
84439,0,0
-98249,0,0
63911,0,0
71770,0,0
-188909,0,0
-17787,0,0
211664,0,0
12628,0,0
132241,0,0
-1325,0,0
4595,0,0
155393,0,0
43186,0,0
3311,0,0
-36377,0,0
28471,0,0
40482,0,0
115779,0,0
-16879,0,0
127336,0,0
114058,0,0
-96794,0,0
112027,0,0
111058,0,0
-98752,0,0
144,0,0
266891,0,0
37045,0,0
6957,0,0
-161053,0,0
19777,0,0
165030,0,0
-115991,0,0
-110918,0,0
55819,0,0
223211,0,0
50533,0,0
-25516,0,0
-162091,0,0
62430,0,0
140864,0,0
-98271,0,0
72778,0,0
43853,0,0
-198651,0,0
-74124,0,0
209387,0,0
40825,0,0
100116,0,0
-86562,0,0
-38923,0,0
92700,0,0
-73379,0,0
-35904,0,0
-14581,0,0
-23945,0,0
-36616,0,0
49839,0,0
-148784,0,0
50918,0,0
123811,0,0
-87949,0,0
8906,0,0
5580,0,0
-154639,0,0
-61044,0,0
155999,0,0
39528,0,0
98201,0,0
-29138,0,0
44654,0,0
136761,0,0
12174,0,0
704,0,0
-11711,0,0
6481,0,0
-58512,0,0
95885,0,0
-56567,0,0
98438,0,0
98901,0,0
5541,0,0
116590,0,0
-40262,0,0
-210707,0,0
3706,0,0
297617,0,0
105729,0,0
41130,0,0
-138891,0,0
28255,0,0
196320,0,0
-11665,0,0
-99912,0,0
-17100,0,0
-13942,0,0
-78295,0,0
107096,0,0
43080,0,0
188254,0,0
76526,0,0
-252804,0,0
371,0,0
-48323,0,0
-246483,0,0
-51664,0,0
226837,0,0
-10803,0,0
-59740,0,0
-257253,0,0
-48045,0,0
96917,0,0
-83811,0,0
2578,0,0
-103043,0,0
-127081,0,0
-153356,0,0
-19210,0,0
-98933,0,0
163060,0,0
71592,0,0
-199327,0,0
-42682,0,0
22381,0,0
-120102,0,0
-141728,0,0
52317,0,0
59715,0,0
72833,0,0
-157845,0,0
36458,0,0
123572,0,0
-159383,0,0
-80518,0,0
-32496,0,0
1310,0,0
-97978,0,0
79951,0,0
-49687,0,0
171917,0,0
42753,0,0
-43242,0,0
72588,0,0
-118668,0,0
-204069,0,0
20081,0,0
161017,0,0
-2206,0,0
60741,0,0
-27358,0,0
61423,0,0
59374,0,0
-66728,0,0
-51620,0,0
-61702,0,0
-98181,0,0
-101192,0,0
29207,0,0
21084,0,0
149469,0,0
-107689,0,0
-115156,0,0
292769,0,0
-131162,0,0
-329278,0,0
-25301,0,0
263622,0,0
146396,0,0
52184,0,0
-220158,0,0
15685,0,0
168515,0,0
-92269,0,0
-18122,0,0
39908,0,0
-20737,0,0
-56340,0,0
119842,0,0
28070,0,0
148014,0,0
-37183,0,0
-98115,0,0
157607,0,0
-5122,0,0
-244397,0,0
19670,0,0
238784,0,0
-52200,0,0
11957,0,0
-96315,0,0
118229,0,0
151239,0,0
-50455,0,0
85461,0,0
-4200,0,0
-55890,0,0
-58733,0,0
37889,0,0
-80577,0,0
280557,0,0
115720,0,0
-112369,0,0
61402,0,0
-32613,0,0
-134387,0,0
60232,0,0
236729,0,0
115645,0,0
16889,0,0
-212956,0,0
70577,0,0
170887,0,0
6685,0,0
9282,0,0
-68543,0,0
-45909,0,0
16378,0,0
87310,0,0
-87012,0,0
155635,0,0
22953,0,0
-66971,0,0
131330,0,0
-131525,0,0
-196617,0,0
-15345,0,0
234148,0,0
24874,0,0
-68054,0,0
-150899,0,0
84640,0,0
91740,0,0
-128370,0,0
-54668,0,0
-119172,0,0
-99177,0,0
-100356,0,0
-31713,0,0
-176675,0,0
187827,0,0
-19772,0,0
-153706,0,0
5544,0,0
-129703,0,0
-169140,0,0
-93307,0,0
-6150,0,0
-91526,0,0
24857,0,0
-140966,0,0
-18873,0,0
-8677,0,0
-208654,0,0
-87480,0,0
15559,0,0
-137965,0,0
-196726,0,0
-25959,0,0
-59941,0,0
127833,0,0
-111466,0,0
-114554,0,0
124007,0,0
-167631,0,0
-323247,0,0
-142095,0,0
137236,0,0
77754,0,0
105310,0,0
-172338,0,0
86026,0,0
78739,0,0
-104160,0,0
-40027,0,0
-54222,0,0
-457,0,0
-72658,0,0
27792,0,0
97379,0,0
424671,0,0
61786,0,0
-126172,0,0
189970,0,0
56922,0,0
-22602,0,0
64767,0,0
234451,0,0
60509,0,0
79595,0,0
-73,0,0
300329,0,0
266958,0,0
-94692,0,0
162853,0,0
129982,0,0
-19703,0,0
-35785,0,0
114473,0,0
51475,0,0
330410,0,0
84357,0,0
-81824,0,0
210102,0,0
-21074,0,0
-60705,0,0
179735,0,0
224864,0,0
64343,0,0
105084,0,0
-115623,0,0
156961,0,0
180151,0,0
-69161,0,0
125389,0,0
62536,0,0
-24529,0,0
-25763,0,0
54110,0,0
-120151,0,0
221639,0,0
-34875,0,0
-86626,0,0
192629,0,0
-145127,0,0
-229748,0,0
-17121,0,0
21432,0,0
-46169,0,0
2893,0,0
-315406,0,0
-29356,0,0
50254,0,0
-207266,0,0
-115974,0,0
-200800,0,0
-191785,0,0
-187790,0,0
-88355,0,0
-223787,0,0
84925,0,0
-138206,0,0
-264999,0,0
-11286,0,0
-228361,0,0
-302592,0,0
-167317,0,0
-24597,0,0
-70923,0,0
-78166,0,0
-316016,0,0
-6176,0,0
124729,0,0
-230055,0,0
-161797,0,0
-235478,0,0
-142049,0,0
21509,0,0
102789,0,0
-172427,0,0
101960,0,0
-69143,0,0
-209192,0,0
107064,0,0
-28205,0,0
-247036,0,0
-79732,0,0
193026,0,0
46762,0,0
123479,0,0
-62303,0,0
26515,0,0
109008,0,0
-113675,0,0
-64600,0,0
-87458,0,0
-30149,0,0
28605,0,0
91645,0,0
-78304,0,0
120285,0,0
11852,0,0
54479,0,0
295371,0,0
-130583,0,0
-122191,0,0
53427,0,0
106831,0,0
28836,0,0
247340,0,0
22813,0,0
202330,0,0
303669,0,0
-56282,0,0
48416,0,0
29389,0,0
46297,0,0
157335,0,0
204663,0,0
-42298,0,0
281855,0,0
47810,0,0
74693,0,0
361668,0,0
-3154,0,0
-95590,0,0
50498,0,0
161515,0,0
71929,0,0
100060,0,0
-76028,0,0
195066,0,0
150489,0,0
-74816,0,0
-20161,0,0
-62182,0,0
-7034,0,0
110544,0,0
44582,0,0
-145917,0,0
231503,0,0
27272,0,0
-98414,0,0
48294,0,0
-133710,0,0
-78998,0,0
-62647,0,0
33006,0,0
7473,0,0
91337,0,0
-192195,0,0
67106,0,0
107555,0,0
-200142,0,0
-96985,0,0
-138096,0,0
-159048,0,0
-40357,0,0
49655,0,0
-97509,0,0
139923,0,0
-24658,0,0
-167308,0,0
-9088,0,0
-229054,0,0
-117274,0,0
58924,0,0
118486,0,0
-62893,0,0
-1551,0,0
-189686,0,0
132937,0,0
76774,0,0
-207985,0,0
-15232,0,0
-97053,0,0
-4460,0,0
60393,0,0
120015,0,0
-154807,0,0
199065,0,0
-3010,0,0
-138112,0,0
109250,0,0
-199773,0,0
-149511,0,0
227049,0,0
273917,0,0
47229,0,0
-47036,0,0
-213523,0,0
159811,0,0
131015,0,0
-169711,0,0
140359,0,0
8538,0,0
-41858,0,0
29957,0,0
35565,0,0
-75792,0,0
220276,0,0
-1111,0,0
-18379,0,0
315428,0,0
-115649,0,0
-246224,0,0
-55059,0,0
161824,0,0
136249,0,0
117861,0,0
-105706,0,0
184002,0,0
113074,0,0
-153090,0,0
98432,0,0
-26202,0,0
-117032,0,0
-134306,0,0
-27385,0,0
-32032,0,0
300507,0,0
-61564,0,0
-204664,0,0
124118,0,0
-63888,0,0
-105469,0,0
-566,0,0
-32362,0,0
-121490,0,0
1662,0,0
-226610,0,0
33851,0,0
147701,0,0
-118626,0,0
-109516,0,0
-200240,0,0
-136062,0,0
-28002,0,0
-13320,0,0
-139495,0,0
158282,0,0
-38675,0,0
-75455,0,0
93640,0,0
-316638,0,0
-201099,0,0
137680,0,0
94830,0,0
-130943,0,0
23683,0,0
-184328,0,0
109514,0,0
71336,0,0
-182795,0,0
-30199,0,0
-149124,0,0
-95710,0,0
13463,0,0
19840,0,0
-24732,0,0
239564,0,0
-130792,0,0
-96210,0,0
142764,0,0
-37775,0,0
-83834,0,0
27316,0,0
126299,0,0
49735,0,0
125277,0,0
-154430,0,0
179116,0,0
199042,0,0
-2086,0,0
105031,0,0
-70805,0,0
31441,0,0
143151,0,0
117349,0,0
-52390,0,0
251482,0,0
-48535,0,0
-19519,0,0
267161,0,0
-17465,0,0
102462,0,0
171568,0,0
93841,0,0
72094,0,0
149455,0,0
-147750,0,0
189029,0,0
221043,0,0
-79910,0,0
86331,0,0
-13429,0,0
7786,0,0
43299,0,0
36380,0,0
-85432,0,0
293348,0,0
-51432,0,0
-129832,0,0
161856,0,0
-116799,0,0
-146587,0,0
168,0,0
410,0,0
-40149,0,0
73519,0,0
-216304,0,0
63542,0,0
25981,0,0
-281470,0,0
-82848,0,0
-175476,0,0
-129839,0,0
-39246,0,0
-108431,0,0
-240628,0,0
224142,0,0
-69413,0,0
-111630,0,0
121438,0,0
-313984,0,0
-318405,0,0
-64484,0,0
93286,0,0
39483,0,0
33685,0,0
-268034,0,0
155526,0,0
16089,0,0
-235055,0,0
121156,0,0
9023,0,0
-54366,0,0
-28502,0,0
-9459,0,0
-4322,0,0
309211,0,0
-109785,0,0
-56182,0,0
271237,0,0
-105695,0,0
-146012,0,0
72645,0,0
219143,0,0
96221,0,0
209967,0,0
-42530,0,0
182586,0,0
200665,0,0
-161798,0,0
36487,0,0
29547,0,0
32216,0,0
43040,0,0
57127,0,0
-75177,0,0
494590,0,0
137702,0,0
137507,0,0
240183,0,0
-214946,0,0
-133803,0,0
174260,0,0
294236,0,0
89021,0,0
180245,0,0
-35982,0,0
207004,0,0
118427,0,0
-109562,0,0
148131,0,0
-4892,0,0
4053,0,0
153790,0,0
140268,0,0
-53270,0,0
231381,0,0
-15919,0,0
-124291,0,0
191296,0,0
-149302,0,0
-134940,0,0
124588,0,0
124279,0,0
-16142,0,0
8474,0,0
-142933,0,0
193442,0,0
45807,0,0
-226114,0,0
-9516,0,0
-113495,0,0
-105149,0,0
-24431,0,0
9788,0,0
-130440,0,0
216719,0,0
-107757,0,0
-153008,0,0
152309,0,0
-242663,0,0
-143297,0,0
95293,0,0
69912,0,0
-58952,0,0
-14611,0,0
-161861,0,0
190755,0,0
168957,0,0
-180460,0,0
16491,0,0
-100155,0,0
-109845,0,0
-3423,0,0
118834,0,0
-68921,0,0
149360,0,0
-11291,0,0
-83663,0,0
166084,0,0
-165888,0,0
-95654,0,0
104866,0,0
95071,0,0
64554,0,0
8650,0,0
-234911,0,0
114080,0,0
76602,0,0
-169504,0,0
146599,0,0
-43137,0,0
-101262,0,0
60086,0,0
44286,0,0
-80835,0,0
212673,0,0
-120669,0,0
-61037,0,0
197462,0,0
-201894,0,0
-69405,0,0
73086,0,0
92624,0,0
-86705,0,0
14466,0,0
-128298,0,0
251306,0,0
177398,0,0
-204041,0,0
-27709,0,0
-63859,0,0
-108456,0,0
-18290,0,0
-15533,0,0
-53788,0,0
288438,0,0
-99929,0,0
-115090,0,0
160789,0,0
-249880,0,0
-120867,0,0
120778,0,0
75296,0,0
52404,0,0
17234,0,0
-329012,0,0
114292,0,0
123832,0,0
-234561,0,0
-69819,0,0
-71652,0,0
-160641,0,0
-97430,0,0
-36680,0,0
-96721,0,0
221402,0,0
-192795,0,0
-146165,0,0
56907,0,0
-314725,0,0
-134730,0,0
52519,0,0
66191,0,0
12844,0,0
-64420,0,0
-318440,0,0
73203,0,0
149554,0,0
-225680,0,0
-36329,0,0
-95526,0,0
-99933,0,0
-33086,0,0
-31915,0,0
-85017,0,0
309556,0,0
-91522,0,0
-135553,0,0
161093,0,0
-156850,0,0
-160467,0,0
32469,0,0
45761,0,0
96080,0,0
93630,0,0
-168964,0,0
85902,0,0
71488,0,0
-201527,0,0
46040,0,0
10904,0,0
-70128,0,0
13948,0,0
433,0,0
-18596,0,0
279726,0,0
-134768,0,0
-125822,0,0
166837,0,0
-239391,0,0
-83052,0,0
145038,0,0
120296,0,0
145285,0,0
121616,0,0
-185437,0,0
188711,0,0
99046,0,0
-202170,0,0
15240,0,0
12765,0,0
10825,0,0
13674,0,0
1263,0,0
-59804,0,0
303910,0,0
-1343,0,0
-144075,0,0
162872,0,0
-36488,0,0
-2970,0,0
87784,0,0
-10064,0,0
-56295,0,0
6757,0,0
-208772,0,0
147686,0,0
168335,0,0
-117497,0,0
8511,0,0
-45361,0,0
-104378,0,0
-1637,0,0
16788,0,0
29968,0,0
378802,0,0
-115667,0,0
-148139,0,0
189957,0,0
-218819,0,0
-120153,0,0
142039,0,0
193210,0,0
81408,0,0
-62192,0,0
-164785,0,0
298760,0,0
167136,0,0
-135967,0,0
-9338,0,0
-47225,0,0
-18434,0,0
64364,0,0
-7634,0,0
-94671,0,0
263984,0,0
-106170,0,0
-62898,0,0
261741,0,0
-162402,0,0
-126020,0,0
168053,0,0
89103,0,0
11905,0,0
90274,0,0
-116231,0,0
139568,0,0
55344,0,0
-110058,0,0
81113,0,0
-44320,0,0
-32406,0,0
67636,0,0
-25355,0,0
-61336,0,0
281474,0,0
-27971,0,0
-44425,0,0
27436,0,0
-208913,0,0
-8717,0,0
169098,0,0
92901,0,0
42319,0,0
94236,0,0
-105837,0,0
156627,0,0
33195,0,0
-217573,0,0
64063,0,0
71103,0,0
10741,0,0
116420,0,0
5556,0,0
-46131,0,0
267294,0,0
-10762,0,0
-13562,0,0
148875,0,0
-180412,0,0
24456,0,0
185221,0,0
84033,0,0
28778,0,0
88316,0,0
-117763,0,0
197692,0,0
124681,0,0
-182404,0,0
-21574,0,0
-75655,0,0
-106668,0,0
138340,0,0
25673,0,0
-145267,0,0
176050,0,0
-130996,0,0
-66890,0,0
147426,0,0
-238069,0,0
-177923,0,0
81214,0,0
23488,0,0
-35112,0,0
76330,0,0
-133406,0,0
70654,0,0
8024,0,0
-153034,0,0
48983,0,0
-53069,0,0
-117087,0,0
1037,0,0
-18824,0,0
-29035,0,0
276412,0,0
-110422,0,0
-110127,0,0
125616,0,0
-242337,0,0
-111593,0,0
165307,0,0
92036,0,0
61047,0,0
101952,0,0
-152468,0,0
137434,0,0
37872,0,0
-169722,0,0
36682,0,0
-38495,0,0
-127596,0,0
-4778,0,0
-8161,0,0
-57373,0,0
245141,0,0
28953,0,0
102260,0,0
178412,0,0
-239573,0,0
-114068,0,0
142369,0,0
72901,0,0
5462,0,0
147766,0,0
8601,0,0
176132,0,0
66782,0,0
-148814,0,0
48328,0,0
67247,0,0
38156,0,0
182633,0,0
176401,0,0
36354,0,0
139558,0,0
-169367,0,0
-22797,0,0
191198,0,0
-41142,0,0
-12957,0,0
138474,0,0
47205,0,0
112439,0,0
174249,0,0
-62186,0,0
129619,0,0
-9496,0,0
-204644,0,0
-29507,0,0
4268,0,0
-11993,0,0
67761,0,0
-30560,0,0
3750,0,0
188658,0,0
-90542,0,0
-85028,0,0
41904,0,0
-268386,0,0
-159397,0,0
121486,0,0
87335,0,0
28893,0,0
-32868,0,0
-79552,0,0
101426,0,0
-42043,0,0
-209040,0,0
6579,0,0
-20659,0,0
-144177,0,0
38315,0,0
-78495,0,0
-31950,0,0
232077,0,0
-105584,0,0
-35946,0,0
61448,0,0
-265740,0,0
-92414,0,0
97229,0,0
113932,0,0
55066,0,0
-26070,0,0
-71165,0,0
155668,0,0
18040,0,0
-123084,0,0
88018,0,0
698,0,0
-124768,0,0
70542,0,0
89556,0,0
75615,0,0
205341,0,0
-135872,0,0
41524,0,0
179045,0,0
-103572,0,0
48994,0,0
138133,0,0
48141,0,0
102570,0,0
72505,0,0
11554,0,0
255204,0,0
25068,0,0
-90315,0,0
53898,0,0
-33952,0,0
-22835,0,0
154618,0,0
59666,0,0
28624,0,0
260508,0,0
-117383,0,0
-13131,0,0
185537,0,0
-228090,0,0
-161187,0,0
230236,0,0
100233,0,0
98281,0,0
34333,0,0
-92087,0,0
73652,0,0
9949,0,0
-83479,0,0
50325,0,0
-4999,0,0
-162905,0,0
-82455,0,0
-86677,0,0
14563,0,0
239479,0,0
-67455,0,0
-42997,0,0
-1821,0,0
-313567,0,0
-126327,0,0
107915,0,0
2481,0,0
1867,0,0
53280,0,0
-159614,0,0
30059,0,0
-38932,0,0
-140977,0,0
-23512,0,0
-44931,0,0
-87260,0,0
18367,0,0
-114529,0,0
-76703,0,0
120289,0,0
-165138,0,0
-40169,0,0
94111,0,0
-193083,0,0
-112001,0,0
87889,0,0
106266,0,0
9450,0,0
-29778,0,0
-119440,0,0
105195,0,0
-50394,0,0
-117846,0,0
122441,0,0
61164,0,0
-65856,0,0
122494,0,0
58899,0,0
58563,0,0
160450,0,0
-91566,0,0
141180,0,0
218139,0,0
-204889,0,0
24089,0,0
271590,0,0
63181,0,0
53840,0,0
89454,0,0
25294,0,0
154730,0,0
84696,0,0
94908,0,0
60152,0,0
2291,0,0
22391,0,0
99803,0,0
1297,0,0
118592,0,0
303230,0,0
-59931,0,0
82927,0,0
146294,0,0
-221977,0,0
-15469,0,0
214411,0,0
136620,0,0
79549,0,0
33796,0,0
-46002,0,0
149662,0,0
-39718,0,0
-140782,0,0
80551,0,0
45889,0,0
-134740,0,0
-63396,0,0
-61027,0,0
65735,0,0
116705,0,0
-164379,0,0
-81227,0,0
-25428,0,0
-276363,0,0
-184449,0,0
108410,0,0
-21506,0,0
-76759,0,0
-76703,0,0
-109944,0,0
30356,0,0
-178022,0,0
-281650,0,0
-84472,0,0
-89663,0,0
-196717,0,0
-103195,0,0
-98981,0,0
1327,0,0
25642,0,0
-252448,0,0
-56990,0,0
109275,0,0
-321435,0,0
-219510,0,0
60008,0,0
-57389,0,0
-28760,0,0
-92289,0,0
-76708,0,0
95100,0,0
43839,0,0
-127249,0,0
-125020,0,0
-110738,0,0
-107256,0,0
-47667,0,0
-86185,0,0
64768,0,0
90409,0,0
-179073,0,0
6628,0,0
65877,0,0
-333834,0,0
-136793,0,0
131845,0,0
47133,0,0
-141450,0,0
-92126,0,0
-15595,0,0
100139,0,0
-118728,0,0
-180463,0,0
-5870,0,0
-7413,0,0
-106959,0,0
96844,0,0
49459,0,0
-95025,0,0
12773,0,0
-114001,0,0
11012,0,0
62140,0,0
-296790,0,0
-45194,0,0
267526,0,0
46394,0,0
-5646,0,0
-36000,0,0
-41611,0,0
159701,0,0
-3039,0,0
-112782,0,0
-8778,0,0
-63072,0,0
-34332,0,0
139863,0,0
132049,0,0
39944,0,0
53333,0,0
-153865,0,0
85539,0,0
141297,0,0
-161299,0,0
-40556,0,0
265807,0,0
104018,0,0
13715,0,0
-84271,0,0
38626,0,0
201403,0,0
-31256,0,0
-8690,0,0
82376,0,0
-44986,0,0
-96580,0,0
42835,0,0
-26838,0,0
32590,0,0
70678,0,0
-40384,0,0
24287,0,0
-33578,0,0
-253206,0,0
-77238,0,0
185646,0,0
78095,0,0
38217,0,0
-73864,0,0
-152778,0,0
7069,0,0
-107775,0,0
-130586,0,0
53244,0,0
42422,0,0
-188707,0,0
-80727,0,0
-120771,0,0
25007,0,0
73154,0,0
-195342,0,0
-84188,0,0
-15185,0,0
-201446,0,0
-168968,0,0
36052,0,0
-36688,0,0
21215,0,0
-96058,0,0
-144896,0,0
-27267,0,0
-155319,0,0
-59328,0,0
116234,0,0
-49112,0,0
-168299,0,0
-36838,0,0
-122946,0,0
34862,0,0
131742,0,0
-91611,0,0
49347,0,0
-48312,0,0
-311819,0,0
-31791,0,0
195202,0,0
10129,0,0
106756,0,0
-69695,0,0
-113368,0,0
58880,0,0
-70260,0,0
-25621,0,0
19303,0,0
-83315,0,0
-123361,0,0
52656,0,0
-51586,0,0
66514,0,0
135253,0,0
-12482,0,0
92567,0,0
20070,0,0
-287561,0,0
-59390,0,0
161662,0,0
72523,0,0
95591,0,0
-74902,0,0
14718,0,0
241491,0,0
-4789,0,0
532,0,0
64124,0,0
-68330,0,0
-101466,0,0
105896,0,0
-15131,0,0
136070,0,0
177771,0,0
-85024,0,0
35709,0,0
49987,0,0
-132411,0,0
87771,0,0
240877,0,0
133279,0,0
23752,0,0
-125694,0,0
23432,0,0
246677,0,0
71874,0,0
-39612,0,0
-32716,0,0
77579,0,0
79868,0,0
94459,0,0
36919,0,0
230752,0,0
77934,0,0
-89053,0,0
135087,0,0
81658,0,0
-112100,0,0
-44155,0,0
256481,0,0
158120,0,0
150398,0,0
-54935,0,0
3524,0,0
183070,0,0
13448,0,0
49587,0,0
75090,0,0
-764,0,0
-119124,0,0
40475,0,0
-71245,0,0
141909,0,0
141576,0,0
935,0,0
125834,0,0
-45363,0,0
-321053,0,0
-105322,0,0
192234,0,0
126727,0,0
166792,0,0
-82598,0,0
-67045,0,0
24839,0,0
-124827,0,0
-67054,0,0
24791,0,0
40044,0,0
-52780,0,0
13157,0,0
-69166,0,0
81337,0,0
50927,0,0
-99104,0,0
95801,0,0
-2038,0,0
-234905,0,0
7734,0,0
259859,0,0
70227,0,0
-19448,0,0
-181487,0,0
27099,0,0
180903,0,0
-13212,0,0
15341,0,0
950,0,0
-46289,0,0
-41149,0,0
32931,0,0
-79211,0,0
125100,0,0
178986,0,0
-60599,0,0
17152,0,0
18901,0,0
-101629,0,0
-119957,0,0
12194,0,0
30667,0,0
172161,0,0
9196,0,0
28328,0,0
101776,0,0
-69792,0,0
55132,0,0
80247,0,0
-73060,0,0
-59415,0,0
81090,0,0
-13649,0,0
191049,0,0
165079,0,0
-54564,0,0
126149,0,0
-22039,0,0
-199842,0,0
2599,0,0
175876,0,0
6893,0,0
115107,0,0
-65560,0,0
-26771,0,0
124723,0,0
-12087,0,0
18095,0,0
-66310,0,0
-51388,0,0
-160970,0,0
-584,0,0
-136078,0,0
111876,0,0
102351,0,0
-16608,0,0
34249,0,0
-46412,0,0
-161535,0,0
-57344,0,0
82422,0,0
-47385,0,0
23225,0,0
-121951,0,0
75940,0,0
93531,0,0
-136859,0,0
-96809,0,0
-50705,0,0
-84556,0,0
-125523,0,0
-72639,0,0
6995,0,0
95241,0,0
-123425,0,0
-117216,0,0
110199,0,0
-174431,0,0
-317744,0,0
-38359,0,0
148029,0,0
-70529,0,0
-53831,0,0
-197535,0,0
68406,0,0
234048,0,0
-217561,0,0
-207239,0,0
-45936,0,0
94035,0,0
-70433,0,0
-43525,0,0
-49743,0,0
154881,0,0
26095,0,0
-126839,0,0
88897,0,0
-92268,0,0
-193962,0,0
-1931,0,0
221186,0,0
53253,0,0
-16931,0,0
-99566,0,0
125705,0,0
96558,0,0
-86997,0,0
29333,0,0
39453,0,0
-19543,0,0
-85449,0,0
18136,0,0
-80268,0,0
228817,0,0
164914,0,0
17181,0,0
185916,0,0
91883,0,0
-173943,0,0
-67833,0,0
214295,0,0
102824,0,0
154037,0,0
6763,0,0
149631,0,0
117171,0,0
-104807,0,0
54510,0,0
90296,0,0
52901,0,0
-31515,0,0
30202,0,0
31037,0,0
191440,0,0
60817,0,0
-23024,0,0
69005,0,0
-154506,0,0
-173278,0,0
74158,0,0
134175,0,0
-50185,0,0
19122,0,0
-141172,0,0
51831,0,0
85290,0,0
-163581,0,0
-105219,0,0
-78260,0,0
-87502,0,0
-112138,0,0
-63971,0,0
-203348,0,0
144204,0,0
60862,0,0
-178790,0,0
-49971,0,0
-259086,0,0
-243315,0,0
-51911,0,0
75523,0,0
-138133,0,0
-150125,0,0
-326775,0,0
-109996,0,0
-14787,0,0
-203677,0,0
9428,0,0
-39415,0,0
-197027,0,0
-130882,0,0
-111191,0,0
-381778,0,0
6399,0,0
-31415,0,0
-196290,0,0
53232,0,0
-124086,0,0
-132392,0,0
70015,0,0
68653,0,0
-112902,0,0
-4146,0,0
-170835,0,0
67476,0,0
189930,0,0
-17345,0,0
-16724,0,0
-49250,0,0
-5909,0,0
-23447,0,0
60118,0,0
-30614,0,0
192054,0,0
41701,0,0
-96922,0,0
172686,0,0
18473,0,0
-189622,0,0
98637,0,0
357477,0,0
112444,0,0
20894,0,0
-124247,0,0
121704,0,0
173601,0,0
-26335,0,0
17377,0,0
77008,0,0
121259,0,0
35727,0,0
193456,0,0
-13938,0,0
211786,0,0
60765,0,0
-65383,0,0
202631,0,0
84872,0,0
-48022,0,0
52257,0,0
184779,0,0
9693,0,0
103298,0,0
-59613,0,0
167195,0,0
248954,0,0
-43976,0,0
33279,0,0
-70374,0,0
-33769,0,0
64308,0,0
112978,0,0
-44081,0,0
202195,0,0
34918,0,0
-107072,0,0
183224,0,0
-48184,0,0
-131543,0,0
23324,0,0
144940,0,0
13438,0,0
20639,0,0
-148501,0,0
92551,0,0
143937,0,0
-111755,0,0
-58900,0,0
-114208,0,0
-30776,0,0
166575,0,0
79615,0,0
-166550,0,0
102513,0,0
-39745,0,0
-153076,0,0
102573,0,0
-59550,0,0
-149053,0,0
26733,0,0
169087,0,0
-54896,0,0
-11721,0,0
-98004,0,0
181118,0,0
145628,0,0
-171092,0,0
-39694,0,0
-78405,0,0
-134470,0,0
-3258,0,0
117694,0,0
-58642,0,0
233220,0,0
38033,0,0
-55064,0,0
148003,0,0
-164669,0,0
-197963,0,0
-14221,0,0
233044,0,0
46638,0,0
73491,0,0
-71847,0,0
179683,0,0
123110,0,0
-202502,0,0
45513,0,0
91007,0,0
-9206,0,0
-9774,0,0
55126,0,0
-798,0,0
247996,0,0
64218,0,0
-92979,0,0
167045,0,0
11309,0,0
-69922,0,0
105215,0,0
159841,0,0
-32437,0,0
84278,0,0
-103348,0,0
168713,0,0
163545,0,0
-79943,0,0
40736,0,0
21633,0,0
62059,0,0
-2950,0,0
38146,0,0
-58235,0,0
274954,0,0
25802,0,0
-105583,0,0
122884,0,0
-112625,0,0
-76883,0,0
157985,0,0
191284,0,0
-21540,0,0
40709,0,0
-97703,0,0
133114,0,0
235498,0,0
-6816,0,0
-12924,0,0
-195706,0,0
-85674,0,0
39404,0,0
126533,0,0
-12529,0,0
282453,0,0
-16113,0,0
-122913,0,0
123763,0,0
-90499,0,0
-125039,0,0
113474,0,0
278517,0,0
20190,0,0
-50134,0,0
-233133,0,0
76693,0,0
181371,0,0
-105189,0,0
31946,0,0
-2607,0,0
32130,0,0
-67791,0,0
58376,0,0
-63877,0,0
197247,0,0
-21162,0,0
-134430,0,0
83284,0,0
-110573,0,0
-71351,0,0
58066,0,0
112672,0,0
-54300,0,0
72251,0,0
-171259,0,0
185210,0,0
17564,0,0
-242611,0,0
99740,0,0
34729,0,0
-73753,0,0
-19760,0,0
-23393,0,0
-147764,0,0
182287,0,0
-62357,0,0
-40678,0,0
285850,0,0
39183,0,0
-156120,0,0
-59513,0,0
91931,0,0
-7146,0,0
102304,0,0
-160937,0,0
114321,0,0
134717,0,0
-123083,0,0
146954,0,0
27986,0,0
-55369,0,0
-45224,0,0
37548,0,0
-53983,0,0
344780,0,0
33787,0,0
-135170,0,0
102566,0,0
-115331,0,0
-121046,0,0
109698,0,0
233528,0,0
93948,0,0
124215,0,0
-103437,0,0
178150,0,0
127763,0,0
-184839,0,0
26358,0,0
-35240,0,0
-34864,0,0
3055,0,0
63482,0,0
-61688,0,0
329432,0,0
-7311,0,0
-83018,0,0
89218,0,0
-90220,0,0
-167670,0,0
-52468,0,0
106183,0,0
40980,0,0
103688,0,0
-211198,0,0
91500,0,0
88257,0,0
-196311,0,0
64107,0,0
76441,0,0
-57887,0,0
-87271,0,0
-27002,0,0
-160672,0,0
220566,0,0
2978,0,0
-176948,0,0
195815,0,0
-143933,0,0
-102935,0,0
-2546,0,0
150113,0,0
46571,0,0
109254,0,0
-173498,0,0
67886,0,0
49509,0,0
-179875,0,0
2189,0,0
17209,0,0
-52776,0,0
-73322,0,0
15147,0,0
-20849,0,0
256930,0,0
-21647,0,0
-107474,0,0
66743,0,0
-180093,0,0
-167810,0,0
7040,0,0
96073,0,0
12050,0,0
160556,0,0
-176048,0,0
75778,0,0
182211,0,0
-89693,0,0
15607,0,0
-121735,0,0
-128568,0,0
-55482,0,0
97013,0,0
-41578,0,0
279580,0,0
71211,0,0
-93928,0,0
125126,0,0
-166108,0,0
-20655,0,0
114376,0,0
144304,0,0
28464,0,0
96787,0,0
-107513,0,0
86740,0,0
21182,0,0
-174223,0,0
83640,0,0
67502,0,0
-62680,0,0
-9554,0,0
-11969,0,0
-99588,0,0
251403,0,0
-20938,0,0
-116761,0,0
125602,0,0
-276844,0,0
-232445,0,0
257869,0,0
255939,0,0
-72620,0,0
-83224,0,0
-258063,0,0
123268,0,0
124452,0,0
-180515,0,0
16393,0,0
-87581,0,0
-100068,0,0
-19241,0,0
126863,0,0
-140695,0,0
187513,0,0
-50019,0,0
-161385,0,0
89512,0,0
-237866,0,0
-162323,0,0
41272,0,0
99055,0,0
82511,0,0
124001,0,0
-270782,0,0
-2860,0,0
83638,0,0
-56297,0,0
20570,0,0
-141435,0,0
-93243,0,0
-19799,0,0
5698,0,0
-76512,0,0
304871,0,0
-51371,0,0
-178458,0,0
104182,0,0
-212001,0,0
-161419,0,0
147671,0,0
190966,0,0
-60739,0,0
44909,0,0
-225496,0,0
62242,0,0
127651,0,0
-158095,0,0
71173,0,0
-64104,0,0
-178426,0,0
-23716,0,0
10461,0,0
-81815,0,0
309534,0,0
-39520,0,0
-109312,0,0
149288,0,0
-222337,0,0
-155164,0,0
78026,0,0
193495,0,0
-13482,0,0
70710,0,0
-149926,0,0
117631,0,0
70992,0,0
-172784,0,0
-2649,0,0
-72101,0,0
37010,0,0
40896,0,0
-22930,0,0
-162461,0,0
273307,0,0
-100478,0,0
-154012,0,0
146281,0,0
-88012,0,0
-101066,0,0
123980,0,0
111185,0,0
-94817,0,0
-34269,0,0
-181830,0,0
104463,0,0
94755,0,0
-160497,0,0
-16751,0,0
-80412,0,0
19132,0,0
72873,0,0
-51880,0,0
-212751,0,0
305169,0,0
84053,0,0
-71141,0,0
84633,0,0
-148401,0,0
-97788,0,0
86281,0,0
94368,0,0
21373,0,0
98753,0,0
-111376,0,0
223166,0,0
215886,0,0
-177218,0,0
-51328,0,0
-29415,0,0
-13057,0,0
-4277,0,0
61462,0,0
-35791,0,0
283734,0,0
-75232,0,0
-99584,0,0
201494,0,0
-159799,0,0
-69514,0,0
84874,0,0
29217,0,0
10795,0,0
178265,0,0
-164739,0,0
136136,0,0
157080,0,0
-198055,0,0
30653,0,0
-16809,0,0
-62896,0,0
34199,0,0
-19890,0,0
-67595,0,0
303059,0,0
-19919,0,0
-42609,0,0
143232,0,0
-267324,0,0
-145258,0,0
153054,0,0
108948,0,0
-9223,0,0
84444,0,0
-188295,0,0
115794,0,0
97825,0,0
-183847,0,0
21052,0,0
-144389,0,0
-170150,0,0
110529,0,0
28224,0,0
-173938,0,0
219395,0,0
-45941,0,0
-179167,0,0
116763,0,0
-205789,0,0
-111064,0,0
31779,0,0
38150,0,0
12702,0,0
58471,0,0
-149896,0,0
125233,0,0
44084,0,0
-258397,0,0
-2511,0,0
-7571,0,0
-14152,0,0
10347,0,0
-10170,0,0
-117493,0,0
250998,0,0
-73785,0,0
-130084,0,0
180426,0,0
-183450,0,0
-140932,0,0
83974,0,0
138361,0,0
22309,0,0
95720,0,0
-155159,0,0
66000,0,0
78958,0,0
-143048,0,0
112605,0,0
-20752,0,0
-18785,0,0
18890,0,0
-41185,0,0
-147291,0,0
302516,0,0
-31830,0,0
-24191,0,0
275568,0,0
-173489,0,0
-187840,0,0
-17229,0,0
-15059,0,0
12188,0,0
259473,0,0
-119049,0,0
136797,0,0
188407,0,0
-169961,0,0
-51076,0,0
-104514,0,0
-17519,0,0
-8851,0,0
66567,0,0
1958,0,0
275803,0,0
-215,0,0
-65489,0,0
169675,0,0
-247081,0,0
-101877,0,0
212284,0,0
141386,0,0
132037,0,0
39965,0,0
-289117,0,0
254072,0,0
76928,0,0
-207618,0,0
77174,0,0
-62685,0,0
-18030,0,0
63161,0,0
68498,0,0
-36319,0,0
254499,0,0
-80600,0,0
-77835,0,0
151559,0,0
-207568,0,0
-55695,0,0
147509,0,0
114749,0,0
28796,0,0
43141,0,0
-159808,0,0
193358,0,0
108765,0,0
-169624,0,0
-8121,0,0
-14723,0,0
-56121,0,0
24966,0,0
17025,0,0
-226,0,0
220256,0,0
-115355,0,0
-82473,0,0
188978,0,0
-214865,0,0
-68640,0,0
103305,0,0
45353,0,0
30179,0,0
74260,0,0
-189890,0,0
132655,0,0
25298,0,0
-127108,0,0
-33980,0,0
-101968,0,0
-42458,0,0
-15320,0,0
9553,0,0
-111215,0,0
149128,0,0
-48272,0,0
-81217,0,0
138567,0,0
-184485,0,0
-81998,0,0
119163,0,0
79726,0,0
-129352,0,0
8333,0,0
-97425,0,0
230293,0,0
80246,0,0
-125361,0,0
20672,0,0
-100911,0,0
-19782,0,0
103974,0,0
26259,0,0
-158207,0,0
181743,0,0
-64914,0,0
-24212,0,0
200260,0,0
-174867,0,0
-1704,0,0
88633,0,0
2519,0,0
-12243,0,0
78766,0,0
-190774,0,0
139831,0,0
78653,0,0
-162663,0,0
10324,0,0
-57965,0,0
-50441,0,0
47566,0,0
35718,0,0
-166433,0,0
201548,0,0
-99832,0,0
-150222,0,0
71729,0,0
-219248,0,0
-46472,0,0
88090,0,0
29584,0,0
20828,0,0
-60018,0,0
-254840,0,0
171018,0,0
60590,0,0
-194041,0,0
8471,0,0
-153061,0,0
-197939,0,0
-74599,0,0
5889,0,0
-66924,0,0
215448,0,0
-186999,0,0
-167652,0,0
97575,0,0
-309876,0,0
-214577,0,0
40627,0,0
18043,0,0
-73481,0,0
-34554,0,0
-167395,0,0
130047,0,0
-44244,0,0
-332337,0,0
-87885,0,0
-178098,0,0
-153276,0,0
31238,0,0
10970,0,0
48103,0,0
88717,0,0
-263816,0,0
-188174,0,0
89720,0,0
-223764,0,0
-105509,0,0
116235,0,0
45933,0,0
-10676,0,0
-6377,0,0
-194922,0,0
130730,0,0
-84638,0,0
-269476,0,0
22030,0,0
-48766,0,0
-130389,0,0
-28040,0,0
-63085,0,0
-130561,0,0
210983,0,0
-138665,0,0
-128899,0,0
-46353,0,0
-236650,0,0
-96710,0,0
77049,0,0
86389,0,0
32873,0,0
125773,0,0
-217608,0,0
5008,0,0
-54034,0,0
-137836,0,0
86334,0,0
-108155,0,0
-57227,0,0
152157,0,0
71376,0,0
-71862,0,0
271820,0,0
15116,0,0
-72777,0,0
131616,0,0
-178158,0,0
-93260,0,0
95784,0,0
-1486,0,0
134138,0,0
236869,0,0
-96037,0,0
124603,0,0
104769,0,0
-124442,0,0
41052,0,0
-44802,0,0
-37196,0,0
59601,0,0
18456,0,0
-5600,0,0
255019,0,0
-58827,0,0
61862,0,0
172580,0,0
-292881,0,0
-140798,0,0
190399,0,0
162652,0,0
106559,0,0
88901,0,0
-140443,0,0
119936,0,0
67765,0,0
-139542,0,0
42939,0,0
-50129,0,0
-47108,0,0
21556,0,0
17420,0,0
33687,0,0
291764,0,0
-122911,0,0
-110723,0,0
149287,0,0
-156049,0,0
10942,0,0
133695,0,0
33834,0,0
-949,0,0
68068,0,0
-90366,0,0
188926,0,0
76066,0,0
-155744,0,0
84038,0,0
88878,0,0
40726,0,0
54658,0,0
10113,0,0
-36655,0,0
272222,0,0
27492,0,0
33787,0,0
171727,0,0
-224477,0,0
-45835,0,0
194398,0,0
125851,0,0
76803,0,0
108033,0,0
-146729,0,0
153418,0,0
56755,0,0
-53016,0,0
125288,0,0
52517,0,0
-62135,0,0
-52651,0,0
-47690,0,0
44235,0,0
332925,0,0
-3183,0,0
-25632,0,0
41661,0,0
-257830,0,0
-69392,0,0
202180,0,0
141857,0,0
-38689,0,0
-42145,0,0
25509,0,0
243984,0,0
28579,0,0
-157561,0,0
15050,0,0
-102951,0,0
-110326,0,0
68647,0,0
22048,0,0
4874,0,0
244348,0,0
-43622,0,0
-65914,0,0
63792,0,0
-223477,0,0
-103902,0,0
180179,0,0
124989,0,0
110705,0,0
-3788,0,0
-17465,0,0
146512,0,0
23263,0,0
-111285,0,0
-24202,0,0
-63313,0,0
-22132,0,0
105861,0,0
-27598,0,0
18544,0,0
188050,0,0
-99265,0,0
-4830,0,0
106553,0,0
-172563,0,0
-4242,0,0
159930,0,0
82565,0,0
28732,0,0
-41408,0,0
-93006,0,0
215259,0,0
73867,0,0
-101960,0,0
57134,0,0
-986,0,0
-73756,0,0
49035,0,0
-1747,0,0
-15146,0,0
227122,0,0
-60150,0,0
-12898,0,0
114536,0,0
-252943,0,0
-19063,0,0
182518,0,0
48308,0,0
63882,0,0
-13086,0,0
-192224,0,0
142726,0,0
33908,0,0
-100945,0,0
77838,0,0
-79296,0,0
-146743,0,0
1002,0,0
-48422,0,0
51771,0,0
297740,0,0
-62934,0,0
-120704,0,0
9246,0,0
-253147,0,0
-123905,0,0
116724,0,0
84660,0,0
1650,0,0
-38203,0,0
-117696,0,0
149474,0,0
-43379,0,0
-132308,0,0
100553,0,0
-103951,0,0
-170827,0,0
-79711,0,0
-24033,0,0
68410,0,0
78550,0,0
-206348,0,0
-101208,0,0
85635,0,0
-206580,0,0
-171534,0,0
74121,0,0
179191,0,0
107858,0,0
-169179,0,0
-149267,0,0
164671,0,0
-66840,0,0
-132019,0,0
127215,0,0
8156,0,0
-117622,0,0
-26385,0,0
-51095,0,0
110112,0,0
352637,0,0
-21613,0,0
-35483,0,0
125833,0,0
-190840,0,0
-20414,0,0
149579,0,0
37620,0,0
42543,0,0
63045,0,0
-37272,0,0
226076,0,0
5205,0,0
-135360,0,0
37583,0,0
-15487,0,0
-81069,0,0
48987,0,0
-8394,0,0
26851,0,0
203684,0,0
-96499,0,0
-34317,0,0
64683,0,0
-261177,0,0
-109412,0,0
158156,0,0
32419,0,0
5519,0,0
-3301,0,0
-62619,0,0
100715,0,0
-58994,0,0
-131827,0,0
-17830,0,0
-915,0,0
-31750,0,0
-21277,0,0
-98146,0,0
-22721,0,0
200303,0,0
-95233,0,0
-60976,0,0
57102,0,0
-258430,0,0
-155131,0,0
123304,0,0
57379,0,0
115841,0,0
36200,0,0
-162329,0,0
76798,0,0
-74522,0,0
-137763,0,0
-30919,0,0
-179257,0,0
-165502,0,0
30096,0,0
-26398,0,0
1068,0,0
144575,0,0
-176353,0,0
-142224,0,0
-79165,0,0
-324075,0,0
-125430,0,0
157001,0,0
116382,0,0
-24352,0,0
-127837,0,0
-55537,0,0
101992,0,0
-175707,0,0
-262136,0,0
36408,0,0
-29386,0,0
-56123,0,0
110895,0,0
-51367,0,0
27521,0,0
114309,0,0
-141932,0,0
-26254,0,0
53410,0,0
-283577,0,0
20839,0,0
257500,0,0
89555,0,0
28395,0,0
-102616,0,0
-86190,0,0
117692,0,0
33215,0,0
25978,0,0
139161,0,0
-2305,0,0
1000,0,0
-86990,0,0
-53573,0,0
138099,0,0
195808,0,0
-65963,0,0
110044,0,0
110978,0,0
-211559,0,0
-46277,0,0
181325,0,0
90324,0,0
-17723,0,0
-78338,0,0
763,0,0
185406,0,0
-38441,0,0
-190374,0,0
-16317,0,0
4132,0,0
-88658,0,0
26278,0,0
-70377,0,0
29083,0,0
107454,0,0
-109100,0,0
21909,0,0
-48406,0,0
-342048,0,0
-157560,0,0
210511,0,0
144284,0,0
38515,0,0
-151496,0,0
-168956,0,0
86886,0,0
-72655,0,0
-176066,0,0
-27385,0,0
-34158,0,0
311,0,0
11468,0,0
-164132,0,0
6827,0,0
98376,0,0
-157201,0,0
-57147,0,0
15715,0,0
-281470,0,0
-62967,0,0
196354,0,0
11633,0,0
99730,0,0
-96311,0,0
-151219,0,0
77646,0,0
-39559,0,0
-95997,0,0
9757,0,0
-71643,0,0
-110882,0,0
-22107,0,0
-142869,0,0
-8581,0,0
107308,0,0
-45048,0,0
-8489,0,0
-113444,0,0
-215106,0,0
-74422,0,0
74102,0,0
28575,0,0
-69927,0,0
-206779,0,0
-125790,0,0
75559,0,0
-91242,0,0
-80674,0,0
39207,0,0
-65270,0,0
-186058,0,0
-119620,0,0
-45419,0,0
144859,0,0
165466,0,0
-156334,0,0
5987,0,0
62030,0,0
-203172,0,0
-71778,0,0
231067,0,0
45994,0,0
73531,0,0
-29587,0,0
-6276,0,0
101904,0,0
-65268,0,0
86568,0,0
147838,0,0
12789,0,0
93579,0,0
110413,0,0
-88452,0,0
98671,0,0
121832,0,0
-54988,0,0
96603,0,0
56185,0,0
-232536,0,0
-2913,0,0
318799,0,0
88798,0,0
80175,0,0
79565,0,0
71261,0,0
154073,0,0
-85823,0,0
-89037,0,0
94289,0,0
-8046,0,0
-27203,0,0
95375,0,0
16626,0,0
171295,0,0
140052,0,0
-61742,0,0
77234,0,0
3651,0,0
-215844,0,0
-25752,0,0
239807,0,0
136895,0,0
62631,0,0
-125741,0,0
-18518,0,0
148200,0,0
2366,0,0
-73682,0,0
-35771,0,0
-87437,0,0
-47750,0,0
71797,0,0
-7860,0,0
46751,0,0
45321,0,0
-72110,0,0
2702,0,0
-64145,0,0
-192731,0,0
171,0,0
174485,0,0
-3729,0,0
-18002,0,0
-105329,0,0
-22936,0,0
129729,0,0
-22318,0,0
-63711,0,0
-16805,0,0
6736,0,0
-49704,0,0
3582,0,0
-20930,0,0
134057,0,0
68881,0,0
-97649,0,0
32290,0,0
-21175,0,0
-207723,0,0
71897,0,0
236335,0,0
20552,0,0
105496,0,0
-503,0,0
120435,0,0
167121,0,0
-135392,0,0
-109765,0,0
31683,0,0
24921,0,0
51949,0,0
154604,0,0
72211,0,0
229157,0,0
114298,0,0
-99291,0,0
104364,0,0
29118,0,0
-209519,0,0
38416,0,0
299347,0,0
72400,0,0
202595,0,0
-22766,0,0
-32987,0,0
171021,0,0
-17283,0,0
-103230,0,0
-3039,0,0
67996,0,0
6535,0,0
101610,0,0
-25779,0,0
67065,0,0
74782,0,0
-90374,0,0
45865,0,0
24346,0,0
-140714,0,0
10250,0,0
176360,0,0
-33586,0,0
11576,0,0
-95509,0,0
22900,0,0
117296,0,0
-100595,0,0
-14690,0,0
72281,0,0
-74900,0,0
-147253,0,0
120518,0,0
68278,0,0
10053,0,0
-6021,0,0
-100477,0,0
32507,0,0
-67065,0,0
-169941,0,0
25243,0,0
295725,0,0
25019,0,0
-32238,0,0
-127239,0,0
40984,0,0
203949,0,0
30500,0,0
-49955,0,0
-76619,0,0
46128,0,0
56634,0,0
110120,0,0
-10874,0,0
113547,0,0
120652,0,0
40191,0,0
185188,0,0
-17959,0,0
-215467,0,0
-13731,0,0
230509,0,0
101832,0,0
44283,0,0
-96526,0,0
22693,0,0
131897,0,0
-48652,0,0
56655,0,0
44383,0,0
-84118,0,0
-145046,0,0
-4491,0,0
-45798,0,0
184269,0,0
67060,0,0
-104986,0,0
64950,0,0
-5110,0,0
-232956,0,0
-95719,0,0
204215,0,0
82788,0,0
22089,0,0
-61733,0,0
49895,0,0
95517,0,0
-116342,0,0
-9397,0,0
-10395,0,0
-89688,0,0
-62877,0,0
25316,0,0
-74537,0,0
104703,0,0
53644,0,0
-76887,0,0
53922,0,0
-19003,0,0
-205630,0,0
-108589,0,0
101756,0,0
24508,0,0
-12682,0,0
-145396,0,0
66931,0,0
199886,0,0
-122635,0,0
-135337,0,0
-75260,0,0
15778,0,0
-11524,0,0
23099,0,0
-30334,0,0
99465,0,0
20696,0,0
-51534,0,0
77527,0,0
-108926,0,0
-202009,0,0
1617,0,0
251354,0,0
223344,0,0
42219,0,0
-186836,0,0
58555,0,0
220203,0,0
-126735,0,0
-84399,0,0
38602,0,0
95779,0,0
50861,0,0
63567,0,0
7345,0,0
187007,0,0
64170,0,0
-32025,0,0
152112,0,0
19365,0,0
-155244,0,0
4720,0,0
224301,0,0
75847,0,0
131574,0,0
-80326,0,0
124453,0,0
116406,0,0
-127741,0,0
47467,0,0
170718,0,0
89562,0,0
-46821,0,0
28692,0,0
-31546,0,0
279728,0,0
104542,0,0
-101244,0,0
118348,0,0
62102,0,0
-129866,0,0
12864,0,0
190898,0,0
162533,0,0
144426,0,0
-95966,0,0
96014,0,0
141343,0,0
-79171,0,0
-6476,0,0
-24890,0,0
-69139,0,0
-49146,0,0
116003,0,0
-22282,0,0
201626,0,0
-15846,0,0
-178190,0,0
80281,0,0
-98586,0,0
-204370,0,0
-20782,0,0
65326,0,0
-53426,0,0
65370,0,0
-11081,0,0
71046,0,0
-1964,0,0
-205733,0,0
-115400,0,0
-59713,0,0
-73196,0,0
-34933,0,0
118375,0,0
-97271,0,0
166998,0,0
5581,0,0
-104762,0,0
23245,0,0
-93997,0,0
-165121,0,0
-44363,0,0
249036,0,0
14922,0,0
73095,0,0
-124309,0,0
43894,0,0
110526,0,0
-189007,0,0
-75798,0,0
40763,0,0
60034,0,0
1652,0,0
-27553,0,0
-172499,0,0
182502,0,0
46761,0,0
-63305,0,0
109889,0,0
-137003,0,0
-132748,0,0
20032,0,0
29057,0,0
-13252,0,0
136815,0,0
-72852,0,0
26064,0,0
96704,0,0
-146982,0,0
-37116,0,0
-72364,0,0
-3512,0,0
-36815,0,0
-44805,0,0
-130895,0,0
145246,0,0
65632,0,0
-154787,0,0
18595,0,0
-112272,0,0
-153064,0,0
-26818,0,0
-35292,0,0
-114111,0,0
96589,0,0
-95554,0,0
18570,0,0
100936,0,0
-240874,0,0
-85652,0,0
45394,0,0
7699,0,0
-27188,0,0
-35366,0,0
-137150,0,0
154766,0,0
41762,0,0
-44403,0,0
94884,0,0
-122638,0,0
-169702,0,0
119204,0,0
170822,0,0
-43232,0,0
-3550,0,0
-188704,0,0
109446,0,0
170660,0,0
-104742,0,0
36953,0,0
-125232,0,0
-167141,0,0
-80731,0,0
24095,0,0
-86614,0,0
229763,0,0
-2529,0,0
-164874,0,0
21855,0,0
-61982,0,0
-135804,0,0
-59693,0,0
35036,0,0
11180,0,0
116870,0,0
-197166,0,0
3635,0,0
24083,0,0
-145099,0,0
45733,0,0
-67454,0,0
-129788,0,0
-61745,0,0
86135,0,0
-162614,0,0
165139,0,0
19797,0,0
-125396,0,0
92566,0,0
-117920,0,0
-171436,0,0
-20659,0,0
130031,0,0
-67196,0,0
79778,0,0
-57526,0,0
32431,0,0
-17499,0,0
-172587,0,0
27518,0,0
-22162,0,0
-89848,0,0
-43618,0,0
155564,0,0
-71026,0,0
68601,0,0
-73508,0,0
-122089,0,0
71312,0,0
-176996,0,0
-204430,0,0
-1696,0,0
71843,0,0
-11279,0,0
55839,0,0
-171569,0,0
81297,0,0
-5312,0,0
-190843,0,0
47221,0,0
-137823,0,0
-180024,0,0
-85310,0,0
-60241,0,0
-119109,0,0
204710,0,0
-43927,0,0
-106873,0,0
136065,0,0
-163540,0,0
-195233,0,0
12554,0,0
90512,0,0
14672,0,0
74415,0,0
-107410,0,0
48059,0,0
48430,0,0
-121818,0,0
-46339,0,0
-82993,0,0
-55856,0,0
-34305,0,0
77452,0,0
-116380,0,0
179654,0,0
-10718,0,0
-208280,0,0
96238,0,0
-131325,0,0
-135436,0,0
80638,0,0
94404,0,0
-111938,0,0
647,0,0
-143391,0,0
149101,0,0
182706,0,0
-42619,0,0
17226,0,0
-76708,0,0
-108596,0,0
-21712,0,0
82815,0,0
-48742,0,0
278476,0,0
38129,0,0
-103435,0,0
166434,0,0
7067,0,0
-130777,0,0
21214,0,0
122956,0,0
-22984,0,0
126072,0,0
-156354,0,0
119491,0,0
187567,0,0
-139068,0,0
9708,0,0
-29177,0,0
-65008,0,0
39479,0,0
71868,0,0
-124839,0,0
249408,0,0
25199,0,0
-125095,0,0
82773,0,0
-95847,0,0
-18547,0,0
46843,0,0
114439,0,0
16986,0,0
135958,0,0
-104756,0,0
18945,0,0
45170,0,0
-76255,0,0
30852,0,0
-32439,0,0
-23322,0,0
82980,0,0
-38970,0,0
-163235,0,0
340007,0,0
77912,0,0
-109469,0,0
158271,0,0
-158513,0,0
-213009,0,0
46072,0,0
267220,0,0
109169,0,0
167625,0,0
-156204,0,0
81768,0,0
101423,0,0
-96117,0,0
108351,0,0
8107,0,0
12286,0,0
104863,0,0
183092,0,0
-20695,0,0
238428,0,0
-21989,0,0
-48956,0,0
212098,0,0
-62526,0,0
-84659,0,0
153578,0,0
235641,0,0
60207,0,0
123509,0,0
-136971,0,0
191821,0,0
144600,0,0
-96801,0,0
70958,0,0
-32687,0,0
-19489,0,0
-24976,0,0
93183,0,0
-5574,0,0
282370,0,0
-34981,0,0
-100930,0,0
141312,0,0
-154504,0,0
-174899,0,0
112569,0,0
236426,0,0
12112,0,0
37134,0,0
-237811,0,0
7230,0,0
64439,0,0
-136183,0,0
41222,0,0
-119393,0,0
-82195,0,0
-37332,0,0
-23546,0,0
-203359,0,0
189799,0,0
-20250,0,0
-73034,0,0
53203,0,0
-272531,0,0
-211398,0,0
52783,0,0
135420,0,0
-12834,0,0
35636,0,0
-247902,0,0
71924,0,0
78498,0,0
-184085,0,0
18172,0,0
41996,0,0
-135726,0,0
-101041,0,0
38265,0,0
-70563,0,0
206250,0,0
-83072,0,0
-161224,0,0
121523,0,0
-189179,0,0
-170938,0,0
23095,0,0
77855,0,0
-18609,0,0
67837,0,0
-240583,0,0
67641,0,0
32696,0,0
-244271,0,0
-86206,0,0
-93765,0,0
-79146,0,0
-35968,0,0
189903,0,0
-45196,0,0
150703,0,0
-104407,0,0
-206091,0,0
139793,0,0
-145994,0,0
-125464,0,0
95902,0,0
145209,0,0
13962,0,0
86838,0,0
-187618,0,0
206235,0,0
172687,0,0
-239299,0,0
-56327,0,0
-82960,0,0
-44648,0,0
97363,0,0
82499,0,0
-148265,0,0
167537,0,0
-36696,0,0
-39330,0,0
84358,0,0
-218365,0,0
-108537,0,0
-28282,0,0
85636,0,0
43243,0,0
115653,0,0
-143615,0,0
54804,0,0
92612,0,0
-196596,0,0
-68035,0,0
-164497,0,0
-46813,0,0
139557,0,0
52205,0,0
-177398,0,0
137088,0,0
-13712,0,0
-58885,0,0
158221,0,0
-159620,0,0
-151323,0,0
24472,0,0
114002,0,0
38099,0,0
136261,0,0
-199013,0,0
104548,0,0
130023,0,0
-178861,0,0
39905,0,0
-21814,0,0
-4706,0,0
28452,0,0
-61977,0,0
-100365,0,0
309226,0,0
-79994,0,0
-144276,0,0
150104,0,0
-185552,0,0
-119980,0,0
68147,0,0
39690,0,0
48076,0,0
162900,0,0
-152993,0,0
147058,0,0
110644,0,0
-265763,0,0
-25935,0,0
3235,0,0
-32481,0,0
18125,0,0
50808,0,0
-77089,0,0
331134,0,0
-31691,0,0
-108808,0,0
113972,0,0
-122565,0,0
-34783,0,0
151920,0,0
149425,0,0
32370,0,0
46536,0,0
-159801,0,0
95585,0,0
205521,0,0
-73444,0,0
84661,0,0
-106290,0,0
-117716,0,0
37349,0,0
104684,0,0
-34922,0,0
359224,0,0
19908,0,0
-112015,0,0
117682,0,0
-200241,0,0
-107268,0,0
66454,0,0
112116,0,0
67499,0,0
101603,0,0
-152893,0,0
213528,0,0
111295,0,0
-131137,0,0
23173,0,0
-134896,0,0
-27148,0,0
39656,0,0
-56433,0,0
-114823,0,0
339794,0,0
-51010,0,0
-77017,0,0
182856,0,0
-277836,0,0
-63893,0,0
177921,0,0
112546,0,0
-48669,0,0
18715,0,0
-192985,0,0
137865,0,0
118823,0,0
-109460,0,0
34390,0,0
-90928,0,0
-165810,0,0
-5696,0,0
95160,0,0
-19231,0,0
266390,0,0
-91467,0,0
-149376,0,0
134351,0,0
-150734,0,0
-62712,0,0
132287,0,0
137214,0,0
39970,0,0
91989,0,0
-158939,0,0
182963,0,0
115800,0,0
-97573,0,0
104437,0,0
-51472,0,0
-21888,0,0
102157,0,0
63837,0,0
-53772,0,0
382505,0,0
-49062,0,0
-79233,0,0
263269,0,0
-257476,0,0
-112541,0,0
107543,0,0
167466,0,0
34975,0,0
55137,0,0
-225182,0,0
88642,0,0
140572,0,0
-79505,0,0
-16499,0,0
-154646,0,0
-109492,0,0
-6013,0,0
-44597,0,0
-74930,0,0
298800,0,0
-2653,0,0
-111215,0,0
27734,0,0
-240693,0,0
-150366,0,0
31606,0,0
33730,0,0
30210,0,0
115258,0,0
-135894,0,0
171733,0,0
92121,0,0
-339030,0,0
-52924,0,0
-36025,0,0
-14002,0,0
-30178,0,0
-29171,0,0
-45905,0,0
228349,0,0
-39726,0,0
-83500,0,0
110159,0,0
-233098,0,0
-134245,0,0
177450,0,0
146650,0,0
9841,0,0
96190,0,0
-146933,0,0
140699,0,0
132733,0,0
-119244,0,0
39532,0,0
-12441,0,0
15004,0,0
63003,0,0
-33233,0,0
-5159,0,0
399141,0,0
35297,0,0
-110641,0,0
182820,0,0
-116296,0,0
-73525,0,0
72824,0,0
157062,0,0
82868,0,0
140802,0,0
-95029,0,0
170927,0,0
36053,0,0
-164730,0,0
24719,0,0
-44495,0,0
-3219,0,0
37185,0,0
18221,0,0
-77434,0,0
259604,0,0
-144809,0,0
-105587,0,0
132818,0,0
-214938,0,0
-32294,0,0
189309,0,0
-17059,0,0
-111113,0,0
59311,0,0
-168094,0,0
217549,0,0
53892,0,0
-234766,0,0
19346,0,0
-43666,0,0
-109163,0,0
-57208,0,0
-4870,0,0
-65872,0,0
253179,0,0
-133186,0,0
-56046,0,0
104765,0,0
-327408,0,0
-199607,0,0
23243,0,0
16681,0,0
-41875,0,0
48047,0,0
-107377,0,0
40904,0,0
28985,0,0
-203792,0,0
-64517,0,0
-145399,0,0
-121367,0,0
-59322,0,0
-47185,0,0
-64383,0,0
215334,0,0
-122801,0,0
-45669,0,0
180480,0,0
-272624,0,0
-122580,0,0
83723,0,0
44919,0,0
1301,0,0
-5379,0,0
-247362,0,0
148362,0,0
138172,0,0
-144439,0,0
62806,0,0
-54323,0,0
-122084,0,0
-34382,0,0
17667,0,0
-37703,0,0
236475,0,0
-111306,0,0
-85455,0,0
240031,0,0
-181046,0,0
-124435,0,0
141634,0,0
17638,0,0
-14904,0,0
62540,0,0
-141437,0,0
298908,0,0
126833,0,0
-194987,0,0
-40403,0,0
-25820,0,0
-12502,0,0
24034,0,0
-17318,0,0
-61979,0,0
247007,0,0
-53591,0,0
-41077,0,0
246029,0,0
-147664,0,0
-115698,0,0
80625,0,0
70755,0,0
28945,0,0
79232,0,0
-155757,0,0
89334,0,0
127352,0,0
-2622,0,0
6684,0,0
-38378,0,0
-33942,0,0
39918,0,0
-47370,0,0
-31025,0,0
265882,0,0
-93986,0,0
-79107,0,0
197563,0,0
-123060,0,0
-13961,0,0
66414,0,0
46575,0,0
41241,0,0
109670,0,0
-119071,0,0
85833,0,0
3660,0,0
-109252,0,0
65804,0,0
-107422,0,0
65478,0,0
27641,0,0
-174692,0,0
-107159,0,0
262739,0,0
-18062,0,0
-26413,0,0
164256,0,0
-255412,0,0
-242580,0,0
11259,0,0
100526,0,0
170589,0,0
183914,0,0
-133512,0,0
32270,0,0
38183,0,0
-147435,0,0
69221,0,0
25256,0,0
-91373,0,0
-18681,0,0
-40849,0,0
-14971,0,0
313723,0,0
-85562,0,0
-91981,0,0
198906,0,0
-135315,0,0
-141932,0,0
80279,0,0
67625,0,0
50738,0,0
63513,0,0
-172145,0,0
93337,0,0
84347,0,0
-99478,0,0
-6864,0,0
-113117,0,0
-98466,0,0
10550,0,0
40413,0,0
51283,0,0
324968,0,0
-48064,0,0
-150690,0,0
19815,0,0
-246977,0,0
-16436,0,0
195722,0,0
111513,0,0
-25266,0,0
32374,0,0
-163709,0,0
104679,0,0
80691,0,0
-152315,0,0
-6657,0,0
-35216,0,0
-143222,0,0
6856,0,0
-35080,0,0
45665,0,0
255284,0,0
-152830,0,0
-118443,0,0
50318,0,0
-281106,0,0
-131745,0,0
165162,0,0
203282,0,0
17139,0,0
-58167,0,0
-139716,0,0
192947,0,0
79878,0,0
-186560,0,0
-37613,0,0
-79144,0,0
-58281,0,0
179118,0,0
-17740,0,0
-150041,0,0
214363,0,0
44032,0,0
72670,0,0
173146,0,0
-202446,0,0
-123785,0,0
73213,0,0
44548,0,0
87774,0,0
128271,0,0
-103515,0,0
164272,0,0
195160,0,0
-43851,0,0
3884,0,0
4959,0,0
-47946,0,0
26440,0,0
114596,0,0
-89033,0,0
249214,0,0
61321,0,0
-14360,0,0
82960,0,0
-252911,0,0
-51859,0,0
262954,0,0
141980,0,0
47141,0,0
51141,0,0
-126365,0,0
180325,0,0
8052,0,0
-124103,0,0
40591,0,0
-25681,0,0
-33424,0,0
85830,0,0
7543,0,0
-33860,0,0
208833,0,0
-120603,0,0
-43466,0,0
115615,0,0
-256657,0,0
-64206,0,0
176617,0,0
83009,0,0
5522,0,0
-35178,0,0
-118185,0,0
172253,0,0
-13107,0,0
-186472,0,0
22199,0,0
-31110,0,0
-67574,0,0
-5131,0,0
-71618,0,0
-34862,0,0
252820,0,0
-120881,0,0
-31935,0,0
87287,0,0
-230268,0,0
-158217,0,0
30013,0,0
14195,0,0
26457,0,0
52794,0,0
-158101,0,0
56784,0,0
-56844,0,0
-237710,0,0
-12662,0,0
-4730,0,0
-115194,0,0
-92623,0,0
-118221,0,0
12999,0,0
73951,0,0
-190702,0,0
-38061,0,0
136279,0,0
-281781,0,0
-92424,0,0
78224,0,0
-47901,0,0
-35709,0,0
-15428,0,0
-161446,0,0
193588,0,0
126402,0,0
-45002,0,0
-36424,0,0
-69043,0,0
-88546,0,0
-10508,0,0
-6601,0,0
91741,0,0
292480,0,0
-75602,0,0
-14152,0,0
122657,0,0
-185930,0,0
-27003,0,0
233952,0,0
112905,0,0
88859,0,0
-20043,0,0
-43490,0,0
186463,0,0
40827,0,0
-106559,0,0
48358,0,0
61558,0,0
88574,0,0
107715,0,0
-36371,0,0
52696,0,0
142079,0,0
-72296,0,0
26983,0,0
149099,0,0
-220682,0,0
1653,0,0
253936,0,0
154977,0,0
99170,0,0
87256,0,0
-117334,0,0
74882,0,0
37855,0,0
-62358,0,0
102203,0,0
-21533,0,0
-41627,0,0
79292,0,0
46270,0,0
67212,0,0
217827,0,0
-102429,0,0
-19451,0,0
23265,0,0
-160000,0,0
46785,0,0
188632,0,0
11393,0,0
13339,0,0
7388,0,0
-18584,0,0
165220,0,0
-4767,0,0
-153240,0,0
-70632,0,0
-3879,0,0
-91117,0,0
-4625,0,0
-90290,0,0
-25524,0,0
160312,0,0
-99207,0,0
-2262,0,0
50054,0,0
-345768,0,0
-169503,0,0
190026,0,0
69611,0,0
-107215,0,0
-102021,0,0
-101647,0,0
155021,0,0
60505,0,0
-134476,0,0
-68497,0,0
-85122,0,0
-102630,0,0
100381,0,0
-20191,0,0
-58424,0,0
141741,0,0
-63625,0,0
15711,0,0
46351,0,0
-259369,0,0
-87391,0,0
298646,0,0
81180,0,0
-54056,0,0
-15175,0,0
18014,0,0
150252,0,0
-27890,0,0
-115287,0,0
33792,0,0
6133,0,0
-20889,0,0
77864,0,0
-12892,0,0
56752,0,0
187450,0,0
-76566,0,0
-7348,0,0
50872,0,0
-256165,0,0
-122098,0,0
201245,0,0
65758,0,0
104069,0,0
-9025,0,0
-146980,0,0
83298,0,0
-48570,0,0
-212257,0,0
-87418,0,0
-98744,0,0
-40999,0,0
78157,0,0
-98326,0,0
-33219,0,0
101298,0,0
-218563,0,0
-51680,0,0
32561,0,0
-306854,0,0
-183996,0,0
98419,0,0
40634,0,0
-6495,0,0
-82644,0,0
-207431,0,0
-36224,0,0
-88654,0,0
-150006,0,0
-65355,0,0
81855,0,0
-2647,0,0
-28372,0,0
-140825,0,0
-97560,0,0
137571,0,0
-179210,0,0
-77168,0,0
41259,0,0
-207858,0,0
-10480,0,0
139391,0,0
-40214,0,0
34307,0,0
67132,0,0
23921,0,0
196975,0,0
43203,0,0
-71921,0,0
-43718,0,0
-72198,0,0
12113,0,0
175634,0,0
-71151,0,0
82817,0,0
235211,0,0
5559,0,0
181624,0,0
160224,0,0
-172648,0,0
-12783,0,0
239619,0,0
69148,0,0
94337,0,0
49425,0,0
63943,0,0
213393,0,0
6738,0,0
-2802,0,0
90217,0,0
93486,0,0
849,0,0
114983,0,0
97820,0,0
108221,0,0
235105,0,0
29307,0,0
80190,0,0
130242,0,0
-138735,0,0
44268,0,0
302725,0,0
148857,0,0
131866,0,0
48505,0,0
84164,0,0
252033,0,0
19528,0,0
-32808,0,0
81649,0,0
84921,0,0
6381,0,0
71340,0,0
25152,0,0
150155,0,0
93276,0,0
-113753,0,0
59350,0,0
10885,0,0
-273834,0,0
-46899,0,0
250226,0,0
40774,0,0
50749,0,0
-127812,0,0
-98520,0,0
35672,0,0
-132750,0,0
-93077,0,0
24156,0,0
-30553,0,0
-173260,0,0
-33964,0,0
-88819,0,0
66660,0,0
28083,0,0
-139017,0,0
35377,0,0
63600,0,0
-287441,0,0
-182985,0,0
191535,0,0
38936,0,0
-89999,0,0
-143738,0,0
-5307,0,0
88703,0,0
-33382,0,0
-106793,0,0
-53199,0,0
6315,0,0
-98970,0,0
3177,0,0
-134592,0,0
31218,0,0
132508,0,0
-113300,0,0
-22514,0,0
-22428,0,0
-285681,0,0
-83253,0,0
211056,0,0
91907,0,0
18939,0,0
-95881,0,0
7907,0,0
90149,0,0
-45618,0,0
-98007,0,0
10713,0,0
45056,0,0
40055,0,0
29523,0,0
-58298,0,0
141671,0,0
124239,0,0
-43272,0,0
77629,0,0
37875,0,0
-170089,0,0
28012,0,0
208330,0,0
81166,0,0
97913,0,0
-11131,0,0
13498,0,0
138799,0,0
-39623,0,0
-44886,0,0
105527,0,0
-5981,0,0
58779,0,0
82317,0,0
-73683,0,0
108474,0,0
181264,0,0
53652,0,0
33369,0,0
-87803,0,0
-157937,0,0
21977,0,0
189502,0,0
84034,0,0
153335,0,0
-60389,0,0
20805,0,0
168927,0,0
-43406,0,0
-70677,0,0
-15415,0,0
-43492,0,0
-44785,0,0
45002,0,0
-30571,0,0
149331,0,0
142527,0,0
-183464,0,0
-28630,0,0
-32419,0,0
-148561,0,0
-43221,0,0
136006,0,0
-3867,0,0
108634,0,0
38859,0,0
-73693,0,0
8224,0,0
-80890,0,0
-64087,0,0
-55121,0,0
-1259,0,0
-104148,0,0
-29464,0,0
-33951,0,0
88306,0,0
-9362,0,0
-108532,0,0
165815,0,0
31792,0,0
-354223,0,0
-41288,0,0
290034,0,0
316,0,0
18995,0,0
-125127,0,0
-46254,0,0
68596,0,0
-61819,0,0
-31068,0,0
34257,0,0
103749,0,0
40951,0,0
29137,0,0
-85020,0,0
68629,0,0
58863,0,0
-137164,0,0
44591,0,0
21666,0,0
-184716,0,0
23099,0,0
289510,0,0
-24318,0,0
-88744,0,0
-76539,0,0
39462,0,0
176233,0,0
-31692,0,0
-100785,0,0
-110371,0,0
-9695,0,0
-14453,0,0
112123,0,0
-28974,0,0
85310,0,0
21706,0,0
-152017,0,0
120251,0,0
-7817,0,0
-245928,0,0
49095,0,0
187683,0,0
14696,0,0
-20328,0,0
-109176,0,0
15159,0,0
100244,0,0
-84202,0,0
-67033,0,0
-58039,0,0
-19371,0,0
-3216,0,0
38472,0,0
-89307,0,0
128864,0,0
126722,0,0
-141473,0,0
-52679,0,0
-68941,0,0
-188049,0,0
4341,0,0
192886,0,0
-35620,0,0
-48102,0,0
-88536,0,0
100806,0,0
155972,0,0
-206380,0,0
-199282,0,0
-33022,0,0
17676,0,0
-93692,0,0
35477,0,0
-117874,0,0
44284,0,0
13559,0,0
-158852,0,0
71389,0,0
-16271,0,0
-184792,0,0
-159336,0,0
59461,0,0
-51401,0,0
18395,0,0
2437,0,0
45528,0,0
27110,0,0
-40702,0,0
4935,0,0
-79729,0,0
-90678,0,0
-134688,0,0
43185,0,0
35408,0,0
236392,0,0
41779,0,0
-127700,0,0
23595,0,0
-6818,0,0
-75682,0,0
-58504,0,0
140909,0,0
71102,0,0
29002,0,0
-132973,0,0
131385,0,0
253397,0,0
-57881,0,0
-126482,0,0
-109755,0,0
32282,0,0
-6356,0,0
89980,0,0
-67572,0,0
227282,0,0
38037,0,0
-165860,0,0
49300,0,0
10200,0,0
-82713,0,0
1682,0,0
127801,0,0
19138,0,0
105029,0,0
-69150,0,0
67403,0,0
156701,0,0
-29800,0,0
-34119,0,0
39713,0,0
49182,0,0
3839,0,0
101161,0,0
15900,0,0
232360,0,0
132645,0,0
-42386,0,0
141813,0,0
22282,0,0
-103929,0,0
75868,0,0
283151,0,0
107505,0,0
132426,0,0
-75059,0,0
72852,0,0
214576,0,0
3637,0,0
-10541,0,0
-142,0,0
15371,0,0
-47945,0,0
66559,0,0
47551,0,0
226969,0,0
108389,0,0
-118429,0,0
77393,0,0
-92379,0,0
-207710,0,0
-89352,0,0
116712,0,0
83693,0,0
4980,0,0
-93088,0,0
30643,0,0
99265,0,0
-91765,0,0
-182973,0,0
-227478,0,0
-169163,0,0
-107370,0,0
113540,0,0
-93219,0,0
93925,0,0
31957,0,0
-188835,0,0
-68271,0,0
-173521,0,0
-209100,0,0
-63242,0,0
110265,0,0
-23271,0,0
-52468,0,0
-246099,0,0
81896,0,0
225677,0,0
-194671,0,0
-197748,0,0
-115620,0,0
-26394,0,0
22429,0,0
35783,0,0
-131041,0,0
126441,0,0
33358,0,0
-76516,0,0
29229,0,0
-125190,0,0
-170448,0,0
-13954,0,0
148531,0,0
14786,0,0
62450,0,0
-125976,0,0
154922,0,0
189130,0,0
-168102,0,0
-102836,0,0
-53218,0,0
-134662,0,0
-118364,0,0
30390,0,0
-48079,0,0
241818,0,0
26742,0,0
-137011,0,0
84970,0,0
-165810,0,0
-172647,0,0
13276,0,0
87069,0,0
-24718,0,0
22958,0,0
-90559,0,0
96638,0,0
133664,0,0
-117968,0,0
-37303,0,0
-77003,0,0
-37873,0,0
3394,0,0
44405,0,0
-49135,0,0
229508,0,0
87054,0,0
-54221,0,0
96830,0,0
-30664,0,0
-64901,0,0
-38549,0,0
196106,0,0
88809,0,0
91078,0,0
-118350,0,0
117420,0,0
251999,0,0
-8026,0,0
89674,0,0
43469,0,0
-34898,0,0
-60977,0,0
41731,0,0
8858,0,0
207049,0,0
28241,0,0
-92015,0,0
18659,0,0
-47577,0,0
-75226,0,0
22103,0,0
149382,0,0
60363,0,0
51956,0,0
-216988,0,0
-29875,0,0
62068,0,0
-96183,0,0
66816,0,0
-151012,0,0
-141702,0,0
-52477,0,0
77110,0,0
-87335,0,0
134217,0,0
-101465,0,0
-265925,0,0
45630,0,0
-126165,0,0
-228934,0,0
9836,0,0
102393,0,0
-69461,0,0
-7190,0,0
-227838,0,0
42848,0,0
175435,0,0
-242156,0,0
-137104,0,0
4890,0,0
-4880,0,0
-125405,0,0
35965,0,0
-13033,0,0
198321,0,0
50185,0,0
-63577,0,0
70733,0,0
-152816,0,0
-180893,0,0
108104,0,0
255539,0,0
68801,0,0
116641,0,0
-220349,0,0
-484,0,0
155962,0,0
40669,0,0
199708,0,0
-30673,0,0
-144286,0,0
-55930,0,0
104114,0,0
-45647,0,0
277315,0,0
84067,0,0
-90021,0,0
126752,0,0
-141551,0,0
-161155,0,0
136344,0,0
169625,0,0
-32041,0,0
30903,0,0
-160138,0,0
122572,0,0
95631,0,0
-180827,0,0
-17723,0,0
-89772,0,0
-120991,0,0
-61404,0,0
69672,0,0
-28747,0,0
241955,0,0
-33523,0,0
-144013,0,0
115244,0,0
-150911,0,0
-178959,0,0
48631,0,0
268353,0,0
73774,0,0
27133,0,0
-199007,0,0
162237,0,0
220032,0,0
-115012,0,0
-21082,0,0
-8078,0,0
-804,0,0
13819,0,0
63204,0,0
-43704,0,0
271907,0,0
22183,0,0
-54567,0,0
153631,0,0
-189789,0,0
-240663,0,0
-38126,0,0
150317,0,0
19750,0,0
78528,0,0
-256098,0,0
-18939,0,0
172328,0,0
-52899,0,0
-93998,0,0
-220356,0,0
-98724,0,0
-47411,0,0
-16633,0,0
-108121,0,0
150071,0,0
-98059,0,0
-111504,0,0
89069,0,0
-189859,0,0
-115798,0,0
128854,0,0
197751,0,0
-71450,0,0
-4518,0,0
-144449,0,0
122157,0,0
156827,0,0
-113185,0,0
41895,0,0
83745,0,0
-26715,0,0
-31383,0,0
109634,0,0
-153589,0,0
266267,0,0
163902,0,0
74230,0,0
222226,0,0
-141793,0,0
-185135,0,0
-14563,0,0
129412,0,0
54208,0,0
206351,0,0
-74664,0,0
98182,0,0
106786,0,0
-218063,0,0
-22837,0,0
-11647,0,0
-44621,0,0
-45757,0,0
-10575,0,0
-30906,0,0
225657,0,0
-72319,0,0
-144112,0,0
113215,0,0
-123328,0,0
-159938,0,0
70243,0,0
150266,0,0
-1538,0,0
29975,0,0
-231301,0,0
99738,0,0
176561,0,0
-62206,0,0
34715,0,0
-78962,0,0
-73762,0,0
-37331,0,0
49436,0,0
4893,0,0
410276,0,0
60485,0,0
-146462,0,0
149926,0,0
-74829,0,0
-44700,0,0
123492,0,0
200357,0,0
25305,0,0
170090,0,0
-26162,0,0
238971,0,0
212253,0,0
-103496,0,0
99547,0,0
-16902,0,0
11521,0,0
121942,0,0
65212,0,0
-106283,0,0
263193,0,0
19217,0,0
-110660,0,0
214609,0,0
-121912,0,0
-118005,0,0
-25752,0,0
58856,0,0
-36352,0,0
92582,0,0
-225083,0,0
10265,0,0
65824,0,0
-186845,0,0
-64512,0,0
-108432,0,0
-189210,0,0
-123154,0,0
29048,0,0
-82905,0,0
218021,0,0
-126895,0,0
-213989,0,0
168813,0,0
-151614,0,0
-212622,0,0
-45367,0,0
74038,0,0
22419,0,0
139159,0,0
-147774,0,0
123353,0,0
167395,0,0
-185719,0,0
-98811,0,0
8529,0,0
45610,0,0
-14476,0,0
-33464,0,0
-111404,0,0
324806,0,0
17423,0,0
-201813,0,0
71939,0,0
-86684,0,0
48519,0,0
127797,0,0
50995,0,0
-45088,0,0
31610,0,0
-323014,0,0
186620,0,0
301151,0,0
-68770,0,0
-24889,0,0
-73489,0,0
-70064,0,0
13306,0,0
-2316,0,0
-76023,0,0
294256,0,0
-33978,0,0
-123269,0,0
23544,0,0
-165106,0,0
-69892,0,0
55698,0,0
16628,0,0
-81010,0,0
36814,0,0
-207157,0,0
2958,0,0
28766,0,0
-158333,0,0
-14620,0,0
-145836,0,0
-104726,0,0
-14849,0,0
-18976,0,0
-236985,0,0
181729,0,0
-12390,0,0
-15190,0,0
234271,0,0
-237315,0,0
-207546,0,0
-7359,0,0
107495,0,0
97653,0,0
242325,0,0
-54830,0,0
203567,0,0
63523,0,0
-161277,0,0
46458,0,0
32390,0,0
8205,0,0
58788,0,0
150567,0,0
-73642,0,0
283484,0,0
-52817,0,0
-49882,0,0
251562,0,0
-180614,0,0
-106342,0,0
80195,0,0
124060,0,0
-45900,0,0
17490,0,0
-212583,0,0
75291,0,0
50513,0,0
-293555,0,0
-66720,0,0
-24732,0,0
25444,0,0
-40627,0,0
-136562,0,0
-232112,0,0
135860,0,0
-74043,0,0
-168362,0,0
218179,0,0
-94563,0,0
-240957,0,0
-51808,0,0
21979,0,0
-69754,0,0
108242,0,0
-119554,0,0
237024,0,0
145588,0,0
-257718,0,0
-47290,0,0
-19536,0,0
29639,0,0
28302,0,0
44187,0,0
10945,0,0
287721,0,0
-99070,0,0
-128945,0,0
219790,0,0
-127107,0,0
-79233,0,0
220909,0,0
216557,0,0
-60549,0,0
16504,0,0
-106777,0,0
227964,0,0
139993,0,0
-154323,0,0
-47518,0,0
-83068,0,0
-133077,0,0
-2416,0,0
49141,0,0
19698,0,0
370990,0,0
-215814,0,0
-309328,0,0
48767,0,0
-168416,0,0
-106703,0,0
59312,0,0
108341,0,0
-35562,0,0
7426,0,0
-208382,0,0
158543,0,0
15745,0,0
-244307,0,0
-66074,0,0
-115181,0,0
-45749,0,0
62135,0,0
-21579,0,0
-108285,0,0
324427,0,0
-53999,0,0
-133409,0,0
130805,0,0
-135302,0,0
-59170,0,0
104563,0,0
108822,0,0
69173,0,0
133117,0,0
-110195,0,0
211942,0,0
182935,0,0
-140121,0,0
93708,0,0
-53233,0,0
-20184,0,0
101021,0,0
119476,0,0
17419,0,0
331599,0,0
-7596,0,0
-32436,0,0
209726,0,0
-179748,0,0
-50943,0,0
165441,0,0
67845,0,0
-51069,0,0
49136,0,0
-165953,0,0
170806,0,0
112342,0,0
-105477,0,0
40777,0,0
-102877,0,0
-70910,0,0
-22523,0,0
-60405,0,0
-104092,0,0
247831,0,0
-101778,0,0
-133180,0,0
231783,0,0
-209954,0,0
-159313,0,0
28023,0,0
141184,0,0
22091,0,0
83829,0,0
-173851,0,0
64161,0,0
35883,0,0
-50792,0,0
148302,0,0
-25547,0,0
-192381,0,0
-129180,0,0
23341,0,0
3079,0,0
385751,0,0
104963,0,0
-19331,0,0
125038,0,0
-213172,0,0
24452,0,0
245281,0,0
145168,0,0
48478,0,0
181875,0,0
-98748,0,0
217130,0,0
210559,0,0
-3504,0,0
151331,0,0
-21818,0,0
22564,0,0
132201,0,0
157348,0,0
37054,0,0
336354,0,0
-33027,0,0
-165108,0,0
158277,0,0
-165584,0,0
-47942,0,0
160974,0,0
90576,0,0
-43575,0,0
57816,0,0
-120138,0,0
87685,0,0
-29830,0,0
-308687,0,0
-61995,0,0
35174,0,0
-137774,0,0
-137299,0,0
-115113,0,0
-128017,0,0
297590,0,0
-132121,0,0
-263677,0,0
16798,0,0
-216050,0,0
-199729,0,0
-67140,0,0
55980,0,0
56895,0,0
52258,0,0
-212560,0,0
134694,0,0
-46385,0,0
-286037,0,0
38320,0,0
-63561,0,0
-150365,0,0
-25885,0,0
34386,0,0
-85794,0,0
263755,0,0
-90218,0,0
-175119,0,0
94772,0,0
-241925,0,0
-148603,0,0
129193,0,0
78713,0,0
32384,0,0
-12984,0,0
-244520,0,0
26700,0,0
-16173,0,0
-268867,0,0
-39698,0,0
-70021,0,0
-78597,0,0
97997,0,0
-109,0,0
-221434,0,0
169475,0,0
-119466,0,0
-177720,0,0
146602,0,0
-225947,0,0
-120307,0,0
99848,0,0
89632,0,0
28110,0,0
82066,0,0
-132939,0,0
106003,0,0
33794,0,0
-138897,0,0
88690,0,0
-18914,0,0
-86272,0,0
-1289,0,0
39171,0,0
-33059,0,0
299496,0,0
-56387,0,0
-21057,0,0
181211,0,0
-230931,0,0
-89500,0,0
94653,0,0
175047,0,0
-16832,0,0
20037,0,0
-141189,0,0
202200,0,0
135043,0,0
-172131,0,0
77555,0,0
-15121,0,0
-87773,0,0
65734,0,0
89717,0,0
-7002,0,0
211373,0,0
-149489,0,0
-149539,0,0
95207,0,0
-208231,0,0
131615,0,0
233838,0,0
50327,0,0
-114799,0,0
44370,0,0
-155613,0,0
76803,0,0
-22645,0,0
-190876,0,0
24116,0,0
-34564,0,0
-5488,0,0
-54961,0,0
-168071,0,0
-136470,0,0
234163,0,0
-119092,0,0
-102460,0,0
150752,0,0
-278819,0,0
-179446,0,0
77542,0,0
166764,0,0
22155,0,0
-49489,0,0
-241819,0,0
100120,0,0
76483,0,0
-85434,0,0
67023,0,0
-40543,0,0
-72725,0,0
-11333,0,0
-1608,0,0
-25082,0,0
237383,0,0
-174031,0,0
-137983,0,0
145968,0,0
-77266,0,0
-59335,0,0
83642,0,0
87146,0,0
-10761,0,0
-73872,0,0
-218377,0,0
94381,0,0
-66277,0,0
-168571,0,0
31710,0,0
-125917,0,0
-117087,0,0
44159,0,0
-108709,0,0
-191162,0,0
172691,0,0
-138303,0,0
-178614,0,0
74728,0,0
-321090,0,0
-246351,0,0
127213,0,0
81217,0,0
-1574,0,0
-28936,0,0
-154342,0,0
123435,0,0
-10014,0,0
-137808,0,0
8041,0,0
-122902,0,0
-94855,0,0
124967,0,0
81679,0,0
-17758,0,0
229622,0,0
-140237,0,0
-31990,0,0
275489,0,0
-170157,0,0
-89392,0,0
212131,0,0
171982,0,0
72769,0,0
-1060,0,0
-98046,0,0
216452,0,0
99260,0,0
-166364,0,0
53044,0,0
44400,0,0
36412,0,0
52191,0,0
-3128,0,0
-46633,0,0
297155,0,0
-108860,0,0
-78453,0,0
191184,0,0
-145741,0,0
-121135,0,0
87271,0,0
80536,0,0
14679,0,0
18491,0,0
-208591,0,0
113753,0,0
76108,0,0
-122972,0,0
48792,0,0
15360,0,0
-170673,0,0
-37766,0,0
11651,0,0
-41290,0,0
213060,0,0
-89395,0,0
-84874,0,0
64117,0,0
-213805,0,0
-53682,0,0
180946,0,0
127496,0,0
94254,0,0
79189,0,0
-127862,0,0
120469,0,0
67694,0,0
-112194,0,0
74263,0,0
-51038,0,0
-63410,0,0
164759,0,0
16237,0,0
-21689,0,0
286088,0,0
-53983,0,0
-15470,0,0
152925,0,0
-231095,0,0
-132371,0,0
59662,0,0
57644,0,0
87433,0,0
70958,0,0
-159908,0,0
36644,0,0
-98162,0,0
-192372,0,0
84029,0,0
-44337,0,0
-51769,0,0
-35395,0,0
-173317,0,0
-83490,0,0
179639,0,0
-188387,0,0
-100844,0,0
101762,0,0
-256201,0,0
-100307,0,0
126986,0,0
59312,0,0
18799,0,0
-7673,0,0
-218703,0,0
70824,0,0
77549,0,0
-51303,0,0
49038,0,0
-122128,0,0
-139783,0,0
64921,0,0
38579,0,0
-3120,0,0
340844,0,0
-82930,0,0
-125176,0,0
112071,0,0
-185507,0,0
-9430,0,0
235635,0,0
134900,0,0
-17687,0,0
52816,0,0
-12408,0,0
141494,0,0
-29170,0,0
-99507,0,0
120358,0,0
64378,0,0
-17078,0,0
-2421,0,0
-72502,0,0
-33931,0,0
175512,0,0
-165128,0,0
-35661,0,0
103614,0,0
-173753,0,0
37792,0,0
126467,0,0
-49014,0,0
-54396,0,0
-24860,0,0
-154238,0,0
138260,0,0
10978,0,0
-145622,0,0
-19097,0,0
-133848,0,0
-133461,0,0
82244,0,0
-10362,0,0
20978,0,0
171352,0,0
-151514,0,0
-108111,0,0
67112,0,0
-136199,0,0
-10335,0,0
48766,0,0
-72545,0,0
69658,0,0
108361,0,0
-55344,0,0
162640,0,0
55171,0,0
-162486,0,0
21248,0,0
-1651,0,0
-49586,0,0
54008,0,0
61968,0,0
91695,0,0
172315,0,0
-168845,0,0
3816,0,0
69886,0,0
-284853,0,0
-35508,0,0
136770,0,0
-31220,0,0
-12931,0,0
-36085,0,0
-165761,0,0
89856,0,0
-25656,0,0
-240143,0,0
-182074,0,0
-204637,0,0
-208168,0,0
18291,0,0
-35872,0,0
-92310,0,0
106191,0,0
-229414,0,0
-128122,0,0
-9282,0,0
-319508,0,0
-144144,0,0
80568,0,0
-78818,0,0
-60279,0,0
14794,0,0
-56628,0,0
110691,0,0
-31442,0,0
-213918,0,0
-26870,0,0
-41057,0,0
16604,0,0
15177,0,0
-50206,0,0
66024,0,0
255933,0,0
-66006,0,0
8449,0,0
150757,0,0
-153808,0,0
-79003,0,0
188195,0,0
129471,0,0
93007,0,0
44431,0,0
-29416,0,0
226686,0,0
-23353,0,0
-76697,0,0
87969,0,0
-58650,0,0
-41612,0,0
67897,0,0
-37597,0,0
33737,0,0
115821,0,0
-57362,0,0
-86575,0,0
108812,0,0
-146882,0,0
-191466,0,0
56120,0,0
55476,0,0
47983,0,0
81139,0,0
-106400,0,0
39147,0,0
-85884,0,0
-111907,0,0
47064,0,0
-25314,0,0
-102090,0,0
-15915,0,0
-38456,0,0
20456,0,0
182400,0,0
-74282,0,0
36114,0,0
115438,0,0
-243452,0,0
-28679,0,0
193477,0,0
138299,0,0
82530,0,0
-6212,0,0
-26791,0,0
192614,0,0
41348,0,0
-2851,0,0
137772,0,0
8115,0,0
-108237,0,0
84299,0,0
9544,0,0
76436,0,0
244667,0,0
-25609,0,0
-16007,0,0
-54361,0,0
-260885,0,0
-32784,0,0
91721,0,0
53794,0,0
160973,0,0
-2299,0,0
-72963,0,0
98355,0,0
-168214,0,0
-243329,0,0
-48356,0,0
-45949,0,0
-85186,0,0
127068,0,0
-58183,0,0
-32661,0,0
147850,0,0
-47431,0,0
-41445,0,0
2763,0,0
-348730,0,0
-140024,0,0
257039,0,0
46290,0,0
13519,0,0
68180,0,0
-61147,0,0
53885,0,0
8500,0,0
-1100,0,0
-39636,0,0
-58371,0,0
-43454,0,0
48662,0,0
41301,0,0
129467,0,0
179203,0,0
-74359,0,0
-2585,0,0
111405,0,0
-254211,0,0
3350,0,0
296164,0,0
121540,0,0
21743,0,0
-39119,0,0
18513,0,0
230103,0,0
-22255,0,0
-83037,0,0
40565,0,0
5393,0,0
-20345,0,0
23637,0,0
-31604,0,0
129460,0,0
145778,0,0
-152909,0,0
-23976,0,0
134182,0,0
-81650,0,0
-117885,0,0
86557,0,0
94912,0,0
84045,0,0
-4544,0,0
-104767,0,0
184755,0,0
14157,0,0
-72445,0,0
122525,0,0
-31393,0,0
-82296,0,0
87372,0,0
-2331,0,0
64237,0,0
249428,0,0
4596,0,0
106918,0,0
149987,0,0
-212765,0,0
2976,0,0
227778,0,0
67024,0,0
47819,0,0
95029,0,0
117403,0,0
237719,0,0
60638,0,0
12604,0,0
18899,0,0
33447,0,0
35791,0,0
175031,0,0
73514,0,0
172755,0,0
232541,0,0
-117212,0,0
49371,0,0
195764,0,0
-170054,0,0
-104019,0,0
125689,0,0
86424,0,0
184780,0,0
35313,0,0
-17867,0,0
135577,0,0
-72914,0,0
-150066,0,0
27196,0,0
-27882,0,0
-148794,0,0
22839,0,0
10451,0,0
12916,0,0
141447,0,0
-129452,0,0
37864,0,0
517,0,0
-237373,0,0
8608,0,0
206041,0,0
12313,0,0
-56357,0,0
-116716,0,0
-36087,0,0
151198,0,0
-37272,0,0
-22755,0,0
44181,0,0
-72985,0,0
-26971,0,0
53216,0,0
-118260,0,0
71465,0,0
171334,0,0
-60831,0,0
60736,0,0
50519,0,0
-198962,0,0
-53848,0,0
203789,0,0
42875,0,0
108071,0,0
32157,0,0
-41534,0,0
120864,0,0
-25,0,0
-35216,0,0
61052,0,0
103839,0,0
-49445,0,0
-15722,0,0
-48281,0,0
120937,0,0
84061,0,0
-161236,0,0
115522,0,0
52463,0,0
-225840,0,0
18300,0,0
187766,0,0
-24044,0,0
-40447,0,0
-130243,0,0
-22588,0,0
206205,0,0
-38219,0,0
-91995,0,0
-38678,0,0
-95156,0,0
-91405,0,0
15809,0,0
-72640,0,0
130338,0,0
169835,0,0
-91633,0,0
51275,0,0
1959,0,0
-236784,0,0
-40687,0,0
107755,0,0
652,0,0
96425,0,0
-59096,0,0
7668,0,0
172302,0,0
89850,0,0
91844,0,0
-86042,0,0
-84672,0,0
-27249,0,0
165526,0,0
54794,0,0
69251,0,0
131799,0,0
-65881,0,0
49724,0,0
95545,0,0
-197729,0,0
-87579,0,0
337588,0,0
184350,0,0
1020,0,0
-122966,0,0
-31083,0,0
72845,0,0
-91337,0,0
-108455,0,0
-63151,0,0
-16191,0,0
15667,0,0
49847,0,0
-173144,0,0
-34237,0,0
-22748,0,0
-131240,0,0
24859,0,0
-71766,0,0
-258405,0,0
-19856,0,0
208846,0,0
-49237,0,0
-77679,0,0
-166607,0,0
-49340,0,0
87114,0,0
-81416,0,0
-34641,0,0
90241,0,0
-9335,0,0
-87229,0,0
54260,0,0
-158651,0,0
59880,0,0
127807,0,0
-78536,0,0
62968,0,0
36898,0,0
-91347,0,0
-66493,0,0
148212,0,0
54656,0,0
47641,0,0
-132316,0,0
7027,0,0
122871,0,0
-92818,0,0
-39889,0,0
76064,0,0
22843,0,0
-61008,0,0
56899,0,0
-59494,0,0
69899,0,0
13461,0,0
-121594,0,0
96095,0,0
79217,0,0
-161239,0,0
16632,0,0
241304,0,0
94343,0,0
-84025,0,0
-232251,0,0
67457,0,0
266036,0,0
-35950,0,0
-81135,0,0
-26823,0,0
-102115,0,0
-64408,0,0
85815,0,0
-122682,0,0
32448,0,0
64258,0,0
-44696,0,0
-5096,0,0
-142016,0,0
-340427,0,0
-91034,0,0
126430,0,0
-4350,0,0
-31084,0,0
-248454,0,0
-89376,0,0
-14771,0,0
-217278,0,0
-68212,0,0
-26629,0,0
-116080,0,0
-188913,0,0
-76524,0,0
-111686,0,0
16624,0,0
-31399,0,0
-191381,0,0
-7722,0,0
-86307,0,0
-368066,0,0
-164297,0,0
157239,0,0
33045,0,0
-11608,0,0
-155790,0,0
80764,0,0
114610,0,0
-183879,0,0
-197546,0,0
-85928,0,0
-58727,0,0
-76840,0,0
59075,0,0
20072,0,0
161083,0,0
-6254,0,0
-168230,0,0
62949,0,0
-18639,0,0
-136085,0,0
-18462,0,0
144647,0,0
97446,0,0
82883,0,0
-89175,0,0
63385,0,0
33232,0,0
-141340,0,0
35333,0,0
103876,0,0
51568,0,0
-107013,0,0
640,0,0
-23037,0,0
217979,0,0
128435,0,0
-153103,0,0
67838,0,0
-42441,0,0
-198362,0,0
43173,0,0
256567,0,0
55525,0,0
20123,0,0
-90073,0,0
26599,0,0
114899,0,0
-111172,0,0
-28184,0,0
-19146,0,0
36333,0,0
-8111,0,0
46487,0,0
-54118,0,0
164254,0,0
22632,0,0
-160368,0,0
54946,0,0
-15859,0,0
-129976,0,0
-8003,0,0
164245,0,0
14492,0,0
76520,0,0
-65119,0,0
110737,0,0
114742,0,0
-92670,0,0
-49179,0,0
-18343,0,0
3079,0,0
22558,0,0
158066,0,0
-46925,0,0
114130,0,0
34327,0,0
-60827,0,0
121692,0,0
-43548,0,0
-151366,0,0
13984,0,0
184752,0,0
89840,0,0
178497,0,0
-119629,0,0
-6464,0,0
128358,0,0
-124908,0,0
-12047,0,0
19854,0,0
-13983,0,0
52102,0,0
172273,0,0
-10961,0,0
127819,0,0
49820,0,0
-66725,0,0
58987,0,0
-86206,0,0
6273,0,0
225839,0,0
194599,0,0
-7709,0,0
53598,0,0
-116196,0,0
149848,0,0
173387,0,0
10881,0,0
142213,0,0
-12045,0,0
-100171,0,0
-52875,0,0
28514,0,0
54475,0,0
374981,0,0
99389,0,0
-182280,0,0
162372,0,0
18667,0,0
-190082,0,0
-6528,0,0
178248,0,0
48105,0,0
120844,0,0
-68844,0,0
124740,0,0
92025,0,0
-128085,0,0
-3124,0,0
-31022,0,0
25452,0,0
-8271,0,0
55881,0,0
-165605,0,0
166918,0,0
58186,0,0
-131113,0,0
46337,0,0
-118510,0,0
-214890,0,0
-41127,0,0
232860,0,0
-11320,0,0
-37074,0,0
-200258,0,0
45516,0,0
163611,0,0
-116730,0,0
-95834,0,0
-71867,0,0
-23776,0,0
-62895,0,0
19542,0,0
-152375,0,0
206867,0,0
46138,0,0
-63036,0,0
149458,0,0
-91229,0,0
-197477,0,0
-39353,0,0
123941,0,0
7547,0,0
81246,0,0
-94103,0,0
44139,0,0
104465,0,0
-98092,0,0
-28992,0,0
-47824,0,0
-129019,0,0
-11015,0,0
31080,0,0
-137639,0,0
266127,0,0
96289,0,0
-144584,0,0
37135,0,0
-154211,0,0
-153794,0,0
5859,0,0
76412,0,0
-44984,0,0
59184,0,0
-78983,0,0
197642,0,0
195005,0,0
-175734,0,0
-41506,0,0
-46209,0,0
22042,0,0
19553,0,0
23088,0,0
-128380,0,0
237057,0,0
130113,0,0
29301,0,0
155225,0,0
-92989,0,0
-185698,0,0
64103,0,0
361118,0,0
71626,0,0
76512,0,0
-70258,0,0
188968,0,0
140606,0,0
-133332,0,0
78117,0,0
66104,0,0
-27832,0,0
-7158,0,0
130259,0,0
-6129,0,0
263409,0,0
114271,0,0
-48298,0,0
100554,0,0
-143948,0,0
-104787,0,0
50711,0,0
203424,0,0
81811,0,0
101146,0,0
-199891,0,0
29656,0,0
120706,0,0
-74337,0,0
-20549,0,0
-23626,0,0
-82245,0,0
29152,0,0
80647,0,0
-103377,0,0
193113,0,0
-79060,0,0
-113496,0,0
95339,0,0
-186063,0,0
-140410,0,0
66175,0,0
102639,0,0
-29593,0,0
87523,0,0
-180983,0,0
-30294,0,0
46090,0,0
-236608,0,0
-36005,0,0
60356,0,0
-35100,0,0
-127282,0,0
-74680,0,0
-188435,0,0
144294,0,0
-86415,0,0
-137661,0,0
7548,0,0
-151304,0,0
-184736,0,0
-55165,0,0
96266,0,0
-95610,0,0
-21050,0,0
-135676,0,0
99067,0,0
-36068,0,0
-246063,0,0
-17075,0,0
-105567,0,0
-180523,0,0
16032,0,0
171101,0,0
-150321,0,0
103218,0,0
-82183,0,0
-145401,0,0
123497,0,0
-115030,0,0
-180027,0,0
85119,0,0
152271,0,0
-55148,0,0
31859,0,0
-89002,0,0
181205,0,0
9444,0,0
-186300,0,0
27701,0,0
-31382,0,0
-30125,0,0
-40184,0,0
13963,0,0
-44330,0,0
252894,0,0
-24221,0,0
-115479,0,0
182186,0,0
-34576,0,0
-182380,0,0
8781,0,0
140879,0,0
31476,0,0
69991,0,0
-137983,0,0
183922,0,0
200339,0,0
-87162,0,0
40728,0,0
-66809,0,0
-123399,0,0
9818,0,0
178614,0,0
-17679,0,0
236242,0,0
-41746,0,0
-72417,0,0
246590,0,0
-46803,0,0
-83895,0,0
-49995,0,0
117259,0,0
42872,0,0
25664,0,0
-108840,0,0
163776,0,0
205777,0,0
-108137,0,0
-8100,0,0
-67559,0,0
-80129,0,0
-8573,0,0
39235,0,0
-54918,0,0
281013,0,0
-65085,0,0
-165181,0,0
111933,0,0
-118758,0,0
-99247,0,0
8986,0,0
73284,0,0
14073,0,0
65594,0,0
-248615,0,0
85423,0,0
128872,0,0
-163336,0,0
-30439,0,0
-90248,0,0
-76792,0,0
-85384,0,0
21369,0,0
-86440,0,0
244722,0,0
-64754,0,0
-213016,0,0
84946,0,0
-120542,0,0
-189887,0,0
-41072,0,0
90150,0,0
-36319,0,0
41690,0,0
-134625,0,0
105635,0,0
50750,0,0
-262142,0,0
-98565,0,0
-32109,0,0
-25794,0,0
-21805,0,0
49572,0,0
-89341,0,0
250877,0,0
-11197,0,0
-67740,0,0
141055,0,0
-185395,0,0
-132672,0,0
60140,0,0
203288,0,0
56166,0,0
85469,0,0
-119165,0,0
201449,0,0
200652,0,0
-243392,0,0
-87769,0,0
-41026,0,0
15168,0,0
28621,0,0
34518,0,0
-11441,0,0
319121,0,0
-54056,0,0
-160823,0,0
92979,0,0
-199692,0,0
-101623,0,0
91721,0,0
46369,0,0
-54790,0,0
85686,0,0
-94689,0,0
277393,0,0
129261,0,0
-313607,0,0
-87673,0,0
-57446,0,0
22895,0,0
21718,0,0
-66487,0,0
-144475,0,0
319209,0,0
17031,0,0
-116461,0,0
169191,0,0
-174887,0,0
-167540,0,0
96498,0,0
142209,0,0
-43996,0,0
60653,0,0
-147007,0,0
174779,0,0
112771,0,0
-152487,0,0
-31469,0,0
-116379,0,0
-74277,0,0
-63391,0,0
57818,0,0
-7576,0,0
258672,0,0
-109703,0,0
-122730,0,0
139797,0,0
-189231,0,0
-200962,0,0
64710,0,0
137434,0,0
-22257,0,0
52940,0,0
-130927,0,0
119963,0,0
69346,0,0
-207306,0,0
-53030,0,0
-37521,0,0
-17105,0,0
31290,0,0
6348,0,0
-44828,0,0
277188,0,0
-71104,0,0
-101888,0,0
126367,0,0
-149157,0,0
-69583,0,0
32473,0,0
65400,0,0
-17617,0,0
74568,0,0
-150644,0,0
185433,0,0
207741,0,0
-160564,0,0
-51525,0,0
-127538,0,0
-16197,0,0
82703,0,0
41611,0,0
-77634,0,0
159514,0,0
-92242,0,0
-85628,0,0
219757,0,0
-112789,0,0
-66826,0,0
50489,0,0
117205,0,0
77401,0,0
118848,0,0
-243205,0,0
64826,0,0
73509,0,0
-122686,0,0
77784,0,0
-59104,0,0
74796,0,0
95934,0,0
-18485,0,0
-114428,0,0
296242,0,0
-23459,0,0
-171773,0,0
132344,0,0
-148579,0,0
-19958,0,0
164231,0,0
122897,0,0
15507,0,0
161651,0,0
-135151,0,0
142448,0,0
107552,0,0
-130018,0,0
71687,0,0
-44019,0,0
-120434,0,0
56491,0,0
137192,0,0
-10830,0,0
296472,0,0
-70859,0,0
-116099,0,0
165498,0,0
-184139,0,0
-67874,0,0
150717,0,0
216983,0,0
146764,0,0
74643,0,0
-195505,0,0
105962,0,0
139345,0,0
-149575,0,0
42142,0,0
61217,0,0
-51878,0,0
-24575,0,0
57340,0,0
-14136,0,0
411803,0,0
-119807,0,0
-180900,0,0
103080,0,0
-195867,0,0
-56094,0,0
109696,0,0
173071,0,0
29226,0,0
2470,0,0
-257018,0,0
86052,0,0
112161,0,0
-111745,0,0
101935,0,0
-82757,0,0
-128287,0,0
-42660,0,0
6295,0,0
-65827,0,0
295908,0,0
-85891,0,0
-169641,0,0
135910,0,0
-121093,0,0
-106348,0,0
69071,0,0
91483,0,0
-96550,0,0
-37134,0,0
-147944,0,0
214076,0,0
58612,0,0
-247547,0,0
-57495,0,0
-119977,0,0
-135585,0,0
30925,0,0
-19464,0,0
-175563,0,0
215544,0,0
-102383,0,0
-169131,0,0
54998,0,0
-213964,0,0
-132716,0,0
-1433,0,0
10247,0,0
-42095,0,0
-27629,0,0
-203071,0,0
130173,0,0
60541,0,0
-217289,0,0
-142777,0,0
-167406,0,0
-139101,0,0
43736,0,0
48055,0,0
-94067,0,0
317755,0,0
-97447,0,0
-173252,0,0
139045,0,0
-122036,0,0
-85702,0,0
80681,0,0
163874,0,0
71388,0,0
126273,0,0
-110128,0,0
229451,0,0
133770,0,0
-118967,0,0
91702,0,0
6867,0,0
12182,0,0
90123,0,0
121097,0,0
4943,0,0
317047,0,0
-42440,0,0
-57330,0,0
190620,0,0
-98488,0,0
9031,0,0
197146,0,0
67469,0,0
-41404,0,0
132418,0,0
-101802,0,0
222060,0,0
197039,0,0
-86505,0,0
-108237,0,0
-94490,0,0
1344,0,0
103358,0,0
67849,0,0
-67004,0,0
239186,0,0
-218486,0,0
-160499,0,0
175343,0,0
-161331,0,0
-86686,0,0
138750,0,0
66372,0,0
-122405,0,0
-33732,0,0
-186777,0,0
149350,0,0
92252,0,0
-159135,0,0
-100223,0,0
-196964,0,0
-91868,0,0
21089,0,0
7724,0,0
-90848,0,0
188520,0,0
-144133,0,0
-144094,0,0
110930,0,0
-255608,0,0
-199920,0,0
3327,0,0
85938,0,0
-24570,0,0
-545,0,0
-231209,0,0
160466,0,0
79396,0,0
-287935,0,0
-32084,0,0
-128235,0,0
-134018,0,0
-40371,0,0
-38039,0,0
-121537,0,0
270617,0,0
-6944,0,0
-78722,0,0
100786,0,0
-223528,0,0
-96507,0,0
19745,0,0
72382,0,0
-12688,0,0
32254,0,0
-129229,0,0
234582,0,0
130559,0,0
-174974,0,0
11574,0,0
-55126,0,0
-76488,0,0
8496,0,0
-14133,0,0
-101342,0,0
227470,0,0
-67769,0,0
-11123,0,0
207954,0,0
-283714,0,0
-95800,0,0
53179,0,0
39561,0,0
-31608,0,0
38761,0,0
-79202,0,0
175750,0,0
-2264,0,0
-188090,0,0
68287,0,0
74560,0,0
-93655,0,0
-98980,0,0
-40085,0,0
-2419,0,0
290171,0,0
-79798,0,0
-76788,0,0
139476,0,0
-263160,0,0
-79917,0,0
98856,0,0
75915,0,0
1811,0,0
79181,0,0
-147895,0,0
110675,0,0
-22403,0,0
-177444,0,0
70456,0,0
-50580,0,0
-17064,0,0
60446,0,0
-21277,0,0
-77550,0,0
249299,0,0
-87242,0,0
-53602,0,0
180631,0,0
-190278,0,0
-116591,0,0
151463,0,0
136053,0,0
30094,0,0
105678,0,0
-891,0,0
168698,0,0
-18185,0,0
-199464,0,0
28494,0,0
-36027,0,0
12240,0,0
106516,0,0
71303,0,0
22428,0,0
313933,0,0
-51980,0,0
-36938,0,0
130386,0,0
-221091,0,0
-24426,0,0
285181,0,0
294494,0,0
126697,0,0
95689,0,0
-136104,0,0
232637,0,0
194441,0,0
-59194,0,0
148038,0,0
95297,0,0
-14024,0,0
97408,0,0
109542,0,0
31044,0,0
331276,0,0
-43715,0,0
-545,0,0
197901,0,0
-136101,0,0
-41843,0,0
193348,0,0
90868,0,0
1630,0,0
111366,0,0
-194094,0,0
115425,0,0
45302,0,0
-172732,0,0
13390,0,0
-91902,0,0
-122297,0,0
-37200,0,0
33797,0,0
-24536,0,0
124138,0,0
-223103,0,0
-131881,0,0
138153,0,0
-256372,0,0
-188321,0,0
51275,0,0
55091,0,0
2600,0,0
-4906,0,0
-234765,0,0
70395,0,0
-2132,0,0
-211147,0,0
21979,0,0
-101717,0,0
-128132,0,0
26943,0,0
-13147,0,0
-164387,0,0
190239,0,0
-62116,0,0
-161178,0,0
-8090,0,0
-271898,0,0
-86304,0,0
248745,0,0
251090,0,0
25539,0,0
-79121,0,0
-148735,0,0
164470,0,0
32887,0,0
-95265,0,0
99423,0,0
16202,0,0
-17964,0,0
76734,0,0
152773,0,0
140511,0,0
372471,0,0
-7586,0,0
33748,0,0
100461,0,0
-153929,0,0
14635,0,0
189471,0,0
220918,0,0
201281,0,0
94576,0,0
-122682,0,0
232486,0,0
148195,0,0
-17743,0,0
160531,0,0
13790,0,0
-97889,0,0
25610,0,0
88739,0,0
54974,0,0
230781,0,0
-30909,0,0
911,0,0
108486,0,0
-206049,0,0
-37915,0,0
109111,0,0
65823,0,0
18452,0,0
33710,0,0
-155353,0,0
52756,0,0
-28816,0,0
-133349,0,0
23162,0,0
-174201,0,0
-121337,0,0
-15067,0,0
-116152,0,0
-53008,0,0
171962,0,0
-252629,0,0
-142068,0,0
21970,0,0
-347969,0,0
-131471,0,0
199657,0,0
92503,0,0
-89698,0,0
-94626,0,0
-222016,0,0
84337,0,0
-27512,0,0
-153911,0,0
-6255,0,0
-102760,0,0
-175043,0,0
-15709,0,0
-8523,0,0
-28086,0,0
161161,0,0
-103609,0,0
-10223,0,0
60602,0,0
-285964,0,0
-134330,0,0
109100,0,0
106793,0,0
35226,0,0
9501,0,0
-106795,0,0
214441,0,0
37113,0,0
-176874,0,0
-31846,0,0
-8989,0,0
13773,0,0
157314,0,0
58461,0,0
53829,0,0
261636,0,0
-56890,0,0
-72306,0,0
139471,0,0
-122610,0,0
3119,0,0
249078,0,0
200237,0,0
202959,0,0
58985,0,0
-80517,0,0
197660,0,0
122563,0,0
42437,0,0
225271,0,0
26368,0,0
21896,0,0
76255,0,0
53256,0,0
138695,0,0
550870,0,0
174751,0,0
6977,0,0
116720,0,0
-83416,0,0
142587,0,0
248497,0,0
164339,0,0
165100,0,0
129329,0,0
44221,0,0
273788,0,0
202141,0,0
-4971,0,0
27590,0,0
17937,0,0
50028,0,0
139054,0,0
-18256,0,0
18024,0,0
217055,0,0
-101984,0,0
-34881,0,0
94163,0,0
-241441,0,0
30755,0,0
223984,0,0
-127119,0,0
-68646,0,0
53831,0,0
-100117,0,0
25989,0,0
-133779,0,0
-244309,0,0
-35269,0,0
-83218,0,0
-97905,0,0
78728,0,0
-73324,0,0
-144006,0,0
87280,0,0
-150230,0,0
-162539,0,0
-36990,0,0
-269412,0,0
-107664,0,0
59956,0,0
-28450,0,0
45813,0,0
4161,0,0
-164115,0,0
45346,0,0
-46157,0,0
-149501,0,0
-11771,0,0
-129793,0,0
-130351,0,0
-30395,0,0
-11377,0,0
21160,0,0
110292,0,0
-128403,0,0
-27914,0,0
-1026,0,0
-245174,0,0
-133574,0,0
99907,0,0
-731,0,0
-41494,0,0
28576,0,0
-61460,0,0
108796,0,0
-41637,0,0
-151489,0,0
-789,0,0
52830,0,0
-89405,0,0
-12976,0,0
38654,0,0
110552,0,0
191267,0,0
-82997,0,0
112511,0,0
160170,0,0
-241616,0,0
-103212,0,0
233168,0,0
188812,0,0
83904,0,0
144133,0,0
62440,0,0
138490,0,0
-33942,0,0
-6391,0,0
162462,0,0
-65143,0,0
-99006,0,0
108589,0,0
61067,0,0
81365,0,0
167806,0,0
-107799,0,0
-3455,0,0
4814,0,0
-242025,0,0
-54334,0,0
73586,0,0
22882,0,0
62645,0,0
-91883,0,0
-239007,0,0
46957,0,0
-65834,0,0
-185867,0,0
-62139,0,0
-157901,0,0
-206521,0,0
-56762,0,0
-149408,0,0
-94269,0,0
60717,0,0
-225605,0,0
-149195,0,0
-61156,0,0
-307502,0,0
-142349,0,0
13030,0,0
-137771,0,0
-79517,0,0
-155903,0,0
-194316,0,0
63767,0,0
-133593,0,0
-270281,0,0
-56844,0,0
-109636,0,0
-113994,0,0
20705,0,0
-217232,0,0
-76616,0,0
83029,0,0
-153789,0,0
25264,0,0
55501,0,0
-350860,0,0
-115450,0,0
162756,0,0
56037,0,0
-9326,0,0
-74211,0,0
-74561,0,0
153660,0,0
-47124,0,0
-178293,0,0
-56266,0,0
-82422,0,0
-26802,0,0
166219,0,0
32174,0,0
-84229,0,0
5584,0,0
-169337,0,0
13471,0,0
171533,0,0
-175694,0,0
-54059,0,0
164333,0,0
13234,0,0
17747,0,0
10521,0,0
-12102,0,0
128856,0,0
10912,0,0
-32029,0,0
120422,0,0
21548,0,0
-36843,0,0
31951,0,0
16575,0,0
145432,0,0
189712,0,0
-84597,0,0
76869,0,0
165221,0,0
-113512,0,0
44646,0,0
179785,0,0
18547,0,0
73907,0,0
55360,0,0
-11360,0,0
189394,0,0
26164,0,0
-105554,0,0
46226,0,0
8873,0,0
-62354,0,0
28673,0,0
-30916,0,0
27630,0,0
139847,0,0
-58839,0,0
81941,0,0
3927,0,0
-193210,0,0
-121442,0,0
74401,0,0
-18319,0,0
-17303,0,0
-87615,0,0
62576,0,0
189996,0,0
6900,0,0
-153675,0,0
-164547,0,0
-154876,0,0
-95043,0,0
19067,0,0
-53455,0,0
120851,0,0
66755,0,0
-249709,0,0
-96257,0,0
44863,0,0
-121708,0,0
-193535,0,0
-45734,0,0
63528,0,0
37102,0,0
-132750,0,0
-83120,0,0
218608,0,0
9849,0,0
-120773,0,0
-33025,0,0
-95101,0,0
-93575,0,0
76811,0,0
8505,0,0
74218,0,0
164707,0,0
-68936,0,0
31800,0,0
96514,0,0
-135363,0,0
-34394,0,0
233185,0,0
112990,0,0
115769,0,0
35938,0,0
72239,0,0
103704,0,0
-35333,0,0
-20749,0,0
74017,0,0
22526,0,0
32796,0,0
180303,0,0
-33658,0,0
90700,0,0
233411,0,0
-63811,0,0
61301,0,0
32163,0,0
-203369,0,0
17568,0,0
266939,0,0
52452,0,0
12485,0,0
-27231,0,0
76338,0,0
171765,0,0
-89404,0,0
-104528,0,0
-17720,0,0
9460,0,0
40860,0,0
98283,0,0
-59322,0,0
41869,0,0
63382,0,0
-71881,0,0
-29479,0,0
-21509,0,0
-150832,0,0
-12672,0,0
141245,0,0
-62303,0,0
-72093,0,0
-63109,0,0
81371,0,0
256991,0,0
-107412,0,0
-228089,0,0
-16408,0,0
-52106,0,0
-147524,0,0
-29819,0,0
39461,0,0
276415,0,0
48400,0,0
-231366,0,0
65167,0,0
58385,0,0
-190846,0,0
-37943,0,0
148718,0,0
38159,0,0
107901,0,0
-19140,0,0
32612,0,0
176907,0,0
-24651,0,0
-51908,0,0
62310,0,0
-852,0,0
15661,0,0
94532,0,0
-47531,0,0
135446,0,0
189222,0,0
-24016,0,0
88128,0,0
20543,0,0
-201079,0,0
26861,0,0
210309,0,0
36823,0,0
109736,0,0
29292,0,0
67973,0,0
136125,0,0
-23284,0,0
-51850,0,0
113,0,0
8894,0,0
-22784,0,0
54839,0,0
-38484,0,0
194785,0,0
152360,0,0
-67629,0,0
37875,0,0
16557,0,0
-183794,0,0
-31932,0,0
140177,0,0
-13214,0,0
30585,0,0
-90789,0,0
59121,0,0
87657,0,0
-179924,0,0
-130206,0,0
-34372,0,0
57306,0,0
-133683,0,0
-136396,0,0
-165633,0,0
47255,0,0
96393,0,0
-126534,0,0
-74014,0,0
-141776,0,0
-307450,0,0
-144353,0,0
42692,0,0
-80241,0,0
-30854,0,0
51650,0,0
100828,0,0
-63244,0,0
-277939,0,0
-117358,0,0
-15738,0,0
-57376,0,0
-146224,0,0
25499,0,0
-76729,0,0
104610,0,0
63996,0,0
-212383,0,0
28947,0,0
43639,0,0
-187286,0,0
-8740,0,0
76927,0,0
-85892,0,0
106453,0,0
-88923,0,0
-83877,0,0
159512,0,0
-29183,0,0
-85236,0,0
-63910,0,0
-68301,0,0
86974,0,0
98788,0,0
-51374,0,0
198347,0,0
128074,0,0
-90622,0,0
68831,0,0
-53629,0,0
-179536,0,0
64467,0,0
332036,0,0
212972,0,0
122483,0,0
-127956,0,0
-2148,0,0
196837,0,0
34869,0,0
-39286,0,0
55537,0,0
43920,0,0
-30676,0,0
36693,0,0
-39829,0,0
217138,0,0
113717,0,0
-143723,0,0
-34388,0,0
-99721,0,0
-156350,0,0
-15179,0,0
166404,0,0
19214,0,0
-76613,0,0
-211394,0,0
-6355,0,0
160997,0,0
-136432,0,0
-193038,0,0
-127358,0,0
-59552,0,0
-36363,0,0
-11902,0,0
-155738,0,0
61989,0,0
-2075,0,0
-167181,0,0
-34574,0,0
-132206,0,0
-247218,0,0
-76642,0,0
90271,0,0
-14860,0,0
76397,0,0
33153,0,0
-86760,0,0
-53898,0,0
-128204,0,0
-110898,0,0
-58739,0,0
35554,0,0
-20576,0,0
-24006,0,0
-100211,0,0
130859,0,0
45691,0,0
-153784,0,0
101653,0,0
-16946,0,0
-140254,0,0
-23022,0,0
222006,0,0
42491,0,0
-1145,0,0
-161470,0,0
-24987,0,0
107963,0,0
-12822,0,0
97310,0,0
50668,0,0
20439,0,0
66372,0,0
78585,0,0
-119511,0,0
209396,0,0
167823,0,0
5931,0,0
122287,0,0
-58570,0,0
-155468,0,0
111756,0,0
306096,0,0
105635,0,0
169542,0,0
31665,0,0
148892,0,0
90470,0,0
-54588,0,0
22605,0,0
5933,0,0
15814,0,0
69500,0,0
128776,0,0
-143,0,0
268565,0,0
86540,0,0
-29060,0,0
157487,0,0
-29337,0,0
-140184,0,0
71936,0,0
276416,0,0
-483,0,0
45261,0,0
-46032,0,0
147215,0,0
95513,0,0
-96319,0,0
-36253,0,0
-22919,0,0
-17007,0,0
14838,0,0
39247,0,0
-61299,0,0
258229,0,0
35691,0,0
-275877,0,0
19338,0,0
-136047,0,0
-185751,0,0
-6621,0,0
119416,0,0
81732,0,0
94314,0,0
-202872,0,0
-52565,0,0
43477,0,0
-166064,0,0
-115396,0,0
-54942,0,0
-96613,0,0
41263,0,0
62043,0,0
-261464,0,0
31824,0,0
106856,0,0
6288,0,0
83770,0,0
-133825,0,0
-122974,0,0
4797,0,0
94385,0,0
10938,0,0
164808,0,0
-111782,0,0
51534,0,0
173585,0,0
-82178,0,0
25006,0,0
28425,0,0
94892,0,0
78491,0,0
131726,0,0
-146980,0,0
111865,0,0
64314,0,0
-35095,0,0
132483,0,0
-14408,0,0
30315,0,0
147488,0,0
158338,0,0
-70225,0,0
51502,0,0
-36612,0,0
170354,0,0
65493,0,0
-31236,0,0
135922,0,0
10952,0,0
13239,0,0
5432,0,0
53881,0,0
17010,0,0
380644,0,0
69276,0,0
-201484,0,0
122068,0,0
-41081,0,0
-136436,0,0
50905,0,0
209786,0,0
61930,0,0
63686,0,0
-144942,0,0
199262,0,0
90775,0,0
-289756,0,0
-32785,0,0
74608,0,0
-95482,0,0
-50050,0,0
28793,0,0
-189634,0,0
131943,0,0
-6440,0,0
-95428,0,0
39573,0,0
-213525,0,0
-278914,0,0
-38511,0,0
93129,0,0
-65260,0,0
36268,0,0
-297656,0,0
-83195,0,0
41512,0,0
-185386,0,0
-80871,0,0
-158688,0,0
-161158,0,0
-121982,0,0
-49934,0,0
-225023,0,0
105829,0,0
-77592,0,0
-156354,0,0
40197,0,0
-192957,0,0
-230134,0,0
-82547,0,0
61399,0,0
-37443,0,0
28004,0,0
-237428,0,0
58843,0,0
103907,0,0
-205278,0,0
-66481,0,0
-86090,0,0
-93031,0,0
82641,0,0
35012,0,0
-194801,0,0
218722,0,0
-47974,0,0
-194037,0,0
114150,0,0
-58455,0,0
-187010,0,0
4951,0,0
196817,0,0
46266,0,0
91114,0,0
-146663,0,0
163805,0,0
136878,0,0
-200737,0,0
-75790,0,0
-18831,0,0
-37338,0,0
55871,0,0
212362,0,0
39803,0,0
233106,0,0
-73813,0,0
-165427,0,0
142040,0,0
-88668,0,0
24123,0,0
98676,0,0
133800,0,0
66189,0,0
197952,0,0
-119217,0,0
-32812,0,0
169054,0,0
-34112,0,0
46599,0,0
27876,0,0
-25841,0,0
15928,0,0
48353,0,0
-102550,0,0
282630,0,0
-35271,0,0
-168339,0,0
114489,0,0
-140139,0,0
-207737,0,0
69329,0,0
147068,0,0
28742,0,0
48361,0,0
-295843,0,0
60830,0,0
160736,0,0
-216552,0,0
-120286,0,0
-94591,0,0
-61483,0,0
-29612,0,0
-18948,0,0
-114324,0,0
252800,0,0
-83099,0,0
-264190,0,0
77268,0,0
-138171,0,0
-161359,0,0
-22595,0,0
125075,0,0
-72237,0,0
-72021,0,0
-298055,0,0
-4139,0,0
69710,0,0
-148513,0,0
25292,0,0
-79437,0,0
-162219,0,0
-152383,0,0
-73947,0,0
-182027,0,0
200142,0,0
-127504,0,0
-78720,0,0
215310,0,0
-163068,0,0
-167450,0,0
42146,0,0
112811,0,0
9937,0,0
52592,0,0
-203536,0,0
110276,0,0
166929,0,0
-138668,0,0
-11736,0,0
-45788,0,0
96972,0,0
110074,0,0
-51034,0,0
-220854,0,0
203398,0,0
52364,0,0
1263,0,0
244936,0,0
-129362,0,0
-196309,0,0
39829,0,0
239251,0,0
46845,0,0
142871,0,0
-140719,0,0
103087,0,0
162304,0,0
-140075,0,0
48625,0,0
-1639,0,0
10302,0,0
105026,0,0
175967,0,0
-71534,0,0
192031,0,0
-42787,0,0
-82852,0,0
239218,0,0
-89614,0,0
-86041,0,0
27365,0,0
110920,0,0
73566,0,0
106849,0,0
-192762,0,0
134857,0,0
109106,0,0
-146239,0,0
-20506,0,0
-67477,0,0
-51651,0,0
-12511,0,0
16705,0,0
-57511,0,0
231115,0,0
-110573,0,0
-171736,0,0
94599,0,0
-237043,0,0
-192204,0,0
93352,0,0
153983,0,0
-41365,0,0
-10447,0,0
-270029,0,0
137040,0,0
40971,0,0
-336279,0,0
-18615,0,0
32653,0,0
-94788,0,0
-143150,0,0
12304,0,0
-63442,0,0
286151,0,0
-42934,0,0
-271209,0,0
28275,0,0
-229789,0,0
-188475,0,0
23287,0,0
36301,0,0
124482,0,0
221635,0,0
-239086,0,0
22758,0,0
82440,0,0
-267788,0,0
-29950,0,0
-8285,0,0
-42697,0,0
-29947,0,0
12328,0,0
-78723,0,0
323948,0,0
-36571,0,0
-129678,0,0
173935,0,0
-101576,0,0
-73247,0,0
132831,0,0
198609,0,0
56008,0,0
111650,0,0
-138436,0,0
162974,0,0
188038,0,0
-22490,0,0
86807,0,0
5609,0,0
18033,0,0
125109,0,0
92596,0,0
-22729,0,0
413422,0,0
78208,0,0
-83272,0,0
231499,0,0
-52920,0,0
-44470,0,0
71516,0,0
201509,0,0
61609,0,0
152087,0,0
-156599,0,0
170247,0,0
179993,0,0
-121829,0,0
53143,0,0
-27473,0,0
-45715,0,0
67140,0,0
29507,0,0
-114988,0,0
230104,0,0
-43501,0,0
-122652,0,0
273651,0,0
