-10554,0,0
241329,0,0
584013,0,0
571523,0,0
199246,0,0
266714,0,0
291046,0,0
134380,0,0
323157,0,0
432457,0,0
252384,0,0
708507,0,0
409177,0,0
221002,0,0
311587,0,0
-73031,0,0
-66673,0,0
264697,0,0
279800,0,0
364283,0,0
282379,0,0
-128711,0,0
105472,0,0
307561,0,0
152685,0,0
245934,0,0
280299,0,0
-21369,0,0
-21830,0,0
18397,0,0
-125367,0,0
268359,0,0
-54759,0,0
-66309,0,0
352032,0,0
302391,0,0
37287,0,0
115419,0,0
223269,0,0
-73671,0,0
-179061,0,0
-271979,0,0
-114249,0,0
-19096,0,0
-4585,0,0
270588,0,0
251004,0,0
-214287,0,0
-266065,0,0
78304,0,0
-39884,0,0
182728,0,0
-201325,0,0
-406901,0,0
21528,0,0
-73808,0,0
-149381,0,0
49140,0,0
-32143,0,0
351325,0,0
470051,0,0
-481216,0,0
-230707,0,0
225765,0,0
211349,0,0
81067,0,0
-87158,0,0
-65699,0,0
27154,0,0
-79451,0,0
-93286,0,0
141839,0,0
109396,0,0
-55082,0,0
42582,0,0
72263,0,0
222978,0,0
326293,0,0
-28805,0,0
-29117,0,0
-51438,0,0
-356755,0,0
-125906,0,0
145801,0,0
-241381,0,0
39789,0,0
241708,0,0
4246,0,0
-13989,0,0
204788,0,0
80046,0,0
111354,0,0
-97473,0,0
-49392,0,0
74807,0,0
-271607,0,0
-42219,0,0
277886,0,0
202072,0,0
-28159,0,0
-15324,0,0
215668,0,0
-277512,0,0
266269,0,0
165504,0,0
436341,0,0
455010,0,0
43206,0,0
-142303,0,0
-205714,0,0
-144018,0,0
346422,0,0
318026,0,0
277365,0,0
284600,0,0
71757,0,0
-246090,0,0
-49702,0,0
89439,0,0
109999,0,0
111399,0,0
18598,0,0
-69250,0,0
255852,0,0
-17346,0,0
-123623,0,0
-24141,0,0
-190648,0,0
-362236,0,0
-107806,0,0
-57058,0,0
136079,0,0
-16332,0,0
-270118,0,0
224596,0,0
312442,0,0
-107761,0,0
-367352,0,0
-287938,0,0
-87422,0,0
188781,0,0
-38092,0,0
-272455,0,0
-271756,0,0
-291676,0,0
170314,0,0
89349,0,0
105405,0,0
83658,0,0
-59123,0,0
-202747,0,0
-14370,0,0
145436,0,0
-194797,0,0
84286,0,0
59079,0,0
-224682,0,0
57116,0,0
16566,0,0
221847,0,0
397714,0,0
543471,0,0
108024,0,0
-38467,0,0
-334898,0,0
-50494,0,0
233011,0,0
-24066,0,0
-45522,0,0
346351,0,0
185219,0,0
156681,0,0
65814,0,0
-128944,0,0
116188,0,0
-111490,0,0
-199254,0,0
286653,0,0
603185,0,0
453575,0,0
194600,0,0
30502,0,0
-146531,0,0
293235,0,0
175375,0,0
362116,0,0
413521,0,0
234099,0,0
195508,0,0
225385,0,0
327843,0,0
529622,0,0
546180,0,0
370190,0,0
344783,0,0
214427,0,0
-41799,0,0
-33976,0,0
145639,0,0
308794,0,0
348898,0,0
88545,0,0
-138138,0,0
194699,0,0
271957,0,0
504490,0,0
594582,0,0
-122393,0,0
-357668,0,0
-163280,0,0
-150833,0,0
-25016,0,0
-15355,0,0
337949,0,0
522325,0,0
246343,0,0
-19962,0,0
185359,0,0
79480,0,0
-193799,0,0
-143627,0,0
-85528,0,0
-61465,0,0
336065,0,0
34022,0,0
-124238,0,0
-113622,0,0
-385597,0,0
-149874,0,0
193831,0,0
-236062,0,0
-378861,0,0
-372644,0,0
-237132,0,0
-35456,0,0
80567,0,0
-120359,0,0
57670,0,0
-151975,0,0
-272114,0,0
-174866,0,0
-152210,0,0
-203998,0,0
64069,0,0
-226322,0,0
-70796,0,0
259437,0,0
7447,0,0
122870,0,0
166091,0,0
90409,0,0
8186,0,0
99534,0,0
-304789,0,0
-55533,0,0
-107311,0,0
-115621,0,0
150263,0,0
-135126,0,0
-43609,0,0
201855,0,0
17483,0,0
-264274,0,0
-99002,0,0
-103972,0,0
-180187,0,0
75363,0,0
-189546,0,0
-145715,0,0
133078,0,0
93130,0,0
137393,0,0
356215,0,0
-159217,0,0
-276965,0,0
-127147,0,0
20692,0,0
189691,0,0
172673,0,0
40427,0,0
89428,0,0
-56350,0,0
-156286,0,0
217325,0,0
141448,0,0
262613,0,0
443868,0,0
288745,0,0
256126,0,0
-18391,0,0
-149212,0,0
23008,0,0
52577,0,0
84704,0,0
686938,0,0
567852,0,0
-102876,0,0
193120,0,0
118948,0,0
138950,0,0
284318,0,0
251400,0,0
-54981,0,0
230961,0,0
173901,0,0
192819,0,0
475350,0,0
4482,0,0
-49012,0,0
100494,0,0
117866,0,0
127278,0,0
147339,0,0
-152296,0,0
-62012,0,0
87863,0,0
-48987,0,0
198006,0,0
-133988,0,0
-196281,0,0
-132930,0,0
-11395,0,0
-412838,0,0
-98960,0,0
-130272,0,0
-46212,0,0
7316,0,0
-408785,0,0
-340896,0,0
-103416,0,0
-197161,0,0
-303698,0,0
-150051,0,0
-386729,0,0
-339578,0,0
-244680,0,0
-428076,0,0
46722,0,0
-253397,0,0
-220092,0,0
-406872,0,0
-584422,0,0
-997266,0,0
-36662,0,0
191985,0,0
246960,0,0
134282,0,0
-454599,0,0
-572020,0,0
-419189,0,0
-281500,0,0
-43544,0,0
-55521,0,0
-364702,0,0
-51174,0,0
47765,0,0
-241391,0,0
-101225,0,0
-96642,0,0
-236428,0,0
-245155,0,0
-256565,0,0
-445464,0,0
-207810,0,0
-418103,0,0
-368179,0,0
-186963,0,0
-473126,0,0
-479314,0,0
-501856,0,0
-416902,0,0
-467849,0,0
-293236,0,0
-556228,0,0
-389678,0,0
-274153,0,0
-606540,0,0
-409785,0,0
-466139,0,0
-88026,0,0
20352,0,0
-156804,0,0
-503633,0,0
-292793,0,0
-597627,0,0
-357067,0,0
44634,0,0
-131952,0,0
-100238,0,0
-72798,0,0
-286376,0,0
-346521,0,0
-28728,0,0
-418772,0,0
-252578,0,0
-131,0,0
-392058,0,0
-69925,0,0
-190638,0,0
-231481,0,0
-254431,0,0
-289787,0,0
-490100,0,0
-77800,0,0
-74607,0,0
-257651,0,0
-69433,0,0
-581266,0,0
-471219,0,0
-220760,0,0
-312444,0,0
-426097,0,0
-19584,0,0
-188615,0,0
-260561,0,0
49565,0,0
-244494,0,0
90145,0,0
-234177,0,0
-244751,0,0
-202888,0,0
-296841,0,0
-395429,0,0
242115,0,0
93884,0,0
98404,0,0
379363,0,0
48099,0,0
-175917,0,0
-176900,0,0
-111286,0,0
-116300,0,0
229396,0,0
-133051,0,0
296286,0,0
315313,0,0
-127220,0,0
388658,0,0
47520,0,0
4469,0,0
-45234,0,0
68517,0,0
-209982,0,0
-71785,0,0
-146631,0,0
3101,0,0
292521,0,0
-31451,0,0
-76600,0,0
23667,0,0
180329,0,0
-144450,0,0
251623,0,0
-335016,0,0
-66898,0,0
193788,0,0
-80175,0,0
159199,0,0
-194282,0,0
-126538,0,0
81837,0,0
273842,0,0
47736,0,0
211986,0,0
43928,0,0
-181731,0,0
135134,0,0
113426,0,0
80609,0,0
-109394,0,0
119104,0,0
127259,0,0
523215,0,0
-119743,0,0
-18798,0,0
161149,0,0
-369347,0,0
-261197,0,0
-16264,0,0
-41071,0,0
396221,0,0
219910,0,0
-14144,0,0
182806,0,0
-170768,0,0
-307611,0,0
86603,0,0
-162442,0,0
-113157,0,0
51434,0,0
93290,0,0
210637,0,0
378799,0,0
-232808,0,0
-270762,0,0
61119,0,0
-143883,0,0
254194,0,0
126657,0,0
-170500,0,0
-241661,0,0
-188780,0,0
-368914,0,0
238013,0,0
22181,0,0
192549,0,0
742300,0,0
73816,0,0
-313015,0,0
-389626,0,0
-193026,0,0
208368,0,0
238781,0,0
-241657,0,0
205600,0,0
667839,0,0
28071,0,0
52577,0,0
343986,0,0
521700,0,0
331028,0,0
253707,0,0
-111265,0,0
173834,0,0
386022,0,0
141468,0,0
465243,0,0
32840,0,0
77739,0,0
351508,0,0
533589,0,0
124254,0,0
377016,0,0
-153685,0,0
10347,0,0
492457,0,0
404828,0,0
485931,0,0
86800,0,0
68451,0,0
-77223,0,0
119694,0,0
-109260,0,0
397971,0,0
275729,0,0
103232,0,0
401938,0,0
407196,0,0
86761,0,0
50800,0,0
-40454,0,0
-102558,0,0
181102,0,0
-14908,0,0
52724,0,0
259292,0,0
-228110,0,0
60462,0,0
-85979,0,0
-25266,0,0
-167098,0,0
35568,0,0
-435676,0,0
-98596,0,0
-339017,0,0
-391807,0,0
-153876,0,0
-364663,0,0
-340146,0,0
-313333,0,0
-40981,0,0
-246775,0,0
16990,0,0
-405037,0,0
-352457,0,0
-237918,0,0
-414146,0,0
-105324,0,0
6399,0,0
-115364,0,0
-336155,0,0
-254779,0,0
-390418,0,0
184194,0,0
66897,0,0
-144009,0,0
111917,0,0
1431,0,0
-22039,0,0
-206534,0,0
-197137,0,0
-345497,0,0
36121,0,0
-172389,0,0
285495,0,0
694845,0,0
-129490,0,0
-162268,0,0
-117252,0,0
-232637,0,0
-97882,0,0
153001,0,0
-51700,0,0
380600,0,0
382391,0,0
-67060,0,0
55196,0,0
-107056,0,0
-2299,0,0
36267,0,0
141537,0,0
202357,0,0
730559,0,0
256839,0,0
279507,0,0
158369,0,0
-350054,0,0
72537,0,0
99322,0,0
106610,0,0
255376,0,0
371004,0,0
153544,0,0
355876,0,0
180776,0,0
-16691,0,0
220795,0,0
177222,0,0
14802,0,0
-47927,0,0
65357,0,0
-236753,0,0
189862,0,0
34017,0,0
339779,0,0
275918,0,0
-269728,0,0
57698,0,0
100854,0,0
-47369,0,0
-416,0,0
260956,0,0
-216569,0,0
221842,0,0
-69127,0,0
-344150,0,0
189619,0,0
101334,0,0
-32566,0,0
-394300,0,0
-227799,0,0
-93424,0,0
254914,0,0
-75552,0,0
114735,0,0
101304,0,0
-326613,0,0
40128,0,0
38255,0,0
-164478,0,0
4628,0,0
73640,0,0
-135099,0,0
185450,0,0
196667,0,0
18855,0,0
274582,0,0
156445,0,0
147228,0,0
-68729,0,0
-93423,0,0
17318,0,0
465813,0,0
87868,0,0
108468,0,0
481587,0,0
174912,0,0
482993,0,0
-31417,0,0
-85622,0,0
-106792,0,0
225277,0,0
33388,0,0
343804,0,0
405817,0,0
91543,0,0
270359,0,0
-121038,0,0
20703,0,0
184378,0,0
129125,0,0
-245573,0,0
83665,0,0
8479,0,0
227590,0,0
313250,0,0
-71975,0,0
98972,0,0
-80530,0,0
-255214,0,0
-54360,0,0
176782,0,0
220125,0,0
349086,0,0
123211,0,0
-173222,0,0
-120274,0,0
-174131,0,0
41189,0,0
15336,0,0
83471,0,0
-158395,0,0
101210,0,0
-325219,0,0
-122919,0,0
514787,0,0
-236139,0,0
-209233,0,0
-156412,0,0
61435,0,0
-16683,0,0
53411,0,0
-208894,0,0
266550,0,0
-77926,0,0
-392695,0,0
-63978,0,0
167861,0,0
260457,0,0
65527,0,0
14869,0,0
3087,0,0
382594,0,0
45538,0,0
119926,0,0
287471,0,0
-168999,0,0
86330,0,0
32921,0,0
20167,0,0
147804,0,0
180608,0,0
-78263,0,0
328730,0,0
57253,0,0
-231403,0,0
129604,0,0
-50705,0,0
55311,0,0
194827,0,0
87527,0,0
-197777,0,0
138603,0,0
-249793,0,0
-27943,0,0
207764,0,0
-177695,0,0
-159911,0,0
-8572,0,0
-54791,0,0
-77419,0,0
179671,0,0
-156720,0,0
-142222,0,0
-293138,0,0
-155961,0,0
371968,0,0
-64842,0,0
-12063,0,0
-204027,0,0
3149,0,0
-139087,0,0
188189,0,0
-224955,0,0
-56721,0,0
182025,0,0
-44363,0,0
8477,0,0
59644,0,0
-29686,0,0
-89136,0,0
99951,0,0
-205982,0,0
164433,0,0
76913,0,0
-54441,0,0
29274,0,0
-117964,0,0
-79404,0,0
36852,0,0
1276,0,0
4663,0,0
225870,0,0
-204400,0,0
-121293,0,0
160208,0,0
-379688,0,0
84058,0,0
167781,0,0
291180,0,0
177791,0,0
-237858,0,0
-512264,0,0
-126022,0,0
135662,0,0
-7409,0,0
350625,0,0
60629,0,0
-80487,0,0
-153758,0,0
-90295,0,0
-71305,0,0
378190,0,0
-154437,0,0
-109703,0,0
1100,0,0
-235702,0,0
-1700,0,0
18115,0,0
181551,0,0
211843,0,0
249828,0,0
-259686,0,0
16189,0,0
52892,0,0
-66638,0,0
259268,0,0
228279,0,0
-35411,0,0
-130020,0,0
168800,0,0
9611,0,0
281259,0,0
87023,0,0
81091,0,0
241778,0,0
120861,0,0
193542,0,0
152922,0,0
-88259,0,0
191904,0,0
128191,0,0
139017,0,0
476106,0,0
342764,0,0
131023,0,0
629024,0,0
279556,0,0
194889,0,0
303568,0,0
358263,0,0
267423,0,0
586163,0,0
257330,0,0
368182,0,0
615682,0,0
223708,0,0
376382,0,0
436380,0,0
429815,0,0
196460,0,0
278923,0,0
6643,0,0
270311,0,0
346395,0,0
220892,0,0
399651,0,0
225234,0,0
154311,0,0
-81023,0,0
-23485,0,0
-232898,0,0
158858,0,0
-116247,0,0
5501,0,0
246983,0,0
-115857,0,0
134096,0,0
164281,0,0
-121828,0,0
-279709,0,0
-75114,0,0
-192958,0,0
32411,0,0
-253435,0,0
-338158,0,0
48119,0,0
-176954,0,0
-322302,0,0
-167874,0,0
208072,0,0
56381,0,0
80450,0,0
-521790,0,0
-458734,0,0
40062,0,0
-297591,0,0
-11407,0,0
25484,0,0
133298,0,0
-170798,0,0
-5261,0,0
-236561,0,0
162509,0,0
-112103,0,0
-315491,0,0
-36107,0,0
80839,0,0
134751,0,0
129476,0,0
-141853,0,0
-89184,0,0
272336,0,0
103844,0,0
-14003,0,0
53714,0,0
-206166,0,0
61680,0,0
302172,0,0
142478,0,0
17659,0,0
223593,0,0
-97465,0,0
-92673,0,0
126049,0,0
309962,0,0
576084,0,0
297153,0,0
4180,0,0
165133,0,0
342075,0,0
-4148,0,0
273801,0,0
-10575,0,0
255118,0,0
520981,0,0
416048,0,0
415551,0,0
127336,0,0
-39296,0,0
27890,0,0
346720,0,0
258083,0,0
401939,0,0
198156,0,0
-80963,0,0
301165,0,0
283079,0,0
58100,0,0
126843,0,0
20471,0,0
111554,0,0
222325,0,0
24938,0,0
-22214,0,0
432186,0,0
124666,0,0
216704,0,0
179400,0,0
-125839,0,0
-203427,0,0
134529,0,0
-29285,0,0
96829,0,0
50203,0,0
-16087,0,0
448886,0,0
212962,0,0
20501,0,0
-66743,0,0
-64983,0,0
-149689,0,0
-49981,0,0
-33385,0,0
-130129,0,0
160454,0,0
172883,0,0
137497,0,0
349072,0,0
-33158,0,0
-143867,0,0
-4200,0,0
-313694,0,0
40770,0,0
312194,0,0
-13896,0,0
146862,0,0
56874,0,0
-77835,0,0
-28738,0,0
-40913,0,0
-27015,0,0
182249,0,0
-73827,0,0
-132634,0,0
25940,0,0
-156825,0,0
-36920,0,0
245614,0,0
248151,0,0
85428,0,0
-101552,0,0
-234511,0,0
83979,0,0
159567,0,0
36276,0,0
72290,0,0
-25762,0,0
-31080,0,0
-122180,0,0
6964,0,0
-35137,0,0
321498,0,0
296198,0,0
88422,0,0
194242,0,0
236035,0,0
-31118,0,0
149786,0,0
166998,0,0
326175,0,0
236551,0,0
-4758,0,0
153851,0,0
201312,0,0
24307,0,0
256225,0,0
209004,0,0
268948,0,0
254098,0,0
123286,0,0
-225831,0,0
10852,0,0
70531,0,0
159150,0,0
379645,0,0
-132614,0,0
-413149,0,0
-263237,0,0
-99786,0,0
-191445,0,0
-63822,0,0
-273127,0,0
-326765,0,0
-33520,0,0
-115058,0,0
300798,0,0
-90946,0,0
-518334,0,0
-570817,0,0
-312682,0,0
-393678,0,0
-113112,0,0
-138705,0,0
-41112,0,0
115836,0,0
-345316,0,0
-356061,0,0
-362616,0,0
-408707,0,0
-353963,0,0
-207256,0,0
-319961,0,0
-139740,0,0
151565,0,0
-166692,0,0
-179408,0,0
-253726,0,0
-364506,0,0
-229572,0,0
-267845,0,0
-269538,0,0
-173028,0,0
-126197,0,0
-54735,0,0
94354,0,0
-214868,0,0
-290224,0,0
43009,0,0
-134514,0,0
-309559,0,0
-105787,0,0
-156526,0,0
-134576,0,0
28833,0,0
-310826,0,0
14169,0,0
-69783,0,0
-238916,0,0
-21392,0,0
206147,0,0
-100250,0,0
-75643,0,0
-304073,0,0
-357393,0,0
-20244,0,0
123938,0,0
250914,0,0
-32478,0,0
-221032,0,0
-133225,0,0
143627,0,0
-67352,0,0
205913,0,0
276358,0,0
-137659,0,0
-114940,0,0
62349,0,0
-106940,0,0
-33658,0,0
323477,0,0
65884,0,0
861,0,0
17198,0,0
183596,0,0
581124,0,0
290618,0,0
-84599,0,0
-21026,0,0
113102,0,0
40521,0,0
162111,0,0
-1721,0,0
118394,0,0
233593,0,0
3051,0,0
156564,0,0
149231,0,0
-120999,0,0
-138507,0,0
-23410,0,0
-70819,0,0
-34124,0,0
20032,0,0
-273537,0,0
-70961,0,0
-273673,0,0
-366646,0,0
60261,0,0
74602,0,0
-273864,0,0
-374383,0,0
-412723,0,0
-168174,0,0
-157495,0,0
-275852,0,0
-158991,0,0
-54708,0,0
-385837,0,0
-479678,0,0
-292785,0,0
-444157,0,0
-149174,0,0
-264729,0,0
-418681,0,0
-255909,0,0
-447091,0,0
-687716,0,0
-340889,0,0
-284416,0,0
-314217,0,0
-542178,0,0
-611351,0,0
-587500,0,0
-298709,0,0
-453906,0,0
-386806,0,0
-251502,0,0
-280175,0,0
-406253,0,0
-423741,0,0
-537310,0,0
-322836,0,0
-195585,0,0
-251449,0,0
34849,0,0
-93265,0,0
-119504,0,0
-115061,0,0
-131607,0,0
-135061,0,0
-49452,0,0
-177964,0,0
-3718,0,0
203118,0,0
-105629,0,0
-66135,0,0
158668,0,0
146805,0,0
292915,0,0
294805,0,0
90905,0,0
-12876,0,0
-184641,0,0
-192352,0,0
368900,0,0
349673,0,0
143836,0,0
301407,0,0
156732,0,0
113265,0,0
-836,0,0
32651,0,0
79741,0,0
318499,0,0
109483,0,0
59973,0,0
-5008,0,0
-8258,0,0
27254,0,0
135739,0,0
107265,0,0
272384,0,0
154142,0,0
-178825,0,0
-50410,0,0
-115828,0,0
-219377,0,0
141357,0,0
-51394,0,0
-106254,0,0
-181145,0,0
-175841,0,0
-262379,0,0
28682,0,0
-51134,0,0
-131093,0,0
31939,0,0
-255154,0,0
-259264,0,0
-169695,0,0
-187756,0,0
-28009,0,0
100342,0,0
-111498,0,0
-198717,0,0
-116866,0,0
-59300,0,0
142515,0,0
127596,0,0
-26776,0,0
34088,0,0
-40387,0,0
-128324,0,0
-28374,0,0
-215614,0,0
-68990,0,0
100050,0,0
73928,0,0
332306,0,0
254367,0,0
-239181,0,0
-414762,0,0
-117889,0,0
-195843,0,0
221215,0,0
159258,0,0
-161329,0,0
-62312,0,0
-31585,0,0
14156,0,0
223561,0,0
-84397,0,0
-223974,0,0
140545,0,0
-76507,0,0
38902,0,0
326490,0,0
27694,0,0
-238287,0,0
51488,0,0
-75130,0,0
-12751,0,0
122414,0,0
-102778,0,0
234957,0,0
67877,0,0
-61432,0,0
38759,0,0
-42464,0,0
-72717,0,0
-71461,0,0
-26091,0,0
2995,0,0
296750,0,0
-93414,0,0
50866,0,0
88720,0,0
-114251,0,0
-70913,0,0
-53903,0,0
-227729,0,0
-34447,0,0
92934,0,0
130730,0,0
211356,0,0
183527,0,0
-206979,0,0
-19215,0,0
-117649,0,0
-94642,0,0
50123,0,0
-104509,0,0
-32694,0,0
103990,0,0
-270880,0,0
-338832,0,0
35824,0,0
175537,0,0
285749,0,0
40640,0,0
5995,0,0
-104492,0,0
34159,0,0
-169411,0,0
94896,0,0
171933,0,0
-16188,0,0
152297,0,0
42944,0,0
200019,0,0
313408,0,0
133559,0,0
-102443,0,0
80047,0,0
-463467,0,0
-313088,0,0
237945,0,0
350451,0,0
331378,0,0
209889,0,0
163762,0,0
110468,0,0
24919,0,0
-403876,0,0
-173310,0,0
-80606,0,0
-63907,0,0
177870,0,0
181925,0,0
211486,0,0
327797,0,0
10102,0,0
-226720,0,0
-32606,0,0
9589,0,0
-69406,0,0
168197,0,0
-171529,0,0
44439,0,0
184463,0,0
179148,0,0
-97255,0,0
-172156,0,0
-524563,0,0
-27504,0,0
329601,0,0
157495,0,0
35306,0,0
-178752,0,0
-257842,0,0
150482,0,0
315357,0,0
-139709,0,0
136392,0,0
-111472,0,0
-161793,0,0
140778,0,0
162813,0,0
-17395,0,0
15064,0,0
-28155,0,0
-50178,0,0
93000,0,0
-129800,0,0
-179117,0,0
64367,0,0
-133996,0,0
242565,0,0
80769,0,0
-129076,0,0
27796,0,0
-215383,0,0
-312856,0,0
172424,0,0
42245,0,0
-221281,0,0
57631,0,0
-80837,0,0
6317,0,0
34643,0,0
-79215,0,0
-215404,0,0
103675,0,0
-174523,0,0
-8168,0,0
370071,0,0
6369,0,0
81007,0,0
-12969,0,0
-106967,0,0
5686,0,0
40517,0,0
-125484,0,0
110499,0,0
-102422,0,0
-41290,0,0
183222,0,0
-114188,0,0
104238,0,0
141964,0,0
-65928,0,0
-113798,0,0
143684,0,0
-99480,0,0
-56003,0,0
117508,0,0
-110272,0,0
73713,0,0
-61953,0,0
-219606,0,0
181133,0,0
285646,0,0
-124136,0,0
221328,0,0
-69216,0,0
-110754,0,0
197315,0,0
58580,0,0
-49862,0,0
75922,0,0
347512,0,0
24202,0,0
200517,0,0
-171117,0,0
170628,0,0
345629,0,0
69050,0,0
70919,0,0
-29793,0,0
-111679,0,0
228781,0,0
197823,0,0
-84602,0,0
143974,0,0
146207,0,0
-110023,0,0
373479,0,0
19877,0,0
-135704,0,0
-105515,0,0
-154126,0,0
-150724,0,0
170423,0,0
-61751,0,0
193825,0,0
221081,0,0
-254125,0,0
-52673,0,0
-156874,0,0
-54925,0,0
245925,0,0
579857,0,0
-29365,0,0
13812,0,0
-205269,0,0
-89844,0,0
167118,0,0
-38807,0,0
132216,0,0
151168,0,0
195364,0,0
-38221,0,0
198680,0,0
-127335,0,0
-103015,0,0
31776,0,0
-229701,0,0
-1973,0,0
20483,0,0
-321233,0,0
-96050,0,0
-176455,0,0
-425525,0,0
-139146,0,0
-280078,0,0
-311574,0,0
-38821,0,0
-168987,0,0
-368323,0,0
-351688,0,0
-176667,0,0
-138754,0,0
-112743,0,0
-382323,0,0
-221923,0,0
-173338,0,0
-408737,0,0
12362,0,0
-59011,0,0
-117910,0,0
85060,0,0
-49663,0,0
-304701,0,0
24048,0,0
-49797,0,0
-274066,0,0
194194,0,0
-41468,0,0
-41278,0,0
-37939,0,0
-8284,0,0
-11160,0,0
144661,0,0
-234066,0,0
-65333,0,0
101800,0,0
-245510,0,0
57049,0,0
-2655,0,0
-186794,0,0
199954,0,0
101200,0,0
-225400,0,0
84037,0,0
5716,0,0
-223448,0,0
-27279,0,0
-188630,0,0
-110764,0,0
122479,0,0
429424,0,0
173005,0,0
158350,0,0
-312752,0,0
-7017,0,0
192453,0,0
-22417,0,0
236042,0,0
353659,0,0
75228,0,0
223749,0,0
120976,0,0
-230352,0,0
391298,0,0
303159,0,0
-31932,0,0
494936,0,0
224239,0,0
299001,0,0
98313,0,0
133054,0,0
143932,0,0
402974,0,0
90909,0,0
94423,0,0
358271,0,0
64115,0,0
240995,0,0
167527,0,0
11755,0,0
108891,0,0
274474,0,0
-56179,0,0
330535,0,0
215087,0,0
-45760,0,0
180593,0,0
-55567,0,0
-94334,0,0
-181325,0,0
-53488,0,0
-80653,0,0
111336,0,0
-211545,0,0
151224,0,0
242368,0,0
-109417,0,0
45487,0,0
-63332,0,0
-229622,0,0
-56812,0,0
14828,0,0
-274274,0,0
246995,0,0
107358,0,0
-170876,0,0
37275,0,0
-88744,0,0
-118406,0,0
-22427,0,0
77612,0,0
-72062,0,0
219848,0,0
-286806,0,0
94964,0,0
297182,0,0
-196722,0,0
-1698,0,0
64279,0,0
-142082,0,0
-24289,0,0
156729,0,0
-111361,0,0
209145,0,0
-113,0,0
-161704,0,0
217406,0,0
-150228,0,0
72059,0,0
3331,0,0
-68726,0,0
62100,0,0
649058,0,0
4533,0,0
-133251,0,0
-60621,0,0
-295469,0,0
213453,0,0
172750,0,0
-44678,0,0
217792,0,0
397334,0,0
51749,0,0
194937,0,0
-197623,0,0
-322041,0,0
20702,0,0
-5349,0,0
-54576,0,0
241301,0,0
472125,0,0
129911,0,0
253208,0,0
-276046,0,0
-250117,0,0
164320,0,0
-49002,0,0
69715,0,0
-43990,0,0
-29067,0,0
28421,0,0
-12201,0,0
-241272,0,0
208407,0,0
80397,0,0
-160157,0,0
37675,0,0
-170079,0,0
-213582,0,0
-117784,0,0
101687,0,0
-136556,0,0
-54056,0,0
-484432,0,0
-336335,0,0
-69355,0,0
-491374,0,0
-136902,0,0
127691,0,0
-224252,0,0
-186901,0,0
-157744,0,0
-684627,0,0
-328931,0,0
-276134,0,0
-461172,0,0
-171541,0,0
-266834,0,0
-172354,0,0
-155551,0,0
-332914,0,0
-402664,0,0
-64476,0,0
-392007,0,0
-72699,0,0
47491,0,0
-200612,0,0
-115796,0,0
-61577,0,0
-174399,0,0
-84456,0,0
120605,0,0
-209970,0,0
204072,0,0
4515,0,0
-232036,0,0
159662,0,0
44145,0,0
60114,0,0
186878,0,0
297763,0,0
-23003,0,0
251511,0,0
-13348,0,0
143898,0,0
236940,0,0
-241521,0,0
195163,0,0
230292,0,0
203872,0,0
287496,0,0
247805,0,0
-78435,0,0
132178,0,0
-20965,0,0
-218738,0,0
344679,0,0
89640,0,0
37638,0,0
88514,0,0
58900,0,0
121536,0,0
442418,0,0
48722,0,0
-163198,0,0
-123464,0,0
-344873,0,0
74719,0,0
203577,0,0
314443,0,0
128031,0,0
269492,0,0
-248017,0,0
-43698,0,0
-23240,0,0
96316,0,0
310303,0,0
95367,0,0
128282,0,0
180983,0,0
142672,0,0
-3889,0,0
253160,0,0
42517,0,0
81445,0,0
278706,0,0
-148636,0,0
192857,0,0
461041,0,0
237804,0,0
64014,0,0
170529,0,0
-15173,0,0
312185,0,0
280583,0,0
-16735,0,0
301490,0,0
-86782,0,0
17249,0,0
119879,0,0
329501,0,0
64199,0,0
246361,0,0
-33120,0,0
153520,0,0
230286,0,0
-209000,0,0
60381,0,0
42968,0,0
70596,0,0
46631,0,0
52807,0,0
-366413,0,0
148825,0,0
-47346,0,0
-105633,0,0
239361,0,0
34323,0,0
-54797,0,0
-118192,0,0
-4236,0,0
-261680,0,0
40299,0,0
-321443,0,0
-141881,0,0
221369,0,0
-346759,0,0
-125306,0,0
21667,0,0
-75180,0,0
114551,0,0
126609,0,0
-135575,0,0
59507,0,0
-56048,0,0
-215594,0,0
145698,0,0
9290,0,0
187906,0,0
293621,0,0
294727,0,0
-93661,0,0
76647,0,0
-148193,0,0
328647,0,0
518925,0,0
174638,0,0
297882,0,0
181685,0,0
132318,0,0
205846,0,0
346614,0,0
-31383,0,0
184687,0,0
278795,0,0
104173,0,0
464163,0,0
190180,0,0
13634,0,0
46496,0,0
104053,0,0
-48413,0,0
265937,0,0
5149,0,0
93256,0,0
301885,0,0
2081,0,0
-58045,0,0
11106,0,0
57325,0,0
4400,0,0
-71567,0,0
-171669,0,0
165955,0,0
224655,0,0
-161720,0,0
11022,0,0
-9604,0,0
-228794,0,0
-99784,0,0
88325,0,0
-67103,0,0
73259,0,0
87696,0,0
110910,0,0
283315,0,0
-338598,0,0
-131605,0,0
-46603,0,0
25021,0,0
101203,0,0
222815,0,0
85887,0,0
-24415,0,0
-112195,0,0
-344692,0,0
-63028,0,0
14525,0,0
61670,0,0
29761,0,0
-82754,0,0
-271277,0,0
-12556,0,0
-314564,0,0
-65238,0,0
282012,0,0
-77591,0,0
-212100,0,0
-98818,0,0
-145251,0,0
-203233,0,0
-35325,0,0
-296192,0,0
2426,0,0
7062,0,0
-47724,0,0
62765,0,0
-11439,0,0
-23428,0,0
-154301,0,0
-142924,0,0
-20515,0,0
126038,0,0
-93101,0,0
196126,0,0
180843,0,0
-155912,0,0
-63643,0,0
90806,0,0
-11034,0,0
-72747,0,0
315649,0,0
-69634,0,0
216324,0,0
250388,0,0
-14018,0,0
248629,0,0
140194,0,0
43617,0,0
-169262,0,0
82976,0,0
67309,0,0
432018,0,0
81945,0,0
210657,0,0
267991,0,0
-142096,0,0
26362,0,0
196268,0,0
63956,0,0
47381,0,0
184408,0,0
-176444,0,0
162403,0,0
270071,0,0
-57065,0,0
154634,0,0
200953,0,0
-5437,0,0
-106641,0,0
69637,0,0
-185047,0,0
275698,0,0
166686,0,0
58250,0,0
219281,0,0
-180681,0,0
516,0,0
-16134,0,0
-55895,0,0
18206,0,0
329386,0,0
108055,0,0
221697,0,0
50065,0,0
-155152,0,0
89739,0,0
36938,0,0
-36652,0,0
-82327,0,0
124365,0,0
-40146,0,0
275779,0,0
-67410,0,0
-60366,0,0
26864,0,0
-133097,0,0
-76005,0,0
132404,0,0
-19861,0,0
99337,0,0
201459,0,0
-124583,0,0
-217006,0,0
-122247,0,0
-264841,0,0
106491,0,0
58253,0,0
13253,0,0
-15508,0,0
169928,0,0
7809,0,0
230412,0,0
-114479,0,0
-222786,0,0
-51132,0,0
-322841,0,0
-51004,0,0
160096,0,0
-35624,0,0
109856,0,0
278975,0,0
-175785,0,0
-81959,0,0
26801,0,0
-129901,0,0
44799,0,0
-55656,0,0
103893,0,0
-74743,0,0
15619,0,0
-119784,0,0
228019,0,0
-34935,0,0
-100260,0,0
2389,0,0
-219833,0,0
-99287,0,0
5333,0,0
243317,0,0
204309,0,0
40612,0,0
-361244,0,0
-268057,0,0
-16661,0,0
-149279,0,0
106637,0,0
57673,0,0
-221140,0,0
-337889,0,0
-34847,0,0
-58989,0,0
389458,0,0
-13527,0,0
-141727,0,0
-3021,0,0
-108560,0,0
28507,0,0
78324,0,0
-128534,0,0
-10484,0,0
40624,0,0
-60661,0,0
36874,0,0
181224,0,0
-162047,0,0
25464,0,0
259353,0,0
115520,0,0
105378,0,0
250677,0,0
-132943,0,0
-53916,0,0
-198154,0,0
-53982,0,0
466424,0,0
272927,0,0
197360,0,0
-40026,0,0
-68861,0,0
143904,0,0
293789,0,0
-79225,0,0
-104180,0,0
135244,0,0
-36837,0,0
81107,0,0
68722,0,0
-13880,0,0
-11551,0,0
98180,0,0
-61285,0,0
20110,0,0
-252872,0,0
-315886,0,0
-30707,0,0
-37537,0,0
-225211,0,0
-12763,0,0
-192556,0,0
-139829,0,0
59729,0,0
-228443,0,0
-423413,0,0
-359860,0,0
-383153,0,0
-7447,0,0
-76827,0,0
-197293,0,0
-247625,0,0
-162705,0,0
-275615,0,0
12949,0,0
-123566,0,0
-402177,0,0
-143286,0,0
-272052,0,0
-345092,0,0
-47808,0,0
-9019,0,0
213771,0,0
-32726,0,0
-368434,0,0
-217286,0,0
13224,0,0
-59632,0,0
184988,0,0
23706,0,0
-85790,0,0
-91416,0,0
172752,0,0
-83805,0,0
128481,0,0
10608,0,0
-112901,0,0
285519,0,0
224469,0,0
377881,0,0
157113,0,0
-130217,0,0
-125040,0,0
252307,0,0
178879,0,0
308074,0,0
344704,0,0
34820,0,0
230714,0,0
222609,0,0
81711,0,0
134320,0,0
205629,0,0
244176,0,0
272385,0,0
110740,0,0
60061,0,0
233976,0,0
38964,0,0
-1006,0,0
129429,0,0
214878,0,0
152413,0,0
169792,0,0
30922,0,0
-203663,0,0
-103843,0,0
-291512,0,0
2636,0,0
274542,0,0
139612,0,0
-35682,0,0
-101,0,0
-116793,0,0
-177053,0,0
-347990,0,0
-408964,0,0
-7116,0,0
-61966,0,0
-93968,0,0
171088,0,0
70749,0,0
-187164,0,0
-195764,0,0
-422287,0,0
-354173,0,0
2406,0,0
-130618,0,0
60894,0,0
119710,0,0
-229357,0,0
-404455,0,0
-249119,0,0
-386810,0,0
-206294,0,0
-44175,0,0
-157028,0,0
198310,0,0
313661,0,0
-366001,0,0
-409370,0,0
-417408,0,0
-115289,0,0
213315,0,0
-49798,0,0
-133448,0,0
-166911,0,0
-331947,0,0
-152717,0,0
141753,0,0
141707,0,0
83160,0,0
26318,0,0
-37433,0,0
303462,0,0
63518,0,0
-236857,0,0
-65172,0,0
-36022,0,0
12459,0,0
450802,0,0
346824,0,0
110330,0,0
147001,0,0
-89644,0,0
85146,0,0
345138,0,0
123744,0,0
236382,0,0
156201,0,0
83206,0,0
302932,0,0
292521,0,0
16317,0,0
180631,0,0
146344,0,0
-74166,0,0
11362,0,0
211372,0,0
35783,0,0
218735,0,0
40488,0,0
-139750,0,0
27273,0,0
-10061,0,0
-52942,0,0
59038,0,0
-12702,0,0
85148,0,0
39858,0,0
-53145,0,0
-196700,0,0
-34175,0,0
-210679,0,0
79968,0,0
141703,0,0
-128349,0,0
62541,0,0
86652,0,0
-185089,0,0
-142680,0,0
-58007,0,0
-96576,0,0
-35907,0,0
-141457,0,0
-234127,0,0
-54455,0,0
-364910,0,0
14397,0,0
455213,0,0
-73158,0,0
-221878,0,0
-238249,0,0
-232480,0,0
-212927,0,0
-76897,0,0
-220548,0,0
124150,0,0
151669,0,0
-62641,0,0
119230,0,0
62138,0,0
-19483,0,0
186255,0,0
-103549,0,0
-116669,0,0
-45646,0,0
-73409,0,0
203146,0,0
417023,0,0
114194,0,0
196272,0,0
192899,0,0
-214732,0,0
53224,0,0
224159,0,0
-31695,0,0
203684,0,0
56130,0,0
-115281,0,0
118092,0,0
231527,0,0
167760,0,0
205536,0,0
-86284,0,0
-197309,0,0
10683,0,0
-337642,0,0
-157565,0,0
137823,0,0
-82532,0,0
-181890,0,0
17006,0,0
-156260,0,0
-31111,0,0
-265648,0,0
-514056,0,0
-133357,0,0
-91357,0,0
-242322,0,0
183396,0,0
80308,0,0
-327276,0,0
-243019,0,0
-216424,0,0
-143095,0,0
-97369,0,0
-141165,0,0
-99809,0,0
84296,0,0
-240903,0,0
-228344,0,0
69563,0,0
-123694,0,0
-224742,0,0
-263909,0,0
-370107,0,0
202656,0,0
372672,0,0
121439,0,0
172346,0,0
-255472,0,0
-327182,0,0
-140849,0,0
21869,0,0
-207536,0,0
81971,0,0
18106,0,0
-101618,0,0
219824,0,0
303218,0,0
343449,0,0
283382,0,0
81445,0,0
117174,0,0
44049,0,0
-188417,0,0
13284,0,0
170847,0,0
96873,0,0
365730,0,0
351121,0,0
299283,0,0
262114,0,0
33203,0,0
-115808,0,0
230882,0,0
60014,0,0
111845,0,0
330298,0,0
111308,0,0
85998,0,0
195378,0,0
39211,0,0
-49814,0,0
44309,0,0
-245862,0,0
209942,0,0
217928,0,0
-69238,0,0
91102,0,0
217078,0,0
15458,0,0
203101,0,0
-137956,0,0
-341941,0,0
112966,0,0
19032,0,0
52389,0,0
234487,0,0
-129979,0,0
-160390,0,0
-89625,0,0
-164479,0,0
47824,0,0
299947,0,0
-73623,0,0
-83206,0,0
-124565,0,0
-427361,0,0
-56761,0,0
25079,0,0
-198319,0,0
20466,0,0
-35104,0,0
-380489,0,0
-215873,0,0
-531075,0,0
-501387,0,0
-127592,0,0
-206368,0,0
-76534,0,0
-82837,0,0
-356354,0,0
-137979,0,0
65386,0,0
-466279,0,0
-295533,0,0
-136730,0,0
-457530,0,0
-91459,0,0
-58662,0,0
-112762,0,0
99471,0,0
200586,0,0
-226562,0,0
50628,0,0
-52024,0,0
-133568,0,0
287432,0,0
55341,0,0
110404,0,0
38196,0,0
-220333,0,0
-235998,0,0
-36557,0,0
-187172,0,0
187056,0,0
-23336,0,0
-392677,0,0
-160861,0,0
-36042,0,0
-70392,0,0
22013,0,0
-206362,0,0
-427544,0,0
49675,0,0
-117593,0,0
-302179,0,0
-93107,0,0
-271236,0,0
-86439,0,0
18938,0,0
-34461,0,0
94674,0,0
174780,0,0
-81319,0,0
-11647,0,0
166950,0,0
-100138,0,0
277318,0,0
151414,0,0
-4881,0,0
222004,0,0
238792,0,0
132005,0,0
142482,0,0
-174720,0,0
-67483,0,0
454174,0,0
216816,0,0
347497,0,0
438699,0,0
46393,0,0
-33482,0,0
321647,0,0
121426,0,0
133980,0,0
210159,0,0
90723,0,0
419056,0,0
318112,0,0
229198,0,0
300575,0,0
200288,0,0
-148208,0,0
380611,0,0
131370,0,0
-35779,0,0
138272,0,0
-8670,0,0
52090,0,0
31026,0,0
70083,0,0
46300,0,0
39319,0,0
-211924,0,0
-198990,0,0
-348598,0,0
-525981,0,0
228206,0,0
86328,0,0
-60231,0,0
-113318,0,0
-101879,0,0
-344288,0,0
43865,0,0
-334549,0,0
-338016,0,0
-22035,0,0
-113025,0,0
-42782,0,0
57575,0,0
35944,0,0
-109234,0,0
-155446,0,0
-520679,0,0
-160096,0,0
88034,0,0
-24031,0,0
198350,0,0
-63058,0,0
-256919,0,0
-250612,0,0
-140884,0,0
-282648,0,0
-25604,0,0
-144358,0,0
-192627,0,0
-15284,0,0
-126416,0,0
124521,0,0
330131,0,0
-162470,0,0
-404176,0,0
-149554,0,0
-238070,0,0
59255,0,0
67108,0,0
-329349,0,0
4412,0,0
-80090,0,0
-116498,0,0
143003,0,0
143431,0,0
-114596,0,0
151407,0,0
-161994,0,0
-329026,0,0
111954,0,0
40648,0,0
38881,0,0
127741,0,0
-25892,0,0
-25882,0,0
217135,0,0
55876,0,0
239539,0,0
135532,0,0
-138454,0,0
186050,0,0
169997,0,0
90875,0,0
-38581,0,0
126227,0,0
-258619,0,0
135277,0,0
56033,0,0
-55636,0,0
205936,0,0
-44011,0,0
-155659,0,0
-244969,0,0
-101499,0,0
35804,0,0
210041,0,0
-206091,0,0
-92049,0,0
145901,0,0
-547306,0,0
-178461,0,0
-214521,0,0
-93782,0,0
204840,0,0
195450,0,0
-325198,0,0
-21327,0,0
-285157,0,0
-282357,0,0
72255,0,0
-160879,0,0
-68750,0,0
-60383,0,0
-86710,0,0
-365042,0,0
-1940,0,0
-384396,0,0
-188885,0,0
234831,0,0
6636,0,0
-38387,0,0
-381580,0,0
-256258,0,0
69996,0,0
20128,0,0
-299252,0,0
-32346,0,0
-145975,0,0
-214772,0,0
123691,0,0
-259265,0,0
-8449,0,0
79832,0,0
191306,0,0
-66067,0,0
-52673,0,0
-141342,0,0
198360,0,0
160357,0,0
-169040,0,0
295903,0,0
189465,0,0
96818,0,0
80022,0,0
284080,0,0
29286,0,0
410518,0,0
49020,0,0
-152298,0,0
367012,0,0
21928,0,0
-241,0,0
195856,0,0
250287,0,0
79280,0,0
398701,0,0
-59953,0,0
103743,0,0
323016,0,0
-59418,0,0
-5994,0,0
-107899,0,0
-196083,0,0
-125539,0,0
142928,0,0
127381,0,0
575480,0,0
77822,0,0
-389493,0,0
209775,0,0
43922,0,0
196915,0,0
154156,0,0
63775,0,0
-328330,0,0
77023,0,0
-14966,0,0
117887,0,0
198396,0,0
-85877,0,0
468621,0,0
222619,0,0
121688,0,0
-96212,0,0
-77445,0,0
-396164,0,0
59097,0,0
79238,0,0
133634,0,0
579217,0,0
206299,0,0
116685,0,0
-87968,0,0
-157775,0,0
-222094,0,0
101180,0,0
29314,0,0
355084,0,0
336844,0,0
-44028,0,0
119174,0,0
-42948,0,0
-95428,0,0
56181,0,0
96002,0,0
-258405,0,0
182994,0,0
18019,0,0
-192250,0,0
343648,0,0
35591,0,0
-183327,0,0
-152534,0,0
-104819,0,0
-236873,0,0
52257,0,0
-428239,0,0
79197,0,0
287250,0,0
-140815,0,0
42623,0,0
-98811,0,0
-174475,0,0
-128182,0,0
-138773,0,0
-418760,0,0
-64592,0,0
-341579,0,0
-272909,0,0
309485,0,0
149849,0,0
50471,0,0
-375014,0,0
-171611,0,0
-308192,0,0
15924,0,0
-266449,0,0
-73480,0,0
117358,0,0
-245061,0,0
-95053,0,0
24886,0,0
46378,0,0
164732,0,0
227336,0,0
-168781,0,0
-17839,0,0
-134327,0,0
-247142,0,0
315101,0,0
-44214,0,0
158380,0,0
207237,0,0
137447,0,0
-189900,0,0
-1664,0,0
-368283,0,0
-27358,0,0
140166,0,0
-190976,0,0
10099,0,0
-46421,0,0
-262194,0,0
-2467,0,0
266825,0,0
-175869,0,0
43259,0,0
-205761,0,0
-338102,0,0
17440,0,0
-161032,0,0
2839,0,0
76128,0,0
-36123,0,0
-193813,0,0
143737,0,0
-222046,0,0
-71077,0,0
-50214,0,0
-229352,0,0
272924,0,0
221083,0,0
-11450,0,0
-14928,0,0
59313,0,0
-252034,0,0
50007,0,0
11943,0,0
74938,0,0
330218,0,0
-42920,0,0
21981,0,0
45243,0,0
130896,0,0
98069,0,0
590736,0,0
113817,0,0
101657,0,0
43347,0,0
-218927,0,0
187468,0,0
109771,0,0
-28721,0,0
51261,0,0
57172,0,0
-277931,0,0
71782,0,0
5824,0,0
35675,0,0
219438,0,0
-186386,0,0
-287711,0,0
-262760,0,0
-126747,0,0
-4694,0,0
211959,0,0
-271214,0,0
-211681,0,0
-84267,0,0
-263993,0,0
-72196,0,0
51286,0,0
-55908,0,0
-82183,0,0
8952,0,0
-164590,0,0
72000,0,0
-146582,0,0
-412608,0,0
246852,0,0
108120,0,0
64666,0,0
44914,0,0
64489,0,0
-306374,0,0
-11134,0,0
-189554,0,0
135285,0,0
297907,0,0
37979,0,0
198440,0,0
79585,0,0
19481,0,0
233410,0,0
348492,0,0
-255267,0,0
164207,0,0
272387,0,0
155435,0,0
429270,0,0
57261,0,0
33208,0,0
111141,0,0
194019,0,0
-22563,0,0
170886,0,0
-134721,0,0
115872,0,0
364643,0,0
-26204,0,0
-701,0,0
-104444,0,0
-180532,0,0
-107190,0,0
49221,0,0
-307314,0,0
45786,0,0
118267,0,0
-313916,0,0
18380,0,0
-217372,0,0
-208047,0,0
-255530,0,0
-98451,0,0
-223002,0,0
65487,0,0
-46134,0,0
92996,0,0
122226,0,0
-243885,0,0
11610,0,0
-17221,0,0
-37197,0,0
104708,0,0
73948,0,0
-187319,0,0
214939,0,0
103880,0,0
-7548,0,0
207259,0,0
31467,0,0
262826,0,0
319299,0,0
323238,0,0
-89667,0,0
163725,0,0
-108305,0,0
206827,0,0
611150,0,0
283054,0,0
214664,0,0
230303,0,0
201403,0,0
104360,0,0
149396,0,0
-11790,0,0
230356,0,0
358827,0,0
21707,0,0
123750,0,0
-16905,0,0
121262,0,0
137032,0,0
99799,0,0
-177970,0,0
151617,0,0
-8036,0,0
130120,0,0
-113761,0,0
-400553,0,0
-333884,0,0
-186413,0,0
-165388,0,0
-26901,0,0
133961,0,0
-133270,0,0
22920,0,0
-256621,0,0
-445532,0,0
37799,0,0
-179983,0,0
-126490,0,0
-154708,0,0
-131647,0,0
-265627,0,0
-5343,0,0
-104218,0,0
-33197,0,0
32652,0,0
-266678,0,0
-71159,0,0
270040,0,0
215550,0,0
50396,0,0
-11661,0,0
-213089,0,0
91012,0,0
66342,0,0
-43298,0,0
399999,0,0
205385,0,0
190052,0,0
21646,0,0
214429,0,0
-43293,0,0
124041,0,0
-458,0,0
-46743,0,0
165860,0,0
-136872,0,0
62241,0,0
160850,0,0
198995,0,0
-57603,0,0
-40726,0,0
-264419,0,0
47093,0,0
218516,0,0
-37901,0,0
-3567,0,0
-18748,0,0
-63672,0,0
213601,0,0
142462,0,0
89744,0,0
406438,0,0
18120,0,0
96379,0,0
351233,0,0
86011,0,0
154399,0,0
284129,0,0
329507,0,0
381836,0,0
462261,0,0
-20985,0,0
150800,0,0
73098,0,0
245675,0,0
505896,0,0
478658,0,0
313781,0,0
82172,0,0
167777,0,0
-75292,0,0
96787,0,0
-8330,0,0
37845,0,0
341425,0,0
198048,0,0
199233,0,0
50881,0,0
-42122,0,0
163800,0,0
267645,0,0
-119109,0,0
-202913,0,0
-133837,0,0
-245941,0,0
-84390,0,0
-36860,0,0
-77573,0,0
-139655,0,0
23769,0,0
-273044,0,0
76048,0,0
-234936,0,0
-391303,0,0
-125199,0,0
-125123,0,0
-282005,0,0
-166433,0,0
-199084,0,0
-378674,0,0
-322508,0,0
-514275,0,0
-194483,0,0
-73478,0,0
-227048,0,0
45611,0,0
-246202,0,0
-521093,0,0
-307090,0,0
-174919,0,0
-119704,0,0
135183,0,0
-197381,0,0
-442604,0,0
-6346,0,0
-198933,0,0
-29718,0,0
-12762,0,0
-89107,0,0
-155693,0,0
133852,0,0
-61441,0,0
-35837,0,0
74479,0,0
17644,0,0
310162,0,0
124469,0,0
-64715,0,0
-124989,0,0
17049,0,0
-56330,0,0
230650,0,0
-58068,0,0
55612,0,0
63220,0,0
-11258,0,0
67213,0,0
221430,0,0
-30076,0,0
225578,0,0
146124,0,0
-115673,0,0
-54372,0,0
23451,0,0
-182492,0,0
181362,0,0
216093,0,0
136319,0,0
-30136,0,0
18518,0,0
81205,0,0
369607,0,0
373849,0,0
109603,0,0
107521,0,0
-63361,0,0
-68711,0,0
-36578,0,0
149813,0,0
193311,0,0
551547,0,0
274774,0,0
246732,0,0
-44989,0,0
-193020,0,0
29334,0,0
296682,0,0
323491,0,0
173051,0,0
266222,0,0
65601,0,0
264490,0,0
109692,0,0
28421,0,0
338799,0,0
39947,0,0
38133,0,0
399215,0,0
228664,0,0
108674,0,0
-2521,0,0
-143459,0,0
14340,0,0
208771,0,0
65383,0,0
181179,0,0
222980,0,0
93436,0,0
-229294,0,0
-94750,0,0
-151587,0,0
74224,0,0
28528,0,0
-56036,0,0
208353,0,0
-207269,0,0
-14943,0,0
53125,0,0
42814,0,0
-113449,0,0
-90818,0,0
-284327,0,0
-165999,0,0
104998,0,0
-30998,0,0
-14067,0,0
-72923,0,0
-92560,0,0
-33856,0,0
224059,0,0
-78243,0,0
94546,0,0
-20588,0,0
-105278,0,0
134827,0,0
-170744,0,0
-185415,0,0
97819,0,0
163137,0,0
154505,0,0
246629,0,0
-59097,0,0
-84148,0,0
3056,0,0
-41254,0,0
171450,0,0
57669,0,0
-164027,0,0
-102465,0,0
-173124,0,0
-189248,0,0
283783,0,0
156767,0,0
60542,0,0
56055,0,0
-237215,0,0
-264369,0,0
-100254,0,0
-70608,0,0
-26743,0,0
367115,0,0
65322,0,0
82737,0,0
-32924,0,0
-240728,0,0
-177442,0,0
-58405,0,0
-195094,0,0
-61623,0,0
81480,0,0
107212,0,0
297759,0,0
190004,0,0
-285453,0,0
-224768,0,0
-278230,0,0
-183177,0,0
69209,0,0
48361,0,0
-100815,0,0
53196,0,0
-125879,0,0
-92638,0,0
74270,0,0
-105253,0,0
79289,0,0
187137,0,0
-29180,0,0
-244072,0,0
7817,0,0
7275,0,0
170093,0,0
169186,0,0
-77383,0,0
199099,0,0
49952,0,0
-165675,0,0
236236,0,0
96257,0,0
4821,0,0
243595,0,0
-72728,0,0
57957,0,0
285789,0,0
-73114,0,0
68776,0,0
64124,0,0
-139016,0,0
-75026,0,0
128155,0,0
-118621,0,0
312571,0,0
-1041,0,0
-277166,0,0
21235,0,0
-80776,0,0
-125301,0,0
59245,0,0
-100587,0,0
-189594,0,0
-105686,0,0
-201664,0,0
-90974,0,0
167738,0,0
-56352,0,0
-119625,0,0
-34855,0,0
-161892,0,0
-98858,0,0
204171,0,0
-41439,0,0
24645,0,0
14995,0,0
-51687,0,0
112292,0,0
-59638,0,0
-77116,0,0
357300,0,0
63184,0,0
-55992,0,0
45472,0,0
-24467,0,0
92399,0,0
124358,0,0
-221434,0,0
81898,0,0
237932,0,0
-173655,0,0
-91344,0,0
96182,0,0
42991,0,0
206046,0,0
237682,0,0
-51835,0,0
270974,0,0
-137492,0,0
-213104,0,0
199599,0,0
189699,0,0
197376,0,0
145323,0,0
205013,0,0
165350,0,0
336015,0,0
151793,0,0
159772,0,0
351862,0,0
54422,0,0
114154,0,0
131582,0,0
91222,0,0
220395,0,0
233958,0,0
-7125,0,0
330142,0,0
194498,0,0
-129778,0,0
102256,0,0
276144,0,0
41021,0,0
37736,0,0
-156232,0,0
-406162,0,0
70357,0,0
-120969,0,0
398615,0,0
687618,0,0
85863,0,0
-243739,0,0
-397582,0,0
-505205,0,0
-140002,0,0
77035,0,0
8203,0,0
332776,0,0
78435,0,0
-204567,0,0
-91877,0,0
-114387,0,0
979,0,0
360076,0,0
-61301,0,0
-407978,0,0
-220544,0,0
-225308,0,0
-21144,0,0
288457,0,0
238059,0,0
26006,0,0
-53126,0,0
-219955,0,0
-417529,0,0
-312929,0,0
-432331,0,0
248743,0,0
214825,0,0
-132208,0,0
135747,0,0
-33612,0,0
-375245,0,0
-177652,0,0
-146267,0,0
-163941,0,0
-13535,0,0
-143187,0,0
-250733,0,0
34419,0,0
-72710,0,0
-220266,0,0
-224452,0,0
-178722,0,0
-10693,0,0
222279,0,0
-206109,0,0
53001,0,0
-127198,0,0
-316783,0,0
-49885,0,0
-114998,0,0
15674,0,0
217029,0,0
-23792,0,0
-265277,0,0
247520,0,0
-47629,0,0
-284366,0,0
29037,0,0
-119474,0,0
-68005,0,0
-41616,0,0
-47327,0,0
-77814,0,0
199404,0,0
-31384,0,0
99393,0,0
-88006,0,0
-472164,0,0
-96560,0,0
-178499,0,0
-59754,0,0
170868,0,0
-31020,0,0
-376197,0,0
-9110,0,0
11199,0,0
-177741,0,0
71464,0,0
-191631,0,0
-223272,0,0
15845,0,0
-36300,0,0
51493,0,0
322094,0,0
-177147,0,0
20685,0,0
212092,0,0
-23893,0,0
187810,0,0
-51305,0,0
-54478,0,0
173375,0,0
128559,0,0
138838,0,0
415089,0,0
-46176,0,0
37163,0,0
377037,0,0
80920,0,0
33255,0,0
240886,0,0
-28785,0,0
31656,0,0
135638,0,0
-73001,0,0
222130,0,0
313995,0,0
-42207,0,0
172540,0,0
2696,0,0
-117734,0,0
124717,0,0
164029,0,0
-255631,0,0
57714,0,0
66194,0,0
-108775,0,0
482743,0,0
109745,0,0
-47331,0,0
-115280,0,0
-159725,0,0
7909,0,0
219026,0,0
-72027,0,0
63616,0,0
40604,0,0
-124981,0,0
102372,0,0
89108,0,0
39568,0,0
100345,0,0
-39278,0,0
-270554,0,0
27641,0,0
-60189,0,0
59352,0,0
346471,0,0
-132686,0,0
6433,0,0
214061,0,0
30857,0,0
-33479,0,0
197501,0,0
-30421,0,0
-8931,0,0
260592,0,0
-10782,0,0
197294,0,0
-71799,0,0
113489,0,0
72446,0,0
-6853,0,0
-244474,0,0
391100,0,0
144400,0,0
-63352,0,0
134318,0,0
-233365,0,0
-281064,0,0
-142147,0,0
-284190,0,0
-245766,0,0
64398,0,0
38211,0,0
282998,0,0
215429,0,0
-251502,0,0
-175353,0,0
-523509,0,0
-256439,0,0
298535,0,0
362666,0,0
-122198,0,0
18808,0,0
-182146,0,0
-37224,0,0
339979,0,0
51204,0,0
55397,0,0
41398,0,0
22438,0,0
263282,0,0
373935,0,0
829,0,0
98376,0,0
177620,0,0
-68781,0,0
215508,0,0
-21991,0,0
-3720,0,0
144329,0,0
295162,0,0
2935,0,0
400775,0,0
110812,0,0
-218773,0,0
120060,0,0
-136101,0,0
117568,0,0
403334,0,0
150021,0,0
66842,0,0
187775,0,0
-64422,0,0
269595,0,0
208663,0,0
50504,0,0
195014,0,0
109350,0,0
98470,0,0
252081,0,0
224333,0,0
-21154,0,0
238099,0,0
199501,0,0
-1715,0,0
283232,0,0
-98828,0,0
-152177,0,0
-99352,0,0
-187650,0,0
-126826,0,0
217488,0,0
-175324,0,0
-21201,0,0
-46011,0,0
-210292,0,0
49343,0,0
-143358,0,0
-270015,0,0
-309070,0,0
-311850,0,0
-392688,0,0
103344,0,0
33048,0,0
-279597,0,0
162615,0,0
-126406,0,0
-215665,0,0
-129983,0,0
-245614,0,0
9767,0,0
117355,0,0
-345588,0,0
-90217,0,0
4924,0,0
-376705,0,0
5057,0,0
55443,0,0
15265,0,0
172056,0,0
-113101,0,0
-424484,0,0
-74808,0,0
-168383,0,0
-255596,0,0
157484,0,0
-198254,0,0
-147847,0,0
69779,0,0
56282,0,0
-177945,0,0
-253858,0,0
-537903,0,0
74548,0,0
188118,0,0
-274474,0,0
-122639,0,0
102029,0,0
-87044,0,0
-128620,0,0
-179489,0,0
-447756,0,0
-83891,0,0
-246482,0,0
15395,0,0
419462,0,0
-271773,0,0
-201469,0,0
-113996,0,0
221008,0,0
112987,0,0
119375,0,0
-353172,0,0
-78666,0,0
104871,0,0
-167408,0,0
186617,0,0
71000,0,0
27268,0,0
90644,0,0
280583,0,0
-154066,0,0
156847,0,0
109254,0,0
-30173,0,0
164583,0,0
-141966,0,0
-150130,0,0
-111851,0,0
-20263,0,0
204609,0,0
429671,0,0
-227682,0,0
-292818,0,0
-15736,0,0
-490857,0,0
-119594,0,0
300184,0,0
219257,0,0
178401,0,0
-8547,0,0
-435749,0,0
-205212,0,0
1314,0,0
-97167,0,0
150000,0,0
-255832,0,0
-366,0,0
221226,0,0
89048,0,0
-161648,0,0
72824,0,0
-323759,0,0
-108429,0,0
143317,0,0
-130549,0,0
31960,0,0
-111033,0,0
-232148,0,0
-117307,0,0
17276,0,0
-381224,0,0
182312,0,0
-187824,0,0
-493445,0,0
-143805,0,0
-267797,0,0
-70952,0,0
-156640,0,0
-344652,0,0
-385823,0,0
-88152,0,0
-590907,0,0
-413615,0,0
-182742,0,0
-444221,0,0
-235212,0,0
-226537,0,0
-150005,0,0
-359559,0,0
-324716,0,0
-690018,0,0
-272750,0,0
-500052,0,0
-658732,0,0
-35272,0,0
-336421,0,0
-180581,0,0
-33232,0,0
-268932,0,0
-435754,0,0
-108731,0,0
-461225,0,0
-254389,0,0
-18899,0,0
-329575,0,0
-95518,0,0
-69252,0,0
-123638,0,0
-77445,0,0
125027,0,0
-133716,0,0
-29526,0,0
-259479,0,0
-211378,0,0
129419,0,0
-49391,0,0
136545,0,0
-279,0,0
240982,0,0
53445,0,0
437800,0,0
20442,0,0
339587,0,0
287802,0,0
-122779,0,0
264686,0,0
294494,0,0
285150,0,0
441444,0,0
506442,0,0
100971,0,0
543627,0,0
400694,0,0
177898,0,0
528479,0,0
557336,0,0
521744,0,0
352213,0,0
303424,0,0
314576,0,0
762100,0,0
314440,0,0
395271,0,0
597556,0,0
141111,0,0
404920,0,0
489287,0,0
545277,0,0
426533,0,0
331729,0,0
86127,0,0
380585,0,0
165752,0,0
133083,0,0
695969,0,0
184601,0,0
237902,0,0
58903,0,0
27897,0,0
-146211,0,0
158996,0,0
-107171,0,0
-39963,0,0
202330,0,0
-49724,0,0
69611,0,0
-117413,0,0
-227106,0,0
-160665,0,0
-139791,0,0
-304814,0,0
126488,0,0
-131877,0,0
-549428,0,0
-132391,0,0
-293572,0,0
-236300,0,0
-232785,0,0
-179163,0,0
-350335,0,0
-56782,0,0
-564033,0,0
-343146,0,0
-146810,0,0
-555719,0,0
-155884,0,0
-186428,0,0
-390078,0,0
-259131,0,0
-117652,0,0
-469756,0,0
-36689,0,0
-130842,0,0
-324695,0,0
-153196,0,0
-59593,0,0
-288,0,0
123419,0,0
119546,0,0
147065,0,0
403292,0,0
-85349,0,0
46043,0,0
150996,0,0
-23580,0,0
171243,0,0
298101,0,0
329063,0,0
507203,0,0
462415,0,0
62011,0,0
473564,0,0
219204,0,0
110736,0,0
308079,0,0
100407,0,0
341154,0,0
126699,0,0
526893,0,0
306256,0,0
748216,0,0
93216,0,0
274957,0,0
295366,0,0
-30876,0,0
322461,0,0
474923,0,0
423310,0,0
240822,0,0
391447,0,0
75642,0,0
578208,0,0
456456,0,0
155828,0,0
571818,0,0
203686,0,0
78903,0,0
144525,0,0
299362,0,0
76360,0,0
330883,0,0
116779,0,0
295623,0,0
286971,0,0
-156792,0,0
-16069,0,0
26911,0,0
-46069,0,0
-73157,0,0
123024,0,0
-170291,0,0
-40393,0,0
-255305,0,0
-297770,0,0
-45952,0,0
-179728,0,0
-69639,0,0
-186574,0,0
-192225,0,0
-439244,0,0
-226463,0,0
-386127,0,0
-269277,0,0
151342,0,0
-204765,0,0
12536,0,0
-94515,0,0
-228575,0,0
-60539,0,0
-31292,0,0
-497324,0,0
-162417,0,0
-339658,0,0
-296997,0,0
58673,0,0
-10403,0,0
-46086,0,0
-66436,0,0
-249701,0,0
-470118,0,0
-132366,0,0
-424758,0,0
-271325,0,0
-37515,0,0
-388965,0,0
-74384,0,0
-50539,0,0
-117727,0,0
-117224,0,0
-101771,0,0
-380342,0,0
-20881,0,0
-217987,0,0
-391313,0,0
-81135,0,0
-192096,0,0
52948,0,0
-221878,0,0
242732,0,0
114003,0,0
81206,0,0
-165137,0,0
40022,0,0
289148,0,0
-49985,0,0
26843,0,0
2677,0,0
-61896,0,0
26175,0,0
279324,0,0
3317,0,0
95166,0,0
60328,0,0
109727,0,0
516763,0,0
361009,0,0
538199,0,0
287244,0,0
66259,0,0
-152852,0,0
121206,0,0
-75923,0,0
81628,0,0
427868,0,0
232889,0,0
403191,0,0
511179,0,0
386533,0,0
224558,0,0
449199,0,0
115666,0,0
245935,0,0
230590,0,0
91329,0,0
614376,0,0
438766,0,0
393925,0,0
187666,0,0
314576,0,0
198456,0,0
507748,0,0
312418,0,0
585388,0,0
613654,0,0
97490,0,0
54400,0,0
93586,0,0
93513,0,0
240126,0,0
341921,0,0
-120500,0,0
234720,0,0
126045,0,0
-232077,0,0
194645,0,0
-52573,0,0
-143054,0,0
72341,0,0
28188,0,0
-181536,0,0
128533,0,0
-103564,0,0
-302008,0,0
-260789,0,0
-499402,0,0
-337806,0,0
105483,0,0
186284,0,0
-92486,0,0
-329594,0,0
-457767,0,0
-138745,0,0
-242679,0,0
-523915,0,0
-8095,0,0
-78198,0,0
-224377,0,0
-358558,0,0
-241326,0,0
-482990,0,0
-163834,0,0
-403207,0,0
-386197,0,0
-170510,0,0
-280017,0,0
-187186,0,0
-276010,0,0
-361301,0,0
-229806,0,0
-148393,0,0
-366745,0,0
-254778,0,0
7679,0,0
-245854,0,0
139595,0,0
-201073,0,0
-367359,0,0
-398747,0,0
-115044,0,0
-200661,0,0
9785,0,0
-237141,0,0
-193721,0,0
113699,0,0
-125379,0,0
-53849,0,0
-48515,0,0
-193530,0,0
-278212,0,0
-235630,0,0
-525713,0,0
-190763,0,0
-25605,0,0
-180941,0,0
62765,0,0
124519,0,0
-9918,0,0
-289020,0,0
-192861,0,0
-219191,0,0
56143,0,0
-70676,0,0
9915,0,0
193131,0,0
-160253,0,0
-71267,0,0
55033,0,0
202493,0,0
407161,0,0
327196,0,0
-53830,0,0
130686,0,0
31395,0,0
-262101,0,0
28753,0,0
361602,0,0
341546,0,0
306460,0,0
175822,0,0
-27301,0,0
-12465,0,0
12707,0,0
76624,0,0
414398,0,0
287064,0,0
14999,0,0
-11588,0,0
-81710,0,0
-114265,0,0
-10968,0,0
-256082,0,0
-54231,0,0
194414,0,0
-15914,0,0
161969,0,0
-83735,0,0
-414046,0,0
-528983,0,0
-428979,0,0
-310418,0,0
813,0,0
-22413,0,0
-101823,0,0
-29144,0,0
-431762,0,0
-401776,0,0
-289500,0,0
-422760,0,0
-357250,0,0
-84604,0,0
-177239,0,0
-197522,0,0
-199649,0,0
-430883,0,0
-91515,0,0
-191955,0,0
-180761,0,0
-286661,0,0
-202743,0,0
-148685,0,0
-131911,0,0
-282665,0,0
-330862,0,0
-130666,0,0
-200259,0,0
-141051,0,0
-11029,0,0
72924,0,0
-128142,0,0
11437,0,0
-227846,0,0
-78950,0,0
-31201,0,0
-86117,0,0
134073,0,0
101856,0,0
-82394,0,0
-97030,0,0
134671,0,0
-97212,0,0
108915,0,0
120095,0,0
-112035,0,0
83541,0,0
-19242,0,0
-189652,0,0
-55067,0,0
-67145,0,0
-160597,0,0
51393,0,0
-168841,0,0
-248922,0,0
-86311,0,0
-273697,0,0
-149743,0,0
-166341,0,0
-297324,0,0
-96247,0,0
139515,0,0
-322135,0,0
-270689,0,0
-188946,0,0
-54844,0,0
170571,0,0
-68716,0,0
-85297,0,0
-163739,0,0
14893,0,0
-9765,0,0
212319,0,0
-70619,0,0
-132905,0,0
12976,0,0
-129853,0,0
369072,0,0
515221,0,0
76950,0,0
49775,0,0
439792,0,0
441558,0,0
297304,0,0
-11730,0,0
-126377,0,0
282906,0,0
315742,0,0
230799,0,0
437231,0,0
417980,0,0
184340,0,0
366575,0,0
50953,0,0
21234,0,0
165261,0,0
186780,0,0
356036,0,0
333054,0,0
88904,0,0
67079,0,0
-18583,0,0
-163086,0,0
4756,0,0
34190,0,0
-76118,0,0
166957,0,0
99858,0,0
-159720,0,0
39774,0,0
-91426,0,0
-88711,0,0
172252,0,0
27781,0,0
-147458,0,0
14678,0,0
-255153,0,0
-137920,0,0
69209,0,0
106321,0,0
6159,0,0
169629,0,0
-125456,0,0
133972,0,0
93694,0,0
13355,0,0
98935,0,0
-78592,0,0
-18553,0,0
321277,0,0
218351,0,0
60305,0,0
242068,0,0
63941,0,0
-53161,0,0
66454,0,0
-157535,0,0
14016,0,0
261124,0,0
176653,0,0
-33488,0,0
-135175,0,0
-110041,0,0
46785,0,0
-129040,0,0
-130443,0,0
-48680,0,0
-77738,0,0
-161721,0,0
-151681,0,0
-284019,0,0
-329913,0,0
-79422,0,0
-272687,0,0
-387214,0,0
-208417,0,0
-369424,0,0
-225188,0,0
-4146,0,0
-72466,0,0
-298658,0,0
-473685,0,0
-491404,0,0
-334623,0,0
-299049,0,0
-292142,0,0
-79039,0,0
-46823,0,0
-346983,0,0
-556682,0,0
-268310,0,0
-261141,0,0
-177213,0,0
-427224,0,0
-467460,0,0
3163,0,0
-246034,0,0
-17022,0,0
516340,0,0
-87699,0,0
-466347,0,0
-531336,0,0
-579372,0,0
-172470,0,0
59126,0,0
-10527,0,0
229869,0,0
259292,0,0
-92251,0,0
-101181,0,0
-233724,0,0
-420272,0,0
-12235,0,0
-167558,0,0
-90957,0,0
48861,0,0
-167464,0,0
-249383,0,0
59090,0,0
21465,0,0
20314,0,0
66094,0,0
-271394,0,0
-139040,0,0
108757,0,0
-118590,0,0
64627,0,0
66231,0,0
-53975,0,0
189895,0,0
195015,0,0
55047,0,0
162135,0,0
31838,0,0
50287,0,0
120703,0,0
-97006,0,0
88209,0,0
353321,0,0
15134,0,0
67480,0,0
123323,0,0
19004,0,0
74032,0,0
306462,0,0
-61018,0,0
72787,0,0
151709,0,0
-2226,0,0
320714,0,0
540630,0,0
333163,0,0
289072,0,0
155713,0,0
18343,0,0
224611,0,0
278438,0,0
273952,0,0
517971,0,0
411773,0,0
268196,0,0
409787,0,0
227907,0,0
378598,0,0
439049,0,0
163263,0,0
181333,0,0
294154,0,0
47974,0,0
276087,0,0
582335,0,0
425954,0,0
477651,0,0
-24556,0,0
-145132,0,0
343196,0,0
223928,0,0
225628,0,0
373061,0,0
8331,0,0
123286,0,0
245184,0,0
208169,0,0
266944,0,0
290344,0,0
-146682,0,0
-151806,0,0
-133211,0,0
-251745,0,0
233727,0,0
362013,0,0
316070,0,0
460880,0,0
138019,0,0
-365820,0,0
-484649,0,0
-464555,0,0
-295593,0,0
372515,0,0
177501,0,0
277879,0,0
315305,0,0
49790,0,0
-52968,0,0
-95534,0,0
-279740,0,0
259918,0,0
380983,0,0
23696,0,0
56744,0,0
-94529,0,0
107948,0,0
619465,0,0
492336,0,0
-163380,0,0
109799,0,0
20564,0,0
28353,0,0
490428,0,0
183533,0,0
9655,0,0
142362,0,0
94991,0,0
174050,0,0
480494,0,0
-5952,0,0
-147281,0,0
99095,0,0
-88843,0,0
171887,0,0
174877,0,0
-69029,0,0
24507,0,0
-281666,0,0
-96679,0,0
342299,0,0
180905,0,0
-204115,0,0
287435,0,0
-156122,0,0
-71296,0,0
-114331,0,0
-113890,0,0
-171317,0,0
9811,0,0
-254128,0,0
99910,0,0
82965,0,0
-196288,0,0
190923,0,0
-19686,0,0
-34423,0,0
109667,0,0
-256742,0,0
-510558,0,0
-28019,0,0
-26060,0,0
44819,0,0
168871,0,0
-299844,0,0
-212029,0,0
23962,0,0
86222,0,0
103727,0,0
113039,0,0
-192305,0,0
-47793,0,0
-138017,0,0
-458891,0,0
-87137,0,0
-38213,0,0
-129021,0,0
132124,0,0
48429,0,0
-226263,0,0
156268,0,0
-192899,0,0
-303266,0,0
-45694,0,0
-118392,0,0
92896,0,0
106076,0,0
65007,0,0
138901,0,0
288401,0,0
-150700,0,0
116624,0,0
248365,0,0
-224922,0,0
226499,0,0
130560,0,0
103850,0,0
371704,0,0
220463,0,0
-122522,0,0
163405,0,0
-15063,0,0
-148238,0,0
219214,0,0
-92662,0,0
-150530,0,0
-17019,0,0
-149094,0,0
-191792,0,0
88520,0,0
-359610,0,0
-160900,0,0
-1846,0,0
-383441,0,0
-174166,0,0
-120523,0,0
-345413,0,0
-199695,0,0
-176010,0,0
-402361,0,0
-1939,0,0
-155932,0,0
-299219,0,0
61780,0,0
-341347,0,0
-396762,0,0
-236553,0,0
-174950,0,0
-90022,0,0
71648,0,0
-8599,0,0
186599,0,0
153647,0,0
-404558,0,0
-169700,0,0
-117644,0,0
-89246,0,0
278497,0,0
174973,0,0
-267561,0,0
221242,0,0
96711,0,0
48861,0,0
332072,0,0
-128954,0,0
-195680,0,0
-177856,0,0
-195473,0,0
341184,0,0
544411,0,0
-396721,0,0
-78259,0,0
164561,0,0
-220569,0,0
107261,0,0
-60966,0,0
-219895,0,0
-67765,0,0
36866,0,0
-334073,0,0
83095,0,0
-242020,0,0
-301555,0,0
131082,0,0
-315227,0,0
-399823,0,0
-209818,0,0
-216610,0,0
-391674,0,0
130555,0,0
-222635,0,0
-282998,0,0
-381783,0,0
-617387,0,0
-18774,0,0
122992,0,0
-403093,0,0
-121101,0,0
32811,0,0
-215780,0,0
5838,0,0
-140896,0,0
-315195,0,0
123436,0,0
-97549,0,0
-178316,0,0
-9797,0,0
-140613,0,0
-255948,0,0
304583,0,0
59957,0,0
260232,0,0
342026,0,0
-164226,0,0
128092,0,0
-8574,0,0
-155608,0,0
-6580,0,0
98539,0,0
-172503,0,0
277814,0,0
83853,0,0
-67415,0,0
369139,0,0
105778,0,0
103169,0,0
-10297,0,0
-97571,0,0
99832,0,0
345205,0,0
-197485,0,0
-48848,0,0
133241,0,0
-392219,0,0
129111,0,0
75245,0,0
164548,0,0
278290,0,0
196512,0,0
-221672,0,0
204428,0,0
8967,0,0
-107288,0,0
312737,0,0
13111,0,0
-24496,0,0
176380,0,0
77769,0,0
150845,0,0
416712,0,0
111262,0,0
254661,0,0
339735,0,0
-163121,0,0
138684,0,0
-39025,0,0
-129773,0,0
124160,0,0
381200,0,0
178131,0,0
576179,0,0
163523,0,0
-142071,0,0
288927,0,0
152077,0,0
307688,0,0
235745,0,0
164575,0,0
86735,0,0
367359,0,0
57949,0,0
337559,0,0
297328,0,0
53617,0,0
317085,0,0
210960,0,0
151264,0,0
428756,0,0
258091,0,0
-150211,0,0
206510,0,0
-38840,0,0
-249755,0,0
424195,0,0
104073,0,0
146587,0,0
23185,0,0
-69285,0,0
-122880,0,0
150897,0,0
-171442,0,0
134366,0,0
309941,0,0
-143170,0,0
-7914,0,0
-186045,0,0
-79154,0,0
88629,0,0
264818,0,0
-55805,0,0
286500,0,0
-94296,0,0
-225307,0,0
168603,0,0
-190595,0,0
-125587,0,0
-248031,0,0
-93518,0,0
-89446,0,0
231020,0,0
-239242,0,0
-199684,0,0
139315,0,0
-234962,0,0
-86849,0,0
-162197,0,0
-105380,0,0
-28802,0,0
140295,0,0
-380646,0,0
94955,0,0
-62738,0,0
-154171,0,0
214434,0,0
-180128,0,0
-143382,0,0
35372,0,0
158505,0,0
81825,0,0
433286,0,0
-13629,0,0
-52389,0,0
142174,0,0
-320614,0,0
16848,0,0
53802,0,0
68010,0,0
129467,0,0
114299,0,0
-341923,0,0
-93223,0,0
-172775,0,0
-20659,0,0
463155,0,0
290405,0,0
174329,0,0
129606,0,0
-22523,0,0
-295984,0,0
57559,0,0
29926,0,0
144419,0,0
262378,0,0
-155029,0,0
25561,0,0
-3406,0,0
100130,0,0
277100,0,0
145393,0,0
-187063,0,0
253290,0,0
16856,0,0
-104023,0,0
274640,0,0
-155992,0,0
-212783,0,0
-248232,0,0
-122856,0,0
-123771,0,0
98638,0,0
-286992,0,0
92665,0,0
209210,0,0
-255249,0,0
-295473,0,0
-229818,0,0
-193974,0,0
-9194,0,0
129709,0,0
-226782,0,0
51987,0,0
-218324,0,0
-457186,0,0
-83368,0,0
-137945,0,0
-17504,0,0
53732,0,0
53104,0,0
13619,0,0
268760,0,0
-262286,0,0
-58493,0,0
136494,0,0
-140706,0,0
-37828,0,0
21948,0,0
68465,0,0
125971,0,0
-9088,0,0
-336172,0,0
-110918,0,0
-114606,0,0
-468006,0,0
345387,0,0
425807,0,0
333633,0,0
-131010,0,0
-117424,0,0
-388384,0,0
26603,0,0
-213587,0,0
240200,0,0
166118,0,0
-192977,0,0
183050,0,0
244356,0,0
296516,0,0
196248,0,0
48457,0,0
-223634,0,0
127771,0,0
-28523,0,0
-144365,0,0
385480,0,0
124523,0,0
98759,0,0
102996,0,0
74453,0,0
-95823,0,0
181781,0,0
-180885,0,0
-90613,0,0
94376,0,0
-268296,0,0
127508,0,0
-51919,0,0
-29882,0,0
111708,0,0
367552,0,0
-210122,0,0
-261162,0,0
-199936,0,0
-332013,0,0
195947,0,0
114758,0,0
66228,0,0
-55371,0,0
-178231,0,0
-329997,0,0
94541,0,0
-182986,0,0
-47190,0,0
44353,0,0
-349977,0,0
-25813,0,0
-90107,0,0
58185,0,0
45729,0,0
-5147,0,0
-359452,0,0
-97105,0,0
-256549,0,0
-148863,0,0
196381,0,0
-86994,0,0
36725,0,0
-152022,0,0
-178364,0,0
-328550,0,0
4545,0,0
-223067,0,0
41719,0,0
153281,0,0
-186379,0,0
53517,0,0
-43924,0,0
-39034,0,0
-66083,0,0
68479,0,0
-147772,0,0
146693,0,0
112689,0,0
-289377,0,0
45081,0,0
-81839,0,0
49094,0,0
27183,0,0
64365,0,0
101731,0,0
418648,0,0
3172,0,0
-252538,0,0
-157915,0,0
-260323,0,0
55216,0,0
139340,0,0
27376,0,0
20972,0,0
241596,0,0
-244574,0,0
83027,0,0
113491,0,0
-156674,0,0
-20923,0,0
-168394,0,0
-156303,0,0
-24029,0,0
242347,0,0
173125,0,0
331257,0,0
-183001,0,0
-211419,0,0
51737,0,0
-112678,0,0
371328,0,0
144730,0,0
6687,0,0
11080,0,0
239552,0,0
108064,0,0
295835,0,0
91164,0,0
-69471,0,0
146548,0,0
169861,0,0
100153,0,0
114401,0,0
284486,0,0
49247,0,0
458325,0,0
90287,0,0
89882,0,0
249550,0,0
-186709,0,0
-5270,0,0
-49262,0,0
205707,0,0
208145,0,0
353660,0,0
64626,0,0
111525,0,0
-40359,0,0
-209602,0,0
208857,0,0
150596,0,0
304577,0,0
242630,0,0
89185,0,0
-125879,0,0
245559,0,0
42627,0,0
76954,0,0
202764,0,0
-10977,0,0
109872,0,0
157779,0,0
135113,0,0
89821,0,0
129218,0,0
-253419,0,0
-68117,0,0
105268,0,0
-3552,0,0
123453,0,0
-39457,0,0
18873,0,0
14518,0,0
-28387,0,0
-272627,0,0
64662,0,0
-119224,0,0
-99739,0,0
-34233,0,0
-280468,0,0
-98217,0,0
34602,0,0
118555,0,0
18852,0,0
222544,0,0
-258551,0,0
-188971,0,0
-306180,0,0
-478700,0,0
103671,0,0
108420,0,0
-3761,0,0
-36602,0,0
77054,0,0
118640,0,0
36637,0,0
-402944,0,0
-265981,0,0
164774,0,0
-34446,0,0
138478,0,0
-111721,0,0
-62212,0,0
-25574,0,0
225111,0,0
-10467,0,0
-8572,0,0
-56390,0,0
-241528,0,0
131067,0,0
22420,0,0
-117994,0,0
65976,0,0
131086,0,0
78922,0,0
-28599,0,0
-241644,0,0
-143070,0,0
53093,0,0
-174787,0,0
82324,0,0
171997,0,0
90167,0,0
9568,0,0
90490,0,0
-134567,0,0
-1436,0,0
48149,0,0
-199411,0,0
48306,0,0
226992,0,0
159000,0,0
39362,0,0
216486,0,0
23328,0,0
211331,0,0
-31161,0,0
24569,0,0
226812,0,0
-51701,0,0
-98039,0,0
60245,0,0
170474,0,0
177563,0,0
45450,0,0
-356346,0,0
-48883,0,0
-131678,0,0
-139992,0,0
5006,0,0
-142422,0,0
-23609,0,0
-68931,0,0
162657,0,0
-148626,0,0
-137315,0,0
-360317,0,0
-337624,0,0
46929,0,0
-84281,0,0
-170416,0,0
-157000,0,0
-151478,0,0
-254592,0,0
125448,0,0
103193,0,0
225221,0,0
97917,0,0
-288008,0,0
-231017,0,0
-124933,0,0
-156626,0,0
-60688,0,0
259150,0,0
-85701,0,0
93792,0,0
-25150,0,0
30429,0,0
54973,0,0
-188715,0,0
-150132,0,0
95541,0,0
131757,0,0
37965,0,0
115260,0,0
-183515,0,0
-102118,0,0
-17565,0,0
-60186,0,0
178320,0,0
149505,0,0
-229562,0,0
-251607,0,0
141564,0,0
201750,0,0
141819,0,0
-259760,0,0
-258956,0,0
48971,0,0
-221243,0,0
41225,0,0
453350,0,0
381696,0,0
-44636,0,0
-152136,0,0
-173140,0,0
-40611,0,0
98068,0,0
20409,0,0
54053,0,0
158968,0,0
91741,0,0
214885,0,0
262221,0,0
-14138,0,0
4563,0,0
-100963,0,0
-39185,0,0
26989,0,0
-23208,0,0
-22935,0,0
35004,0,0
-37406,0,0
-18151,0,0
-55926,0,0
-78184,0,0
-177323,0,0
-107963,0,0
-326103,0,0
-20879,0,0
11299,0,0
-115954,0,0
-156425,0,0
-190926,0,0
-435728,0,0
-142254,0,0
-64475,0,0
-142231,0,0
-17269,0,0
-311232,0,0
-310514,0,0
-29118,0,0
-238642,0,0
-216500,0,0
-100305,0,0
-186437,0,0
40061,0,0
-145011,0,0
-325961,0,0
-121263,0,0
-186449,0,0
-150550,0,0
-59244,0,0
-147625,0,0
-202373,0,0
-64203,0,0
-222272,0,0
-260847,0,0
34560,0,0
-267767,0,0
-401065,0,0
-261885,0,0
163585,0,0
-85301,0,0
-47356,0,0
-308329,0,0
-220074,0,0
-201046,0,0
-304058,0,0
-285028,0,0
-230787,0,0
-303816,0,0
-176013,0,0
95652,0,0
-115489,0,0
-202219,0,0
-241304,0,0
-336576,0,0
83464,0,0
14584,0,0
-111469,0,0
-99926,0,0
-154320,0,0
-142477,0,0
84499,0,0
-138115,0,0
-123248,0,0
80284,0,0
-168613,0,0
-69794,0,0
34171,0,0
-99170,0,0
-120483,0,0
232816,0,0
9893,0,0
157684,0,0
64977,0,0
-48895,0,0
130554,0,0
83223,0,0
-81831,0,0
121559,0,0
251627,0,0
69225,0,0
259886,0,0
89393,0,0
107931,0,0
338366,0,0
45997,0,0
108937,0,0
259195,0,0
30735,0,0
135256,0,0
305384,0,0
129835,0,0
158137,0,0
129839,0,0
-165786,0,0
120490,0,0
225198,0,0
173542,0,0
143582,0,0
42409,0,0
-6590,0,0
258512,0,0
25719,0,0
13908,0,0
8447,0,0
-265440,0,0
-69402,0,0
216039,0,0
-84318,0,0
89688,0,0
220306,0,0
-31000,0,0
-267260,0,0
-124628,0,0
-192252,0,0
106707,0,0
-166590,0,0
-193377,0,0
19785,0,0
-55309,0,0
-234814,0,0
-39684,0,0
-115660,0,0
-198622,0,0
-56022,0,0
-128795,0,0
-40833,0,0
269680,0,0
101637,0,0
75356,0,0
17460,0,0
-238985,0,0
-60904,0,0
138115,0,0
-55208,0,0
180856,0,0
107921,0,0
64803,0,0
161107,0,0
55051,0,0
-84043,0,0
107532,0,0
-148284,0,0
-34037,0,0
220952,0,0
20469,0,0
-72767,0,0
-52329,0,0
-343292,0,0
-165778,0,0
112324,0,0
-75402,0,0
-71673,0,0
-28614,0,0
-200599,0,0
-34810,0,0
-140780,0,0
-307895,0,0
-97795,0,0
-201856,0,0
-190174,0,0
52212,0,0
-113916,0,0
-154700,0,0
106830,0,0
27384,0,0
-152444,0,0
61515,0,0
-61586,0,0
-104429,0,0
82022,0,0
-52631,0,0
61264,0,0
217372,0,0
33161,0,0
107470,0,0
142837,0,0
-16032,0,0
430626,0,0
335849,0,0
-14198,0,0
334696,0,0
231886,0,0
171993,0,0
324468,0,0
60879,0,0
4742,0,0
560902,0,0
285172,0,0
261425,0,0
375984,0,0
258511,0,0
73622,0,0
211674,0,0
-3725,0,0
264451,0,0
478574,0,0
268043,0,0
79369,0,0
70759,0,0
-39536,0,0
242956,0,0
307673,0,0
147983,0,0
360584,0,0
-29665,0,0
-58412,0,0
289726,0,0
123573,0,0
210534,0,0
230622,0,0
-5086,0,0
25568,0,0
262223,0,0
-81152,0,0
213924,0,0
256344,0,0
-48121,0,0
152747,0,0
288127,0,0
132284,0,0
278706,0,0
-33922,0,0
-122653,0,0
-70971,0,0
-77289,0,0
-18731,0,0
298859,0,0
-81495,0,0
-103728,0,0
11540,0,0
-103735,0,0
-86393,0,0
92281,0,0
-44679,0,0
153031,0,0
-41408,0,0
-376898,0,0
-115615,0,0
-151438,0,0
-111862,0,0
97146,0,0
-43083,0,0
-411913,0,0
-36863,0,0
-281636,0,0
-312245,0,0
20440,0,0
-74537,0,0
-136610,0,0
-116812,0,0
-253913,0,0
-185764,0,0
-38374,0,0
-310889,0,0
-34977,0,0
-15697,0,0
-247936,0,0
-48910,0,0
-186006,0,0
-255484,0,0
7883,0,0
-91581,0,0
-291198,0,0
-49298,0,0
-223247,0,0
-141710,0,0
205162,0,0
-54904,0,0
-126559,0,0
-32125,0,0
-160933,0,0
-353884,0,0
-151794,0,0
-333337,0,0
-110015,0,0
-37473,0,0
-197041,0,0
339175,0,0
261545,0,0
2637,0,0
-143813,0,0
-91892,0,0
-134553,0,0
285983,0,0
-68504,0,0
-64878,0,0
223334,0,0
104256,0,0
64430,0,0
115528,0,0
-73183,0,0
-17831,0,0
209627,0,0
-88886,0,0
143594,0,0
197209,0,0
65764,0,0
238988,0,0
155359,0,0
89992,0,0
199791,0,0
-26324,0,0
-194057,0,0
103063,0,0
-87680,0,0
-189976,0,0
327372,0,0
94637,0,0
166240,0,0
113526,0,0
288807,0,0
194984,0,0
220561,0,0
-328545,0,0
-131819,0,0
64168,0,0
-241915,0,0
112631,0,0
218615,0,0
-63894,0,0
-82053,0,0
-115894,0,0
-274277,0,0
254606,0,0
9354,0,0
88932,0,0
275945,0,0
-114424,0,0
-71522,0,0
68324,0,0
-1079,0,0
-65397,0,0
234725,0,0
-11324,0,0
217973,0,0
300593,0,0
-54556,0,0
274190,0,0
77995,0,0
-21,0,0
85152,0,0
90710,0,0
-148163,0,0
446316,0,0
251942,0,0
69616,0,0
169121,0,0
-151319,0,0
-237509,0,0
31795,0,0
84966,0,0
70594,0,0
273608,0,0
38139,0,0
86961,0,0
64639,0,0
-269033,0,0
83256,0,0
140869,0,0
137920,0,0
246828,0,0
57664,0,0
-139006,0,0
71910,0,0
-113434,0,0
-260356,0,0
84984,0,0
15151,0,0
105160,0,0
253527,0,0
-89125,0,0
-199800,0,0
92160,0,0
-245956,0,0
110690,0,0
91195,0,0
-389031,0,0
-187148,0,0
-108361,0,0
111805,0,0
306434,0,0
199152,0,0
-289439,0,0
-68189,0,0
-103199,0,0
-10172,0,0
280236,0,0
-98206,0,0
76324,0,0
126226,0,0
-75277,0,0
-41111,0,0
203770,0,0
-193821,0,0
-15034,0,0
197615,0,0
1661,0,0
16842,0,0
-96321,0,0
-66220,0,0
248283,0,0
129229,0,0
-140166,0,0
244130,0,0
47881,0,0
-119413,0,0
110695,0,0
-41613,0,0
80005,0,0
42359,0,0
139167,0,0
162381,0,0
299701,0,0
-107978,0,0
95864,0,0
232878,0,0
-39392,0,0
126853,0,0
105546,0,0
-32875,0,0
216922,0,0
173805,0,0
-208978,0,0
181046,0,0
78336,0,0
-86320,0,0
214375,0,0
-28624,0,0
55633,0,0
89423,0,0
-65414,0,0
-161501,0,0
122130,0,0
147624,0,0
340068,0,0
365891,0,0
-176775,0,0
-43582,0,0
110025,0,0
154467,0,0
125642,0,0
87860,0,0
-126355,0,0
232191,0,0
3540,0,0
-74083,0,0
339833,0,0
53222,0,0
6925,0,0
-100536,0,0
-176964,0,0
-109514,0,0
79259,0,0
-222292,0,0
7807,0,0
147428,0,0
-222786,0,0
237146,0,0
156842,0,0
-279314,0,0
-323114,0,0
-278118,0,0
-513193,0,0
1818,0,0
-70887,0,0
8691,0,0
547615,0,0
-98537,0,0
-302926,0,0
-341498,0,0
-239378,0,0
-267732,0,0
266486,0,0
-193603,0,0
120012,0,0
44875,0,0
-349903,0,0
-19682,0,0
33900,0,0
-139578,0,0
-48332,0,0
22222,0,0
-282851,0,0
33535,0,0
211823,0,0
69648,0,0
388280,0,0
-148473,0,0
-70398,0,0
-124290,0,0
37200,0,0
223847,0,0
366172,0,0
-409144,0,0
-93599,0,0
444684,0,0
50743,0,0
190184,0,0
89595,0,0
-16953,0,0
114192,0,0
93998,0,0
-331846,0,0
38228,0,0
-65170,0,0
-121358,0,0
549800,0,0
-35723,0,0
-74119,0,0
-76320,0,0
175573,0,0
-21324,0,0
28804,0,0
-314361,0,0
-8005,0,0
239398,0,0
-188685,0,0
137493,0,0
181269,0,0
20943,0,0
100967,0,0
203610,0,0
-212779,0,0
19579,0,0
-91056,0,0
-226689,0,0
213078,0,0
132730,0,0
168515,0,0
52445,0,0
28130,0,0
-108774,0,0
86848,0,0
-260537,0,0
-20061,0,0
90973,0,0
-326780,0,0
170356,0,0
62935,0,0
-378554,0,0
-197482,0,0
-183907,0,0
-426115,0,0
73708,0,0
-82459,0,0
-256554,0,0
-505,0,0
-477151,0,0
-557877,0,0
-362490,0,0
-80841,0,0
-223904,0,0
-63514,0,0
-478056,0,0
-472597,0,0
-188027,0,0
-526094,0,0
-273987,0,0
-226201,0,0
-177449,0,0
-54743,0,0
-132980,0,0
-401402,0,0
-210601,0,0
-347612,0,0
-384917,0,0
121987,0,0
-286506,0,0
-159556,0,0
-7578,0,0
-112800,0,0
-225018,0,0
-102358,0,0
-303221,0,0
39644,0,0
163880,0,0
-344109,0,0
41968,0,0
-42785,0,0
-74542,0,0
114801,0,0
11577,0,0
-169852,0,0
102961,0,0
96799,0,0
-204311,0,0
252051,0,0
-134952,0,0
143874,0,0
203521,0,0
119875,0,0
-8591,0,0
220289,0,0
-129729,0,0
169475,0,0
425615,0,0
277835,0,0
121603,0,0
-16311,0,0
145346,0,0
300293,0,0
374828,0,0
148323,0,0
354239,0,0
190084,0,0
56733,0,0
386089,0,0
105933,0,0
136339,0,0
250494,0,0
299255,0,0
120401,0,0
319190,0,0
166689,0,0
273478,0,0
313574,0,0
-57990,0,0
65129,0,0
160690,0,0
-34467,0,0
109392,0,0
173045,0,0
14359,0,0
367916,0,0
-10629,0,0
-218185,0,0
119963,0,0
-14283,0,0
126741,0,0
111710,0,0
-12373,0,0
-329024,0,0
62142,0,0
-27115,0,0
210349,0,0
312248,0,0
-357589,0,0
-209150,0,0
-267938,0,0
-193272,0,0
-80256,0,0
148845,0,0
-149582,0,0
22488,0,0
-84720,0,0
-334880,0,0
-41069,0,0
-31541,0,0
-69909,0,0
-191572,0,0
-299926,0,0
-459976,0,0
216000,0,0
-100741,0,0
-101857,0,0
-35515,0,0
-275899,0,0
60447,0,0
137842,0,0
-198644,0,0
-106040,0,0
29876,0,0
-165809,0,0
23256,0,0
-43727,0,0
-364998,0,0
157984,0,0
-107765,0,0
-18345,0,0
-76022,0,0
-18658,0,0
136007,0,0
289629,0,0
-15614,0,0
15387,0,0
81871,0,0
-331843,0,0
40897,0,0
28435,0,0
-44471,0,0
-57195,0,0
93519,0,0
13436,0,0
414937,0,0
214368,0,0
-20326,0,0
255723,0,0
-7683,0,0
48905,0,0
45025,0,0
55401,0,0
-1555,0,0
362940,0,0
30877,0,0
139417,0,0
434210,0,0
39240,0,0
283223,0,0
142983,0,0
205188,0,0
151808,0,0
361148,0,0
-13911,0,0
150278,0,0
128165,0,0
25381,0,0
467088,0,0
277312,0,0
-55848,0,0
73013,0,0
121679,0,0
-48093,0,0
121895,0,0
49420,0,0
103425,0,0
414191,0,0
-102783,0,0
-49845,0,0
-22914,0,0
-30455,0,0
-99446,0,0
154141,0,0
-85062,0,0
282634,0,0
97055,0,0
-216510,0,0
120584,0,0
167380,0,0
66205,0,0
142093,0,0
124448,0,0
-199261,0,0
5575,0,0
-46503,0,0
19206,0,0
261595,0,0
-123979,0,0
151455,0,0
274046,0,0
56127,0,0
83209,0,0
61093,0,0
-121687,0,0
-54729,0,0
-24727,0,0
60280,0,0
147845,0,0
199230,0,0
-63814,0,0
-79024,0,0
58314,0,0
54467,0,0
-11863,0,0
-176659,0,0
-5566,0,0
136249,0,0
-87952,0,0
179949,0,0
195103,0,0
-32028,0,0
-17477,0,0
90875,0,0
-144484,0,0
9654,0,0
-7214,0,0
-234656,0,0
288031,0,0
52335,0,0
227090,0,0
91933,0,0
253801,0,0
190137,0,0
197263,0,0
-314253,0,0
-155838,0,0
354398,0,0
-70462,0,0
-16073,0,0
171686,0,0
246921,0,0
181059,0,0
396833,0,0
125026,0,0
84059,0,0
33470,0,0
-57920,0,0
78618,0,0
31504,0,0
4212,0,0
-47070,0,0
156218,0,0
157319,0,0
268160,0,0
-93172,0,0
-74278,0,0
117533,0,0
-210194,0,0
-111420,0,0
25057,0,0
7200,0,0
-104397,0,0
111415,0,0
-198803,0,0
-89191,0,0
-125464,0,0
-450836,0,0
-49329,0,0
124188,0,0
136668,0,0
-126613,0,0
-312976,0,0
-323287,0,0
98509,0,0
-53924,0,0
-204570,0,0
218954,0,0
-112339,0,0
-237618,0,0
-276154,0,0
-25260,0,0
15925,0,0
81449,0,0
-230203,0,0
-145358,0,0
-149096,0,0
-258919,0,0
17078,0,0
-96079,0,0
-193097,0,0
-253297,0,0
-84976,0,0
-191976,0,0
92706,0,0
-256900,0,0
-252669,0,0
24758,0,0
-273357,0,0
-193304,0,0
-209761,0,0
-229877,0,0
-368155,0,0
-129271,0,0
-200148,0,0
-130143,0,0
-31093,0,0
-222807,0,0
-50820,0,0
-138187,0,0
-234032,0,0
-465079,0,0
-217642,0,0
-198384,0,0
-26231,0,0
-155715,0,0
-146105,0,0
52821,0,0
-181628,0,0
-278584,0,0
-184088,0,0
-164669,0,0
-346008,0,0
-157697,0,0
-298233,0,0
-206715,0,0
-118711,0,0
-373844,0,0
-106058,0,0
-58883,0,0
-209820,0,0
-172185,0,0
-44074,0,0
-44851,0,0
-206666,0,0
-216700,0,0
-301111,0,0
-84515,0,0
-247721,0,0
-158984,0,0
-27993,0,0
-90925,0,0
-76338,0,0
262390,0,0
117759,0,0
92097,0,0
93712,0,0
-221586,0,0
-114811,0,0
-150821,0,0
-47666,0,0
-33825,0,0
402126,0,0
245764,0,0
357317,0,0
182727,0,0
16074,0,0
81858,0,0
-59911,0,0
54619,0,0
181369,0,0
239004,0,0
69253,0,0
278344,0,0
181261,0,0
126410,0,0
205949,0,0
195138,0,0
236332,0,0
84892,0,0
-78187,0,0
-34066,0,0
-21253,0,0
-80547,0,0
151536,0,0
56693,0,0
135600,0,0
425440,0,0
187923,0,0
-286764,0,0
-260521,0,0
-138723,0,0
-222738,0,0
240280,0,0
37021,0,0
55530,0,0
76423,0,0
-265497,0,0
-12288,0,0
175661,0,0
169389,0,0
140890,0,0
76330,0,0
-215958,0,0
-91222,0,0
-90301,0,0
-46255,0,0
186071,0,0
149752,0,0
54743,0,0
162534,0,0
107535,0,0
-45707,0,0
102066,0,0
142951,0,0
-56491,0,0
-52353,0,0
-123547,0,0
88324,0,0
122477,0,0
14900,0,0
-41500,0,0
25839,0,0
31978,0,0
137698,0,0
-74661,0,0
-84102,0,0
75062,0,0
249088,0,0
46400,0,0
25689,0,0
-22359,0,0
-44022,0,0
173634,0,0
70224,0,0
-72180,0,0
-49676,0,0
-33042,0,0
134716,0,0
105351,0,0
-186948,0,0
-105982,0,0
45085,0,0
2611,0,0
209229,0,0
-5212,0,0
15347,0,0
-51399,0,0
-320812,0,0
-223079,0,0
-83911,0,0
-3968,0,0
-76185,0,0
-43260,0,0
20587,0,0
45798,0,0
223739,0,0
-60304,0,0
-170712,0,0
-199446,0,0
-255752,0,0
-110698,0,0
23236,0,0
-92167,0,0
137240,0,0
41760,0,0
-44498,0,0
217134,0,0
-29004,0,0
-202850,0,0
-121993,0,0
-8745,0,0
-37252,0,0
26078,0,0
-26172,0,0
-55544,0,0
28372,0,0
-158724,0,0
-55038,0,0
126037,0,0
-212251,0,0
-88544,0,0
44854,0,0
-180245,0,0
17664,0,0
-49436,0,0
-283429,0,0
-16061,0,0
-16283,0,0
-125299,0,0
9665,0,0
-170877,0,0
-301844,0,0
8812,0,0
4797,0,0
-74561,0,0
59324,0,0
-174828,0,0
43696,0,0
69594,0,0
-123778,0,0
-266784,0,0
-45971,0,0
33303,0,0
523091,0,0
390559,0,0
-19055,0,0
148529,0,0
77003,0,0
-105960,0,0
117123,0,0
194020,0,0
-65477,0,0
209126,0,0
210824,0,0
66032,0,0
396536,0,0
111338,0,0
108251,0,0
262360,0,0
42134,0,0
36056,0,0
72626,0,0
-187362,0,0
-73889,0,0
-74201,0,0
-143229,0,0
-38889,0,0
28969,0,0
-124886,0,0
135142,0,0
311546,0,0
30009,0,0
16167,0,0
-13267,0,0
-184966,0,0
-74191,0,0
-146032,0,0
-144480,0,0
14329,0,0
-37726,0,0
129396,0,0
507870,0,0
74463,0,0
-124108,0,0
184160,0,0
137305,0,0
413313,0,0
218841,0,0
-81719,0,0
74290,0,0
107682,0,0
-75608,0,0
130165,0,0
73993,0,0
67252,0,0
352520,0,0
332109,0,0
108285,0,0
182618,0,0
-157539,0,0
40403,0,0
-80338,0,0
114250,0,0
90254,0,0
-54344,0,0
-178991,0,0
41015,0,0
76988,0,0
-241865,0,0
32076,0,0
5199,0,0
-74648,0,0
106928,0,0
2510,0,0
-207362,0,0
1500,0,0
-235092,0,0
-212934,0,0
72875,0,0
-264591,0,0
-251710,0,0
-38132,0,0
64944,0,0
270862,0,0
216003,0,0
-244950,0,0
-162817,0,0
-98632,0,0
-372369,0,0
-43113,0,0
51452,0,0
8522,0,0
421635,0,0
178404,0,0
-82213,0,0
159227,0,0
-118967,0,0
-46016,0,0
291203,0,0
-5233,0,0
-154834,0,0
121337,0,0
78352,0,0
288949,0,0
388865,0,0
-10475,0,0
115956,0,0
181996,0,0
-263576,0,0
159360,0,0
406600,0,0
80710,0,0
271091,0,0
172316,0,0
58859,0,0
413890,0,0
93363,0,0
-84484,0,0
344142,0,0
163074,0,0
217019,0,0
155566,0,0
-44235,0,0
-15044,0,0
235213,0,0
38184,0,0
317047,0,0
300725,0,0
22705,0,0
94585,0,0
-59479,0,0
-158171,0,0
200277,0,0
25100,0,0
-478915,0,0
-150962,0,0
-166817,0,0
-143396,0,0
153264,0,0
-171776,0,0
-135855,0,0
135881,0,0
-553110,0,0
-668052,0,0
-413471,0,0
-404292,0,0
-44464,0,0
119491,0,0
-414291,0,0
-338284,0,0
-425517,0,0
-450347,0,0
-247385,0,0
-306998,0,0
-488205,0,0
-161744,0,0
-391971,0,0
-276752,0,0
-4316,0,0
-373321,0,0
-394705,0,0
-452683,0,0
-431665,0,0
-146640,0,0
-171934,0,0
-365585,0,0
58388,0,0
70292,0,0
-532216,0,0
-348210,0,0
-441432,0,0
-274980,0,0
-71005,0,0
-167400,0,0
-390552,0,0
-31276,0,0
-191406,0,0
-238157,0,0
105236,0,0
-94084,0,0
-31766,0,0
3648,0,0
-248010,0,0
-127699,0,0
54662,0,0
-268839,0,0
65454,0,0
189668,0,0
-152327,0,0
95009,0,0
176291,0,0
-13015,0,0
192401,0,0
57794,0,0
-227369,0,0
152279,0,0
109035,0,0
34767,0,0
341191,0,0
160120,0,0
19541,0,0
63176,0,0
-79558,0,0
187378,0,0
321048,0,0
74658,0,0
245802,0,0
263176,0,0
-162548,0,0
168113,0,0
194548,0,0
125811,0,0
266807,0,0
128225,0,0
-44412,0,0
148479,0,0
-126395,0,0
-207383,0,0
354437,0,0
231643,0,0
206217,0,0
30903,0,0
17355,0,0
-131391,0,0
-6074,0,0
-419176,0,0
-201391,0,0
120150,0,0
-86653,0,0
246789,0,0
161493,0,0
-60370,0,0
75490,0,0
-141941,0,0
-388639,0,0
-33660,0,0
-168808,0,0
-197380,0,0
122646,0,0
-119214,0,0
-31455,0,0
136561,0,0
228649,0,0
-81009,0,0
-59767,0,0
-338639,0,0
23246,0,0
253225,0,0
-21529,0,0
94247,0,0
-172832,0,0
-150695,0,0
-134176,0,0
-126273,0,0
-220980,0,0
175530,0,0
23442,0,0
-208859,0,0
201976,0,0
-201853,0,0
-167895,0,0
-140469,0,0
-385775,0,0
-221108,0,0
95069,0,0
-389904,0,0
-91296,0,0
-33673,0,0
-322381,0,0
20513,0,0
-94850,0,0
-230005,0,0
-68914,0,0
72058,0,0
3688,0,0
240758,0,0
-207515,0,0
-291622,0,0
187670,0,0
-118145,0,0
-146615,0,0
59171,0,0
142838,0,0
130286,0,0
295343,0,0
-72703,0,0
173855,0,0
195241,0,0
-120248,0,0
110308,0,0
-2232,0,0
95955,0,0
149125,0,0
157912,0,0
-104932,0,0
431665,0,0
54512,0,0
-308183,0,0
100690,0,0
-42710,0,0
182903,0,0
209673,0,0
440676,0,0
146615,0,0
193448,0,0
-261316,0,0
32238,0,0
197383,0,0
14042,0,0
288936,0,0
367920,0,0
296871,0,0
163683,0,0
239030,0,0
21802,0,0
355133,0,0
155083,0,0
141208,0,0
452426,0,0
132588,0,0
209427,0,0
388430,0,0
142225,0,0
145686,0,0
341808,0,0
-51641,0,0
211066,0,0
519468,0,0
23709,0,0
349407,0,0
313525,0,0
79154,0,0
170305,0,0
86371,0,0
-89516,0,0
271763,0,0
173147,0,0
-97368,0,0
401747,0,0
114522,0,0
62763,0,0
187980,0,0
-56608,0,0
-77541,0,0
202956,0,0
-90073,0,0
-40533,0,0
141997,0,0
-223708,0,0
33245,0,0
85175,0,0
-29362,0,0
94165,0,0
-5989,0,0
-196873,0,0
316677,0,0
-48085,0,0
-139376,0,0
103157,0,0
-311629,0,0
-73619,0,0
109165,0,0
-100747,0,0
-87203,0,0
329822,0,0
49173,0,0
78413,0,0
84868,0,0
-162723,0,0
108184,0,0
-12716,0,0
-148153,0,0
151940,0,0
186597,0,0
-168637,0,0
96236,0,0
7047,0,0
-193833,0,0
119015,0,0
-54732,0,0
14892,0,0
192357,0,0
80046,0,0
-11726,0,0
127935,0,0
-426172,0,0
-281804,0,0
72917,0,0
-133177,0,0
295701,0,0
225935,0,0
-196649,0,0
-230759,0,0
-96695,0,0
-410948,0,0
-55365,0,0
17329,0,0
-198324,0,0
264444,0,0
-165553,0,0
-113981,0,0
-42792,0,0
-230166,0,0
-467747,0,0
-56710,0,0
-236379,0,0
-179682,0,0
4231,0,0
-424792,0,0
-121300,0,0
-234102,0,0
-111488,0,0
-109651,0,0
-341471,0,0
-428129,0,0
223819,0,0
210128,0,0
-35516,0,0
69203,0,0
-301045,0,0
-61242,0,0
-85014,0,0
-78521,0,0
48558,0,0
332998,0,0
9144,0,0
153805,0,0
322271,0,0
-62687,0,0
192004,0,0
220981,0,0
99265,0,0
108295,0,0
185049,0,0
-74259,0,0
213611,0,0
86709,0,0
-45620,0,0
155375,0,0
-87398,0,0
-5321,0,0
75906,0,0
-120789,0,0
-202662,0,0
158953,0,0
-285408,0,0
16492,0,0
213103,0,0
-243761,0,0
-190227,0,0
-139484,0,0
-173971,0,0
-7763,0,0
-106551,0,0
-511592,0,0
-235836,0,0
-28202,0,0
-137789,0,0
141,0,0
-219667,0,0
-183015,0,0
-226520,0,0
-80735,0,0
-125515,0,0
111407,0,0
-288994,0,0
-283469,0,0
19520,0,0
-451904,0,0
-62935,0,0
-9056,0,0
-6836,0,0
8825,0,0
-68804,0,0
-447824,0,0
39320,0,0
21170,0,0
-168933,0,0
263982,0,0
-118055,0,0
-71336,0,0
-148445,0,0
-60327,0,0
-184630,0,0
8092,0,0
-235411,0,0
334704,0,0
496692,0,0
-167428,0,0
-158631,0,0
-59140,0,0
10975,0,0
-92766,0,0
-48523,0,0
-433744,0,0
108224,0,0
51221,0,0
67198,0,0
425011,0,0
-132914,0,0
-160059,0,0
-178746,0,0
-44306,0,0
-177297,0,0
33666,0,0
-199693,0,0
-78074,0,0
67483,0,0
-179363,0,0
273127,0,0
124811,0,0
-75202,0,0
-174379,0,0
-154835,0,0
-346406,0,0
61078,0,0
89800,0,0
-154686,0,0
209706,0,0
-196225,0,0
-90581,0,0
-56326,0,0
-10602,0,0
-124556,0,0
94155,0,0
-347166,0,0
-193873,0,0
-92794,0,0
-350002,0,0
-120150,0,0
-137003,0,0
-281968,0,0
-123473,0,0
217967,0,0
-248402,0,0
-295455,0,0
-208757,0,0
-145827,0,0
7568,0,0
-441917,0,0
-409732,0,0
-182945,0,0
118829,0,0
-51484,0,0
-21524,0,0
-385969,0,0
-268924,0,0
-104590,0,0
-384396,0,0
94159,0,0
195928,0,0
117359,0,0
-242080,0,0
-33074,0,0
-282502,0,0
-25918,0,0
-25665,0,0
-168802,0,0
129736,0,0
47630,0,0
15816,0,0
206558,0,0
278680,0,0
130183,0,0
99716,0,0
-101019,0,0
-55824,0,0
387929,0,0
-223237,0,0
53086,0,0
280053,0,0
349590,0,0
274031,0,0
31998,0,0
-98929,0,0
245188,0,0
349616,0,0
71463,0,0
214940,0,0
-15586,0,0
78758,0,0
-62487,0,0
167624,0,0
38890,0,0
375605,0,0
22784,0,0
172532,0,0
293305,0,0
-124124,0,0
65977,0,0
79861,0,0
94360,0,0
357209,0,0
274861,0,0
-121013,0,0
-129122,0,0
-128196,0,0
-148898,0,0
318817,0,0
83086,0,0
115560,0,0
-92046,0,0
3715,0,0
11767,0,0
123325,0,0
-131763,0,0
-144339,0,0
164490,0,0
-95182,0,0
134181,0,0
120628,0,0
-65263,0,0
-102881,0,0
98904,0,0
-157268,0,0
46234,0,0
74063,0,0
-99401,0,0
197092,0,0
77965,0,0
42207,0,0
88243,0,0
58459,0,0
-189634,0,0
-8392,0,0
-89026,0,0
1169,0,0
252354,0,0
-210850,0,0
-116654,0,0
-147607,0,0
-135749,0,0
-125720,0,0
76278,0,0
-89528,0,0
88666,0,0
127590,0,0
-149990,0,0
-85517,0,0
-7813,0,0
149010,0,0
-217919,0,0
-52042,0,0
-202334,0,0
176524,0,0
-15927,0,0
-54097,0,0
64038,0,0
186531,0,0
393575,0,0
387387,0,0
155661,0,0
-190357,0,0
-10996,0,0
-144672,0,0
42091,0,0
272270,0,0
138494,0,0
356674,0,0
105549,0,0
331295,0,0
140623,0,0
139173,0,0
-68978,0,0
249883,0,0
122753,0,0
74410,0,0
265685,0,0
-7250,0,0
97355,0,0
-10744,0,0
142963,0,0
16600,0,0
199487,0,0
-187935,0,0
99898,0,0
282063,0,0
206802,0,0
419948,0,0
192256,0,0
-42937,0,0
-325672,0,0
-60634,0,0
48748,0,0
538011,0,0
229757,0,0
114919,0,0
170756,0,0
30700,0,0
159838,0,0
420810,0,0
171508,0,0
-94837,0,0
-3339,0,0
-161372,0,0
-8140,0,0
151661,0,0
74810,0,0
206181,0,0
128583,0,0
-39772,0,0
-108803,0,0
-187880,0,0
-323501,0,0
170107,0,0
119429,0,0
-73085,0,0
59319,0,0
-107651,0,0
-246965,0,0
-114804,0,0
-36404,0,0
-40886,0,0
-85361,0,0
-399628,0,0
-126376,0,0
77217,0,0
-100810,0,0
102576,0,0
-185003,0,0
-168264,0,0
-123781,0,0
-116385,0,0
-78774,0,0
16004,0,0
-155841,0,0
-34567,0,0
93715,0,0
-179539,0,0
-86839,0,0
107224,0,0
288821,0,0
41655,0,0
210631,0,0
-101016,0,0
211490,0,0
205863,0,0
115019,0,0
319753,0,0
168714,0,0
58248,0,0
-26141,0,0
103044,0,0
-19027,0,0
69850,0,0
-51461,0,0
230829,0,0
543934,0,0
291397,0,0
449834,0,0
369409,0,0
-14912,0,0
-257023,0,0
196194,0,0
112947,0,0
4718,0,0
182972,0,0
20104,0,0
383839,0,0
447715,0,0
370502,0,0
212512,0,0
276358,0,0
5387,0,0
233969,0,0
63848,0,0
-84958,0,0
349976,0,0
242395,0,0
41782,0,0
159219,0,0
160237,0,0
37713,0,0
48658,0,0
-96875,0,0
43647,0,0
336672,0,0
57728,0,0
152243,0,0
12764,0,0
153822,0,0
91033,0,0
2121,0,0
-72696,0,0
104322,0,0
-66013,0,0
-37108,0,0
241742,0,0
-71083,0,0
133671,0,0
246810,0,0
324012,0,0
-4814,0,0
-11672,0,0
-185057,0,0
-33937,0,0
56383,0,0
-51015,0,0
63891,0,0
91227,0,0
-148017,0,0
-127768,0,0
57933,0,0
-63781,0,0
11588,0,0
38942,0,0
-100754,0,0
-222956,0,0
-489326,0,0
-314002,0,0
-8500,0,0
51863,0,0
-290828,0,0
-152109,0,0
-378369,0,0
-91898,0,0
186505,0,0
-295297,0,0
-141509,0,0
-161376,0,0
-186152,0,0
-277466,0,0
-36693,0,0
-137259,0,0
74919,0,0
24327,0,0
-32877,0,0
129559,0,0
-118076,0,0
-187798,0,0
-207516,0,0
-100292,0,0
-256211,0,0
-6968,0,0
100061,0,0
238613,0,0
288201,0,0
75334,0,0
-106505,0,0
-216347,0,0
-260450,0,0
-279743,0,0
85995,0,0
80876,0,0
294749,0,0
258269,0,0
-43206,0,0
75288,0,0
-96789,0,0
-52736,0,0
173339,0,0
100156,0,0
-32318,0,0
108191,0,0
-88465,0,0
-87375,0,0
-2535,0,0
-277851,0,0
-51771,0,0
57933,0,0
24090,0,0
-43072,0,0
135160,0,0
-212573,0,0
-226468,0,0
-208525,0,0
-89279,0,0
42650,0,0
-284210,0,0
-284105,0,0
28718,0,0
92131,0,0
30870,0,0
220780,0,0
-12417,0,0
-140338,0,0
-21629,0,0
-237851,0,0
-250236,0,0
-44006,0,0
41215,0,0
54877,0,0
157776,0,0
199099,0,0
86348,0,0
-52022,0,0
-147568,0,0
161349,0,0
106274,0,0
-158860,0,0
-21894,0,0
-121164,0,0
-222522,0,0
147337,0,0
203298,0,0
27407,0,0
15703,0,0
-278908,0,0
-116511,0,0
90941,0,0
-197746,0,0
-278297,0,0
-74774,0,0
-75057,0,0
-61016,0,0
-17936,0,0
-335567,0,0
-276734,0,0
-200973,0,0
-208435,0,0
82343,0,0
-130317,0,0
-230900,0,0
-95115,0,0
-286635,0,0
-124160,0,0
89100,0,0
-165382,0,0
-74610,0,0
53324,0,0
-117385,0,0
-32132,0,0
71395,0,0
-164408,0,0
-77385,0,0
-55766,0,0
-65396,0,0
161923,0,0
87521,0,0
-185530,0,0
169393,0,0
279784,0,0
-46899,0,0
94021,0,0
-19219,0,0
-315036,0,0
-192273,0,0
-43334,0,0
122021,0,0
309519,0,0
-69918,0,0
92459,0,0
147987,0,0
-109260,0,0
-77026,0,0
8276,0,0
-82268,0,0
5705,0,0
62260,0,0
-187670,0,0
43871,0,0
-3080,0,0
-130938,0,0
286591,0,0
46728,0,0
-56990,0,0
-65004,0,0
-98251,0,0
-250263,0,0
202858,0,0
141026,0,0
110462,0,0
266106,0,0
-118577,0,0
-84185,0,0
184572,0,0
-222662,0,0
114858,0,0
-101,0,0
87449,0,0
201443,0,0
137777,0,0
95772,0,0
338084,0,0
-45407,0,0
-243382,0,0
27912,0,0
-141414,0,0
11697,0,0
433340,0,0
203607,0,0
30621,0,0
135732,0,0
104934,0,0
133901,0,0
133495,0,0
-185302,0,0
-60302,0,0
66052,0,0
-82327,0,0
355074,0,0
391763,0,0
84063,0,0
222348,0,0
132727,0,0
-75538,0,0
42344,0,0
-231663,0,0
-214942,0,0
207308,0,0
69370,0,0
124993,0,0
3850,0,0
-103832,0,0
-34886,0,0
-13089,0,0
-350293,0,0
-9580,0,0
-24946,0,0
-293121,0,0
-2407,0,0
-20458,0,0
-208294,0,0
-25685,0,0
-347419,0,0
-232097,0,0
116025,0,0
-186802,0,0
-45896,0,0
26547,0,0
-170142,0,0
-224091,0,0
-115910,0,0
-383565,0,0
-240201,0,0
169040,0,0
64534,0,0
423978,0,0
385742,0,0
-150380,0,0
-113265,0,0
-120019,0,0
-128102,0,0
125466,0,0
110396,0,0
-63363,0,0
355476,0,0
78927,0,0
-163938,0,0
158165,0,0
-195241,0,0
-156626,0,0
101846,0,0
52323,0,0
207089,0,0
158364,0,0
-266727,0,0
-137920,0,0
18643,0,0
-308157,0,0
69015,0,0
-19126,0,0
-123557,0,0
131159,0,0
17639,0,0
-195305,0,0
46165,0,0
-143401,0,0
-253920,0,0
146456,0,0
-121046,0,0
15889,0,0
249154,0,0
-63975,0,0
-135718,0,0
-27466,0,0
-305020,0,0
85101,0,0
224328,0,0
-105374,0,0
6942,0,0
-95856,0,0
-207828,0,0
47667,0,0
5813,0,0
-230642,0,0
-12578,0,0
32761,0,0
-146453,0,0
69510,0,0
-60060,0,0
34239,0,0
61434,0,0
-226318,0,0
-208134,0,0
12966,0,0
-294328,0,0
49270,0,0
-76775,0,0
-259886,0,0
-14889,0,0
-111032,0,0
-54773,0,0
-26120,0,0
-49550,0,0
-372293,0,0
-70656,0,0
-202318,0,0
-266075,0,0
210238,0,0
-164941,0,0
-209086,0,0
-204527,0,0
-247629,0,0
-304763,0,0
-234388,0,0
-353092,0,0
-169585,0,0
85653,0,0
-236851,0,0
-76581,0,0
25593,0,0
-186643,0,0
-101994,0,0
-211946,0,0
-383089,0,0
-80358,0,0
-241479,0,0
-254216,0,0
268989,0,0
157672,0,0
21812,0,0
-220345,0,0
-241930,0,0
94854,0,0
399772,0,0
-260106,0,0
-67487,0,0
153466,0,0
-170463,0,0
84538,0,0
-57386,0,0
162406,0,0
349406,0,0
151824,0,0
-359832,0,0
-93653,0,0
-115528,0,0
100628,0,0
549453,0,0
145250,0,0
161382,0,0
133145,0,0
-325,0,0
186253,0,0
276108,0,0
-179303,0,0
-17787,0,0
336778,0,0
49566,0,0
267058,0,0
279642,0,0
189117,0,0
313286,0,0
461977,0,0
-99281,0,0
154129,0,0
59614,0,0
2978,0,0
477407,0,0
45885,0,0
22131,0,0
103712,0,0
89139,0,0
214481,0,0
236817,0,0
-233970,0,0
96324,0,0
179212,0,0
-143420,0,0
280077,0,0
-11470,0,0
-311939,0,0
86952,0,0
-15564,0,0
-260114,0,0
26518,0,0
-86104,0,0
-277020,0,0
148022,0,0
-25556,0,0
-74990,0,0
-139783,0,0
-366776,0,0
-191633,0,0
-29536,0,0
-121541,0,0
84097,0,0
76491,0,0
-405315,0,0
35206,0,0
-49180,0,0
-154388,0,0
-49160,0,0
-14352,0,0
-279563,0,0
82439,0,0
-169455,0,0
-167566,0,0
161538,0,0
-88839,0,0
9465,0,0
5233,0,0
-76555,0,0
132235,0,0
496237,0,0
-105772,0,0
-66408,0,0
69808,0,0
-254815,0,0
46508,0,0
80539,0,0
85295,0,0
260291,0,0
642319,0,0
113382,0,0
208936,0,0
-264080,0,0
-261036,0,0
172722,0,0
-28878,0,0
284141,0,0
491203,0,0
495101,0,0
291341,0,0
155094,0,0
-272202,0,0
-96,0,0
442835,0,0
203526,0,0
449847,0,0
314066,0,0
103784,0,0
360913,0,0
273651,0,0
90151,0,0
545036,0,0
304246,0,0
33069,0,0
441068,0,0
212942,0,0
226133,0,0
286888,0,0
239400,0,0
25222,0,0
341366,0,0
-58788,0,0
102136,0,0
195562,0,0
2260,0,0
381405,0,0
324024,0,0
99698,0,0
193366,0,0
141230,0,0
-95729,0,0
48663,0,0
-118859,0,0
-164360,0,0
519597,0,0
213167,0,0
247162,0,0
192814,0,0
-9299,0,0
-62276,0,0
86218,0,0
-277049,0,0
-88258,0,0
129865,0,0
-220139,0,0
105220,0,0
-3848,0,0
-119202,0,0
-119052,0,0
-144120,0,0
-615811,0,0
-184228,0,0
-213083,0,0
-400812,0,0
139893,0,0
109810,0,0
-270570,0,0
-190972,0,0
-326951,0,0
-368787,0,0
-162636,0,0
-403984,0,0
-237608,0,0
80386,0,0
-241096,0,0
64885,0,0
-105957,0,0
-332577,0,0
-164048,0,0
-118616,0,0
-527640,0,0
-49266,0,0
-47150,0,0
-211573,0,0
58659,0,0
-237442,0,0
-125454,0,0
-51499,0,0
-290375,0,0
-251664,0,0
46315,0,0
-175707,0,0
-129689,0,0
59323,0,0
-281693,0,0
140406,0,0
340533,0,0
292456,0,0
191927,0,0
78776,0,0
-496041,0,0
32781,0,0
-27175,0,0
-11288,0,0
316445,0,0
52364,0,0
97333,0,0
177386,0,0
156323,0,0
36858,0,0
226096,0,0
-118700,0,0
73198,0,0
277811,0,0
-52156,0,0
206620,0,0
75230,0,0
42794,0,0
345042,0,0
159730,0,0
-135056,0,0
107214,0,0
31767,0,0
-160704,0,0
493210,0,0
136601,0,0
156366,0,0
13357,0,0
-43061,0,0
103096,0,0
232879,0,0
-141706,0,0
-220096,0,0
112456,0,0
-252687,0,0
333435,0,0
209967,0,0
-54585,0,0
62625,0,0
174637,0,0
-219622,0,0
-29634,0,0
-182953,0,0
-318596,0,0
181850,0,0
-24446,0,0
302907,0,0
-72184,0,0
-80880,0,0
-305459,0,0
141701,0,0
-170488,0,0
-130171,0,0
-88818,0,0
-491257,0,0
-171819,0,0
-115175,0,0
-67534,0,0
116691,0,0
-12070,0,0
-342577,0,0
-86145,0,0
-207876,0,0
-176564,0,0
145388,0,0
-37023,0,0
-77945,0,0
-184557,0,0
-213011,0,0
-51387,0,0
119414,0,0
-101977,0,0
34164,0,0
128490,0,0
-206855,0,0
-41519,0,0
-145242,0,0
-60201,0,0
64966,0,0
380527,0,0
25743,0,0
126965,0,0
-130862,0,0
-342114,0,0
34329,0,0
-126468,0,0
-23794,0,0
4879,0,0
81317,0,0
153255,0,0
252706,0,0
-276725,0,0
-125604,0,0
33206,0,0
-260539,0,0
63369,0,0
-92707,0,0
12703,0,0
-19967,0,0
-171023,0,0
-445351,0,0
-82669,0,0
237602,0,0
-20428,0,0
170298,0,0
-211593,0,0
-141289,0,0
-134203,0,0
17473,0,0
-12755,0,0
14114,0,0
-317256,0,0
80395,0,0
402944,0,0
-132077,0,0
82872,0,0
2801,0,0
-207841,0,0
-89169,0,0
97532,0,0
-149381,0,0
40841,0,0
-223262,0,0
-308991,0,0
192950,0,0
-38954,0,0
135672,0,0
-18298,0,0
130012,0,0
-81239,0,0
-97690,0,0
-290365,0,0
-73085,0,0
75676,0,0
-262212,0,0
118041,0,0
282185,0,0
263352,0,0
-64939,0,0
22162,0,0
-324606,0,0
143212,0,0
152202,0,0
93365,0,0
448874,0,0
285712,0,0
166256,0,0
24350,0,0
115426,0,0
-56327,0,0
422751,0,0
252069,0,0
298569,0,0
295688,0,0
-62889,0,0
175148,0,0
281253,0,0
297485,0,0
338137,0,0
347727,0,0
78852,0,0
368569,0,0
324425,0,0
40619,0,0
319133,0,0
97588,0,0
93656,0,0
78285,0,0
261123,0,0
301917,0,0
434142,0,0
84440,0,0
72725,0,0
373172,0,0
79718,0,0
88173,0,0
82199,0,0
29938,0,0
55644,0,0
137677,0,0
-85139,0,0
218733,0,0
165735,0,0
-159703,0,0
14611,0,0
-272158,0,0
-139287,0,0
-133479,0,0
-72986,0,0
-283059,0,0
-142573,0,0
-348320,0,0
-196387,0,0
152432,0,0
-155829,0,0
-227778,0,0
-353566,0,0
-362233,0,0
-265989,0,0
-136123,0,0
-440819,0,0
-159262,0,0
-153774,0,0
-441213,0,0
-171174,0,0
-86537,0,0
-223810,0,0
-65482,0,0
56700,0,0
72769,0,0
203243,0,0
-238654,0,0
-275656,0,0
-117971,0,0
-300614,0,0
-83055,0,0
197471,0,0
295780,0,0
267617,0,0
220309,0,0
-17056,0,0
168912,0,0
3587,0,0
-105423,0,0
56914,0,0
123838,0,0
405466,0,0
120433,0,0
165258,0,0
158587,0,0
207575,0,0
-62273,0,0
-11058,0,0
376428,0,0
56929,0,0
171992,0,0
144311,0,0
69571,0,0
114138,0,0
99181,0,0
-41054,0,0
16275,0,0
13602,0,0
-309895,0,0
121611,0,0
5207,0,0
-30860,0,0
-44726,0,0
2422,0,0
-93779,0,0
161258,0,0
-201892,0,0
-388612,0,0
-74872,0,0
-136145,0,0
142947,0,0
64759,0,0
-176111,0,0
-190906,0,0
115741,0,0
46245,0,0
130730,0,0
55815,0,0
-344520,0,0
-55261,0,0
63155,0,0
25194,0,0
72160,0,0
91802,0,0
-11049,0,0
140841,0,0
69785,0,0
107588,0,0
467175,0,0
45391,0,0
-7787,0,0
-14387,0,0
-32026,0,0
55892,0,0
398657,0,0
131493,0,0
226408,0,0
256949,0,0
139763,0,0
271691,0,0
247531,0,0
-55551,0,0
-23686,0,0
205380,0,0
88364,0,0
240718,0,0
188803,0,0
17672,0,0
76221,0,0
-34932,0,0
-1477,0,0
68138,0,0
82002,0,0
113127,0,0
309450,0,0
-62729,0,0
-131598,0,0
-112200,0,0
-221221,0,0
39845,0,0
197894,0,0
7882,0,0
-35282,0,0
227718,0,0
-95501,0,0
-20696,0,0
-178418,0,0
-24263,0,0
129723,0,0
-144583,0,0
-56240,0,0
144926,0,0
8228,0,0
-22618,0,0
179778,0,0
19386,0,0
-141573,0,0
8579,0,0
-138883,0,0
46011,0,0
105854,0,0
225910,0,0
-8128,0,0
-69713,0,0
-157571,0,0
20950,0,0
-12497,0,0
54113,0,0
219327,0,0
52316,0,0
-82572,0,0
-14139,0,0
-96655,0,0
28112,0,0
2635,0,0
-125528,0,0
-27531,0,0
101918,0,0
-373392,0,0
-111421,0,0
-64337,0,0
-30932,0,0
-155035,0,0
-263220,0,0
-449399,0,0
-54831,0,0
-68275,0,0
-289450,0,0
-191158,0,0
-110405,0,0
-43704,0,0
-119110,0,0
-244078,0,0
-394179,0,0
-121024,0,0
-178040,0,0
-298257,0,0
-86398,0,0
-125798,0,0
66654,0,0
48654,0,0
-106611,0,0
-234145,0,0
-57245,0,0
-169311,0,0
108883,0,0
19290,0,0
-185771,0,0
-19999,0,0
13359,0,0
-28018,0,0
6363,0,0
-149217,0,0
-90912,0,0
165444,0,0
47501,0,0
-152813,0,0
-75111,0,0
-72321,0,0
-92688,0,0
109822,0,0
99025,0,0
-25725,0,0
-98906,0,0
-89661,0,0
22734,0,0
-132819,0,0
-284209,0,0
-24541,0,0
23755,0,0
131303,0,0
272772,0,0
164922,0,0
-35015,0,0
46442,0,0
-197718,0,0
-233888,0,0
10236,0,0
53462,0,0
111011,0,0
218721,0,0
177437,0,0
-86005,0,0
72400,0,0
-79936,0,0
7121,0,0
50186,0,0
-211937,0,0
35820,0,0
-10615,0,0
-78688,0,0
267545,0,0
162324,0,0
-142383,0,0
26098,0,0
-60237,0,0
-220860,0,0
-2735,0,0
-92995,0,0
26495,0,0
295533,0,0
32759,0,0
9678,0,0
153384,0,0
-62752,0,0
131939,0,0
92519,0,0
-92407,0,0
127350,0,0
47158,0,0
52308,0,0
138686,0,0
109808,0,0
-1902,0,0
58864,0,0
8236,0,0
-9149,0,0
238752,0,0
250187,0,0
50799,0,0
203963,0,0
19821,0,0
-52955,0,0
85581,0,0
-78197,0,0
35161,0,0
113303,0,0
145703,0,0
369443,0,0
339612,0,0
-58272,0,0
47523,0,0
89091,0,0
-26116,0,0
12153,0,0
30039,0,0
-17860,0,0
381786,0,0
60828,0,0
126541,0,0
438934,0,0
117039,0,0
-172152,0,0
27345,0,0
-138024,0,0
169722,0,0
314073,0,0
116345,0,0
190463,0,0
243142,0,0
-22640,0,0
230773,0,0
-30238,0,0
12553,0,0
312955,0,0
311597,0,0
202319,0,0
298186,0,0
132146,0,0
190600,0,0
370774,0,0
50770,0,0
3106,0,0
255010,0,0
31979,0,0
132234,0,0
156664,0,0
53852,0,0
215753,0,0
73895,0,0
-152865,0,0
-5497,0,0
-2676,0,0
-101756,0,0
45556,0,0
-282481,0,0
-419747,0,0
-4551,0,0
-237901,0,0
-257642,0,0
-210187,0,0
-286828,0,0
-288150,0,0
-99778,0,0
-420544,0,0
-293705,0,0
-249911,0,0
-470559,0,0
-159655,0,0
56615,0,0
-284693,0,0
-243631,0,0
-276540,0,0
-255662,0,0
-64647,0,0
-273242,0,0
-355103,0,0
-34255,0,0
29826,0,0
-8331,0,0
158318,0,0
-184557,0,0
-66480,0,0
-137373,0,0
-134370,0,0
-3043,0,0
68955,0,0
-134430,0,0
315418,0,0
326092,0,0
-88705,0,0
32726,0,0
52263,0,0
-112665,0,0
134355,0,0
114184,0,0
42657,0,0
320676,0,0
50614,0,0
-37287,0,0
219058,0,0
-97862,0,0
103849,0,0
390147,0,0
116551,0,0
32802,0,0
130599,0,0
-248916,0,0
-62236,0,0
109727,0,0
65751,0,0
392523,0,0
196588,0,0
-208807,0,0
-39408,0,0
-246638,0,0
-401226,0,0
1950,0,0
-15563,0,0
14541,0,0
498645,0,0
42673,0,0
-291701,0,0
-4663,0,0
-314599,0,0
-242647,0,0
-66273,0,0
-154183,0,0
82155,0,0
174736,0,0
-311569,0,0
77321,0,0
266828,0,0
-123205,0,0
-23328,0,0
-5069,0,0
-282539,0,0
47423,0,0
-103665,0,0
-178802,0,0
118817,0,0
-166355,0,0
-139247,0,0
-165851,0,0
-389051,0,0
-31609,0,0
348499,0,0
32682,0,0
120220,0,0
187198,0,0
-259193,0,0
-105144,0,0
-80662,0,0
-241814,0,0
219981,0,0
246391,0,0
-59364,0,0
304965,0,0
-77679,0,0
-329273,0,0
106191,0,0
-131,0,0
367829,0,0
446610,0,0
71665,0,0
-84217,0,0
65934,0,0
-277372,0,0
-189121,0,0
146497,0,0
-73653,0,0
177905,0,0
219472,0,0
18492,0,0
241737,0,0
101111,0,0
36372,0,0
162425,0,0
20254,0,0
-74030,0,0
85750,0,0
-82415,0,0
143369,0,0
306945,0,0
415298,0,0
233744,0,0
186897,0,0
-119912,0,0
63061,0,0
194403,0,0
-86569,0,0
164885,0,0
67625,0,0
1190,0,0
128876,0,0
139918,0,0
-47895,0,0
200072,0,0
21029,0,0
-190492,0,0
173819,0,0
-156495,0,0
-201787,0,0
-37549,0,0
-164007,0,0
-135344,0,0
58564,0,0
-374152,0,0
-194315,0,0
96262,0,0
-323363,0,0
892,0,0
-158359,0,0
-207186,0,0
-63674,0,0
-56732,0,0
-487432,0,0
-176578,0,0
-322786,0,0
-459731,0,0
-166433,0,0
-236655,0,0
111301,0,0
57822,0,0
-188788,0,0
-302016,0,0
-205571,0,0
-266624,0,0
-23457,0,0
117254,0,0
-441934,0,0
11359,0,0
-108191,0,0
-182749,0,0
83590,0,0
67845,0,0
-206813,0,0
297492,0,0
-95735,0,0
-112854,0,0
136584,0,0
-9033,0,0
-130832,0,0
-76850,0,0
-82102,0,0
-67600,0,0
168473,0,0
-188116,0,0
-54038,0,0
151870,0,0
-172526,0,0
17446,0,0
-283437,0,0
-304137,0,0
-70318,0,0
-55862,0,0
-388151,0,0
34234,0,0
-24548,0,0
-442726,0,0
158449,0,0
-110685,0,0
-17088,0,0
-97368,0,0
-235021,0,0
-101344,0,0
114055,0,0
-282832,0,0
-83601,0,0
124121,0,0
-191651,0,0
135210,0,0
-25086,0,0
-134172,0,0
83766,0,0
-39967,0,0
-203962,0,0
231060,0,0
-76110,0,0
-185543,0,0
254761,0,0
38849,0,0
96727,0,0
115794,0,0
-112721,0,0
-188169,0,0
111131,0,0
-83345,0,0
407732,0,0
213267,0,0
-367257,0,0
-16449,0,0
-59426,0,0
-95275,0,0
39741,0,0
-25579,0,0
-227623,0,0
114501,0,0
31370,0,0
-120252,0,0
150274,0,0
-185177,0,0
-248843,0,0
-51203,0,0
-108291,0,0
-166437,0,0
147418,0,0
-304272,0,0
-49285,0,0
131196,0,0
-306012,0,0
71110,0,0
-46201,0,0
-177174,0,0
-19829,0,0
-71468,0,0
-344817,0,0
27718,0,0
-272776,0,0
-322053,0,0
106327,0,0
-223583,0,0
-96917,0,0
-78155,0,0
-181328,0,0
-147676,0,0
53591,0,0
-365135,0,0
-167479,0,0
27548,0,0
-237060,0,0
58601,0,0
-28331,0,0
-159986,0,0
-35904,0,0
-119176,0,0
-468690,0,0
19536,0,0
-167983,0,0
