1365432,0,0
-2924762,0,0
3648165,0,0
-3773960,0,0
2230015,0,0
-998455,0,0
-1917765,0,0
2885218,0,0
-4222346,0,0
2222734,0,0
-999624,0,0
-1086866,0,0
2529575,0,0
-3792481,0,0
3547332,0,0
-2462256,0,0
1133749,0,0
731462,0,0
-2185917,0,0
3379101,0,0
-3624044,0,0
2499550,0,0
-429554,0,0
-1751731,0,0
2977011,0,0
-4237196,0,0
2399436,0,0
-1426089,0,0
-1577693,0,0
2854998,0,0
-4082314,0,0
3054754,0,0
-2050001,0,0
781534,0,0
1170029,0,0
-2708261,0,0
3561436,0,0
-3114630,0,0
1739821,0,0
431256,0,0
-2076343,0,0
3412027,0,0
-3846997,0,0
2142981,0,0
-723019,0,0
-1560918,0,0
2516122,0,0
-4129227,0,0
2864165,0,0
-2296475,0,0
-124679,0,0
1538385,0,0
-3440907,0,0
3786241,0,0
-3000367,0,0
1356869,0,0
1051637,0,0
-2966407,0,0
3506301,0,0
-3055498,0,0
1561503,0,0
325105,0,0
-1923259,0,0
3038038,0,0
-4102444,0,0
2951075,0,0
-2287139,0,0
-336299,0,0
1179295,0,0
-3407644,0,0
3661375,0,0
-3373513,0,0
1374586,0,0
984058,0,0
-2598895,0,0
3609495,0,0
-3078473,0,0
1846585,0,0
98418,0,0
-1728668,0,0
3133160,0,0
-3833835,0,0
3143932,0,0
-2142272,0,0
160064,0,0
1154923,0,0
-3595010,0,0
3569146,0,0
-3264653,0,0
348455,0,0
818544,0,0
-2975483,0,0
3713054,0,0
-3325633,0,0
1795363,0,0
200696,0,0
-1817204,0,0
3003969,0,0
-3660920,0,0
3156747,0,0
-1327286,0,0
-489104,0,0
2340990,0,0
-3918119,0,0
3562390,0,0
-2850891,0,0
101736,0,0
931946,0,0
-3580679,0,0
3509694,0,0
-3008767,0,0
913204,0,0
250123,0,0
-1564681,0,0
3192812,0,0
-3831458,0,0
3135076,0,0
-1512191,0,0
25982,0,0
1941962,0,0
-3453130,0,0
3758208,0,0
-2716218,0,0
316132,0,0
1102874,0,0
-3365521,0,0
3576796,0,0
-3638723,0,0
905570,0,0
68769,0,0
-2383916,0,0
3439831,0,0
-3978756,0,0
2902364,0,0
-1129734,0,0
-658259,0,0
2565080,0,0
-3791920,0,0
3298259,0,0
-1258756,0,0
-421228,0,0
2211426,0,0
-3673135,0,0
3656261,0,0
-2982277,0,0
843837,0,0
63719,0,0
-2648088,0,0
3307179,0,0
-4097385,0,0
2289003,0,0
-1030926,0,0
-1175342,0,0
3051909,0,0
-3918724,0,0
3323608,0,0
-1495361,0,0
-210824,0,0
2105571,0,0
-3559887,0,0
3629156,0,0
-2529672,0,0
1019001,0,0
-60959,0,0
-1988893,0,0
3001231,0,0
-4256423,0,0
2422054,0,0
-1449419,0,0
-1296068,0,0
2366088,0,0
-3953776,0,0
3440358,0,0
-1982619,0,0
206107,0,0
1821948,0,0
-3309533,0,0
3561298,0,0
-3024256,0,0
1844240,0,0
175056,0,0
-1909186,0,0
3342556,0,0
-4003332,0,0
2704564,0,0
-1537522,0,0
-1349351,0,0
2491608,0,0
-4184506,0,0
2624840,0,0
-1317176,0,0
-645321,0,0
1860135,0,0
-3235343,0,0
3744107,0,0
-3110309,0,0
2011604,0,0
-175830,0,0
-1286722,0,0
2958690,0,0
-3888207,0,0
3124477,0,0
-1533145,0,0
-898290,0,0
2217862,0,0
-4018324,0,0
3184794,0,0
-2567606,0,0
-543518,0,0
1665216,0,0
-3628468,0,0
3616472,0,0
-3114008,0,0
1662051,0,0
124659,0,0
-1836750,0,0
3280362,0,0
-3619085,0,0
2445459,0,0
-195721,0,0
-1489183,0,0
3047048,0,0
-3968301,0,0
2953602,0,0
-1707439,0,0
-418264,0,0
1289237,0,0
-3619899,0,0
3509309,0,0
-3341736,0,0
1015753,0,0
437403,0,0
-2564548,0,0
3694023,0,0
-3500692,0,0
2134920,0,0
10301,0,0
-1783106,0,0
3066559,0,0
-3699198,0,0
2871684,0,0
-1055003,0,0
-468985,0,0
1561045,0,0
-3427964,0,0
3671902,0,0
-3715833,0,0
1059093,0,0
-89201,0,0
-2584204,0,0
3479050,0,0
-3973532,0,0
2411649,0,0
-199504,0,0
-1490205,0,0
3022387,0,0
-3744042,0,0
3175821,0,0
-1580528,0,0
66329,0,0
2051365,0,0
-3506598,0,0
3757803,0,0
-3154655,0,0
1320228,0,0
-93469,0,0
-2640015,0,0
3432621,0,0
-4065107,0,0
1449934,0,0
-180279,0,0
-1749644,0,0
2905138,0,0
-3938648,0,0
3421374,0,0
-1943284,0,0
578733,0,0
1233102,0,0
-2671579,0,0
3554351,0,0
-3410217,0,0
2089463,0,0
-125911,0,0
-2330603,0,0
3287923,0,0
-4147551,0,0
1945327,0,0
-825283,0,0
-1888707,0,0
2960454,0,0
-4153936,0,0
2827153,0,0
-1701351,0,0
407370,0,0
1672344,0,0
-3320596,0,0
3676061,0,0
-2699985,0,0
1178347,0,0
1157479,0,0
-2721408,0,0
3652461,0,0
-3433736,0,0
1626603,0,0
-175678,0,0
-2319864,0,0
3205784,0,0
-4156514,0,0
2163712,0,0
-1254895,0,0
-1002878,0,0
2425908,0,0
-4010917,0,0
3492232,0,0
-1939567,0,0
292118,0,0
1699723,0,0
-3319485,0,0
3604255,0,0
-2577897,0,0
1061602,0,0
711403,0,0
-2269476,0,0
3246920,0,0
-4058311,0,0
2674108,0,0
-1889498,0,0
-831047,0,0
1688146,0,0
-3763606,0,0
3505209,0,0
-2866200,0,0
833518,0,0
1417637,0,0
-3021004,0,0
3703937,0,0
-2809174,0,0
1425587,0,0
520897,0,0
-2068168,0,0
3278004,0,0
-3778290,0,0
2844699,0,0
-1600651,0,0
-314314,0,0
1563315,0,0
-3860078,0,0
3404712,0,0
-2914961,0,0
-135742,0,0
1419708,0,0
-3280716,0,0
3669376,0,0
-3345765,0,0
1800927,0,0
49917,0,0
-1480477,0,0
2914219,0,0
-3682354,0,0
3293917,0,0
-1645011,0,0
-117148,0,0
2135693,0,0
-3879205,0,0
3590866,0,0
-2969450,0,0
70968,0,0
1076415,0,0
-3631514,0,0
3469399,0,0
-2885796,0,0
792859,0,0
437885,0,0
-1642521,0,0
3148369,0,0
-3912853,0,0
3170018,0,0
-1303127,0,0
-278920,0,0
2364232,0,0
-3684162,0,0
3610670,0,0
-2299669,0,0
35128,0,0
1334382,0,0
-3437831,0,0
3613236,0,0
-3569895,0,0
1005349,0,0
-24496,0,0
-2392927,0,0
3454447,0,0
-4025638,0,0
2631135,0,0
-838473,0,0
-953344,0,0
2776550,0,0
-3837891,0,0
3223787,0,0
-1198161,0,0
-515436,0,0
2246441,0,0
-3595481,0,0
3669209,0,0
-3269855,0,0
1259043,0,0
-487631,0,0
-2241204,0,0
2984028,0,0
-4166171,0,0
2682889,0,0
-1665277,0,0
-530726,0,0
2721491,0,0
-3878267,0,0
3532843,0,0
-1648513,0,0
-94445,0,0
1810227,0,0
-3279603,0,0
3699508,0,0
-2946311,0,0
1647080,0,0
-539595,0,0
-1307644,0,0
2529250,0,0
-4238015,0,0
2733699,0,0
-1951229,0,0
-1129400,0,0
2416460,0,0
-3898410,0,0
3471779,0,0
-2355368,0,0
504602,0,0
1347439,0,0
-2807902,0,0
3426751,0,0
-3369548,0,0
2449303,0,0
-347355,0,0
-1416341,0,0
3151134,0,0
-4054947,0,0
2894036,0,0
-1740898,0,0
-1174607,0,0
2362115,0,0
-4151440,0,0
2724606,0,0
-1587177,0,0
-470439,0,0
1760877,0,0
-3061462,0,0
3742480,0,0
-3141182,0,0
1850676,0,0
122568,0,0
-1649097,0,0
3250671,0,0
-3706574,0,0
2751193,0,0
-993790,0,0
-1485320,0,0
2853377,0,0
-4172540,0,0
2728548,0,0
-1906712,0,0
-942861,0,0
2102776,0,0
-3882197,0,0
3422488,0,0
-2728743,0,0
1158631,0,0
769443,0,0
-2521475,0,0
3485448,0,0
-3242938,0,0
1877383,0,0
424846,0,0
-2034155,0,0
3343487,0,0
-3787701,0,0
2648877,0,0
-1232140,0,0
-911280,0,0
1777643,0,0
-3827985,0,0
3380159,0,0
-3078845,0,0
782700,0,0
550569,0,0
-2588859,0,0
3718895,0,0
-3479476,0,0
2159968,0,0
191654,0,0
-1978593,0,0
3198641,0,0
-3572661,0,0
2605826,0,0
-805107,0,0
-721312,0,0
1621996,0,0
-3413520,0,0
3692811,0,0
-3648634,0,0
891976,0,0
102006,0,0
-2967426,0,0
3597425,0,0
-3783336,0,0
1933798,0,0
84581,0,0
-1838287,0,0
3234415,0,0
-3730372,0,0
2831555,0,0
-1193421,0,0
-403278,0,0
2317506,0,0
-3771730,0,0
3664341,0,0
-2627462,0,0
675757,0,0
575345,0,0
-3153498,0,0
3589153,0,0
-3831011,0,0
985523,0,0
392515,0,0
-2308943,0,0
3244751,0,0
-3921575,0,0
3241575,0,0
-1517809,0,0
187008,0,0
1631008,0,0
-3019568,0,0
3659912,0,0
-3109830,0,0
1704417,0,0
196454,0,0
-2583754,0,0
3510399,0,0
-3969744,0,0
1742728,0,0
-700050,0,0
-2224226,0,0
3206696,0,0
-4105847,0,0
2577680,0,0
-1584519,0,0
8307,0,0
1830208,0,0
-3450374,0,0
3714097,0,0
-2215148,0,0
503351,0,0
1597344,0,0
-3184876,0,0
3754214,0,0
-2918954,0,0
1022519,0,0
482986,0,0
-2554065,0,0
3331320,0,0
-4121375,0,0
2162155,0,0
-1318370,0,0
-1062972,0,0
2556928,0,0
-4023281,0,0
3428364,0,0
-1786998,0,0
250728,0,0
1924515,0,0
-3467648,0,0
3530111,0,0
-2608624,0,0
1068215,0,0
898750,0,0
-2475351,0,0
3267388,0,0
-4043280,0,0
2680852,0,0
-1902950,0,0
-821456,0,0
1795029,0,0
-3905886,0,0
3337233,0,0
-2595111,0,0
481219,0,0
1879601,0,0
-3421913,0,0
3729416,0,0
-2580654,0,0
1155791,0,0
648276,0,0
-2175381,0,0
3383218,0,0
-3682897,0,0
2665630,0,0
-1281657,0,0
-549174,0,0
1854255,0,0
-4039310,0,0
3172562,0,0
-2479238,0,0
-440248,0,0
1692497,0,0
-3495555,0,0
3672985,0,0
-3238804,0,0
1742106,0,0
142951,0,0
-1455600,0,0
2848228,0,0
-3706244,0,0
3279263,0,0
-1593107,0,0
-222406,0,0
2191999,0,0
-4017136,0,0
3460827,0,0
-2604888,0,0
-201245,0,0
1293121,0,0
-3775858,0,0
3311716,0,0
-2731870,0,0
553287,0,0
711639,0,0
-1939831,0,0
3368473,0,0
-3751090,0,0
2740606,0,0
-808876,0,0
-906642,0,0
2750286,0,0
-3761611,0,0
3282784,0,0
-1697669,0,0
-352618,0,0
1902203,0,0
-3736995,0,0
3570577,0,0
-3300071,0,0
624926,0,0
337589,0,0
-2617527,0,0
3547110,0,0
-3927557,0,0
2409541,0,0
-531001,0,0
-1191500,0,0
2886700,0,0
-3784810,0,0
2928881,0,0
-1072649,0,0
-732661,0,0
2540146,0,0
-3784222,0,0
3584588,0,0
-2957618,0,0
832029,0,0
-19701,0,0
-2486757,0,0
3203501,0,0
-4180135,0,0
2422470,0,0
-1284946,0,0
-770264,0,0
2946910,0,0
-3988485,0,0
3326955,0,0
-1338190,0,0
-311336,0,0
2083355,0,0
-3405876,0,0
3669507,0,0
-2840270,0,0
1407818,0,0
-30744,0,0
-1857557,0,0
3017124,0,0
-4274798,0,0
2159160,0,0
-1182933,0,0
-1772792,0,0
2939821,0,0
-4101991,0,0
3048446,0,0
-1807368,0,0
75879,0,0
1854130,0,0
-3238064,0,0
3557952,0,0
-3101512,0,0
1936847,0,0
85687,0,0
-1866587,0,0
3333182,0,0
-3978046,0,0
2428962,0,0
-1199557,0,0
-1678294,0,0
2711675,0,0
-4235831,0,0
2456091,0,0
-1344224,0,0
-890138,0,0
2140616,0,0
-3293325,0,0
3758419,0,0
-3036164,0,0
1587455,0,0
554229,0,0
-2197901,0,0
3405378,0,0
-3549873,0,0
2526022,0,0
-521876,0,0
-1836999,0,0
3154694,0,0
-4143322,0,0
2660649,0,0
-1792860,0,0
-1117942,0,0
2236701,0,0
-3965601,0,0
3320960,0,0
-2406989,0,0
511287,0,0
1275593,0,0
-2920662,0,0
3660151,0,0
-2906082,0,0
1201904,0,0
939663,0,0
-2549306,0,0
3552802,0,0
-3554893,0,0
2221597,0,0
-997582,0,0
-1187924,0,0
2076720,0,0
-3943440,0,0
3263879,0,0
-2868426,0,0
478613,0,0
856341,0,0
-2936612,0,0
3802472,0,0
-3199521,0,0
1828341,0,0
615428,0,0
-2371005,0,0
3287411,0,0
-3432335,0,0
2452495,0,0
-634297,0,0
-903301,0,0
1955113,0,0
-3605797,0,0
3679531,0,0
-3365316,0,0
561893,0,0
469398,0,0
-3334880,0,0
3620263,0,0
-3363567,0,0
1343843,0,0
490903,0,0
-2358387,0,0
3466389,0,0
-3613603,0,0
2557899,0,0
-991852,0,0
-594490,0,0
2635877,0,0
-3850265,0,0
3499753,0,0
-2135499,0,0
35037,0,0
1320769,0,0
-3781590,0,0
3439991,0,0
-2976019,0,0
-26028,0,0
1398894,0,0
-3287469,0,0
3685081,0,0
-3501007,0,0
2210161,0,0
-254728,0,0
-1147892,0,0
2694815,0,0
-3693655,0,0
3498423,0,0
-1938994,0,0
257323,0,0
1816596,0,0
-3889832,0,0
3569790,0,0
-2865777,0,0
190694,0,0
895140,0,0
-3513890,0,0
3486398,0,0
-3136041,0,0
935354,0,0
286616,0,0
-1691110,0,0
3173598,0,0
-3917248,0,0
2984410,0,0
-824353,0,0
-962020,0,0
2715113,0,0
-3778739,0,0
3358023,0,0
-1910608,0,0
50025,0,0
1544023,0,0
-3548219,0,0
3588780,0,0
-3645646,0,0
1089518,0,0
-118788,0,0
-2325484,0,0
3423630,0,0
-4020354,0,0
2510771,0,0
-446469,0,0
-1242639,0,0
2919002,0,0
-3749609,0,0
3003529,0,0
-1186395,0,0
-508626,0,0
2340735,0,0
-3574480,0,0
3653240,0,0
-3354548,0,0
1509762,0,0
-516683,0,0
-2026397,0,0
2994801,0,0
-4242226,0,0
2505133,0,0
-1343064,0,0
-683228,0,0
2818951,0,0
-3953759,0,0
3428156,0,0
-1611259,0,0
42505,0,0
1781188,0,0
-3248439,0,0
3683852,0,0
-2863798,0,0
1508663,0,0
44681,0,0
-1859610,0,0
3073714,0,0
-4250627,0,0
2302859,0,0
-1237843,0,0
-1861763,0,0
3070354,0,0
-4120699,0,0
2946373,0,0
-1727053,0,0
53362,0,0
1859478,0,0
-3134300,0,0
3570759,0,0
-3098256,0,0
1940228,0,0
20467,0,0
-1723633,0,0
3275664,0,0
-4016190,0,0
2379489,0,0
-1111442,0,0
-1882256,0,0
3112066,0,0
-4261735,0,0
1619084,0,0
-159168,0,0
-1901813,0,0
3028134,0,0
-3871932,0,0
3527005,0,0
-2023286,0,0
390391,0,0
1524832,0,0
-3030932,0,0
3691764,0,0
-2879584,0,0
1413555,0,0
469380,0,0
-2739275,0,0
3632210,0,0
-3822298,0,0
1874376,0,0
-889444,0,0
-1803856,0,0
2800915,0,0
-4153821,0,0
2926140,0,0
-1694099,0,0
-77271,0,0
2059020,0,0
-3612002,0,0
3632402,0,0
-2240709,0,0
454210,0,0
1817653,0,0
-3483393,0,0
3723739,0,0
-2619510,0,0
1143892,0,0
374615,0,0
-2426724,0,0
3099705,0,0
-4197466,0,0
2494605,0,0
-1770063,0,0
-580073,0,0
1948710,0,0
-3728712,0,0
3655549,0,0
-2188087,0,0
608846,0,0
1610207,0,0
-3218992,0,0
3568085,0,0
-2830100,0,0
1574706,0,0
387302,0,0
-1994640,0,0
2986142,0,0
-4074745,0,0
3133632,0,0
-2162163,0,0
-573048,0,0
1571972,0,0
-3973885,0,0
3186522,0,0
-2384281,0,0
281378,0,0
1709194,0,0
-3584880,0,0
3748695,0,0
-2557852,0,0
1024168,0,0
743587,0,0
-2132264,0,0
3375718,0,0
-3631813,0,0
2384842,0,0
-671516,0,0
-1287419,0,0
2653965,0,0
-4246999,0,0
2761737,0,0
-1854505,0,0
-1172727,0,0
2561214,0,0
-3982285,0,0
3406823,0,0
-2600426,0,0
1215627,0,0
859167,0,0
-2189392,0,0
3218117,0,0
-3550326,0,0
2791512,0,0
-816154,0,0
-905823,0,0
2839376,0,0
-4145391,0,0
2902352,0,0
-1731314,0,0
-783369,0,0
1960816,0,0
-4018052,0,0
3098997,0,0
-2339540,0,0
196923,0,0
1190840,0,0
-2540495,0,0
3608392,0,0
-3418056,0,0
2094893,0,0
-132637,0,0
-1729548,0,0
3215282,0,0
-3533265,0,0
2642651,0,0
-691813,0,0
-1337480,0,0
2813770,0,0
-4125778,0,0
3143243,0,0
-2581990,0,0
-112854,0,0
1089215,0,0
-3344077,0,0
3652729,0,0
-3421326,0,0
1315914,0,0
589597,0,0
-2242645,0,0
3429121,0,0
-3513787,0,0
2257412,0,0
-422262,0,0
-1348341,0,0
2964577,0,0
-3939134,0,0
3225083,0,0
-2539447,0,0
441289,0,0
472905,0,0
-3131684,0,0
3575802,0,0
-3862979,0,0
1396949,0,0
-146662,0,0
-2003873,0,0
3535005,0,0
-3769278,0,0
2553427,0,0
-385404,0,0
-1170035,0,0
2636004,0,0
-3681719,0,0
3360497,0,0
-1767574,0,0
108711,0,0
1299397,0,0
-3120471,0,0
3668904,0,0
-3772362,0,0
1109758,0,0
127588,0,0
-3057614,0,0
3630369,0,0
-3687155,0,0
1912783,0,0
-347255,0,0
-1157326,0,0
2552386,0,0
-3557096,0,0
3588778,0,0
-2310697,0,0
1058257,0,0
979932,0,0
-2805893,0,0
3728070,0,0
-3258476,0,0
1289467,0,0
23293,0,0
-2781703,0,0
3533808,0,0
-3973148,0,0
1416396,0,0
-147433,0,0
-1894469,0,0
3080733,0,0
-3872223,0,0
3546163,0,0
-1900754,0,0
233531,0,0
1864579,0,0
-3393635,0,0
3652467,0,0
-2408459,0,0
950431,0,0
1143945,0,0
-3265405,0,0
3712632,0,0
-3434212,0,0
1360707,0,0
-396221,0,0
-2231155,0,0
3094448,0,0
-4165639,0,0
2645620,0,0
-1294569,0,0
-674080,0,0
2378381,0,0
-3768651,0,0
3642583,0,0
-1998759,0,0
171932,0,0
1752115,0,0
-3422652,0,0
3690344,0,0
-2929821,0,0
1573848,0,0
-375363,0,0
-1647426,0,0
2429384,0,0
-4163482,0,0
2976992,0,0
-2385446,0,0
-148386,0,0
1388405,0,0
-3332186,0,0
3827681,0,0
-2596591,0,0
1045310,0,0
1247882,0,0
-2855774,0,0
3436473,0,0
-2975881,0,0
1884818,0,0
-125086,0,0
-1443955,0,0
2830409,0,0
-4040499,0,0
3344986,0,0
-2392698,0,0
-517511,0,0
1658285,0,0
-3952152,0,0
3210849,0,0
-2389485,0,0
455700,0,0
1133072,0,0
-2907090,0,0
3633342,0,0
-3287596,0,0
2118280,0,0
-366212,0,0
-1114761,0,0
2803354,0,0
-3818260,0,0
3264259,0,0
-1447741,0,0
-603754,0,0
1959272,0,0
-4103013,0,0
3163988,0,0
-2333594,0,0
-934280,0,0
2528357,0,0
-3868468,0,0
3519281,0,0
-2696238,0,0
1347248,0,0
612033,0,0
-2066464,0,0
3133127,0,0
-3666210,0,0
2979935,0,0
-1099925,0,0
-549972,0,0
2567309,0,0
-4136417,0,0
3082252,0,0
-1896356,0,0
-428291,0,0
1461048,0,0
-3783987,0,0
3370898,0,0
-2935697,0,0
132348,0,0
1422039,0,0
-2799568,0,0
3647765,0,0
-3445511,0,0
2016877,0,0
230505,0,0
-2219472,0,0
3334389,0,0
-3323323,0,0
2234690,0,0
-460263,0,0
-1209911,0,0
2682668,0,0
-4078249,0,0
3267923,0,0
-2727048,0,0
87169,0,0
869974,0,0
-3074593,0,0
3676810,0,0
-3624038,0,0
1712300,0,0
549262,0,0
-2129341,0,0
3361350,0,0
-3414457,0,0
2284764,0,0
-464314,0,0
-1340409,0,0
2910649,0,0
-3845510,0,0
3336804,0,0
-2665829,0,0
728994,0,0
430941,0,0
-2945753,0,0
3516875,0,0
-4056840,0,0
1476509,0,0
-224439,0,0
-1845140,0,0
3381806,0,0
-3823699,0,0
2682366,0,0
-623203,0,0
-1034451,0,0
2403530,0,0
-3561328,0,0
3490554,0,0
-2114701,0,0
500603,0,0
1353456,0,0
-3157520,0,0
3725404,0,0
-3630493,0,0
1181244,0,0
-360142,0,0
-2536909,0,0
3542687,0,0
-3943959,0,0
2328922,0,0
-1064507,0,0
-412758,0,0
2250981,0,0
-3478149,0,0
3629615,0,0
-2659971,0,0
1417622,0,0
515407,0,0
-2128256,0,0
3472470,0,0
-3730483,0,0
1716362,0,0
-376107,0,0
-2054924,0,0
3078848,0,0
-4237193,0,0
2069171,0,0
-1014130,0,0
-1100121,0,0
2327735,0,0
-3645136,0,0
3762535,0,0
-2677767,0,0
999905,0,0
1302665,0,0
-3082337,0,0
3611996,0,0
-2805526,0,0
1440136,0,0
440247,0,0
-2317274,0,0
3426241,0,0
-4008101,0,0
2390933,0,0
-1621054,0,0
-970444,0,0
1669790,0,0
-3745758,0,0
3493447,0,0
-2742632,0,0
577226,0,0
1507140,0,0
-3125112,0,0
3699602,0,0
-3007734,0,0
1428996,0,0
690840,0,0
-2424033,0,0
3507078,0,0
-3623209,0,0
2507521,0,0
-1631728,0,0
-455931,0,0
1550734,0,0
-3859892,0,0
3413857,0,0
-3092445,0,0
259615,0,0
900500,0,0
-2965310,0,0
3801340,0,0
-3120122,0,0
1580181,0,0
559740,0,0
-2256552,0,0
3084122,0,0
-3656347,0,0
2984842,0,0
-1059917,0,0
-593321,0,0
2335208,0,0
-3813943,0,0
3633281,0,0
-3015805,0,0
69327,0,0
1090760,0,0
-3611920,0,0
3477296,0,0
-2994927,0,0
1004971,0,0
307764,0,0
-1931225,0,0
3347081,0,0
-3644385,0,0
2994940,0,0
-1842782,0,0
441436,0,0
1769262,0,0
-3397588,0,0
3747694,0,0
-2912059,0,0
692748,0,0
608564,0,0
-3157380,0,0
3609312,0,0
-3741328,0,0
934699,0,0
254788,0,0
-2434151,0,0
3431333,0,0
-3928978,0,0
3134989,0,0
-1257730,0,0
-490820,0,0
2464762,0,0
-3733529,0,0
3440337,0,0
-1761255,0,0
51949,0,0
1892124,0,0
-3599783,0,0
3678831,0,0
-3066159,0,0
1076275,0,0
-307992,0,0
-2168963,0,0
3077516,0,0
-4174952,0,0
2666666,0,0
-1436858,0,0
-475070,0,0
2547701,0,0
-3857399,0,0
3527126,0,0
-1835422,0,0
59423,0,0
1939822,0,0
-3469839,0,0
3693777,0,0
-2602297,0,0
1105859,0,0
66600,0,0
-2123137,0,0
2959770,0,0
-4253997,0,0
2549179,0,0
-1791560,0,0
-794249,0,0
2129881,0,0
-3797130,0,0
3629363,0,0
-1901017,0,0
206820,0,0
2023956,0,0
-3431651,0,0
3464604,0,0
-2678443,0,0
1405026,0,0
568014,0,0
-2124481,0,0
3331964,0,0
-4047289,0,0
2850448,0,0
-1698529,0,0
-1070163,0,0
2142434,0,0
-4105202,0,0
2909648,0,0
-1904155,0,0
-63399,0,0
1466067,0,0
-3067020,0,0
3681841,0,0
-3153485,0,0
1981491,0,0
-251864,0,0
-1142025,0,0
2645676,0,0
-3857414,0,0
3416063,0,0
-1733519,0,0
-558522,0,0
1849949,0,0
-3938461,0,0
3341301,0,0
-2870638,0,0
-252359,0,0
1520377,0,0
-3464322,0,0
3681365,0,0
-3357446,0,0
2206841,0,0
-345508,0,0
-1296312,0,0
2926526,0,0
-3736389,0,0
2912226,0,0
-916399,0,0
-644677,0,0
2569037,0,0
-3979884,0,0
3250167,0,0
-1939445,0,0
-642776,0,0
1729808,0,0
-3777266,0,0
3400781,0,0
-2992484,0,0
667492,0,0
730244,0,0
-2630833,0,0
3626972,0,0
-3549994,0,0
2238974,0,0
7790,0,0
-2034425,0,0
3231439,0,0
-3524998,0,0
2565420,0,0
-671725,0,0
-928774,0,0
2193214,0,0
-3879686,0,0
3519918,0,0
-3295606,0,0
768051,0,0
138972,0,0
-2577695,0,0
3508272,0,0
-3942970,0,0
2267539,0,0
-43678,0,0
-1512209,0,0
3160692,0,0
-3615381,0,0
2747413,0,0
-848620,0,0
-856453,0,0
2602426,0,0
-3805749,0,0
3539218,0,0
-2871773,0,0
977415,0,0
260231,0,0
-2972262,0,0
3573068,0,0
-3913297,0,0
1151700,0,0
300678,0,0
-2344970,0,0
3397969,0,0
-3798905,0,0
2650853,0,0
-750613,0,0
-697945,0,0
2157710,0,0
-3451315,0,0
3635961,0,0
-2256769,0,0
638823,0,0
1245410,0,0
-3142469,0,0
3644944,0,0
-3773345,0,0
1186812,0,0
-82243,0,0
-2689460,0,0
3526627,0,0
-3939278,0,0
2232821,0,0
-991906,0,0
-367897,0,0
2300910,0,0
-3602524,0,0
3613368,0,0
-2572033,0,0
1170918,0,0
969917,0,0
-2492440,0,0
3433147,0,0
-3767391,0,0
2021951,0,0
-614777,0,0
-1575327,0,0
2600959,0,0
-4161221,0,0
2855776,0,0
-2131743,0,0
-334398,0,0
1734569,0,0
-3430574,0,0
3800450,0,0
-2882999,0,0
1248194,0,0
900579,0,0
-2788616,0,0
3487477,0,0
-3134351,0,0
1827407,0,0
317499,0,0
-2023075,0,0
3140670,0,0
-4080442,0,0
2926723,0,0
-2324424,0,0
-230736,0,0
1078061,0,0
-3294756,0,0
3694894,0,0
-3431031,0,0
1490857,0,0
842403,0,0
-2418878,0,0
3488360,0,0
-3171927,0,0
1835622,0,0
164133,0,0
-1842945,0,0
3205278,0,0
-3819602,0,0
2957601,0,0
-2004674,0,0
162972,0,0
1051377,0,0
-3584387,0,0
3594340,0,0
-3367326,0,0
469051,0,0
793288,0,0
-2821211,0,0
3685617,0,0
-3238461,0,0
1376692,0,0
443520,0,0
-1932912,0,0
2983691,0,0
-3596463,0,0
3075556,0,0
-1494728,0,0
-166538,0,0
2183834,0,0
-3785277,0,0
3676682,0,0
-3055035,0,0
147673,0,0
871535,0,0
-3538262,0,0
3522478,0,0
-3031948,0,0
990586,0,0
277913,0,0
-1721571,0,0
3160159,0,0
-3866577,0,0
3208772,0,0
-1624312,0,0
67676,0,0
2041843,0,0
-3584941,0,0
3705504,0,0
-2641413,0,0
182959,0,0
1247695,0,0
-3584058,0,0
3524301,0,0
-3362164,0,0
337764,0,0
734462,0,0
-2955626,0,0
3616792,0,0
-3793519,0,0
2621954,0,0
-759029,0,0
-988499,0,0
2648855,0,0
-3789842,0,0
3241035,0,0
-1467775,0,0
-121449,0,0
2017574,0,0
-3634494,0,0
3644032,0,0
-3034835,0,0
863701,0,0
30812,0,0
-2747968,0,0
3399741,0,0
-3981425,0,0
2192860,0,0
-994002,0,0
-1200075,0,0
3009527,0,0
-3962866,0,0
3292019,0,0
-1431930,0,0
-386461,0,0
2216255,0,0
-3530599,0,0
3565368,0,0
-2503219,0,0
1053586,0,0
-10141,0,0
-1933397,0,0
2855055,0,0
-4242345,0,0
2687464,0,0
-1848017,0,0
-928899,0,0
2185333,0,0
-3792121,0,0
3607615,0,0
-2124868,0,0
364454,0,0
1534397,0,0
-3031874,0,0
3426952,0,0
-3216823,0,0
2235981,0,0
-332231,0,0
-1330389,0,0
3037762,0,0
-4069211,0,0
3174253,0,0
-2107678,0,0
-668176,0,0
1774150,0,0
-3976160,0,0
3140620,0,0
-2241428,0,0
153286,0,0
1133262,0,0
-2576872,0,0
3607789,0,0
-3465396,0,0
2614393,0,0
-1131170,0,0
-362368,0,0
2512679,0,0
-3811267,0,0
3482904,0,0
-2189916,0,0
-287505,0,0
1596686,0,0
-3546245,0,0
3560480,0,0
-3480514,0,0
729830,0,0
293097,0,0
-2539137,0,0
3493494,0,0
-3928354,0,0
2833575,0,0
-977968,0,0
-754899,0,0
2645330,0,0
-3746263,0,0
3221499,0,0
-1480102,0,0
-162304,0,0
2179492,0,0
-3639968,0,0
3639339,0,0
-3056942,0,0
914696,0,0
-121464,0,0
-2508609,0,0
3184543,0,0
-4115964,0,0
2540875,0,0
-1323608,0,0
-926194,0,0
2980161,0,0
-3950057,0,0
3303894,0,0
-1508344,0,0
-217756,0,0
2086340,0,0
-3557644,0,0
3621544,0,0
-2492383,0,0
910733,0,0
91146,0,0
-2112986,0,0
3066743,0,0
-4275413,0,0
2249138,0,0
-1350916,0,0
-1423728,0,0
2641428,0,0
-3993177,0,0
3416810,0,0
-1869110,0,0
120029,0,0
2001928,0,0
-3422503,0,0
3498752,0,0
-2785550,0,0
1553782,0,0
462431,0,0
-2076999,0,0
3365943,0,0
-3993791,0,0
2792844,0,0
-1505468,0,0
-1287661,0,0
2439570,0,0
-4177120,0,0
2761954,0,0
-1591978,0,0
-442773,0,0
1824535,0,0
-3191669,0,0
3726236,0,0
-2989588,0,0
1800946,0,0
150222,0,0
-1623211,0,0
3050776,0,0
-3748814,0,0
2924498,0,0
-891433,0,0
-1446921,0,0
2768777,0,0
-4175706,0,0
2808108,0,0
-1957653,0,0
-1014359,0,0
2208467,0,0
-3856909,0,0
3493097,0,0
-2741755,0,0
1401508,0,0
535423,0,0
-2149672,0,0
3273246,0,0
-3418319,0,0
2318653,0,0
-22775,0,0
-1587727,0,0
3319252,0,0
-3796648,0,0
2024266,0,0
-486050,0,0
-1630005,0,0
2623525,0,0
-4165162,0,0
2895157,0,0
-2212571,0,0
-226334,0,0
1590132,0,0
-3491644,0,0
3782169,0,0
-2875905,0,0
1251547,0,0
1041199,0,0
-2908134,0,0
3486568,0,0
-3149467,0,0
1759998,0,0
25948,0,0
-1583591,0,0
2715910,0,0
-4124232,0,0
3164320,0,0
-2583726,0,0
-14663,0,0
851868,0,0
-3230399,0,0
3653096,0,0
-3641563,0,0
1692884,0,0
710030,0,0
-2392823,0,0
3534531,0,0
-3186783,0,0
1963414,0,0
-153255,0,0
-1524434,0,0
3044140,0,0
-3871515,0,0
3163289,0,0
-2144056,0,0
455432,0,0
908391,0,0
-3495797,0,0
3607094,0,0
-3445429,0,0
513863,0,0
791886,0,0
-2769266,0,0
3586971,0,0
-3689746,0,0
2325382,0,0
-503846,0,0
-936886,0,0
2506399,0,0
-3558684,0,0
3562814,0,0
-2250102,0,0
597897,0,0
1431212,0,0
-3412102,0,0
3716886,0,0
-3591167,0,0
816046,0,0
320032,0,0
-3092174,0,0
3640868,0,0
-3563889,0,0
1578573,0,0
-256595,0,0
-970933,0,0
2767799,0,0
-3875795,0,0
3436328,0,0
-1850363,0,0
307051,0,0
1868556,0,0
-3454246,0,0
3731677,0,0
-2690643,0,0
425541,0,0
977785,0,0
-3100390,0,0
3547753,0,0
-3909770,0,0
1632419,0,0
-694790,0,0
-1746520,0,0
3014334,0,0
-4132202,0,0
3175784,0,0
-1439846,0,0
-276658,0,0
2177950,0,0
-3620633,0,0
3547572,0,0
-2065681,0,0
427827,0,0
1372899,0,0
-2882197,0,0
3527514,0,0
-3862388,0,0
2110923,0,0
-1317143,0,0
-1239348,0,0
2096163,0,0
-4003057,0,0
3249466,0,0
-2318794,0,0
200316,0,0
2099586,0,0
-3546958,0,0
3718865,0,0
-2331512,0,0
755273,0,0
1163422,0,0
-2793918,0,0
3603752,0,0
-3388500,0,0
2195828,0,0
-1047391,0,0
-788084,0,0
1906225,0,0
-4015040,0,0
3248174,0,0
-2590139,0,0
-367283,0,0
1547680,0,0
-3463368,0,0
3703021,0,0
-3064197,0,0
1406967,0,0
496402,0,0
-1915610,0,0
2956948,0,0
-3579263,0,0
3015325,0,0
-1208494,0,0
-586046,0,0
2642078,0,0
-4060390,0,0
3349495,0,0
-2198481,0,0
-603988,0,0
1757669,0,0
-3944983,0,0
3269645,0,0
-2385172,0,0
260607,0,0
1013315,0,0
-2215834,0,0
3491534,0,0
-3649809,0,0
2644218,0,0
-790818,0,0
-808989,0,0
2705140,0,0
-3794138,0,0
3366563,0,0
-1824836,0,0
-568908,0,0
2047695,0,0
-3805138,0,0
3469870,0,0
-3160093,0,0
495064,0,0
503528,0,0
-2851409,0,0
3619948,0,0
-3834122,0,0
2371697,0,0
-621966,0,0
-1162556,0,0
2937885,0,0
-3723087,0,0
2829056,0,0
-833840,0,0
-1010471,0,0
2669415,0,0
-3794853,0,0
3497142,0,0
-2604098,0,0
586736,0,0
207023,0,0
-2702068,0,0
3309915,0,0
-4103306,0,0
2318940,0,0
-1095734,0,0
-904032,0,0
2941924,0,0
-3943004,0,0
3385975,0,0
-1329671,0,0
-415794,0,0
2038728,0,0
-3436101,0,0
3614549,0,0
-2639858,0,0
1216920,0,0
-79271,0,0
-1782133,0,0
2949741,0,0
-4287922,0,0
2424947,0,0
-1542539,0,0
-1371371,0,0
2656836,0,0
-4050369,0,0
3281429,0,0
-1864586,0,0
100381,0,0
1754253,0,0
-3184092,0,0
3530798,0,0
-2885907,0,0
1675715,0,0
301726,0,0
-2061035,0,0
3478016,0,0
-3849820,0,0
2344140,0,0
-895395,0,0
-1847209,0,0
2896080,0,0
-4267673,0,0
2384076,0,0
-1094724,0,0
-937291,0,0
2353855,0,0
-3520821,0,0
3739303,0,0
-2595817,0,0
1321570,0,0
520029,0,0
-2047148,0,0
3304935,0,0
-3512399,0,0
2447867,0,0
-548914,0,0
-1759157,0,0
3133611,0,0
-4163529,0,0
2516897,0,0
-1540650,0,0
-1297430,0,0
2413009,0,0
-3976407,0,0
3378107,0,0
-2501642,0,0
923620,0,0
1135440,0,0
-2883769,0,0
3556990,0,0
-2913854,0,0
1453339,0,0
844160,0,0
-2569987,0,0
3551886,0,0
-3502925,0,0
2059105,0,0
-536454,0,0
-1555612,0,0
2488348,0,0
-4154949,0,0
2997640,0,0
-2416872,0,0
129316,0,0
1326134,0,0
-3263065,0,0
3808775,0,0
-2925373,0,0
1347198,0,0
837341,0,0
-2547053,0,0
3352824,0,0
-3374018,0,0
2184576,0,0
-345226,0,0
-1287061,0,0
2384972,0,0
-3943952,0,0
3517241,0,0
-2997939,0,0
209794,0,0
669546,0,0
-3397812,0,0
3635821,0,0
-3450735,0,0
1536080,0,0
611349,0,0
-2401078,0,0
3458975,0,0
-3471938,0,0
2327580,0,0
-673280,0,0
-939344,0,0
2688483,0,0
-3853584,0,0
3425783,0,0
-2285074,0,0
427977,0,0
1001645,0,0
-3578994,0,0
3591990,0,0
-3301998,0,0
325216,0,0
1061235,0,0
-2892563,0,0
3561964,0,0
-3794366,0,0
2616799,0,0
-788805,0,0
-552690,0,0
2258544,0,0
-3502240,0,0
3615099,0,0
-2464409,0,0
773638,0,0
1105277,0,0
-3295809,0,0
3700389,0,0
-3596210,0,0
1174682,0,0
-168126,0,0
-2807874,0,0
3496534,0,0
-3847307,0,0
2139555,0,0
-887424,0,0
-540861,0,0
2381222,0,0
-3769756,0,0
3574145,0,0
-1921462,0,0
148652,0,0
1972926,0,0
-3440822,0,0
3707350,0,0
-2512217,0,0
443465,0,0
964434,0,0
-3052278,0,0
3539789,0,0
-3963693,0,0
1706322,0,0
-733035,0,0
-1577386,0,0
2900278,0,0
-4143227,0,0
3145500,0,0
-1325359,0,0
-329500,0,0
2278246,0,0
-3708710,0,0
3426795,0,0
-2095582,0,0
409568,0,0
1347516,0,0
-2868798,0,0
3480348,0,0
-3926272,0,0
2328860,0,0
-1510359,0,0
-1146487,0,0
2014335,0,0
-4023745,0,0
3197413,0,0
-2376751,0,0
275649,0,0
2043419,0,0
-3578510,0,0
3701707,0,0
-2485858,0,0
962966,0,0
919806,0,0
-2548768,0,0
3515866,0,0
-3477293,0,0
2258777,0,0
-840167,0,0
-1010092,0,0
2265219,0,0
-4181195,0,0
2877995,0,0
-2110688,0,0
-908370,0,0
2249696,0,0
-3838600,0,0
3525985,0,0
-2785077,0,0
1144478,0,0
633772,0,0
-2030848,0,0
3139652,0,0
-3664222,0,0
3054607,0,0
-1248486,0,0
-541173,0,0
2495033,0,0
-4096599,0,0
3316810,0,0
-2242973,0,0
-608816,0,0
1631072,0,0
-3944837,0,0
3090571,0,0
-2227846,0,0
26200,0,0
1181980,0,0
-2406338,0,0
3505936,0,0
-3670416,0,0
2503868,0,0
-381189,0,0
-1288506,0,0
2965775,0,0
-3720767,0,0
3063381,0,0
-1417452,0,0
-735434,0,0
2216579,0,0
-3916761,0,0
3437659,0,0
-3026488,0,0
288011,0,0
789945,0,0
-3018091,0,0
3680625,0,0
-3659407,0,0
1955120,0,0
18852,0,0
-1806679,0,0
3192153,0,0
-3621342,0,0
2551345,0,0
-428423,0,0
-1351987,0,0
2920363,0,0
-3869028,0,0
3348261,0,0
-2446169,0,0
337142,0,0
517234,0,0
-3034559,0,0
3485479,0,0
-3960913,0,0
1760120,0,0
-469905,0,0
-1606171,0,0
3401820,0,0
-3891340,0,0
2811819,0,0
-517332,0,0
-1233590,0,0
2700724,0,0
-3646849,0,0
3273378,0,0
-1914597,0,0
383408,0,0
686011,0,0
-2517517,0,0
3444970,0,0
-4086092,0,0
1592747,0,0
-553629,0,0
-2365676,0,0
3331725,0,0
-4067444,0,0
2610745,0,0
-1163214,0,0
-685225,0,0
2532653,0,0
-3662750,0,0
3454523,0,0
-2489055,0,0
1145149,0,0
883028,0,0
-2692768,0,0
3664102,0,0
-3552215,0,0
1658933,0,0
-462179,0,0
-2348536,0,0
3224903,0,0
-4183257,0,0
1734491,0,0
-512136,0,0
-1658974,0,0
2837454,0,0
-3807877,0,0
3596919,0,0
-2182587,0,0
711370,0,0
1207314,0,0
-2806862,0,0
3609168,0,0
-3207696,0,0
1791709,0,0
341958,0,0
-2673776,0,0
3552065,0,0
-3919539,0,0
1961640,0,0
-992872,0,0
-1715562,0,0
2725489,0,0
-4120560,0,0
3001032,0,0
-1897122,0,0
171425,0,0
1786523,0,0
-3422832,0,0
3675679,0,0
-2472395,0,0
834375,0,0
1228932,0,0
-2885616,0,0
3662835,0,0
-3352886,0,0
1960624,0,0
-637775,0,0
-1518423,0,0
2301541,0,0
-4095134,0,0
2961323,0,0
-2407700,0,0
42675,0,0
1312041,0,0
-3365442,0,0
3810854,0,0
-2624064,0,0
994549,0,0
1286835,0,0
-2863606,0,0
3455293,0,0
-3121386,0,0
1914326,0,0
-63428,0,0
-1523529,0,0
2547979,0,0
-3943976,0,0
3458500,0,0
-2741408,0,0
-38083,0,0
1079731,0,0
-3623365,0,0
3547922,0,0
-3006015,0,0
1070191,0,0
829461,0,0
-2623911,0,0
3528331,0,0
-3417799,0,0
2314904,0,0
-679490,0,0
-805093,0,0
2614790,0,0
-3805867,0,0
3514356,0,0
-2089167,0,0
162333,0,0
1142748,0,0
-3561334,0,0
3609208,0,0
-3416245,0,0
559444,0,0
804444,0,0
-2804756,0,0
3554419,0,0
-3782323,0,0
2910095,0,0
-1037015,0,0
-385076,0,0
2122186,0,0
-3456305,0,0
3680021,0,0
-2478171,0,0
831095,0,0
1315860,0,0
-3559688,0,0
3703860,0,0
-3231713,0,0
858871,0,0
139237,0,0
-2887005,0,0
3488764,0,0
-3913880,0,0
1988897,0,0
-622882,0,0
-960748,0,0
2721023,0,0
-3921914,0,0
3401464,0,0
-1532363,0,0
-287236,0,0
2309000,0,0
-3642240,0,0
3583138,0,0
-2368862,0,0
649654,0,0
870369,0,0
-2987995,0,0
3456339,0,0
-4053016,0,0
1854031,0,0
-910688,0,0
-1449301,0,0
2835921,0,0
-4123633,0,0
3165422,0,0
-1289229,0,0
-321525,0,0
2345694,0,0
-3656660,0,0
3445817,0,0
-2068229,0,0
540332,0,0
1392200,0,0
-2831701,0,0
3406429,0,0
-3954199,0,0
2603959,0,0
-1585247,0,0
-1092992,0,0
2076589,0,0
-4065245,0,0
3123300,0,0
-2189639,0,0
149122,0,0
1845099,0,0
-3409975,0,0
3728566,0,0
-2714589,0,0
1316965,0,0
506049,0,0
-2068929,0,0
3266443,0,0
-3684252,0,0
2656175,0,0
-922121,0,0
-848983,0,0
2186426,0,0
-4143267,0,0
3073175,0,0
-2230586,0,0
-735472,0,0
2228496,0,0
-3787560,0,0
3591401,0,0
-2963417,0,0
1539190,0,0
464231,0,0
-1788030,0,0
3042748,0,0
-3682500,0,0
3133074,0,0
-1281589,0,0
-434352,0,0
2329916,0,0
-4101160,0,0
3330888,0,0
-2369031,0,0
-49590,0,0
1025605,0,0
-3566224,0,0
3497892,0,0
-3255631,0,0
1032494,0,0
273385,0,0
-1803073,0,0
3269891,0,0
-3866829,0,0
2742587,0,0
-552175,0,0
-1307946,0,0
2935449,0,0
-3724616,0,0
3057476,0,0
-1345207,0,0
-535305,0,0
2035095,0,0
-3801602,0,0
3543221,0,0
-3347269,0,0
700960,0,0
259827,0,0
-2558844,0,0
3493305,0,0
-3979934,0,0
2310019,0,0
-270363,0,0
-1262362,0,0
2892328,0,0
-3785520,0,0
3002804,0,0
-1343249,0,0
-317086,0,0
2113465,0,0
-3493262,0,0
3607167,0,0
-3598795,0,0
1783874,0,0
-693758,0,0
-2128430,0,0
3015901,0,0
-4237537,0,0
2433284,0,0
-1331462,0,0
-733891,0,0
2800478,0,0
-3989925,0,0
3361807,0,0
-1703972,0,0
133309,0,0
1663324,0,0
-3166369,0,0
3653145,0,0
-2999137,0,0
1633253,0,0
141706,0,0
-1991583,0,0
3113183,0,0
-4248697,0,0
2187199,0,0
-1115161,0,0
-1825060,0,0
3086374,0,0
-4092767,0,0
3026606,0,0
-1962991,0,0
348229,0,0
1507594,0,0
-2748629,0,0
3461266,0,0
-3327188,0,0
2277921,0,0
-371484,0,0
-1378892,0,0
3077575,0,0
-4112355,0,0
2597092,0,0
-1437006,0,0
-1226989,0,0
2301842,0,0
-4159613,0,0
2641478,0,0
-1687226,0,0
-407575,0,0
1721493,0,0
-3134654,0,0
3727265,0,0
-3205319,0,0
1682150,0,0
582011,0,0
-2327874,0,0
3405651,0,0
-3401827,0,0
2397065,0,0
-531514,0,0
-1470873,0,0
2974653,0,0
-4162962,0,0
2889090,0,0
-2149931,0,0
-577822,0,0
1581127,0,0
-3592670,0,0
3599736,0,0
-2977986,0,0
943492,0,0
1096604,0,0
-2712292,0,0
3562486,0,0
-3179606,0,0
1675180,0,0
357410,0,0
-2144910,0,0
3364665,0,0
-3765586,0,0
2826873,0,0
-1822504,0,0
-236098,0,0
1164207,0,0
-3571426,0,0
3526963,0,0
-3504094,0,0
895812,0,0
390192,0,0
-2449365,0,0
3712629,0,0
-3484978,0,0
2099796,0,0
39624,0,0
-1705056,0,0
2953911,0,0
-3648091,0,0
3096794,0,0
-1572879,0,0
81572,0,0
1492833,0,0
-3203585,0,0
3675574,0,0
-3714649,0,0
869345,0,0
134495,0,0
-2887893,0,0
3578452,0,0
-3826583,0,0
2078665,0,0
-796460,0,0
-802598,0,0
2594963,0,0
-3630682,0,0
3506633,0,0
-2484170,0,0
1098045,0,0
830825,0,0
-2564290,0,0
3646234,0,0
-3504724,0,0
1459342,0,0
-140523,0,0
-2521367,0,0
3350981,0,0
-4115765,0,0
1556015,0,0
-354219,0,0
-1866255,0,0
3023043,0,0
-3903940,0,0
3523084,0,0
-2017512,0,0
332449,0,0
1794581,0,0
-3370190,0,0
3699822,0,0
-2625795,0,0
1075717,0,0
826709,0,0
-2969097,0,0
3661887,0,0
-3726844,0,0
1763731,0,0
-896856,0,0
-1905139,0,0
2928410,0,0
-4139248,0,0
2803930,0,0
-1566612,0,0
-451959,0,0
2435721,0,0
-3778128,0,0
3555923,0,0
-1965020,0,0
90490,0,0
1847734,0,0
-3340446,0,0
3705332,0,0
-2911721,0,0
1478615,0,0
-280031,0,0
-1780579,0,0
2575839,0,0
-4147680,0,0
2918012,0,0
-2374875,0,0
-139948,0,0
1311211,0,0
-3208774,0,0
3823570,0,0
-2827447,0,0
1287788,0,0
1043014,0,0
-2583357,0,0
3325676,0,0
-3278397,0,0
2296984,0,0
-496694,0,0
-1078523,0,0
2500649,0,0
-3933824,0,0
3497244,0,0
-2682709,0,0
-142709,0,0
1243993,0,0
-3698451,0,0
3433422,0,0
-2918130,0,0
827391,0,0
707724,0,0
-2491743,0,0
3505264,0,0
-3562951,0,0
2697173,0,0
-1132458,0,0
-337223,0,0
2257269,0,0
-3679723,0,0
3638501,0,0
-2272640,0,0
-35861,0,0
1369795,0,0
-3750321,0,0
3516369,0,0
-3068395,0,0
18453,0,0
1313858,0,0
-3313285,0,0
3680759,0,0
-3509313,0,0
2394217,0,0
-468824,0,0
-1199676,0,0
2900784,0,0
-3768793,0,0
3272551,0,0
-1370263,0,0
-271006,0,0
2045925,0,0
-3842773,0,0
3507681,0,0
-2680245,0,0
501239,0,0
393454,0,0
-2954731,0,0
3534071,0,0
-3907788,0,0
1820193,0,0
-489317,0,0
-1375035,0,0
3066808,0,0
-3960287,0,0
3151383,0,0
-1106236,0,0
-804275,0,0
2423823,0,0
-3746605,0,0
3502833,0,0
-2082994,0,0
509935,0,0
663690,0,0
-2842513,0,0
3369716,0,0
-4133696,0,0
1886795,0,0
-1193371,0,0
-1314090,0,0
2578701,0,0
-4026091,0,0
3316960,0,0
-1531303,0,0
-24846,0,0
2169866,0,0
-3573503,0,0
3487010,0,0
-2419493,0,0
969396,0,0
1048620,0,0
-2589547,0,0
3434817,0,0
-3983238,0,0
2681269,0,0
-1554347,0,0
-1294215,0,0
2333473,0,0
-4158292,0,0
2743016,0,0
-1596391,0,0
-281112,0,0
1902117,0,0
-3489775,0,0
3699735,0,0
-2758215,0,0
1447927,0,0
296081,0,0
-1798725,0,0
3250574,0,0
-3660654,0,0
2615281,0,0
-695494,0,0
-1385714,0,0
2735578,0,0
-4262391,0,0
2631493,0,0
-1620253,0,0
-1355599,0,0
2689400,0,0
-4057336,0,0
3219327,0,0
-2337059,0,0
990230,0,0
923709,0,0
-2317073,0,0
3368551,0,0
-3526013,0,0
2620774,0,0
-762096,0,0
-912893,0,0
2742511,0,0
-4132568,0,0
2942078,0,0
-1775233,0,0
-570785,0,0
1516899,0,0
-3803052,0,0
3263095,0,0
-2827201,0,0
461163,0,0
821631,0,0
-2643068,0,0
3609630,0,0
-3622793,0,0
2246450,0,0
-6242,0,0
-1884726,0,0
3225880,0,0
-3611447,0,0
2657329,0,0
-914506,0,0
-732297,0,0
2072353,0,0
-3817439,0,0
3533018,0,0
-3307302,0,0
687701,0,0
144442,0,0
-2578854,0,0
3504394,0,0
-3949238,0,0
2235220,0,0
-97569,0,0
-1410542,0,0
3114766,0,0
-3704009,0,0
2819498,0,0
-1041352,0,0
-689586,0,0
2458750,0,0
-3729029,0,0
3621356,0,0
-3243329,0,0
1431508,0,0
-336867,0,0
-2632621,0,0
3388161,0,0
-4089670,0,0
1823680,0,0
-543609,0,0
-1532682,0,0
2998604,0,0
-4000512,0,0
3109104,0,0
-1412201,0,0
-89142,0,0
1864114,0,0
-3217800,0,0
3637431,0,0
-2900667,0,0
1405312,0,0
573386,0,0
-2556739,0,0
3498432,0,0
-4006667,0,0
1690958,0,0
-644748,0,0
-2262142,0,0
3289757,0,0
-4070102,0,0
2639286,0,0
-1436262,0,0
48849,0,0
1940956,0,0
-3226820,0,0
3596706,0,0
-3025298,0,0
1818036,0,0
332831,0,0
-1979485,0,0
3351872,0,0
-3894304,0,0
2120180,0,0
-766664,0,0
-1564337,0,0
2629829,0,0
-4170750,0,0
2612780,0,0
-1813030,0,0
-475717,0,0
1843091,0,0
-3451205,0,0
3772622,0,0
-3023963,0,0
1438956,0,0
853032,0,0
-2665619,0,0
3525439,0,0
-3221062,0,0
1896843,0,0
-153152,0,0
-1550504,0,0
2882171,0,0
-4140500,0,0
2995194,0,0
-2408420,0,0
-485031,0,0
1318426,0,0
-3446040,0,0
3636467,0,0
-3106877,0,0
915766,0,0
1202468,0,0
-2698826,0,0
3612639,0,0
-3130809,0,0
1657805,0,0
349423,0,0
-2083020,0,0
3343006,0,0
-3744140,0,0
2856196,0,0
-1892066,0,0
-62181,0,0
1201835,0,0
-3635574,0,0
3558985,0,0
-3295522,0,0
450211,0,0
806995,0,0
-2805128,0,0
3712876,0,0
-3312892,0,0
1800065,0,0
209488,0,0
-1804995,0,0
2923291,0,0
-3688567,0,0
3133646,0,0
-1215013,0,0
-442301,0,0
2206374,0,0
-3793108,0,0
3640380,0,0
-2975977,0,0
145751,0,0
979463,0,0
-3566853,0,0
3511604,0,0
-2927871,0,0
949334,0,0
233065,0,0
-1576591,0,0
3105583,0,0
-3801493,0,0
3285057,0,0
-1813013,0,0
318531,0,0
1832101,0,0
-3411157,0,0
3737337,0,0
-2956562,0,0
697636,0,0
553718,0,0
-2972960,0,0
3545924,0,0
-3893257,0,0
1098953,0,0
34823,0,0
-2332293,0,0
3369501,0,0
-3971620,0,0
3106924,0,0
-1478223,0,0
-223745,0,0
2407476,0,0
-3758768,0,0
3476243,0,0
-1717085,0,0
140704,0,0
1692190,0,0
-3333235,0,0
3723151,0,0
-3326580,0,0
1298176,0,0
-381365,0,0
-2301376,0,0
3140594,0,0
-4087782,0,0
2668068,0,0
-1488049,0,0
-666374,0,0
2674740,0,0
-3862959,0,0
3518880,0,0
-1776619,0,0
-60265,0,0
1844492,0,0
-3404630,0,0
3697784,0,0
-2826519,0,0
1451165,0,0
-356595,0,0
-1658270,0,0
2627986,0,0
-4224913,0,0
2761611,0,0
-2028840,0,0
-798638,0,0
2085059,0,0
-3760812,0,0
3622284,0,0
-2165838,0,0
469228,0,0
1552648,0,0
-3006685,0,0
3453237,0,0
-3230631,0,0
2189817,0,0
-173385,0,0
-1506225,0,0
2997695,0,0
-4102295,0,0
3150889,0,0
-2108923,0,0
-813385,0,0
1949662,0,0
-4030532,0,0
2988944,0,0
-2108940,0,0
128968,0,0
1134116,0,0
-2610625,0,0
3608350,0,0
-3462170,0,0
2524997,0,0
-772093,0,0
-831735,0,0
2611765,0,0
-3799548,0,0
3483488,0,0
-1848484,0,0
-482947,0,0
1924256,0,0
-3957719,0,0
3278729,0,0
-2617789,0,0
-478063,0,0
1748058,0,0
-3599326,0,0
3643022,0,0
-3156474,0,0
1930300,0,0
6742,0,0
-1684804,0,0
3184694,0,0
-3651168,0,0
2707577,0,0
-711470,0,0
-978304,0,0
2797492,0,0
-4013196,0,0
3091183,0,0
-1955475,0,0
-363546,0,0
1255922,0,0
-3605251,0,0
3470387,0,0
-3282194,0,0
948893,0,0
485520,0,0
-2563011,0,0
3642020,0,0
-3545542,0,0
2189967,0,0
-40366,0,0
-1865742,0,0
3149300,0,0
-3631086,0,0
2716153,0,0
-848031,0,0
-721400,0,0
1800454,0,0
-3594521,0,0
3623518,0,0
-3621960,0,0
1025456,0,0
-113729,0,0
-2445293,0,0
3448104,0,0
-3998363,0,0
2358725,0,0
-157503,0,0
-1413109,0,0
3074876,0,0
-3642389,0,0
2999799,0,0
-1470613,0,0
-59148,0,0
1959605,0,0
-3342705,0,0
3763342,0,0
-3388544,0,0
1739390,0,0
-479187,0,0
-2396760,0,0
3365911,0,0
-4122599,0,0
1780401,0,0
-570971,0,0
-1456720,0,0
2849175,0,0
-3944783,0,0
3370112,0,0
-1922860,0,0
561263,0,0
1379125,0,0
-2791413,0,0
3573333,0,0
-3150673,0,0
1759336,0,0
280652,0,0
-2403088,0,0
3373897,0,0
-4099546,0,0
1955195,0,0
-811814,0,0
-2151237,0,0
3261568,0,0
-4087997,0,0
2647444,0,0
-1604499,0,0
373373,0,0
1627318,0,0
-3142994,0,0
3647184,0,0
-2916834,0,0
1542455,0,0
569061,0,0
-2268044,0,0
3513227,0,0
-3686051,0,0
1786090,0,0
-362162,0,0
-1914772,0,0
2818617,0,0
-4197736,0,0
2583587,0,0
-1806103,0,0
-630011,0,0
2055189,0,0
-3738154,0,0
3709391,0,0
-2734534,0,0
1109612,0,0
1007053,0,0
-2824723,0,0
3549904,0,0
-3136930,0,0
1698431,0,0
60805,0,0
-1707334,0,0
2846014,0,0
-4120857,0,0
3097723,0,0
-2595973,0,0
-116841,0,0
937968,0,0
-3269568,0,0
3645834,0,0
-3546738,0,0
1545909,0,0
745325,0,0
-2288473,0,0
3455453,0,0
-3359938,0,0
2126980,0,0
-14417,0,0
-1533343,0,0
3066047,0,0
-3845824,0,0
3151988,0,0
-2202523,0,0
372548,0,0
907922,0,0
-3518111,0,0
3597523,0,0
-3453869,0,0
645172,0,0
534340,0,0
-2565568,0,0
3490588,0,0
-3774790,0,0
2465456,0,0
-457501,0,0
-902806,0,0
2322840,0,0
-3473380,0,0
3557271,0,0
-2376927,0,0
710472,0,0
1306465,0,0
-3360041,0,0
3716174,0,0
-3516733,0,0
911095,0,0
214191,0,0
-3095315,0,0
3644550,0,0
-3514313,0,0
1577539,0,0
-382321,0,0
-850124,0,0
2668060,0,0
-3810974,0,0
3558505,0,0
-2096316,0,0
523459,0,0
1650132,0,0
-3262994,0,0
3743541,0,0
-3056731,0,0
894601,0,0
500466,0,0
-2901031,0,0
3516584,0,0
-3975972,0,0
1371840,0,0
-333154,0,0
-1942652,0,0
3173822,0,0
-4108703,0,0
3107235,0,0
-1418841,0,0
-372115,0,0
2390552,0,0
-3800578,0,0
3420865,0,0
-1743072,0,0
72353,0,0
1657919,0,0
-3205953,0,0
3668728,0,0
-3632767,0,0
1683356,0,0
-877966,0,0
-1965135,0,0
2801781,0,0
-4144608,0,0
2816458,0,0
-1726925,0,0
-334071,0,0
2384361,0,0
-3735893,0,0
3672095,0,0
-1945835,0,0
268531,0,0
1573458,0,0
-3159366,0,0
3685885,0,0
-3115985,0,0
1820099,0,0
-732366,0,0
-1182838,0,0
2368391,0,0
-4183717,0,0
2902733,0,0
-2157436,0,0
-751415,0,0
2048040,0,0
-3726905,0,0
3628004,0,0
-2481242,0,0
699924,0,0
1269461,0,0
-2749903,0,0
3413910,0,0
-3277126,0,0
2299868,0,0
-199885,0,0
-1486648,0,0
3128250,0,0
-4080840,0,0
3010411,0,0
-1868875,0,0
-853963,0,0
1921961,0,0
-4037867,0,0
3007175,0,0
-1949471,0,0
-66564,0,0
1369560,0,0
-2695632,0,0
3622662,0,0
-3455453,0,0
2478170,0,0
-549383,0,0
-933803,0,0
2699492,0,0
-3805673,0,0
3388467,0,0
-1849298,0,0
-630098,0,0
1990098,0,0
-3873181,0,0
3361727,0,0
-2810896,0,0
-158739,0,0
1285566,0,0
-3433668,0,0
3668330,0,0
-3346234,0,0
1833762,0,0
-30154,0,0
-1775657,0,0
3261062,0,0
-3599180,0,0
2444506,0,0
-255083,0,0
-1406122,0,0
3006789,0,0
-3941163,0,0
3061167,0,0
-1854479,0,0
-222159,0,0
1146477,0,0
-3562256,0,0
3510389,0,0
-3471527,0,0
1258822,0,0
114157,0,0
-2206130,0,0
3588599,0,0
-3711597,0,0
2470205,0,0
-247864,0,0
-1597281,0,0
2988930,0,0
-3702372,0,0
2948570,0,0
-1286956,0,0
-290401,0,0
1314221,0,0
-3255938,0,0
3654630,0,0
-3851617,0,0
1227877,0,0
-300578,0,0
-2510301,0,0
3414712,0,0
-4020559,0,0
2481937,0,0
-391014,0,0
-1335186,0,0
2955469,0,0
-3765724,0,0
3176508,0,0
-1787628,0,0
259012,0,0
1727835,0,0
-3268986,0,0
3781975,0,0
-3336703,0,0
1600955,0,0
-381758,0,0
-2553816,0,0
3422351,0,0
-4051950,0,0
1473886,0,0
-144087,0,0
-1809001,0,0
2975147,0,0
-3955830,0,0
3367718,0,0
-1831963,0,0
535899,0,0
1364823,0,0
-2791704,0,0
3565437,0,0
-3311876,0,0
1942222,0,0
87797,0,0
-2415974,0,0
3396999,0,0
-4061420,0,0
1971496,0,0
-970414,0,0
-2074033,0,0
3085746,0,0
-4083003,0,0
2820633,0,0
-1767876,0,0
403975,0,0
1600471,0,0
-3216801,0,0
3675224,0,0
-2755292,0,0
1307226,0,0
1087933,0,0
-2736475,0,0
3646598,0,0
-3420437,0,0
1691913,0,0
-180426,0,0
-2056477,0,0
2950851,0,0
-4199393,0,0
2558414,0,0
-1726529,0,0
-578336,0,0
1913407,0,0
-3693098,0,0
3726110,0,0
-2598780,0,0
997039,0,0
1217139,0,0
-3000459,0,0
3599784,0,0
-2967464,0,0
1556598,0,0
240595,0,0
-1785212,0,0
2816654,0,0
-4115332,0,0
3107037,0,0
-2457365,0,0
-313502,0,0
1211149,0,0
-3555407,0,0
3608221,0,0
-3223651,0,0
1157746,0,0
1054973,0,0
-2746937,0,0
3631428,0,0
-3161856,0,0
1765808,0,0
79718,0,0
-1728657,0,0
3268558,0,0
-3801428,0,0
2762096,0,0
-1544785,0,0
-300498,0,0
1493450,0,0
-3890382,0,0
3352712,0,0
-2828453,0,0
-243183,0,0
1547861,0,0
-3386443,0,0
3710446,0,0
-3161138,0,0
1586966,0,0
213274,0,0
-1607650,0,0
2932287,0,0
-3631366,0,0
3262522,0,0
-1545502,0,0
-222510,0,0
2233331,0,0
-3945241,0,0
3547182,0,0
-2723502,0,0
-19119,0,0
1204452,0,0
-3712277,0,0
3459350,0,0
-2803900,0,0
701574,0,0
605620,0,0
-1771559,0,0
3257212,0,0
-3820313,0,0
2910901,0,0
-870525,0,0
-710757,0,0
2636085,0,0
-3704748,0,0
3482194,0,0
-2054284,0,0
-96200,0,0
1529702,0,0
-3482608,0,0
3624407,0,0
-3560365,0,0
961259,0,0
93128,0,0
-2279816,0,0
3382642,0,0
-4064716,0,0
2723391,0,0
-764838,0,0
-1076969,0,0
2834465,0,0
-3826276,0,0
3002691,0,0
-898500,0,0
-766821,0,0
2509673,0,0
-3841192,0,0
3551893,0,0
-2839217,0,0
713909,0,0
39450,0,0
-2746125,0,0
3326010,0,0
-4102339,0,0
2184558,0,0
-1007274,0,0
-1217052,0,0
3163584,0,0
-3990185,0,0
3151385,0,0
-1046476,0,0
-702103,0,0
2340619,0,0
-3608241,0,0
3579840,0,0
-2398038,0,0
936630,0,0
140546,0,0
-2103290,0,0
3133510,0,0
-4244538,0,0
2096636,0,0
-1155141,0,0
-1745177,0,0
2824723,0,0
-4086689,0,0
3156170,0,0
-1823811,0,0
110988,0,0
1626760,0,0
-3003009,0,0
3512956,0,0
-3280799,0,0
2192769,0,0
-323748,0,0
-1451794,0,0
3064227,0,0
-4126786,0,0
2834074,0,0
-1706757,0,0
-1138776,0,0
2292840,0,0
-4187558,0,0
2615360,0,0
-1442895,0,0
-659775,0,0
1869816,0,0
-3090429,0,0
3742516,0,0
-3190838,0,0
1850356,0,0
227212,0,0
-1837136,0,0
3262631,0,0
-3720882,0,0
2777293,0,0
-1097744,0,0
-1304594,0,0
2702555,0,0
-4119944,0,0
2994714,0,0
-2222222,0,0
-567641,0,0
1639084,0,0
-3719568,0,0
3549195,0,0
-2874031,0,0
1111971,0,0
692045,0,0
-2396364,0,0
3489188,0,0
-3322181,0,0
2022673,0,0
128939,0,0
-1764725,0,0
3184035,0,0
-3895675,0,0
3015416,0,0
-1859206,0,0
-249057,0,0
1026458,0,0
-3512415,0,0
3490633,0,0
-3543880,0,0
1289329,0,0
69953,0,0
-2226703,0,0
3611351,0,0
-3672436,0,0
2479792,0,0
-201341,0,0
-1527113,0,0
2999267,0,0
-3667221,0,0
3028167,0,0
-1418097,0,0
-138444,0,0
1163472,0,0
-2937887,0,0
3599992,0,0
-3936040,0,0
1381532,0,0
-349140,0,0
-2603339,0,0
3504899,0,0
-3947530,0,0
2338407,0,0
-655432,0,0
-1115146,0,0
2805406,0,0
-3809087,0,0
3340758,0,0
-2033583,0,0
672392,0,0
1372807,0,0
-2972515,0,0
3757776,0,0
-3341557,0,0
1509184,0,0
-189009,0,0
-2503588,0,0
3364369,0,0
-4129237,0,0
1707775,0,0
-409333,0,0
-1669262,0,0
2874432,0,0
-3814093,0,0
3584010,0,0
-2222870,0,0
814780,0,0
1036749,0,0
-2435527,0,0
3558308,0,0
-3353404,0,0
2029060,0,0
-153211,0,0
-2221310,0,0
3367385,0,0
-4071624,0,0
2278716,0,0
-1357079,0,0
-1410618,0,0
2454297,0,0
-4036085,0,0
3245998,0,0
-2308030,0,0
570221,0,0
1305708,0,0
-3022300,0,0
3662742,0,0
-2827218,0,0
1165796,0,0
1129226,0,0
-2784420,0,0
3623761,0,0
-3468261,0,0
2129404,0,0
-703616,0,0
-1468655,0,0
2400363,0,0
-4118660,0,0
2986150,0,0
-2497916,0,0
161456,0,0
1245030,0,0
-3282790,0,0
3808585,0,0
-2843372,0,0
1229274,0,0
1124009,0,0
-2759497,0,0
3442545,0,0
-3187638,0,0
2042721,0,0
-75050,0,0
-1452163,0,0
2477353,0,0
-3941502,0,0
3474753,0,0
-2807579,0,0
52073,0,0
934396,0,0
-3607674,0,0
3548854,0,0
-3002958,0,0
970677,0,0
1152967,0,0
-2855239,0,0
3632454,0,0
-3184603,0,0
1888586,0,0
-202520,0,0
-1288753,0,0
3047645,0,0
-3833835,0,0
3082476,0,0
-1521901,0,0
-303874,0,0
1699873,0,0
-3884726,0,0
3400279,0,0
-2880488,0,0
-200164,0,0
1486601,0,0
-3320982,0,0
3681525,0,0
-3436315,0,0
2208438,0,0
-494393,0,0
-905738,0,0
2539958,0,0
-3639797,0,0
3625747,0,0
-2075611,0,0
317403,0,0
1495392,0,0
-3759625,0,0
3661328,0,0
-3051426,0,0
339021,0,0
737514,0,0
-3439935,0,0
3507370,0,0
-3354095,0,0
1133193,0,0
107929,0,0
-1518590,0,0
3059091,0,0
-3963503,0,0
3129167,0,0
-1053529,0,0
-739732,0,0
2719852,0,0
-3775187,0,0
3367762,0,0
-1876131,0,0
-59764,0,0
1567634,0,0
-3513990,0,0
3609455,0,0
-3638854,0,0
1017340,0,0
-119341,0,0
-2118021,0,0
3275090,0,0
-4099485,0,0
2744104,0,0
-763157,0,0
-923823,0,0
2714970,0,0
-3810985,0,0
3225120,0,0
-1477240,0,0
-339557,0,0
2283533,0,0
-3597619,0,0
3652423,0,0
-3375652,0,0
1552964,0,0
-681491,0,0
-2031975,0,0
2903249,0,0
-4207944,0,0
2607937,0,0
-1575923,0,0
-404286,0,0
2553338,0,0
-3899877,0,0
3551520,0,0
-1881381,0,0
289500,0,0
1473007,0,0
-2978335,0,0
3722840,0,0
-3005473,0,0
1518730,0,0
15937,0,0
-1820185,0,0
3051785,0,0
-4249383,0,0
2290947,0,0
-1320083,0,0
-1625055,0,0
2875479,0,0
-4087346,0,0
3152358,0,0
-2165545,0,0
661726,0,0
1228957,0,0
-2528165,0,0
3372168,0,0
-3457181,0,0
2578282,0,0
-741828,0,0
-927778,0,0
2712978,0,0
-4151434,0,0
3115546,0,0
-2069538,0,0
-798521,0,0
1963683,0,0
-4032800,0,0
2962450,0,0
-2094705,0,0
-93330,0,0
1271378,0,0
-2585148,0,0
3608336,0,0
-3540061,0,0
2181271,0,0
-71909,0,0
-1497189,0,0
3165010,0,0
-3643892,0,0
2858727,0,0
-1023760,0,0
-1106954,0,0
2581476,0,0
-4060939,0,0
3286170,0,0
-2738646,0,0
67955,0,0
903484,0,0
-3067093,0,0
3697304,0,0
-3586466,0,0
1697335,0,0
303297,0,0
-1987862,0,0
3337780,0,0
-3553520,0,0
2371914,0,0
-345008,0,0
-1463657,0,0
3007420,0,0
-3887746,0,0
3286090,0,0
-2498428,0,0
472256,0,0
308477,0,0
-2905148,0,0
3453173,0,0
-4049927,0,0
1851318,0,0
-584004,0,0
-1437328,0,0
3285118,0,0
-3951271,0,0
2966468,0,0
-852483,0,0
-735277,0,0
2412351,0,0
-3634978,0,0
3470963,0,0
-2200929,0,0
679103,0,0
729556,0,0
-2650724,0,0
3519140,0,0
-4009708,0,0
1464320,0,0
-453496,0,0
-2599236,0,0
3499062,0,0
-3950101,0,0
2232146,0,0
-909593,0,0
-786952,0,0
2665739,0,0
-3695555,0,0
3420654,0,0
-2417980,0,0
1177800,0,0
708858,0,0
-2418003,0,0
3609772,0,0
-3603854,0,0
1685739,0,0
-358680,0,0
-2471630,0,0
3326035,0,0
-4132201,0,0
1693589,0,0
-391660,0,0
-1722148,0,0
2877165,0,0
-3833734,0,0
3606100,0,0
-2146432,0,0
593490,0,0
1435583,0,0
-2966634,0,0
3660198,0,0
-2976119,0,0
1608606,0,0
239824,0,0
-2371837,0,0
3437202,0,0
-4033726,0,0
2288743,0,0
-1397738,0,0
-1261401,0,0
2328962,0,0
-4031122,0,0
3205483,0,0
-2198358,0,0
245413,0,0
1669778,0,0
-3281708,0,0
3702454,0,0
-2683159,0,0
1045506,0,0
1194277,0,0
-2870638,0,0
3597519,0,0
-3448617,0,0
2227008,0,0
-1051913,0,0
-1025005,0,0
1794965,0,0
-3878213,0,0
3340909,0,0
-3022041,0,0
451269,0,0
844429,0,0
-2912401,0,0
3830639,0,0
-3115964,0,0
1648611,0,0
805378,0,0
-2500936,0,0
3324590,0,0
-3364272,0,0
2348825,0,0
-486365,0,0
-1055264,0,0
2272649,0,0
-3796893,0,0
3611768,0,0
-3006008,0,0
176249,0,0
902754,0,0
-3548777,0,0
3540706,0,0
-3129976,0,0
1098855,0,0
519061,0,0
-2293310,0,0
3427364,0,0
-3649903,0,0
2737501,0,0
-991085,0,0
-469742,0,0
2240741,0,0
-3676102,0,0
3675738,0,0
-2415641,0,0
371115,0,0
903810,0,0
-3530900,0,0
3620120,0,0
-3389664,0,0
482938,0,0
909535,0,0
-2996529,0,0
3594290,0,0
-3770801,0,0
2836482,0,0
-982050,0,0
-527511,0,0
2409124,0,0
-3669765,0,0
3573247,0,0
-2134846,0,0
530427,0,0
1587823,0,0
-3675788,0,0
3640559,0,0
-3052720,0,0
694982,0,0
329729,0,0
-2860812,0,0
3463990,0,0
-3962699,0,0
1955285,0,0
-686540,0,0
-1106093,0,0
2827406,0,0
-3949064,0,0
3335312,0,0
-1428715,0,0
-505004,0,0
2416774,0,0
-3711071,0,0
3529826,0,0
-2034739,0,0
325361,0,0
958048,0,0
-2965838,0,0
3436576,0,0
-4061754,0,0
1841723,0,0
-1032746,0,0
-1277427,0,0
2585254,0,0
-4052894,0,0
3304120,0,0
-1523490,0,0
-13796,0,0
2254446,0,0
-3610852,0,0
3491254,0,0
-2290018,0,0
820991,0,0
1079963,0,0
-2567576,0,0
3324136,0,0
-4032416,0,0
2774902,0,0
-1719968,0,0
-1134089,0,0
2242798,0,0
-4173426,0,0
2824386,0,0
-1875527,0,0
-221364,0,0
1883269,0,0
-3505346,0,0
3711771,0,0
-2853023,0,0
1526085,0,0
221679,0,0
-1708970,0,0
3180445,0,0
-3751512,0,0
2770521,0,0
-969010,0,0
-1014043,0,0
2334110,0,0
-4183713,0,0
2992498,0,0
-2105902,0,0
-923956,0,0
2360709,0,0
-3888968,0,0
3483841,0,0
-2767436,0,0
1518554,0,0
400613,0,0
-1778998,0,0
3136239,0,0
-3700020,0,0
3001715,0,0
-1017000,0,0
-648505,0,0
2555938,0,0
-4118904,0,0
3186698,0,0
-2075333,0,0
-260869,0,0
1326556,0,0
-3639840,0,0
3465564,0,0
-3191298,0,0
1026037,0,0
328029,0,0
-2114277,0,0
3407766,0,0
-3788571,0,0
2728895,0,0
-517204,0,0
-1408838,0,0
2969386,0,0
-3662890,0,0
2882037,0,0
-1117979,0,0
-531332,0,0
1902663,0,0
-3725841,0,0
3564052,0,0
-3472878,0,0
866788,0,0
-84807,0,0
-2172449,0,0
3292980,0,0
-4081746,0,0
2639812,0,0
-567775,0,0
-1034128,0,0
2883615,0,0
-3779043,0,0
3117165,0,0
-1365327,0,0
-370207,0,0
2155747,0,0
-3576595,0,0
3644850,0,0
-3506695,0,0
1774708,0,0
-633362,0,0
-2293320,0,0
3243891,0,0
-4213269,0,0
1871953,0,0
-715417,0,0
-1348574,0,0
3061324,0,0
-3993121,0,0
3104223,0,0
-1309052,0,0
-323139,0,0
2026053,0,0
-3379166,0,0
3656350,0,0
-2658969,0,0
1141693,0,0
593398,0,0
-2484518,0,0
3438972,0,0
-4081804,0,0
1723575,0,0
-530053,0,0
-2407453,0,0
3457777,0,0
-3999307,0,0
2490570,0,0
-1320991,0,0
-87583,0,0
2063788,0,0
-3317603,0,0
3599721,0,0
-2922293,0,0
1661457,0,0
303575,0,0
-2000328,0,0
3388738,0,0
-3879180,0,0
2047483,0,0
-784825,0,0
-1823732,0,0
2819478,0,0
-4210517,0,0
2362545,0,0
-1430582,0,0
-686818,0,0
1960603,0,0
-3440077,0,0
3786640,0,0
-2888517,0,0
1255520,0,0
946139,0,0
-2701511,0,0
3612884,0,0
-3038374,0,0
1692914,0,0
207112,0,0
-2057366,0,0
3224008,0,0
-4128535,0,0
2597029,0,0
-1827741,0,0
-869723,0,0
1797956,0,0
-3751553,0,0
3457399,0,0
-2792026,0,0
654865,0,0
1372553,0,0
-2902291,0,0
3639930,0,0
-3077370,0,0
1503594,0,0
556200,0,0
-2288036,0,0
3444124,0,0
-3703950,0,0
2682626,0,0
-1740007,0,0
-413499,0,0
1439015,0,0
-3791444,0,0
3429489,0,0
-3135414,0,0
378097,0,0
833729,0,0
-2852925,0,0
3791551,0,0
-3119839,0,0
1555542,0,0
520679,0,0
-2164513,0,0
3180873,0,0
-3620290,0,0
2866347,0,0
-791476,0,0
-856661,0,0
2328938,0,0
-3865982,0,0
3592759,0,0
-2928957,0,0
-28879,0,0
1155073,0,0
-3600315,0,0
3505812,0,0
-3068827,0,0
1050313,0,0
207984,0,0
-1731852,0,0
3229248,0,0
-3773637,0,0
3136853,0,0
-1511834,0,0
82469,0,0
1914558,0,0
-3460783,0,0
3757542,0,0
-2717295,0,0
427411,0,0
864315,0,0
-3406105,0,0
3587490,0,0
-3592731,0,0
717125,0,0
472232,0,0
-2690725,0,0
3511244,0,0
-3905859,0,0
2967045,0,0
-1188085,0,0
-509027,0,0
2570032,0,0
-3777761,0,0
3491721,0,0
-1623824,0,0
-32403,0,0
1963546,0,0
-3836200,0,0
3525076,0,0
-2674539,0,0
413579,0,0
498134,0,0
-3119376,0,0
3528085,0,0
-3776969,0,0
1487032,0,0
-103383,0,0
-1857639,0,0
3254393,0,0
-3938107,0,0
2964805,0,0
-1045043,0,0
-782013,0,0
2623927,0,0
-3794584,0,0
3407574,0,0
-2065665,0,0
525930,0,0
643868,0,0
-2584159,0,0
3199170,0,0
-4224201,0,0
2209390,0,0
-1465712,0,0
-1200567,0,0
2619480,0,0
-4034333,0,0
3292854,0,0
-1463944,0,0
-144453,0,0
2356850,0,0
-3614415,0,0
3494626,0,0
-2256961,0,0
837710,0,0
1084797,0,0
-2606398,0,0
3477814,0,0
-3978266,0,0
2553468,0,0
-1372858,0,0
-1552986,0,0
2592856,0,0
-4198835,0,0
2579721,0,0
-1626479,0,0
-450006,0,0
1977234,0,0
-3498839,0,0
3707336,0,0
-2775787,0,0
1468159,0,0
279365,0,0
-1679573,0,0
3164336,0,0
-3807019,0,0
2810819,0,0
-853603,0,0
-1380575,0,0
2633816,0,0
-4285530,0,0
2471581,0,0
-1393655,0,0
-1642304,0,0
2942055,0,0
-4096704,0,0
2967280,0,0
-2031360,0,0
693332,0,0
1237616,0,0
-2731697,0,0
3577321,0,0
-3243847,0,0
2089098,0,0
-86655,0,0
-1532129,0,0
3159802,0,0
-4032625,0,0
2500713,0,0
-1173070,0,0
-1177520,0,0
2190735,0,0
-4018572,0,0
3030243,0,0
-2376619,0,0
76296,0,0
1260270,0,0
-3025483,0,0
3744212,0,0
-3293267,0,0
1782445,0,0
505133,0,0
-2379552,0,0
3458224,0,0
-3306028,0,0
2108059,0,0
-325487,0,0
-1337529,0,0
2669677,0,0
-4078897,0,0
3219267,0,0
-2759252,0,0
61165,0,0
837671,0,0
-3139298,0,0
3662090,0,0
-3580504,0,0
1658697,0,0
495325,0,0
-2051841,0,0
3451722,0,0
-3447825,0,0
2246764,0,0
-135877,0,0
-1430186,0,0
2980006,0,0
-3844312,0,0
3375803,0,0
-2647791,0,0
660580,0,0
603165,0,0
-3324108,0,0
3604727,0,0
-3587396,0,0
750676,0,0
509744,0,0
-2429634,0,0
3515721,0,0
-3684723,0,0
2283223,0,0
-452054,0,0
-1084015,0,0
2589343,0,0
-3670055,0,0
3475795,0,0
-1937102,0,0
200182,0,0
1701791,0,0
-3506288,0,0
3733613,0,0
-3322234,0,0
471123,0,0
732642,0,0
-3370669,0,0
3594912,0,0
-3413081,0,0
1461492,0,0
-209137,0,0
-1316726,0,0
3077394,0,0
-3815482,0,0
3343818,0,0
-1811103,0,0
407777,0,0
1571547,0,0
-3210657,0,0
3750365,0,0
-3047066,0,0
795308,0,0
560196,0,0
-2984541,0,0
3527210,0,0
-3889463,0,0
1386240,0,0
-380047,0,0
-1782683,0,0
3040672,0,0
-4061533,0,0
3363422,0,0
-1767151,0,0
52706,0,0
2211551,0,0
-3685348,0,0
3507117,0,0
-1963905,0,0
424746,0,0
1362004,0,0
-3028085,0,0
3695075,0,0
-3597109,0,0
1685653,0,0
-833620,0,0
-1918029,0,0
2890605,0,0
-4149683,0,0
2738713,0,0
-1473006,0,0
-721711,0,0
2799414,0,0
-3913501,0,0
3447393,0,0
-1628176,0,0
-141590,0,0
2121294,0,0
-3594727,0,0
3560577,0,0
-2251850,0,0
810359,0,0
268636,0,0
-2218376,0,0
3116637,0,0
-4263114,0,0
2320006,0,0
-1476804,0,0
-1118704,0,0
2411832,0,0
-3955578,0,0
3445310,0,0
-1729815,0,0
-5312,0,0
2148350,0,0
-3473404,0,0
3474096,0,0
-2744695,0,0
1335284,0,0
707560,0,0
-2356768,0,0
3447395,0,0
-4016676,0,0
2630431,0,0
-1364095,0,0
-1570740,0,0
2684005,0,0
-4217222,0,0
2482981,0,0
-1343804,0,0
-686490,0,0
2016566,0,0
-3468355,0,0
3728871,0,0
-2801249,0,0
1552890,0,0
155371,0,0
-1584219,0,0
3132647,0,0
-3850298,0,0
2885363,0,0
-1148377,0,0
-1158599,0,0
2489049,0,0
-4181802,0,0
2863204,0,0
-2012847,0,0
-977128,0,0
2140005,0,0
-3852198,0,0
3489447,0,0
-2810661,0,0
1507635,0,0
588787,0,0
-2262990,0,0
3387371,0,0
-3419627,0,0
2208094,0,0
-13762,0,0
-1598519,0,0
3181681,0,0
-3968647,0,0
2641259,0,0
-1248249,0,0
-1000623,0,0
1937586,0,0
-3903463,0,0
3273643,0,0
-2866988,0,0
480189,0,0
955725,0,0
-2872423,0,0
3746572,0,0
-3356747,0,0
1862227,0,0
255627,0,0
-2134155,0,0
3363600,0,0
-3416712,0,0
2319868,0,0
-534090,0,0
-1140997,0,0
2439291,0,0
-3902394,0,0
3504356,0,0
-3280455,0,0
675557,0,0
272864,0,0
-2875701,0,0
3617568,0,0
-3788395,0,0
2073258,0,0
261901,0,0
-1853536,0,0
3314927,0,0
-3509238,0,0
2526822,0,0
-659549,0,0
-1015540,0,0
2815857,0,0
-3868068,0,0
3412570,0,0
-2600299,0,0
850124,0,0
328763,0,0
-3053215,0,0
3587674,0,0
-3845505,0,0
1216072,0,0
79247,0,0
-1956884,0,0
3116091,0,0
-3971260,0,0
3117796,0,0
-1365036,0,0
13966,0,0
1661865,0,0
-2955961,0,0
3628695,0,0
-3100713,0,0
1670212,0,0
355448,0,0
-2580790,0,0
3479704,0,0
-4014409,0,0
1596518,0,0
-440917,0,0
-2566203,0,0
3426637,0,0
-4014530,0,0
2220808,0,0
-896307,0,0
-369764,0,0
2327563,0,0
-3705026,0,0
3636930,0,0
-2343162,0,0
859668,0,0
1297731,0,0
-2940021,0,0
3725338,0,0
-3265782,0,0
1126988,0,0
250055,0,0
-2415044,0,0
3224860,0,0
-4186104,0,0
2164062,0,0
-1247180,0,0
-1092038,0,0
2437853,0,0
-3919676,0,0
3616669,0,0
-2300033,0,0
547071,0,0
1659158,0,0
-3403369,0,0
3603153,0,0
-2484703,0,0
981169,0,0
918163,0,0
-2506473,0,0
3389933,0,0
-3984363,0,0
2553330,0,0
-1892217,0,0
-688060,0,0
1557536,0,0
-3660765,0,0
3578560,0,0
-3062134,0,0
1133800,0,0
1225413,0,0
-2814381,0,0
3614654,0,0
-3002148,0,0
1725366,0,0
139125,0,0
-1657813,0,0
3220096,0,0
-3816987,0,0
2983281,0,0
-1954133,0,0
156059,0,0
1047940,0,0
-3625384,0,0
3564863,0,0
-3321455,0,0
533427,0,0
645787,0,0
-2556337,0,0
3436126,0,0
-3870025,0,0
2643444,0,0
-751106,0,0
-624677,0,0
2345854,0,0
-3497191,0,0
3499505,0,0
-2229464,0,0
561206,0,0
1557079,0,0
-3465020,0,0
3760981,0,0
-3302158,0,0
699437,0,0
475736,0,0
-3244349,0,0
3667563,0,0
-3468263,0,0
1478798,0,0
-178598,0,0
-1026476,0,0
2865415,0,0
-3893000,0,0
3405591,0,0
-1650367,0,0
-44661,0,0
2130854,0,0
-3545896,0,0
3720455,0,0
-2644753,0,0
333575,0,0
1162335,0,0
-3239608,0,0
3607703,0,0
-3784659,0,0
1407860,0,0
-496380,0,0
-1849664,0,0
3125118,0,0
-4102115,0,0
3177802,0,0
-1429026,0,0
-344221,0,0
2446916,0,0
-3782778,0,0
3322956,0,0
-1634842,0,0
-34513,0,0
1814535,0,0
-3401139,0,0
3699434,0,0
-3397530,0,0
1542681,0,0
-700538,0,0
-2077433,0,0
2835652,0,0
-4154865,0,0
2915326,0,0
-1874791,0,0
-161806,0,0
2376376,0,0
-3739135,0,0
3633051,0,0
-2071682,0,0
574044,0,0
1365224,0,0
-2999355,0,0
3633567,0,0
-3213380,0,0
1876226,0,0
-748644,0,0
-1161285,0,0
2406111,0,0
-4229800,0,0
2826564,0,0
-2001450,0,0
-1110180,0,0
2342341,0,0
-3885434,0,0
3508780,0,0
-2431787,0,0
686504,0,0
1227390,0,0
-2784937,0,0
3383040,0,0
-3495598,0,0
2609394,0,0
-612392,0,0
-1135103,0,0
2946374,0,0
-4127776,0,0
3050552,0,0
-1937967,0,0
-992416,0,0
2131967,0,0
-4107035,0,0
2944029,0,0
-1862318,0,0
-312105,0,0
1565564,0,0
-2847602,0,0
3668869,0,0
-3380362,0,0
2243532,0,0
-302594,0,0
-1287970,0,0
2959164,0,0
-3795774,0,0
3131403,0,0
-1562758,0,0
-925988,0,0
2375139,0,0
-4032712,0,0
3192678,0,0
-2688781,0,0
-371579,0,0
1434712,0,0
-3378649,0,0
3696423,0,0
-3307414,0,0
1782682,0,0
51399,0,0
-1901437,0,0
3298175,0,0
-3515600,0,0
2344938,0,0
-37423,0,0
-1677417,0,0
3252191,0,0
-3846214,0,0
2799311,0,0
-1513029,0,0
-664748,0,0
1508171,0,0
-3686170,0,0
3456398,0,0
-3349780,0,0
1122836,0,0
333640,0,0
-2481910,0,0
3684217,0,0
-3543366,0,0
2189323,0,0
132473,0,0
-1898171,0,0
3095936,0,0
-3673212,0,0
2830234,0,0
-1023220,0,0
-569118,0,0
1628834,0,0
-3449059,0,0
3680835,0,0
-3656579,0,0
1172921,0,0
-447394,0,0
-2409304,0,0
3323211,0,0
-4053265,0,0
2695871,0,0
-856864,0,0
-920503,0,0
2652292,0,0
-3754320,0,0
3404401,0,0
-2295440,0,0
838608,0,0
1148878,0,0
-2881660,0,0
3730065,0,0
-3527178,0,0
1872935,0,0
-679156,0,0
-2098200,0,0
3125059,0,0
-4232513,0,0
2031778,0,0
-813147,0,0
-1182795,0,0
2448278,0,0
-3613058,0,0
3717465,0,0
-2640408,0,0
1344210,0,0
601777,0,0
-2007471,0,0
3232292,0,0
-3693166,0,0
2708562,0,0
-831041,0,0
-1508518,0,0
2770927,0,0
-4147926,0,0
2951229,0,0
-2102426,0,0
-847714,0,0
1891267,0,0
-3743518,0,0
3564809,0,0
-2944497,0,0
1318717,0,0
519356,0,0
-2280762,0,0
3415878,0,0
-3420101,0,0
2108322,0,0
163285,0,0
-1762457,0,0
3187058,0,0
-3900887,0,0
2977497,0,0
-1671970,0,0
-508474,0,0
1263322,0,0
-3552590,0,0
3535007,0,0
-3533184,0,0
1163889,0,0
261055,0,0
-2277148,0,0
3609874,0,0
-3654068,0,0
2421666,0,0
-200848,0,0
-1477403,0,0
2876375,0,0
-3708482,0,0
3095121,0,0
-1766309,0,0
291798,0,0
847203,0,0
-2769257,0,0
3510923,0,0
-4060572,0,0
1676263,0,0
-694013,0,0
-2206655,0,0
3279293,0,0
-4077382,0,0
2714892,0,0
-937201,0,0
-896587,0,0
2793214,0,0
-3826244,0,0
3160931,0,0
-1801180,0,0
368512,0,0
1759817,0,0
-3371380,0,0
3791543,0,0
-3103265,0,0
1238286,0,0
-49897,0,0
-2751283,0,0
3501222,0,0
-4012861,0,0
1411262,0,0
-123948,0,0
-1961606,0,0
3030060,0,0
-3904481,0,0
3446715,0,0
-1876213,0,0
543585,0,0
1139316,0,0
-2540703,0,0
3542880,0,0
-3370495,0,0
2151759,0,0
-177888,0,0
-2243742,0,0
3355577,0,0
-4095105,0,0
2096043,0,0
-1146844,0,0
-1766821,0,0
2835110,0,0
-4134161,0,0
2925047,0,0
-1868557,0,0
307526,0,0
1509905,0,0
-3139757,0,0
3699639,0,0
-2735560,0,0
1102576,0,0
1114977,0,0
-2700208,0,0
3617088,0,0
-3460402,0,0
2074360,0,0
-617150,0,0
-1439121,0,0
2293332,0,0
-4114689,0,0
3018462,0,0
-2499221,0,0
186356,0,0
1262280,0,0
-3162632,0,0
3822128,0,0
-2985642,0,0
1531177,0,0
672645,0,0
-2466415,0,0
3407479,0,0
-3273034,0,0
2148174,0,0
-250215,0,0
-1289052,0,0
2290294,0,0
-3818267,0,0
3607850,0,0
-3215357,0,0
340797,0,0
651654,0,0
-3380831,0,0
3626711,0,0
-3459914,0,0
1500469,0,0
551939,0,0
-2344671,0,0
3489446,0,0
-3440756,0,0
2293220,0,0
-595015,0,0
-894314,0,0
2842409,0,0
-3874689,0,0
3071511,0,0
-1681651,0,0
-57533,0,0
1444901,0,0
-3774188,0,0
3511362,0,0
-3067266,0,0
179244,0,0
1132475,0,0
-2991962,0,0
3589489,0,0
-3732820,0,0
2704907,0,0
-806948,0,0
-544904,0,0
2236698,0,0
-3505319,0,0
3674366,0,0
-2485517,0,0
907719,0,0
979711,0,0
-3283994,0,0
3722375,0,0
-3523354,0,0
1106469,0,0
1619,0,0
-2986021,0,0
3498785,0,0
-3843108,0,0
1881530,0,0
-586732,0,0
-882553,0,0
2777830,0,0
-3937271,0,0
3354485,0,0
-1534823,0,0
-276477,0,0
2381772,0,0
-3637670,0,0
3613495,0,0
-2408676,0,0
476642,0,0
905291,0,0
-3017672,0,0
3506433,0,0
-3998628,0,0
1604253,0,0
-696720,0,0
-1704163,0,0
3074937,0,0
-4166102,0,0
2914469,0,0
-1174527,0,0
-465663,0,0
2467964,0,0
-3809431,0,0
3331696,0,0
-1885751,0,0
222086,0,0
1602092,0,0
-3046622,0,0
3657032,0,0
-3610999,0,0
1508261,0,0
-541998,0,0
-2173104,0,0
3007878,0,0
-4213712,0,0
2596962,0,0
-1486192,0,0
-661017,0,0
2964587,0,0
-3945567,0,0
3370093,0,0
-1587346,0,0
-29800,0,0
1939721,0,0
-3306421,0,0
3688755,0,0
-2647781,0,0
1242415,0,0
110043,0,0
-1950513,0,0
3101393,0,0
-4249043,0,0
2234859,0,0
-1261573,0,0
-1721340,0,0
2931385,0,0
-3986167,0,0
3330157,0,0
-2648757,0,0
1087170,0,0
886952,0,0
-2192099,0,0
3220236,0,0
-3588301,0,0
2831894,0,0
-932372,0,0
-778710,0,0
2655279,0,0
-4153814,0,0
3136216,0,0
-1992769,0,0
-720187,0,0
1825738,0,0
-4002553,0,0
3085870,0,0
-2236673,0,0
103457,0,0
1118785,0,0
-2370418,0,0
3468339,0,0
-3740634,0,0
2555135,0,0
-283462,0,0
-1477016,0,0
3147221,0,0
-3679809,0,0
2903086,0,0
-1179572,0,0
-932554,0,0
2406680,0,0
-4003262,0,0
3366562,0,0
-2891330,0,0
272589,0,0
715715,0,0
-2964186,0,0
3664710,0,0
-3713071,0,0
1946730,0,0
31480,0,0
-1658261,0,0
3098346,0,0
-3709151,0,0
2770411,0,0
-872694,0,0
-933443,0,0
2716797,0,0
-3848344,0,0
3506831,0,0
-2740943,0,0
712304,0,0
82538,0,0
-2803977,0,0
3416770,0,0
-4088736,0,0
2012430,0,0
-825074,0,0
-1195168,0,0
3241147,0,0
-3976166,0,0
2997508,0,0
-849954,0,0
-682426,0,0
2299447,0,0
-3571766,0,0
3549529,0,0
-2280499,0,0
746913,0,0
685932,0,0
-2516852,0,0
3438300,0,0
-4084271,0,0
1751584,0,0
-647288,0,0
-2314184,0,0
3358872,0,0
-4080660,0,0
2594956,0,0
-1128101,0,0
-552678,0,0
2354039,0,0
-3457523,0,0
3517059,0,0
-2693065,0,0
1441676,0,0
445452,0,0
-2243653,0,0
3510545,0,0
-3802193,0,0
1995222,0,0
-679209,0,0
-2095907,0,0
3031358,0,0
-4238793,0,0
1992518,0,0
-762228,0,0
-1400353,0,0
2620140,0,0
-3640307,0,0
3722202,0,0
-2548431,0,0
1068959,0,0
993479,0,0
-2620443,0,0
3498729,0,0
-3251384,0,0
2078763,0,0
-29711,0,0
-2207531,0,0
3357737,0,0
-4075139,0,0
2391790,0,0
-1524561,0,0
-846857,0,0
1858211,0,0
-3784877,0,0
3527450,0,0
-2870093,0,0
970045,0,0
1015240,0,0
-2686964,0,0
3570837,0,0
-3104549,0,0
1577065,0,0
547816,0,0
-2263988,0,0
3378287,0,0
-3749570,0,0
2767153,0,0
-1686898,0,0
-444951,0,0
1237009,0,0
-3567382,0,0
3540408,0,0
-3507714,0,0
1006932,0,0
250536,0,0
-2235953,0,0
3668160,0,0
-3595035,0,0
2263954,0,0
-35147,0,0
-1438317,0,0
2794733,0,0
-3606671,0,0
3157445,0,0
-1598318,0,0
-7993,0,0
1315782,0,0
-3062785,0,0
3663860,0,0
-3767594,0,0
1128111,0,0
-32203,0,0
-2871702,0,0
3559642,0,0
-3848851,0,0
2196750,0,0
-777149,0,0
-968837,0,0
2666795,0,0
-3689951,0,0
3492812,0,0
-2332173,0,0
1035427,0,0
1011392,0,0
-2831458,0,0
3684365,0,0
-3445841,0,0
1551170,0,0
-260986,0,0
-2579178,0,0
3428183,0,0
-4088314,0,0
1448571,0,0
-89968,0,0
-1965137,0,0
3032402,0,0
-3901085,0,0
3509389,0,0
-2006001,0,0
486035,0,0
1604742,0,0
-3229295,0,0
3698467,0,0
-2667602,0,0
1173207,0,0
694041,0,0
-2883092,0,0
3634121,0,0
-3818540,0,0
1791731,0,0
-776962,0,0
-1895969,0,0
2848444,0,0
-4160297,0,0
2849571,0,0
-1615420,0,0
-286106,0,0
2058900,0,0
-3599455,0,0
3686227,0,0
-2241105,0,0
510580,0,0
1471575,0,0
-3147411,0,0
3689325,0,0
-3202181,0,0
1847571,0,0
-648205,0,0
-1421190,0,0
2217693,0,0
-4059754,0,0
3121765,0,0
-2706076,0,0
64822,0,0
1311177,0,0
-3270579,0,0
3828970,0,0
-2735161,0,0
1157380,0,0
1142497,0,0
-2828443,0,0
3502661,0,0
-3030764,0,0
1786732,0,0
-13360,0,0
-1506514,0,0
2593376,0,0
-3985222,0,0
3418114,0,0
-2665458,0,0
-290039,0,0
1450331,0,0
-3879115,0,0
3291888,0,0
-2601780,0,0
480320,0,0
1261655,0,0
-2976517,0,0
3679842,0,0
-3223911,0,0
2010249,0,0
-260928,0,0
-1190051,0,0
2910560,0,0
-3820470,0,0
2940185,0,0
-1303964,0,0
-598700,0,0
1989722,0,0
-4071782,0,0
3193192,0,0
-2450653,0,0
-484368,0,0
1902056,0,0
-3644092,0,0
3661915,0,0
-3075994,0,0
1695574,0,0
250474,0,0
-1602749,0,0
3057852,0,0
-3697646,0,0
3162719,0,0
-1326378,0,0
-307843,0,0
2387108,0,0
-4099072,0,0
3278622,0,0
-2131149,0,0
-273252,0,0
1298391,0,0
-3701456,0,0
3367895,0,0
-3027354,0,0
814446,0,0
638244,0,0
-2190424,0,0
3430812,0,0
-3757191,0,0
2572281,0,0
-464170,0,0
-1500004,0,0
3112994,0,0
-3712719,0,0
2901964,0,0
-1098336,0,0
-739032,0,0
2191280,0,0
-3936081,0,0
3438224,0,0
-3134841,0,0
459591,0,0
359945,0,0
-2741607,0,0
3612195,0,0
-3792761,0,0
1986207,0,0
42122,0,0
-1733022,0,0
3217015,0,0
-3699490,0,0
2588317,0,0
-506910,0,0
-1333354,0,0
2894180,0,0
-3884742,0,0
3399639,0,0
-2680779,0,0
664527,0,0
395792,0,0
-3019993,0,0
3540332,0,0
-4002190,0,0
1489388,0,0
-259427,0,0
-1746186,0,0
3391570,0,0
-3856316,0,0
2738662,0,0
-729694,0,0
-931931,0,0
2414807,0,0
-3532507,0,0
3582574,0,0
-2207464,0,0
633252,0,0
1006760,0,0
-2784639,0,0
3580316,0,0
-3934946,0,0
1358280,0,0
-327311,0,0
-2582322,0,0
3529931,0,0
-3889123,0,0
2442088,0,0
-1242250,0,0
-238178,0,0
2180632,0,0
-3423857,0,0
3578993,0,0
-2793985,0,0
1687147,0,0
254834,0,0
-2008435,0,0
3427088,0,0
-3815398,0,0
1895048,0,0
-406081,0,0
-2293371,0,0
3213815,0,0
-4206265,0,0
1795105,0,0
-573265,0,0
-1680556,0,0
2943701,0,0
-3868795,0,0
3602208,0,0
-2178815,0,0
545674,0,0
1627312,0,0
-3299421,0,0
3691198,0,0
-2547728,0,0
1128794,0,0
882110,0,0
-2908257,0,0
3661973,0,0
-3732833,0,0
1794988,0,0
-841757,0,0
-1798068,0,0
2767004,0,0
-4141723,0,0
2912070,0,0
-1763713,0,0
-270165,0,0
2183435,0,0
-3609577,0,0
3671289,0,0
-2326787,0,0
525643,0,0
1485298,0,0
-3146340,0,0
3679167,0,0
-3140124,0,0
1889627,0,0
-776656,0,0
-1394234,0,0
2288271,0,0
-4063944,0,0
3167109,0,0
-2704890,0,0
83163,0,0
1174220,0,0
-3201905,0,0
3852241,0,0
-2654859,0,0
1002346,0,0
1233023,0,0
-2793322,0,0
3386203,0,0
-3247025,0,0
2231348,0,0
-324563,0,0
-1232341,0,0
2649032,0,0
-4027067,0,0
3390780,0,0
-2584081,0,0
-341273,0,0
1450296,0,0
-3904188,0,0
3174977,0,0
-2318846,0,0
273771,0,0
1184634,0,0
-2864161,0,0
3630222,0,0
-3340665,0,0
2164699,0,0
-327024,0,0
-1151581,0,0
2829637,0,0
-3833968,0,0
3177209,0,0
-1591329,0,0
-613166,0,0
1960127,0,0
-4085245,0,0
3157736,0,0
-2353379,0,0
-617709,0,0
1850961,0,0
-3635889,0,0
3640037,0,0
-3179189,0,0
1984046,0,0
-86281,0,0
-1318397,0,0
2893576,0,0
-3730208,0,0
3094861,0,0
-1164261,0,0
-465531,0,0
2421608,0,0
-4017617,0,0
3304663,0,0
-2255034,0,0
19360,0,0
984291,0,0
-3442524,0,0
3536277,0,0
-3497775,0,0
1337978,0,0
41558,0,0
-1896174,0,0
3324337,0,0
-3892540,0,0
2817989,0,0
-543667,0,0
-1397977,0,0
2941701,0,0
-3665946,0,0
2913898,0,0
-1386406,0,0
-168758,0,0
1424451,0,0
-3414073,0,0
3591794,0,0
-3784485,0,0
1399903,0,0
-602331,0,0
-1834132,0,0
3060398,0,0
-4124237,0,0
2924468,0,0
-836944,0,0
-818660,0,0
2827018,0,0
-3734793,0,0
3182400,0,0
-1599826,0,0
12514,0,0
1878010,0,0
-3370667,0,0
3641813,0,0
-3717829,0,0
2037368,0,0
-801199,0,0
-2063784,0,0
3035002,0,0
-4266431,0,0
2104617,0,0
-1022079,0,0
-1033515,0,0
2547518,0,0
-3885764,0,0
3542567,0,0
-2014715,0,0
550529,0,0
942162,0,0
-2392908,0,0
3471084,0,0
-3470786,0,0
2177160,0,0
-201757,0,0
-1819688,0,0
2972824,0,0
-4265801,0,0
2345057,0,0
-1308480,0,0
-1676076,0,0
2899595,0,0
-4068776,0,0
3149887,0,0
-2229772,0,0
1038797,0,0
900812,0,0
-2450163,0,0
3445783,0,0
-3426592,0,0
2404402,0,0
-314649,0,0
-1324984,0,0
2976345,0,0
-4071968,0,0
2819764,0,0
-1550407,0,0
-773597,0,0
1770524,0,0
-3846602,0,0
3262131,0,0
-2812203,0,0
448601,0,0
876174,0,0
-2761740,0,0
3665662,0,0
-3508106,0,0
2138299,0,0
99774,0,0
-2105995,0,0
3316501,0,0
-3405924,0,0
2293093,0,0
-438482,0,0
-1234225,0,0
2516078,0,0
-3983091,0,0
3401887,0,0
-3114613,0,0
599829,0,0
260289,0,0
-2569842,0,0
3510663,0,0
-3932407,0,0
2283472,0,0
-128318,0,0
-1422142,0,0
3121496,0,0
-3693073,0,0
2892904,0,0
-1022149,0,0
-573556,0,0
2362847,0,0
-3701299,0,0
3633931,0,0
-3254669,0,0
1289607,0,0
-131845,0,0
-2597549,0,0
3397262,0,0
-4133210,0,0
1624775,0,0
-494199,0,0
-1468488,0,0
2928897,0,0
-4008383,0,0
3224253,0,0
-1589182,0,0
75660,0,0
1573190,0,0
-2977844,0,0
3619891,0,0
-3119649,0,0
1586333,0,0
401532,0,0
-2451066,0,0
3392132,0,0
-4103855,0,0
1833422,0,0
-688155,0,0
-2323459,0,0
3403409,0,0
-4024676,0,0
2503845,0,0
-1384206,0,0
104328,0,0
1787207,0,0
-3056170,0,0
3565846,0,0
-3161084,0,0
2051443,0,0
107775,0,0
-1790755,0,0
3276613,0,0
-3919098,0,0
2284355,0,0
-861385,0,0
-1336438,0,0
2341090,0,0
-4104677,0,0
2937958,0,0
-2259991,0,0
-46509,0,0
1481409,0,0
-3197564,0,0
3776408,0,0
-3123007,0,0
1638987,0,0
526083,0,0
-2489842,0,0
3468564,0,0
-3247282,0,0
2057895,0,0
-190023,0,0
-1397917,0,0
2674928,0,0
-4062408,0,0
3302527,0,0
-2862068,0,0
99806,0,0
756203,0,0
-3074061,0,0
3643785,0,0
-3655557,0,0
1754855,0,0
437885,0,0
-2112985,0,0
3445391,0,0
-3488667,0,0
2215559,0,0
-199091,0,0
-1449706,0,0
2969341,0,0
-3859294,0,0
3315908,0,0
-2653583,0,0
749525,0,0
479001,0,0
-3254010,0,0
3612984,0,0
-3730177,0,0
894777,0,0
319648,0,0
-2345343,0,0
3504065,0,0
-3722503,0,0
2312210,0,0
-423228,0,0
-1082748,0,0
2589377,0,0
-3608372,0,0
3409216,0,0
-2026999,0,0
346874,0,0
1518348,0,0
-3430100,0,0
3731167,0,0
-3445777,0,0
852256,0,0
216674,0,0
-3154382,0,0
3650499,0,0
-3486932,0,0
1575445,0,0
-331162,0,0
-997883,0,0
2830662,0,0
-3804945,0,0
3441892,0,0
-2136440,0,0
795195,0,0
1417587,0,0
-3113345,0,0
3772809,0,0
-2938259,0,0
408571,0,0
1000248,0,0
-3301083,0,0
3582430,0,0
-3684389,0,0
887735,0,0
218762,0,0
-2469914,0,0
3340082,0,0
-4043872,0,0
3035538,0,0
-1241650,0,0
-525799,0,0
2603284,0,0
-3853319,0,0
3293657,0,0
-1597192,0,0
22385,0,0
2051762,0,0
-3690001,0,0
3604386,0,0
-3018302,0,0
862891,0,0
40981,0,0
-2668448,0,0
3305830,0,0
-4074916,0,0
2281845,0,0
-943058,0,0
-1149152,0,0
3062270,0,0
-3937332,0,0
3213418,0,0
-1383460,0,0
-419700,0,0
2184720,0,0
-3588998,0,0
3605038,0,0
-2368539,0,0
878949,0,0
237286,0,0
-2197746,0,0
3109965,0,0
-4262230,0,0
2342626,0,0
-1477655,0,0
-1221752,0,0
2456116,0,0
-4007757,0,0
3365450,0,0
-1402857,0,0
-338415,0,0
2300581,0,0
-3618253,0,0
3491225,0,0
-2310282,0,0
822751,0,0
1181082,0,0
-2668657,0,0
3582926,0,0
-3862447,0,0
2494159,0,0
-1239319,0,0
-1613835,0,0
2722443,0,0
-4244886,0,0
2368699,0,0
-1143292,0,0
-785826,0,0
2099355,0,0
-3519002,0,0
3708289,0,0
-2784165,0,0
1574668,0,0
164859,0,0
-1557168,0,0
3005130,0,0
-3840236,0,0
3005182,0,0
-1424282,0,0
-877962,0,0
2268353,0,0
-4113451,0,0
3040521,0,0
-2265912,0,0
-807986,0,0
1936752,0,0
-3738861,0,0
3569091,0,0
-2925964,0,0
1664806,0,0
287933,0,0
-1946203,0,0
3264465,0,0
-3555940,0,0
2516216,0,0
-404939,0,0
-1159913,0,0
2916853,0,0
-4003780,0,0
2990972,0,0
-1795460,0,0
-418176,0,0
1324654,0,0
-3643678,0,0
3480332,0,0
-3215468,0,0
832412,0,0
570359,0,0
-2579279,0,0
3691218,0,0
-3485568,0,0
1990860,0,0
169515,0,0
-2059510,0,0
3238199,0,0
-3587146,0,0
2608980,0,0
-858049,0,0
-605713,0,0
1777308,0,0
-3580811,0,0
3639413,0,0
-3663247,0,0
1098971,0,0
-265741,0,0
-2264962,0,0
3310791,0,0
-4053598,0,0
2681336,0,0
-393958,0,0
-1269871,0,0
2978478,0,0
-3697565,0,0
3064471,0,0
-1505057,0,0
13624,0,0
1912957,0,0
-3364862,0,0
3745673,0,0
-3442672,0,0
1692559,0,0
-376436,0,0
-2470891,0,0
3323671,0,0
-4134712,0,0
1914776,0,0
-712044,0,0
-1358567,0,0
2682545,0,0
-3857262,0,0
3531763,0,0
-2168726,0,0
886752,0,0
819692,0,0
-2218960,0,0
3400717,0,0
-3605689,0,0
2363389,0,0
-392330,0,0
-1914138,0,0
3059076,0,0
-4211713,0,0
2354078,0,0
-1373356,0,0
-1738431,0,0
2819234,0,0
-4106898,0,0
2989646,0,0
-2005320,0,0
640884,0,0
1157201,0,0
-2709188,0,0
3581530,0,0
-3100670,0,0
1706048,0,0
428187,0,0
-1987278,0,0
3281012,0,0
-3904303,0,0
2551010,0,0
-1115226,0,0
-1091532,0,0
1997316,0,0
-3942133,0,0
3231126,0,0
-2678415,0,0
390900,0,0
979240,0,0
-2979996,0,0
3755732,0,0
-3319112,0,0
1824367,0,0
335120,0,0
-2229388,0,0
3294176,0,0
-3573727,0,0
2572153,0,0
-884442,0,0
-596056,0,0
1704671,0,0
-3627251,0,0
3625098,0,0
-3557965,0,0
819737,0,0
97310,0,0
-2752870,0,0
3589387,0,0
-3823761,0,0
2002899,0,0
229784,0,0
-1837942,0,0
3286957,0,0
-3475863,0,0
2538691,0,0
-1052037,0,0
-495766,0,0
2466504,0,0
-3687154,0,0
3677105,0,0
-2847340,0,0
1081754,0,0
194205,0,0
-2808378,0,0
3541368,0,0
-3970435,0,0
1410014,0,0
-118908,0,0
-1783463,0,0
3063478,0,0
-3922776,0,0
3330154,0,0
-1774357,0,0
450281,0,0
1384188,0,0
-2788464,0,0
3584176,0,0
-3172791,0,0
1666055,0,0
379383,0,0
-2570792,0,0
3465764,0,0
-4028407,0,0
1703073,0,0
-562975,0,0
-2450195,0,0
3390294,0,0
-4020515,0,0
2394910,0,0
-1207106,0,0
-3327,0,0
1994283,0,0
-3473585,0,0
3662991,0,0
-2560374,0,0
972895,0,0
1344838,0,0
-2940514,0,0
3674708,0,0
-3381497,0,0
1473957,0,0
-15756,0,0
-2284021,0,0
3193725,0,0
-4148673,0,0
2374437,0,0
-1558365,0,0
-912736,0,0
2364815,0,0
-3957634,0,0
3553602,0,0
-1996781,0,0
310554,0,0
1729759,0,0
-3466576,0,0
3609798,0,0
-2582482,0,0
1170499,0,0
810018,0,0
-2388568,0,0
3255658,0,0
-4064372,0,0
2756699,0,0
-2034405,0,0
-525771,0,0
1446607,0,0
-3636182,0,0
3596788,0,0
-3072150,0,0
1122174,0,0
1253427,0,0
-2772202,0,0
3600732,0,0
-2952676,0,0
1680989,0,0
189959,0,0
-1827445,0,0
3239797,0,0
-3732133,0,0
2936974,0,0
-1755922,0,0
-52630,0,0
1334308,0,0
-3762020,0,0
3502269,0,0
-3026982,0,0
195693,0,0
1062816,0,0
-3022675,0,0
3625871,0,0
-3623125,0,0
2264155,0,0
-407806,0,0
-950540,0,0
2458738,0,0
-3485959,0,0
3515338,0,0
-2246383,0,0
628238,0,0
1404786,0,0
-3377852,0,0
3738719,0,0
-3435482,0,0
921657,0,0
251995,0,0
-3128517,0,0
3621643,0,0
-3586834,0,0
1734560,0,0
-508107,0,0
-693575,0,0
2600769,0,0
-3851198,0,0
3493906,0,0
-1846356,0,0
261419,0,0
1848047,0,0
-3347153,0,0
3721629,0,0
-2929969,0,0
946436,0,0
491751,0,0
-2708769,0,0
3337273,0,0
-4138801,0,0
2129037,0,0
-1231346,0,0
-1146684,0,0
2543982,0,0
-4067276,0,0
3429690,0,0
-1865504,0,0
165077,0,0
1971816,0,0
-3624049,0,0
3485719,0,0
-2153846,0,0
566220,0,0
1263536,0,0
-2774534,0,0
3493655,0,0
-3908329,0,0
2383628,0,0
-1608069,0,0
-1032529,0,0
1861784,0,0
-3853275,0,0
3442371,0,0
-2761405,0,0
779444,0,0
1609434,0,0
-3213831,0,0
3684041,0,0
-2734109,0,0
1435531,0,0
489611,0,0
-2102880,0,0
3320908,0,0
-3711732,0,0
2866767,0,0
-1454219,0,0
-277412,0,0
1559871,0,0
-3805147,0,0
3490122,0,0
-3114197,0,0
282792,0,0
1017337,0,0
-2901348,0,0
3599426,0,0
-3696319,0,0
2410107,0,0
-546082,0,0
-730836,0,0
2359808,0,0
-3500333,0,0
3484531,0,0
-2301921,0,0
611624,0,0
1354073,0,0
-3481613,0,0
3741649,0,0
-3364915,0,0
625056,0,0
541437,0,0
-3345459,0,0
3598314,0,0
-3373124,0,0
1403389,0,0
-107294,0,0
-1119455,0,0
2868508,0,0
-3904041,0,0
3312289,0,0
-1623860,0,0
-95608,0,0
2234195,0,0
-3533468,0,0
3665517,0,0
-2570522,0,0
490020,0,0
1060331,0,0
-2896420,0,0
3287144,0,0
-4201426,0,0
2220993,0,0
-1261029,0,0
-961384,0,0
2448772,0,0
-3982742,0,0
3525760,0,0
-1916685,0,0
213738,0,0
1798736,0,0
-3380115,0,0
3526411,0,0
-2528067,0,0
1018592,0,0
815672,0,0
-2297167,0,0
3154418,0,0
-4085515,0,0
2862098,0,0
-2171243,0,0
-487334,0,0
1371741,0,0
-3688669,0,0
3569664,0,0
-3072664,0,0
946244,0,0
1359664,0,0
-3015192,0,0
3681920,0,0
-2754337,0,0
1251275,0,0
409195,0,0
-2016322,0,0
3246402,0,0
-3796573,0,0
2942561,0,0
-1473042,0,0
-395219,0,0
1740450,0,0
-3990135,0,0
3281219,0,0
-2721299,0,0
-228342,0,0
1428833,0,0
-3267592,0,0
3665806,0,0
-3524772,0,0
2128995,0,0
-294363,0,0
-1108240,0,0
2591955,0,0
-3647951,0,0
3529803,0,0
-2176286,0,0
447677,0,0
1713652,0,0
-3804531,0,0
3661052,0,0
-2846349,0,0
148689,0,0
906989,0,0
-3557666,0,0
3542251,0,0
-3148542,0,0
1182698,0,0
91383,0,0
-1344736,0,0
2978524,0,0
-3919008,0,0
3259436,0,0
-1301626,0,0
-535699,0,0
2598322,0,0
-3757375,0,0
3425651,0,0
-1940757,0,0
-249634,0,0
1737680,0,0
-3635633,0,0
3591733,0,0
-3492590,0,0
949391,0,0
124483,0,0
-2390151,0,0
3430021,0,0
-4053036,0,0
2573387,0,0
-611168,0,0
-1170372,0,0
2888724,0,0
-3751033,0,0
2868703,0,0
-1083061,0,0
-608252,0,0
2328976,0,0
-3663589,0,0
3636000,0,0
-3263828,0,0
1392445,0,0
-567658,0,0
-2189892,0,0
3009911,0,0
-4220753,0,0
2602365,0,0
-1458599,0,0
-512000,0,0
2757789,0,0
-3908112,0,0
3471494,0,0
-1837857,0,0
323468,0,0
1496810,0,0
-3077260,0,0
3686292,0,0
-3055081,0,0
1726284,0,0
-404291,0,0
-1179996,0,0
2134292,0,0
-4103807,0,0
3091113,0,0
-2378395,0,0
-584412,0,0
1831951,0,0
-3661288,0,0
3593298,0,0
-3176240,0,0
1641361,0,0
377968,0,0
-1716366,0,0
2840409,0,0
-3695197,0,0
3348237,0,0
-1707393,0,0
-136176,0,0
2236501,0,0
-4072354,0,0
3396614,0,0
-2511897,0,0
-154265,0,0
1296565,0,0
-3817625,0,0
3341163,0,0
-2709750,0,0
562828,0,0
711989,0,0
-1918498,0,0
3280240,0,0
-3847502,0,0
2832158,0,0
-743527,0,0
-954150,0,0
2771050,0,0
-3748641,0,0
3420895,0,0
-1879268,0,0
-248104,0,0
1768547,0,0
-3729829,0,0
3566137,0,0
-3276383,0,0
825047,0,0
91833,0,0
-2501765,0,0
3493061,0,0
-3976932,0,0
2476991,0,0
-414493,0,0
-1274072,0,0
2892751,0,0
-3752902,0,0
2846861,0,0
-953062,0,0
-798210,0,0
2532764,0,0
-3747083,0,0
3568861,0,0
-2996710,0,0
1016595,0,0
-114807,0,0
-2405104,0,0
3093774,0,0
-4205833,0,0
2593198,0,0
-1472309,0,0
-464566,0,0
2688080,0,0
-3918700,0,0
3516088,0,0
-1714349,0,0
109874,0,0
1656944,0,0
-3176691,0,0
3635784,0,0
-3058860,0,0
1757658,0,0
-150647,0,0
-1683887,0,0
2994358,0,0
-4280769,0,0
2057892,0,0
-957139,0,0
-1819536,0,0
2979041,0,0
-4103636,0,0
3083799,0,0
-1920025,0,0
295303,0,0
1496476,0,0
-2835373,0,0
3462857,0,0
-3239868,0,0
2396168,0,0
-486845,0,0
-1253679,0,0
3045117,0,0
-4093363,0,0
2755177,0,0
-1376025,0,0
-1408408,0,0
2537460,0,0
-4223389,0,0
2640900,0,0
-1566399,0,0
-481064,0,0
1672820,0,0
-2903038,0,0
3681577,0,0
-3321281,0,0
2049162,0,0
78081,0,0
-1726763,0,0
3114611,0,0
-3672946,0,0
2905785,0,0
-1087926,0,0
-1177657,0,0
2687047,0,0
-4053065,0,0
3261971,0,0
-2842124,0,0
149494,0,0
925031,0,0
-3204629,0,0
3683079,0,0
-3542339,0,0
1692865,0,0
386534,0,0
-2185960,0,0
3341277,0,0
-3473170,0,0
2218088,0,0
-229504,0,0
-1433185,0,0
2923375,0,0
-3865005,0,0
3303931,0,0
-2377277,0,0
380496,0,0
424293,0,0
-2920802,0,0
3443380,0,0
-4073184,0,0
1997205,0,0
-723961,0,0
-1263426,0,0
3284790,0,0
-3923649,0,0
2978473,0,0
-796597,0,0
-819819,0,0
2320559,0,0
-3491123,0,0
3471580,0,0
-2194317,0,0
672828,0,0
747620,0,0
-2447252,0,0
3406975,0,0
-4114591,0,0
1747648,0,0
-675221,0,0
-2105375,0,0
3166348,0,0
-4127314,0,0
2852947,0,0
-1549093,0,0
-117224,0,0
2015035,0,0
-3256386,0,0
3461929,0,0
-3052142,0,0
2067338,0,0
-112458,0,0
-1638966,0,0
3310575,0,0
-3925887,0,0
2346792,0,0
-1060263,0,0
-1479241,0,0
2587023,0,0
-4248591,0,0
2637129,0,0
-1452767,0,0
-641804,0,0
1940464,0,0
-3119897,0,0
3748109,0,0
-3074456,0,0
1653810,0,0
461416,0,0
-2187737,0,0
3373518,0,0
-3449943,0,0
2381724,0,0
-463815,0,0
-1666288,0,0
3035598,0,0
-4165429,0,0
2885213,0,0
-2168059,0,0
-543661,0,0
1546621,0,0
-3647480,0,0
3586393,0,0
-3020567,0,0
1024659,0,0
918457,0,0
-2625307,0,0
3539898,0,0
-3237080,0,0
1731571,0,0
212412,0,0
-2039544,0,0
3348422,0,0
-3758414,0,0
2743163,0,0
-1707953,0,0
-298251,0,0
1117153,0,0
-3516330,0,0
3528378,0,0
-3707218,0,0
1323570,0,0
-25425,0,0
-1883734,0,0
3524568,0,0
-3763997,0,0
2561026,0,0
-386800,0,0
-1216775,0,0
2676907,0,0
-3607181,0,0
3252690,0,0
-1720810,0,0
182468,0,0
1126404,0,0
-2906744,0,0
3604556,0,0
-3914372,0,0
1338075,0,0
-167414,0,0
-2747026,0,0
3518991,0,0
-3931911,0,0
2384198,0,0
-1057622,0,0
-583492,0,0
2401578,0,0
-3582424,0,0
3540652,0,0
-2548251,0,0
1415721,0,0
415119,0,0
-2159021,0,0
3497200,0,0
-3746853,0,0
1990105,0,0
-659796,0,0
-2105118,0,0
3118856,0,0
-4230491,0,0
1899462,0,0
-692617,0,0
-1373171,0,0
2642920,0,0
-3699936,0,0
3699973,0,0
-2464849,0,0
812252,0,0
1183219,0,0
-2811607,0,0
3606126,0,0
-3065251,0,0
1773839,0,0
152555,0,0
-2415846,0,0
3449344,0,0
-4041741,0,0
2122898,0,0
-1167491,0,0
-1456950,0,0
2417709,0,0
-4057975,0,0
3164646,0,0
-2224579,0,0
303462,0,0
1553994,0,0
-3147106,0,0
3640475,0,0
-2881243,0,0
1279603,0,0
707430,0,0
-2494932,0,0
3473040,0,0
-3669452,0,0
2613758,0,0
-1475641,0,0
-496163,0,0
1287432,0,0
-3677616,0,0
3485261,0,0
-3370769,0,0
805150,0,0
486599,0,0
-2568920,0,0
3770344,0,0
-3341392,0,0
1943383,0,0
244031,0,0
-1825788,0,0
2937595,0,0
-3609459,0,0
2969767,0,0
-1262266,0,0
-293838,0,0
1651361,0,0
-3372881,0,0
3706628,0,0
-3527819,0,0
684098,0,0
422752,0,0
-3303652,0,0
3590300,0,0
-3420096,0,0
1630951,0,0
-211268,0,0
-1541430,0,0
3033843,0,0
-3784560,0,0
3266542,0,0
-1852682,0,0
441207,0,0
1519088,0,0
-3225712,0,0
3761966,0,0
-3102168,0,0
1084006,0,0
243537,0,0
-3044461,0,0
3609494,0,0
-3817939,0,0
1054440,0,0
189376,0,0
-2327171,0,0
3378468,0,0
-3863287,0,0
3254538,0,0
-1467289,0,0
-95420,0,0
2000017,0,0
-3456698,0,0
3658249,0,0
-2395097,0,0
824409,0,0
1153624,0,0
-3151714,0,0
3710978,0,0
-3557755,0,0
1465142,0,0
-598048,0,0
-2057394,0,0
3068572,0,0
-4156507,0,0
2700689,0,0
-1418255,0,0
-484051,0,0
2346372,0,0
-3750487,0,0
3599387,0,0
-2026244,0,0
228274,0,0
1758881,0,0
-3295276,0,0
3703159,0,0
-3010196,0,0
1642405,0,0
-439497,0,0
-1546041,0,0
2347995,0,0
-4082365,0,0
3109915,0,0
-2624004,0,0
38305,0,0
1269148,0,0
-3154839,0,0
3834313,0,0
-2852350,0,0
1284408,0,0
929831,0,0
-2440712,0,0
3277628,0,0
-3342160,0,0
2356554,0,0
-497004,0,0
-1068512,0,0
2357782,0,0
-3859234,0,0
3575645,0,0
-2896946,0,0
32357,0,0
1163722,0,0
-3650181,0,0
3524486,0,0
-3088473,0,0
1038014,0,0
518072,0,0
-2216288,0,0
3400780,0,0
-3628232,0,0
2825050,0,0
-1227108,0,0
-224872,0,0
2164387,0,0
-3663414,0,0
3660113,0,0
-2354896,0,0
244447,0,0
1083898,0,0
-3590767,0,0
3609189,0,0
-3279302,0,0
274259,0,0
1070294,0,0
-3044455,0,0
3646764,0,0
-3684937,0,0
2706950,0,0
-671415,0,0
-843680,0,0
2416523,0,0
-3670688,0,0
3528035,0,0
-1845579,0,0
263669,0,0
1703994,0,0
-3668319,0,0
3651978,0,0
-2970011,0,0
786769,0,0
206126,0,0
-2830493,0,0
3479707,0,0
-3995397,0,0
2105957,0,0
-795377,0,0
-1064149,0,0
2914694,0,0
-3956189,0,0
3232615,0,0
-1389730,0,0
-600413,0,0
2552924,0,0
-3687630,0,0
3358294,0,0
-2042127,0,0
470512,0,0
736692,0,0
-2726860,0,0
3293534,0,0
-4174399,0,0
2169858,0,0
-1288541,0,0
-1062910,0,0
2390514,0,0
-3939001,0,0
3503453,0,0
-1711314,0,0
159538,0,0
2038632,0,0
-3451671,0,0
3480252,0,0
-2370487,0,0
1023799,0,0
882166,0,0
-2364584,0,0
3307436,0,0
-4022241,0,0
2916013,0,0
-1782618,0,0
-949655,0,0
2089155,0,0
-4056713,0,0
3146452,0,0
-2372397,0,0
400903,0,0
1254562,0,0
-2943320,0,0
3642866,0,0
-3207833,0,0
2082962,0,0
-361681,0,0
-1141116,0,0
2702257,0,0
-3839738,0,0
3306896,0,0
-1584388,0,0
-510055,0,0
1972694,0,0
-4087733,0,0
3227734,0,0
-2475222,0,0
-608134,0,0
2003348,0,0
-3702367,0,0
3615953,0,0
-3089651,0,0
1900144,0,0
75427,0,0
-1566276,0,0
2972241,0,0
-3713641,0,0
3138655,0,0
-1270219,0,0
-409463,0,0
2335558,0,0
-4043366,0,0
3288069,0,0
-2250729,0,0
-60087,0,0
1027179,0,0
-3454750,0,0
3506169,0,0
-3583525,0,0
1429728,0,0
-60852,0,0
-1789912,0,0
3264948,0,0
-3920687,0,0
2837303,0,0
-716074,0,0
-1304563,0,0
2871542,0,0
-3712893,0,0
3071733,0,0
-1438453,0,0
-241690,0,0
1513104,0,0
-3453854,0,0
3578698,0,0
-3786738,0,0
1598736,0,0
-810778,0,0
-1660179,0,0
2957851,0,0
-4120045,0,0
3073291,0,0
-1120204,0,0
-390431,0,0
2479836,0,0
-3648078,0,0
3332477,0,0
-2016680,0,0
409579,0,0
1453903,0,0
-2989702,0,0
3549273,0,0
-3875896,0,0
2574408,0,0
-1389802,0,0
-1586646,0,0
2679752,0,0
-4256896,0,0
2445297,0,0
-1312061,0,0
-754989,0,0
2366802,0,0
-3778152,0,0
3598101,0,0
-2371487,0,0
893936,0,0
813526,0,0
-2264513,0,0
3364990,0,0
-3534389,0,0
2323433,0,0
-312181,0,0
-1697543,0,0
2951420,0,0
-4280533,0,0
2368118,0,0
-1284597,0,0
-1587230,0,0
2863387,0,0
-4110984,0,0
3093200,0,0
-2015743,0,0
695104,0,0
1213748,0,0
-2593875,0,0
3442449,0,0
-3371590,0,0
2314595,0,0
-289732,0,0
-1463595,0,0
3080791,0,0
-4071117,0,0
2571961,0,0
-1205476,0,0
-1191301,0,0
2175978,0,0
-4053035,0,0
2939418,0,0
-2301919,0,0
-4308,0,0
1188337,0,0
-2754197,0,0
3622007,0,0
-3567292,0,0
2228484,0,0
6053,0,0
-1961988,0,0
3130987,0,0
-3638486,0,0
2767912,0,0
-938687,0,0
-732853,0,0
1991095,0,0
-3787713,0,0
3531830,0,0
-3411589,0,0
820516,0,0
21820,0,0
-2493759,0,0
3486963,0,0
-3976913,0,0
2348669,0,0
-168989,0,0
-1402921,0,0
3078412,0,0
-3682886,0,0
2840099,0,0
-907142,0,0
-736721,0,0
2350793,0,0
-3636786,0,0
3656223,0,0
-3264452,0,0
1485975,0,0
-201353,0,0
-2643753,0,0
3397079,0,0
-4123885,0,0
1693377,0,0
-447628,0,0
-1529955,0,0
3037950,0,0
-3967470,0,0
3101870,0,0
-1369863,0,0
-61501,0,0
1609860,0,0
-3083180,0,0
3613454,0,0
-2917510,0,0
1376953,0,0
640638,0,0
-2643059,0,0
3536799,0,0
-3968149,0,0
1573997,0,0
-436968,0,0
-2497557,0,0
3489508,0,0
-3983131,0,0
2362264,0,0
-1252067,0,0
-28684,0,0
2007074,0,0
-3330475,0,0
3606683,0,0
-2902056,0,0
1628547,0,0
542942,0,0
-2410667,0,0
3577490,0,0
-3610698,0,0
1572884,0,0
-199755,0,0
-2168685,0,0
3108221,0,0
-4194828,0,0
2184709,0,0
-1207162,0,0
-996277,0,0
2306811,0,0
-3781395,0,0
3724669,0,0
-2498759,0,0
806721,0,0
1485221,0,0
-3268669,0,0
3634036,0,0
-2614432,0,0
1203180,0,0
553824,0,0
-2218486,0,0
3290328,0,0
-4059480,0,0
2604305,0,0
-1912263,0,0
-656958,0,0
1358787,0,0
-3523274,0,0
3618401,0,0
-3083007,0,0
1024307,0,0
1116284,0,0
-2673500,0,0
3579101,0,0
-3145720,0,0
1839668,0,0
-56111,0,0
-1520011,0,0
3035008,0,0
-3890904,0,0
3195287,0,0
-2370007,0,0
470173,0,0
631323,0,0
-3343035,0,0
3617664,0,0
-3628643,0,0
737169,0,0
485791,0,0
-2498828,0,0
3546066,0,0
-3639550,0,0
2351034,0,0
-569970,0,0
-967359,0,0
2408471,0,0
-3564459,0,0
3567101,0,0
-2160371,0,0
506137,0,0
1391620,0,0
-3330423,0,0
3747148,0,0
-3501803,0,0
818708,0,0
297830,0,0
-3060063,0,0
3644993,0,0
-3644109,0,0
1786275,0,0
-537551,0,0
-783587,0,0
2566894,0,0
-3712863,0,0
3618934,0,0
-2320326,0,0
903477,0,0
1272793,0,0
-2973278,0,0
3688248,0,0
-3353947,0,0
1234962,0,0
171295,0,0
-2425651,0,0
3208964,0,0
-4196020,0,0
1946944,0,0
-851421,0,0
-1340004,0,0
2571900,0,0
-3936537,0,0
3616176,0,0
-2167079,0,0
554569,0,0
1599118,0,0
-3358016,0,0
3614622,0,0
-2513285,0,0
1047700,0,0
812122,0,0
-2486602,0,0
3410869,0,0
-3967488,0,0
2504341,0,0
-1788165,0,0
-872958,0,0
1723723,0,0
-3661049,0,0
3553649,0,0
-2977937,0,0
880847,0,0
1325182,0,0
-2864532,0,0
3646232,0,0
-2996120,0,0
1603655,0,0
416068,0,0
-2152168,0,0
3341710,0,0
-3718268,0,0
2789987,0,0
-1920728,0,0
77733,0,0
1159700,0,0
-3686209,0,0
3515636,0,0
-3227927,0,0
542454,0,0
636193,0,0
-2593392,0,0
3608357,0,0
-3551903,0,0
2101591,0,0
-223312,0,0
-1231751,0,0
2601138,0,0
-3641843,0,0
3375283,0,0
-1779881,0,0
96723,0,0
1865017,0,0
-3634094,0,0
3712176,0,0
-3180756,0,0
404126,0,0
789566,0,0
-3466584,0,0
3607507,0,0
-3186876,0,0
1166174,0,0
47575,0,0
-1279910,0,0
2929220,0,0
-3811296,0,0
3419917,0,0
-1942270,0,0
491425,0,0
1545961,0,0
-3164839,0,0
3736512,0,0
-3121487,0,0
882031,0,0
595412,0,0
-2912070,0,0
3479004,0,0
-3998383,0,0
1627613,0,0
-593778,0,0
-1777213,0,0
2971026,0,0
-4089465,0,0
3321684,0,0
-1671103,0,0
71833,0,0
2079876,0,0
-3625494,0,0
3424135,0,0
-2029590,0,0
366209,0,0
1616194,0,0
-3206008,0,0
3715356,0,0
-3470077,0,0
1616297,0,0
-761421,0,0
-1729365,0,0
2579490,0,0
-4064687,0,0
3132967,0,0
-2084928,0,0
89955,0,0
2166225,0,0
-3524420,0,0
3680083,0,0
-2372153,0,0
795519,0,0
1212218,0,0
-2863186,0,0
3601238,0,0
-3296618,0,0
2098861,0,0
-1012686,0,0
-866662,0,0
2075994,0,0
-4068975,0,0
3181052,0,0
-2581536,0,0
-223167,0,0
1423445,0,0
-3374044,0,0
3735070,0,0
-2923013,0,0
1315723,0,0
578053,0,0
-2000969,0,0
3009738,0,0
-3602815,0,0
2996174,0,0
-1204250,0,0
-455398,0,0
2448681,0,0
-4008833,0,0
3476868,0,0
-2666738,0,0
-118452,0,0
1311785,0,0
-3820442,0,0
3368176,0,0
-2718270,0,0
661799,0,0
544450,0,0
-1885464,0,0
3318095,0,0
-3798727,0,0
3032096,0,0
-1426353,0,0
-67577,0,0
2107102,0,0
-3639860,0,0
3683525,0,0
-2526480,0,0
36347,0,0
1297420,0,0
-3550925,0,0
3543456,0,0
-3362566,0,0
476920,0,0
569753,0,0
-2769961,0,0
3547452,0,0
-3913735,0,0
2660198,0,0
-901222,0,0
-811694,0,0
2633189,0,0
-3793222,0,0
3159412,0,0
-1325191,0,0
-265360,0,0
2119902,0,0
-3590327,0,0
3673632,0,0
-3067066,0,0
1003935,0,0
-122322,0,0
-2453119,0,0
3203730,0,0
-4132594,0,0
2436422,0,0
-1052619,0,0
-1046097,0,0
3022201,0,0
-3950093,0,0
3265452,0,0
-1333535,0,0
-374030,0,0
2137806,0,0
-3518613,0,0
3632284,0,0
-2581125,0,0
1107229,0,0
-88156,0,0
-1818952,0,0
2926691,0,0
-4283892,0,0
2469463,0,0
-1646766,0,0
-1185811,0,0
2545236,0,0
-4005607,0,0
3364741,0,0
-1755694,0,0
-63621,0,0
1947470,0,0
-3395852,0,0
3553253,0,0
-2811876,0,0
1479993,0,0
454618,0,0
-2173601,0,0
3445310,0,0
-3963446,0,0
2587753,0,0
-1326021,0,0
-1526898,0,0
2617006,0,0
-4214814,0,0
2576396,0,0
-1549226,0,0
-582811,0,0
1863067,0,0
-3303516,0,0
3742863,0,0
-3055239,0,0
1852084,0,0
-133756,0,0
-1310119,0,0
2938537,0,0
-3841715,0,0
3148381,0,0
-1578472,0,0
-889464,0,0
2354934,0,0
-4052783,0,0
3127594,0,0
-2516012,0,0
-546488,0,0
1703609,0,0
-3602804,0,0
3629758,0,0
-3138282,0,0
1689613,0,0
138714,0,0
-1872387,0,0
3266351,0,0
-3541157,0,0
2394629,0,0
-420552,0,0
-1257563,0,0
2937967,0,0
-3943037,0,0
3195694,0,0
-2048007,0,0
-209849,0,0
1025307,0,0
-3410963,0,0
3530371,0,0
-3608507,0,0
1345593,0,0
110957,0,0
-2185384,0,0
3559550,0,0
-3727612,0,0
2432313,0,0
-208194,0,0
-1639665,0,0
3041339,0,0
-3653936,0,0
2821149,0,0
-1166624,0,0
-377718,0,0
1459895,0,0
-3386193,0,0
3660802,0,0
-3769053,0,0
1108984,0,0
-188587,0,0
-2563536,0,0
3441703,0,0
-3979981,0,0
2422567,0,0
-277582,0,0
-1429494,0,0
2979432,0,0
-3736491,0,0
3128136,0,0
-1681013,0,0
185087,0,0
1871275,0,0
-3404467,0,0
3774120,0,0
-3246889,0,0
1567278,0,0
-246682,0,0
-2545681,0,0
3417315,0,0
-4091012,0,0
1608503,0,0
-278005,0,0
-1596688,0,0
2785260,0,0
-3838739,0,0
3572602,0,0
-2130892,0,0
895638,0,0
936961,0,0
-2317904,0,0
3388478,0,0
-3542418,0,0
2335540,0,0
-442094,0,0
-1832742,0,0
3024446,0,0
-4189238,0,0
2451190,0,0
-1476998,0,0
-1448253,0,0
2652771,0,0
-4092043,0,0
3119089,0,0
-2257418,0,0
785613,0,0
1150005,0,0
-2831143,0,0
3576368,0,0
-3056785,0,0
1550807,0,0
653348,0,0
-2257301,0,0
3445251,0,0
-3750790,0,0
2386535,0,0
-942323,0,0
-1212230,0,0
2051008,0,0
-4019358,0,0
3134632,0,0
-2640195,0,0
193412,0,0
1196318,0,0
-3193151,0,0
3813448,0,0
-3040645,0,0
1476872,0,0
685346,0,0
-2426956,0,0
3314456,0,0
-3411532,0,0
2306311,0,0
-511046,0,0
-980160,0,0
2035991,0,0
-3748468,0,0
3619574,0,0
-3324346,0,0
607735,0,0
259414,0,0
-2887474,0,0
3630444,0,0
-3749130,0,0
1993465,0,0
170092,0,0
-1874611,0,0
3273821,0,0
-3608186,0,0
2708026,0,0
-1101633,0,0
-341778,0,0
2257970,0,0
-3611611,0,0
3733578,0,0
-2882760,0,0
1092648,0,0
270474,0,0
-3055351,0,0
3624809,0,0
-3752801,0,0
1040573,0,0
230041,0,0
-2167657,0,0
3218476,0,0
-3908392,0,0
3272646,0,0
-1545822,0,0
170790,0,0
1506876,0,0
-2853370,0,0
3596539,0,0
-3145117,0,0
1784503,0,0
92945,0,0
-2384260,0,0
3402353,0,0
-4047233,0,0
2067265,0,0
-1066883,0,0
-1770215,0,0
2804100,0,0
-4105048,0,0
3047320,0,0
-2065857,0,0
567795,0,0
1448138,0,0
-3118828,0,0
3590501,0,0
-2726042,0,0
1110720,0,0
1054065,0,0
-2673681,0,0
3638203,0,0
-3464532,0,0
2013159,0,0
-483356,0,0
-1577043,0,0
2410826,0,0
-4142697,0,0
2938112,0,0
-2307068,0,0
-80018,0,0
1428456,0,0
-3404197,0,0
3800450,0,0
-2750639,0,0
1147550,0,0
1076544,0,0
-2847197,0,0
3446945,0,0
-3172057,0,0
1830021,0,0
-22508,0,0
-1622078,0,0
2658618,0,0
-4060972,0,0
3260680,0,0
-2612903,0,0
50164,0,0
757385,0,0
-3376615,0,0
3635638,0,0
-3453985,0,0
1645330,0,0
677110,0,0
-2377614,0,0
3426265,0,0
-3415745,0,0
2429682,0,0
-890352,0,0
-680094,0,0
2619897,0,0
-3789436,0,0
3560072,0,0
-2343227,0,0
571703,0,0
736449,0,0
-3283990,0,0
3624446,0,0
-3660359,0,0
961263,0,0
335322,0,0
-2210635,0,0
3256999,0,0
-3929326,0,0
3223823,0,0
-1548858,0,0
184170,0,0
1628315,0,0
-3003578,0,0
3643218,0,0
-3064484,0,0
1616576,0,0
447233,0,0
-2818764,0,0
3609282,0,0
-3847806,0,0
1534029,0,0
-477575,0,0
-2512772,0,0
3357358,0,0
-4022845,0,0
2475001,0,0
-1262929,0,0
-120468,0,0
2061526,0,0
-3605891,0,0
3640137,0,0
-2245773,0,0
549517,0,0
1662826,0,0
-3218102,0,0
3728167,0,0
-3001378,0,0
1228324,0,0
222711,0,0
-2302325,0,0
3028464,0,0
-4231156,0,0
2359481,0,0
-1486708,0,0
-886473,0,0
2221836,0,0
-3869700,0,0
3606201,0,0
-2084752,0,0
340095,0,0
1704866,0,0
-3377010,0,0
3559319,0,0
-2619866,0,0
1060919,0,0
954156,0,0
-2609723,0,0
3295177,0,0
-4044843,0,0
2726480,0,0
-1940552,0,0
-835923,0,0
1693306,0,0
-3872673,0,0
3351971,0,0
-2620884,0,0
524811,0,0
1834104,0,0
-3448726,0,0
3707966,0,0
-2667125,0,0
1296823,0,0
510554,0,0
-2154773,0,0
3391717,0,0
-3673014,0,0
2742176,0,0
-1292198,0,0
-547317,0,0
1844216,0,0
-4029426,0,0
3211128,0,0
-2417967,0,0
-665220,0,0
1909257,0,0
-3653272,0,0
3631372,0,0
-2953675,0,0
1397201,0,0
476143,0,0
-1877775,0,0
2993657,0,0
-3608979,0,0
3225633,0,0
-1643589,0,0
-82291,0,0
2060876,0,0
-3945448,0,0
3545842,0,0
-2704076,0,0
-58461,0,0
1213097,0,0
-3760602,0,0
3323951,0,0
-2857949,0,0
649039,0,0
627306,0,0
-1829815,0,0
3254523,0,0
-3890517,0,0
2922210,0,0
-874112,0,0
-861545,0,0
2766493,0,0
-3769934,0,0
3293394,0,0
-1767955,0,0
-279157,0,0
1735322,0,0
-3692732,0,0
3563021,0,0
-3417036,0,0
815949,0,0
184643,0,0
-2514289,0,0
3451045,0,0
-4040092,0,0
2467252,0,0
-540055,0,0
-1199720,0,0
2961011,0,0
-3822478,0,0
2913722,0,0
-1145279,0,0
-574212,0,0
2283288,0,0
-3666138,0,0
3663650,0,0
-3195932,0,0
1124662,0,0
-265916,0,0
-2434265,0,0
3126452,0,0
-4181522,0,0
2418987,0,0
-1244026,0,0
-895296,0,0
2991194,0,0
-3995460,0,0
3312101,0,0
-1264219,0,0
-366988,0,0
1988014,0,0
-3364972,0,0
3676607,0,0
-2815150,0,0
1386721,0,0
-43991,0,0
-1851375,0,0
2976353,0,0
-4261844,0,0
2238078,0,0
-1299465,0,0
-1761204,0,0
2942841,0,0
-4084942,0,0
3007302,0,0
-1986718,0,0
288751,0,0
1469284,0,0
-2790387,0,0
3514531,0,0
-3269074,0,0
2200182,0,0
-378204,0,0
-1412129,0,0
3083690,0,0
-4106804,0,0
2660524,0,0
-1474537,0,0
-1248472,0,0
2300539,0,0
-4157389,0,0
2613011,0,0
-1550365,0,0
-480286,0,0
1780378,0,0
-2959404,0,0
3656317,0,0
-3442431,0,0
2129480,0,0
150917,0,0
-1719053,0,0
3233128,0,0
-3659762,0,0
2681022,0,0
-874609,0,0
-1338814,0,0
2687810,0,0
-4117022,0,0
3092477,0,0
-2399699,0,0
-341007,0,0
1387654,0,0
-3506055,0,0
3644218,0,0
-3202371,0,0
1209426,0,0
532191,0,0
-2094007,0,0
3365722,0,0
-3588548,0,0
2235987,0,0
-282428,0,0
-1430854,0,0
2996240,0,0
-3902108,0,0
3258237,0,0
-2466515,0,0
416191,0,0
337722,0,0
-2847111,0,0
3398334,0,0
-4085254,0,0
1923454,0,0
-664949,0,0
-1415755,0,0
3323999,0,0
-3924292,0,0
2938271,0,0
-794177,0,0
-759732,0,0
2420377,0,0
-3560035,0,0
3563596,0,0
-2390175,0,0
932558,0,0
498206,0,0
-2263569,0,0
3280672,0,0
-4176940,0,0
1813407,0,0
-740092,0,0
-2204445,0,0
3267251,0,0
-4065244,0,0
2787142,0,0
-1428758,0,0
-369862,0,0
2167476,0,0
-3464640,0,0
3616093,0,0
-2736363,0,0
1486241,0,0
445187,0,0
-2156390,0,0
3509647,0,0
-3782233,0,0
1965988,0,0
-726251,0,0
-2057029,0,0
3055992,0,0
-4228979,0,0
2007289,0,0
-781069,0,0
-1393543,0,0
2592463,0,0
-3609422,0,0
3720563,0,0
-2637801,0,0
1072144,0,0
1011904,0,0
-2574622,0,0
3579680,0,0
-3249148,0,0
1960137,0,0
-220898,0,0
-2075239,0,0
3358786,0,0
-4052841,0,0
2438059,0,0
-1633766,0,0
-1292078,0,0
2431275,0,0
-4001768,0,0
3238484,0,0
-2268495,0,0
384093,0,0
1503591,0,0
-3136416,0,0
3678755,0,0
-2734631,0,0
1152891,0,0
843346,0,0
-2548406,0,0
3554048,0,0
-3548206,0,0
2377902,0,0
-1174149,0,0
-804884,0,0
1550656,0,0
-3707401,0,0
3449548,0,0
-3301474,0,0
839620,0,0
556664,0,0
-2469116,0,0
3726153,0,0
-3447669,0,0
2024506,0,0
270733,0,0
-1818838,0,0
3039032,0,0
-3625136,0,0
2996111,0,0
-1258177,0,0
-377117,0,0
1561471,0,0
-3339426,0,0
3685651,0,0
-3631697,0,0
892682,0,0
197530,0,0
-3131963,0,0
3608032,0,0
-3593076,0,0
1738280,0,0
-197145,0,0
-1632609,0,0
3132192,0,0
-3788264,0,0
3187976,0,0
-1716370,0,0
224174,0,0
1734159,0,0
-3322286,0,0
3784265,0,0
-3004457,0,0
1006019,0,0
321418,0,0
-3103932,0,0
3639499,0,0
-3774729,0,0
953985,0,0
341001,0,0
-2374264,0,0
3356991,0,0
-3874181,0,0
3260841,0,0
-1571408,0,0
60661,0,0
1855561,0,0
-3313772,0,0
3710700,0,0
-2606874,0,0
1085046,0,0
895162,0,0
-3125582,0,0
3696396,0,0
-3659202,0,0
1695467,0,0
-733352,0,0
-2050205,0,0
3023449,0,0
-4175416,0,0
2683859,0,0
-1575878,0,0
-261874,0,0
2211832,0,0
-3615218,0,0
3628614,0,0
-2199116,0,0
408134,0,0
1520334,0,0
-3120364,0,0
3703941,0,0
-3124353,0,0
1760438,0,0
-347723,0,0
-1753841,0,0
2568806,0,0
-4144667,0,0
2924249,0,0
-2323792,0,0
-134164,0,0
1468821,0,0
-3379585,0,0
3811969,0,0
-2669517,0,0
1095110,0,0
1220813,0,0
-2817756,0,0
3507480,0,0
-3173995,0,0
2038794,0,0
-122299,0,0
-1398768,0,0
2458732,0,0
-3892065,0,0
3522478,0,0
-2859535,0,0
-120579,0,0
1174109,0,0
-3648737,0,0
3457850,0,0
-3009545,0,0
945704,0,0
684393,0,0
-2457300,0,0
3503648,0,0
-3587768,0,0
2548937,0,0
-892817,0,0
-616620,0,0
2573829,0,0
-3819837,0,0
3490806,0,0
-2050600,0,0
-37656,0,0
1411034,0,0
-3805284,0,0
3492412,0,0
-2928897,0,0
-99492,0,0
1368146,0,0
-3302867,0,0
3683237,0,0
-3522986,0,0
2385408,0,0
-388158,0,0
-1068080,0,0
2698798,0,0
-3741462,0,0
3454037,0,0
-1807993,0,0
138623,0,0
1858811,0,0
-3836474,0,0
3567693,0,0
-2828997,0,0
468623,0,0
515548,0,0
-3165485,0,0
3554123,0,0
-3673600,0,0
1472612,0,0
-241332,0,0
-1498564,0,0
3097618,0,0
-3956160,0,0
3066419,0,0
-975111,0,0
-975782,0,0
2736267,0,0
-3774612,0,0
3313301,0,0
-1678948,0,0
22561,0,0
1433997,0,0
-3389387,0,0
3583825,0,0
-3803565,0,0
1421601,0,0
-600506,0,0
-1658461,0,0
2970434,0,0
-4119953,0,0
3028915,0,0
-994757,0,0
-558051,0,0
2552985,0,0
-3692766,0,0
3334982,0,0
-1838490,0,0
185604,0,0
1837876,0,0
-3255768,0,0
3581316,0,0
-3770847,0,0
2118479,0,0
-950726,0,0
-1921525,0,0
2924373,0,0
-4269717,0,0
2246754,0,0
-989277,0,0
-833216,0,0
2733565,0,0
-3986716,0,0
3344786,0,0
-1738415,0,0
171816,0,0
1695351,0,0
-3134058,0,0
3660357,0,0
-2966406,0,0
1541386,0,0
152258,0,0
-2038304,0,0
3171483,0,0
-4237620,0,0
2047297,0,0
-949502,0,0
-1940380,0,0
3148682,0,0
-4086801,0,0
2918065,0,0
-1859475,0,0
424785,0,0
1465246,0,0
-2809819,0,0
3512883,0,0
-3345577,0,0
2362409,0,0
-375428,0,0
-1405287,0,0
3108848,0,0
-4098643,0,0
2511832,0,0
-1258610,0,0
-1341287,0,0
2441516,0,0
-4168342,0,0
2652416,0,0
-1797614,0,0
-421120,0,0
1688168,0,0
-3101911,0,0
3751927,0,0
-3231324,0,0
1717842,0,0
705656,0,0
-2455646,0,0
3439233,0,0
-3351578,0,0
2236199,0,0
-271398,0,0
-1636726,0,0
3013261,0,0
-4144951,0,0
2882827,0,0
-2282439,0,0
-483985,0,0
1390539,0,0
-3377390,0,0
3652572,0,0
-3313802,0,0
1215825,0,0
875010,0,0
-2485718,0,0
3519119,0,0
-3329914,0,0
1923556,0,0
120435,0,0
-1806849,0,0
3114989,0,0
-3855544,0,0
3276126,0,0
-2592578,0,0
598241,0,0
455643,0,0
-3083595,0,0
3548399,0,0
-3963497,0,0
1387440,0,0
-91092,0,0
-1860581,0,0
3424356,0,0
-3818022,0,0
2606294,0,0
-648880,0,0
-817253,0,0
2406524,0,0
-3616830,0,0
3494865,0,0
-2125692,0,0
567159,0,0
1191667,0,0
-2987969,0,0
