1934833,0,0
1290454,0,0
-3379989,0,0
3726958,0,0
-1589892,0,0
-877919,0,0
2837325,0,0
-3554276,0,0
1909275,0,0
1011753,0,0
-3600173,0,0
3642328,0,0
-2348009,0,0
-970953,0,0
2400214,0,0
-4373980,0,0
1452698,0,0
-210699,0,0
-3231102,0,0
3675019,0,0
-2896305,0,0
652166,0,0
2183000,0,0
-3888439,0,0
3620090,0,0
-1278044,0,0
-886738,0,0
3016458,0,0
-3739971,0,0
2064935,0,0
949722,0,0
-3885878,0,0
3507417,0,0
-2321411,0,0
-1806374,0,0
3073881,0,0
-4337945,0,0
711922,0,0
1310102,0,0
-4087588,0,0
3155636,0,0
-365115,0,0
-1836098,0,0
3450014,0,0
-2908089,0,0
712022,0,0
1933457,0,0
-3890285,0,0
3405929,0,0
-977388,0,0
-1472502,0,0
3232086,0,0
-4205936,0,0
1230250,0,0
8251,0,0
-3523981,0,0
3298015,0,0
-2721237,0,0
-898652,0,0
2789937,0,0
-4333315,0,0
2768296,0,0
-11345,0,0
-2197384,0,0
3552044,0,0
-2875685,0,0
980716,0,0
1953676,0,0
-4039103,0,0
3418850,0,0
-770563,0,0
-2492771,0,0
3636676,0,0
-3734600,0,0
-196671,0,0
1675565,0,0
-4220666,0,0
1932002,0,0
-149531,0,0
-3195676,0,0
3751416,0,0
-2066383,0,0
-409847,0,0
2976571,0,0
-3632939,0,0
2081718,0,0
706977,0,0
-3054995,0,0
3677640,0,0
-2417413,0,0
99406,0,0
1917397,0,0
-4289820,0,0
2733147,0,0
-1678170,0,0
-2353799,0,0
3490603,0,0
-4006296,0,0
570271,0,0
1437859,0,0
-3993427,0,0
3491861,0,0
-1069401,0,0
-1220643,0,0
3236571,0,0
-3452073,0,0
1748619,0,0
1405346,0,0
-3713369,0,0
3687576,0,0
-1411252,0,0
-1886503,0,0
3396134,0,0
-4115122,0,0
405954,0,0
1032547,0,0
-3985719,0,0
2486682,0,0
-906754,0,0
-2621592,0,0
3746747,0,0
-2864778,0,0
428488,0,0
2469142,0,0
-3964491,0,0
3076762,0,0
-551512,0,0
-1700160,0,0
3426480,0,0
-3329681,0,0
1366536,0,0
653887,0,0
-3629793,0,0
3616020,0,0
-3159819,0,0
-806302,0,0
2153441,0,0
-4272715,0,0
2142115,0,0
-426332,0,0
-2813645,0,0
3788661,0,0
-2403281,0,0
229701,0,0
2548903,0,0
-3947099,0,0
2869443,0,0
243745,0,0
-2920666,0,0
3772514,0,0
-2408446,0,0
-973315,0,0
2945046,0,0
-4369894,0,0
1147759,0,0
422205,0,0
-3816333,0,0
2978830,0,0
-1779635,0,0
-1638921,0,0
3410474,0,0
-3879466,0,0
1813325,0,0
1224847,0,0
-3199552,0,0
3580516,0,0
-2231909,0,0
216018,0,0
2420821,0,0
-4136859,0,0
3149114,0,0
-1357527,0,0
-1817020,0,0
3267808,0,0
-4281096,0,0
887116,0,0
292953,0,0
-3637493,0,0
3346152,0,0
-2228122,0,0
-1086729,0,0
3460432,0,0
-3754859,0,0
1983528,0,0
1350758,0,0
-3611167,0,0
3612659,0,0
-1248994,0,0
-1419936,0,0
3465262,0,0
-3488411,0,0
623488,0,0
1556717,0,0
-4224162,0,0
2579199,0,0
-1219754,0,0
-2844486,0,0
3631230,0,0
-3446508,0,0
107894,0,0
2023619,0,0
-3921536,0,0
3514752,0,0
-1134309,0,0
-699475,0,0
2693831,0,0
-3668133,0,0
2348987,0,0
506678,0,0
-2843899,0,0
3774621,0,0
-2924895,0,0
-52596,0,0
1868925,0,0
-4291036,0,0
2302837,0,0
-1239721,0,0
-2684204,0,0
3669646,0,0
-3551871,0,0
202075,0,0
2751129,0,0
-4203100,0,0
3065065,0,0
81298,0,0
-2536666,0,0
3489328,0,0
-2476980,0,0
156349,0,0
2687388,0,0
-4206292,0,0
2533540,0,0
-382702,0,0
-3114164,0,0
3666618,0,0
-3541388,0,0
-557375,0,0
2024029,0,0
-4239299,0,0
2584642,0,0
-787461,0,0
-1362753,0,0
3360499,0,0
-3638085,0,0
2305002,0,0
672017,0,0
-2872571,0,0
3597047,0,0
-2376666,0,0
101481,0,0
2826875,0,0
-4350822,0,0
2218867,0,0
-411839,0,0
-3410150,0,0
3542630,0,0
-3273488,0,0
-911546,0,0
2817749,0,0
-4388141,0,0
1962730,0,0
1193156,0,0
-3351289,0,0
3734684,0,0
-1595638,0,0
-859799,0,0
2792584,0,0
-3619785,0,0
1959918,0,0
931065,0,0
-3340558,0,0
3747358,0,0
-2815784,0,0
-574206,0,0
1916808,0,0
-4266410,0,0
2139326,0,0
-945156,0,0
-2638916,0,0
3687061,0,0
-3526807,0,0
1144957,0,0
1771606,0,0
-3830440,0,0
3658457,0,0
-1188298,0,0
-1030540,0,0
3015829,0,0
-3577523,0,0
1828494,0,0
1250192,0,0
-4076449,0,0
3365478,0,0
-1905884,0,0
-2094506,0,0
3320767,0,0
-4249775,0,0
369953,0,0
1658725,0,0
-4212390,0,0
2876234,0,0
-29583,0,0
-2317648,0,0
3606725,0,0
-2375262,0,0
47131,0,0
2247403,0,0
-3893511,0,0
2983096,0,0
-357801,0,0
-1925703,0,0
3461786,0,0
-3945327,0,0
826788,0,0
403942,0,0
-3719859,0,0
3099470,0,0
-2362880,0,0
-1342343,0,0
3119499,0,0
-4286436,0,0
2091697,0,0
772967,0,0
-3012555,0,0
3704325,0,0
-2144204,0,0
6044,0,0
2612300,0,0
-4068239,0,0
2709755,0,0
270544,0,0
-3607004,0,0
3662595,0,0
-2635283,0,0
-1367233,0,0
2760119,0,0
-4389557,0,0
1078319,0,0
821362,0,0
-3878249,0,0
3366632,0,0
-938446,0,0
-1440116,0,0
3354837,0,0
-3103498,0,0
1145897,0,0
1571005,0,0
-3585257,0,0
3611282,0,0
-1642090,0,0
-669452,0,0
2634572,0,0
-4380400,0,0
2309233,0,0
-1110505,0,0
-2854878,0,0
3570011,0,0
-3713147,0,0
35841,0,0
1946703,0,0
-4269259,0,0
2981704,0,0
-86024,0,0
-2058210,0,0
3464701,0,0
-2760863,0,0
784117,0,0
2092324,0,0
-4048175,0,0
3130482,0,0
-283711,0,0
-2945409,0,0
3745890,0,0
-3281311,0,0
-624863,0,0
2173956,0,0
-4317269,0,0
1757317,0,0
13256,0,0
-3320533,0,0
3706678,0,0
-2356347,0,0
-55780,0,0
2708704,0,0
-3989311,0,0
2974312,0,0
-227032,0,0
-2057962,0,0
3424176,0,0
-3209182,0,0
1138204,0,0
961728,0,0
-3815740,0,0
3507332,0,0
-2645512,0,0
-1323732,0,0
2552213,0,0
-4324472,0,0
1736513,0,0
101644,0,0
-3392074,0,0
3727687,0,0
-1663731,0,0
-580542,0,0
2940049,0,0
-3609344,0,0
2048228,0,0
1155396,0,0
-3623993,0,0
3680200,0,0
-1415765,0,0
-1868495,0,0
3459081,0,0
-4024276,0,0
356932,0,0
1240399,0,0
-4076789,0,0
2486466,0,0
-1029981,0,0
-2454951,0,0
3620278,0,0
-3617290,0,0
1437074,0,0
1603784,0,0
-3490588,0,0
3557470,0,0
-2010697,0,0
-184601,0,0
2667000,0,0
-4077226,0,0
2892790,0,0
-682057,0,0
-2377832,0,0
3591065,0,0
-3908134,0,0
140629,0,0
1092684,0,0
-3980108,0,0
2845368,0,0
-1358763,0,0
-1822387,0,0
3673329,0,0
-3233710,0,0
1220874,0,0
1954539,0,0
-3945364,0,0
3370642,0,0
-546682,0,0
-2152444,0,0
3633185,0,0
-3061327,0,0
233799,0,0
1947362,0,0
-4326368,0,0
2279024,0,0
-914630,0,0
-3011656,0,0
3579227,0,0
-3385629,0,0
-228517,0,0
2227386,0,0
-3984088,0,0
3490179,0,0
-1013834,0,0
-782256,0,0
2792366,0,0
-3631102,0,0
2370907,0,0
454942,0,0
-2859832,0,0
3780865,0,0
-2498216,0,0
-439894,0,0
2359754,0,0
-4407738,0,0
1824812,0,0
-615274,0,0
-3263242,0,0
3554849,0,0
-2727186,0,0
-623337,0,0
3322173,0,0
-3920079,0,0
2152519,0,0
1183729,0,0
-3510798,0,0
3593874,0,0
-1709548,0,0
-782796,0,0
3144309,0,0
-3939000,0,0
2064564,0,0
142627,0,0
-3533441,0,0
3586442,0,0
-3179620,0,0
-907247,0,0
2426106,0,0
-4333932,0,0
2059738,0,0
-227238,0,0
-2079586,0,0
3581616,0,0
-3197882,0,0
1448593,0,0
1499509,0,0
-3544584,0,0
3660842,0,0
-1754126,0,0
-648400,0,0
3228556,0,0
-4075878,0,0
1383070,0,0
487810,0,0
-3903279,0,0
3088586,0,0
-2245242,0,0
-2113864,0,0
3582199,0,0
-3843205,0,0
578980,0,0
2507139,0,0
-4188723,0,0
3249506,0,0
-307379,0,0
-2081170,0,0
3359870,0,0
-2952679,0,0
949251,0,0
1901809,0,0
-3930322,0,0
3559302,0,0
-2089177,0,0
-1291363,0,0
2582571,0,0
-4387352,0,0
1485071,0,0
-36105,0,0
-3433399,0,0
3559476,0,0
-2573488,0,0
-55696,0,0
2769238,0,0
-4159057,0,0
2987644,0,0
-39092,0,0
-2132455,0,0
3433488,0,0
-2839736,0,0
683190,0,0
2374477,0,0
-4396697,0,0
2504102,0,0
-712278,0,0
-3193493,0,0
3612940,0,0
-3496614,0,0
-701837,0,0
2693079,0,0
-4403003,0,0
1781108,0,0
1009718,0,0
-3279064,0,0
3750614,0,0
-1720741,0,0
-640580,0,0
2720904,0,0
-3620683,0,0
2346594,0,0
390288,0,0
-2771414,0,0
3693474,0,0
-3369247,0,0
10339,0,0
1233589,0,0
-4048634,0,0
2547106,0,0
-1352519,0,0
-2353187,0,0
3631794,0,0
-3739045,0,0
935719,0,0
1973191,0,0
-3937193,0,0
3563497,0,0
-895953,0,0
-1337257,0,0
3143435,0,0
-3313321,0,0
1414078,0,0
1677154,0,0
-4244246,0,0
3091761,0,0
-1375809,0,0
-2634281,0,0
3614573,0,0
-3913234,0,0
-138098,0,0
2065624,0,0
-4291503,0,0
2621076,0,0
-27051,0,0
-2376939,0,0
3619894,0,0
-2596942,0,0
557100,0,0
2006108,0,0
-3824824,0,0
3351741,0,0
-956947,0,0
-1448019,0,0
3195073,0,0
-4227659,0,0
1417698,0,0
-158739,0,0
-3445901,0,0
3411045,0,0
-3069993,0,0
-764557,0,0
2707808,0,0
-4392718,0,0
2110953,0,0
839532,0,0
-3061263,0,0
3733036,0,0
-1898547,0,0
-374319,0,0
2819895,0,0
-3808972,0,0
2208035,0,0
736144,0,0
-3884625,0,0
3505674,0,0
-2146596,0,0
-1908306,0,0
3236785,0,0
-4280416,0,0
580811,0,0
1371607,0,0
-4089310,0,0
2947463,0,0
-939928,0,0
-1629878,0,0
3456120,0,0
-3397115,0,0
1735015,0,0
1000386,0,0
-3201471,0,0
3734633,0,0
-2179232,0,0
-172106,0,0
2113905,0,0
-4309957,0,0
2685644,0,0
-1361565,0,0
-2581204,0,0
3450732,0,0
-4079564,0,0
527813,0,0
1356649,0,0
-4092111,0,0
3130184,0,0
-409557,0,0
-1735608,0,0
3403683,0,0
-2961512,0,0
908617,0,0
2092564,0,0
-4046044,0,0
3061303,0,0
-332530,0,0
-2985065,0,0
3772832,0,0
-3071714,0,0
-1013392,0,0
2569538,0,0
-4335587,0,0
1420563,0,0
362628,0,0
-3552474,0,0
3583430,0,0
-2366474,0,0
34096,0,0
2645783,0,0
-3989402,0,0
3285806,0,0
-761471,0,0
-1553759,0,0
3325024,0,0
-3485284,0,0
1633450,0,0
710904,0,0
-3701693,0,0
3565552,0,0
-2590515,0,0
-1326383,0,0
2560902,0,0
-4307062,0,0
1619998,0,0
198875,0,0
-3506806,0,0
3644803,0,0
-1556759,0,0
-730785,0,0
3099067,0,0
-3620660,0,0
1980466,0,0
1057710,0,0
-3578196,0,0
3706611,0,0
-1645570,0,0
-1361144,0,0
3251076,0,0
-4221283,0,0
864000,0,0
669667,0,0
-3855739,0,0
2724219,0,0
-1751254,0,0
-1751520,0,0
3385609,0,0
-4058067,0,0
2221571,0,0
637312,0,0
-2455952,0,0
3539852,0,0
-2694914,0,0
718509,0,0
2221298,0,0
-4113215,0,0
3271442,0,0
-999964,0,0
-2270354,0,0
3579633,0,0
-3872006,0,0
2463,0,0
1180102,0,0
-4024373,0,0
2485896,0,0
-944525,0,0
-2380067,0,0
3772289,0,0
-2822934,0,0
661207,0,0
2373071,0,0
-4051694,0,0
3033176,0,0
-303759,0,0
-2203104,0,0
3638920,0,0
-3057106,0,0
628753,0,0
1669501,0,0
-4239125,0,0
2763788,0,0
-1718516,0,0
-2358160,0,0
3454252,0,0
-4049645,0,0
887715,0,0
1032507,0,0
-3255123,0,0
3775035,0,0
-2142530,0,0
98789,0,0
2586674,0,0
-3931055,0,0
3069779,0,0
-312595,0,0
-2148600,0,0
3692989,0,0
-2994263,0,0
-146700,0,0
2092339,0,0
-4363958,0,0
1939681,0,0
-657497,0,0
-3271666,0,0
3406080,0,0
-2584025,0,0
-859334,0,0
3386626,0,0
-3910261,0,0
2040803,0,0
1238040,0,0
-3586254,0,0
3631870,0,0
-1656787,0,0
-683264,0,0
3128964,0,0
-3963446,0,0
2339189,0,0
-330733,0,0
-3109150,0,0
3647176,0,0
-3706451,0,0
-81233,0,0
1560997,0,0
-4151515,0,0
2632294,0,0
-1037557,0,0
-1603804,0,0
3473895,0,0
-3542101,0,0
1755358,0,0
1068096,0,0
-3141640,0,0
3747033,0,0
-1968092,0,0
-533674,0,0
3221228,0,0
-4035535,0,0
1188123,0,0
632904,0,0
-3968704,0,0
2985754,0,0
-2134747,0,0
-2133975,0,0
3566041,0,0
-3820398,0,0
450741,0,0
2532461,0,0
-4224565,0,0
3150441,0,0
-145283,0,0
-2171591,0,0
3347479,0,0
-2688911,0,0
797276,0,0
1959255,0,0
-3992204,0,0
3509805,0,0
-1988994,0,0
-1353104,0,0
2698426,0,0
-4386720,0,0
1449749,0,0
-106058,0,0
-3400750,0,0
3553979,0,0
-2609950,0,0
-446485,0,0
3093045,0,0
-4028407,0,0
2618537,0,0
461560,0,0
-2650516,0,0
3566975,0,0
-2323827,0,0
19827,0,0
2853349,0,0
-4246878,0,0
1895816,0,0
149818,0,0
-3696815,0,0
3415973,0,0
-2689842,0,0
-1474669,0,0
3255223,0,0
-4234297,0,0
1345784,0,0
1465965,0,0
-3678922,0,0
3702912,0,0
-1348948,0,0
-655303,0,0
2402999,0,0
-3641533,0,0
2748879,0,0
23693,0,0
-2424273,0,0
3625120,0,0
-3593714,0,0
534216,0,0
999524,0,0
-4014694,0,0
2805163,0,0
-1980259,0,0
-1768810,0,0
3401894,0,0
-4082983,0,0
1238414,0,0
1858902,0,0
-3817695,0,0
3642735,0,0
-933735,0,0
-1476300,0,0
3089489,0,0
-3075465,0,0
1034782,0,0
2000611,0,0
-4347106,0,0
2796797,0,0
-922147,0,0
-2968759,0,0
3683504,0,0
-3589506,0,0
-458306,0,0
2317770,0,0
-4346781,0,0
2401410,0,0
-245367,0,0
-1956825,0,0
3517875,0,0
-3240402,0,0
1638864,0,0
1181523,0,0
-3456195,0,0
3680347,0,0
-1879955,0,0
-319211,0,0
2615814,0,0
-4374325,0,0
2497761,0,0
-854599,0,0
-2932951,0,0
3598777,0,0
-3851482,0,0
183432,0,0
1764490,0,0
-4243259,0,0
2912161,0,0
87348,0,0
-2186426,0,0
3545836,0,0
-2528067,0,0
268216,0,0
2367559,0,0
-3841011,0,0
2342468,0,0
847182,0,0
-3793357,0,0
3567137,0,0
-2000651,0,0
-2067561,0,0
3392651,0,0
-4156148,0,0
481393,0,0
1333990,0,0
-4060158,0,0
3126278,0,0
-1535262,0,0
-652066,0,0
3070409,0,0
-3861696,0,0
2844477,0,0
-23439,0,0
-2522310,0,0
3545611,0,0
-2693046,0,0
570857,0,0
1984070,0,0
-4225846,0,0
3055238,0,0
-1495813,0,0
-2351924,0,0
3410823,0,0
-4193247,0,0
410403,0,0
1546189,0,0
-4151925,0,0
3063300,0,0
-219606,0,0
-1940559,0,0
3490620,0,0
-2784706,0,0
680947,0,0
2010384,0,0
-3948408,0,0
2984315,0,0
-167409,0,0
-2762827,0,0
3741961,0,0
-3283112,0,0
-245899,0,0
1798381,0,0
-4239674,0,0
2103176,0,0
-937306,0,0
-2665282,0,0
3709517,0,0
-3494865,0,0
1476264,0,0
1390166,0,0
-3130662,0,0
3622926,0,0
-2105218,0,0
52324,0,0
2472553,0,0
-4027651,0,0
2792620,0,0
92217,0,0
-3002882,0,0
3760903,0,0
-3198412,0,0
-977640,0,0
2390092,0,0
-4344269,0,0
1712729,0,0
113034,0,0
-3388837,0,0
3719806,0,0
-1640801,0,0
-528238,0,0
2952939,0,0
-3613482,0,0
1989366,0,0
749442,0,0
-3369533,0,0
3712142,0,0
-1974904,0,0
-384739,0,0
2723220,0,0
-4421880,0,0
2022701,0,0
-726381,0,0
-3133739,0,0
3549474,0,0
-3406325,0,0
-76708,0,0
2127623,0,0
-4043611,0,0
3482223,0,0
-1077352,0,0
-1034888,0,0
3048571,0,0
-3469904,0,0
2060395,0,0
776332,0,0
-3316792,0,0
3768902,0,0
-1818245,0,0
-1308912,0,0
3121168,0,0
-4339415,0,0
1038384,0,0
288729,0,0
-3792567,0,0
2926069,0,0
-1512247,0,0
-1973495,0,0
3716676,0,0
-3079094,0,0
874875,0,0
2229683,0,0
-4032280,0,0
3070760,0,0
-226655,0,0
-2375207,0,0
3573840,0,0
-2933874,0,0
882709,0,0
1369579,0,0
-4109763,0,0
3191915,0,0
-2326031,0,0
-1560104,0,0
3000767,0,0
-4373610,0,0
1479843,0,0
364503,0,0
-3115027,0,0
3779956,0,0
-2239383,0,0
3479,0,0
2635468,0,0
-4005921,0,0
2927844,0,0
83079,0,0
-2509950,0,0
3710502,0,0
-2635193,0,0
-503818,0,0
2481404,0,0
-4449409,0,0
1664974,0,0
-240557,0,0
-3511772,0,0
3279126,0,0
-2204537,0,0
-1315398,0,0
3526230,0,0
-3584068,0,0
1511514,0,0
1757583,0,0
-3821222,0,0
3411363,0,0
-1049455,0,0
-1367952,0,0
3187717,0,0
-3591907,0,0
1755447,0,0
409579,0,0
-3573843,0,0
3615873,0,0
-3205327,0,0
-697415,0,0
2224170,0,0
-4329323,0,0
2171129,0,0
-341873,0,0
-2449021,0,0
3684584,0,0
-2789235,0,0
614053,0,0
2261906,0,0
-3954118,0,0
3269843,0,0
-510255,0,0
-2165704,0,0
3672139,0,0
-2896294,0,0
-248696,0,0
2299290,0,0
-4425608,0,0
1872092,0,0
-490143,0,0
-3347279,0,0
3426199,0,0
-2531805,0,0
-1019108,0,0
3322529,0,0
-3902953,0,0
1930016,0,0
1283544,0,0
-3462920,0,0
3577606,0,0
-1670571,0,0
-293818,0,0
2514315,0,0
-4143605,0,0
3150116,0,0
-1426777,0,0
-1916936,0,0
3152082,0,0
-4353037,0,0
966593,0,0
290485,0,0
-3694908,0,0
3258627,0,0
-2065055,0,0
-1210580,0,0
3421704,0,0
-3753053,0,0
1898897,0,0
1361421,0,0
-3621617,0,0
3643817,0,0
-1395409,0,0
-1067457,0,0
3356919,0,0
-3706646,0,0
832970,0,0
1184215,0,0
-4157435,0,0
2747017,0,0
-1561959,0,0
-2613145,0,0
3625169,0,0
-3544922,0,0
164665,0,0
2252067,0,0
-4121251,0,0
3368987,0,0
-870117,0,0
-1181543,0,0
2831934,0,0
-3511929,0,0
2179945,0,0
492162,0,0
-2929576,0,0
3722616,0,0
-3299911,0,0
164852,0,0
1426571,0,0
-4149683,0,0
2673439,0,0
-1795585,0,0
-2027218,0,0
3485358,0,0
-4011378,0,0
1001755,0,0
2160981,0,0
-3940905,0,0
3561884,0,0
-750808,0,0
-1722289,0,0
3218484,0,0
-2690530,0,0
386911,0,0
2578053,0,0
-4290516,0,0
2435981,0,0
-364791,0,0
-3375967,0,0
3593876,0,0
-2961928,0,0
-1192618,0,0
2897586,0,0
-4338092,0,0
1891586,0,0
156691,0,0
-2359312,0,0
3633871,0,0
-2881772,0,0
1196875,0,0
1664546,0,0
-3771194,0,0
3533943,0,0
-1379365,0,0
-980558,0,0
3239466,0,0
-4202313,0,0
1706326,0,0
98419,0,0
-3663193,0,0
3384769,0,0
-2986885,0,0
-946655,0,0
2836590,0,0
-4378350,0,0
2024582,0,0
1041980,0,0
-3157177,0,0
3735004,0,0
-1782429,0,0
-594501,0,0
2697349,0,0
-3759115,0,0
2279677,0,0
668858,0,0
-3179559,0,0
3766823,0,0
-2787135,0,0
-795947,0,0
2129738,0,0
-4283890,0,0
1814764,0,0
-606641,0,0
-2952349,0,0
3725983,0,0
-3271843,0,0
1097103,0,0
1714507,0,0
-3601471,0,0
3710521,0,0
-1693269,0,0
-458317,0,0
2841311,0,0
-4016497,0,0
2611869,0,0
450780,0,0
-3599298,0,0
3666589,0,0
-2741378,0,0
-1356769,0,0
2740967,0,0
-4395779,0,0
1067914,0,0
851477,0,0
-3863551,0,0
3422713,0,0
-865082,0,0
-1403367,0,0
3320699,0,0
-3028675,0,0
945861,0,0
1581684,0,0
-3759602,0,0
3477753,0,0
-1255176,0,0
-1066282,0,0
3117921,0,0
-4280479,0,0
1465386,0,0
-209996,0,0
-3376841,0,0
3434623,0,0
-3020030,0,0
-636648,0,0
2650661,0,0
-4298762,0,0
3028206,0,0
-287540,0,0
-1960442,0,0
3443800,0,0
-3059035,0,0
1362581,0,0
1640237,0,0
-3887469,0,0
3560915,0,0
-1156027,0,0
-2081720,0,0
3504048,0,0
-3969453,0,0
224545,0,0
1218842,0,0
-4107152,0,0
2257984,0,0
-605710,0,0
-2793636,0,0
3780956,0,0
-2471228,0,0
144696,0,0
2609797,0,0
-3905257,0,0
2776594,0,0
-118693,0,0
-2169691,0,0
3548127,0,0
-3111446,0,0
996264,0,0
1074155,0,0
-3993842,0,0
3299073,0,0
-2643090,0,0
-1378073,0,0
2876822,0,0
-4348589,0,0
1401393,0,0
430456,0,0
-3437975,0,0
3753569,0,0
-1865549,0,0
-344785,0,0
2826295,0,0
-3849597,0,0
2583097,0,0
466624,0,0
-2977377,0,0
3774664,0,0
-2320143,0,0
-971964,0,0
2846188,0,0
-4405652,0,0
1369269,0,0
51638,0,0
-3653392,0,0
3144082,0,0
-2078604,0,0
-1348677,0,0
3370253,0,0
-3861251,0,0
1814169,0,0
1302796,0,0
-3407806,0,0
3550130,0,0
-1866955,0,0
-262250,0,0
2735788,0,0
-4090903,0,0
2811875,0,0
-877962,0,0
-2344976,0,0
3484153,0,0
-4121466,0,0
465880,0,0
818682,0,0
-3910521,0,0
2972874,0,0
-1609363,0,0
-1724992,0,0
3613591,0,0
-3440124,0,0
1426711,0,0
1831188,0,0
-3895656,0,0
3479844,0,0
-754007,0,0
-1976742,0,0
3626771,0,0
-3135180,0,0
-96234,0,0
2082006,0,0
-4351146,0,0
2017452,0,0
-557130,0,0
-3277767,0,0
3513532,0,0
-2812061,0,0
-784745,0,0
2911628,0,0
-4204697,0,0
2749197,0,0
86001,0,0
-2061101,0,0
3273409,0,0
-2905001,0,0
1040492,0,0
1651160,0,0
-3801313,0,0
3630634,0,0
-2174277,0,0
-992800,0,0
2753825,0,0
-4406983,0,0
1464761,0,0
-323707,0,0
-3253601,0,0
3605842,0,0
-2894854,0,0
-529881,0,0
3229782,0,0
-3996860,0,0
2376504,0,0
876977,0,0
-3188587,0,0
3663517,0,0
-1791364,0,0
-730134,0,0
3199351,0,0
-3976106,0,0
1524673,0,0
670271,0,0
-3899059,0,0
3155135,0,0
-2140741,0,0
-1978029,0,0
3335950,0,0
-4142784,0,0
978637,0,0
957934,0,0
-3204587,0,0
3768294,0,0
-2098787,0,0
409862,0,0
2155795,0,0
-3957725,0,0
3302744,0,0
-732689,0,0
-1679244,0,0
3573153,0,0
-3781672,0,0
956201,0,0
837238,0,0
-4033402,0,0
2839827,0,0
-1948997,0,0
-2099957,0,0
3541387,0,0
-3946548,0,0
806626,0,0
2327639,0,0
-4074927,0,0
3424043,0,0
-584000,0,0
-1893329,0,0
3355965,0,0
-2878647,0,0
826988,0,0
2027333,0,0
-4083907,0,0
3277442,0,0
-1439777,0,0
-2023809,0,0
3224744,0,0
-4281461,0,0
710009,0,0
707337,0,0
-3805140,0,0
3312173,0,0
-1991744,0,0
-235521,0,0
2827520,0,0
-4117117,0,0
3089062,0,0
-174077,0,0
-1966082,0,0
3413987,0,0
-3106302,0,0
960126,0,0
2046743,0,0
-4315064,0,0
2913106,0,0
-1352582,0,0
-2738235,0,0
3576383,0,0
-3937622,0,0
-181489,0,0
2224866,0,0
-4355923,0,0
2419944,0,0
592147,0,0
-2841368,0,0
3707902,0,0
-2056445,0,0
-330376,0,0
2605510,0,0
-3880977,0,0
2664904,0,0
134123,0,0
-2432517,0,0
3664298,0,0
-3522513,0,0
102860,0,0
1206987,0,0
-4047085,0,0
2605953,0,0
-1620736,0,0
-1983028,0,0
3466718,0,0
-4006823,0,0
1776742,0,0
1087288,0,0
-3192178,0,0
3701544,0,0
-2040610,0,0
-134027,0,0
2642130,0,0
-4013690,0,0
2721799,0,0
406154,0,0
-3618561,0,0
3674058,0,0
-2631119,0,0
-1418355,0,0
2864866,0,0
-4368162,0,0
1010574,0,0
985338,0,0
-3928796,0,0
3315953,0,0
-807505,0,0
-1634915,0,0
3444340,0,0
-2945245,0,0
847257,0,0
1886360,0,0
-3837106,0,0
3432372,0,0
-989106,0,0
-1396384,0,0
3168659,0,0
-4242807,0,0
1358020,0,0
-125395,0,0
-3439537,0,0
3390483,0,0
-2933535,0,0
-711023,0,0
2766404,0,0
-4359437,0,0
2647817,0,0
166280,0,0
-2369785,0,0
3585628,0,0
-2513123,0,0
490290,0,0
2290111,0,0
-4036192,0,0
2979037,0,0
-79453,0,0
-3092515,0,0
3744887,0,0
-3222451,0,0
-735155,0,0
2260230,0,0
-4325761,0,0
1682563,0,0
88675,0,0
-3362222,0,0
3692737,0,0
-2215475,0,0
-273654,0,0
2842539,0,0
-3934094,0,0
2776630,0,0
-31439,0,0
-2184873,0,0
3516343,0,0
-3123407,0,0
1006061,0,0
899538,0,0
-3825339,0,0
3495007,0,0
-2631060,0,0
-1420667,0,0
2727632,0,0
-4369860,0,0
1526330,0,0
272134,0,0
-3426380,0,0
3733873,0,0
-1741834,0,0
-425184,0,0
2854991,0,0
-3692521,0,0
2298798,0,0
803553,0,0
-3375506,0,0
3755223,0,0
-1937982,0,0
-1310334,0,0
3201666,0,0
-4275153,0,0
826502,0,0
733823,0,0
-3927291,0,0
2838269,0,0
-1591612,0,0
-1932533,0,0
3517993,0,0
-3775755,0,0
1701121,0,0
1213114,0,0
-3177520,0,0
3608092,0,0
-2190809,0,0
62551,0,0
2508165,0,0
-4118009,0,0
3185210,0,0
-1024734,0,0
-2052880,0,0
3477401,0,0
-4094808,0,0
409004,0,0
703188,0,0
-3818876,0,0
3027470,0,0
-1705396,0,0
-1671185,0,0
3636432,0,0
-3365981,0,0
1382625,0,0
1824936,0,0
-3910733,0,0
3433611,0,0
-817786,0,0
-1838078,0,0
3566971,0,0
-3218420,0,0
424518,0,0
1701270,0,0
-4252973,0,0
2507866,0,0
-1226427,0,0
-2845446,0,0
3531221,0,0
-3583740,0,0
104575,0,0
1839627,0,0
-3772886,0,0
3634288,0,0
-1478549,0,0
-347143,0,0
2609992,0,0
-3836498,0,0
2789768,0,0
64157,0,0
-2421850,0,0
3744988,0,0
-2948167,0,0
23417,0,0
1836619,0,0
-4310925,0,0
2213145,0,0
-1121659,0,0
-2869794,0,0
3669662,0,0
-3242597,0,0
-172561,0,0
3106465,0,0
-4109431,0,0
2608140,0,0
534990,0,0
-2977900,0,0
3613392,0,0
-2253970,0,0
-78181,0,0
2784274,0,0
-4179029,0,0
2721073,0,0
-591049,0,0
-2989570,0,0
3642191,0,0
-3790234,0,0
-250070,0,0
1791957,0,0
-4179028,0,0
2636344,0,0
-872621,0,0
-1374180,0,0
3378473,0,0
-3632478,0,0
2063058,0,0
938111,0,0
-3214702,0,0
3670022,0,0
-2107724,0,0
-238257,0,0
3055936,0,0
-4228465,0,0
1682019,0,0
80312,0,0
-3678035,0,0
3318455,0,0
-2640274,0,0
-1786155,0,0
3475365,0,0
-4031962,0,0
819797,0,0
2272995,0,0
-4116397,0,0
3383867,0,0
-532806,0,0
-1955993,0,0
3378385,0,0
-2947378,0,0
962984,0,0
1911591,0,0
-4013319,0,0
3459779,0,0
-1896291,0,0
-1632857,0,0
2977128,0,0
-4371208,0,0
1103836,0,0
348217,0,0
-3655189,0,0
3400119,0,0
-2312030,0,0
-215022,0,0
2888532,0,0
-4116054,0,0
2889800,0,0
10208,0,0
-2213683,0,0
3499496,0,0
-2811227,0,0
660917,0,0
2396892,0,0
-4397859,0,0
2513386,0,0
-822669,0,0
-3092393,0,0
3626875,0,0
-3554829,0,0
-744639,0,0
2687655,0,0
-4388857,0,0
2045692,0,0
996258,0,0
-3287259,0,0
3751978,0,0
-1690266,0,0
-624041,0,0
2712071,0,0
-3563730,0,0
2147318,0,0
722655,0,0
-2949795,0,0
3710658,0,0
-3218595,0,0
17960,0,0
1212922,0,0
-4037572,0,0
2696550,0,0
-1653584,0,0
-2044444,0,0
3524738,0,0
-3941641,0,0
1267219,0,0
1673484,0,0
-3830407,0,0
3637907,0,0
-1071785,0,0
-1155951,0,0
3131719,0,0
-3440741,0,0
1616217,0,0
1537590,0,0
-4201165,0,0
3198352,0,0
-1576248,0,0
-2458840,0,0
3533251,0,0
-4042933,0,0
70871,0,0
2018356,0,0
-4295229,0,0
2659307,0,0
-46530,0,0
-2412989,0,0
3638716,0,0
-2500910,0,0
429190,0,0
2138603,0,0
-3785810,0,0
3096194,0,0
-669369,0,0
-1657704,0,0
3349571,0,0
-4068439,0,0
1182318,0,0
77597,0,0
-3578624,0,0
3309381,0,0
-2751530,0,0
-1173392,0,0
3034362,0,0
-4337697,0,0
1832661,0,0
1201759,0,0
-3372123,0,0
3724468,0,0
-1733471,0,0
-471992,0,0
2839951,0,0
-3680311,0,0
2063638,0,0
948234,0,0
-3970832,0,0
3449843,0,0
-1963922,0,0
-2091682,0,0
3353538,0,0
-4216115,0,0
487959,0,0
1362256,0,0
-4057366,0,0
3114386,0,0
-1115343,0,0
-1260184,0,0
3265373,0,0
-3607865,0,0
2067036,0,0
606333,0,0
-2855560,0,0
3683151,0,0
-2472471,0,0
222194,0,0
1696791,0,0
-4166606,0,0
3080374,0,0
-1812287,0,0
-2126713,0,0
3153279,0,0
-4298381,0,0
967126,0,0
905946,0,0
-3855084,0,0
3474572,0,0
-1003530,0,0
-1150529,0,0
3168682,0,0
-3248176,0,0
1467087,0,0
1712948,0,0
-3932915,0,0
2951112,0,0
-380066,0,0
-2902195,0,0
3757005,0,0
-3177630,0,0
-748389,0,0
2353950,0,0
-4328597,0,0
1749059,0,0
-107321,0,0
-3244895,0,0
3729910,0,0
-2834315,0,0
531030,0,0
2336827,0,0
-3857273,0,0
3512380,0,0
-1302127,0,0
-945094,0,0
3019052,0,0
-3778581,0,0
2153629,0,0
154709,0,0
-3196088,0,0
3741595,0,0
-3144906,0,0
-793207,0,0
2064128,0,0
-4262390,0,0
2104004,0,0
-436782,0,0
-2925589,0,0
3793412,0,0
-2217439,0,0
69744,0,0
2667599,0,0
-3912312,0,0
2553879,0,0
529754,0,0
-3213843,0,0
3757290,0,0
-2222360,0,0
-509251,0,0
2730659,0,0
-4414247,0,0
1668864,0,0
-272414,0,0
-3393683,0,0
3293815,0,0
-2749033,0,0
-778402,0,0
2628921,0,0
-4173891,0,0
3201626,0,0
-703125,0,0
-1085561,0,0
3049560,0,0
-3573517,0,0
2214335,0,0
762628,0,0
-3158349,0,0
3794388,0,0
-2240071,0,0
-866153,0,0
2679539,0,0
-4421941,0,0
1410462,0,0
-193225,0,0
-3508635,0,0
3219598,0,0
-2165888,0,0
-1342613,0,0
3573771,0,0
-3592269,0,0
1580714,0,0
1654465,0,0
-3857082,0,0
3483646,0,0
-1225610,0,0
-1281199,0,0
3330601,0,0
-3661090,0,0
1768276,0,0
534093,0,0
-3651725,0,0
3581399,0,0
-3102361,0,0
-925954,0,0
2420608,0,0
-4319526,0,0
2238963,0,0
-276983,0,0
-2048985,0,0
3607678,0,0
-3108330,0,0
1215346,0,0
1748729,0,0
-3730588,0,0
3616153,0,0
-1262132,0,0
-1274501,0,0
3495993,0,0
-3582522,0,0
692527,0,0
1239874,0,0
-4176639,0,0
2660895,0,0
-1633463,0,0
-2620880,0,0
3654938,0,0
-3342522,0,0
-13069,0,0
2918954,0,0
-4228606,0,0
2789668,0,0
460741,0,0
-2913368,0,0
3559170,0,0
-2288826,0,0
144980,0,0
2594718,0,0
-4146621,0,0
3023088,0,0
-1110908,0,0
-2244571,0,0
3352610,0,0
-4204491,0,0
659764,0,0
797201,0,0
-3855816,0,0
3223338,0,0
-1937304,0,0
-878529,0,0
3244429,0,0
-3902388,0,0
2288978,0,0
723937,0,0
-2902960,0,0
3622386,0,0
-2242076,0,0
-185176,0,0
2904401,0,0
-4275158,0,0
1897469,0,0
7996,0,0
-3656473,0,0
3399289,0,0
-2719604,0,0
-1616819,0,0
3365939,0,0
-4146852,0,0
1262460,0,0
1634794,0,0
-3855651,0,0
3627506,0,0
-1012777,0,0
-1263453,0,0
2891502,0,0
-3359734,0,0
1894447,0,0
1111423,0,0
-3411197,0,0
3764553,0,0
-2694364,0,0
-670848,0,0
1979224,0,0
-4284187,0,0
2079576,0,0
-948680,0,0
-2839935,0,0
3693549,0,0
-3361606,0,0
239108,0,0
2616023,0,0
-4163507,0,0
3170267,0,0
-224664,0,0
-2088357,0,0
3435726,0,0
-2789923,0,0
650466,0,0
2317627,0,0
-4371207,0,0
2656853,0,0
-724270,0,0
-3226619,0,0
3635649,0,0
-3331807,0,0
-795228,0,0
2715341,0,0
-4380450,0,0
2036750,0,0
458058,0,0
-2854694,0,0
3711518,0,0
-2383220,0,0
304648,0,0
2139554,0,0
-3836002,0,0
3332909,0,0
-880686,0,0
-1477051,0,0
3239866,0,0
-4165798,0,0
1424971,0,0
-1050,0,0
-3549069,0,0
3355947,0,0
-2948930,0,0
-872272,0,0
2735416,0,0
-4384600,0,0
2145646,0,0
874252,0,0
-3009930,0,0
3712763,0,0
-1867068,0,0
-523963,0,0
2745569,0,0
-3509786,0,0
1778680,0,0
1185226,0,0
-4020006,0,0
3394010,0,0
-1643511,0,0
-2371348,0,0
3530988,0,0
-4033698,0,0
219080,0,0
1569686,0,0
-4161289,0,0
2898149,0,0
-1050620,0,0
-1334829,0,0
3368204,0,0
-3577522,0,0
2040189,0,0
767424,0,0
-3129890,0,0
3704008,0,0
-2306129,0,0
50875,0,0
2190836,0,0
-4300608,0,0
2850790,0,0
-1195904,0,0
-2740831,0,0
3563899,0,0
-3988077,0,0
282904,0,0
1574551,0,0
-4108374,0,0
3128653,0,0
-415223,0,0
-1717352,0,0
3423658,0,0
-2918625,0,0
848126,0,0
1994793,0,0
-3948233,0,0
3141853,0,0
-651991,0,0
-2120835,0,0
3641519,0,0
-3685909,0,0
74424,0,0
1423588,0,0
-4110714,0,0
2304176,0,0
-1146768,0,0
-2462452,0,0
3635115,0,0
-3701305,0,0
1620231,0,0
1333780,0,0
-3074674,0,0
3630224,0,0
-2208800,0,0
124229,0,0
2487508,0,0
-4107267,0,0
2999010,0,0
-204754,0,0
-2888401,0,0
3719215,0,0
-3501541,0,0
-436314,0,0
1699605,0,0
-4214715,0,0
2062306,0,0
-401383,0,0
-3003394,0,0
3784335,0,0
-2231817,0,0
-19371,0,0
2775474,0,0
-3816265,0,0
2348637,0,0
308659,0,0
-2841132,0,0
3701460,0,0
-2469444,0,0
88503,0,0
2154053,0,0
-4370692,0,0
2409508,0,0
-1246912,0,0
-2680810,0,0
3563860,0,0
-3829634,0,0
365194,0,0
1575492,0,0
-3786832,0,0
3635776,0,0
-1517927,0,0
-654334,0,0
2973751,0,0
-3845192,0,0
2523742,0,0
476776,0,0
-2865852,0,0
3769391,0,0
-2383818,0,0
-964273,0,0
2760935,0,0
-4420419,0,0
1306074,0,0
-11358,0,0
-3583227,0,0
3118170,0,0
-2006796,0,0
-1478009,0,0
3592204,0,0
-3564006,0,0
1407858,0,0
1864503,0,0
-3853049,0,0
3479429,0,0
-1228059,0,0
-1149279,0,0
3276742,0,0
-3714026,0,0
1805608,0,0
280065,0,0
-3504738,0,0
3625618,0,0
-3372604,0,0
-561088,0,0
2104499,0,0
-4249636,0,0
2258204,0,0
-554940,0,0
-2304179,0,0
3688203,0,0
-2953207,0,0
836678,0,0
2089236,0,0
-3962155,0,0
3433393,0,0
-803645,0,0
-1704688,0,0
3572951,0,0
-3465751,0,0
348431,0,0
1651184,0,0
-4288783,0,0
2329763,0,0
-1126119,0,0
-2933675,0,0
3575139,0,0
-3060889,0,0
-404326,0,0
2948899,0,0
-4208353,0,0
2616612,0,0
627337,0,0
-2863079,0,0
3529074,0,0
-2344818,0,0
409527,0,0
2390878,0,0
-4153317,0,0
3219649,0,0
-1416146,0,0
-1973263,0,0
3142742,0,0
-4325477,0,0
930148,0,0
373229,0,0
-3655589,0,0
3256281,0,0
-2115627,0,0
-1046081,0,0
3328787,0,0
-3878233,0,0
2179314,0,0
964815,0,0
-3195957,0,0
3702262,0,0
-1857104,0,0
-699384,0,0
3242268,0,0
-3982966,0,0
1140374,0,0
846491,0,0
-4038457,0,0
2872563,0,0
-1797852,0,0
-2350162,0,0
3625862,0,0
-3695167,0,0
331875,0,0
2104182,0,0
-4136042,0,0
3322209,0,0
-658225,0,0
-1429243,0,0
3045510,0,0
-3330315,0,0
1834520,0,0
979154,0,0
-3317740,0,0
3752599,0,0
-2971836,0,0
-344739,0,0
1826172,0,0
-4232041,0,0
2244383,0,0
-1220068,0,0
-2567603,0,0
3685834,0,0
-3557739,0,0
338013,0,0
2619932,0,0
-4156647,0,0
3204103,0,0
-113045,0,0
-2348509,0,0
3533508,0,0
-2398333,0,0
130346,0,0
2711217,0,0
-4325438,0,0
2087754,0,0
-105978,0,0
-3575367,0,0
3439573,0,0
-2802345,0,0
-1375261,0,0
3095641,0,0
-4276444,0,0
1529798,0,0
439755,0,0
-2726754,0,0
3707753,0,0
-2538498,0,0
702862,0,0
1761761,0,0
-3824418,0,0
3489002,0,0
-1280226,0,0
-1057112,0,0
3219358,0,0
-4213658,0,0
1734547,0,0
130506,0,0
-3667259,0,0
3370855,0,0
-2894688,0,0
-987033,0,0
2893820,0,0
-4364723,0,0
1765184,0,0
1230542,0,0
-3348160,0,0
3741591,0,0
-1492162,0,0
-914669,0,0
2860678,0,0
-3194195,0,0
1288497,0,0
1590721,0,0
-4055213,0,0
3284885,0,0
-1456754,0,0
-2248777,0,0
3464843,0,0
-4043593,0,0
223655,0,0
1346473,0,0
-4048824,0,0
3020668,0,0
-1429142,0,0
-803209,0,0
3162112,0,0
-3865991,0,0
2749642,0,0
173196,0,0
-2439302,0,0
3564922,0,0
-2695031,0,0
470261,0,0
2337619,0,0
-4341274,0,0
2707318,0,0
-1171266,0,0
-2773712,0,0
3574902,0,0
-3927316,0,0
99691,0,0
1849937,0,0
-4257310,0,0
2780800,0,0
120063,0,0
-2284325,0,0
3611736,0,0
-2564175,0,0
244551,0,0
2375295,0,0
-3985970,0,0
2875226,0,0
-233714,0,0
-2263138,0,0
3654152,0,0
-3629761,0,0
147935,0,0
1098613,0,0
-3968072,0,0
2545080,0,0
-1510112,0,0
-1914918,0,0
3462937,0,0
-4006235,0,0
2102013,0,0
828675,0,0
-2833972,0,0
3610308,0,0
-2444079,0,0
496168,0,0
2354153,0,0
-4097796,0,0
2885712,0,0
111684,0,0
-3194593,0,0
3764058,0,0
-3117605,0,0
-919709,0,0
2275494,0,0
-4321341,0,0
1545456,0,0
379882,0,0
-3601778,0,0
3580731,0,0
-1368452,0,0
-887382,0,0
3131679,0,0
-3425963,0,0
1643704,0,0
1085956,0,0
-3474615,0,0
3683019,0,0
-1840803,0,0
-479353,0,0
2652250,0,0
-4408005,0,0
2124537,0,0
-917789,0,0
-2909718,0,0
3605969,0,0
-3610167,0,0
68621,0,0
1861616,0,0
-4081062,0,0
3444828,0,0
-906161,0,0
-1263153,0,0
3194021,0,0
-3391444,0,0
1801089,0,0
1182066,0,0
-3614705,0,0
3708143,0,0
-1504014,0,0
-1728833,0,0
3422666,0,0
-4083218,0,0
397599,0,0
1062941,0,0
-4041776,0,0
2468020,0,0
-780339,0,0
-2574719,0,0
3770934,0,0
-2661075,0,0
301042,0,0
2609445,0,0
-3905923,0,0
2724837,0,0
17523,0,0
-2301945,0,0
3567724,0,0
-2963804,0,0
844954,0,0
1338721,0,0
-4049321,0,0
3279402,0,0
-2411186,0,0
-1563630,0,0
3025996,0,0
-4351021,0,0
1227235,0,0
748683,0,0
-3539909,0,0
3741046,0,0
-1775084,0,0
-441816,0,0
2900666,0,0
-3791559,0,0
2399159,0,0
671853,0,0
-3143249,0,0
3766367,0,0
-2123677,0,0
-1266862,0,0
3101696,0,0
-4332651,0,0
979226,0,0
429976,0,0
-3806644,0,0
2961243,0,0
-1701008,0,0
-1772277,0,0
3576788,0,0
-3459290,0,0
1226598,0,0
1901058,0,0
-3814133,0,0
3422577,0,0
-1374478,0,0
-889197,0,0
3196914,0,0
-3778772,0,0
2108656,0,0
-136613,0,0
-2864034,0,0
3636064,0,0
-3899794,0,0
25003,0,0
1251850,0,0
-4043153,0,0
2754403,0,0
-1164896,0,0
-2201349,0,0
3711493,0,0
-2977512,0,0
880979,0,0
2169082,0,0
-3983915,0,0
3198976,0,0
-288385,0,0
-2407059,0,0
3695510,0,0
-2892513,0,0
-357773,0,0
2472023,0,0
-4424142,0,0
1694515,0,0
-195240,0,0
-3493022,0,0
3341720,0,0
-2493950,0,0
-921554,0,0
3061475,0,0
-4161450,0,0
2528174,0,0
311793,0,0
-2230646,0,0
3329987,0,0
-2756814,0,0
848155,0,0
1797042,0,0
-3940931,0,0
3541240,0,0
-2045792,0,0
-1058157,0,0
2749873,0,0
-4423016,0,0
1435846,0,0
-322869,0,0
-3282424,0,0
3549844,0,0
-2794178,0,0
-625036,0,0
3249774,0,0
-4028030,0,0
2345759,0,0
998899,0,0
-3361447,0,0
3661086,0,0
-1744507,0,0
-803260,0,0
3289901,0,0
-3917894,0,0
1165614,0,0
855450,0,0
-4031586,0,0
2900051,0,0
-1626006,0,0
-2634896,0,0
3619265,0,0
-3640955,0,0
222578,0,0
1784004,0,0
-3849216,0,0
3588896,0,0
-1263332,0,0
-676980,0,0
2752622,0,0
-3634956,0,0
2279667,0,0
469069,0,0
-3131096,0,0
3785537,0,0
-2833693,0,0
-289253,0,0
2088018,0,0
-4320469,0,0
2100197,0,0
-1077460,0,0
-2692460,0,0
3690550,0,0
-3483343,0,0
72929,0,0
2899226,0,0
-4177124,0,0
2926025,0,0
264666,0,0
-2813106,0,0
3585254,0,0
-2135930,0,0
-283861,0,0
2978359,0,0
-4163930,0,0
1919966,0,0
292748,0,0
-3728875,0,0
3290149,0,0
-2377607,0,0
-1762951,0,0
3198399,0,0
-4225032,0,0
1294028,0,0
619008,0,0
-2659423,0,0
3692071,0,0
-2586367,0,0
870046,0,0
1766345,0,0
-3773687,0,0
3472123,0,0
-1090308,0,0
-1293131,0,0
3502137,0,0
-3826692,0,0
1146640,0,0
769698,0,0
-3978388,0,0
2999210,0,0
-2146375,0,0
-1805210,0,0
3411596,0,0
-4093518,0,0
1110127,0,0
2085382,0,0
-3975555,0,0
3544024,0,0
-658138,0,0
-1820841,0,0
3151602,0,0
-2820367,0,0
753927,0,0
2041866,0,0
-4098257,0,0
3253112,0,0
-1262791,0,0
-2058951,0,0
3264967,0,0
-4252593,0,0
618182,0,0
753669,0,0
-3775846,0,0
3351829,0,0
-1954996,0,0
-253432,0,0
2856495,0,0
-4074274,0,0
3105255,0,0
-292354,0,0
-1924905,0,0
3440494,0,0
-3038870,0,0
1014895,0,0
2062730,0,0
-4338379,0,0
2903631,0,0
-1240583,0,0
-2865435,0,0
3620752,0,0
-3783783,0,0
-455289,0,0
2576779,0,0
-4391506,0,0
2215942,0,0
820840,0,0
-3132526,0,0
3750390,0,0
-1828425,0,0
-626147,0,0
2786978,0,0
-3779758,0,0
2330275,0,0
471835,0,0
-2958855,0,0
3739483,0,0
-3239524,0,0
-433271,0,0
1681576,0,0
-4164126,0,0
2183157,0,0
-917924,0,0
-2541119,0,0
3674778,0,0
-3605071,0,0
1283910,0,0
1551515,0,0
-3646700,0,0
3701745,0,0
-1553838,0,0
-661806,0,0
2956120,0,0
-3727682,0,0
2126079,0,0
922587,0,0
-3923744,0,0
3508508,0,0
-2259610,0,0
-1764828,0,0
3155245,0,0
-4331786,0,0
647439,0,0
1481002,0,0
-4161767,0,0
3039308,0,0
-227473,0,0
-2039686,0,0
3525142,0,0
-2665439,0,0
515156,0,0
2026932,0,0
-3867981,0,0
3271955,0,0
-690253,0,0
-1738947,0,0
3384080,0,0
-4055162,0,0
963561,0,0
288400,0,0
-3653593,0,0
3220727,0,0
-2563839,0,0
-1184984,0,0
2973976,0,0
-4349937,0,0
2351910,0,0
566760,0,0
-2772075,0,0
3654964,0,0
-2303350,0,0
179627,0,0
2461929,0,0
-4064807,0,0
2885288,0,0
27417,0,0
-3286405,0,0
3760436,0,0
-2999158,0,0
-1074632,0,0
2568140,0,0
-4370511,0,0
1306961,0,0
560602,0,0
-3739977,0,0
3491634,0,0
-1339961,0,0
-1138522,0,0
3265476,0,0
-3431094,0,0
1645586,0,0
1278997,0,0
-3446263,0,0
3705888,0,0
-1782645,0,0
-566063,0,0
2565128,0,0
-4402509,0,0
2316362,0,0
-1215184,0,0
-2648163,0,0
3525526,0,0
-3938282,0,0
288369,0,0
1710065,0,0
-4170650,0,0
3168028,0,0
-727725,0,0
-1457624,0,0
3353730,0,0
-3160819,0,0
1180847,0,0
1917753,0,0
-4020521,0,0
3393582,0,0
-830070,0,0
-2416191,0,0
3640356,0,0
-3718261,0,0
-184175,0,0
1712380,0,0
-4216567,0,0
2071173,0,0
-422800,0,0
-3036203,0,0
3753837,0,0
-2755598,0,0
338451,0,0
2454074,0,0
-3992193,0,0
3262261,0,0
-753289,0,0
-1559847,0,0
3308113,0,0
-3518394,0,0
1677874,0,0
470783,0,0
-3426630,0,0
3706558,0,0
-3056065,0,0
-1008444,0,0
2330254,0,0
-4297035,0,0
2015956,0,0
-198384,0,0
-3127893,0,0
3774050,0,0
-2038136,0,0
-139636,0,0
2767357,0,0
-3785443,0,0
2498184,0,0
622907,0,0
-3329512,0,0
3757788,0,0
-2080007,0,0
-1149267,0,0
3129948,0,0
-4315327,0,0
872546,0,0
785416,0,0
-3961171,0,0
2791743,0,0
-1483250,0,0
-2045894,0,0
3542111,0,0
-3759876,0,0
1714488,0,0
1246044,0,0
-3170852,0,0
3632847,0,0
-1944701,0,0
-222692,0,0
2589099,0,0
-4028457,0,0
2641328,0,0
-577149,0,0
-2452783,0,0
3611999,0,0
-3872544,0,0
124443,0,0
1176023,0,0
-4002956,0,0
2786796,0,0
-1308028,0,0
-2061552,0,0
3733205,0,0
-2935052,0,0
843161,0,0
2190096,0,0
-4004493,0,0
3099817,0,0
-3722,0,0
-2769955,0,0
3736244,0,0
-2471830,0,0
-665147,0,0
2798339,0,0
-4406619,0,0
1351203,0,0
229023,0,0
-3695824,0,0
3092391,0,0
-2031206,0,0
-1537327,0,0
3328875,0,0
-4069279,0,0
2309866,0,0
619188,0,0
-2442963,0,0
3430970,0,0
-2685273,0,0
633223,0,0
2115933,0,0
-4051398,0,0
3384191,0,0
-1299276,0,0
-1941314,0,0
3446026,0,0
-4137305,0,0
407078,0,0
808189,0,0
-3836562,0,0
2987734,0,0
-1689058,0,0
-1552322,0,0
3619717,0,0
-3372272,0,0
1442677,0,0
1645376,0,0
-3843094,0,0
3523898,0,0
-1012029,0,0
-1599233,0,0
3507005,0,0
-3412211,0,0
917646,0,0
1333595,0,0
-4120937,0,0
2947801,0,0
-1771957,0,0
-2463859,0,0
3499914,0,0
-3924013,0,0
567670,0,0
1314084,0,0
-3381395,0,0
3743591,0,0
-1997086,0,0
181423,0,0
2345027,0,0
-3855453,0,0
3081313,0,0
-490177,0,0
-1975548,0,0
3696724,0,0
-3170521,0,0
237522,0,0
1573679,0,0
-4243510,0,0
2397859,0,0
-1316717,0,0
-2740865,0,0
3617194,0,0
-3679877,0,0
247154,0,0
2725914,0,0
-4257140,0,0
2983524,0,0
169457,0,0
-2411274,0,0
3411690,0,0
-2669747,0,0
552114,0,0
2201488,0,0
-4100222,0,0
3323199,0,0
-1503207,0,0
-1866977,0,0
3060209,0,0
-4342781,0,0
1078647,0,0
402910,0,0
-3637429,0,0
3417204,0,0
-2290296,0,0
-321508,0,0
2970585,0,0
-4068797,0,0
2880852,0,0
26327,0,0
-2241215,0,0
3434782,0,0
-2915966,0,0
844406,0,0
2313843,0,0
-4356180,0,0
2735834,0,0
-1154956,0,0
-2724391,0,0
3617622,0,0
-3911429,0,0
-105884,0,0
2050129,0,0
-4289830,0,0
2646025,0,0
-51485,0,0
-2371826,0,0
3638294,0,0
-2589914,0,0
594325,0,0
2034160,0,0
-3808357,0,0
3221496,0,0
-743896,0,0
-1680571,0,0
3362386,0,0
-4070114,0,0
1096860,0,0
148876,0,0
-3595669,0,0
3283074,0,0
-2777304,0,0
-1022204,0,0
2949202,0,0
-4355093,0,0
2091313,0,0
823864,0,0
-2998115,0,0
3703560,0,0
-1954980,0,0
-293897,0,0
2748989,0,0
-3648208,0,0
1967246,0,0
790560,0,0
-3886091,0,0
3516136,0,0
-2162386,0,0
-1766634,0,0
3220409,0,0
-4296637,0,0
745959,0,0
1134983,0,0
-4010514,0,0
3176031,0,0
-1189931,0,0
-1230198,0,0
3305702,0,0
-3574169,0,0
2023289,0,0
783544,0,0
-3016336,0,0
3677144,0,0
-2547120,0,0
263558,0,0
2002575,0,0
-4239924,0,0
2968676,0,0
-1627175,0,0
-2314896,0,0
3331321,0,0
-4216153,0,0
936932,0,0
923119,0,0
-3910530,0,0
3419410,0,0
-916261,0,0
-1352804,0,0
3353096,0,0
-3130734,0,0
1142728,0,0
1988424,0,0
-3973881,0,0
3212827,0,0
-645946,0,0
-2661272,0,0
3730556,0,0
-3419219,0,0
-516583,0,0
2114207,0,0
-4299089,0,0
1800549,0,0
-256374,0,0
-3274684,0,0
3691488,0,0
-2833680,0,0
390553,0,0
2532677,0,0
-3998533,0,0
3258142,0,0
-1079048,0,0
-1182926,0,0
3224131,0,0
-3674685,0,0
1994041,0,0
325078,0,0
-3262442,0,0
3746544,0,0
-3051255,0,0
-877225,0,0
2161549,0,0
-4299525,0,0
1987361,0,0
-222845,0,0
-2945607,0,0
3795015,0,0
-2194088,0,0
21957,0,0
2745045,0,0
-3838192,0,0
2539922,0,0
452216,0,0
-3139049,0,0
3742502,0,0
-2083301,0,0
-714760,0,0
2873570,0,0
-4386446,0,0
1782725,0,0
-334668,0,0
-3440401,0,0
3266765,0,0
-2647381,0,0
-819555,0,0
2801089,0,0
-4242343,0,0
2999715,0,0
-321002,0,0
-1473612,0,0
3198224,0,0
-3231479,0,0
1572792,0,0
1335048,0,0
-3623294,0,0
3724352,0,0
-1684217,0,0
-1359679,0,0
3099438,0,0
-4345819,0,0
947597,0,0
362734,0,0
-3777452,0,0
3008586,0,0
-1717976,0,0
-1618522,0,0
3611453,0,0
-3477213,0,0
1404811,0,0
1838700,0,0
-3945069,0,0
3449951,0,0
-1013965,0,0
-1546853,0,0
3438293,0,0
-3399991,0,0
1348940,0,0
864185,0,0
-3881927,0,0
3416477,0,0
-2789489,0,0
-1333183,0,0
2817634,0,0
-4321387,0,0
1897074,0,0
-54070,0,0
-2355094,0,0
3670091,0,0
-2966185,0,0
931578,0,0
1952210,0,0
-3837736,0,0
3547967,0,0
-1199822,0,0
-1371846,0,0
3554297,0,0
-3467128,0,0
336557,0,0
1805052,0,0
-4352043,0,0
2152662,0,0
-935840,0,0
-3140633,0,0
3547142,0,0
-2881997,0,0
-590604,0,0
3301950,0,0
-3993865,0,0
2179781,0,0
1146828,0,0
-3516904,0,0
3624215,0,0
-1670634,0,0
-759647,0,0
3048170,0,0
-4050040,0,0
2386963,0,0
-180781,0,0
-3229553,0,0
3664307,0,0
-3606197,0,0
-326354,0,0
1757987,0,0
-4161830,0,0
2630467,0,0
-1001964,0,0
-1614798,0,0
3505027,0,0
-3471314,0,0
1562456,0,0
1472076,0,0
-3600472,0,0
3643706,0,0
-1584568,0,0
-979507,0,0
3407613,0,0
-3762594,0,0
795529,0,0
996945,0,0
-4064857,0,0
2850966,0,0
-1848596,0,0
-2380915,0,0
3632977,0,0
-3674322,0,0
171245,0,0
2720531,0,0
-4252270,0,0
3013947,0,0
272986,0,0
-2735532,0,0
3420791,0,0
-2420340,0,0
388895,0,0
2320084,0,0
-4154456,0,0
3224020,0,0
-1388827,0,0
-1836539,0,0
3028618,0,0
-4355312,0,0
1117647,0,0
323860,0,0
-3672476,0,0
3335835,0,0
-2171329,0,0
-782633,0,0
3190062,0,0
-3974152,0,0
2412816,0,0
731972,0,0
-2961045,0,0
3648958,0,0
-2204142,0,0
-155228,0,0
2952746,0,0
-4236136,0,0
1749112,0,0
158791,0,0
-3739060,0,0
3312178,0,0
-2504410,0,0
-1714535,0,0
3358763,0,0
-4156281,0,0
979526,0,0
1699995,0,0
-3708326,0,0
3695125,0,0
-1744694,0,0
-306615,0,0
2548177,0,0
-3665597,0,0
2678258,0,0
-40394,0,0
-2349656,0,0
3621390,0,0
-3621930,0,0
604800,0,0
832287,0,0
-3944911,0,0
2964546,0,0
-2261605,0,0
-1489804,0,0
3237005,0,0
-4228163,0,0
1405567,0,0
1580877,0,0
-3695913,0,0
3698848,0,0
-1201355,0,0
-1169560,0,0
3201621,0,0
-3246510,0,0
1192925,0,0
1915831,0,0
-4318819,0,0
2916655,0,0
-1124243,0,0
-2921642,0,0
3671899,0,0
-3634061,0,0
-430869,0,0
2259491,0,0
-4330621,0,0
2304079,0,0
-187810,0,0
-2353187,0,0
3665063,0,0
-2847589,0,0
988481,0,0
1584210,0,0
-3732780,0,0
3641174,0,0
-1520704,0,0
-743973,0,0
2921849,0,0
-4342143,0,0
2144029,0,0
-505846,0,0
-3279121,0,0
3576908,0,0
-3519890,0,0
-288594,0,0
2225398,0,0
-4340490,0,0
2523651,0,0
504744,0,0
-2728782,0,0
3674487,0,0
-2146795,0,0
-198098,0,0
2660879,0,0
-3814444,0,0
2403637,0,0
734277,0,0
-3709309,0,0
3608646,0,0
-2192512,0,0
-1638331,0,0
3153456,0,0
-4316132,0,0
722811,0,0
1062523,0,0
-3969438,0,0
3205313,0,0
-1513518,0,0
-867248,0,0
3200261,0,0
-3762585,0,0
2515583,0,0
374608,0,0
-2771297,0,0
3587084,0,0
-2586688,0,0
398704,0,0
2027123,0,0
-4235792,0,0
3009095,0,0
-1519700,0,0
-2444183,0,0
3420814,0,0
-4154292,0,0
564711,0,0
1347181,0,0
-4101948,0,0
3106562,0,0
-325580,0,0
-1874979,0,0
3481862,0,0
-2943870,0,0
844161,0,0
2021311,0,0
-4016543,0,0
3175361,0,0
-515634,0,0
-2411667,0,0
3700778,0,0
-3512576,0,0
-143021,0,0
1609878,0,0
-4173198,0,0
2006217,0,0
-798204,0,0
-2717751,0,0
3717184,0,0
-3462828,0,0
1071381,0,0
1756281,0,0
-3445365,0,0
3709897,0,0
-1918664,0,0
-185171,0,0
2745437,0,0
-4017979,0,0
2706551,0,0
69366,0,0
-3005565,0,0
3702780,0,0
-3566931,0,0
-311164,0,0
1566513,0,0
-4154692,0,0
2136645,0,0
-412925,0,0
-3008442,0,0
3785460,0,0
-2116751,0,0
-136170,0,0
2803540,0,0
-3871348,0,0
2528918,0,0
433106,0,0
-2992246,0,0
3708030,0,0
-2316285,0,0
-70110,0,0
2291608,0,0
-4384101,0,0
2381286,0,0
-1244849,0,0
-2631082,0,0
3565844,0,0
-3851558,0,0
537362,0,0
1365223,0,0
-3712123,0,0
3682147,0,0
-1692356,0,0
-561209,0,0
2953584,0,0
-3800342,0,0
2518810,0,0
322549,0,0
-2687109,0,0
3765823,0,0
-2602046,0,0
-772494,0,0
2648775,0,0
-4424822,0,0
1496736,0,0
-92605,0,0
-3593280,0,0
3129242,0,0
-1951845,0,0
-1552053,0,0
3593433,0,0
-3470048,0,0
1318373,0,0
1938279,0,0
-3960006,0,0
3329002,0,0
-691091,0,0
-1663012,0,0
3360741,0,0
-3428056,0,0
1435607,0,0
706396,0,0
-3822935,0,0
3454761,0,0
-2871980,0,0
-1060486,0,0
2608387,0,0
-4352775,0,0
1743795,0,0
58858,0,0
-2890521,0,0
3782214,0,0
-2482914,0,0
305470,0,0
2504494,0,0
-4010657,0,0
3075543,0,0
-291923,0,0
-2173795,0,0
3704000,0,0
-3029150,0,0
-311404,0,0
2199182,0,0
-4381589,0,0
1947028,0,0
-639093,0,0
-3255824,0,0
3448292,0,0
-2701789,0,0
-924623,0,0
3248504,0,0
-4029467,0,0
2164064,0,0
963803,0,0
-3095350,0,0
3607561,0,0
-2185634,0,0
178180,0,0
2577077,0,0
-4179474,0,0
3000469,0,0
-1210109,0,0
-1997541,0,0
3194329,0,0
-4320060,0,0
874782,0,0
378314,0,0
-3654992,0,0
3262737,0,0
-2083937,0,0
-1214058,0,0
3448915,0,0
-3694326,0,0
1876425,0,0
1366684,0,0
-3607293,0,0
3627818,0,0
-1535603,0,0
-1002477,0,0
3355434,0,0
-3876023,0,0
1017680,0,0
1067377,0,0
-4132224,0,0
2752099,0,0
-1631209,0,0
-2463549,0,0
3633998,0,0
-3679241,0,0
266191,0,0
2140392,0,0
-4130202,0,0
3320895,0,0
-753892,0,0
-1293093,0,0
3016834,0,0
-3411260,0,0
1970724,0,0
856799,0,0
-3154542,0,0
3761360,0,0
-3100970,0,0
-40084,0,0
1646277,0,0
-4200246,0,0
2512380,0,0
-1538062,0,0
-2335253,0,0
3619336,0,0
-3786246,0,0
570061,0,0
2516472,0,0
-4149731,0,0
3281894,0,0
-185267,0,0
-2141961,0,0
3406387,0,0
-2615254,0,0
365679,0,0
2600320,0,0
-4342633,0,0
2200811,0,0
-93089,0,0
-3598938,0,0
3433543,0,0
-2663139,0,0
-1532667,0,0
3127878,0,0
-4272159,0,0
1393832,0,0
607914,0,0
-3009011,0,0
3764881,0,0
-2289685,0,0
449332,0,0
2049551,0,0
-3955725,0,0
3349619,0,0
-844957,0,0
-1533889,0,0
3430811,0,0
-4041003,0,0
1352308,0,0
308537,0,0
-3742804,0,0
3258469,0,0
-2711392,0,0
-1198646,0,0
3001767,0,0
-4343209,0,0
1663806,0,0
1321505,0,0
-3463398,0,0
3745999,0,0
-1558970,0,0
-804651,0,0
2982917,0,0
-3536445,0,0
1819382,0,0
1052278,0,0
-3615735,0,0
3614979,0,0
-2289838,0,0
-1427484,0,0
2839274,0,0
-4342801,0,0
1148722,0,0
100075,0,0
-3393777,0,0
3601970,0,0
-2542607,0,0
385744,0,0
2360574,0,0
-3932034,0,0
3560099,0,0
-1060447,0,0
-1166186,0,0
3156582,0,0
-3556496,0,0
1782842,0,0
1260970,0,0
-4044894,0,0
3336535,0,0
-2011749,0,0
-2076914,0,0
3259305,0,0
-4259950,0,0
475553,0,0
1580345,0,0
-4158653,0,0
2949817,0,0
-177102,0,0
-2043463,0,0
3519993,0,0
-2744744,0,0
412955,0,0
2149518,0,0
-4040710,0,0
3208429,0,0
-190754,0,0
-2358394,0,0
3667487,0,0
-3542445,0,0
67816,0,0
1233853,0,0
-4028554,0,0
2587758,0,0
-1594699,0,0
-1854223,0,0
3415240,0,0
-4034599,0,0
2124349,0,0
810395,0,0
-2908243,0,0
3679342,0,0
-2225693,0,0
237724,0,0
2422444,0,0
-4109842,0,0
2999196,0,0
-33234,0,0
-3183551,0,0
3764505,0,0
-3140472,0,0
-1010443,0,0
2417999,0,0
-4325232,0,0
1360010,0,0
697748,0,0
-3787552,0,0
3481062,0,0
-1065847,0,0
-1255250,0,0
3290517,0,0
-3260744,0,0
1275347,0,0
1518097,0,0
-3747912,0,0
3593808,0,0
-1499415,0,0
-867313,0,0
2876888,0,0
-4379642,0,0
1748781,0,0
-582700,0,0
-3158500,0,0
3513231,0,0
-3298016,0,0
-290877,0,0
2183800,0,0
-4254480,0,0
3160213,0,0
-407015,0,0
-1870191,0,0
3423662,0,0
-3052386,0,0
1288529,0,0
1624288,0,0
-3901344,0,0
3558331,0,0
-1061317,0,0
-2318709,0,0
3580538,0,0
-3874642,0,0
40995,0,0
1466458,0,0
-4147151,0,0
2078973,0,0
-326676,0,0
-3085286,0,0
3773067,0,0
-2167220,0,0
-224959,0,0
2845666,0,0
-3785015,0,0
2367351,0,0
528605,0,0
-2879913,0,0
3693887,0,0
-2507160,0,0
177102,0,0
1871362,0,0
-4287371,0,0
2758486,0,0
-1786601,0,0
-2276321,0,0
3439038,0,0
-4037688,0,0
752197,0,0
1095333,0,0
-3891004,0,0
3552669,0,0
-1313714,0,0
-1020377,0,0
3183140,0,0
-3466275,0,0
1788937,0,0
1310976,0,0
-3703021,0,0
3675393,0,0
-1455981,0,0
-1879891,0,0
3457801,0,0
-4044439,0,0
408790,0,0
1030884,0,0
-3994562,0,0
2492339,0,0
-880205,0,0
-2639268,0,0
3756443,0,0
-2740431,0,0
307569,0,0
2510896,0,0
-3981915,0,0
3098542,0,0
-475032,0,0
-1657496,0,0
3401981,0,0
-3310560,0,0
1344702,0,0
659681,0,0
-3672780,0,0
3587981,0,0
-3010490,0,0
-925160,0,0
2285606,0,0
-4312573,0,0
1879815,0,0
-59532,0,0
-3146795,0,0
3787422,0,0
-2115893,0,0
-54055,0,0
2723825,0,0
-3828051,0,0
2611893,0,0
475517,0,0
-3127524,0,0
3779464,0,0
-2153894,0,0
-1257653,0,0
3097159,0,0
-4320055,0,0
928614,0,0
595738,0,0
-3804252,0,0
2872796,0,0
-1531249,0,0
-1894664,0,0
3537367,0,0
-3641550,0,0
1440252,0,0
1465840,0,0
-3415014,0,0
3648033,0,0
-1860684,0,0
-272385,0,0
2789189,0,0
-4050187,0,0
2789494,0,0
-867170,0,0
-2363557,0,0
3517835,0,0
-4081938,0,0
415419,0,0
884912,0,0
-3858384,0,0
2995382,0,0
-1590059,0,0
-1744430,0,0
3643822,0,0
-3320709,0,0
1261042,0,0
1901677,0,0
-3881157,0,0
3471657,0,0
-823385,0,0
-1792092,0,0
3600954,0,0
-3185762,0,0
-10606,0,0
2170041,0,0
-4376002,0,0
1878170,0,0
-275385,0,0
-3422682,0,0
3382441,0,0
-2635391,0,0
-955659,0,0
2909387,0,0
-4246804,0,0
2747998,0,0
131922,0,0
-2082833,0,0
3304541,0,0
-3097096,0,0
1296658,0,0
1575041,0,0
-3700199,0,0
3692530,0,0
-2073403,0,0
-1083558,0,0
2792533,0,0
-4404797,0,0
1454935,0,0
-311872,0,0
-3264502,0,0
3576769,0,0
-2861450,0,0
-593262,0,0
3263652,0,0
-4011498,0,0
2426631,0,0
891582,0,0
-3366822,0,0
3653897,0,0
-1594380,0,0
-1039173,0,0
3323542,0,0
-3811681,0,0
1319133,0,0
856407,0,0
-3965376,0,0
3048016,0,0
-1981170,0,0
-2150105,0,0
3406568,0,0
-4055060,0,0
820066,0,0
1170969,0,0
-3344334,0,0
3762135,0,0
-2106008,0,0
277696,0,0
2392552,0,0
-3980523,0,0
3167714,0,0
-369707,0,0
-2048554,0,0
3699102,0,0
-3337326,0,0
421678,0,0
1448208,0,0
-4225532,0,0
2549266,0,0
-1561259,0,0
-2455185,0,0
3658977,0,0
-3681450,0,0
462032,0,0
2623020,0,0
-4178000,0,0
3226196,0,0
-165920,0,0
-2277190,0,0
3414180,0,0
-2663413,0,0
461237,0,0
2327841,0,0
-4193825,0,0
3078357,0,0
-1091891,0,0
-2388676,0,0
3383093,0,0
-4183789,0,0
457640,0,0
905777,0,0
-3794314,0,0
3257277,0,0
-1904449,0,0
-292675,0,0
2820517,0,0
-4109455,0,0
3142998,0,0
-316356,0,0
-1869157,0,0
3331006,0,0
-3051245,0,0
918529,0,0
2212860,0,0
-4364172,0,0
2789016,0,0
-1059043,0,0
-2952896,0,0
3606166,0,0
-3760439,0,0
-345587,0,0
2381383,0,0
-4378083,0,0
2221542,0,0
754858,0,0
-3109339,0,0
3731161,0,0
-1812713,0,0
-621915,0,0
2690028,0,0
-3729031,0,0
2342702,0,0
563036,0,0
-2902785,0,0
3738484,0,0
-3192824,0,0
-222036,0,0
1495118,0,0
-4127317,0,0
2358613,0,0
-1137422,0,0
-2376599,0,0
3614772,0,0
-3725158,0,0
1203007,0,0
1768596,0,0
-3805586,0,0
3664361,0,0
-1220293,0,0
-1080829,0,0
3033591,0,0
-3539104,0,0
1861750,0,0
1316949,0,0
-4102906,0,0
3319606,0,0
-1812268,0,0
-2145387,0,0
3370368,0,0
-4200872,0,0
302922,0,0
1681139,0,0
-4228454,0,0
2789388,0,0
-132611,0,0
-2172529,0,0
3578758,0,0
-2699429,0,0
587911,0,0
2094132,0,0
-3869798,0,0
3327842,0,0
-735807,0,0
-1681280,0,0
3340291,0,0
-4094560,0,0
1214976,0,0
-12781,0,0
-3493353,0,0
3411916,0,0
-2923602,0,0
-839607,0,0
2792009,0,0
-4387337,0,0
2384770,0,0
598759,0,0
-2771565,0,0
3667582,0,0
-2192678,0,0
5718,0,0
2554405,0,0
-3997258,0,0
2721092,0,0
186752,0,0
-3447222,0,0
3727525,0,0
-2747552,0,0
-1242617,0,0
2776510,0,0
-4400700,0,0
1153548,0,0
823294,0,0
-3839840,0,0
3428031,0,0
-1447639,0,0
-1036310,0,0
3229175,0,0
-3581746,0,0
2021705,0,0
879665,0,0
-2976427,0,0
3638489,0,0
-2369395,0,0
20643,0,0
2039485,0,0
-4319408,0,0
2712013,0,0
-1560871,0,0
-2386254,0,0
3407926,0,0
-4123623,0,0
667988,0,0
1236133,0,0
-4054868,0,0
3283172,0,0
-716002,0,0
-1553788,0,0
3364809,0,0
-3029376,0,0
1059924,0,0
1921414,0,0
-3988929,0,0
3324741,0,0
-644343,0,0
-2692245,0,0
3730347,0,0
-3430659,0,0
-509041,0,0
2062791,0,0
-4285059,0,0
1863033,0,0
-167263,0,0
-3080867,0,0
3744611,0,0
-2782535,0,0
400895,0,0
2397715,0,0
-3957408,0,0
3396779,0,0
-968869,0,0
-1431920,0,0
3229031,0,0
-3608063,0,0
1836153,0,0
468648,0,0
-3589554,0,0
3635905,0,0
-2861192,0,0
-1022215,0,0
2227070,0,0
-4286306,0,0
1973590,0,0
-152015,0,0
-3205570,0,0
3765268,0,0
-1953337,0,0
-257116,0,0
2845718,0,0
-3805910,0,0
2442143,0,0
875228,0,0
-3561510,0,0
3702768,0,0
-1724274,0,0
-1505381,0,0
3348124,0,0
-4151099,0,0
536824,0,0
1215341,0,0
-4111134,0,0
2575206,0,0
-1212312,0,0
-2267585,0,0
3620671,0,0
-3659499,0,0
1579707,0,0
1427826,0,0
-3216161,0,0
3645240,0,0
-2108044,0,0
-81217,0,0
2684325,0,0
-4070249,0,0
2890626,0,0
-633523,0,0
-2318071,0,0
3599098,0,0
-3864663,0,0
151625,0,0
1085139,0,0
-4030251,0,0
2743360,0,0
-1282036,0,0
-1942324,0,0
3705967,0,0
-3160263,0,0
1147374,0,0
1971947,0,0
-3950968,0,0
3373190,0,0
-715198,0,0
-1990382,0,0
3558174,0,0
-3155693,0,0
679959,0,0
1634079,0,0
-4238251,0,0
2769682,0,0
-1603038,0,0
-2481566,0,0
3489853,0,0
-3980299,0,0
563735,0,0
1483972,0,0
-3581988,0,0
3692081,0,0
-1784787,0,0
-55943,0,0
2546212,0,0
-3901170,0,0
2979244,0,0
-300517,0,0
-2143963,0,0
3723426,0,0
-3047420,0,0
-16020,0,0
1929581,0,0
-4355397,0,0
2054410,0,0
-974944,0,0
-3030187,0,0
3584047,0,0
-2963210,0,0
-547206,0,0
3263241,0,0
-4036748,0,0
2305782,0,0
982938,0,0
-3377823,0,0
3629563,0,0
-1965175,0,0
-459396,0,0
3004781,0,0
-4065399,0,0
2455150,0,0
-301757,0,0
-3103946,0,0
3658038,0,0
-3727224,0,0
-184424,0,0
1641607,0,0
-4151067,0,0
2707488,0,0
-1002072,0,0
-1332951,0,0
3385288,0,0
-3654652,0,0
1920450,0,0
1136213,0,0
-3250452,0,0
3684442,0,0
-2038221,0,0
-333057,0,0
3139637,0,0
-4120471,0,0
1448061,0,0
365419,0,0
-3850788,0,0
3131596,0,0
-2358097,0,0
-1854743,0,0
3469289,0,0
-4032355,0,0
859653,0,0
2228682,0,0
-4121465,0,0
3405679,0,0
-448001,0,0
-2025229,0,0
3234703,0,0
-2868147,0,0
949083,0,0
1941865,0,0
-4031078,0,0
3447123,0,0
-1893358,0,0
-1509344,0,0
2820738,0,0
-4383916,0,0
1392779,0,0
-35661,0,0
-3441352,0,0
3566991,0,0
-2683917,0,0
-158492,0,0
2871790,0,0
-4125379,0,0
2886309,0,0
100879,0,0
-2353070,0,0
3475743,0,0
-2698262,0,0
523059,0,0
2536038,0,0
-4382206,0,0
2351643,0,0
-425934,0,0
-3404810,0,0
3560063,0,0
-3176931,0,0
-1024224,0,0
2919564,0,0
-4368054,0,0
1666412,0,0
1173237,0,0
-3517244,0,0
3719370,0,0
-1556703,0,0
-664368,0,0
2655703,0,0
-3695132,0,0
2639537,0,0
190700,0,0
-2614337,0,0
3682839,0,0
-3467693,0,0
332481,0,0
979995,0,0
-3992286,0,0
2828568,0,0
-1914101,0,0
-1862061,0,0
3421629,0,0
-4051006,0,0
1243069,0,0
1840460,0,0
-3835050,0,0
3636344,0,0
-1039599,0,0
-1300518,0,0
3121457,0,0
-3214376,0,0
1274880,0,0
1800745,0,0
-4292447,0,0
3005814,0,0
-1256254,0,0
-2737265,0,0
3635099,0,0
-3827934,0,0
-198989,0,0
2200224,0,0
-4324466,0,0
2427088,0,0
-99343,0,0
-2370564,0,0
3638026,0,0
-2860023,0,0
931659,0,0
1763701,0,0
-3744289,0,0
3596753,0,0
-1317701,0,0
-1074161,0,0
2941449,0,0
-4347488,0,0
1876031,0,0
-349462,0,0
-3350236,0,0
3512872,0,0
-3362269,0,0
-434526,0,0
2311472,0,0
-4364837,0,0
2486762,0,0
399861,0,0
-2596997,0,0
3670754,0,0
-2233254,0,0
86565,0,0
2453766,0,0
-3861234,0,0
2446356,0,0
417374,0,0
-3598624,0,0
3671266,0,0
-2463575,0,0
-1550919,0,0
3059659,0,0
-4337274,0,0
852841,0,0
991061,0,0
-3827297,0,0
3385921,0,0
-1984428,0,0
-199279,0,0
2789820,0,0
-3974755,0,0
3058613,0,0
-423736,0,0
-2019660,0,0
3405453,0,0
-3069390,0,0
1064835,0,0
1424486,0,0
-4004657,0,0
3346398,0,0
-2057143,0,0
-1748104,0,0
2941467,0,0
-4361365,0,0
1273952,0,0
505049,0,0
-3598768,0,0
3628220,0,0
-1309188,0,0
-823955,0,0
3073832,0,0
-3437337,0,0
1665846,0,0
1336600,0,0
-3779150,0,0
3534048,0,0
-1129561,0,0
-1675432,0,0
3456775,0,0
-4016600,0,0
661572,0,0
876218,0,0
-3937879,0,0
2684526,0,0
-1678684,0,0
-1913318,0,0
3457784,0,0
-3999224,0,0
2170844,0,0
670900,0,0
-2461837,0,0
3528401,0,0
-2547009,0,0
466348,0,0
2268549,0,0
-4053283,0,0
3253871,0,0
-708669,0,0
-2346272,0,0
3573821,0,0
-3903625,0,0
121564,0,0
1134363,0,0
-4041996,0,0
2459511,0,0
-923965,0,0
-2406038,0,0
3777038,0,0
-2728938,0,0
507501,0,0
2435433,0,0
-4010073,0,0
2920154,0,0
-289584,0,0
-2309471,0,0
3638665,0,0
-2889083,0,0
662897,0,0
1698391,0,0
-4264481,0,0
2830348,0,0
-1793708,0,0
-2193293,0,0
3383243,0,0
-4200284,0,0
1072085,0,0
1009121,0,0
-3273339,0,0
3772907,0,0
-2152895,0,0
35148,0,0
2586888,0,0
-3995395,0,0
3070471,0,0
-220052,0,0
-2347069,0,0
3734089,0,0
-2857718,0,0
-490379,0,0
2523942,0,0
-4445082,0,0
1562101,0,0
-209915,0,0
-3603754,0,0
3131711,0,0
-1911268,0,0
-1544482,0,0
3623275,0,0
-3465095,0,0
1400792,0,0
1813653,0,0
-3909757,0,0
3436094,0,0
-978765,0,0
-1406365,0,0
3252588,0,0
-3620871,0,0
1737685,0,0
393322,0,0
-3590212,0,0
3627736,0,0
-3168179,0,0
-828705,0,0
2375155,0,0
-4321500,0,0
2118397,0,0
-116337,0,0
-2428532,0,0
3687432,0,0
-2803888,0,0
716447,0,0
2126408,0,0
-3922311,0,0
3341397,0,0
-738995,0,0
-1763407,0,0
3599740,0,0
-3201818,0,0
161119,0,0
1948017,0,0
-4367956,0,0
2131067,0,0
-840894,0,0
-3157040,0,0
3493501,0,0
-2691142,0,0
-584649,0,0
3239429,0,0
-4003552,0,0
2210794,0,0
1215991,0,0
-3525686,0,0
3500252,0,0
-1649641,0,0
-674764,0,0
2992105,0,0
-3935070,0,0
2427319,0,0
-280159,0,0
-2949566,0,0
3603527,0,0
-3882494,0,0
67819,0,0
1541251,0,0
-4149952,0,0
2675760,0,0
-1078312,0,0
-1767515,0,0
3570335,0,0
-3320703,0,0
1330404,0,0
1686472,0,0
-3740746,0,0
3614940,0,0
-1259040,0,0
-1267806,0,0
3443488,0,0
-3629783,0,0
598427,0,0
1313600,0,0
-4198940,0,0
2571313,0,0
-1377876,0,0
-2733564,0,0
3662611,0,0
-3295605,0,0
48313,0,0
2704342,0,0
-4244225,0,0
2921346,0,0
236983,0,0
-2499064,0,0
3362590,0,0
-2522041,0,0
570414,0,0
2234818,0,0
-4128242,0,0
3286044,0,0
-1634841,0,0
-1628293,0,0
2920421,0,0
-4398784,0,0
1269142,0,0
148572,0,0
-3639317,0,0
3438252,0,0
-2288488,0,0
-888541,0,0
3319668,0,0
-3851757,0,0
2100243,0,0
1176489,0,0
-3356386,0,0
3650882,0,0
-1637795,0,0
-958453,0,0
3291654,0,0
-3857395,0,0
1067028,0,0
911905,0,0
-4048366,0,0
2923998,0,0
-1879084,0,0
-2218823,0,0
3605782,0,0
-3800989,0,0
494612,0,0
2014798,0,0
-4064010,0,0
3441386,0,0
-836461,0,0
-1281132,0,0
2859618,0,0
-3300339,0,0
1966612,0,0
809249,0,0
-3155873,0,0
3760174,0,0
-3072771,0,0
42339,0,0
1523068,0,0
-4191780,0,0
2557244,0,0
-1579962,0,0
-2248585,0,0
3572614,0,0
-3825136,0,0
793937,0,0
2274234,0,0
-4075846,0,0
3454859,0,0
-446999,0,0
-1976956,0,0
3322665,0,0
-2578829,0,0
233398,0,0
2580648,0,0
-4349554,0,0
2272115,0,0
-187466,0,0
-3566502,0,0
3471924,0,0
-2739503,0,0
-1373933,0,0
3041680,0,0
-4334043,0,0
1555163,0,0
563767,0,0
-2887329,0,0
3743568,0,0
-2443704,0,0
522970,0,0
2063917,0,0
-3899536,0,0
3357114,0,0
-1099211,0,0
-1192890,0,0
3241313,0,0
-4206178,0,0
1603974,0,0
41260,0,0
-3568346,0,0
3453321,0,0
-3083752,0,0
-840414,0,0
2715552,0,0
-4389770,0,0
2127893,0,0
962284,0,0
-3089575,0,0
3738603,0,0
-1853501,0,0
-521551,0,0
2741738,0,0
-3604067,0,0
1905942,0,0
983912,0,0
-3714564,0,0
3574902,0,0
-2103511,0,0
-1505448,0,0
2950250,0,0
-4360462,0,0
1008462,0,0
450115,0,0
-3688035,0,0
3502069,0,0
-2244749,0,0
53468,0,0
2637145,0,0
-3958246,0,0
3426670,0,0
-916660,0,0
-1323349,0,0
3229814,0,0
-3468856,0,0
1609398,0,0
1284216,0,0
-3989481,0,0
3399371,0,0
-2086759,0,0
-2039628,0,0
3202750,0,0
-4305463,0,0
702039,0,0
1228358,0,0
-4089182,0,0
3119430,0,0
-406384,0,0
-1827120,0,0
3477713,0,0
-2806702,0,0
601695,0,0
1903718,0,0
-3909920,0,0
3076756,0,0
-505864,0,0
-1943478,0,0
3557033,0,0
-3830594,0,0
533493,0,0
878648,0,0
-3922379,0,0
2824322,0,0
-1982943,0,0
-1590659,0,0
3362667,0,0
-4095459,0,0
2318693,0,0
667222,0,0
-2673469,0,0
3563260,0,0
-2486446,0,0
537824,0,0
2228815,0,0
-4058222,0,0
3154583,0,0
-338908,0,0
-2819678,0,0
3719911,0,0
-3533248,0,0
-451433,0,0
1812893,0,0
-4223018,0,0
1897736,0,0
-42609,0,0
-3289511,0,0
3747282,0,0
-1772376,0,0
-517618,0,0
2969517,0,0
-3602996,0,0
1876115,0,0
889755,0,0
-3296726,0,0
3735323,0,0
-2017207,0,0
-338258,0,0
2365831,0,0
-4384518,0,0
2451297,0,0
-1297804,0,0
-2642557,0,0
3567450,0,0
-3932877,0,0
361041,0,0
1603970,0,0
-3972484,0,0
3536687,0,0
-1149079,0,0
-1092019,0,0
3140033,0,0
-3539652,0,0
2041426,0,0
1068757,0,0
-3500013,0,0
3730518,0,0
-1755828,0,0
-1572304,0,0
3272231,0,0
-4237758,0,0
701586,0,0
721137,0,0
-3897743,0,0
2718090,0,0
-1340774,0,0
-2151126,0,0
3659342,0,0
-3302571,0,0
1092624,0,0
1948683,0,0
-3846379,0,0
3440523,0,0
-1322132,0,0
-906286,0,0
3160331,0,0
-3897866,0,0
2151024,0,0
-357496,0,0
-2967522,0,0
3616613,0,0
-3922506,0,0
23007,0,0
1454918,0,0
-4101942,0,0
2644404,0,0
-1118085,0,0
-2013655,0,0
3659259,0,0
-3173034,0,0
1086051,0,0
2066667,0,0
-3963414,0,0
3317965,0,0
-468716,0,0
-2240430,0,0
3694048,0,0
-2887291,0,0
-259928,0,0
2284709,0,0
-4395896,0,0
1879108,0,0
-470327,0,0
-3323859,0,0
3450542,0,0
-2639045,0,0
-734689,0,0
2875292,0,0
-4222338,0,0
2762976,0,0
154391,0,0
-2192383,0,0
3291232,0,0
-2954958,0,0
1205565,0,0
1724259,0,0
-3870484,0,0
3597318,0,0
-2162978,0,0
-1001343,0,0
2638642,0,0
-4407290,0,0
1587502,0,0
-426496,0,0
-3233019,0,0
3612469,0,0
-2916065,0,0
-475948,0,0
3153032,0,0
-4085965,0,0
2637499,0,0
626292,0,0
-3008723,0,0
3624186,0,0
-1837693,0,0
-736957,0,0
3174365,0,0
-3982085,0,0
1478955,0,0
638303,0,0
-3932600,0,0
3092259,0,0
-1993256,0,0
-2191464,0,0
3525699,0,0
-3928357,0,0
679697,0,0
1277420,0,0
-3487782,0,0
3731914,0,0
-1783944,0,0
-115526,0,0
2496731,0,0
-3886930,0,0
2803112,0,0
-105925,0,0
-2203819,0,0
3675327,0,0
-3465115,0,0
580910,0,0
1253861,0,0
-4127539,0,0
2761855,0,0
-1911816,0,0
-2031199,0,0
3549693,0,0
-3958029,0,0
957058,0,0
2161650,0,0
-3982788,0,0
3532783,0,0
-757471,0,0
-1651562,0,0
3178857,0,0
-3065437,0,0
1063870,0,0
1985992,0,0
-4127340,0,0
3192127,0,0
-1185043,0,0
-2308760,0,0
3428497,0,0
-4119967,0,0
332364,0,0
1029151,0,0
-3941328,0,0
3137186,0,0
-1697944,0,0
-451345,0,0
2936790,0,0
-4016641,0,0
3092148,0,0
-259492,0,0
-2017541,0,0
3387342,0,0
-3027258,0,0
1064667,0,0
2127695,0,0
-4327823,0,0
2930561,0,0
-1236414,0,0
-2801000,0,0
3613616,0,0
-3872125,0,0
-189892,0,0
2292841,0,0
-4356483,0,0
2544421,0,0
516139,0,0
-2747380,0,0
3688798,0,0
-2135278,0,0
-145049,0,0
2443053,0,0
-3876409,0,0
2697025,0,0
117904,0,0
-2547266,0,0
3697430,0,0
-3422807,0,0
53044,0,0
1243215,0,0
-4070164,0,0
2602856,0,0
-1630412,0,0
-1893783,0,0
3448202,0,0
-4019120,0,0
1869310,0,0
1046340,0,0
-3206815,0,0
3717190,0,0
-1975210,0,0
-75148,0,0
2544664,0,0
-4035000,0,0
2772958,0,0
363652,0,0
-3481338,0,0
3715832,0,0
-2728272,0,0
-1318349,0,0
2758076,0,0
-4398541,0,0
1068161,0,0
852887,0,0
-3864422,0,0
3420081,0,0
-913464,0,0
-1444902,0,0
3336004,0,0
-3087004,0,0
1065946,0,0
1583803,0,0
-3664793,0,0
3582537,0,0
-1418550,0,0
-969458,0,0
2970371,0,0
-4337898,0,0
1794548,0,0
-680445,0,0
-3079729,0,0
3579249,0,0
-3456270,0,0
-321956,0,0
2293806,0,0
-4324084,0,0
2982993,0,0
-230673,0,0
-1981423,0,0
3453949,0,0
-2958722,0,0
1078451,0,0
1923575,0,0
-4056289,0,0
3321621,0,0
-658482,0,0
-2655909,0,0
3701379,0,0
-3562547,0,0
-376975,0,0
1866809,0,0
-4272934,0,0
1970219,0,0
-240755,0,0
-3144458,0,0
3758143,0,0
-2327687,0,0
-189559,0,0
2819978,0,0
-3915130,0,0
2721223,0,0
72175,0,0
-2287911,0,0
3554702,0,0
-3028586,0,0
891143,0,0
1250897,0,0
-4009817,0,0
3319274,0,0
-2552602,0,0
-1376034,0,0
2638993,0,0
-4360133,0,0
1599131,0,0
78483,0,0
-3278929,0,0
3769098,0,0
-1926073,0,0
-299022,0,0
2816134,0,0
-3792024,0,0
2491152,0,0
688319,0,0
-3342023,0,0
3772045,0,0
-1955125,0,0
-1356001,0,0
3194704,0,0
-4281313,0,0
749003,0,0
733014,0,0
-3879665,0,0
2816210,0,0
-1482175,0,0
-2098587,0,0
3557994,0,0
-3699279,0,0
1529317,0,0
1410099,0,0
-3333724,0,0
3605509,0,0
-2180195,0,0
129949,0,0
2484824,0,0
-4112119,0,0
3128834,0,0
-1113499,0,0
-2004023,0,0
3425156,0,0
-4148096,0,0
563495,0,0
627469,0,0
-3804274,0,0
3114308,0,0
-1877048,0,0
-1401521,0,0
3576947,0,0
-3505927,0,0
1616943,0,0
1568196,0,0
-3820481,0,0
3551411,0,0
-1003879,0,0
-1665215,0,0
3542609,0,0
-3415349,0,0
533151,0,0
1650909,0,0
-4280355,0,0
2273082,0,0
-811318,0,0
-3141677,0,0
3524747,0,0
-3058715,0,0
-577075,0,0
2551318,0,0
-4179451,0,0
3196927,0,0
-563205,0,0
-1303081,0,0
3060233,0,0
-3424954,0,0
1788509,0,0
1044988,0,0
-3369551,0,0
3774456,0,0
-2390861,0,0
-659887,0,0
2485980,0,0
-4405468,0,0
1694162,0,0
-554519,0,0
-3216789,0,0
3544810,0,0
-2825441,0,0
-600247,0,0
3263554,0,0
-4006502,0,0
2358797,0,0
857238,0,0
-3247017,0,0
3641883,0,0
-1926821,0,0
-540878,0,0
3022741,0,0
-4095933,0,0
2222803,0,0
23557,0,0
-3425046,0,0
3636605,0,0
-3271546,0,0
-1009307,0,0
2544331,0,0
-4314376,0,0
2024284,0,0
-169245,0,0
-1991183,0,0
3563232,0,0
-3317132,0,0
1742860,0,0
1164332,0,0
-3249872,0,0
3696175,0,0
-2056862,0,0
-311821,0,0
3153353,0,0
-4169532,0,0
1578950,0,0
175480,0,0
-3717706,0,0
3313510,0,0
-2742311,0,0
-1625771,0,0
3371074,0,0
-4140351,0,0
1172714,0,0
1944994,0,0
-3977164,0,0
3549122,0,0
-719624,0,0
-1721870,0,0
3207381,0,0
-3151431,0,0
1296582,0,0
1570859,0,0
-3751750,0,0
3645542,0,0
-2358735,0,0
-1183328,0,0
2390963,0,0
-4310648,0,0
1688290,0,0
-271258,0,0
-3097345,0,0
3706155,0,0
-3063495,0,0
387815,0,0
2394011,0,0
-4135016,0,0
3332657,0,0
-536706,0,0
-1674387,0,0
3303133,0,0
-3242101,0,0
1212452,0,0
1900266,0,0
-4325951,0,0
2888134,0,0
-1200914,0,0
-2827357,0,0
3636539,0,0
-3764953,0,0
-457284,0,0
2459988,0,0
-4368628,0,0
2277540,0,0
703243,0,0
-3050117,0,0
3734984,0,0
-1884458,0,0
-461943,0,0
2675364,0,0
-3805819,0,0
2601146,0,0
183595,0,0
-2531501,0,0
3636245,0,0
-3655051,0,0
326475,0,0
903607,0,0
-3936483,0,0
2787860,0,0
-1851743,0,0
-1918590,0,0
3465333,0,0
-4031453,0,0
1350557,0,0
1432005,0,0
-3578931,0,0
3717412,0,0
-1581383,0,0
-664834,0,0
3042110,0,0
-3609711,0,0
1903337,0,0
1082017,0,0
-3994651,0,0
3444752,0,0
-2115552,0,0
-1851444,0,0
3205746,0,0
-4306653,0,0
645359,0,0
1383715,0,0
-4085695,0,0
3053150,0,0
-934124,0,0
-1478534,0,0
3389271,0,0
-3366230,0,0
1626118,0,0
1211730,0,0
-3324249,0,0
3700602,0,0
-2038838,0,0
-363181,0,0
2319305,0,0
-4360846,0,0
2495681,0,0
-1246254,0,0
-2654574,0,0
3499481,0,0
-3976580,0,0
394543,0,0
1603908,0,0
-4158284,0,0
3129635,0,0
-425449,0,0
-1761601,0,0
3431896,0,0
-2930415,0,0
922869,0,0
2101157,0,0
-4073977,0,0
3167945,0,0
-413355,0,0
-2940675,0,0
3733055,0,0
-3322948,0,0
-729602,0,0
2272767,0,0
-4312105,0,0
1682247,0,0
67383,0,0
-3416665,0,0
3661398,0,0
-2482001,0,0
131478,0,0
2605022,0,0
-4017344,0,0
3226548,0,0
-737991,0,0
-1544729,0,0
3287231,0,0
-3605838,0,0
1882100,0,0
379861,0,0
-3378272,0,0
3717239,0,0
-3150714,0,0
-799057,0,0
2103008,0,0
-4217206,0,0
2108711,0,0
-420672,0,0
-3050119,0,0
3784969,0,0
-2109680,0,0
-153198,0,0
2805904,0,0
-3916736,0,0
2544010,0,0
747073,0,0
-3291475,0,0
3762699,0,0
-2095881,0,0
-983543,0,0
3098406,0,0
-4317528,0,0
1144579,0,0
454868,0,0
-3817849,0,0
2916148,0,0
-1871864,0,0
-1625711,0,0
3358411,0,0
-4070520,0,0
2341852,0,0
558397,0,0
-2327653,0,0
3441348,0,0
-2737444,0,0
793398,0,0
2046641,0,0
-4015914,0,0
3425084,0,0
-1143630,0,0
-1861837,0,0
3371200,0,0
-4162832,0,0
598255,0,0
642542,0,0
-3831288,0,0
2930341,0,0
-1566049,0,0
-1854194,0,0
3687294,0,0
-3212462,0,0
1084807,0,0
2050908,0,0
-4008840,0,0
3333179,0,0
-668468,0,0
-1932112,0,0
3562643,0,0
-3288842,0,0
906621,0,0
1503106,0,0
-4189139,0,0
2939632,0,0
-1912037,0,0
-2199582,0,0
3330393,0,0
-4198233,0,0
1065542,0,0
894991,0,0
-2990973,0,0
3765202,0,0
-2358006,0,0
402131,0,0
2303638,0,0
-3917272,0,0
3295061,0,0
-696812,0,0
-1750905,0,0
3642440,0,0
-3280037,0,0
283879,0,0
1594333,0,0
-4264458,0,0
2391073,0,0
-1311901,0,0
-2872404,0,0
3604188,0,0
-3157377,0,0
-198034,0,0
3064331,0,0
-4175749,0,0
2589818,0,0
687188,0,0
-3077507,0,0
3561268,0,0
-2278558,0,0
79142,0,0
2637463,0,0
-4192302,0,0
2896481,0,0
-1057092,0,0
-2357053,0,0
3378513,0,0
-4188229,0,0
601797,0,0
888948,0,0
-3910693,0,0
3125328,0,0
-1741887,0,0
-929901,0,0
3260061,0,0
-3865045,0,0
2197442,0,0
775013,0,0
-2871667,0,0
3651477,0,0
-2316007,0,0
-33673,0,0
2908663,0,0
-4282664,0,0
1842476,0,0
12779,0,0
-3658747,0,0
3383145,0,0
-2766194,0,0
-1440920,0,0
3279000,0,0
-4216274,0,0
1290511,0,0
1572901,0,0
-3781748,0,0
3659196,0,0
-1058321,0,0
-1257966,0,0
2930532,0,0
-3320856,0,0
1854530,0,0
1024913,0,0
-3367552,0,0
3765110,0,0
-2871147,0,0
-376170,0,0
1598540,0,0
-4170815,0,0
2443130,0,0
-1396823,0,0
-2461210,0,0
3650413,0,0
-3685816,0,0
711877,0,0
2206475,0,0
-4030478,0,0
3465315,0,0
-695163,0,0
-1564906,0,0
3237839,0,0
-3126127,0,0
1163813,0,0
1893594,0,0
-4343541,0,0
2840659,0,0
-956123,0,0
-2999775,0,0
3652666,0,0
-3604956,0,0
-461922,0,0
2353053,0,0
-4344377,0,0
2396286,0,0
-120175,0,0
-2309284,0,0
3638900,0,0
-2820750,0,0
916526,0,0
1757980,0,0
-3759179,0,0
3531661,0,0
-1387726,0,0
-1060539,0,0
2949871,0,0
-4332702,0,0
2043085,0,0
-503586,0,0
-3280355,0,0
3560104,0,0
-3420440,0,0
-440433,0,0
2362802,0,0
-4369005,0,0
2413042,0,0
510218,0,0
-2721093,0,0
3694715,0,0
-2148518,0,0
-91091,0,0
2596135,0,0
-3867308,0,0
2454396,0,0
575689,0,0
-3717534,0,0
3617425,0,0
-2398596,0,0
-1590895,0,0
3139231,0,0
-4319572,0,0
790974,0,0
1058124,0,0
-3944886,0,0
3253370,0,0
-1600092,0,0
-719443,0,0
3085001,0,0
-3874879,0,0
2681131,0,0
157899,0,0
-2491595,0,0
3519377,0,0
-2895124,0,0
868663,0,0
1577713,0,0
-4102688,0,0
3199375,0,0
-1902412,0,0
-1996819,0,0
3190478,0,0
-4297855,0,0
1072080,0,0
728954,0,0
-3790281,0,0
3491124,0,0
-967679,0,0
-1181553,0,0
3227336,0,0
-3255334,0,0
1331850,0,0
1720479,0,0
-3912746,0,0
3288178,0,0
-684915,0,0
-2245553,0,0
3645505,0,0
-3694022,0,0
91228,0,0
1467992,0,0
-4119897,0,0
2241689,0,0
-1010303,0,0
-2448876,0,0
3622810,0,0
-3699693,0,0
1821097,0,0
1060436,0,0
-2884952,0,0
3598287,0,0
-2250782,0,0
68095,0,0
2563478,0,0
-4042409,0,0
2787794,0,0
-82696,0,0
-2862900,0,0
3710330,0,0
-3544083,0,0
-375112,0,0
1602326,0,0
-4140196,0,0
2227326,0,0
-653300,0,0
-2715545,0,0
3797515,0,0
-2419281,0,0
237698,0,0
2560631,0,0
-3986034,0,0
2749802,0,0
55484,0,0
-2547551,0,0
3653836,0,0
-2749751,0,0
430376,0,0
1618058,0,0
-4204931,0,0
2923937,0,0
-1952573,0,0
-2138474,0,0
3404660,0,0
-4164950,0,0
1015628,0,0
909264,0,0
-3275117,0,0
3780273,0,0
-2097116,0,0
-73147,0,0
2653323,0,0
-3937487,0,0
2896386,0,0
-89478,0,0
-2324419,0,0
3729238,0,0
-2711819,0,0
-416191,0,0
2273082,0,0
-4399745,0,0
1877244,0,0
-641267,0,0
-3259942,0,0
3391930,0,0
-2503410,0,0
-946978,0,0
3432230,0,0
-3804489,0,0
1812897,0,0
1514329,0,0
-3729674,0,0
3507212,0,0
-1529463,0,0
-767594,0,0
3093876,0,0
-3957879,0,0
2297249,0,0
-282104,0,0
-3114584,0,0
3645756,0,0
-3738314,0,0
-144353,0,0
1715651,0,0
-4168729,0,0
2501398,0,0
-885043,0,0
-1957175,0,0
3591040,0,0
-3296745,0,0
1208149,0,0
1839246,0,0
-3836726,0,0
3592955,0,0
-1140645,0,0
-1415498,0,0
3493690,0,0
-3641025,0,0
437095,0,0
1483392,0,0
-4232771,0,0
2394940,0,0
-1191465,0,0
-2856006,0,0
3598160,0,0
-3149392,0,0
-306781,0,0
2941935,0,0
-4206887,0,0
2685359,0,0
585646,0,0
-2934493,0,0
3520902,0,0
-2214504,0,0
144183,0,0
2562889,0,0
-4162318,0,0
3045416,0,0
-1157230,0,0
-2136191,0,0
3199906,0,0
-4301624,0,0
954361,0,0
387006,0,0
-3693645,0,0
3230178,0,0
-1978007,0,0
-1148536,0,0
3379446,0,0
-3792447,0,0
2045773,0,0
1127117,0,0
-3389867,0,0
3697105,0,0
-1801126,0,0
-627078,0,0
3159151,0,0
-4088008,0,0
1305986,0,0
612030,0,0
-3920840,0,0
3082702,0,0
-2006727,0,0
-2253177,0,0
3585394,0,0
-3853647,0,0
525049,0,0
1893208,0,0
-4004867,0,0
3486895,0,0
-977141,0,0
-1084441,0,0
2909184,0,0
-3425205,0,0
2058235,0,0
709358,0,0
-3146095,0,0
3759616,0,0
-3099268,0,0
-100753,0,0
1675804,0,0
-4214280,0,0
2289817,0,0
-1252125,0,0
-2556012,0,0
3668296,0,0
-3605819,0,0
423315,0,0
2564674,0,0
-4140264,0,0
3258308,0,0
-260310,0,0
-2116905,0,0
3425632,0,0
-2564458,0,0
244012,0,0
2670720,0,0
-4325863,0,0
2099562,0,0
-89684,0,0
-3590279,0,0
3435708,0,0
-2671538,0,0
-1452175,0,0
3197968,0,0
-4256540,0,0
1425823,0,0
724598,0,0
-3183768,0,0
3767636,0,0
-2031046,0,0
30528,0,0
2331933,0,0
-3854408,0,0
3081073,0,0
-699974,0,0
-1634754,0,0
3428700,0,0
-4015158,0,0
1318644,0,0
401769,0,0
-3768511,0,0
3191195,0,0
-2570619,0,0
-1192576,0,0
2931229,0,0
-4352511,0,0
1880590,0,0
1147092,0,0
-3240969,0,0
3747664,0,0
-1632743,0,0
-714226,0,0
2749288,0,0
-3495799,0,0
1699157,0,0
1269347,0,0
-3888962,0,0
3456205,0,0
-1872962,0,0
-1902215,0,0
3244178,0,0
-4238283,0,0
603804,0,0
1027672,0,0
-3935480,0,0
3191235,0,0
-1743114,0,0
-459027,0,0
2972073,0,0
-3947489,0,0
3024769,0,0
-285973,0,0
-1995469,0,0
3448937,0,0
-3079694,0,0
1041743,0,0
1807341,0,0
-4211345,0,0
3050670,0,0
-1447395,0,0
-2575966,0,0
3479688,0,0
-4099763,0,0
340548,0,0
1561594,0,0
-4150494,0,0
2991200,0,0
-214795,0,0
-2005222,0,0
3547561,0,0
-2772140,0,0
558317,0,0
2075869,0,0
-4001646,0,0
3168908,0,0
-489923,0,0
-2030341,0,0
3554005,0,0
-3858270,0,0
519452,0,0
817103,0,0
-3879040,0,0
2792907,0,0
-1922631,0,0
-1571441,0,0
3293187,0,0
-4158510,0,0
2454104,0,0
369279,0,0
-2405425,0,0
3540259,0,0
-2594911,0,0
701528,0,0
1974772,0,0
-3996933,0,0
3396303,0,0
-792927,0,0
-2475327,0,0
3641549,0,0
-3762921,0,0
-111743,0,0
1484803,0,0
-4133545,0,0
2083171,0,0
-310511,0,0
-3062919,0,0
3769050,0,0
-2080152,0,0
-229769,0,0
2848771,0,0
-3754651,0,0
2306465,0,0
489104,0,0
-2935607,0,0
3730661,0,0
-2411471,0,0
130298,0,0
1945793,0,0
-4311160,0,0
2674997,0,0
-1592184,0,0
-2375876,0,0
3519527,0,0
-4017390,0,0
591275,0,0
1375497,0,0
-3895180,0,0
3586433,0,0
-1294710,0,0
-932184,0,0
3102177,0,0
-3626992,0,0
2107110,0,0
854642,0,0
-3250312,0,0
3790108,0,0
-1984931,0,0
-1279689,0,0
3029591,0,0
-4363412,0,0
1003653,0,0
543722,0,0
-3864009,0,0
2757739,0,0
-1267291,0,0
-2206666,0,0
3723463,0,0
-3000896,0,0
696828,0,0
2327813,0,0
-3975756,0,0
3097005,0,0
-508861,0,0
-1777476,0,0
3449231,0,0
-3304049,0,0
1275955,0,0
757637,0,0
-3853003,0,0
3451442,0,0
-2773099,0,0
-1156036,0,0
2580213,0,0
-4345034,0,0
1694948,0,0
218112,0,0
-3183831,0,0
3796630,0,0
-2173704,0,0
-20292,0,0
2693791,0,0
-3887231,0,0
2743976,0,0
166861,0,0
-2683967,0,0
3750446,0,0
-2581817,0,0
-660693,0,0
2578655,0,0
-4417313,0,0
1562323,0,0
-158386,0,0
-3484400,0,0
3232493,0,0
-2157061,0,0
-1334899,0,0
3266047,0,0
-4019640,0,0
2113455,0,0
1003899,0,0
-3121080,0,0
3502032,0,0
-2171595,0,0
90133,0,0
2508576,0,0
-4131255,0,0
3085956,0,0
-1221923,0,0
-2003378,0,0
3283461,0,0
-4285396,0,0
818668,0,0
509915,0,0
-3704322,0,0
3218456,0,0
-1971107,0,0
-1340057,0,0
3509713,0,0
-3592712,0,0
1630423,0,0
1694666,0,0
-3806841,0,0
3540248,0,0
-1107983,0,0
-1406736,0,0
3510277,0,0
-3456601,0,0
562267,0,0
1628870,0,0
-4279907,0,0
2365602,0,0
-991382,0,0
-2929063,0,0
3621784,0,0
-3258918,0,0
-155498,0,0
2431836,0,0
-4164616,0,0
3243923,0,0
-541201,0,0
-1428320,0,0
2987475,0,0
-3268877,0,0
1759489,0,0
1003058,0,0
-3368880,0,0
3772362,0,0
-2674759,0,0
-421876,0,0
2144100,0,0
-4329642,0,0
2089269,0,0
-1024168,0,0
-2762399,0,0
3695284,0,0
-3448841,0,0
172409,0,0
2809895,0,0
-4179478,0,0
3071522,0,0
141997,0,0
-2563246,0,0
3489984,0,0
-2284453,0,0
-141656,0,0
2888817,0,0
-4187740,0,0
2145611,0,0
33079,0,0
-3517025,0,0
3511332,0,0
-2864526,0,0
-1207824,0,0
2754211,0,0
-4360471,0,0
1892826,0,0
111312,0,0
-2297644,0,0
3655826,0,0
-2884708,0,0
1230832,0,0
1620246,0,0
-3669353,0,0
3577394,0,0
-1417113,0,0
-1012481,0,0
3344753,0,0
-4070292,0,0
1480420,0,0
308852,0,0
-3782074,0,0
3226693,0,0
-2612638,0,0
-1494500,0,0
3262598,0,0
-4238013,0,0
1449901,0,0
1664961,0,0
-3727958,0,0
3682916,0,0
-1202383,0,0
-1285806,0,0
3070295,0,0
-3471921,0,0
1854762,0,0
1095082,0,0
-3474178,0,0
3731329,0,0
-2481794,0,0
-1008860,0,0
2362648,0,0
-4344083,0,0
1651686,0,0
-346409,0,0
-3060487,0,0
3727104,0,0
-3052221,0,0
835718,0,0
2024857,0,0
-3880397,0,0
3638045,0,0
-1350683,0,0
-764000,0,0
2991224,0,0
-3666152,0,0
1975244,0,0
1135495,0,0
-3973439,0,0
3470126,0,0
-2104449,0,0
-1958420,0,0
3161285,0,0
-4323886,0,0
608513,0,0
1369728,0,0
-4127482,0,0
3050457,0,0
-433688,0,0
-1948601,0,0
3530726,0,0
-2616291,0,0
380075,0,0
1970497,0,0
-3853482,0,0
3114286,0,0
-650612,0,0
-1675778,0,0
3397323,0,0
-4007702,0,0
1067556,0,0
185636,0,0
-3587923,0,0
3321359,0,0
-2640420,0,0
-1068108,0,0
2946392,0,0
-4347617,0,0
2496471,0,0
454553,0,0
-2651416,0,0
3632678,0,0
-2318927,0,0
290870,0,0
2292450,0,0
-4052958,0,0
2986009,0,0
-296,0,0
-3285903,0,0
3751924,0,0
-3046412,0,0
-927537,0,0
2450549,0,0
-4369270,0,0
1472464,0,0
473451,0,0
-3653612,0,0
3591774,0,0
-1379013,0,0
-956485,0,0
3153988,0,0
-3336537,0,0
1592313,0,0
1202752,0,0
-3486661,0,0
3656194,0,0
-1708614,0,0
-588922,0,0
2716652,0,0
-4403586,0,0
2071154,0,0
-867737,0,0
-2923394,0,0
3592360,0,0
-3669205,0,0
-13582,0,0
1989832,0,0
-4250787,0,0
3111213,0,0
-366206,0,0
-1850062,0,0
3411393,0,0
-2878645,0,0
919729,0,0
1920897,0,0
-4017036,0,0
3367072,0,0
-705984,0,0
-2570053,0,0
3698970,0,0
-3549409,0,0
-400835,0,0
1894694,0,0
-4257302,0,0
1942517,0,0
-82369,0,0
-3190183,0,0
3737196,0,0
-2548675,0,0
163897,0,0
2581636,0,0
-3982275,0,0
3099114,0,0
-579829,0,0
-1633982,0,0
3372542,0,0
-3308951,0,0
1389855,0,0
729449,0,0
-3694227,0,0
3598951,0,0
-2965015,0,0
-959924,0,0
2275861,0,0
-4311209,0,0
1987916,0,0
-202011,0,0
-3097790,0,0
3788425,0,0
-2141607,0,0
-29953,0,0
2684298,0,0
-3805140,0,0
2538106,0,0
592947,0,0
-3304328,0,0
3761964,0,0
-2062375,0,0
-1113387,0,0
3157420,0,0
-4290927,0,0
806773,0,0
812102,0,0
-3959233,0,0
2787622,0,0
-1479343,0,0
-2010605,0,0
3526100,0,0
-3775452,0,0
1698641,0,0
1329910,0,0
-3286232,0,0
3564419,0,0
-2139776,0,0
-43760,0,0
2568696,0,0
-4103256,0,0
3011567,0,0
-1074495,0,0
-1978223,0,0
3389310,0,0
-4180039,0,0
642102,0,0
549391,0,0
-3766512,0,0
3100991,0,0
-1932222,0,0
-1471563,0,0
3605201,0,0
-3448713,0,0
1444001,0,0
1732024,0,0
-3875404,0,0
3501699,0,0
-943241,0,0
-1654359,0,0
3529413,0,0
-3291915,0,0
542144,0,0
1633269,0,0
-4236197,0,0
2587422,0,0
-1264144,0,0
-2776809,0,0
3560333,0,0
-3697596,0,0
216194,0,0
1818626,0,0
-3778590,0,0
3628815,0,0
-1427905,0,0
-408792,0,0
2659556,0,0
-3838060,0,0
2696264,0,0
221110,0,0
-2694392,0,0
3776315,0,0
-2889666,0,0
-185195,0,0
1935518,0,0
-4319135,0,0
2088194,0,0
-982824,0,0
-2989824,0,0
3620738,0,0
-3135253,0,0
-197188,0,0
3029255,0,0
-4142719,0,0
2782433,0,0
336306,0,0
-2756746,0,0
3524715,0,0
-2246437,0,0
-132300,0,0
2702374,0,0
-4176801,0,0
2738716,0,0
-542417,0,0
-2866904,0,0
3631212,0,0
-3853102,0,0
-70677,0,0
1524057,0,0
-4118994,0,0
2803019,0,0
-1087184,0,0
-1140237,0,0
3306864,0,0
-3759784,0,0
2204654,0,0
915099,0,0
-3066899,0,0
3656119,0,0
-2231579,0,0
-159462,0,0
3047874,0,0
-4230458,0,0
1713404,0,0
115175,0,0
-3714708,0,0
3306590,0,0
-2730230,0,0
-1610540,0,0
3375331,0,0
-4132524,0,0
1048969,0,0
2058309,0,0
-4038964,0,0
3494595,0,0
-624901,0,0
-1860273,0,0
3272965,0,0
-3044779,0,0
1130074,0,0
1833906,0,0
-3934199,0,0
3539305,0,0
-2042427,0,0
-1444614,0,0
2663726,0,0
-4359871,0,0
1499900,0,0
-10760,0,0
-3402263,0,0
3601968,0,0
-2727119,0,0
109768,0,0
2625013,0,0
-4165307,0,0
3182457,0,0
-337887,0,0
-1799820,0,0
3340476,0,0
-3127335,0,0
1076681,0,0
1969549,0,0
-4340566,0,0
2872670,0,0
-1233964,0,0
-2784196,0,0
3605941,0,0
-3861384,0,0
-287384,0,0
2269632,0,0
-4351001,0,0
2335766,0,0
307533,0,0
-2616288,0,0
3662469,0,0
-2399222,0,0
105827,0,0
2342320,0,0
-3951819,0,0
3137776,0,0
-164438,0,0
-2188566,0,0
3558689,0,0
-3779409,0,0
653083,0,0
578914,0,0
-3812814,0,0
3003377,0,0
-2074025,0,0
-1726631,0,0
3343683,0,0
-4145713,0,0
1496128,0,0
1449198,0,0
-3559693,0,0
3715882,0,0
-1578630,0,0
-604756,0,0
2905236,0,0
-3718643,0,0
2123050,0,0
862515,0,0
-3912908,0,0
3491817,0,0
-2172341,0,0
-1845297,0,0
3199223,0,0
-4302672,0,0
729392,0,0
1217461,0,0
-4001691,0,0
3204463,0,0
-1228264,0,0
-1209675,0,0
3300004,0,0
-3561053,0,0
1943521,0,0
897363,0,0
-3074174,0,0
3719448,0,0
-2247893,0,0
-84500,0,0
2066059,0,0
-4277737,0,0
2854689,0,0
-1604135,0,0
-2369451,0,0
3375620,0,0
-4164222,0,0
726666,0,0
1129517,0,0
-3984605,0,0
3351247,0,0
-864326,0,0
-1442446,0,0
3381413,0,0
-3027525,0,0
1047123,0,0
1928889,0,0
-3999715,0,0
3237201,0,0
-569373,0,0
-2749496,0,0
3727575,0,0
-3411660,0,0
-625564,0,0
2277066,0,0
-4309300,0,0
1764002,0,0
-82870,0,0
-3309186,0,0
3697572,0,0
-2727751,0,0
355160,0,0
2451221,0,0
-3933106,0,0
3449230,0,0
-981566,0,0
-1423202,0,0
3203397,0,0
-3616959,0,0
1903211,0,0
385012,0,0
-3406329,0,0
3710066,0,0
-3031660,0,0
-894514,0,0
2142501,0,0
-4259741,0,0
2015008,0,0
-328516,0,0
-3036960,0,0
3788113,0,0
-2105542,0,0
-121950,0,0
2778583,0,0
-3794438,0,0
2364023,0,0
602167,0,0
-3233897,0,0
3770371,0,0
-1996782,0,0
-978158,0,0
3078066,0,0
-4325674,0,0
1246217,0,0
398424,0,0
-3773957,0,0
2914626,0,0
-1970022,0,0
-1574931,0,0
3253960,0,0
-4163033,0,0
2455185,0,0
375890,0,0
-2189796,0,0
3460503,0,0
-2865350,0,0
993982,0,0
1911017,0,0
-3969782,0,0
3516215,0,0
-1259852,0,0
-1884698,0,0
3374346,0,0
-4155391,0,0
566235,0,0
713360,0,0
-3895227,0,0
2809352,0,0
-1413973,0,0
-1935441,0,0
3706980,0,0
-3116272,0,0
1029738,0,0
2113019,0,0
-3988342,0,0
3271493,0,0
-690163,0,0
-2006575,0,0
3573025,0,0
-3114833,0,0
824065,0,0
1309604,0,0
-4091963,0,0
3103843,0,0
-2132686,0,0
-2075594,0,0
3317241,0,0
-4201455,0,0
1119829,0,0
829718,0,0
-3076252,0,0
3775376,0,0
-2284674,0,0
323416,0,0
2306991,0,0
-3933380,0,0
3310221,0,0
-759068,0,0
-1621438,0,0
3632489,0,0
-3195866,0,0
188788,0,0
1741369,0,0
-4310345,0,0
2220482,0,0
-1045375,0,0
-2973946,0,0
3601944,0,0
-3009036,0,0
-420979,0,0
3205771,0,0
-4069725,0,0
2392755,0,0
947493,0,0
-3292809,0,0
3605745,0,0
-2011168,0,0
-219510,0,0
2831354,0,0
-4089703,0,0
2756807,0,0
-664358,0,0
-2678692,0,0
3529434,0,0
-4024971,0,0
343867,0,0
1162134,0,0
-4002076,0,0
3000598,0,0
-1533454,0,0
-1196681,0,0
3376798,0,0
-3697769,0,0
1966745,0,0
1103030,0,0
-3305963,0,0
3660535,0,0
-1941985,0,0
-535666,0,0
3166275,0,0
-4062275,0,0
1338082,0,0
594243,0,0
-3926937,0,0
3080626,0,0
-2204014,0,0
-1943637,0,0
3460684,0,0
-4055685,0,0
812843,0,0
2147283,0,0
-4122147,0,0
3404697,0,0
-419246,0,0
-1970553,0,0
3195525,0,0
-2962653,0,0
1355676,0,0
1590209,0,0
-3771045,0,0
3677390,0,0
-2336291,0,0
-949658,0,0
2204262,0,0
-4318993,0,0
1974284,0,0
-677890,0,0
-3097203,0,0
3677223,0,0
-3119249,0,0
45289,0,0
2761444,0,0
-4170706,0,0
3019958,0,0
103273,0,0
-2413310,0,0
3468519,0,0
-2598058,0,0
288542,0,0
2620453,0,0
-4373384,0,0
2164861,0,0
-182828,0,0
-3539392,0,0
3467179,0,0
-2910816,0,0
-1284939,0,0
3186882,0,0
-4272228,0,0
1446013,0,0
1266682,0,0
-3607476,0,0
3725941,0,0
-1476129,0,0
-685004,0,0
2652224,0,0
-3598251,0,0
2487447,0,0
409014,0,0
-2824172,0,0
3702318,0,0
-3277623,0,0
7886,0,0
1346512,0,0
-4106276,0,0
2605810,0,0
-1644566,0,0
-2092576,0,0
3524771,0,0
-3928673,0,0
931194,0,0
2129281,0,0
-3996110,0,0
3528668,0,0
-726411,0,0
-1630239,0,0
3252620,0,0
-2964627,0,0
990176,0,0
2011476,0,0
-4354000,0,0
2809486,0,0
-910715,0,0
-3018177,0,0
3681480,0,0
-3564966,0,0
-555076,0,0
2509972,0,0
-4364168,0,0
2161844,0,0
-79277,0,0
-2332343,0,0
3639363,0,0
-2934905,0,0
1153826,0,0
1623126,0,0
-3727611,0,0
3577750,0,0
-1643391,0,0
-695684,0,0
2764416,0,0
-4378030,0,0
2258018,0,0
-673715,0,0
-3102323,0,0
3599848,0,0
-3681734,0,0
-82598,0,0
2017522,0,0
-4268510,0,0
2824824,0,0
100212,0,0
-2175391,0,0
3549634,0,0
-2541054,0,0
282884,0,0
2367764,0,0
-3880413,0,0
2632634,0,0
197769,0,0
-3217366,0,0
3759334,0,0
-2895648,0,0
-845219,0,0
2446897,0,0
-4359014,0,0
1404887,0,0
186614,0,0
-3494970,0,0
3597117,0,0
-2532919,0,0
264010,0,0
2510730,0,0
-3915971,0,0
3489754,0,0
-965094,0,0
-1453718,0,0
3220761,0,0
-3399599,0,0
1563619,0,0
1032742,0,0
-3844736,0,0
3486552,0,0
-2259603,0,0
-1680914,0,0
2866378,0,0
-4366196,0,0
1271638,0,0
591879,0,0
-3673972,0,0
3581167,0,0
-1243407,0,0
-962770,0,0
3175804,0,0
-3426934,0,0
1655173,0,0
1254514,0,0
-3701357,0,0
3632768,0,0
-1479972,0,0
-1087905,0,0
3151702,0,0
-4282713,0,0
1277221,0,0
112077,0,0
-3626168,0,0
3105704,0,0
-2519769,0,0
-1018498,0,0
2913245,0,0
-4244846,0,0
2972530,0,0
-296099,0,0
-1619114,0,0
3273661,0,0
-3277160,0,0
1639561,0,0
1276453,0,0
-3625051,0,0
3719554,0,0
-1579101,0,0
-1599309,0,0
3302868,0,0
-4211256,0,0
581132,0,0
737606,0,0
-3923780,0,0
2632466,0,0
-1107757,0,0
-2266546,0,0
3760592,0,0
-2817085,0,0
521808,0,0
2442832,0,0
-4004156,0,0
2967167,0,0
-225912,0,0
-2417346,0,0
3645947,0,0
-2837067,0,0
588100,0,0
1543675,0,0
-4183329,0,0
3018081,0,0
-2094435,0,0
-1878975,0,0
3248704,0,0
-4277059,0,0
1208063,0,0
662502,0,0
-3261380,0,0
3775386,0,0
-2086974,0,0
-181831,0,0
2752022,0,0
-3894962,0,0
2899455,0,0
34532,0,0
-2631861,0,0
3756173,0,0
-2620469,0,0
-659140,0,0
2674862,0,0
-4427538,0,0
1523241,0,0
-173256,0,0
-3559470,0,0
3139225,0,0
-1912202,0,0
-1694499,0,0
3639403,0,0
-3384655,0,0
1250760,0,0
1992060,0,0
-3981777,0,0
3298280,0,0
-769279,0,0
-1537432,0,0
3360949,0,0
-3494182,0,0
1627848,0,0
453924,0,0
-3616641,0,0
3577794,0,0
-3165013,0,0
-750768,0,0
2214146,0,0
-4297635,0,0
2076478,0,0
-388194,0,0
-2455409,0,0
3728943,0,0
-2822126,0,0
693721,0,0
2230124,0,0
-3965110,0,0
3283701,0,0
-656057,0,0
-1899846,0,0
3633775,0,0
-3180157,0,0
-26866,0,0
2002251,0,0
-4351630,0,0
2085910,0,0
-742737,0,0
-3154757,0,0
3510697,0,0
-2831295,0,0
-594620,0,0
3077795,0,0
-4127199,0,0
2393873,0,0
883069,0,0
-3198636,0,0
3553321,0,0
-2045520,0,0
38034,0,0
2568761,0,0
-4140113,0,0
3029032,0,0
-1155139,0,0
-2132426,0,0
3279885,0,0
-4272508,0,0
750596,0,0
676003,0,0
-3796526,0,0
3190349,0,0
-1976307,0,0
-1276658,0,0
3467044,0,0
-3641122,0,0
1812164,0,0
1402190,0,0
-3611083,0,0
3631368,0,0
-1346732,0,0
-1301276,0,0
3438032,0,0
-3635338,0,0
689555,0,0
1464929,0,0
-4228916,0,0
2531257,0,0
-1303027,0,0
-2676263,0,0
3654119,0,0
-3514161,0,0
82849,0,0
2334355,0,0
-4188352,0,0
3227596,0,0
-406693,0,0
-1666110,0,0
3037500,0,0
-3133887,0,0
1569959,0,0
1247905,0,0
-3599846,0,0
3726375,0,0
-2662211,0,0
-451629,0,0
2042105,0,0
-4306810,0,0
2054250,0,0
-1032540,0,0
-2713372,0,0
3660543,0,0
-3530069,0,0
182923,0,0
2813395,0,0
-4150154,0,0
3101257,0,0
-3619,0,0
-2535343,0,0
3497792,0,0
-2354003,0,0
-14485,0,0
2919961,0,0
-4198176,0,0
1827343,0,0
251053,0,0
-3745457,0,0
3343036,0,0
-2422909,0,0
-1733781,0,0
3337914,0,0
-4152740,0,0
1102913,0,0
912252,0,0
-3219363,0,0
3775851,0,0
-1991639,0,0
75968,0,0
2267177,0,0
-3953251,0,0
3195551,0,0
-600647,0,0
-1758194,0,0
3485704,0,0
-3943910,0,0
1106358,0,0
673942,0,0
-3922538,0,0
3000334,0,0
-2330488,0,0
-1463521,0,0
3203288,0,0
-4261579,0,0
1467908,0,0
1637073,0,0
-3695721,0,0
3691999,0,0
-1141959,0,0
-1293052,0,0
3038408,0,0
-3240365,0,0
1343210,0,0
1637571,0,0
-4007088,0,0
3339250,0,0
-1491724,0,0
-2248104,0,0
3393804,0,0
-4148427,0,0
446787,0,0
1047564,0,0
-3910313,0,0
3225572,0,0
-1746312,0,0
-412168,0,0
2918603,0,0
-3969948,0,0
3157338,0,0
-323610,0,0
-2040167,0,0
3388438,0,0
-3019419,0,0
993963,0,0
2012509,0,0
-4252983,0,0
3048161,0,0
-1517479,0,0
-2504002,0,0
3444903,0,0
-4135883,0,0
337885,0,0
1631170,0,0
-4192658,0,0
2944962,0,0
-90229,0,0
-2167647,0,0
3581079,0,0
-2662334,0,0
482015,0,0
2125948,0,0
-3993438,0,0
3209789,0,0
-525372,0,0
-1991704,0,0
3532062,0,0
-3851963,0,0
581227,0,0
716695,0,0
-3874647,0,0
2855446,0,0
-2038214,0,0
-1479420,0,0
3244754,0,0
-4194449,0,0
2397735,0,0
542712,0,0
-2749965,0,0
3650618,0,0
-2387880,0,0
475382,0,0
2255347,0,0
-4044240,0,0
3293479,0,0
-521290,0,0
-2794906,0,0
3712924,0,0
-3508049,0,0
-431960,0,0
1883934,0,0
-4255383,0,0
1816848,0,0
6039,0,0
-3414772,0,0
3684451,0,0
-1638981,0,0
-584002,0,0
2971747,0,0
-3511350,0,0
1841335,0,0
736656,0,0
-3169649,0,0
3749011,0,0
-2067467,0,0
-274979,0,0
2353104,0,0
-4398033,0,0
2303925,0,0
-1226290,0,0
-2613185,0,0
3571700,0,0
-3875619,0,0
262997,0,0
1694037,0,0
-4086142,0,0
3408818,0,0
-916820,0,0
-1310167,0,0
3253644,0,0
-3373087,0,0
1805814,0,0
1194171,0,0
-3575820,0,0
3729631,0,0
-1638973,0,0
-1626286,0,0
3295467,0,0
-4209820,0,0
627337,0,0
918034,0,0
-3967886,0,0
2611156,0,0
-1067710,0,0
-2295206,0,0
3675704,0,0
-3257264,0,0
920968,0,0
2081690,0,0
-3871000,0,0
3447984,0,0
-1135880,0,0
-1118385,0,0
3238362,0,0
-3663248,0,0
1822706,0,0
249281,0,0
-3389233,0,0
3693358,0,0
-3435789,0,0
-511943,0,0
1794039,0,0
-4186756,0,0
2379531,0,0
-789869,0,0
-2498389,0,0
3753294,0,0
-2807438,0,0
621059,0,0
2374721,0,0
-4035235,0,0
3146943,0,0
39707,0,0
-2710587,0,0
3740175,0,0
-2620967,0,0
-668094,0,0
2738402,0,0
-4413795,0,0
1425857,0,0
77793,0,0
-3646926,0,0
3110951,0,0
-2025421,0,0
-1427430,0,0
3291356,0,0
-4025535,0,0
2058608,0,0
932207,0,0
-2982746,0,0
3521182,0,0
-2295799,0,0
285909,0,0
2277507,0,0
-4086382,0,0
3267994,0,0
-1456554,0,0
-1644095,0,0
3200887,0,0
-4313959,0,0
890376,0,0
373037,0,0
-3648159,0,0
3332060,0,0
-2325535,0,0
-1092276,0,0
3456794,0,0
-3783933,0,0
1884326,0,0
1500761,0,0
-3659082,0,0
3607990,0,0
-1188056,0,0
-1654390,0,0
3525695,0,0
-3303950,0,0
465139,0,0
1836691,0,0
-4321678,0,0
2252692,0,0
-777387,0,0
-3102181,0,0
3605873,0,0
-3223202,0,0
-264802,0,0
2376409,0,0
-4115428,0,0
3322091,0,0
-680046,0,0
-1271175,0,0
3032591,0,0
-3532650,0,0
2038456,0,0
995426,0,0
-3379901,0,0
3767973,0,0
-2632333,0,0
-414838,0,0
2155607,0,0
-4345969,0,0
2058507,0,0
-935965,0,0
-2905810,0,0
3710257,0,0
-3249511,0,0
-5363,0,0
2928888,0,0
-4172387,0,0
2872349,0,0
437502,0,0
-2996087,0,0
3587240,0,0
-2190636,0,0
-206896,0,0
2958390,0,0
-4143944,0,0
2296217,0,0
-34292,0,0
-3436258,0,0
3611768,0,0
-2983480,0,0
-1138774,0,0
2568449,0,0
-4375671,0,0
1989473,0,0
-36764,0,0
-2098111,0,0
3604391,0,0
-3007777,0,0
1515734,0,0
1284582,0,0
-3532310,0,0
3624932,0,0
-1526540,0,0
-908804,0,0
3354644,0,0
-3997880,0,0
1504843,0,0
349412,0,0
-3813554,0,0
3258632,0,0
-2592464,0,0
-1590261,0,0
3326530,0,0
-4182507,0,0
1487178,0,0
1639964,0,0
-3745471,0,0
3683760,0,0
-1113452,0,0
-1333966,0,0
3031495,0,0
-3369677,0,0
1664005,0,0
1215250,0,0
-3580328,0,0
3716976,0,0
-2379029,0,0
-1014431,0,0
2297893,0,0
-4335702,0,0
1843357,0,0
-546653,0,0
-2943427,0,0
3729187,0,0
-3258591,0,0
938476,0,0
1841767,0,0
-3794727,0,0
3677680,0,0
-1273705,0,0
-1010315,0,0
3034024,0,0
-3601898,0,0
1828017,0,0
1296320,0,0
-4137347,0,0
3278508,0,0
-1843169,0,0
-2154732,0,0
3334838,0,0
-4250564,0,0
303163,0,0
1802004,0,0
-4253958,0,0
2793119,0,0
72066,0,0
-2464712,0,0
3644341,0,0
-2300007,0,0
-9090,0,0
2288689,0,0
-3735541,0,0
2759113,0,0
-289031,0,0
-2085962,0,0
3502157,0,0
-3881392,0,0
855145,0,0
465067,0,0
-3738682,0,0
3134732,0,0
-2301827,0,0
-1401078,0,0
3156054,0,0
-4268533,0,0
2138357,0,0
718953,0,0
-2920074,0,0
3692750,0,0
-2123542,0,0
3890,0,0
2519380,0,0
-4062430,0,0
2835680,0,0
278019,0,0
-3531985,0,0
3710445,0,0
-2850696,0,0
-1175169,0,0
2751754,0,0
-4385255,0,0
1141214,0,0
732990,0,0
-3849102,0,0
3374346,0,0
-1327788,0,0
-986025,0,0
3136431,0,0
-3642350,0,0
2071539,0,0
707990,0,0
-2946906,0,0
3722569,0,0
-2468983,0,0
69536,0,0
1843372,0,0
-4219327,0,0
2972140,0,0
-1928270,0,0
-2194227,0,0
3286483,0,0
-4197617,0,0
802407,0,0
1115530,0,0
-3981383,0,0
3374850,0,0
-760632,0,0
-1276820,0,0
3121526,0,0
-3235691,0,0
1481088,0,0
1562117,0,0
-3882202,0,0
3470211,0,0
-777380,0,0
-2422729,0,0
3658320,0,0
-3658182,0,0
-180078,0,0
1762507,0,0
-4215644,0,0
2156468,0,0
-520860,0,0
-2795211,0,0
3749674,0,0
-3110650,0,0
842212,0,0
2076617,0,0
-3811931,0,0
3510490,0,0
-1349269,0,0
-895712,0,0
2944280,0,0
-3888570,0,0
2408813,0,0
-167566,0,0
-2852075,0,0
3729766,0,0
-3542630,0,0
-312759,0,0
1567691,0,0
-4136327,0,0
2516957,0,0
-928721,0,0
-2315452,0,0
3759940,0,0
-2852003,0,0
718299,0,0
2317111,0,0
-4007920,0,0
3109212,0,0
-169026,0,0
-2480979,0,0
3684745,0,0
-2743407,0,0
-131815,0,0
2477545,0,0
-4410959,0,0
1953165,0,0
-442984,0,0
-3381543,0,0
3422872,0,0
-2879863,0,0
-650221,0,0
2737904,0,0
-4206517,0,0
3122310,0,0
-406853,0,0
-1343969,0,0
3040270,0,0
-3327683,0,0
1757168,0,0
1212091,0,0
-3508007,0,0
3756617,0,0
-1994455,0,0
-893050,0,0
2799871,0,0
-4422167,0,0
1427248,0,0
-176613,0,0
-3510253,0,0
3364085,0,0
-2369059,0,0
-885880,0,0
3386585,0,0
-3870288,0,0
2151351,0,0
1138142,0,0
-3583107,0,0
3594350,0,0
-1620823,0,0
-792423,0,0
3131833,0,0
-3823486,0,0
2103824,0,0
200957,0,0
-3464117,0,0
3664162,0,0
-3241704,0,0
-794551,0,0
2309426,0,0
-4330137,0,0
2361180,0,0
-491493,0,0
-1739536,0,0
3522232,0,0
-3333995,0,0
1599032,0,0
1386081,0,0
-3421805,0,0
3643680,0,0
-1802404,0,0
-601438,0,0
3215905,0,0
-4021103,0,0
1500939,0,0
491779,0,0
-3902317,0,0
3221734,0,0
-2391694,0,0
-1984888,0,0
3575764,0,0
-3865353,0,0
728759,0,0
2431151,0,0
-4181285,0,0
3324525,0,0
-173619,0,0
-2335303,0,0
3275054,0,0
-2690059,0,0
737126,0,0
2122504,0,0
-4059732,0,0
3382409,0,0
-1451875,0,0
-1933117,0,0
3164108,0,0
-4329616,0,0
995458,0,0
486500,0,0
-3723344,0,0
3413667,0,0
-2237372,0,0
-363807,0,0
2981451,0,0
-4074270,0,0
2719979,0,0
400446,0,0
-2707300,0,0
3466331,0,0
-2421878,0,0
58559,0,0
2815618,0,0
-4305391,0,0
2077863,0,0
-167648,0,0
-3529505,0,0
3517939,0,0
-2999152,0,0
-1323299,0,0
3182013,0,0
-4291505,0,0
1361782,0,0
1907384,0,0
-4089747,0,0
3448278,0,0
-346556,0,0
-2151474,0,0
3194556,0,0
-2937103,0,0
1122454,0,0
1706478,0,0
-3868950,0,0
3628288,0,0
-2162838,0,0
-1282885,0,0
2600663,0,0
-4391022,0,0
1521936,0,0
-62454,0,0
-3445459,0,0
3549150,0,0
-2521653,0,0
-176735,0,0
2784665,0,0
-4159810,0,0
2999045,0,0
-10748,0,0
-2225369,0,0
3467272,0,0
-2824992,0,0
695942,0,0
2494430,0,0
-4376346,0,0
2463090,0,0
-534600,0,0
-3340394,0,0
3628623,0,0
-3291730,0,0
-916081,0,0
2859447,0,0
-4388699,0,0
1941423,0,0
996166,0,0
-3370689,0,0
3751926,0,0
-1522188,0,0
-792448,0,0
2629775,0,0
-3426240,0,0
2167485,0,0
580217,0,0
-2992642,0,0
3741903,0,0
-3127453,0,0
-90604,0,0
1350531,0,0
-4111284,0,0
2648721,0,0
-1699570,0,0
-2187648,0,0
3556025,0,0
-3900390,0,0
1052448,0,0
1962255,0,0
-3891357,0,0
3603936,0,0
-968026,0,0
-1408284,0,0
3116337,0,0
-3247253,0,0
1264526,0,0
1651113,0,0
-4281302,0,0
3024390,0,0
-1211036,0,0
-2789851,0,0
3652130,0,0
-3796563,0,0
-396013,0,0
2364926,0,0
-4357245,0,0
2237691,0,0
347309,0,0
-2624664,0,0
3646721,0,0
-2561350,0,0
496597,0,0
1873211,0,0
-3776544,0,0
3476686,0,0
-1020703,0,0
-1344725,0,0
3176203,0,0
-4203673,0,0
1702475,0,0
-233214,0,0
-3428892,0,0
3491104,0,0
-3234772,0,0
-559402,0,0
2430765,0,0
-4366927,0,0
2517992,0,0
404167,0,0
-2530747,0,0
3617930,0,0
-2321762,0,0
88598,0,0
2524399,0,0
-3725903,0,0
2160244,0,0
997916,0,0
-4080080,0,0
3340336,0,0
-1643215,0,0
-2354434,0,0
3527853,0,0
-4035620,0,0
262704,0,0
1576311,0,0
-4172933,0,0
2886501,0,0
-1029209,0,0
-1291265,0,0
3336063,0,0
-3488623,0,0
1891393,0,0
937460,0,0
-3241851,0,0
3624524,0,0
-2221633,0,0
125879,0,0
2087913,0,0
-4242930,0,0
2991915,0,0
-1472387,0,0
-2353218,0,0
3318659,0,0
-4226791,0,0
929096,0,0
892735,0,0
-3829760,0,0
3479843,0,0
-943279,0,0
-1249232,0,0
3275240,0,0
-3254690,0,0
1411114,0,0
1646209,0,0
-3855672,0,0
3462702,0,0
-1076956,0,0
-1826955,0,0
3476271,0,0
-3996919,0,0
582816,0,0
952752,0,0
-3981712,0,0
2627925,0,0
-1570842,0,0
-1955683,0,0
3486709,0,0
-3960282,0,0
2185416,0,0
718501,0,0
-2469253,0,0
3417812,0,0
-2892387,0,0
1210387,0,0
1851721,0,0
-3964867,0,0
3476389,0,0
-1037187,0,0
-1988678,0,0
3484132,0,0
-4000928,0,0
225716,0,0
1073690,0,0
-4042443,0,0
2589934,0,0
-1016954,0,0
-2382155,0,0
3771630,0,0
-2676956,0,0
490172,0,0
2448677,0,0
-4002066,0,0
2954684,0,0
-215500,0,0
-2416213,0,0
3614091,0,0
-2935253,0,0
719001,0,0
1549435,0,0
-4215102,0,0
2957584,0,0
-1923203,0,0
-2126286,0,0
3343382,0,0
-4226811,0,0
1017762,0,0
895628,0,0
-3225443,0,0
3770554,0,0
-2171720,0,0
-4636,0,0
2591415,0,0
-3961007,0,0
3061023,0,0
-290205,0,0
-2151977,0,0
3690556,0,0
-2968325,0,0
-82616,0,0
2052877,0,0
-4387190,0,0
2025702,0,0
-766442,0,0
-3234791,0,0
3448626,0,0
-2582903,0,0
-653837,0,0
3181944,0,0
-4089367,0,0
2388957,0,0
1033728,0,0
-3440831,0,0
3578964,0,0
-1722084,0,0
-425560,0,0
2811010,0,0
-4074463,0,0
2742963,0,0
-755517,0,0
-2651123,0,0
3519491,0,0
-4018213,0,0
329071,0,0
1128508,0,0
-4031743,0,0
2946337,0,0
-1419556,0,0
-1444376,0,0
3460318,0,0
-3579380,0,0
1773558,0,0
1392039,0,0
-3474777,0,0
3637887,0,0
-1497154,0,0
-1142073,0,0
3356972,0,0
-3761872,0,0
891643,0,0
1179890,0,0
-4158275,0,0
2748944,0,0
-1627918,0,0
-2519259,0,0
3631837,0,0
-3656403,0,0
269142,0,0
2448944,0,0
-4242989,0,0
3130337,0,0
-214935,0,0
-2003468,0,0
3287163,0,0
-2875415,0,0
1199258,0,0
1623612,0,0
-3855084,0,0
3626141,0,0
-2228323,0,0
-1138168,0,0
2519019,0,0
-4392226,0,0
1724972,0,0
-596854,0,0
-3179229,0,0
3651463,0,0
-2875661,0,0
-294499,0,0
2998201,0,0
-4108468,0,0
2755839,0,0
461839,0,0
-2840603,0,0
3604225,0,0
-2098210,0,0
-365766,0,0
3016006,0,0
-4157963,0,0
1777015,0,0
331671,0,0
-3857241,0,0
3247471,0,0
-2161196,0,0
-2166219,0,0
3596157,0,0
-3842885,0,0
657996,0,0
1878915,0,0
-3933422,0,0
3545213,0,0
-1101149,0,0
-1026612,0,0
2764271,0,0
-3469401,0,0
2129461,0,0
630791,0,0
-3033117,0,0
3751523,0,0
-3089149,0,0
-124317,0,0
1632631,0,0
-4218362,0,0
2316443,0,0
-1307839,0,0
-2427288,0,0
3611582,0,0
-3754372,0,0
632230,0,0
2385794,0,0
-4112741,0,0
3379494,0,0
-422389,0,0
-1910628,0,0
3315867,0,0
-2626462,0,0
252209,0,0
2603143,0,0
-4334507,0,0
2255987,0,0
-192151,0,0
-3552679,0,0
3482073,0,0
-2767529,0,0
-1346127,0,0
3054969,0,0
-4321424,0,0
1416407,0,0
837527,0,0
-3148727,0,0
3754673,0,0
-2153738,0,0
158986,0,0
2196924,0,0
-3873504,0,0
3194350,0,0
-752172,0,0
-1635577,0,0
3413748,0,0
-4011197,0,0
1209645,0,0
525335,0,0
-3835779,0,0
3186398,0,0
-2503020,0,0
-1456174,0,0
3169348,0,0
-4266274,0,0
1530933,0,0
1664885,0,0
-3734562,0,0
3674573,0,0
-1113283,0,0
-1258070,0,0
3046468,0,0
-3006328,0,0
918701,0,0
2004913,0,0
-4296835,0,0
2843050,0,0
-761576,0,0
-3148833,0,0
3668130,0,0
-3284199,0,0
-789371,0,0
2546276,0,0
-4362389,0,0
2111684,0,0
-67500,0,0
-2190387,0,0
3614312,0,0
-2979832,0,0
1429318,0,0
1261102,0,0
-3556664,0,0
3654286,0,0
-1762396,0,0
-459058,0,0
2856924,0,0
-4364029,0,0
2277330,0,0
-422238,0,0
-3355195,0,0
3592778,0,0
-3450394,0,0
-485222,0,0
2626804,0,0
-4369085,0,0
2365064,0,0
585703,0,0
-2758561,0,0
3703168,0,0
-2116960,0,0
-240760,0,0
2673208,0,0
-3828181,0,0
2360959,0,0
596673,0,0
-3262853,0,0
3746514,0,0
-2746866,0,0
-885282,0,0
2342142,0,0
-4342781,0,0
1535979,0,0
-244703,0,0
-3271852,0,0
3664204,0,0
-2922453,0,0
732149,0,0
2064448,0,0
-3765613,0,0
3673381,0,0
-1448613,0,0
-716734,0,0
2934465,0,0
-3765716,0,0
2218524,0,0
748968,0,0
-3729752,0,0
3615353,0,0
-2575476,0,0
-1468707,0,0
2785579,0,0
-4382566,0,0
1067729,0,0
839211,0,0
-3852904,0,0
3439260,0,0
-923516,0,0
-1367010,0,0
3319748,0,0
-3149553,0,0
1083813,0,0
1619734,0,0
-3793158,0,0
3549664,0,0
-1215861,0,0
-1223234,0,0
3091743,0,0
-4293034,0,0
1599639,0,0
-354426,0,0
-3355589,0,0
3441877,0,0
-3028971,0,0
-564826,0,0
2476739,0,0
-4285302,0,0
3062538,0,0
-331583,0,0
-1871267,0,0
3435414,0,0
-3064104,0,0
1308288,0,0
1593852,0,0
-3786648,0,0
3635932,0,0
-1269970,0,0
-2022821,0,0
3510147,0,0
-3970590,0,0
181931,0,0
1247905,0,0
-4099285,0,0
2307136,0,0
-571953,0,0
-2778923,0,0
3785965,0,0
-2437170,0,0
194008,0,0
2605587,0,0
-3888667,0,0
2666041,0,0
98876,0,0
-2487152,0,0
3609091,0,0
-2745786,0,0
537844,0,0
1627943,0,0
-4224051,0,0
2972984,0,0
-1932658,0,0
-2086760,0,0
3363279,0,0
-4180548,0,0
805978,0,0
1267681,0,0
-3877333,0,0
3590257,0,0
-1323226,0,0
-878840,0,0
3066881,0,0
-3485355,0,0
1896235,0,0
948533,0,0
-3430253,0,0
3757052,0,0
-1760489,0,0
-1464752,0,0
3189839,0,0
-4288559,0,0
885789,0,0
616223,0,0
-3896318,0,0
2746486,0,0
-1309357,0,0
-2087254,0,0
3625730,0,0
-3353310,0,0
1041002,0,0
1962998,0,0
-3849523,0,0
3509927,0,0
-1161700,0,0
-962593,0,0
3117084,0,0
-3759409,0,0
2017651,0,0
-10853,0,0
-3203127,0,0
3675226,0,0
-3656667,0,0
-266442,0,0
1531368,0,0
-4112999,0,0
2521408,0,0
-974532,0,0
-2340027,0,0
3734194,0,0
-2906478,0,0
740018,0,0
2290913,0,0
-3976300,0,0
3203190,0,0
-409531,0,0
-2238682,0,0
3681818,0,0
-3006499,0,0
-232379,0,0
2108929,0,0
-4358735,0,0
1992088,0,0
-515440,0,0
-3325402,0,0
3506917,0,0
-2959228,0,0
-697892,0,0
2856928,0,0
-4215991,0,0
2867348,0,0
-112840,0,0
-1921545,0,0
3279628,0,0
-3093845,0,0
1317118,0,0
1481397,0,0
-3636622,0,0
3703992,0,0
-2460066,0,0
-769775,0,0
2446001,0,0
-4376136,0,0
1742976,0,0
-650862,0,0
-3057999,0,0
3629678,0,0
-3022633,0,0
-276297,0,0
3054792,0,0
-4128754,0,0
2750564,0,0
551661,0,0
-3002758,0,0
3558270,0,0
-2004384,0,0
-607116,0,0
3119586,0,0
-4084960,0,0
1758596,0,0
461093,0,0
-3780467,0,0
3309543,0,0
-2447625,0,0
-1651703,0,0
3103392,0,0
-4284087,0,0
1428783,0,0
542213,0,0
-2738651,0,0
3715831,0,0
-2491055,0,0
745907,0,0
1941716,0,0
-3864339,0,0
3464931,0,0
-951556,0,0
-1391593,0,0
3486498,0,0
-3905528,0,0
1221528,0,0
597607,0,0
-3932387,0,0
3086605,0,0
-2372298,0,0
-1705746,0,0
3346867,0,0
-4158170,0,0
1229905,0,0
1911956,0,0
-3928486,0,0
3572137,0,0
-819605,0,0
-1637229,0,0
3220874,0,0
-3027426,0,0
922123,0,0
1950336,0,0
-4062217,0,0
3321074,0,0
-1586906,0,0
-1941534,0,0
3184801,0,0
-4293296,0,0
659397,0,0
732456,0,0
-3721627,0,0
3387935,0,0
-2079908,0,0
-221618,0,0
2814333,0,0
-4080028,0,0
3154389,0,0
-310276,0,0
-1845346,0,0
3359694,0,0
-3131861,0,0
1159506,0,0
1873657,0,0
-4264141,0,0
3030623,0,0
-1441867,0,0
-2661251,0,0
3537060,0,0
-4011998,0,0
-73230,0,0
2191094,0,0
-4331759,0,0
2562047,0,0
419431,0,0
-2636621,0,0
3658747,0,0
-2282068,0,0
-55678,0,0
2483447,0,0
-3865458,0,0
2648442,0,0
40420,0,0
-2423020,0,0
3658847,0,0
-3535576,0,0
170569,0,0
1137324,0,0
-4017145,0,0
2681093,0,0
-1607916,0,0
-1985473,0,0
3524466,0,0
-3903033,0,0
1551699,0,0
1338137,0,0
-3445733,0,0
3735767,0,0
-1683294,0,0
-437513,0,0
2806665,0,0
-3939824,0,0
2518949,0,0
535892,0,0
-3699648,0,0
3643075,0,0
-2525855,0,0
-1568354,0,0
2896899,0,0
-4370173,0,0
904439,0,0
1087479,0,0
-4017663,0,0
3173129,0,0
-593513,0,0
-1839216,0,0
3488722,0,0
-2934578,0,0
791516,0,0
2104884,0,0
-3885057,0,0
3360737,0,0
-956646,0,0
-1489258,0,0
3259176,0,0
-4170456,0,0
1281451,0,0
-27063,0,0
-3547113,0,0
3309972,0,0
-2693866,0,0
-1055808,0,0
2945488,0,0
-4345785,0,0
2390522,0,0
510528,0,0
-2725426,0,0
3657322,0,0
-2370167,0,0
285779,0,0
2469449,0,0
-4051907,0,0
2971164,0,0
-144757,0,0
-3111887,0,0
3761713,0,0
-3224227,0,0
-737861,0,0
2208477,0,0
-4324100,0,0
1650429,0,0
233651,0,0
-3476142,0,0
3662396,0,0
-2057485,0,0
-377655,0,0
2906951,0,0
-3870479,0,0
2547421,0,0
177705,0,0
-2349984,0,0
3578897,0,0
-2889226,0,0
746981,0,0
1265916,0,0
-4046384,0,0
3257648,0,0
-2281076,0,0
-1698006,0,0
2939654,0,0
-4348307,0,0
1322702,0,0
492520,0,0
-3666905,0,0
3635411,0,0
-1503122,0,0
-660010,0,0
3040727,0,0
-3500139,0,0
1972909,0,0
1196144,0,0
-3841632,0,0
3493757,0,0
-1139306,0,0
-2218552,0,0
3590450,0,0
-3831958,0,0
114187,0,0
1549197,0,0
-4192768,0,0
2286589,0,0
-639742,0,0
-2751835,0,0
3742257,0,0
-3091026,0,0
693808,0,0
2220332,0,0
