-504966,0,0
-437956,0,0
54563,0,0
104050,0,0
-355309,0,0
-247316,0,0
49555,0,0
206655,0,0
512195,0,0
-646167,0,0
-1242676,0,0
-307329,0,0
237287,0,0
-89443,0,0
-95154,0,0
-647483,0,0
-835103,0,0
-675568,0,0
-19471,0,0
70136,0,0
-752992,0,0
-800423,0,0
-95905,0,0
-264349,0,0
-389511,0,0
-511287,0,0
-741698,0,0
-576782,0,0
-408682,0,0
-496667,0,0
-160906,0,0
-640443,0,0
-734801,0,0
-194110,0,0
333811,0,0
72353,0,0
-489192,0,0
-959956,0,0
-735984,0,0
153039,0,0
563860,0,0
494359,0,0
-579832,0,0
-611048,0,0
-130629,0,0
9754,0,0
101821,0,0
274480,0,0
230100,0,0
-93811,0,0
11166,0,0
12218,0,0
-61870,0,0
463122,0,0
220498,0,0
4466,0,0
188893,0,0
1720,0,0
-231280,0,0
233312,0,0
371084,0,0
364288,0,0
1404240,0,0
618987,0,0
-559669,0,0
-720837,0,0
10694,0,0
1291309,0,0
1677257,0,0
606743,0,0
-379703,0,0
-53847,0,0
479595,0,0
865370,0,0
321309,0,0
321597,0,0
496080,0,0
370165,0,0
133735,0,0
313202,0,0
388132,0,0
237313,0,0
170061,0,0
120231,0,0
707327,0,0
-250638,0,0
-579871,0,0
-167327,0,0
153516,0,0
162914,0,0
44436,0,0
-116697,0,0
103825,0,0
-245823,0,0
-833220,0,0
86814,0,0
397172,0,0
96827,0,0
-900911,0,0
-833676,0,0
78506,0,0
216854,0,0
-493586,0,0
-531063,0,0
-202221,0,0
-582191,0,0
-436178,0,0
427687,0,0
-332644,0,0
-562870,0,0
-118481,0,0
-445316,0,0
-571462,0,0
-344237,0,0
-435409,0,0
-347308,0,0
148393,0,0
265806,0,0
-275492,0,0
115841,0,0
-212681,0,0
-672417,0,0
-176207,0,0
-132989,0,0
26316,0,0
-52285,0,0
-263645,0,0
187582,0,0
19259,0,0
-334181,0,0
-425330,0,0
-11725,0,0
82178,0,0
-201399,0,0
-164390,0,0
57668,0,0
-248218,0,0
-285667,0,0
-136782,0,0
107032,0,0
335709,0,0
399282,0,0
-219432,0,0
-647004,0,0
-95074,0,0
268375,0,0
513345,0,0
723848,0,0
186118,0,0
370152,0,0
484669,0,0
547279,0,0
234945,0,0
412842,0,0
517176,0,0
601987,0,0
403455,0,0
392072,0,0
492797,0,0
556503,0,0
703773,0,0
1165906,0,0
821932,0,0
316900,0,0
178488,0,0
250970,0,0
47026,0,0
672529,0,0
690603,0,0
740523,0,0
1380059,0,0
757818,0,0
-101486,0,0
277736,0,0
643639,0,0
920917,0,0
197610,0,0
-50315,0,0
797109,0,0
1118149,0,0
151838,0,0
-454205,0,0
178426,0,0
246772,0,0
1236574,0,0
264601,0,0
-745579,0,0
-430325,0,0
-621868,0,0
-433673,0,0
124413,0,0
-81540,0,0
-146504,0,0
-202002,0,0
-1042877,0,0
-913595,0,0
-678781,0,0
17422,0,0
-213189,0,0
-859330,0,0
-1130545,0,0
-1090415,0,0
-684202,0,0
-774303,0,0
-296412,0,0
-256724,0,0
-393375,0,0
-721002,0,0
-1101653,0,0
-960999,0,0
-382069,0,0
31922,0,0
-273340,0,0
-697071,0,0
-1213051,0,0
-473097,0,0
-327262,0,0
13291,0,0
-399253,0,0
-1150602,0,0
-808612,0,0
-52092,0,0
165159,0,0
-209861,0,0
-383040,0,0
-715742,0,0
-790400,0,0
-124320,0,0
-480678,0,0
-491483,0,0
6524,0,0
-351673,0,0
-595571,0,0
-491136,0,0
-85803,0,0
520414,0,0
396793,0,0
-803406,0,0
-760796,0,0
-237456,0,0
209756,0,0
908664,0,0
499466,0,0
-574169,0,0
-143135,0,0
457599,0,0
483645,0,0
358169,0,0
-256524,0,0
98025,0,0
915169,0,0
1011196,0,0
249488,0,0
4326,0,0
619212,0,0
1026671,0,0
413784,0,0
332116,0,0
582434,0,0
-7857,0,0
-275955,0,0
448513,0,0
794153,0,0
975148,0,0
1393396,0,0
531185,0,0
-502515,0,0
155732,0,0
244237,0,0
1245724,0,0
1090302,0,0
404995,0,0
187939,0,0
335038,0,0
218484,0,0
549963,0,0
748690,0,0
719802,0,0
659995,0,0
253797,0,0
219148,0,0
436655,0,0
224878,0,0
125926,0,0
401805,0,0
284448,0,0
394138,0,0
-4001,0,0
-628003,0,0
120181,0,0
554285,0,0
151607,0,0
301818,0,0
383616,0,0
-799677,0,0
-1203435,0,0
-217245,0,0
-58971,0,0
646665,0,0
214578,0,0
-389384,0,0
-539140,0,0
-749731,0,0
-604946,0,0
498705,0,0
241426,0,0
-117667,0,0
-277291,0,0
-1070530,0,0
-683935,0,0
-234312,0,0
-315998,0,0
-351555,0,0
-148540,0,0
-165812,0,0
-100016,0,0
-237286,0,0
-745685,0,0
-563523,0,0
-242113,0,0
-151115,0,0
102427,0,0
-542343,0,0
-608784,0,0
-7720,0,0
-136468,0,0
-304516,0,0
-265501,0,0
-46469,0,0
10702,0,0
-234793,0,0
-138361,0,0
-295854,0,0
-248199,0,0
-209989,0,0
200328,0,0
289402,0,0
-88211,0,0
245847,0,0
-234562,0,0
-461862,0,0
73007,0,0
62859,0,0
92714,0,0
88523,0,0
330625,0,0
399896,0,0
88913,0,0
-587193,0,0
-235146,0,0
125254,0,0
221143,0,0
273803,0,0
773719,0,0
826133,0,0
485119,0,0
-81338,0,0
-585061,0,0
-131640,0,0
-934,0,0
-10738,0,0
-84858,0,0
147080,0,0
643706,0,0
655421,0,0
-602542,0,0
-1018073,0,0
225468,0,0
541984,0,0
444298,0,0
-103575,0,0
-490622,0,0
-202744,0,0
-146280,0,0
-335814,0,0
-124840,0,0
-325124,0,0
-381528,0,0
15327,0,0
-375872,0,0
-420508,0,0
159345,0,0
322263,0,0
66971,0,0
-197105,0,0
-732413,0,0
-1171812,0,0
-173311,0,0
736378,0,0
247700,0,0
-193817,0,0
-273801,0,0
-312400,0,0
-12892,0,0
64521,0,0
31998,0,0
56627,0,0
-158778,0,0
-230723,0,0
-379994,0,0
372446,0,0
738093,0,0
328348,0,0
17479,0,0
-94989,0,0
-303653,0,0
-269741,0,0
92699,0,0
-137816,0,0
-97984,0,0
-13488,0,0
145369,0,0
321169,0,0
109717,0,0
-175298,0,0
407801,0,0
499083,0,0
-425905,0,0
-44084,0,0
496228,0,0
102949,0,0
-158876,0,0
-98322,0,0
-33347,0,0
313307,0,0
89510,0,0
-22214,0,0
777766,0,0
155997,0,0
-800122,0,0
-534977,0,0
-60500,0,0
1127167,0,0
757041,0,0
-51612,0,0
-181373,0,0
-64396,0,0
15320,0,0
-69757,0,0
-51229,0,0
51163,0,0
622062,0,0
476192,0,0
-203593,0,0
90647,0,0
272646,0,0
407303,0,0
378094,0,0
-374082,0,0
42660,0,0
957898,0,0
340412,0,0
-135773,0,0
150275,0,0
-91053,0,0
-293359,0,0
-116352,0,0
-135580,0,0
114631,0,0
400259,0,0
63459,0,0
-155796,0,0
-924993,0,0
-796789,0,0
660878,0,0
829363,0,0
-223011,0,0
-551123,0,0
-883223,0,0
-305147,0,0
221281,0,0
182552,0,0
-3262,0,0
-302836,0,0
-425025,0,0
-286679,0,0
-253147,0,0
-107811,0,0
339151,0,0
583626,0,0
86108,0,0
375515,0,0
-196909,0,0
-573392,0,0
190402,0,0
289345,0,0
150655,0,0
227961,0,0
98930,0,0
208903,0,0
332257,0,0
404480,0,0
331758,0,0
407561,0,0
30528,0,0
308623,0,0
226473,0,0
-86786,0,0
-51824,0,0
205869,0,0
1444973,0,0
960845,0,0
-359679,0,0
-49838,0,0
432663,0,0
275409,0,0
448002,0,0
781148,0,0
265016,0,0
216342,0,0
329390,0,0
72966,0,0
590897,0,0
1479164,0,0
260716,0,0
-353558,0,0
-17108,0,0
850866,0,0
817313,0,0
354786,0,0
154709,0,0
-15042,0,0
153947,0,0
-114301,0,0
548861,0,0
971103,0,0
147281,0,0
-191536,0,0
-126155,0,0
-46922,0,0
-459713,0,0
-117039,0,0
-276439,0,0
714463,0,0
707138,0,0
158161,0,0
-461711,0,0
-750502,0,0
-99633,0,0
872860,0,0
-367900,0,0
-804349,0,0
274606,0,0
244081,0,0
-319399,0,0
-122114,0,0
323916,0,0
288489,0,0
15,0,0
-297571,0,0
-441281,0,0
-28966,0,0
147427,0,0
328369,0,0
450938,0,0
683739,0,0
-62047,0,0
-784946,0,0
-395139,0,0
-36585,0,0
17212,0,0
160844,0,0
240317,0,0
158617,0,0
486062,0,0
240838,0,0
-331070,0,0
3450,0,0
-15321,0,0
-268820,0,0
-6933,0,0
47534,0,0
371793,0,0
401995,0,0
-16172,0,0
-51572,0,0
-114640,0,0
-222844,0,0
-82557,0,0
131100,0,0
231092,0,0
233165,0,0
-180214,0,0
-376957,0,0
75627,0,0
102283,0,0
-4112,0,0
-97888,0,0
-133637,0,0
-339403,0,0
-479187,0,0
-178721,0,0
255530,0,0
542998,0,0
-116234,0,0
-37289,0,0
171809,0,0
-227980,0,0
-667425,0,0
-584908,0,0
-610231,0,0
610730,0,0
987467,0,0
-594989,0,0
-480325,0,0
-239736,0,0
-98754,0,0
42729,0,0
-311027,0,0
199749,0,0
111396,0,0
-657381,0,0
-470698,0,0
236212,0,0
156109,0,0
884885,0,0
414939,0,0
-984262,0,0
-662568,0,0
-208658,0,0
-293392,0,0
-147092,0,0
379153,0,0
-12122,0,0
282995,0,0
246096,0,0
-555830,0,0
-765708,0,0
-348499,0,0
168366,0,0
353216,0,0
250497,0,0
9268,0,0
-70797,0,0
-288305,0,0
-340655,0,0
-497066,0,0
-442736,0,0
13849,0,0
24181,0,0
-267353,0,0
20451,0,0
-49695,0,0
-453061,0,0
-148632,0,0
506398,0,0
-51837,0,0
-439985,0,0
-927473,0,0
-876646,0,0
-358125,0,0
508670,0,0
-44418,0,0
-227049,0,0
3276,0,0
-140603,0,0
-338933,0,0
-764577,0,0
-272199,0,0
-46115,0,0
-167457,0,0
-321676,0,0
-68954,0,0
19707,0,0
62016,0,0
-119701,0,0
-299913,0,0
-386798,0,0
-114589,0,0
-28817,0,0
-209712,0,0
46782,0,0
45197,0,0
93583,0,0
-462280,0,0
-379345,0,0
-177218,0,0
-147004,0,0
335116,0,0
1933,0,0
-214596,0,0
50777,0,0
-392526,0,0
-318154,0,0
-234748,0,0
-230197,0,0
29453,0,0
-40161,0,0
181093,0,0
275162,0,0
-176578,0,0
-389751,0,0
-625637,0,0
-293191,0,0
-208072,0,0
-51490,0,0
-123003,0,0
-296846,0,0
163440,0,0
31674,0,0
-410436,0,0
1166629,0,0
270325,0,0
-1207977,0,0
-509615,0,0
-316940,0,0
-387304,0,0
-19249,0,0
141604,0,0
73592,0,0
-42320,0,0
441169,0,0
13421,0,0
-305823,0,0
-69712,0,0
-274065,0,0
-305307,0,0
-17933,0,0
140859,0,0
-276419,0,0
-162131,0,0
-147733,0,0
329386,0,0
-228489,0,0
-495963,0,0
-535242,0,0
-100657,0,0
652799,0,0
164036,0,0
-548536,0,0
-215357,0,0
-67506,0,0
-52465,0,0
484955,0,0
388988,0,0
-347423,0,0
-620193,0,0
-324723,0,0
319871,0,0
619632,0,0
132024,0,0
-168692,0,0
-274384,0,0
-34081,0,0
600754,0,0
515583,0,0
-95835,0,0
-170008,0,0
-196821,0,0
232600,0,0
433437,0,0
521625,0,0
67730,0,0
-166668,0,0
-320219,0,0
449065,0,0
980068,0,0
124317,0,0
23753,0,0
-11977,0,0
82146,0,0
-169881,0,0
88764,0,0
687540,0,0
859891,0,0
149094,0,0
-160622,0,0
103613,0,0
172086,0,0
188352,0,0
139263,0,0
1185,0,0
-175477,0,0
228439,0,0
396839,0,0
258141,0,0
110479,0,0
47433,0,0
70684,0,0
32976,0,0
128641,0,0
-130622,0,0
-154009,0,0
91264,0,0
387450,0,0
424176,0,0
595526,0,0
36009,0,0
-345224,0,0
573071,0,0
277374,0,0
-270959,0,0
-137399,0,0
398348,0,0
583747,0,0
369305,0,0
555505,0,0
344072,0,0
-120255,0,0
-115904,0,0
-228678,0,0
-86598,0,0
258684,0,0
-97520,0,0
408880,0,0
479840,0,0
229824,0,0
-168895,0,0
14846,0,0
-2459,0,0
-258506,0,0
-369076,0,0
-71558,0,0
-37036,0,0
-460652,0,0
424008,0,0
550602,0,0
-576631,0,0
-398613,0,0
128224,0,0
197306,0,0
-246582,0,0
-327776,0,0
-640554,0,0
311811,0,0
297157,0,0
442198,0,0
-55457,0,0
-729733,0,0
-181800,0,0
164572,0,0
122184,0,0
305864,0,0
233188,0,0
-589074,0,0
-35134,0,0
379658,0,0
945604,0,0
1129048,0,0
-333604,0,0
-1189374,0,0
-428753,0,0
255846,0,0
157718,0,0
1514360,0,0
1344808,0,0
-72413,0,0
-576537,0,0
-462414,0,0
-169593,0,0
338909,0,0
672218,0,0
413006,0,0
70050,0,0
212614,0,0
602650,0,0
325677,0,0
-262819,0,0
-387121,0,0
-61104,0,0
383028,0,0
53911,0,0
-57554,0,0
-67989,0,0
331768,0,0
358802,0,0
-74188,0,0
-288673,0,0
-648316,0,0
-509123,0,0
517996,0,0
525414,0,0
-313736,0,0
-321424,0,0
-541602,0,0
-75233,0,0
394291,0,0
100138,0,0
-6969,0,0
-446094,0,0
-465952,0,0
-319975,0,0
-681706,0,0
-270314,0,0
758468,0,0
193214,0,0
-88125,0,0
-433609,0,0
-652574,0,0
-369118,0,0
136522,0,0
275119,0,0
-302204,0,0
-352611,0,0
-528172,0,0
-228280,0,0
284717,0,0
78511,0,0
134470,0,0
-398254,0,0
-989102,0,0
-260498,0,0
58118,0,0
-353642,0,0
-7337,0,0
24272,0,0
-225107,0,0
-326764,0,0
-652222,0,0
-736206,0,0
-284314,0,0
103837,0,0
149333,0,0
-184285,0,0
-975806,0,0
-186768,0,0
645942,0,0
326332,0,0
-585449,0,0
-587021,0,0
-478712,0,0
-295250,0,0
-228545,0,0
-223099,0,0
253064,0,0
114607,0,0
604488,0,0
1128963,0,0
399933,0,0
-443400,0,0
-718819,0,0
-199556,0,0
242486,0,0
388363,0,0
109892,0,0
515738,0,0
1449755,0,0
1131208,0,0
-546100,0,0
-71583,0,0
269985,0,0
528056,0,0
134114,0,0
-162086,0,0
520849,0,0
542254,0,0
370405,0,0
609205,0,0
-243394,0,0
-84588,0,0
142621,0,0
-226862,0,0
-271937,0,0
273353,0,0
305938,0,0
-223834,0,0
-519581,0,0
-707791,0,0
-154459,0,0
-99435,0,0
81303,0,0
48146,0,0
-767562,0,0
-920256,0,0
335084,0,0
328777,0,0
-451738,0,0
-477419,0,0
-523418,0,0
-306843,0,0
-115070,0,0
-143631,0,0
-180315,0,0
-45656,0,0
-377682,0,0
-396192,0,0
-46666,0,0
219986,0,0
-36248,0,0
-185231,0,0
-706283,0,0
-770486,0,0
-815319,0,0
-323532,0,0
395616,0,0
39156,0,0
331056,0,0
425641,0,0
-804210,0,0
-968927,0,0
-933499,0,0
-28668,0,0
404632,0,0
145655,0,0
-688132,0,0
89697,0,0
623802,0,0
-458955,0,0
-479947,0,0
68737,0,0
28831,0,0
293140,0,0
101650,0,0
-395956,0,0
-266814,0,0
-414898,0,0
-246258,0,0
141777,0,0
480040,0,0
489043,0,0
272168,0,0
-56426,0,0
35179,0,0
386305,0,0
-174578,0,0
93645,0,0
-9668,0,0
-263864,0,0
655005,0,0
1462151,0,0
1087311,0,0
-255308,0,0
-543027,0,0
-503211,0,0
310564,0,0
1353503,0,0
1622804,0,0
1387492,0,0
-138432,0,0
-924589,0,0
-256302,0,0
860272,0,0
1714697,0,0
1108812,0,0
59605,0,0
-124208,0,0
-66038,0,0
-334324,0,0
411923,0,0
681118,0,0
1253090,0,0
971017,0,0
-353377,0,0
-567062,0,0
148135,0,0
71481,0,0
-78833,0,0
157858,0,0
86043,0,0
215673,0,0
-68687,0,0
-105241,0,0
-265195,0,0
33563,0,0
-155238,0,0
-172401,0,0
64703,0,0
-342778,0,0
-359469,0,0
-193506,0,0
-200836,0,0
-4294,0,0
-134441,0,0
-245425,0,0
-96167,0,0
-622068,0,0
-724304,0,0
-75666,0,0
39706,0,0
-204047,0,0
151930,0,0
242588,0,0
-650034,0,0
-808586,0,0
-689469,0,0
-70021,0,0
-310121,0,0
-625049,0,0
492821,0,0
358950,0,0
-281121,0,0
-390649,0,0
-513169,0,0
-790580,0,0
69594,0,0
234438,0,0
-179360,0,0
-227864,0,0
-744827,0,0
-270457,0,0
48162,0,0
-154408,0,0
102450,0,0
-186824,0,0
-96208,0,0
329489,0,0
-23458,0,0
-231059,0,0
-431669,0,0
-683894,0,0
-257311,0,0
434420,0,0
138891,0,0
-332473,0,0
294403,0,0
-42130,0,0
-252756,0,0
-193114,0,0
-456268,0,0
615733,0,0
785625,0,0
98005,0,0
-370180,0,0
-196666,0,0
-14624,0,0
269423,0,0
345982,0,0
425662,0,0
646698,0,0
138406,0,0
89552,0,0
-137092,0,0
-272241,0,0
14761,0,0
430722,0,0
552019,0,0
-104693,0,0
-125893,0,0
150188,0,0
1909272,0,0
991704,0,0
-819604,0,0
-785120,0,0
402589,0,0
108965,0,0
323913,0,0
403524,0,0
162955,0,0
441225,0,0
253015,0,0
85145,0,0
408633,0,0
405128,0,0
193536,0,0
670330,0,0
-95814,0,0
-77490,0,0
702104,0,0
202386,0,0
-199735,0,0
-281688,0,0
-4208,0,0
127763,0,0
333034,0,0
556676,0,0
220431,0,0
-402708,0,0
-512928,0,0
-428562,0,0
-36056,0,0
98557,0,0
-151705,0,0
-44875,0,0
297227,0,0
641855,0,0
-624612,0,0
-1373392,0,0
-551488,0,0
-367240,0,0
-203117,0,0
13639,0,0
-756222,0,0
-233014,0,0
-18523,0,0
-189287,0,0
50307,0,0
-455995,0,0
-1243862,0,0
-862037,0,0
-319585,0,0
199907,0,0
503455,0,0
-709847,0,0
-793416,0,0
469585,0,0
-606245,0,0
-979983,0,0
-27124,0,0
307454,0,0
170273,0,0
-561528,0,0
-400614,0,0
-53079,0,0
516382,0,0
657557,0,0
-65544,0,0
-494466,0,0
-522503,0,0
-113388,0,0
305654,0,0
328900,0,0
509031,0,0
426015,0,0
-261426,0,0
-106649,0,0
58558,0,0
105526,0,0
388767,0,0
369306,0,0
-123247,0,0
209435,0,0
507738,0,0
64983,0,0
150179,0,0
278001,0,0
498442,0,0
312755,0,0
-153238,0,0
-184106,0,0
-97491,0,0
-61800,0,0
711494,0,0
316434,0,0
-444781,0,0
-67667,0,0
-15614,0,0
-2071,0,0
717906,0,0
345895,0,0
-266714,0,0
-581973,0,0
-458712,0,0
-240598,0,0
172122,0,0
-220751,0,0
-165160,0,0
150282,0,0
-415083,0,0
-225826,0,0
708302,0,0
-82604,0,0
-1035062,0,0
-694197,0,0
-315421,0,0
581500,0,0
816768,0,0
-148813,0,0
-20957,0,0
-775038,0,0
-772366,0,0
-191491,0,0
545269,0,0
1096027,0,0
949005,0,0
-943976,0,0
-1375282,0,0
-482091,0,0
518038,0,0
1100985,0,0
969850,0,0
151711,0,0
-455416,0,0
-657266,0,0
-610674,0,0
302234,0,0
144531,0,0
163653,0,0
148025,0,0
23861,0,0
317327,0,0
359310,0,0
190739,0,0
-229811,0,0
-415547,0,0
-121693,0,0
291860,0,0
714544,0,0
263965,0,0
-433839,0,0
-172890,0,0
-340800,0,0
-307126,0,0
446199,0,0
277348,0,0
247395,0,0
229367,0,0
-417823,0,0
-624505,0,0
-18599,0,0
115735,0,0
-53704,0,0
331115,0,0
698443,0,0
144554,0,0
-725203,0,0
-489413,0,0
-37575,0,0
-566104,0,0
-469462,0,0
344191,0,0
615543,0,0
834004,0,0
868308,0,0
-594407,0,0
-537455,0,0
-512183,0,0
-318240,0,0
210680,0,0
529878,0,0
387395,0,0
1587,0,0
40207,0,0
124546,0,0
16192,0,0
-396373,0,0
-114295,0,0
335727,0,0
512642,0,0
529394,0,0
-88888,0,0
-91240,0,0
-374066,0,0
-414220,0,0
-391419,0,0
222413,0,0
588442,0,0
276297,0,0
61674,0,0
-317474,0,0
-306754,0,0
25706,0,0
375705,0,0
98971,0,0
53095,0,0
-208660,0,0
-495569,0,0
68098,0,0
78961,0,0
281120,0,0
-39752,0,0
50479,0,0
370656,0,0
-104671,0,0
-678265,0,0
-182581,0,0
-302978,0,0
-523362,0,0
1435273,0,0
2024649,0,0
155691,0,0
-811068,0,0
-481351,0,0
-47626,0,0
632995,0,0
416114,0,0
261604,0,0
148872,0,0
196063,0,0
202779,0,0
581904,0,0
1287625,0,0
418871,0,0
-164147,0,0
-244373,0,0
210724,0,0
323349,0,0
540707,0,0
108276,0,0
-65813,0,0
389487,0,0
135185,0,0
301653,0,0
526764,0,0
-424881,0,0
-314420,0,0
545474,0,0
309923,0,0
-275122,0,0
403570,0,0
133318,0,0
-38263,0,0
228083,0,0
-195299,0,0
-363143,0,0
560020,0,0
257736,0,0
80137,0,0
552166,0,0
196090,0,0
-670488,0,0
-448235,0,0
-115171,0,0
-233725,0,0
450020,0,0
178142,0,0
-274116,0,0
390666,0,0
554377,0,0
-375105,0,0
-966491,0,0
-686574,0,0
-140908,0,0
408553,0,0
113754,0,0
-170908,0,0
-520816,0,0
-458651,0,0
-83039,0,0
-304259,0,0
-298431,0,0
-307838,0,0
33801,0,0
402464,0,0
-283245,0,0
-754513,0,0
-493239,0,0
-242898,0,0
-301296,0,0
270852,0,0
-221286,0,0
-944983,0,0
-890197,0,0
-730806,0,0
125278,0,0
1365962,0,0
565511,0,0
-731342,0,0
-1191924,0,0
-698738,0,0
292424,0,0
716038,0,0
-238197,0,0
-256766,0,0
39000,0,0
-284333,0,0
216889,0,0
311685,0,0
-164758,0,0
-51963,0,0
389081,0,0
345209,0,0
103522,0,0
-85065,0,0
-115670,0,0
-45963,0,0
87681,0,0
175472,0,0
567974,0,0
257312,0,0
-267838,0,0
47639,0,0
218840,0,0
-46057,0,0
241095,0,0
139258,0,0
304458,0,0
-293084,0,0
-632255,0,0
745533,0,0
1520040,0,0
404831,0,0
-833845,0,0
-433023,0,0
306209,0,0
846147,0,0
-47634,0,0
-385251,0,0
303378,0,0
-314540,0,0
138356,0,0
1174721,0,0
499484,0,0
-334059,0,0
-293126,0,0
-409468,0,0
-161116,0,0
93008,0,0
-80940,0,0
369343,0,0
299393,0,0
11840,0,0
-405542,0,0
-438089,0,0
-503137,0,0
-251790,0,0
-553316,0,0
-576262,0,0
-289829,0,0
-340338,0,0
-105348,0,0
-11128,0,0
-164847,0,0
-339354,0,0
-579815,0,0
-1035976,0,0
-700210,0,0
-298203,0,0
-315518,0,0
-8601,0,0
66624,0,0
-545414,0,0
-1185081,0,0
-722513,0,0
-273674,0,0
483101,0,0
-18346,0,0
-428184,0,0
54388,0,0
-580172,0,0
-611310,0,0
-653001,0,0
310721,0,0
73255,0,0
-14027,0,0
-434016,0,0
-190708,0,0
-440772,0,0
-395790,0,0
55200,0,0
46175,0,0
-145536,0,0
-809015,0,0
-690284,0,0
-440554,0,0
672516,0,0
1118388,0,0
-467881,0,0
-558107,0,0
-371816,0,0
-232426,0,0
94658,0,0
125309,0,0
44072,0,0
285288,0,0
-123434,0,0
100722,0,0
254808,0,0
444819,0,0
386773,0,0
-227191,0,0
-200948,0,0
283071,0,0
670739,0,0
413562,0,0
-7361,0,0
-8585,0,0
250505,0,0
921118,0,0
219027,0,0
-256007,0,0
55971,0,0
391012,0,0
645150,0,0
377578,0,0
-12660,0,0
178261,0,0
379378,0,0
373594,0,0
846101,0,0
149984,0,0
-249720,0,0
176996,0,0
462746,0,0
395083,0,0
69917,0,0
-255304,0,0
-307044,0,0
473812,0,0
549515,0,0
550846,0,0
-282421,0,0
-527707,0,0
-117866,0,0
366318,0,0
-214735,0,0
-278102,0,0
111116,0,0
216367,0,0
-452245,0,0
-672328,0,0
-372198,0,0
796282,0,0
256466,0,0
-203102,0,0
-295371,0,0
-124295,0,0
-151884,0,0
-174320,0,0
-502504,0,0
31670,0,0
98049,0,0
-144555,0,0
-219409,0,0
-411000,0,0
-399967,0,0
80983,0,0
189391,0,0
41190,0,0
180021,0,0
-274167,0,0
-603002,0,0
-531762,0,0
59377,0,0
-63691,0,0
-234129,0,0
-138336,0,0
-321157,0,0
-184371,0,0
12106,0,0
-63883,0,0
-350114,0,0
-304289,0,0
-256930,0,0
452266,0,0
-406445,0,0
-235642,0,0
-288125,0,0
-213828,0,0
764214,0,0
50601,0,0
-602414,0,0
-547870,0,0
-111928,0,0
530981,0,0
563672,0,0
-62890,0,0
620620,0,0
967956,0,0
-87637,0,0
-483996,0,0
231607,0,0
791092,0,0
631113,0,0
574798,0,0
446249,0,0
417662,0,0
561985,0,0
438096,0,0
303725,0,0
118474,0,0
269023,0,0
525828,0,0
614718,0,0
478905,0,0
590051,0,0
294995,0,0
-147358,0,0
412671,0,0
717172,0,0
388215,0,0
281458,0,0
527039,0,0
170924,0,0
353855,0,0
60689,0,0
8205,0,0
309914,0,0
779729,0,0
867559,0,0
-802856,0,0
-906649,0,0
174089,0,0
1052649,0,0
802041,0,0
381252,0,0
-595500,0,0
-476548,0,0
-26401,0,0
175862,0,0
34662,0,0
-330889,0,0
14007,0,0
-247451,0,0
-322547,0,0
-460785,0,0
-6016,0,0
160367,0,0
-235850,0,0
-479326,0,0
-651555,0,0
-471493,0,0
729894,0,0
-70998,0,0
-1312849,0,0
-727123,0,0
136061,0,0
-384616,0,0
-394781,0,0
-419816,0,0
-492349,0,0
-26801,0,0
584129,0,0
-360158,0,0
-795508,0,0
-756340,0,0
-7847,0,0
-469405,0,0
-669412,0,0
247598,0,0
125062,0,0
269278,0,0
841160,0,0
-27214,0,0
-955165,0,0
-573625,0,0
-90455,0,0
-83881,0,0
54021,0,0
55415,0,0
36328,0,0
317359,0,0
581344,0,0
198737,0,0
435155,0,0
-174507,0,0
-34249,0,0
135133,0,0
-4131,0,0
242585,0,0
166654,0,0
152807,0,0
87539,0,0
12026,0,0
10802,0,0
603920,0,0
323200,0,0
101677,0,0
415700,0,0
184761,0,0
320501,0,0
120708,0,0
-212086,0,0
417123,0,0
713334,0,0
42658,0,0
-138771,0,0
382595,0,0
271758,0,0
14296,0,0
-153898,0,0
-8616,0,0
745479,0,0
558505,0,0
-713852,0,0
232923,0,0
934176,0,0
425088,0,0
180086,0,0
-664840,0,0
-567068,0,0
27515,0,0
-101989,0,0
239220,0,0
478145,0,0
256002,0,0
157842,0,0
-39463,0,0
-139341,0,0
-113611,0,0
-443820,0,0
-531401,0,0
-353527,0,0
-300221,0,0
-136254,0,0
516577,0,0
161417,0,0
-119387,0,0
-249205,0,0
-658529,0,0
-496005,0,0
-170471,0,0
-30566,0,0
-336603,0,0
-240652,0,0
-451303,0,0
-83267,0,0
421633,0,0
-392285,0,0
-715076,0,0
-404081,0,0
156412,0,0
-199345,0,0
-384517,0,0
-705392,0,0
-661618,0,0
-704060,0,0
-346024,0,0
1041061,0,0
-54361,0,0
-548143,0,0
-1145610,0,0
-1069013,0,0
-407378,0,0
258117,0,0
-318783,0,0
-822331,0,0
-300026,0,0
17150,0,0
-649099,0,0
-491149,0,0
206455,0,0
-38060,0,0
-408167,0,0
-682717,0,0
-231491,0,0
207806,0,0
-316593,0,0
-236023,0,0
158533,0,0
169534,0,0
-42121,0,0
31926,0,0
-38989,0,0
283371,0,0
42090,0,0
122935,0,0
231186,0,0
219434,0,0
49822,0,0
-139413,0,0
-384822,0,0
128889,0,0
417066,0,0
162011,0,0
1152788,0,0
906701,0,0
-439058,0,0
-372824,0,0
-209241,0,0
355795,0,0
491614,0,0
49560,0,0
106817,0,0
-63659,0,0
268140,0,0
630302,0,0
583777,0,0
394890,0,0
302701,0,0
247574,0,0
140907,0,0
118770,0,0
73444,0,0
-1768,0,0
166697,0,0
-159557,0,0
590618,0,0
985954,0,0
458000,0,0
696185,0,0
392455,0,0
-382179,0,0
-70328,0,0
219189,0,0
88371,0,0
389484,0,0
603559,0,0
501176,0,0
127011,0,0
129370,0,0
369166,0,0
358288,0,0
-32241,0,0
-209763,0,0
29664,0,0
237154,0,0
223207,0,0
46449,0,0
28789,0,0
-335612,0,0
-402144,0,0
-232788,0,0
-106266,0,0
306014,0,0
174720,0,0
-448478,0,0
83897,0,0
-182990,0,0
-578694,0,0
-421804,0,0
-682607,0,0
-115697,0,0
75901,0,0
-516916,0,0
112015,0,0
478407,0,0
347715,0,0
-518472,0,0
-1090495,0,0
-681618,0,0
-39363,0,0
947118,0,0
393825,0,0
-318022,0,0
-799283,0,0
-144400,0,0
526640,0,0
287434,0,0
-136529,0,0
-677087,0,0
-257419,0,0
137581,0,0
790914,0,0
342766,0,0
-638990,0,0
-652981,0,0
-468317,0,0
237271,0,0
680266,0,0
936708,0,0
283677,0,0
-560688,0,0
-364839,0,0
-262485,0,0
-408840,0,0
-127709,0,0
25394,0,0
-143265,0,0
239714,0,0
808696,0,0
446339,0,0
-518554,0,0
-421918,0,0
-348840,0,0
156415,0,0
303281,0,0
183862,0,0
-221993,0,0
-268079,0,0
-125828,0,0
-390425,0,0
22065,0,0
598480,0,0
780920,0,0
-53976,0,0
-668113,0,0
-231128,0,0
279976,0,0
159391,0,0
171493,0,0
270930,0,0
-53490,0,0
71900,0,0
217251,0,0
427332,0,0
-73389,0,0
-193320,0,0
354189,0,0
368500,0,0
335541,0,0
432318,0,0
488352,0,0
256811,0,0
266174,0,0
-67113,0,0
144667,0,0
431823,0,0
318579,0,0
104063,0,0
372127,0,0
276232,0,0
132288,0,0
628533,0,0
-28996,0,0
-79329,0,0
-210426,0,0
-335195,0,0
667290,0,0
998131,0,0
-254453,0,0
-352697,0,0
433383,0,0
250302,0,0
-145872,0,0
-378720,0,0
86094,0,0
397020,0,0
-81343,0,0
-36577,0,0
506760,0,0
545070,0,0
-336412,0,0
-8558,0,0
-461696,0,0
-286668,0,0
-41327,0,0
-274900,0,0
42285,0,0
486984,0,0
-455903,0,0
132132,0,0
545527,0,0
-88288,0,0
-998453,0,0
-843419,0,0
182599,0,0
490999,0,0
-92752,0,0
-574247,0,0
-765707,0,0
-419530,0,0
-179006,0,0
-50550,0,0
-141555,0,0
19881,0,0
-476731,0,0
-533457,0,0
-367808,0,0
-486865,0,0
-1031212,0,0
-951509,0,0
-309781,0,0
306354,0,0
812406,0,0
-442592,0,0
-1372469,0,0
-1211197,0,0
-503644,0,0
-135976,0,0
-137303,0,0
-216890,0,0
-52667,0,0
47743,0,0
-68919,0,0
-494037,0,0
-354620,0,0
-429794,0,0
-89649,0,0
141544,0,0
-139038,0,0
-107488,0,0
94597,0,0
-74790,0,0
-240568,0,0
-279685,0,0
-41774,0,0
-20898,0,0
455892,0,0
487963,0,0
-17501,0,0
-300355,0,0
-154107,0,0
-392798,0,0
19199,0,0
857628,0,0
764424,0,0
4972,0,0
-333519,0,0
-33440,0,0
327347,0,0
204734,0,0
188263,0,0
342129,0,0
176589,0,0
-82694,0,0
276570,0,0
462829,0,0
301106,0,0
165842,0,0
93227,0,0
369576,0,0
-180344,0,0
-294756,0,0
81365,0,0
539356,0,0
777334,0,0
842239,0,0
84114,0,0
-298092,0,0
-417681,0,0
-61525,0,0
427180,0,0
250026,0,0
528663,0,0
526861,0,0
228164,0,0
384422,0,0
507499,0,0
-25486,0,0
73683,0,0
232456,0,0
349962,0,0
-58148,0,0
-604014,0,0
126539,0,0
868818,0,0
904275,0,0
424435,0,0
-255601,0,0
-185815,0,0
31187,0,0
548598,0,0
192152,0,0
-167501,0,0
269519,0,0
388225,0,0
-283625,0,0
-388618,0,0
-125603,0,0
-204613,0,0
236438,0,0
1071354,0,0
426363,0,0
-442500,0,0
-654876,0,0
-666850,0,0
-13253,0,0
62183,0,0
-285571,0,0
-203920,0,0
-579453,0,0
50320,0,0
1073395,0,0
209326,0,0
-926236,0,0
-841551,0,0
-314657,0,0
138660,0,0
151231,0,0
-349362,0,0
-304559,0,0
-352236,0,0
-64889,0,0
-243207,0,0
259124,0,0
490257,0,0
-170252,0,0
-202230,0,0
-218315,0,0
-274003,0,0
120739,0,0
201333,0,0
-342955,0,0
-182725,0,0
-132957,0,0
-40587,0,0
436380,0,0
642529,0,0
70913,0,0
296768,0,0
759723,0,0
-28201,0,0
-506432,0,0
-408624,0,0
398476,0,0
777854,0,0
194558,0,0
631244,0,0
954900,0,0
153317,0,0
41358,0,0
452374,0,0
695043,0,0
682915,0,0
-69070,0,0
318832,0,0
541004,0,0
226470,0,0
64697,0,0
254039,0,0
386309,0,0
497860,0,0
398510,0,0
-116909,0,0
275802,0,0
607273,0,0
-4933,0,0
-130210,0,0
259801,0,0
-2810,0,0
-204383,0,0
294606,0,0
302056,0,0
186762,0,0
94031,0,0
335398,0,0
538784,0,0
-324285,0,0
-867539,0,0
-335262,0,0
816743,0,0
1119400,0,0
49993,0,0
-293458,0,0
-188494,0,0
-267266,0,0
74418,0,0
191298,0,0
126666,0,0
14401,0,0
-322901,0,0
-90606,0,0
-12035,0,0
187878,0,0
296121,0,0
-112585,0,0
-552308,0,0
-552241,0,0
-531916,0,0
-363797,0,0
843487,0,0
898952,0,0
365652,0,0
-440995,0,0
-603403,0,0
-130070,0,0
-201237,0,0
-250175,0,0
85812,0,0
151261,0,0
144142,0,0
356093,0,0
740762,0,0
218183,0,0
-496927,0,0
-169240,0,0
135224,0,0
3057,0,0
-160816,0,0
-7937,0,0
296211,0,0
721321,0,0
238025,0,0
-271289,0,0
278402,0,0
497870,0,0
-85449,0,0
-130071,0,0
-112247,0,0
-74694,0,0
804087,0,0
707120,0,0
231667,0,0
14663,0,0
-124530,0,0
-31568,0,0
136302,0,0
303387,0,0
443569,0,0
22732,0,0
-183214,0,0
56349,0,0
-174856,0,0
-309075,0,0
129273,0,0
170551,0,0
-69024,0,0
-328434,0,0
-22754,0,0
187974,0,0
-520862,0,0
-227421,0,0
144208,0,0
-209303,0,0
-396929,0,0
291140,0,0
359582,0,0
-557704,0,0
-631685,0,0
-305957,0,0
-524791,0,0
-201442,0,0
754091,0,0
820024,0,0
-498087,0,0
-1025425,0,0
-837987,0,0
-276212,0,0
-35550,0,0
-173713,0,0
-267739,0,0
-202293,0,0
-567446,0,0
-654393,0,0
-127345,0,0
-50522,0,0
1993,0,0
-57732,0,0
-78037,0,0
-1147343,0,0
-977689,0,0
-719342,0,0
-415693,0,0
93213,0,0
350448,0,0
-224077,0,0
-162157,0,0
28000,0,0
-749550,0,0
-1240234,0,0
-519707,0,0
282778,0,0
190518,0,0
43548,0,0
-365119,0,0
-768237,0,0
-356885,0,0
202842,0,0
-119864,0,0
-377123,0,0
-198307,0,0
-159301,0,0
308974,0,0
-51203,0,0
-383701,0,0
-316121,0,0
-159722,0,0
29239,0,0
19245,0,0
-50940,0,0
169846,0,0
-228176,0,0
-325780,0,0
267525,0,0
390672,0,0
-421622,0,0
-179500,0,0
163111,0,0
222165,0,0
-211604,0,0
-401466,0,0
194398,0,0
470356,0,0
-3793,0,0
-94028,0,0
309131,0,0
-84656,0,0
-255485,0,0
-78273,0,0
302004,0,0
868444,0,0
44712,0,0
-756348,0,0
-512854,0,0
-156744,0,0
-55547,0,0
301605,0,0
607992,0,0
822123,0,0
63289,0,0
-901500,0,0
-723911,0,0
-182159,0,0
-378024,0,0
-316716,0,0
-10432,0,0
909793,0,0
838865,0,0
-465874,0,0
-699122,0,0
-412904,0,0
-235731,0,0
-204143,0,0
156522,0,0
130155,0,0
107211,0,0
539355,0,0
270732,0,0
-406757,0,0
-287674,0,0
438935,0,0
9382,0,0
-222215,0,0
-376668,0,0
-48216,0,0
124157,0,0
116791,0,0
553210,0,0
405860,0,0
-293666,0,0
-501757,0,0
-300416,0,0
-300000,0,0
-331663,0,0
-45985,0,0
-456771,0,0
-654409,0,0
-780860,0,0
-273066,0,0
777738,0,0
752548,0,0
-185050,0,0
-1175471,0,0
-465136,0,0
-139331,0,0
-529236,0,0
-621387,0,0
-429371,0,0
313574,0,0
546709,0,0
295464,0,0
598339,0,0
141224,0,0
-352266,0,0
-186107,0,0
-167443,0,0
-66872,0,0
451919,0,0
609901,0,0
57566,0,0
156947,0,0
451685,0,0
861737,0,0
-22095,0,0
-648807,0,0
-214368,0,0
52392,0,0
758882,0,0
1205756,0,0
381459,0,0
-210512,0,0
-231927,0,0
-110720,0,0
871827,0,0
231046,0,0
-429095,0,0
126956,0,0
673323,0,0
111343,0,0
-472365,0,0
181242,0,0
346706,0,0
137863,0,0
242076,0,0
51469,0,0
-253422,0,0
-421920,0,0
246561,0,0
207299,0,0
-42984,0,0
-397307,0,0
-370149,0,0
24541,0,0
391526,0,0
145692,0,0
-361304,0,0
-419948,0,0
-602842,0,0
-913467,0,0
-551649,0,0
474203,0,0
1165276,0,0
316932,0,0
-528363,0,0
-1019196,0,0
-729739,0,0
-70258,0,0
213081,0,0
199029,0,0
-260523,0,0
329376,0,0
457027,0,0
-394465,0,0
-111465,0,0
543089,0,0
151210,0,0
-270126,0,0
-162198,0,0
-18641,0,0
444784,0,0
588261,0,0
640228,0,0
594849,0,0
-84896,0,0
-774986,0,0
-573257,0,0
-183176,0,0
181382,0,0
1187274,0,0
1464400,0,0
177928,0,0
-545710,0,0
-808169,0,0
-425824,0,0
-81249,0,0
383977,0,0
737389,0,0
462310,0,0
-1265,0,0
22873,0,0
-237234,0,0
-229121,0,0
34555,0,0
-307985,0,0
-227161,0,0
161062,0,0
612551,0,0
590989,0,0
349682,0,0
-399949,0,0
-565785,0,0
-354058,0,0
333427,0,0
405319,0,0
117441,0,0
-277312,0,0
-592375,0,0
-131431,0,0
-3847,0,0
897310,0,0
2186700,0,0
552411,0,0
-1274329,0,0
-1066529,0,0
-461251,0,0
235792,0,0
1429920,0,0
1294099,0,0
338281,0,0
-189411,0,0
-219129,0,0
-9856,0,0
208214,0,0
390699,0,0
415679,0,0
-70967,0,0
386649,0,0
702997,0,0
257137,0,0
-403473,0,0
-321558,0,0
28940,0,0
450744,0,0
34375,0,0
-136653,0,0
-44743,0,0
-136461,0,0
-353230,0,0
49509,0,0
520713,0,0
-180184,0,0
-142077,0,0
-252001,0,0
88783,0,0
142047,0,0
-166354,0,0
62815,0,0
-129847,0,0
-550206,0,0
-449155,0,0
-314475,0,0
230675,0,0
737408,0,0
176980,0,0
-363056,0,0
-531672,0,0
-583867,0,0
-397625,0,0
-188357,0,0
-242620,0,0
-488411,0,0
172280,0,0
451582,0,0
-13420,0,0
-220092,0,0
-513815,0,0
-641608,0,0
-182430,0,0
196798,0,0
339577,0,0
-150662,0,0
-196699,0,0
-584411,0,0
-379607,0,0
-175879,0,0
77384,0,0
178813,0,0
367009,0,0
467192,0,0
-503311,0,0
-791194,0,0
-54699,0,0
-89174,0,0
-434039,0,0
-366795,0,0
38813,0,0
334029,0,0
80245,0,0
-197830,0,0
-239422,0,0
-319243,0,0
-422172,0,0
-487018,0,0
-396875,0,0
235832,0,0
-39401,0,0
-373875,0,0
21640,0,0
-274626,0,0
-657917,0,0
-388971,0,0
16645,0,0
101397,0,0
101403,0,0
-162263,0,0
-70408,0,0
87542,0,0
1035189,0,0
46271,0,0
-407238,0,0
-139058,0,0
9781,0,0
198092,0,0
226818,0,0
1121735,0,0
1542950,0,0
668588,0,0
-606981,0,0
-411398,0,0
345143,0,0
957879,0,0
854453,0,0
493563,0,0
652677,0,0
422172,0,0
367,0,0
-115912,0,0
250025,0,0
187171,0,0
382606,0,0
774446,0,0
267126,0,0
-185911,0,0
-211854,0,0
371960,0,0
628184,0,0
-320718,0,0
-457477,0,0
84205,0,0
274646,0,0
416784,0,0
-160354,0,0
-198840,0,0
-180276,0,0
317831,0,0
293964,0,0
-539010,0,0
-592582,0,0
-786511,0,0
285485,0,0
690799,0,0
77786,0,0
-339355,0,0
-950250,0,0
-783677,0,0
-128018,0,0
-19161,0,0
-181905,0,0
-461566,0,0
-600031,0,0
-537550,0,0
-388294,0,0
-287817,0,0
-388782,0,0
-559026,0,0
-655704,0,0
-291033,0,0
44599,0,0
-204680,0,0
-663433,0,0
-540484,0,0
-419975,0,0
164547,0,0
381961,0,0
70181,0,0
-349511,0,0
-574985,0,0
-758414,0,0
-652439,0,0
-111757,0,0
261176,0,0
651270,0,0
355308,0,0
173335,0,0
-194286,0,0
-75379,0,0
-598683,0,0
-255532,0,0
614821,0,0
399030,0,0
-35387,0,0
-141428,0,0
68151,0,0
94603,0,0
-49348,0,0
-36237,0,0
-176539,0,0
89858,0,0
438390,0,0
73252,0,0
532980,0,0
1251783,0,0
151193,0,0
-1456276,0,0
-783731,0,0
191863,0,0
747468,0,0
859579,0,0
277922,0,0
432491,0,0
425551,0,0
-194812,0,0
-496458,0,0
-129350,0,0
40519,0,0
1035624,0,0
1228098,0,0
36725,0,0
-406965,0,0
-314787,0,0
367289,0,0
849497,0,0
465412,0,0
276080,0,0
399124,0,0
-185484,0,0
129235,0,0
315657,0,0
210365,0,0
262416,0,0
471143,0,0
345689,0,0
177075,0,0
106444,0,0
102896,0,0
216047,0,0
206744,0,0
444787,0,0
406530,0,0
331115,0,0
65918,0,0
-20056,0,0
122488,0,0
145612,0,0
74854,0,0
212783,0,0
375143,0,0
545650,0,0
361480,0,0
-277266,0,0
-246176,0,0
-80126,0,0
298989,0,0
292484,0,0
-269394,0,0
-130297,0,0
151441,0,0
258723,0,0
110863,0,0
-275587,0,0
-683379,0,0
33761,0,0
202326,0,0
-92063,0,0
115967,0,0
-282549,0,0
-473602,0,0
-353761,0,0
25995,0,0
805410,0,0
-27149,0,0
-479912,0,0
19831,0,0
-294692,0,0
-219919,0,0
-339246,0,0
-594921,0,0
81476,0,0
413644,0,0
281484,0,0
-193397,0,0
-661197,0,0
-955439,0,0
-589375,0,0
-436715,0,0
26347,0,0
1097658,0,0
299657,0,0
-983864,0,0
-1167173,0,0
-615867,0,0
315118,0,0
63522,0,0
-617524,0,0
-705849,0,0
202743,0,0
266310,0,0
-235099,0,0
-542043,0,0
-383263,0,0
129052,0,0
224902,0,0
-405498,0,0
-328758,0,0
-223704,0,0
-47269,0,0
261600,0,0
287850,0,0
-136226,0,0
-711312,0,0
-151925,0,0
576451,0,0
286355,0,0
98051,0,0
586476,0,0
194656,0,0
-628105,0,0
-272496,0,0
291287,0,0
1010490,0,0
674771,0,0
-151400,0,0
-529140,0,0
-310219,0,0
645771,0,0
797648,0,0
971783,0,0
467482,0,0
-486071,0,0
-609673,0,0
-410949,0,0
263040,0,0
711428,0,0
491653,0,0
-220324,0,0
174376,0,0
-282948,0,0
-463519,0,0
762190,0,0
466449,0,0
-256808,0,0
-78259,0,0
17096,0,0
111361,0,0
-235491,0,0
-114839,0,0
124615,0,0
98704,0,0
197421,0,0
41316,0,0
-164866,0,0
-119981,0,0
-254533,0,0
-564713,0,0
-490064,0,0
-179981,0,0
-313421,0,0
294822,0,0
675676,0,0
-69888,0,0
-1139709,0,0
-1427199,0,0
-433595,0,0
306621,0,0
-21206,0,0
-474596,0,0
-420806,0,0
-534817,0,0
-690935,0,0
330463,0,0
593966,0,0
-270788,0,0
-755136,0,0
-663996,0,0
-488016,0,0
-189027,0,0
-297651,0,0
-252578,0,0
220220,0,0
-189752,0,0
-771168,0,0
-732180,0,0
-223423,0,0
508191,0,0
637798,0,0
-661380,0,0
-1190960,0,0
-902721,0,0
-689720,0,0
-92980,0,0
-14663,0,0
-659270,0,0
-1033087,0,0
-796161,0,0
186905,0,0
594828,0,0
-436714,0,0
-757442,0,0
-496615,0,0
-53133,0,0
153881,0,0
-503983,0,0
-572948,0,0
-352124,0,0
-249398,0,0
-44887,0,0
384115,0,0
805900,0,0
295032,0,0
-424454,0,0
-293673,0,0
86093,0,0
288567,0,0
56316,0,0
320916,0,0
734497,0,0
143738,0,0
-447549,0,0
-227473,0,0
-443303,0,0
-36597,0,0
488974,0,0
637077,0,0
401017,0,0
929744,0,0
-390021,0,0
-428905,0,0
-674717,0,0
-384748,0,0
-173910,0,0
-152319,0,0
323829,0,0
779671,0,0
20259,0,0
-505106,0,0
-258178,0,0
-8344,0,0
266936,0,0
218157,0,0
-313936,0,0
-748691,0,0
-277628,0,0
300542,0,0
-58148,0,0
-257006,0,0
412058,0,0
866983,0,0
-197587,0,0
-446267,0,0
-256602,0,0
38172,0,0
197663,0,0
-78232,0,0
-191691,0,0
-249548,0,0
274293,0,0
-302859,0,0
-545603,0,0
408232,0,0
249453,0,0
39303,0,0
-152075,0,0
-526553,0,0
-291267,0,0
7546,0,0
-71978,0,0
-421297,0,0
-183642,0,0
82246,0,0
194393,0,0
22931,0,0
-127920,0,0
-197097,0,0
81718,0,0
-58805,0,0
-262002,0,0
-207989,0,0
325907,0,0
560419,0,0
-233311,0,0
-764267,0,0
-385440,0,0
-94380,0,0
-262786,0,0
-226256,0,0
265770,0,0
38950,0,0
-500335,0,0
-282926,0,0
110209,0,0
110087,0,0
487115,0,0
-183261,0,0
-927085,0,0
-599000,0,0
148693,0,0
148841,0,0
-519734,0,0
270387,0,0
444889,0,0
22403,0,0
147005,0,0
253894,0,0
376,0,0
140938,0,0
-110110,0,0
-121797,0,0
-156607,0,0
-80066,0,0
124432,0,0
117577,0,0
57675,0,0
925630,0,0
1114745,0,0
-264649,0,0
-496033,0,0
89912,0,0
498513,0,0
613012,0,0
265504,0,0
-269495,0,0
78714,0,0
450723,0,0
647513,0,0
873500,0,0
645403,0,0
433079,0,0
470197,0,0
-135659,0,0
-418306,0,0
-251049,0,0
456023,0,0
499126,0,0
528669,0,0
364907,0,0
82455,0,0
562250,0,0
687568,0,0
7652,0,0
-473827,0,0
-411140,0,0
-37618,0,0
539517,0,0
758453,0,0
143855,0,0
384558,0,0
292020,0,0
152727,0,0
-156709,0,0
90446,0,0
-95840,0,0
1613,0,0
528058,0,0
886963,0,0
-8383,0,0
-222382,0,0
-468338,0,0
-54302,0,0
550015,0,0
38729,0,0
-366216,0,0
133402,0,0
465963,0,0
135292,0,0
14846,0,0
-147862,0,0
-119011,0,0
-166695,0,0
405687,0,0
135928,0,0
193134,0,0
-427096,0,0
-221986,0,0
231847,0,0
227804,0,0
-276847,0,0
-299109,0,0
218321,0,0
960060,0,0
87619,0,0
-817004,0,0
-549543,0,0
158844,0,0
418623,0,0
436552,0,0
141814,0,0
-446951,0,0
-356931,0,0
-151173,0,0
318624,0,0
159509,0,0
135280,0,0
255172,0,0
-366185,0,0
-501090,0,0
175853,0,0
-380105,0,0
-440703,0,0
160736,0,0
861140,0,0
25128,0,0
-549088,0,0
-289510,0,0
-330389,0,0
99119,0,0
56021,0,0
281827,0,0
457385,0,0
-262176,0,0
-658093,0,0
-341310,0,0
87183,0,0
598751,0,0
656093,0,0
59413,0,0
-621647,0,0
-77956,0,0
-302433,0,0
-297061,0,0
298763,0,0
679862,0,0
1527682,0,0
917322,0,0
-785134,0,0
-755632,0,0
-112417,0,0
164342,0,0
340261,0,0
677939,0,0
335933,0,0
255877,0,0
79643,0,0
176714,0,0
200408,0,0
208436,0,0
150994,0,0
-214589,0,0
-95132,0,0
696665,0,0
354634,0,0
-137467,0,0
-172690,0,0
-95565,0,0
-68110,0,0
311178,0,0
64426,0,0
-214199,0,0
23206,0,0
277991,0,0
99696,0,0
-251152,0,0
-276536,0,0
27814,0,0
-214473,0,0
-504963,0,0
414949,0,0
636279,0,0
237095,0,0
-120633,0,0
-220681,0,0
-653388,0,0
-506731,0,0
209896,0,0
835413,0,0
889843,0,0
71526,0,0
-622247,0,0
-384690,0,0
27135,0,0
365410,0,0
883974,0,0
706508,0,0
-127436,0,0
-314667,0,0
-109504,0,0
388269,0,0
-160178,0,0
-640269,0,0
270434,0,0
557780,0,0
466971,0,0
387425,0,0
169951,0,0
-513262,0,0
-155167,0,0
-311946,0,0
-455535,0,0
-9417,0,0
-112510,0,0
-102241,0,0
-91333,0,0
-40372,0,0
-28605,0,0
-52818,0,0
-533248,0,0
-109436,0,0
-133961,0,0
-963936,0,0
-254434,0,0
-231341,0,0
-996019,0,0
-355539,0,0
484404,0,0
1123194,0,0
173097,0,0
-1273078,0,0
-1130817,0,0
-425468,0,0
-1919,0,0
695845,0,0
92318,0,0
-416403,0,0
-355854,0,0
-245508,0,0
243392,0,0
837335,0,0
453323,0,0
-184029,0,0
102296,0,0
134001,0,0
-109645,0,0
186911,0,0
54646,0,0
43918,0,0
402965,0,0
169020,0,0
139572,0,0
-91260,0,0
48399,0,0
616075,0,0
292553,0,0
400817,0,0
374286,0,0
-281257,0,0
-665461,0,0
-112161,0,0
385190,0,0
488356,0,0
277126,0,0
-402176,0,0
173391,0,0
195281,0,0
-424473,0,0
-426097,0,0
236798,0,0
33101,0,0
82568,0,0
1021539,0,0
172685,0,0
-822566,0,0
-856162,0,0
7253,0,0
338440,0,0
365087,0,0
-3941,0,0
-47103,0,0
-200916,0,0
-45340,0,0
410406,0,0
181989,0,0
-352212,0,0
-94926,0,0
106022,0,0
61714,0,0
288310,0,0
-210806,0,0
-51587,0,0
131091,0,0
122596,0,0
112203,0,0
-108322,0,0
-648390,0,0
-64020,0,0
398704,0,0
-94575,0,0
-225355,0,0
328426,0,0
212285,0,0
-250762,0,0
-463281,0,0
-615874,0,0
-772434,0,0
-287928,0,0
373234,0,0
830849,0,0
508898,0,0
357409,0,0
-111537,0,0
-708945,0,0
-525706,0,0
-368913,0,0
-302095,0,0
484618,0,0
-71306,0,0
-192395,0,0
119862,0,0
475705,0,0
474221,0,0
-145169,0,0
-88980,0,0
-85026,0,0
187667,0,0
-145392,0,0
-474327,0,0
138775,0,0
474302,0,0
338571,0,0
140943,0,0
-110772,0,0
324059,0,0
349620,0,0
-48097,0,0
134846,0,0
656822,0,0
559396,0,0
286750,0,0
-184643,0,0
-186405,0,0
39537,0,0
57937,0,0
740156,0,0
674407,0,0
630168,0,0
602879,0,0
269417,0,0
-524503,0,0
-206043,0,0
455614,0,0
591434,0,0
563506,0,0
193688,0,0
-231371,0,0
73513,0,0
60269,0,0
-53492,0,0
853787,0,0
362915,0,0
226083,0,0
-85184,0,0
-24805,0,0
136444,0,0
31850,0,0
-109177,0,0
11570,0,0
628389,0,0
-33334,0,0
-262032,0,0
-287452,0,0
-182152,0,0
85294,0,0
229234,0,0
-136281,0,0
20495,0,0
70712,0,0
-421532,0,0
-14790,0,0
178576,0,0
112461,0,0
-213680,0,0
-281516,0,0
-177100,0,0
-210403,0,0
-333241,0,0
-411785,0,0
-99877,0,0
105063,0,0
606368,0,0
431683,0,0
-283624,0,0
-607465,0,0
-385238,0,0
-301461,0,0
-275877,0,0
-177556,0,0
-231075,0,0
407904,0,0
133305,0,0
-618933,0,0
-657078,0,0
-666218,0,0
-643772,0,0
-46476,0,0
586561,0,0
215902,0,0
-42001,0,0
-634293,0,0
-608053,0,0
-247375,0,0
-205685,0,0
-521499,0,0
-813341,0,0
-1001656,0,0
-569839,0,0
-291158,0,0
669324,0,0
2015761,0,0
212052,0,0
-1062630,0,0
-1462034,0,0
-1194753,0,0
-243458,0,0
163443,0,0
325927,0,0
972304,0,0
33252,0,0
-335967,0,0
-320881,0,0
-547979,0,0
-419232,0,0
1178514,0,0
1045961,0,0
-478644,0,0
-176405,0,0
707539,0,0
71495,0,0
62791,0,0
429304,0,0
207826,0,0
132459,0,0
-81047,0,0
560721,0,0
823743,0,0
311657,0,0
51978,0,0
367542,0,0
197715,0,0
310911,0,0
229543,0,0
171095,0,0
199735,0,0
-83137,0,0
-297936,0,0
-39524,0,0
30592,0,0
14071,0,0
728981,0,0
137179,0,0
-490124,0,0
-230178,0,0
-439138,0,0
-124768,0,0
343962,0,0
210017,0,0
-377273,0,0
103853,0,0
-47272,0,0
-340099,0,0
-151833,0,0
-271162,0,0
-53384,0,0
-193397,0,0
-159802,0,0
198032,0,0
-135511,0,0
-986297,0,0
-317033,0,0
223043,0,0
-488879,0,0
253172,0,0
2316,0,0
-325148,0,0
-550996,0,0
-308178,0,0
-332654,0,0
-180153,0,0
-36095,0,0
-207737,0,0
-208307,0,0
-490064,0,0
-353125,0,0
-17810,0,0
-6334,0,0
29566,0,0
248032,0,0
17190,0,0
-530949,0,0
-944420,0,0
-457076,0,0
320146,0,0
-54647,0,0
-210464,0,0
-451432,0,0
-1006118,0,0
-424383,0,0
833982,0,0
778109,0,0
202341,0,0
-501071,0,0
-664303,0,0
-123845,0,0
-99113,0,0
-449641,0,0
-234807,0,0
-281989,0,0
-238043,0,0
100502,0,0
783265,0,0
1211424,0,0
-221348,0,0
-768275,0,0
-154830,0,0
-192461,0,0
63355,0,0
186158,0,0
385557,0,0
111354,0,0
189429,0,0
-58836,0,0
-88707,0,0
209544,0,0
259515,0,0
257544,0,0
434341,0,0
268036,0,0
-324315,0,0
388980,0,0
418532,0,0
179025,0,0
482039,0,0
546100,0,0
544019,0,0
380507,0,0
211623,0,0
86445,0,0
549527,0,0
647855,0,0
641111,0,0
351403,0,0
56856,0,0
206234,0,0
382718,0,0
202827,0,0
867667,0,0
791268,0,0
187054,0,0
286693,0,0
49021,0,0
-201815,0,0
53515,0,0
777701,0,0
566695,0,0
243806,0,0
163716,0,0
-93770,0,0
6518,0,0
-167603,0,0
740213,0,0
792116,0,0
134403,0,0
-105582,0,0
-259477,0,0
66515,0,0
166894,0,0
-20635,0,0
94917,0,0
340265,0,0
-91160,0,0
-163252,0,0
-92429,0,0
-628120,0,0
-185818,0,0
512897,0,0
268493,0,0
-25326,0,0
152710,0,0
407301,0,0
327848,0,0
-231311,0,0
-806745,0,0
-614688,0,0
-156796,0,0
-51333,0,0
498656,0,0
1115904,0,0
-76199,0,0
-170380,0,0
-357997,0,0
23773,0,0
464674,0,0
-305764,0,0
-265961,0,0
-647104,0,0
-822886,0,0
-212520,0,0
582309,0,0
1056841,0,0
-86881,0,0
-859641,0,0
-695429,0,0
-29618,0,0
49879,0,0
-280791,0,0
-390254,0,0
-224973,0,0
-218902,0,0
-62705,0,0
-555102,0,0
-593056,0,0
143664,0,0
-48181,0,0
639250,0,0
-109994,0,0
-619488,0,0
-902129,0,0
-434672,0,0
-202023,0,0
221453,0,0
398187,0,0
-132772,0,0
15430,0,0
-381549,0,0
-504440,0,0
123874,0,0
36770,0,0
-222172,0,0
132789,0,0
-5703,0,0
-96161,0,0
155137,0,0
-120823,0,0
-13940,0,0
674577,0,0
479872,0,0
-13366,0,0
133635,0,0
-279545,0,0
11781,0,0
184186,0,0
571436,0,0
452900,0,0
-3663,0,0
-152392,0,0
-166129,0,0
98124,0,0
289681,0,0
1110366,0,0
540704,0,0
190878,0,0
-312266,0,0
-251255,0,0
41534,0,0
-1252,0,0
734416,0,0
334361,0,0
91309,0,0
59673,0,0
-344705,0,0
304156,0,0
365488,0,0
209196,0,0
-61517,0,0
380260,0,0
502616,0,0
-13025,0,0
-876728,0,0
-778092,0,0
-315884,0,0
679214,0,0
598497,0,0
-304864,0,0
-532972,0,0
-198239,0,0
267999,0,0
-474288,0,0
-472112,0,0
-372,0,0
38107,0,0
442477,0,0
251888,0,0
-534284,0,0
-592358,0,0
-283404,0,0
-71932,0,0
-46616,0,0
-4092,0,0
646332,0,0
4873,0,0
-453489,0,0
-328909,0,0
-570676,0,0
443189,0,0
576098,0,0
-430451,0,0
-696349,0,0
-311183,0,0
-647962,0,0
-216140,0,0
-234095,0,0
-404874,0,0
520314,0,0
-371351,0,0
-577696,0,0
-339159,0,0
-449205,0,0
-695375,0,0
-215838,0,0
-389948,0,0
-440707,0,0
-79576,0,0
-322450,0,0
-415667,0,0
-285212,0,0
-238113,0,0
-462781,0,0
-246895,0,0
108661,0,0
-74292,0,0
-708386,0,0
-843090,0,0
-274708,0,0
174974,0,0
144511,0,0
171676,0,0
112993,0,0
56329,0,0
-185782,0,0
-623635,0,0
-497356,0,0
42211,0,0
-214090,0,0
168070,0,0
447232,0,0
514513,0,0
577557,0,0
-239123,0,0
410487,0,0
618131,0,0
-417642,0,0
-266809,0,0
543897,0,0
773740,0,0
148968,0,0
-194901,0,0
304383,0,0
530469,0,0
832134,0,0
551120,0,0
324425,0,0
202156,0,0
-54124,0,0
279897,0,0
146344,0,0
225612,0,0
901245,0,0
1316941,0,0
195909,0,0
-486494,0,0
-459755,0,0
-87033,0,0
332017,0,0
577534,0,0
24621,0,0
298470,0,0
547704,0,0
11620,0,0
-42438,0,0
-231287,0,0
-360299,0,0
84296,0,0
-327636,0,0
-427406,0,0
-91816,0,0
-136889,0,0
157155,0,0
1426221,0,0
421754,0,0
-847269,0,0
-486631,0,0
-379653,0,0
-17099,0,0
239565,0,0
-152817,0,0
-345556,0,0
-132346,0,0
192009,0,0
611875,0,0
524116,0,0
-30572,0,0
-506062,0,0
-562937,0,0
-317764,0,0
-235310,0,0
-155134,0,0
-382056,0,0
-316556,0,0
-488371,0,0
-345927,0,0
-238383,0,0
-277555,0,0
-176309,0,0
-488785,0,0
-795356,0,0
-651560,0,0
-737939,0,0
-366804,0,0
361290,0,0
-618240,0,0
-1128507,0,0
-409872,0,0
-314773,0,0
-206424,0,0
-306021,0,0
-179919,0,0
-350260,0,0
-366614,0,0
-534588,0,0
-169105,0,0
60493,0,0
-643392,0,0
-734671,0,0
40924,0,0
76343,0,0
306946,0,0
220238,0,0
-648928,0,0
151021,0,0
433748,0,0
-76135,0,0
175231,0,0
190617,0,0
289973,0,0
374662,0,0
261351,0,0
-277477,0,0
23240,0,0
376352,0,0
996611,0,0
1217093,0,0
-98727,0,0
-287624,0,0
220714,0,0
-323416,0,0
-124245,0,0
835577,0,0
872404,0,0
296640,0,0
-681042,0,0
35118,0,0
896542,0,0
55179,0,0
727987,0,0
242162,0,0
-11015,0,0
-438148,0,0
-226147,0,0
15437,0,0
1006109,0,0
1355305,0,0
186701,0,0
164587,0,0
117492,0,0
-550957,0,0
-448985,0,0
-213783,0,0
-202851,0,0
1252718,0,0
1083673,0,0
-177181,0,0
-365166,0,0
-582132,0,0
-160424,0,0
-79717,0,0
32351,0,0
9803,0,0
270341,0,0
58080,0,0
357682,0,0
114727,0,0
-350262,0,0
-157198,0,0
-203023,0,0
-251123,0,0
17715,0,0
92607,0,0
443506,0,0
922546,0,0
-155629,0,0
-600169,0,0
-251336,0,0
-103842,0,0
-54970,0,0
-281323,0,0
-181035,0,0
-3243,0,0
-378595,0,0
-701449,0,0
-86651,0,0
568989,0,0
-262477,0,0
-838489,0,0
-971488,0,0
-672036,0,0
30573,0,0
-187690,0,0
-900462,0,0
-386269,0,0
-112390,0,0
-804734,0,0
-200792,0,0
-9647,0,0
-388860,0,0
-786895,0,0
-247458,0,0
-118928,0,0
136974,0,0
-232481,0,0
-164681,0,0
-214187,0,0
-610612,0,0
-183430,0,0
266516,0,0
304368,0,0
-216076,0,0
-272316,0,0
-255534,0,0
601785,0,0
1034152,0,0
350648,0,0
-324451,0,0
-286667,0,0
-2039,0,0
683298,0,0
570844,0,0
-846379,0,0
143819,0,0
1103887,0,0
959331,0,0
1346405,0,0
121943,0,0
-54506,0,0
-268176,0,0
-91792,0,0
695420,0,0
1521971,0,0
1203616,0,0
160381,0,0
-228953,0,0
-15930,0,0
623585,0,0
467088,0,0
248908,0,0
534574,0,0
1016248,0,0
465182,0,0
350617,0,0
253592,0,0
163253,0,0
-27653,0,0
-44062,0,0
112125,0,0
140416,0,0
870922,0,0
503583,0,0
-163997,0,0
-329159,0,0
390738,0,0
307290,0,0
75288,0,0
243387,0,0
-890,0,0
-120690,0,0
72451,0,0
-157915,0,0
254993,0,0
420507,0,0
23030,0,0
600466,0,0
179070,0,0
-397048,0,0
93671,0,0
29857,0,0
-142539,0,0
278135,0,0
142530,0,0
94414,0,0
657801,0,0
-314648,0,0
-658748,0,0
-264419,0,0
-12072,0,0
404421,0,0
519116,0,0
268859,0,0
-402143,0,0
-395636,0,0
-248952,0,0
-33547,0,0
-150406,0,0
-393421,0,0
-123579,0,0
-95089,0,0
-496039,0,0
-433737,0,0
-538147,0,0
-836872,0,0
357347,0,0
973450,0,0
-116259,0,0
-432314,0,0
-802001,0,0
-1110838,0,0
-1032911,0,0
-801654,0,0
-163799,0,0
755195,0,0
1212852,0,0
381317,0,0
-140994,0,0
-1063130,0,0
-799594,0,0
-274489,0,0
28977,0,0
198387,0,0
123297,0,0
264561,0,0
420201,0,0
599201,0,0
239212,0,0
435925,0,0
67034,0,0
-522601,0,0
-90439,0,0
935164,0,0
1015622,0,0
395800,0,0
249289,0,0
442156,0,0
320568,0,0
486805,0,0
348449,0,0
-22521,0,0
111447,0,0
488107,0,0
538529,0,0
303791,0,0
600770,0,0
172921,0,0
102442,0,0
379301,0,0
12381,0,0
-22169,0,0
71807,0,0
358961,0,0
240579,0,0
518946,0,0
118056,0,0
-189852,0,0
-37702,0,0
-197723,0,0
-56082,0,0
-28683,0,0
-92749,0,0
302547,0,0
834021,0,0
-396074,0,0
-218016,0,0
-287846,0,0
197338,0,0
609938,0,0
42010,0,0
-343175,0,0
54992,0,0
-122739,0,0
-232270,0,0
394681,0,0
-79728,0,0
-275262,0,0
-125566,0,0
-153054,0,0
490463,0,0
1185357,0,0
-363790,0,0
-640098,0,0
437978,0,0
595605,0,0
197087,0,0
-872057,0,0
-994549,0,0
284325,0,0
120303,0,0
383204,0,0
1400734,0,0
1143320,0,0
43512,0,0
-940620,0,0
-1137908,0,0
-210228,0,0
260195,0,0
210402,0,0
800610,0,0
481807,0,0
-169684,0,0
-45173,0,0
-107941,0,0
-296082,0,0
-261181,0,0
-64109,0,0
146636,0,0
912184,0,0
159965,0,0
-403327,0,0
-344722,0,0
-307345,0,0
21251,0,0
312520,0,0
-43109,0,0
712052,0,0
604695,0,0
-423521,0,0
-596837,0,0
8723,0,0
447991,0,0
287921,0,0
18013,0,0
67422,0,0
1471885,0,0
295566,0,0
-418165,0,0
41631,0,0
-288755,0,0
616481,0,0
638492,0,0
334385,0,0
-65649,0,0
423986,0,0
971047,0,0
163919,0,0
-326926,0,0
196312,0,0
1143633,0,0
316705,0,0
-392063,0,0
-353681,0,0
88420,0,0
2094,0,0
171595,0,0
622028,0,0
59076,0,0
-459009,0,0
-48660,0,0
1076263,0,0
953863,0,0
-123215,0,0
-500304,0,0
-81319,0,0
-586101,0,0
-116360,0,0
676781,0,0
411330,0,0
242885,0,0
-191043,0,0
-137429,0,0
-220721,0,0
-315163,0,0
-687126,0,0
197187,0,0
816629,0,0
851281,0,0
17278,0,0
-1093278,0,0
-1213070,0,0
-733490,0,0
-159017,0,0
-244888,0,0
362183,0,0
-33689,0,0
-214959,0,0
-349567,0,0
-709494,0,0
-1059424,0,0
-329268,0,0
-80820,0,0
-133676,0,0
194059,0,0
-56463,0,0
-814210,0,0
-839564,0,0
-615888,0,0
-184278,0,0
-231953,0,0
-365526,0,0
-487318,0,0
-434075,0,0
-138246,0,0
-208694,0,0
-1107884,0,0
-674737,0,0
146590,0,0
264654,0,0
-20594,0,0
-1133149,0,0
-1097714,0,0
-484477,0,0
-173915,0,0
-631331,0,0
-186491,0,0
-553692,0,0
-599749,0,0
-79055,0,0
-359313,0,0
-221837,0,0
-435141,0,0
-160069,0,0
-300773,0,0
-352943,0,0
-758854,0,0
-193762,0,0
31559,0,0
-400473,0,0
66302,0,0
-446206,0,0
-591222,0,0
348185,0,0
-434215,0,0
-647490,0,0
319205,0,0
152438,0,0
-40470,0,0
1078562,0,0
-90343,0,0
-813625,0,0
-231485,0,0
151668,0,0
165933,0,0
70226,0,0
-389386,0,0
-173885,0,0
641891,0,0
946924,0,0
252441,0,0
-76584,0,0
-316365,0,0
250249,0,0
409527,0,0
-320580,0,0
-119067,0,0
-387364,0,0
-34961,0,0
546298,0,0
545422,0,0
950821,0,0
-50843,0,0
-542635,0,0
-560651,0,0
33384,0,0
-95110,0,0
227876,0,0
300812,0,0
479773,0,0
349275,0,0
-777971,0,0
-674353,0,0
-478247,0,0
-307224,0,0
-403001,0,0
335343,0,0
-29121,0,0
-264979,0,0
-377540,0,0
-766671,0,0
-627398,0,0
-169732,0,0
53504,0,0
-392480,0,0
-580701,0,0
-686787,0,0
-367708,0,0
-277893,0,0
-289378,0,0
-39371,0,0
-208337,0,0
-721822,0,0
-447325,0,0
220843,0,0
-69155,0,0
-94787,0,0
-962721,0,0
-908253,0,0
-79319,0,0
-285138,0,0
87885,0,0
465475,0,0
-243764,0,0
-583773,0,0
-177478,0,0
-862419,0,0
98853,0,0
144635,0,0
-246594,0,0
-594016,0,0
-742612,0,0
-78364,0,0
486388,0,0
208871,0,0
-705134,0,0
-31365,0,0
-161247,0,0
-447487,0,0
-82511,0,0
-102905,0,0
215104,0,0
405670,0,0
-100915,0,0
-293190,0,0
-150900,0,0
-541991,0,0
207146,0,0
473668,0,0
77486,0,0
575345,0,0
379864,0,0
-179324,0,0
470199,0,0
938574,0,0
665599,0,0
295343,0,0
171633,0,0
258446,0,0
566616,0,0
624708,0,0
603451,0,0
374316,0,0
735343,0,0
1328019,0,0
1598252,0,0
870177,0,0
-223437,0,0
55705,0,0
370232,0,0
583923,0,0
637166,0,0
537155,0,0
631798,0,0
506525,0,0
790616,0,0
891410,0,0
-162177,0,0
260865,0,0
1129937,0,0
313382,0,0
91435,0,0
421635,0,0
527207,0,0
559126,0,0
485137,0,0
57747,0,0
621408,0,0
575875,0,0
160188,0,0
309162,0,0
402813,0,0
215024,0,0
341205,0,0
240640,0,0
-11752,0,0
328563,0,0
104259,0,0
-119444,0,0
33687,0,0
-12620,0,0
-7300,0,0
-91226,0,0
-80122,0,0
-72362,0,0
53944,0,0
-345293,0,0
-167161,0,0
-21459,0,0
-333246,0,0
-258147,0,0
-248365,0,0
-283321,0,0
-198435,0,0
-300660,0,0
-435524,0,0
-164029,0,0
-262845,0,0
-356165,0,0
-115688,0,0
-402876,0,0
-490666,0,0
-430571,0,0
-322541,0,0
-312292,0,0
-227489,0,0
-653691,0,0
-307304,0,0
-249187,0,0
-681742,0,0
-562803,0,0
-268861,0,0
-303858,0,0
42060,0,0
-171599,0,0
-561185,0,0
-600011,0,0
-729315,0,0
-817354,0,0
-342254,0,0
-112773,0,0
168939,0,0
-15321,0,0
-89566,0,0
-125735,0,0
-57231,0,0
-253240,0,0
146351,0,0
189780,0,0
-45469,0,0
235572,0,0
328276,0,0
316607,0,0
403726,0,0
486814,0,0
274604,0,0
682832,0,0
216979,0,0
119438,0,0
391315,0,0
-72392,0,0
393242,0,0
893316,0,0
1550407,0,0
1676941,0,0
784963,0,0
-641693,0,0
-338835,0,0
246386,0,0
370054,0,0
753648,0,0
537425,0,0
77843,0,0
122655,0,0
506817,0,0
487381,0,0
2271995,0,0
1639050,0,0
-342453,0,0
-433428,0,0
-256547,0,0
114534,0,0
120939,0,0
165122,0,0
803253,0,0
913404,0,0
1099814,0,0
679436,0,0
491939,0,0
327988,0,0
-321897,0,0
-21341,0,0
566878,0,0
498150,0,0
199123,0,0
46871,0,0
694380,0,0
595698,0,0
146434,0,0
119413,0,0
15931,0,0
-84664,0,0
-10044,0,0
-149880,0,0
-375713,0,0
-510806,0,0
-541349,0,0
403519,0,0
759812,0,0
191387,0,0
73635,0,0
-948600,0,0
-686075,0,0
66733,0,0
156281,0,0
-188292,0,0
-114245,0,0
-377687,0,0
-324581,0,0
14664,0,0
146178,0,0
-32303,0,0
-172876,0,0
-114375,0,0
-143209,0,0
-156230,0,0
-554451,0,0
-185623,0,0
186517,0,0
-39608,0,0
-393894,0,0
-692829,0,0
-474955,0,0
-560825,0,0
-787375,0,0
-1163498,0,0
-677561,0,0
-625559,0,0
-328898,0,0
505764,0,0
-97230,0,0
-822346,0,0
-948510,0,0
-655354,0,0
-1254107,0,0
-707475,0,0
-258240,0,0
305512,0,0
99691,0,0
-885492,0,0
-1048947,0,0
-697660,0,0
53924,0,0
124407,0,0
116300,0,0
-464277,0,0
-552291,0,0
140124,0,0
384871,0,0
-574000,0,0
-1051321,0,0
-212516,0,0
-278894,0,0
84387,0,0
80890,0,0
-340411,0,0
361689,0,0
404827,0,0
507851,0,0
-780345,0,0
-1308968,0,0
264417,0,0
777905,0,0
201613,0,0
-12819,0,0
-531436,0,0
147431,0,0
498404,0,0
504482,0,0
448450,0,0
-358046,0,0
-281565,0,0
-9944,0,0
-118362,0,0
660775,0,0
572362,0,0
-76697,0,0
28706,0,0
-26743,0,0
-237839,0,0
-52324,0,0
-218344,0,0
-361749,0,0
-368395,0,0
-258227,0,0
38723,0,0
817880,0,0
361837,0,0
-879885,0,0
-651542,0,0
-623351,0,0
-452629,0,0
174586,0,0
-79510,0,0
-497141,0,0
471696,0,0
302346,0,0
-790996,0,0
-692288,0,0
-655662,0,0
-412661,0,0
167245,0,0
725643,0,0
378430,0,0
185860,0,0
-444468,0,0
-429954,0,0
-250812,0,0
21370,0,0
386207,0,0
256251,0,0
89607,0,0
-84676,0,0
-54996,0,0
355741,0,0
757277,0,0
31440,0,0
-344523,0,0
-219965,0,0
12561,0,0
203920,0,0
378261,0,0
148662,0,0
-143771,0,0
-440405,0,0
-443629,0,0
-125145,0,0
-48075,0,0
-460411,0,0
-541016,0,0
-173539,0,0
-300176,0,0
-516584,0,0
-41245,0,0
-79224,0,0
-803017,0,0
-1327805,0,0
-650280,0,0
364311,0,0
310171,0,0
-135323,0,0
-837784,0,0
-1097941,0,0
-897783,0,0
-574651,0,0
-40868,0,0
86211,0,0
496415,0,0
-101736,0,0
-457007,0,0
-536487,0,0
-639801,0,0
-288107,0,0
467837,0,0
-181810,0,0
263769,0,0
-65547,0,0
-199837,0,0
-578639,0,0
-418204,0,0
552572,0,0
529385,0,0
-114128,0,0
-79359,0,0
-18880,0,0
192892,0,0
596410,0,0
53778,0,0
-63455,0,0
314936,0,0
52002,0,0
-138379,0,0
-56948,0,0
69732,0,0
315684,0,0
671063,0,0
188735,0,0
73500,0,0
239665,0,0
-108666,0,0
21199,0,0
344160,0,0
300994,0,0
113328,0,0
-122451,0,0
-260215,0,0
534352,0,0
421332,0,0
-10319,0,0
199667,0,0
346774,0,0
125755,0,0
99724,0,0
37726,0,0
491928,0,0
1097092,0,0
317288,0,0
-31002,0,0
181631,0,0
60838,0,0
150822,0,0
277911,0,0
163599,0,0
537967,0,0
387514,0,0
-435175,0,0
-219925,0,0
52871,0,0
76545,0,0
376864,0,0
1217788,0,0
607520,0,0
-811692,0,0
-664464,0,0
-520110,0,0
-340815,0,0
-54067,0,0
390533,0,0
595242,0,0
396364,0,0
-312921,0,0
-698045,0,0
-483394,0,0
334922,0,0
654372,0,0
-379769,0,0
-278212,0,0
-201119,0,0
-190663,0,0
20565,0,0
619347,0,0
470853,0,0
-65193,0,0
-865857,0,0
-698964,0,0
93170,0,0
149300,0,0
537396,0,0
553592,0,0
-238413,0,0
-489441,0,0
-668111,0,0
25020,0,0
262607,0,0
275895,0,0
-34278,0,0
598630,0,0
-18163,0,0
-389925,0,0
280130,0,0
-165774,0,0
-571131,0,0
-211845,0,0
242595,0,0
354825,0,0
619679,0,0
16784,0,0
-501352,0,0
-296602,0,0
-34575,0,0
355601,0,0
389596,0,0
-200495,0,0
-243971,0,0
-279968,0,0
-419222,0,0
-256254,0,0
121605,0,0
343554,0,0
44085,0,0
-320437,0,0
-626024,0,0
-238655,0,0
-257473,0,0
-121360,0,0
178096,0,0
-535354,0,0
-474941,0,0
-443707,0,0
114235,0,0
351870,0,0
-344260,0,0
-279432,0,0
-449270,0,0
-386021,0,0
-320584,0,0
67372,0,0
-127378,0,0
-226375,0,0
304223,0,0
517576,0,0
-418367,0,0
-892978,0,0
-259288,0,0
-102730,0,0
145149,0,0
885929,0,0
1142009,0,0
-403651,0,0
-1220322,0,0
-622549,0,0
-25894,0,0
464229,0,0
684998,0,0
80154,0,0
-562307,0,0
-464582,0,0
77604,0,0
476904,0,0
575409,0,0
226746,0,0
-579714,0,0
-557133,0,0
-380062,0,0
-239066,0,0
622266,0,0
533149,0,0
566649,0,0
-29996,0,0
-904241,0,0
-132744,0,0
41905,0,0
142583,0,0
146721,0,0
301225,0,0
-334443,0,0
-373812,0,0
240640,0,0
764214,0,0
29324,0,0
-146405,0,0
80921,0,0
339675,0,0
-191028,0,0
-98951,0,0
427510,0,0
217459,0,0
-65918,0,0
-11537,0,0
243466,0,0
447127,0,0
520370,0,0
-49719,0,0
-388259,0,0
242209,0,0
342992,0,0
207614,0,0
-482226,0,0
-326700,0,0
926955,0,0
956766,0,0
170980,0,0
64841,0,0
-41382,0,0
201970,0,0
179756,0,0
-177658,0,0
343384,0,0
211789,0,0
643992,0,0
669547,0,0
162642,0,0
86756,0,0
245064,0,0
32756,0,0
-57699,0,0
317589,0,0
95255,0,0
72857,0,0
287322,0,0
181118,0,0
725459,0,0
224477,0,0
-293733,0,0
-239653,0,0
99366,0,0
-22709,0,0
59875,0,0
204031,0,0
57562,0,0
261023,0,0
253260,0,0
32804,0,0
-41271,0,0
85660,0,0
90964,0,0
199354,0,0
27703,0,0
-72585,0,0
562958,0,0
900649,0,0
-37711,0,0
-712880,0,0
-558902,0,0
76141,0,0
777464,0,0
790253,0,0
956071,0,0
-66665,0,0
-953897,0,0
-453846,0,0
-17695,0,0
392157,0,0
222434,0,0
88696,0,0
-35220,0,0
-36767,0,0
-303245,0,0
-596099,0,0
-87244,0,0
255236,0,0
462437,0,0
-304153,0,0
-318235,0,0
-183297,0,0
215930,0,0
446621,0,0
-331167,0,0
-340407,0,0
-109910,0,0
-181352,0,0
-89553,0,0
-288573,0,0
176182,0,0
615644,0,0
974094,0,0
464392,0,0
-172399,0,0
-90823,0,0
372844,0,0
-176217,0,0
-257392,0,0
-134027,0,0
287819,0,0
454569,0,0
457800,0,0
47080,0,0
175054,0,0
721945,0,0
364345,0,0
-8472,0,0
-698650,0,0
-221591,0,0
105473,0,0
806889,0,0
603254,0,0
118000,0,0
-274961,0,0
-80696,0,0
127087,0,0
176607,0,0
268098,0,0
-112925,0,0
-373347,0,0
-291166,0,0
86511,0,0
-47214,0,0
441077,0,0
456288,0,0
-447697,0,0
-577384,0,0
-568576,0,0
-222158,0,0
142202,0,0
154446,0,0
-270714,0,0
-315164,0,0
-306453,0,0
-364309,0,0
-361807,0,0
-318713,0,0
-397258,0,0
-415834,0,0
-387136,0,0
7556,0,0
107454,0,0
-406954,0,0
-338540,0,0
-8913,0,0
-599914,0,0
-674218,0,0
-238850,0,0
-202730,0,0
-100521,0,0
49373,0,0
-837232,0,0
-460252,0,0
-321557,0,0
-3871,0,0
660235,0,0
719816,0,0
-327085,0,0
-854366,0,0
-296802,0,0
42612,0,0
26934,0,0
-315945,0,0
84444,0,0
462134,0,0
798567,0,0
352724,0,0
-483281,0,0
-592705,0,0
-40526,0,0
625512,0,0
697990,0,0
556183,0,0
-304011,0,0
-322346,0,0
548674,0,0
521929,0,0
389174,0,0
-168152,0,0
119578,0,0
248789,0,0
839354,0,0
806946,0,0
167176,0,0
67022,0,0
-219372,0,0
26382,0,0
401411,0,0
-308461,0,0
-245825,0,0
819035,0,0
738766,0,0
1082913,0,0
651846,0,0
-622225,0,0
-95760,0,0
-77880,0,0
-94834,0,0
24925,0,0
-171777,0,0
-297709,0,0
319897,0,0
786625,0,0
343955,0,0
-30694,0,0
-626924,0,0
-935480,0,0
381824,0,0
1323457,0,0
163917,0,0
-553802,0,0
-727846,0,0
-325976,0,0
192041,0,0
137626,0,0
273372,0,0
-58720,0,0
-361908,0,0
-226874,0,0
68366,0,0
139207,0,0
133219,0,0
205999,0,0
-217255,0,0
-298608,0,0
-192933,0,0
-244200,0,0
-225579,0,0
-354315,0,0
-328119,0,0
-4185,0,0
-128417,0,0
-181637,0,0
-442042,0,0
-71022,0,0
391376,0,0
-323643,0,0
-727813,0,0
-302622,0,0
479844,0,0
-69569,0,0
-365215,0,0
-298855,0,0
-172834,0,0
4016,0,0
-123855,0,0
85310,0,0
-212563,0,0
-643882,0,0
421210,0,0
938500,0,0
18725,0,0
-50489,0,0
-341596,0,0
-780066,0,0
-317379,0,0
90047,0,0
-9743,0,0
203651,0,0
139510,0,0
22360,0,0
696392,0,0
670800,0,0
-330462,0,0
-561939,0,0
-249727,0,0
-204691,0,0
215437,0,0
891575,0,0
92243,0,0
-269116,0,0
-294047,0,0
222615,0,0
160175,0,0
7494,0,0
183398,0,0
600722,0,0
49865,0,0
-403280,0,0
-403616,0,0
-37254,0,0
388282,0,0
646434,0,0
168426,0,0
-511708,0,0
-122786,0,0
739447,0,0
263340,0,0
-163700,0,0
152655,0,0
555466,0,0
-117808,0,0
-309020,0,0
-93524,0,0
-147988,0,0
361175,0,0
407294,0,0
266669,0,0
280127,0,0
-257269,0,0
-507588,0,0
-346586,0,0
510819,0,0
721757,0,0
-302630,0,0
-642354,0,0
-499136,0,0
-139616,0,0
-5010,0,0
133143,0,0
-78298,0,0
-624666,0,0
-122637,0,0
87436,0,0
-228569,0,0
96765,0,0
286900,0,0
-482182,0,0
-731450,0,0
-486487,0,0
-41955,0,0
189889,0,0
64278,0,0
50126,0,0
261271,0,0
7806,0,0
-87170,0,0
-337179,0,0
-89923,0,0
-62559,0,0
-270467,0,0
-74829,0,0
279069,0,0
326941,0,0
44992,0,0
225547,0,0
-109169,0,0
-266946,0,0
-151834,0,0
63049,0,0
-46074,0,0
-342781,0,0
-480606,0,0
293288,0,0
879880,0,0
162872,0,0
-224799,0,0
-200338,0,0
-402421,0,0
-572500,0,0
-237987,0,0
205321,0,0
967841,0,0
157730,0,0
-464495,0,0
-476724,0,0
36406,0,0
291717,0,0
-296902,0,0
-362554,0,0
483983,0,0
11988,0,0
-343371,0,0
17739,0,0
509491,0,0
-100927,0,0
-373585,0,0
82786,0,0
-47036,0,0
-50181,0,0
331319,0,0
244946,0,0
22894,0,0
-140779,0,0
-3185,0,0
199288,0,0
-20609,0,0
-41475,0,0
500773,0,0
70150,0,0
-165992,0,0
19822,0,0
-250247,0,0
-150748,0,0
100700,0,0
187849,0,0
395024,0,0
435797,0,0
335088,0,0
-257261,0,0
-654467,0,0
-1040610,0,0
-242335,0,0
35135,0,0
941973,0,0
1432295,0,0
380036,0,0
-363843,0,0
-376778,0,0
-491691,0,0
-142416,0,0
157217,0,0
181788,0,0
303267,0,0
330839,0,0
-259976,0,0
-248249,0,0
745760,0,0
642335,0,0
-19487,0,0
-207299,0,0
-220241,0,0
-124374,0,0
256160,0,0
228273,0,0
158457,0,0
80397,0,0
118252,0,0
245020,0,0
165308,0,0
-38498,0,0
-155645,0,0
-479129,0,0
-242752,0,0
107816,0,0
1267113,0,0
1182712,0,0
-412959,0,0
-633667,0,0
-219537,0,0
-278024,0,0
-8415,0,0
364788,0,0
127112,0,0
42129,0,0
271664,0,0
255413,0,0
159550,0,0
-68525,0,0
34131,0,0
489057,0,0
-80072,0,0
-764944,0,0
-268883,0,0
196398,0,0
-164185,0,0
266330,0,0
848942,0,0
97392,0,0
-339212,0,0
-316472,0,0
-218161,0,0
-144291,0,0
-159005,0,0
251738,0,0
79905,0,0
-37701,0,0
338980,0,0
-47676,0,0
-174505,0,0
-35479,0,0
12388,0,0
316976,0,0
406483,0,0
-26683,0,0
6600,0,0
3216,0,0
-3394,0,0
112510,0,0
8364,0,0
-205971,0,0
-349392,0,0
40348,0,0
406571,0,0
740888,0,0
501073,0,0
-526346,0,0
-507745,0,0
-260055,0,0
-131559,0,0
292843,0,0
276458,0,0
-235190,0,0
32580,0,0
595312,0,0
38326,0,0
133959,0,0
249125,0,0
-538436,0,0
-719735,0,0
-184420,0,0
1047382,0,0
1277010,0,0
128423,0,0
-224092,0,0
-96006,0,0
-17640,0,0
329828,0,0
141077,0,0
115092,0,0
115096,0,0
-58028,0,0
-241162,0,0
-188870,0,0
289943,0,0
909237,0,0
400700,0,0
-923970,0,0
-372110,0,0
405672,0,0
450629,0,0
69468,0,0
-261877,0,0
-121898,0,0
-334498,0,0
-254148,0,0
-160039,0,0
93498,0,0
552979,0,0
325669,0,0
-3577,0,0
-73820,0,0
-346203,0,0
262650,0,0
454901,0,0
24836,0,0
-191484,0,0
-318850,0,0
-98293,0,0
336894,0,0
-2646,0,0
145082,0,0
281989,0,0
75320,0,0
-334938,0,0
-254710,0,0
-170803,0,0
-403995,0,0
-410742,0,0
198338,0,0
-5939,0,0
116323,0,0
619685,0,0
117422,0,0
-621852,0,0
-866484,0,0
-152648,0,0
262062,0,0
339616,0,0
-61277,0,0
-322155,0,0
-112136,0,0
186363,0,0
114860,0,0
98290,0,0
-157020,0,0
-157579,0,0
-224194,0,0
53320,0,0
488734,0,0
694757,0,0
-109227,0,0
-655055,0,0
-343256,0,0
-317299,0,0
-74702,0,0
813903,0,0
647072,0,0
-53538,0,0
-426653,0,0
-473286,0,0
-422276,0,0
-147070,0,0
418456,0,0
441135,0,0
107953,0,0
-462431,0,0
-423592,0,0
-258242,0,0
32643,0,0
-301092,0,0
148514,0,0
337009,0,0
-226276,0,0
-791216,0,0
-794721,0,0
-376641,0,0
16157,0,0
33800,0,0
247005,0,0
-369384,0,0
-898621,0,0
-525738,0,0
31680,0,0
-117105,0,0
-2587,0,0
223239,0,0
-692083,0,0
-878054,0,0
-356726,0,0
-273100,0,0
166126,0,0
429363,0,0
40129,0,0
-431273,0,0
129545,0,0
-85382,0,0
170472,0,0
420825,0,0
-768076,0,0
-336345,0,0
677862,0,0
895006,0,0
313199,0,0
-459979,0,0
-359505,0,0
-254108,0,0
-30080,0,0
-153641,0,0
545202,0,0
1598162,0,0
296947,0,0
-73,0,0
-724324,0,0
-345895,0,0
7636,0,0
341544,0,0
369931,0,0
135877,0,0
-87516,0,0
-229391,0,0
-164597,0,0
175580,0,0
253910,0,0
355634,0,0
168233,0,0
-46607,0,0
-537409,0,0
90195,0,0
630894,0,0
-72724,0,0
-328816,0,0
-222020,0,0
194664,0,0
104390,0,0
-387746,0,0
-226953,0,0
-266742,0,0
157777,0,0
244519,0,0
159548,0,0
-370356,0,0
-185118,0,0
4574,0,0
-500240,0,0
-132575,0,0
533147,0,0
-479371,0,0
-786975,0,0
58441,0,0
257247,0,0
-815890,0,0
-283849,0,0
376224,0,0
803146,0,0
-55497,0,0
-998506,0,0
-482115,0,0
27689,0,0
515705,0,0
322633,0,0
-396615,0,0
-370203,0,0
238850,0,0
-105234,0,0
305517,0,0
554386,0,0
6513,0,0
-349424,0,0
-232583,0,0
340676,0,0
1240913,0,0
544806,0,0
-386817,0,0
-273182,0,0
302089,0,0
117851,0,0
-14552,0,0
127476,0,0
92464,0,0
179051,0,0
409177,0,0
437945,0,0
455391,0,0
-95234,0,0
27981,0,0
294295,0,0
-111567,0,0
-148023,0,0
200323,0,0
85908,0,0
28883,0,0
78620,0,0
-152437,0,0
281309,0,0
248899,0,0
-204506,0,0
-102001,0,0
-441567,0,0
-31770,0,0
725129,0,0
78141,0,0
-634691,0,0
-114453,0,0
109835,0,0
-111129,0,0
-435387,0,0
-542261,0,0
-309850,0,0
-83669,0,0
-373958,0,0
-218215,0,0
-111518,0,0
-335933,0,0
-476411,0,0
-344764,0,0
-185970,0,0
-527365,0,0
-446434,0,0
-856479,0,0
-1112623,0,0
-940483,0,0
-171471,0,0
624711,0,0
1316260,0,0
-501080,0,0
-1175403,0,0
-1382452,0,0
-217163,0,0
26838,0,0
58718,0,0
-47286,0,0
-360031,0,0
-354214,0,0
-31888,0,0
428967,0,0
491546,0,0
279367,0,0
-335763,0,0
-729465,0,0
-566129,0,0
-212931,0,0
462231,0,0
716318,0,0
102102,0,0
-318049,0,0
-418799,0,0
-340164,0,0
104125,0,0
120113,0,0
-258181,0,0
-95412,0,0
49637,0,0
-119469,0,0
12549,0,0
167810,0,0
-56447,0,0
-429135,0,0
-178212,0,0
34299,0,0
-127853,0,0
-242600,0,0
-258018,0,0
-133718,0,0
373873,0,0
762831,0,0
238798,0,0
-855061,0,0
-710447,0,0
-77184,0,0
105142,0,0
195171,0,0
580250,0,0
111091,0,0
-246078,0,0
21354,0,0
-409757,0,0
198128,0,0
217466,0,0
-373687,0,0
-57847,0,0
329985,0,0
606326,0,0
-163080,0,0
-256704,0,0
-510127,0,0
132931,0,0
635954,0,0
189676,0,0
-151488,0,0
-78067,0,0
-230602,0,0
41106,0,0
655624,0,0
489627,0,0
182976,0,0
-135727,0,0
-91824,0,0
7861,0,0
-137760,0,0
164579,0,0
32969,0,0
-172844,0,0
-62005,0,0
168325,0,0
399607,0,0
23425,0,0
-385119,0,0
-228884,0,0
-328870,0,0
-262465,0,0
-319047,0,0
-119681,0,0
84954,0,0
-45029,0,0
52358,0,0
-372063,0,0
-977619,0,0
-566021,0,0
-262650,0,0
-250945,0,0
584849,0,0
361915,0,0
-318329,0,0
-371042,0,0
-235568,0,0
50168,0,0
-709002,0,0
-483101,0,0
297951,0,0
-69965,0,0
63587,0,0
607452,0,0
301361,0,0
-177834,0,0
-400626,0,0
-222337,0,0
78247,0,0
487349,0,0
71,0,0
-621268,0,0
-416940,0,0
-60558,0,0
409443,0,0
805152,0,0
73409,0,0
38121,0,0
352203,0,0
-649562,0,0
-515206,0,0
-231647,0,0
-58331,0,0
396215,0,0
496064,0,0
575250,0,0
-165294,0,0
100336,0,0
387016,0,0
309114,0,0
126501,0,0
-266247,0,0
-493030,0,0
85892,0,0
300090,0,0
410760,0,0
1159883,0,0
417690,0,0
-276929,0,0
-344122,0,0
295554,0,0
306210,0,0
422398,0,0
50187,0,0
-498119,0,0
207475,0,0
476773,0,0
374115,0,0
-128840,0,0
17754,0,0
-76896,0,0
67180,0,0
-212099,0,0
-333702,0,0
740701,0,0
366004,0,0
-365401,0,0
-501900,0,0
-405092,0,0
192132,0,0
269635,0,0
-265724,0,0
26859,0,0
-10462,0,0
-150956,0,0
-243538,0,0
-155563,0,0
-64585,0,0
-249031,0,0
-43238,0,0
-50896,0,0
-163949,0,0
-276418,0,0
211617,0,0
195590,0,0
-709825,0,0
-671077,0,0
-12710,0,0
144897,0,0
-371879,0,0
-532674,0,0
-234584,0,0
-73435,0,0
549754,0,0
340389,0,0
-607047,0,0
-575798,0,0
-551367,0,0
-798925,0,0
-346694,0,0
377026,0,0
1261323,0,0
-37809,0,0
-876613,0,0
-190273,0,0
8702,0,0
-107954,0,0
-23972,0,0
-179888,0,0
-222213,0,0
49845,0,0
-67461,0,0
205961,0,0
405838,0,0
356420,0,0
117935,0,0
-103226,0,0
-524647,0,0
-79904,0,0
390071,0,0
22389,0,0
220856,0,0
311805,0,0
451890,0,0
151277,0,0
-104265,0,0
17581,0,0
550402,0,0
-3292,0,0
-145250,0,0
380856,0,0
794206,0,0
584879,0,0
-31839,0,0
-235693,0,0
3625,0,0
360471,0,0
462674,0,0
803274,0,0
309217,0,0
61976,0,0
260795,0,0
122783,0,0
453125,0,0
815709,0,0
63116,0,0
-248285,0,0
-48191,0,0
-91422,0,0
235138,0,0
377212,0,0
1214069,0,0
1273101,0,0
-67780,0,0
-452885,0,0
-219777,0,0
-103779,0,0
-126320,0,0
15601,0,0
180865,0,0
1005963,0,0
899782,0,0
-5737,0,0
-314556,0,0
108979,0,0
165674,0,0
59633,0,0
164204,0,0
-497965,0,0
-593321,0,0
94632,0,0
868955,0,0
910623,0,0
-134677,0,0
-785200,0,0
-363591,0,0
-328018,0,0
-325267,0,0
257595,0,0
114179,0,0
-1158313,0,0
-1046972,0,0
-434277,0,0
293476,0,0
1435173,0,0
893763,0,0
-1082826,0,0
-1366762,0,0
-368766,0,0
50778,0,0
83624,0,0
196215,0,0
-10507,0,0
-220628,0,0
-64857,0,0
219594,0,0
270208,0,0
297451,0,0
97638,0,0
-261369,0,0
-111121,0,0
206383,0,0
322832,0,0
61095,0,0
76699,0,0
-127160,0,0
-392483,0,0
311859,0,0
874384,0,0
7471,0,0
-598084,0,0
-355875,0,0
158528,0,0
551488,0,0
390567,0,0
-93114,0,0
-226010,0,0
120268,0,0
62242,0,0
472098,0,0
238613,0,0
-79844,0,0
128319,0,0
156685,0,0
494926,0,0
77645,0,0
-113406,0,0
364159,0,0
-6214,0,0
-133205,0,0
270785,0,0
423951,0,0
145881,0,0
148621,0,0
-149381,0,0
109531,0,0
82845,0,0
-449937,0,0
-69013,0,0
-27588,0,0
222020,0,0
237935,0,0
-410847,0,0
-566187,0,0
-67904,0,0
-42669,0,0
-474985,0,0
-416454,0,0
-342685,0,0
89239,0,0
-257964,0,0
-345006,0,0
-32886,0,0
58223,0,0
-305781,0,0
-254461,0,0
-715384,0,0
-201411,0,0
562476,0,0
522600,0,0
-307655,0,0
-604508,0,0
-686490,0,0
-194233,0,0
425950,0,0
-18149,0,0
-444317,0,0
-121898,0,0
-426230,0,0
-380748,0,0
241594,0,0
507903,0,0
-455210,0,0
-499667,0,0
-298280,0,0
-147482,0,0
-472714,0,0
-194805,0,0
690637,0,0
301318,0,0
-202434,0,0
128749,0,0
-246529,0,0
-655561,0,0
-140845,0,0
-8610,0,0
572091,0,0
907518,0,0
62653,0,0
-49314,0,0
50517,0,0
-203439,0,0
-453421,0,0
303835,0,0
503875,0,0
815457,0,0
623920,0,0
-213544,0,0
-414343,0,0
-179195,0,0
2614,0,0
334051,0,0
445242,0,0
331183,0,0
388393,0,0
98785,0,0
27542,0,0
195158,0,0
-207529,0,0
-32146,0,0
-139863,0,0
31811,0,0
856175,0,0
182504,0,0
911128,0,0
1003107,0,0
36759,0,0
-743572,0,0
-404346,0,0
418478,0,0
723170,0,0
464860,0,0
610419,0,0
418527,0,0
254392,0,0
142193,0,0
91644,0,0
509810,0,0
650549,0,0
280671,0,0
52772,0,0
434784,0,0
-2935,0,0
95370,0,0
-67070,0,0
273871,0,0
40477,0,0
-177088,0,0
-395268,0,0
-380258,0,0
454697,0,0
508373,0,0
150440,0,0
-232873,0,0
-1121563,0,0
-842267,0,0
148520,0,0
1166663,0,0
77713,0,0
-503903,0,0
29772,0,0
368814,0,0
-676232,0,0
-734424,0,0
163218,0,0
616342,0,0
574755,0,0
141470,0,0
-3373,0,0
-85665,0,0
-231358,0,0
193798,0,0
530337,0,0
152088,0,0
125370,0,0
-12235,0,0
-230554,0,0
631520,0,0
390172,0,0
-211191,0,0
-547925,0,0
-291253,0,0
-148550,0,0
34865,0,0
425094,0,0
345352,0,0
-234713,0,0
-568731,0,0
77082,0,0
118426,0,0
-189655,0,0
32529,0,0
95299,0,0
-64176,0,0
-12815,0,0
-173075,0,0
-325198,0,0
-111262,0,0
-115151,0,0
46070,0,0
429677,0,0
242752,0,0
59185,0,0
292138,0,0
93145,0,0
-360765,0,0
-224526,0,0
-325486,0,0
-94158,0,0
294120,0,0
412866,0,0
397340,0,0
-187410,0,0
-764526,0,0
-473304,0,0
146939,0,0
870611,0,0
395111,0,0
-462246,0,0
-257857,0,0
245819,0,0
-77259,0,0
-34265,0,0
79467,0,0
-211347,0,0
375688,0,0
786480,0,0
-16549,0,0
-624557,0,0
-294322,0,0
-67756,0,0
129904,0,0
-264541,0,0
-204222,0,0
101711,0,0
38397,0,0
218533,0,0
21533,0,0
-621150,0,0
-573110,0,0
-139276,0,0
-171265,0,0
139146,0,0
-273556,0,0
-236304,0,0
376895,0,0
-39767,0,0
-641640,0,0
-600440,0,0
121598,0,0
278581,0,0
444649,0,0
422994,0,0
-390526,0,0
-396548,0,0
-250647,0,0
-50968,0,0
614039,0,0
206108,0,0
316816,0,0
168254,0,0
-307862,0,0
-92677,0,0
521392,0,0
30448,0,0
-65321,0,0
91369,0,0
-26246,0,0
-176747,0,0
138358,0,0
582915,0,0
-132783,0,0
200061,0,0
594906,0,0
-190787,0,0
61386,0,0
120005,0,0
75457,0,0
-240681,0,0
-167799,0,0
262065,0,0
-196109,0,0
384602,0,0
1053906,0,0
156453,0,0
119647,0,0
-73875,0,0
-343604,0,0
32122,0,0
320272,0,0
158435,0,0
35036,0,0
-175145,0,0
44023,0,0
290758,0,0
95943,0,0
248141,0,0
81558,0,0
-35309,0,0
-95327,0,0
-280371,0,0
-593593,0,0
188214,0,0
886554,0,0
531297,0,0
-262413,0,0
-674106,0,0
1182,0,0
-32713,0,0
-361558,0,0
178645,0,0
774466,0,0
512719,0,0
-199935,0,0
-124017,0,0
-397634,0,0
-426800,0,0
-28938,0,0
222806,0,0
563130,0,0
724409,0,0
-96811,0,0
-370268,0,0
31411,0,0
117123,0,0
259078,0,0
178259,0,0
150057,0,0
305906,0,0
-230368,0,0
319145,0,0
959098,0,0
450569,0,0
-35596,0,0
-83092,0,0
-446542,0,0
-323401,0,0
528080,0,0
735394,0,0
351173,0,0
290117,0,0
522961,0,0
34525,0,0
-45459,0,0
-320212,0,0
112618,0,0
162911,0,0
-579649,0,0
-187443,0,0
-340015,0,0
-28619,0,0
406174,0,0
-270491,0,0
437073,0,0
1392364,0,0
-677468,0,0
-1336818,0,0
-400154,0,0
-307716,0,0
7322,0,0
316401,0,0
81680,0,0
-120650,0,0
-51917,0,0
-321993,0,0
-296846,0,0
-478492,0,0
-701211,0,0
-550842,0,0
-466393,0,0
-544037,0,0
259394,0,0
-57471,0,0
-979593,0,0
-628471,0,0
496480,0,0
-273388,0,0
-1034293,0,0
-1121454,0,0
-748703,0,0
-276226,0,0
32973,0,0
-317864,0,0
-584879,0,0
-649872,0,0
-631019,0,0
-150162,0,0
-61941,0,0
60830,0,0
324527,0,0
-185000,0,0
-478563,0,0
-930714,0,0
-779538,0,0
110360,0,0
-228915,0,0
-432507,0,0
78282,0,0
-186013,0,0
-233072,0,0
-70616,0,0
-489466,0,0
-413672,0,0
291858,0,0
514633,0,0
-142682,0,0
-622998,0,0
-709804,0,0
-153003,0,0
-9995,0,0
-205650,0,0
-42448,0,0
-261800,0,0
-363003,0,0
1124910,0,0
1116691,0,0
42005,0,0
-806607,0,0
-696797,0,0
185915,0,0
557979,0,0
433982,0,0
203944,0,0
33355,0,0
28098,0,0
492029,0,0
689964,0,0
-168065,0,0
-477359,0,0
-176705,0,0
-33058,0,0
346011,0,0
386237,0,0
-26074,0,0
-301204,0,0
-232856,0,0
140966,0,0
-187391,0,0
-201314,0,0
111042,0,0
19214,0,0
-176855,0,0
-635828,0,0
-283406,0,0
-612152,0,0
-746544,0,0
-415603,0,0
-337008,0,0
-148427,0,0
359856,0,0
148300,0,0
-565500,0,0
-455528,0,0
-442705,0,0
-234066,0,0
-195495,0,0
-657050,0,0
-440188,0,0
-574411,0,0
-173050,0,0
300551,0,0
215062,0,0
-672218,0,0
-284864,0,0
51062,0,0
297269,0,0
978660,0,0
-158915,0,0
-849983,0,0
-117871,0,0
199132,0,0
-34004,0,0
-281820,0,0
262981,0,0
760111,0,0
-77299,0,0
-530765,0,0
161214,0,0
133822,0,0
289339,0,0
337384,0,0
-142010,0,0
200772,0,0
602796,0,0
204612,0,0
-86213,0,0
565207,0,0
208852,0,0
230270,0,0
129938,0,0
165546,0,0
-5357,0,0
304826,0,0
322578,0,0
318098,0,0
413105,0,0
308136,0,0
208191,0,0
159089,0,0
272375,0,0
819316,0,0
788967,0,0
-230216,0,0
-288062,0,0
-135824,0,0
314219,0,0
320800,0,0
147662,0,0
724820,0,0
510900,0,0
-126258,0,0
-627810,0,0
-32737,0,0
769339,0,0
1714410,0,0
558804,0,0
-931039,0,0
-303314,0,0
262128,0,0
459668,0,0
589853,0,0
594613,0,0
374405,0,0
432555,0,0
213743,0,0
300092,0,0
527403,0,0
594679,0,0
734980,0,0
445052,0,0
-19323,0,0
67413,0,0
346861,0,0
-55557,0,0
96109,0,0
-134167,0,0
-319685,0,0
276772,0,0
959974,0,0
918375,0,0
191089,0,0
151066,0,0
-327763,0,0
-1006669,0,0
-767027,0,0
-227566,0,0
-148740,0,0
-102920,0,0
700701,0,0
458528,0,0
-310449,0,0
-964646,0,0
-1028708,0,0
-365741,0,0
453254,0,0
478257,0,0
495863,0,0
-863224,0,0
-1637443,0,0
-449861,0,0
119984,0,0
243040,0,0
-43613,0,0
-170103,0,0
-585095,0,0
-598840,0,0
-130538,0,0
-78781,0,0
57709,0,0
91072,0,0
-130408,0,0
-50264,0,0
-542726,0,0
-792579,0,0
-230318,0,0
43091,0,0
-21417,0,0
265205,0,0
77524,0,0
139838,0,0
29760,0,0
-420555,0,0
-260576,0,0
283928,0,0
-233187,0,0
106789,0,0
371709,0,0
33634,0,0
-101896,0,0
-268097,0,0
-191479,0,0
-68006,0,0
-177613,0,0
109721,0,0
902584,0,0
250341,0,0
-396816,0,0
-165816,0,0
-131283,0,0
-343167,0,0
-228235,0,0
71175,0,0
-41153,0,0
84107,0,0
247658,0,0
628232,0,0
282931,0,0
-333504,0,0
-453296,0,0
-263995,0,0
304737,0,0
375734,0,0
137570,0,0
-531937,0,0
6040,0,0
-25944,0,0
-133933,0,0
-134087,0,0
-279569,0,0
-131076,0,0
-130997,0,0
-162004,0,0
-144877,0,0
-261453,0,0
-494417,0,0
289316,0,0
134480,0,0
-768560,0,0
-553803,0,0
389746,0,0
726113,0,0
30467,0,0
-772895,0,0
-701562,0,0
217059,0,0
383787,0,0
30188,0,0
463714,0,0
458145,0,0
190519,0,0
-139428,0,0
-294777,0,0
-359951,0,0
111013,0,0
443732,0,0
524396,0,0
117467,0,0
333551,0,0
-151462,0,0
251292,0,0
642017,0,0
209836,0,0
-170779,0,0
-91656,0,0
610380,0,0
111267,0,0
-101542,0,0
356360,0,0
638825,0,0
765849,0,0
183266,0,0
56520,0,0
347025,0,0
290102,0,0
-93438,0,0
390769,0,0
386243,0,0
-62870,0,0
48211,0,0
-8322,0,0
573922,0,0
617171,0,0
-669,0,0
-346344,0,0
371367,0,0
209747,0,0
81836,0,0
558804,0,0
-230302,0,0
109462,0,0
472274,0,0
91097,0,0
285032,0,0
437497,0,0
-350416,0,0
-199653,0,0
368725,0,0
478947,0,0
367373,0,0
25265,0,0
611756,0,0
575711,0,0
-95828,0,0
-142728,0,0
354027,0,0
332783,0,0
64488,0,0
29614,0,0
193075,0,0
412784,0,0
692914,0,0
808112,0,0
219577,0,0
91355,0,0
259550,0,0
439891,0,0
130491,0,0
-3114,0,0
367970,0,0
196126,0,0
340117,0,0
1141128,0,0
563021,0,0
-715798,0,0
-158763,0,0
200872,0,0
393989,0,0
509458,0,0
105187,0,0
124360,0,0
-144253,0,0
-137858,0,0
-403802,0,0
-343391,0,0
87878,0,0
837541,0,0
1123630,0,0
-536011,0,0
-893985,0,0
-626940,0,0
-17580,0,0
787410,0,0
309134,0,0
-537645,0,0
51466,0,0
361186,0,0
-24359,0,0
-360415,0,0
-324431,0,0
264548,0,0
491634,0,0
-166866,0,0
47476,0,0
455346,0,0
-293413,0,0
-287765,0,0
-28611,0,0
255919,0,0
-276536,0,0
-186315,0,0
353696,0,0
-189637,0,0
-390581,0,0
-481067,0,0
-25252,0,0
34805,0,0
-79517,0,0
-323704,0,0
-812710,0,0
-450323,0,0
389093,0,0
155418,0,0
-690962,0,0
-283143,0,0
-587440,0,0
-761352,0,0
337886,0,0
563964,0,0
-231013,0,0
-509034,0,0
-628856,0,0
-235725,0,0
252791,0,0
-48395,0,0
-137361,0,0
-177048,0,0
9580,0,0
113518,0,0
-171524,0,0
-394378,0,0
29063,0,0
342366,0,0
665861,0,0
103695,0,0
-874849,0,0
-304302,0,0
552363,0,0
-229266,0,0
-162304,0,0
-243174,0,0
-840165,0,0
-270497,0,0
656842,0,0
334280,0,0
1140072,0,0
394362,0,0
-867982,0,0
-764456,0,0
-599595,0,0
-150218,0,0
152772,0,0
407261,0,0
605077,0,0
521988,0,0
-64995,0,0
-449967,0,0
-72144,0,0
327223,0,0
537414,0,0
-158316,0,0
-526156,0,0
-3670,0,0
129120,0,0
293153,0,0
115495,0,0
-255878,0,0
-296118,0,0
-371549,0,0
-12300,0,0
500550,0,0
475981,0,0
10908,0,0
-54509,0,0
400502,0,0
-57048,0,0
-373278,0,0
-322349,0,0
-29183,0,0
-20923,0,0
-118701,0,0
135780,0,0
246859,0,0
-49961,0,0
-421790,0,0
-25632,0,0
617626,0,0
874753,0,0
-81875,0,0
-1104758,0,0
-679217,0,0
-342837,0,0
290708,0,0
912192,0,0
365382,0,0
-420812,0,0
-424438,0,0
-255472,0,0
-17588,0,0
327606,0,0
361905,0,0
341432,0,0
-500450,0,0
-495204,0,0
-291598,0,0
340814,0,0
814136,0,0
521863,0,0
60814,0,0
-650635,0,0
-954154,0,0
-359562,0,0
235624,0,0
1220745,0,0
1336033,0,0
-250341,0,0
-362825,0,0
-291174,0,0
-430263,0,0
196273,0,0
335495,0,0
379576,0,0
586746,0,0
-202043,0,0
-456711,0,0
135538,0,0
-295436,0,0
98482,0,0
701086,0,0
-100932,0,0
179250,0,0
-81911,0,0
-959807,0,0
-272912,0,0
642047,0,0
607640,0,0
-114895,0,0
-463301,0,0
-512039,0,0
-340725,0,0
-320803,0,0
-405842,0,0
-232846,0,0
446332,0,0
311961,0,0
173718,0,0
-172570,0,0
-176018,0,0
-78317,0,0
-358208,0,0
-604273,0,0
-512229,0,0
-9231,0,0
-47000,0,0
134246,0,0
-54882,0,0
-152948,0,0
-95377,0,0
162823,0,0
244877,0,0
-87643,0,0
-479792,0,0
-236814,0,0
227183,0,0
-273890,0,0
24708,0,0
-175802,0,0
45896,0,0
180140,0,0
33874,0,0
351170,0,0
187396,0,0
-392676,0,0
-343043,0,0
67575,0,0
-642304,0,0
-246248,0,0
499594,0,0
286125,0,0
-392493,0,0
-125742,0,0
-754054,0,0
-794550,0,0
640312,0,0
898754,0,0
-78008,0,0
-1271526,0,0
-901643,0,0
461553,0,0
368226,0,0
249891,0,0
-15445,0,0
-464489,0,0
-353744,0,0
-57085,0,0
206479,0,0
500437,0,0
6632,0,0
-253558,0,0
59757,0,0
-398127,0,0
-32903,0,0
434452,0,0
-73003,0,0
-580791,0,0
158136,0,0
611038,0,0
132484,0,0
-419112,0,0
-712529,0,0
-322226,0,0
-251617,0,0
97506,0,0
207280,0,0
585721,0,0
276638,0,0
144341,0,0
-361691,0,0
-223123,0,0
-425878,0,0
-69921,0,0
-269395,0,0
314968,0,0
877616,0,0
113945,0,0
-61042,0,0
-285805,0,0
-253765,0,0
138310,0,0
414827,0,0
166816,0,0
-200723,0,0
-343370,0,0
-194688,0,0
79564,0,0
-249811,0,0
702428,0,0
729658,0,0
-378157,0,0
-261365,0,0
-332338,0,0
-515977,0,0
-152628,0,0
-111248,0,0
49565,0,0
555084,0,0
49840,0,0
-394083,0,0
-434732,0,0
-622750,0,0
-51909,0,0
-44983,0,0
293841,0,0
452955,0,0
-372763,0,0
-742285,0,0
-344010,0,0
-122030,0,0
187752,0,0
296043,0,0
-516958,0,0
-774335,0,0
151180,0,0
36516,0,0
-372822,0,0
560780,0,0
-23435,0,0
-380047,0,0
126111,0,0
-179507,0,0
-308810,0,0
-143690,0,0
739941,0,0
388896,0,0
-318580,0,0
-694342,0,0
-149172,0,0
-7023,0,0
-244090,0,0
46478,0,0
-336862,0,0
-190919,0,0
350229,0,0
441593,0,0
786904,0,0
-173804,0,0
-732685,0,0
-629294,0,0
-754343,0,0
-527212,0,0
649844,0,0
958254,0,0
872772,0,0
439222,0,0
-252284,0,0
-913885,0,0
-503478,0,0
514463,0,0
193069,0,0
460608,0,0
103234,0,0
224103,0,0
582364,0,0
95886,0,0
-681645,0,0
-18560,0,0
155435,0,0
354025,0,0
925517,0,0
-89713,0,0
-387318,0,0
-234252,0,0
-272164,0,0
228072,0,0
663621,0,0
222919,0,0
332577,0,0
179122,0,0
-279232,0,0
94978,0,0
-21623,0,0
-335212,0,0
442741,0,0
478971,0,0
-128122,0,0
-167331,0,0
-18674,0,0
-213383,0,0
243419,0,0
219816,0,0
626330,0,0
538732,0,0
-185231,0,0
-622769,0,0
-167854,0,0
-128080,0,0
467590,0,0
426409,0,0
-348553,0,0
-332539,0,0
89513,0,0
276818,0,0
710323,0,0
246953,0,0
-738188,0,0
-154273,0,0
-153326,0,0
-299916,0,0
46310,0,0
120312,0,0
170978,0,0
-139227,0,0
-284425,0,0
425349,0,0
364068,0,0
-888671,0,0
-478285,0,0
186639,0,0
-166293,0,0
-500267,0,0
-497735,0,0
-269921,0,0
-277280,0,0
-284798,0,0
-20175,0,0
710401,0,0
-217017,0,0
-668464,0,0
-99852,0,0
-145963,0,0
320642,0,0
-346015,0,0
-769692,0,0
-84417,0,0
691469,0,0
590260,0,0
151083,0,0
-249084,0,0
-134330,0,0
-61323,0,0
-20211,0,0
355972,0,0
1825827,0,0
399482,0,0
-1149927,0,0
-594999,0,0
246749,0,0
535440,0,0
693794,0,0
70447,0,0
-344185,0,0
-482220,0,0
-151769,0,0
93258,0,0
397896,0,0
236953,0,0
801516,0,0
143900,0,0
-763070,0,0
-742278,0,0
-483745,0,0
-130067,0,0
100158,0,0
179496,0,0
-193595,0,0
309136,0,0
-173978,0,0
-558799,0,0
-45872,0,0
-24670,0,0
279548,0,0
-230248,0,0
-834593,0,0
-40469,0,0
798344,0,0
-417615,0,0
-451723,0,0
-158263,0,0
-73571,0,0
571877,0,0
607799,0,0
-522214,0,0
-200240,0,0
-135730,0,0
-331697,0,0
59388,0,0
19401,0,0
292414,0,0
517627,0,0
-88211,0,0
-429352,0,0
-350548,0,0
-303388,0,0
249453,0,0
877135,0,0
-479558,0,0
-499799,0,0
262036,0,0
115022,0,0
-149516,0,0
-325468,0,0
-138053,0,0
300317,0,0
80069,0,0
-553541,0,0
111383,0,0
-76596,0,0
-238552,0,0
-241361,0,0
-339544,0,0
-384039,0,0
-160117,0,0
-28041,0,0
-223355,0,0
-116382,0,0
-636237,0,0
-78926,0,0
-58755,0,0
204298,0,0
-29573,0,0
-573455,0,0
-916447,0,0
87574,0,0
129887,0,0
-438339,0,0
251712,0,0
93506,0,0
-145058,0,0
-81884,0,0
-585689,0,0
-319703,0,0
432060,0,0
95323,0,0
34882,0,0
344064,0,0
-182241,0,0
-456677,0,0
-63167,0,0
-618599,0,0
-201837,0,0
331254,0,0
389406,0,0
521791,0,0
177682,0,0
-444808,0,0
-539240,0,0
-379880,0,0
-22423,0,0
514612,0,0
76270,0,0
-188612,0,0
114953,0,0
336835,0,0
352570,0,0
255723,0,0
-399661,0,0
-423440,0,0
12261,0,0
-137908,0,0
279971,0,0
507339,0,0
30792,0,0
-168166,0,0
-97333,0,0
-450626,0,0
276797,0,0
63491,0,0
-305569,0,0
-61521,0,0
-252147,0,0
156061,0,0
607457,0,0
225141,0,0
-685310,0,0
-337818,0,0
81473,0,0
530024,0,0
490025,0,0
-685066,0,0
-627702,0,0
-152182,0,0
145090,0,0
379902,0,0
427769,0,0
186973,0,0
77837,0,0
20796,0,0
-106658,0,0
-126220,0,0
-149387,0,0
-18159,0,0
-1087,0,0
-250790,0,0
-506326,0,0
-399792,0,0
154352,0,0
881328,0,0
992880,0,0
-204616,0,0
-1061131,0,0
-999845,0,0
-360359,0,0
560963,0,0
470496,0,0
-349184,0,0
-113983,0,0
71640,0,0
248684,0,0
354861,0,0
-426793,0,0
-358984,0,0
117148,0,0
501622,0,0
206395,0,0
173756,0,0
-272289,0,0
125878,0,0
216107,0,0
-77908,0,0
-119607,0,0
-175211,0,0
167680,0,0
74246,0,0
-541896,0,0
-796793,0,0
325112,0,0
1667675,0,0
48415,0,0
-819467,0,0
-8771,0,0
358713,0,0
-404264,0,0
-873377,0,0
-350357,0,0
287705,0,0
50853,0,0
234799,0,0
451632,0,0
-163172,0,0
-474532,0,0
-263234,0,0
-475764,0,0
-521228,0,0
-426302,0,0
-406887,0,0
-74042,0,0
-159454,0,0
-537741,0,0
-383936,0,0
-795260,0,0
-926356,0,0
-563783,0,0
39848,0,0
318744,0,0
212878,0,0
-816335,0,0
-905477,0,0
-549694,0,0
-504299,0,0
-341268,0,0
-263047,0,0
565529,0,0
427665,0,0
-347140,0,0
-259799,0,0
425941,0,0
59306,0,0
-406137,0,0
-89912,0,0
-37868,0,0
-6770,0,0
518472,0,0
488130,0,0
392465,0,0
450159,0,0
-388912,0,0
-421275,0,0
-420230,0,0
142908,0,0
1143911,0,0
1395046,0,0
5997,0,0
-1172061,0,0
-666575,0,0
467208,0,0
701341,0,0
-12517,0,0
114443,0,0
657286,0,0
313173,0,0
28279,0,0
-169064,0,0
-82988,0,0
5928,0,0
289895,0,0
752167,0,0
567778,0,0
202516,0,0
-370153,0,0
-117147,0,0
-70310,0,0
149436,0,0
548852,0,0
546007,0,0
33373,0,0
545848,0,0
91618,0,0
-731755,0,0
151859,0,0
781997,0,0
677988,0,0
-425485,0,0
-816819,0,0
-282509,0,0
696343,0,0
103253,0,0
679259,0,0
610778,0,0
-704241,0,0
-601231,0,0
137619,0,0
109894,0,0
167618,0,0
215888,0,0
-412119,0,0
16781,0,0
227685,0,0
197465,0,0
200140,0,0
-234712,0,0
-252182,0,0
-154658,0,0
-36645,0,0
131790,0,0
360439,0,0
126408,0,0
-356623,0,0
-586848,0,0
-269506,0,0
680294,0,0
455525,0,0
-699140,0,0
-741630,0,0
-296289,0,0
454315,0,0
44783,0,0
-524577,0,0
-248159,0,0
246306,0,0
-119810,0,0
-333073,0,0
-479644,0,0
-302303,0,0
-479091,0,0
-356773,0,0
53303,0,0
471907,0,0
-2540,0,0
-514858,0,0
221210,0,0
-117491,0,0
-889571,0,0
-410358,0,0
-339428,0,0
-347703,0,0
732512,0,0
636652,0,0
-334179,0,0
-194240,0,0
-245782,0,0
32957,0,0
237442,0,0
301655,0,0
197382,0,0
-10176,0,0
-301975,0,0
63475,0,0
47830,0,0
36183,0,0
-43660,0,0
180107,0,0
-70118,0,0
213798,0,0
-262856,0,0
-445866,0,0
3072,0,0
368518,0,0
51395,0,0
427379,0,0
-211924,0,0
-384180,0,0
-350484,0,0
-215743,0,0
-279503,0,0
312825,0,0
-54374,0,0
432962,0,0
259018,0,0
-517655,0,0
-86087,0,0
531521,0,0
218865,0,0
-416946,0,0
-552079,0,0
-771739,0,0
361785,0,0
791008,0,0
574694,0,0
244337,0,0
-213778,0,0
-280509,0,0
-275041,0,0
-118191,0,0
-37813,0,0
-80137,0,0
-323289,0,0
496303,0,0
408940,0,0
360554,0,0
18079,0,0
-346889,0,0
-173074,0,0
-65313,0,0
444423,0,0
-261651,0,0
-158741,0,0
169310,0,0
-191937,0,0
-190129,0,0
-329658,0,0
2839,0,0
306653,0,0
1213497,0,0
493204,0,0
-570898,0,0
-547912,0,0
-40203,0,0
181968,0,0
-120030,0,0
-191176,0,0
206836,0,0
683703,0,0
533947,0,0
317899,0,0
-197904,0,0
-175319,0,0
-253171,0,0
12157,0,0
458759,0,0
385360,0,0
-161393,0,0
-137688,0,0
293785,0,0
118916,0,0
409080,0,0
-186147,0,0
-477424,0,0
-85147,0,0
-144763,0,0
89891,0,0
244518,0,0
174604,0,0
-251096,0,0
-442599,0,0
-465791,0,0
-10578,0,0
-176225,0,0
120792,0,0
206382,0,0
83867,0,0
-129071,0,0
-611877,0,0
550574,0,0
543638,0,0
-602096,0,0
-393985,0,0
280781,0,0
687332,0,0
273901,0,0
329210,0,0
106709,0,0
-115525,0,0
-5686,0,0
225396,0,0
103489,0,0
564139,0,0
174432,0,0
-25296,0,0
416495,0,0
202658,0,0
266621,0,0
65695,0,0
-45209,0,0
70621,0,0
243536,0,0
-234255,0,0
194375,0,0
216530,0,0
237145,0,0
507156,0,0
-225178,0,0
-475554,0,0
172503,0,0
159279,0,0
-173891,0,0
129367,0,0
254631,0,0
477394,0,0
101304,0,0
-341415,0,0
-691963,0,0
303426,0,0
714665,0,0
-158430,0,0
-48614,0,0
386277,0,0
-139459,0,0
-696804,0,0
-928563,0,0
-387485,0,0
957906,0,0
1710939,0,0
-212328,0,0
-1075511,0,0
-563606,0,0
478147,0,0
512309,0,0
349571,0,0
431608,0,0
-174267,0,0
-288150,0,0
-174736,0,0
532330,0,0
654724,0,0
700779,0,0
150280,0,0
224706,0,0
192184,0,0
351017,0,0
539197,0,0
10745,0,0
-374336,0,0
-25537,0,0
363426,0,0
367022,0,0
1322268,0,0
610213,0,0
-678318,0,0
-428346,0,0
-50794,0,0
86913,0,0
215341,0,0
424932,0,0
-185762,0,0
-130124,0,0
14529,0,0
96272,0,0
-133265,0,0
-30964,0,0
175107,0,0
-192727,0,0
-508040,0,0
-740019,0,0
-251473,0,0
165894,0,0
697519,0,0
305784,0,0
-253054,0,0
-289318,0,0
-382864,0,0
-258893,0,0
-250655,0,0
-37904,0,0
68294,0,0
130268,0,0
-549820,0,0
-34537,0,0
510458,0,0
205111,0,0
228824,0,0
-600748,0,0
-919448,0,0
-370929,0,0
-90472,0,0
-100221,0,0
887229,0,0
583854,0,0
-1006727,0,0
-951744,0,0
334783,0,0
829947,0,0
724496,0,0
-753951,0,0
-1130940,0,0
-27563,0,0
621398,0,0
568594,0,0
188361,0,0
-299777,0,0
-173740,0,0
152789,0,0
57229,0,0
301076,0,0
-173720,0,0
175292,0,0
727300,0,0
323646,0,0
-46571,0,0
-98200,0,0
-496081,0,0
-647745,0,0
-206369,0,0
185830,0,0
965540,0,0
1107451,0,0
-434675,0,0
-472060,0,0
-161462,0,0
-91133,0,0
342131,0,0
514941,0,0
-99138,0,0
8094,0,0
21523,0,0
-41994,0,0
446166,0,0
16088,0,0
-223442,0,0
358123,0,0
-11085,0,0
194295,0,0
396939,0,0
80338,0,0
-92709,0,0
151488,0,0
-207513,0,0
-337406,0,0
456628,0,0
555983,0,0
464882,0,0
193361,0,0
-849631,0,0
-886679,0,0
-27110,0,0
34746,0,0
168133,0,0
-365739,0,0
83070,0,0
545487,0,0
198742,0,0
33967,0,0
-565400,0,0
-867140,0,0
-214126,0,0
674346,0,0
330294,0,0
-97600,0,0
164596,0,0
162051,0,0
222602,0,0
-311447,0,0
-552351,0,0
-419789,0,0
117786,0,0
441528,0,0
843328,0,0
419531,0,0
-384840,0,0
33117,0,0
820527,0,0
343064,0,0
-465423,0,0
-884625,0,0
-512177,0,0
751777,0,0
536404,0,0
1053797,0,0
515765,0,0
-76201,0,0
104922,0,0
-505862,0,0
-257279,0,0
571831,0,0
516319,0,0
-153814,0,0
131077,0,0
101712,0,0
-46167,0,0
530400,0,0
339493,0,0
379335,0,0
322557,0,0
-224265,0,0
-398831,0,0
-51300,0,0
-310493,0,0
10904,0,0
560039,0,0
391569,0,0
80503,0,0
-75281,0,0
-222333,0,0
-206489,0,0
285144,0,0
88344,0,0
84212,0,0
-539597,0,0
-851572,0,0
-486793,0,0
113336,0,0
1003405,0,0
515233,0,0
-168810,0,0
-205902,0,0
-257203,0,0
-623559,0,0
-445751,0,0
382804,0,0
-20187,0,0
64573,0,0
-352094,0,0
-214102,0,0
211123,0,0
180804,0,0
-373727,0,0
112683,0,0
10271,0,0
-186561,0,0
-186864,0,0
-342103,0,0
-313992,0,0
-155114,0,0
-345090,0,0
-6100,0,0
425833,0,0
53832,0,0
-46425,0,0
-507235,0,0
-864510,0,0
-502271,0,0
-61131,0,0
-224361,0,0
-348411,0,0
-73355,0,0
348477,0,0
459963,0,0
-108819,0,0
-260172,0,0
-447282,0,0
-583510,0,0
-479015,0,0
462947,0,0
510874,0,0
-133555,0,0
-232562,0,0
-387636,0,0
318667,0,0
1100338,0,0
387113,0,0
-854181,0,0
-914495,0,0
-419772,0,0
165551,0,0
1013500,0,0
599198,0,0
57260,0,0
-411254,0,0
-611827,0,0
34413,0,0
279471,0,0
-227979,0,0
-319964,0,0
-101764,0,0
65080,0,0
125590,0,0
-44826,0,0
355122,0,0
428397,0,0
-75228,0,0
-482713,0,0
-472261,0,0
29340,0,0
210411,0,0
-109828,0,0
67137,0,0
766659,0,0
397650,0,0
-123825,0,0
2614,0,0
-149483,0,0
-60087,0,0
160284,0,0
261456,0,0
-132648,0,0
183864,0,0
428221,0,0
261681,0,0
220313,0,0
568554,0,0
128761,0,0
-641897,0,0
-436133,0,0
403658,0,0
613569,0,0
239955,0,0
98333,0,0
39048,0,0
-144816,0,0
172405,0,0
-234434,0,0
-330658,0,0
109271,0,0
659841,0,0
543365,0,0
-155659,0,0
-616392,0,0
-210181,0,0
150951,0,0
99685,0,0
183605,0,0
-94234,0,0
-165018,0,0
-103196,0,0
-71786,0,0
-592306,0,0
119505,0,0
1123099,0,0
504871,0,0
129899,0,0
-576691,0,0
-467032,0,0
16474,0,0
330241,0,0
255743,0,0
313139,0,0
10800,0,0
139003,0,0
81118,0,0
-151168,0,0
-418916,0,0
79533,0,0
694138,0,0
213628,0,0
-564728,0,0
13917,0,0
829031,0,0
80201,0,0
-85130,0,0
43792,0,0
66975,0,0
140095,0,0
-62530,0,0
259451,0,0
331969,0,0
165326,0,0
-181576,0,0
99969,0,0
349579,0,0
362247,0,0
331304,0,0
92160,0,0
-267079,0,0
-305532,0,0
56894,0,0
-339998,0,0
132680,0,0
342005,0,0
-102541,0,0
-118110,0,0
426593,0,0
632300,0,0
-804648,0,0
-1034226,0,0
-197026,0,0
219365,0,0
394129,0,0
449098,0,0
172291,0,0
-151448,0,0
13732,0,0
84509,0,0
317463,0,0
498115,0,0
-220756,0,0
-499688,0,0
380958,0,0
352294,0,0
-23892,0,0
208099,0,0
65046,0,0
205389,0,0
468457,0,0
446516,0,0
-108129,0,0
130961,0,0
349533,0,0
-119947,0,0
-165419,0,0
417127,0,0
402139,0,0
317874,0,0
-27813,0,0
-139020,0,0
129962,0,0
-201421,0,0
4421,0,0
257706,0,0
111735,0,0
260575,0,0
225506,0,0
-35089,0,0
147017,0,0
-98475,0,0
-145780,0,0
40081,0,0
140650,0,0
-182140,0,0
-104929,0,0
-37647,0,0
-75689,0,0
86645,0,0
-20980,0,0
-84019,0,0
510855,0,0
27086,0,0
-303921,0,0
-437156,0,0
-151959,0,0
449214,0,0
659230,0,0
-37992,0,0
-547776,0,0
3813,0,0
365631,0,0
146680,0,0
-328305,0,0
-52231,0,0
134787,0,0
-136800,0,0
-186872,0,0
-386016,0,0
77453,0,0
778455,0,0
379162,0,0
-289844,0,0
99151,0,0
91005,0,0
-457775,0,0
134874,0,0
312702,0,0
290338,0,0
-134756,0,0
-328170,0,0
-140335,0,0
253994,0,0
183335,0,0
182339,0,0
604070,0,0
-117407,0,0
-249729,0,0
121,0,0
-125938,0,0
566984,0,0
38598,0,0
-1038778,0,0
-499720,0,0
-149014,0,0
412720,0,0
1383871,0,0
584624,0,0
-776719,0,0
-495740,0,0
-222451,0,0
243670,0,0
301861,0,0
-354904,0,0
-22202,0,0
215210,0,0
227855,0,0
228054,0,0
172198,0,0
-318863,0,0
-177748,0,0
8914,0,0
-368425,0,0
26268,0,0
-72992,0,0
-462530,0,0
-264618,0,0
-242717,0,0
455355,0,0
670162,0,0
-347952,0,0
-888053,0,0
-539294,0,0
-556621,0,0
-329577,0,0
321485,0,0
93368,0,0
-159864,0,0
-393747,0,0
-237982,0,0
-147888,0,0
-304886,0,0
-461104,0,0
-96293,0,0
-145501,0,0
-16439,0,0
850692,0,0
247624,0,0
-625791,0,0
-914964,0,0
-577057,0,0
21172,0,0
366910,0,0
225859,0,0
443418,0,0
634152,0,0
231423,0,0
-662753,0,0
-293402,0,0
292491,0,0
437219,0,0
-46517,0,0
-288926,0,0
324516,0,0
413008,0,0
346017,0,0
752413,0,0
385724,0,0
-1048687,0,0
-1227842,0,0
-392803,0,0
420790,0,0
1073173,0,0
1484950,0,0
488675,0,0
-826457,0,0
-923701,0,0
-130935,0,0
130665,0,0
283267,0,0
153461,0,0
-59136,0,0
-230805,0,0
42815,0,0
-176152,0,0
-158740,0,0
159503,0,0
-152712,0,0
50990,0,0
313158,0,0
-8541,0,0
-549341,0,0
-147614,0,0
-365904,0,0
-30996,0,0
-325521,0,0
-152133,0,0
118757,0,0
-349277,0,0
-584162,0,0
245442,0,0
410859,0,0
-180578,0,0
145962,0,0
-151464,0,0
-694720,0,0
-45066,0,0
97744,0,0
-316042,0,0
-91937,0,0
246703,0,0
809682,0,0
286468,0,0
-656066,0,0
-440047,0,0
-526945,0,0
-399971,0,0
285430,0,0
227280,0,0
7768,0,0
-182829,0,0
45263,0,0
-368910,0,0
-598552,0,0
78194,0,0
153748,0,0
-285056,0,0
-224683,0,0
-467538,0,0
-519924,0,0
137778,0,0
1148938,0,0
353402,0,0
-789848,0,0
-887501,0,0
-35947,0,0
438664,0,0
560694,0,0
72513,0,0
-146669,0,0
49852,0,0
114389,0,0
48751,0,0
70175,0,0
-6484,0,0
-273012,0,0
326255,0,0
492630,0,0
-14501,0,0
-217446,0,0
-139743,0,0
-21528,0,0
137612,0,0
-107453,0,0
380830,0,0
316924,0,0
-514116,0,0
-518341,0,0
-425140,0,0
161758,0,0
412407,0,0
-95482,0,0
-547858,0,0
-135537,0,0
-76664,0,0
-83185,0,0
-594780,0,0
-435549,0,0
-216452,0,0
323054,0,0
627261,0,0
271242,0,0
-426331,0,0
-1070591,0,0
-677878,0,0
500475,0,0
602916,0,0
388577,0,0
446296,0,0
-370241,0,0
-443410,0,0
171905,0,0
445719,0,0
541609,0,0
290817,0,0
-33309,0,0
579348,0,0
265601,0,0
-260966,0,0
-193451,0,0
104407,0,0
416499,0,0
1077677,0,0
511745,0,0
-204436,0,0
-83418,0,0
107953,0,0
290238,0,0
19308,0,0
-169971,0,0
-69149,0,0
71037,0,0
-80961,0,0
-184167,0,0
