288327,0,0
-109210,0,0
-163112,0,0
37690,0,0
441850,0,0
609194,0,0
569798,0,0
-160111,0,0
-120805,0,0
605480,0,0
217942,0,0
-216311,0,0
293034,0,0
-190853,0,0
-741778,0,0
758181,0,0
1322872,0,0
76065,0,0
764464,0,0
713584,0,0
-315050,0,0
61547,0,0
-246445,0,0
265883,0,0
22071,0,0
122746,0,0
711551,0,0
1335281,0,0
661516,0,0
463269,0,0
-39922,0,0
235251,0,0
454109,0,0
261105,0,0
111971,0,0
138602,0,0
437416,0,0
185007,0,0
45792,0,0
-94335,0,0
240682,0,0
82826,0,0
58837,0,0
297612,0,0
362380,0,0
8542,0,0
325628,0,0
156307,0,0
-810777,0,0
-291671,0,0
-2318,0,0
386268,0,0
413056,0,0
-182518,0,0
-271949,0,0
8002,0,0
-233613,0,0
-264185,0,0
-167443,0,0
-788275,0,0
-708491,0,0
-321412,0,0
-42012,0,0
178712,0,0
-472102,0,0
-763129,0,0
-1012412,0,0
-959437,0,0
-1050657,0,0
-659838,0,0
-584031,0,0
-367148,0,0
-191906,0,0
-431960,0,0
-663852,0,0
-544010,0,0
-875665,0,0
-1074742,0,0
-599069,0,0
-751142,0,0
-533888,0,0
-260543,0,0
-551351,0,0
-295320,0,0
-134124,0,0
-742634,0,0
-1173028,0,0
-1048024,0,0
-695319,0,0
52699,0,0
1205726,0,0
143334,0,0
-701141,0,0
-886731,0,0
-861283,0,0
-365084,0,0
62213,0,0
430366,0,0
527917,0,0
-163715,0,0
-164500,0,0
146778,0,0
-99696,0,0
71789,0,0
554841,0,0
365597,0,0
211850,0,0
20999,0,0
-385575,0,0
185611,0,0
412739,0,0
71174,0,0
841528,0,0
82064,0,0
-374135,0,0
570559,0,0
868721,0,0
127582,0,0
-37810,0,0
-20200,0,0
630757,0,0
600875,0,0
-95712,0,0
216454,0,0
41354,0,0
-46550,0,0
735733,0,0
725732,0,0
75100,0,0
148403,0,0
56342,0,0
-346878,0,0
377890,0,0
420828,0,0
75396,0,0
198637,0,0
145460,0,0
170484,0,0
345975,0,0
-316219,0,0
-269299,0,0
140524,0,0
-42527,0,0
88045,0,0
-8980,0,0
-245011,0,0
-87390,0,0
300510,0,0
-23133,0,0
-54547,0,0
-41231,0,0
-389891,0,0
-313438,0,0
-295136,0,0
-233000,0,0
-271238,0,0
-545353,0,0
-412048,0,0
49554,0,0
-394000,0,0
-216028,0,0
211424,0,0
-420840,0,0
-617602,0,0
-339884,0,0
-298390,0,0
41927,0,0
-201099,0,0
-378166,0,0
6760,0,0
-345535,0,0
-489127,0,0
4250,0,0
-274304,0,0
103156,0,0
858453,0,0
190227,0,0
-587869,0,0
-506058,0,0
-318250,0,0
772854,0,0
587067,0,0
283385,0,0
132603,0,0
-152367,0,0
-21528,0,0
595433,0,0
841647,0,0
-30307,0,0
169085,0,0
167563,0,0
124000,0,0
414511,0,0
214221,0,0
311076,0,0
497196,0,0
328980,0,0
160242,0,0
151223,0,0
-33241,0,0
165505,0,0
401532,0,0
157167,0,0
332289,0,0
67529,0,0
-249805,0,0
-211221,0,0
-413557,0,0
227218,0,0
880417,0,0
-30950,0,0
89741,0,0
675194,0,0
19207,0,0
-424709,0,0
265132,0,0
366501,0,0
260531,0,0
653113,0,0
-98782,0,0
-112868,0,0
205948,0,0
446604,0,0
487669,0,0
447172,0,0
205000,0,0
547680,0,0
145084,0,0
-463154,0,0
29178,0,0
122688,0,0
-58736,0,0
86938,0,0
209504,0,0
205693,0,0
547287,0,0
297685,0,0
-553015,0,0
-17062,0,0
-390718,0,0
121652,0,0
423792,0,0
-122552,0,0
-68460,0,0
390980,0,0
101886,0,0
-137154,0,0
-288679,0,0
-178349,0,0
378271,0,0
189500,0,0
-65874,0,0
441271,0,0
56044,0,0
-289108,0,0
-328067,0,0
328661,0,0
251829,0,0
205873,0,0
44411,0,0
19388,0,0
451313,0,0
17353,0,0
-228267,0,0
133860,0,0
81442,0,0
138222,0,0
326740,0,0
-129565,0,0
327792,0,0
391475,0,0
-158192,0,0
53249,0,0
92809,0,0
-66052,0,0
109800,0,0
61120,0,0
-376644,0,0
-100454,0,0
331255,0,0
461450,0,0
-475748,0,0
-590540,0,0
842225,0,0
129925,0,0
-864315,0,0
-524752,0,0
-153518,0,0
-142754,0,0
249813,0,0
155599,0,0
-358702,0,0
-395667,0,0
-524235,0,0
-646984,0,0
175699,0,0
769639,0,0
-414524,0,0
-775120,0,0
-991297,0,0
-267692,0,0
214364,0,0
-142902,0,0
26320,0,0
129412,0,0
-132364,0,0
-251511,0,0
-566687,0,0
-367640,0,0
87680,0,0
-100732,0,0
-58560,0,0
40802,0,0
-132800,0,0
204028,0,0
554975,0,0
51916,0,0
-226918,0,0
-238111,0,0
-279746,0,0
-39495,0,0
144543,0,0
145430,0,0
-112804,0,0
118040,0,0
229912,0,0
434761,0,0
-493994,0,0
-676479,0,0
151112,0,0
-178460,0,0
-128306,0,0
353721,0,0
-166245,0,0
-398170,0,0
-109161,0,0
-386745,0,0
-439043,0,0
296798,0,0
-79177,0,0
195769,0,0
-159017,0,0
-620739,0,0
-637363,0,0
-514203,0,0
-235398,0,0
-125486,0,0
-309657,0,0
-216830,0,0
243622,0,0
235355,0,0
-32241,0,0
-402007,0,0
-691291,0,0
-517783,0,0
247714,0,0
372061,0,0
-128245,0,0
-600630,0,0
-573887,0,0
263348,0,0
305338,0,0
-372808,0,0
201635,0,0
-135774,0,0
-625021,0,0
-418314,0,0
-171639,0,0
393761,0,0
937057,0,0
-235171,0,0
-503160,0,0
-363477,0,0
-566708,0,0
42624,0,0
591585,0,0
-35274,0,0
158473,0,0
378160,0,0
85058,0,0
35145,0,0
-111047,0,0
-16895,0,0
187827,0,0
118431,0,0
-192185,0,0
-68477,0,0
-242978,0,0
-400165,0,0
837765,0,0
1124794,0,0
28898,0,0
-636659,0,0
-625919,0,0
-381580,0,0
236340,0,0
651824,0,0
230778,0,0
-142,0,0
-413234,0,0
-63286,0,0
128269,0,0
-275982,0,0
-250570,0,0
265184,0,0
520339,0,0
152519,0,0
-186153,0,0
-778264,0,0
-200785,0,0
-9139,0,0
228328,0,0
95994,0,0
-315540,0,0
-543898,0,0
-479249,0,0
-56318,0,0
106455,0,0
490115,0,0
371299,0,0
-613079,0,0
-599780,0,0
-272382,0,0
-84840,0,0
-125362,0,0
14977,0,0
81225,0,0
131570,0,0
-558930,0,0
-196433,0,0
334413,0,0
330573,0,0
63486,0,0
-526395,0,0
-181644,0,0
393774,0,0
271813,0,0
90492,0,0
465360,0,0
445337,0,0
335403,0,0
180946,0,0
74502,0,0
129031,0,0
348600,0,0
315990,0,0
571747,0,0
729621,0,0
127343,0,0
359402,0,0
711690,0,0
525877,0,0
240365,0,0
13045,0,0
30665,0,0
164389,0,0
387466,0,0
1105820,0,0
605451,0,0
246614,0,0
209954,0,0
228499,0,0
-114616,0,0
-83255,0,0
-6879,0,0
113146,0,0
883431,0,0
879868,0,0
-383207,0,0
-314988,0,0
31476,0,0
400650,0,0
576442,0,0
-18019,0,0
192103,0,0
130678,0,0
5859,0,0
157892,0,0
19286,0,0
-385272,0,0
28431,0,0
-118471,0,0
-329663,0,0
358908,0,0
519189,0,0
270892,0,0
141479,0,0
-622986,0,0
-795870,0,0
102659,0,0
-189986,0,0
-575898,0,0
340328,0,0
304386,0,0
-135772,0,0
-559973,0,0
-567638,0,0
-418680,0,0
-145449,0,0
-376195,0,0
-191620,0,0
53289,0,0
-367875,0,0
-604965,0,0
-502548,0,0
-709686,0,0
-385326,0,0
-597384,0,0
-644667,0,0
-231480,0,0
-468487,0,0
-975219,0,0
81589,0,0
-246771,0,0
-997478,0,0
-861806,0,0
-880871,0,0
-463694,0,0
3952,0,0
138931,0,0
-439835,0,0
-861548,0,0
-903331,0,0
-304666,0,0
-188837,0,0
-410270,0,0
-82846,0,0
-160158,0,0
-666049,0,0
-384245,0,0
55452,0,0
-245586,0,0
-171498,0,0
-78320,0,0
314370,0,0
-164298,0,0
-336511,0,0
159987,0,0
402886,0,0
-322779,0,0
-432279,0,0
-184281,0,0
334177,0,0
965413,0,0
368732,0,0
-81702,0,0
1092359,0,0
320421,0,0
-570299,0,0
-33281,0,0
205942,0,0
579986,0,0
1503506,0,0
673041,0,0
-647065,0,0
-144555,0,0
399181,0,0
540903,0,0
1034906,0,0
479138,0,0
110796,0,0
388693,0,0
1089832,0,0
630471,0,0
104583,0,0
40834,0,0
161162,0,0
488989,0,0
575377,0,0
775375,0,0
531555,0,0
780510,0,0
940946,0,0
484678,0,0
-196123,0,0
-21671,0,0
513303,0,0
668646,0,0
935945,0,0
549297,0,0
194555,0,0
-67941,0,0
106174,0,0
489043,0,0
478527,0,0
66268,0,0
241379,0,0
-48997,0,0
-148714,0,0
265999,0,0
212289,0,0
-52272,0,0
-41291,0,0
-342857,0,0
-292555,0,0
86995,0,0
-38960,0,0
-349624,0,0
-193699,0,0
-404006,0,0
-374284,0,0
126836,0,0
-392993,0,0
-279719,0,0
-216761,0,0
-674646,0,0
-493324,0,0
-539636,0,0
-141019,0,0
97046,0,0
-210557,0,0
-623705,0,0
-260318,0,0
-539294,0,0
-707429,0,0
-105976,0,0
332731,0,0
-414773,0,0
-349193,0,0
-93903,0,0
-115655,0,0
-818048,0,0
-933754,0,0
37235,0,0
253781,0,0
-119527,0,0
-213434,0,0
-385630,0,0
-1094332,0,0
377922,0,0
1112222,0,0
44475,0,0
-334208,0,0
-706721,0,0
-494291,0,0
187704,0,0
262126,0,0
-49232,0,0
276841,0,0
115754,0,0
44534,0,0
-165780,0,0
-371686,0,0
-156230,0,0
643599,0,0
1156020,0,0
479197,0,0
-469969,0,0
-1009334,0,0
-600264,0,0
309189,0,0
950137,0,0
1036583,0,0
258699,0,0
-518367,0,0
-234269,0,0
246181,0,0
529697,0,0
710407,0,0
413505,0,0
625349,0,0
315390,0,0
357184,0,0
463305,0,0
751920,0,0
327092,0,0
209808,0,0
391983,0,0
721065,0,0
965828,0,0
411247,0,0
296598,0,0
523347,0,0
946365,0,0
956695,0,0
42977,0,0
307575,0,0
526360,0,0
352248,0,0
146180,0,0
332029,0,0
495056,0,0
430362,0,0
76863,0,0
-58392,0,0
-134145,0,0
-146066,0,0
286758,0,0
165687,0,0
-386665,0,0
-671455,0,0
-220244,0,0
595438,0,0
-36390,0,0
-801209,0,0
-770223,0,0
-510726,0,0
-230867,0,0
-272234,0,0
-825849,0,0
-458168,0,0
-483826,0,0
-483268,0,0
-194319,0,0
-479643,0,0
-789011,0,0
-566608,0,0
-810658,0,0
-1250890,0,0
81455,0,0
-545832,0,0
-1038867,0,0
-415601,0,0
69550,0,0
403615,0,0
-1080221,0,0
-1665904,0,0
-938782,0,0
2856,0,0
246143,0,0
817111,0,0
-330351,0,0
-1368445,0,0
-661682,0,0
-179031,0,0
-159378,0,0
249626,0,0
84424,0,0
-342248,0,0
254277,0,0
21363,0,0
-76523,0,0
-121902,0,0
-371125,0,0
-389264,0,0
-42173,0,0
242576,0,0
181601,0,0
47141,0,0
149310,0,0
-50012,0,0
193172,0,0
297807,0,0
620069,0,0
290722,0,0
-276059,0,0
132394,0,0
67051,0,0
-24252,0,0
548275,0,0
591206,0,0
237438,0,0
510951,0,0
397054,0,0
357364,0,0
183090,0,0
106292,0,0
130612,0,0
435640,0,0
279130,0,0
123128,0,0
85032,0,0
250909,0,0
588079,0,0
376496,0,0
-434812,0,0
-107162,0,0
18498,0,0
-156211,0,0
233387,0,0
439000,0,0
447231,0,0
139213,0,0
-416859,0,0
-91086,0,0
338220,0,0
43428,0,0
50313,0,0
226672,0,0
122651,0,0
-4414,0,0
297551,0,0
355223,0,0
-42726,0,0
-163254,0,0
-24639,0,0
-188872,0,0
-233261,0,0
-290659,0,0
464140,0,0
834432,0,0
-167927,0,0
-574918,0,0
-671224,0,0
14442,0,0
614465,0,0
-202898,0,0
-565689,0,0
-409405,0,0
-270547,0,0
250983,0,0
511904,0,0
72432,0,0
-709633,0,0
-560371,0,0
70732,0,0
775441,0,0
-10518,0,0
-919755,0,0
-464665,0,0
-6799,0,0
396144,0,0
803828,0,0
-91505,0,0
-410632,0,0
149681,0,0
6201,0,0
-343705,0,0
-261724,0,0
-342995,0,0
491891,0,0
219384,0,0
184279,0,0
500198,0,0
-58403,0,0
-798347,0,0
-402858,0,0
90903,0,0
233372,0,0
57533,0,0
17374,0,0
-183337,0,0
-257483,0,0
-326341,0,0
-205870,0,0
-215859,0,0
-89298,0,0
106211,0,0
179907,0,0
-652687,0,0
-380733,0,0
47665,0,0
-205963,0,0
-630004,0,0
-497097,0,0
-461180,0,0
-488470,0,0
-454517,0,0
-91319,0,0
308350,0,0
142122,0,0
-91411,0,0
-865068,0,0
-1240781,0,0
-304394,0,0
58537,0,0
310771,0,0
-407835,0,0
-616083,0,0
-483314,0,0
-45049,0,0
-55386,0,0
-192315,0,0
181496,0,0
572,0,0
-469046,0,0
-143343,0,0
-510942,0,0
-751384,0,0
-188202,0,0
80646,0,0
348618,0,0
656215,0,0
300286,0,0
-293195,0,0
-221827,0,0
-34613,0,0
156270,0,0
427499,0,0
-161331,0,0
26274,0,0
520715,0,0
188832,0,0
855458,0,0
999522,0,0
-82217,0,0
-211000,0,0
120487,0,0
80335,0,0
527195,0,0
408494,0,0
110758,0,0
620865,0,0
453939,0,0
3331,0,0
193041,0,0
19116,0,0
-264934,0,0
338802,0,0
312666,0,0
327477,0,0
340822,0,0
453569,0,0
-53128,0,0
-274801,0,0
87721,0,0
482716,0,0
463370,0,0
240551,0,0
481614,0,0
-53553,0,0
168535,0,0
524139,0,0
-190566,0,0
-242631,0,0
176383,0,0
824173,0,0
998126,0,0
699561,0,0
-337780,0,0
-476600,0,0
79254,0,0
-143207,0,0
374980,0,0
896096,0,0
554014,0,0
168152,0,0
-472486,0,0
-578775,0,0
820581,0,0
1089984,0,0
-294873,0,0
320363,0,0
-112021,0,0
-585945,0,0
-76432,0,0
-196967,0,0
-169713,0,0
314783,0,0
194903,0,0
-247207,0,0
-383779,0,0
-33061,0,0
651262,0,0
-153426,0,0
-1053234,0,0
-324666,0,0
-342175,0,0
-900264,0,0
-377149,0,0
-48343,0,0
234253,0,0
97243,0,0
-599260,0,0
-348572,0,0
-776267,0,0
-855470,0,0
25930,0,0
598763,0,0
-315610,0,0
-647671,0,0
-741170,0,0
-734060,0,0
-344155,0,0
-319149,0,0
-300523,0,0
-179271,0,0
-567050,0,0
-571133,0,0
-138675,0,0
-289774,0,0
-411855,0,0
-146003,0,0
-493573,0,0
-485242,0,0
123293,0,0
73180,0,0
-370219,0,0
-408285,0,0
-266482,0,0
531216,0,0
139961,0,0
-363029,0,0
-21956,0,0
469677,0,0
94070,0,0
257709,0,0
90296,0,0
-269062,0,0
348580,0,0
428854,0,0
106211,0,0
215472,0,0
30912,0,0
-1568,0,0
96331,0,0
190794,0,0
468708,0,0
615544,0,0
-337896,0,0
-213166,0,0
193067,0,0
-96025,0,0
42006,0,0
-46548,0,0
-291124,0,0
-242290,0,0
93592,0,0
-139041,0,0
-101418,0,0
151625,0,0
-50097,0,0
487616,0,0
-55688,0,0
-614060,0,0
-244190,0,0
-208269,0,0
152925,0,0
806166,0,0
-112471,0,0
-258430,0,0
250603,0,0
265400,0,0
111588,0,0
130796,0,0
279716,0,0
598765,0,0
242637,0,0
-93532,0,0
-115916,0,0
-53515,0,0
608246,0,0
765406,0,0
-407439,0,0
-296185,0,0
-258715,0,0
-54626,0,0
678027,0,0
678221,0,0
-566752,0,0
-27256,0,0
99601,0,0
-30815,0,0
-78840,0,0
-442711,0,0
-325336,0,0
128269,0,0
-452440,0,0
-495418,0,0
-27780,0,0
-473268,0,0
-448743,0,0
131872,0,0
-319207,0,0
-691259,0,0
-226370,0,0
-263098,0,0
-377662,0,0
-364860,0,0
-182818,0,0
1482,0,0
84920,0,0
-940900,0,0
-665330,0,0
-96583,0,0
300239,0,0
110765,0,0
-97730,0,0
-159988,0,0
564657,0,0
117090,0,0
-340394,0,0
-90319,0,0
252941,0,0
131427,0,0
-140049,0,0
-172412,0,0
-334640,0,0
-87208,0,0
-48806,0,0
441326,0,0
878914,0,0
240684,0,0
-283738,0,0
-633604,0,0
-867353,0,0
-334036,0,0
-272855,0,0
-395172,0,0
20626,0,0
277529,0,0
160572,0,0
356550,0,0
90766,0,0
-594394,0,0
-337910,0,0
-540707,0,0
-259238,0,0
-127219,0,0
-361599,0,0
-332297,0,0
4868,0,0
305722,0,0
323349,0,0
384216,0,0
-598074,0,0
-795628,0,0
-103430,0,0
-202514,0,0
81250,0,0
347789,0,0
262637,0,0
-252522,0,0
-430639,0,0
-126497,0,0
62765,0,0
-155531,0,0
116770,0,0
380633,0,0
5270,0,0
214308,0,0
164552,0,0
-666094,0,0
273477,0,0
312710,0,0
-291248,0,0
139375,0,0
400253,0,0
532106,0,0
232416,0,0
-107131,0,0
-302822,0,0
-10834,0,0
181093,0,0
-90484,0,0
501980,0,0
256330,0,0
-327097,0,0
-291477,0,0
42576,0,0
344674,0,0
632794,0,0
-39743,0,0
-1018070,0,0
-780889,0,0
-155805,0,0
91390,0,0
440478,0,0
407275,0,0
108675,0,0
-866598,0,0
-1352608,0,0
-205185,0,0
350295,0,0
670904,0,0
237503,0,0
68157,0,0
-6523,0,0
-282218,0,0
-570161,0,0
-109502,0,0
492175,0,0
29887,0,0
75470,0,0
305363,0,0
249272,0,0
-111418,0,0
226906,0,0
69560,0,0
31019,0,0
-381928,0,0
-342303,0,0
-94377,0,0
-92612,0,0
564899,0,0
746549,0,0
-399025,0,0
-811184,0,0
-313353,0,0
-246404,0,0
-18480,0,0
23793,0,0
-295472,0,0
-496503,0,0
97683,0,0
-2311,0,0
-166566,0,0
-76286,0,0
-789007,0,0
-495595,0,0
-216849,0,0
-270156,0,0
24809,0,0
-231421,0,0
-569032,0,0
-447946,0,0
-73948,0,0
828906,0,0
-141143,0,0
-1371004,0,0
-511263,0,0
162582,0,0
-163784,0,0
59271,0,0
224730,0,0
226295,0,0
-32591,0,0
-439383,0,0
-133731,0,0
317521,0,0
-7050,0,0
-242044,0,0
-56438,0,0
-189208,0,0
626784,0,0
1369318,0,0
587416,0,0
-594666,0,0
-294803,0,0
181163,0,0
-212420,0,0
-181558,0,0
677436,0,0
1438051,0,0
557388,0,0
-690252,0,0
438497,0,0
789540,0,0
73438,0,0
258141,0,0
296212,0,0
13950,0,0
81664,0,0
-32070,0,0
630959,0,0
1077379,0,0
885087,0,0
241642,0,0
6487,0,0
-189514,0,0
-205186,0,0
-103869,0,0
139350,0,0
401109,0,0
454727,0,0
942191,0,0
756310,0,0
-132374,0,0
-308990,0,0
251647,0,0
-131919,0,0
-217057,0,0
50063,0,0
-94091,0,0
303836,0,0
1159959,0,0
643731,0,0
-37737,0,0
129076,0,0
-80030,0,0
176861,0,0
105200,0,0
-344612,0,0
300031,0,0
443677,0,0
265201,0,0
131027,0,0
122067,0,0
240369,0,0
535100,0,0
-114860,0,0
-214865,0,0
102302,0,0
-289078,0,0
415305,0,0
711503,0,0
-83236,0,0
-423696,0,0
74149,0,0
-248164,0,0
136021,0,0
681710,0,0
551844,0,0
-73624,0,0
-216855,0,0
53597,0,0
330094,0,0
-335024,0,0
-466154,0,0
609351,0,0
700108,0,0
846805,0,0
462981,0,0
-67457,0,0
21192,0,0
259795,0,0
356625,0,0
49595,0,0
54680,0,0
857015,0,0
1172919,0,0
-150414,0,0
-696264,0,0
113217,0,0
752345,0,0
342185,0,0
465642,0,0
649550,0,0
388795,0,0
242166,0,0
-21577,0,0
109478,0,0
80775,0,0
-113831,0,0
-26632,0,0
191948,0,0
490385,0,0
750553,0,0
991280,0,0
518986,0,0
-288221,0,0
-216703,0,0
71559,0,0
224290,0,0
152478,0,0
476234,0,0
775726,0,0
445736,0,0
-533597,0,0
-93462,0,0
156967,0,0
255989,0,0
643356,0,0
1199580,0,0
888523,0,0
-120947,0,0
-359913,0,0
-73906,0,0
330067,0,0
93681,0,0
54200,0,0
665904,0,0
636460,0,0
457832,0,0
808143,0,0
655969,0,0
-172164,0,0
-457698,0,0
52687,0,0
569953,0,0
802950,0,0
529838,0,0
42055,0,0
179694,0,0
286111,0,0
298961,0,0
71447,0,0
604399,0,0
507121,0,0
-695708,0,0
-451293,0,0
292227,0,0
697643,0,0
483886,0,0
-8399,0,0
-87459,0,0
-181021,0,0
-248973,0,0
-436740,0,0
-106530,0,0
316741,0,0
102640,0,0
247956,0,0
-221947,0,0
-690528,0,0
-565113,0,0
10534,0,0
474679,0,0
-329446,0,0
-714721,0,0
-37168,0,0
-145067,0,0
-95095,0,0
280149,0,0
-351439,0,0
-761250,0,0
-245845,0,0
-63432,0,0
-359131,0,0
311070,0,0
-11582,0,0
-207903,0,0
-706124,0,0
-875605,0,0
62226,0,0
541627,0,0
282377,0,0
-124849,0,0
-110436,0,0
-662452,0,0
-406754,0,0
377668,0,0
456422,0,0
209564,0,0
-155375,0,0
-338995,0,0
-47360,0,0
43811,0,0
-179484,0,0
-40191,0,0
-89046,0,0
-312999,0,0
-15783,0,0
157428,0,0
227999,0,0
372830,0,0
107617,0,0
-181992,0,0
-370040,0,0
-402805,0,0
221472,0,0
361365,0,0
3728,0,0
-143053,0,0
-117427,0,0
-181437,0,0
653073,0,0
883315,0,0
365826,0,0
-11893,0,0
58206,0,0
134728,0,0
214538,0,0
156925,0,0
161079,0,0
534866,0,0
459476,0,0
45045,0,0
73156,0,0
510213,0,0
287656,0,0
-61982,0,0
498271,0,0
353899,0,0
-31333,0,0
142750,0,0
906288,0,0
192140,0,0
-580349,0,0
-135646,0,0
123508,0,0
39969,0,0
97901,0,0
76292,0,0
62806,0,0
164949,0,0
325686,0,0
475370,0,0
-297150,0,0
-352503,0,0
424878,0,0
9138,0,0
-684348,0,0
-597658,0,0
-296222,0,0
-105813,0,0
315182,0,0
187909,0,0
101942,0,0
86541,0,0
-630888,0,0
-811177,0,0
-279168,0,0
-267652,0,0
-514724,0,0
-441037,0,0
82295,0,0
-182693,0,0
-468257,0,0
-407034,0,0
158648,0,0
-288284,0,0
-1137404,0,0
-929388,0,0
-322864,0,0
-29157,0,0
-120585,0,0
81374,0,0
-446955,0,0
-688804,0,0
-518669,0,0
-568855,0,0
-234762,0,0
-484827,0,0
-312698,0,0
161905,0,0
-197352,0,0
-551693,0,0
-461308,0,0
-583374,0,0
36905,0,0
561072,0,0
-473896,0,0
-757671,0,0
-167131,0,0
151885,0,0
271790,0,0
-279645,0,0
-616733,0,0
-84082,0,0
465413,0,0
-216854,0,0
-76442,0,0
-44822,0,0
-114293,0,0
-345788,0,0
-169223,0,0
308304,0,0
349712,0,0
195155,0,0
611554,0,0
442892,0,0
-146261,0,0
-391250,0,0
-193763,0,0
-60013,0,0
-24122,0,0
-29063,0,0
265342,0,0
1493784,0,0
813075,0,0
366566,0,0
-6445,0,0
-357664,0,0
-223535,0,0
1501,0,0
290061,0,0
628253,0,0
687866,0,0
604519,0,0
27021,0,0
-336334,0,0
-27199,0,0
412380,0,0
212979,0,0
199828,0,0
-187166,0,0
-359907,0,0
289583,0,0
341374,0,0
-258627,0,0
-669571,0,0
-465873,0,0
-402143,0,0
-214022,0,0
414146,0,0
464538,0,0
141302,0,0
-345920,0,0
-1123915,0,0
-798050,0,0
-606212,0,0
-188601,0,0
610971,0,0
-150275,0,0
-295168,0,0
-22085,0,0
-597123,0,0
-253136,0,0
55271,0,0
-532967,0,0
-406401,0,0
137691,0,0
-153412,0,0
-352305,0,0
-347806,0,0
376247,0,0
161072,0,0
-305811,0,0
-824057,0,0
-404980,0,0
-19302,0,0
77686,0,0
-70287,0,0
-352108,0,0
-266082,0,0
-342706,0,0
-381872,0,0
-665844,0,0
-259394,0,0
-13259,0,0
145980,0,0
-59686,0,0
-803445,0,0
-857627,0,0
-209449,0,0
-250310,0,0
-511635,0,0
-389102,0,0
-540735,0,0
-237151,0,0
-142137,0,0
-107212,0,0
-285352,0,0
-348479,0,0
-786236,0,0
-320361,0,0
-18434,0,0
28095,0,0
101708,0,0
-327505,0,0
-520758,0,0
-562336,0,0
-841893,0,0
-189373,0,0
296043,0,0
795898,0,0
1108232,0,0
-73343,0,0
-1050426,0,0
-248548,0,0
621605,0,0
389491,0,0
474525,0,0
130940,0,0
-111203,0,0
151603,0,0
376570,0,0
463593,0,0
950934,0,0
838887,0,0
651409,0,0
630326,0,0
-161001,0,0
-93092,0,0
322651,0,0
49107,0,0
237888,0,0
713496,0,0
631588,0,0
831831,0,0
877545,0,0
368778,0,0
57649,0,0
-68549,0,0
-355138,0,0
-56107,0,0
180399,0,0
357042,0,0
663785,0,0
190827,0,0
223971,0,0
626354,0,0
-335888,0,0
-536988,0,0
202998,0,0
1204614,0,0
1109490,0,0
153756,0,0
-882403,0,0
-111766,0,0
567403,0,0
499939,0,0
434705,0,0
450249,0,0
552058,0,0
419815,0,0
-106407,0,0
220227,0,0
1122203,0,0
753529,0,0
-70356,0,0
39798,0,0
-168110,0,0
41139,0,0
369957,0,0
274863,0,0
-242726,0,0
-595454,0,0
-130564,0,0
995844,0,0
1376646,0,0
-62549,0,0
-1414095,0,0
-622574,0,0
-561412,0,0
-307165,0,0
-204308,0,0
-230580,0,0
360694,0,0
-173215,0,0
-677402,0,0
-332580,0,0
-194624,0,0
-333525,0,0
-811670,0,0
-519325,0,0
-287929,0,0
600212,0,0
-165058,0,0
-1279411,0,0
-787547,0,0
-404746,0,0
-526811,0,0
-658822,0,0
-323915,0,0
-249837,0,0
-451718,0,0
-308023,0,0
286428,0,0
-338434,0,0
-398057,0,0
-13019,0,0
-584745,0,0
-707480,0,0
-173185,0,0
-155781,0,0
-186066,0,0
45211,0,0
-288206,0,0
-293327,0,0
222412,0,0
652087,0,0
574076,0,0
126343,0,0
-318206,0,0
-457785,0,0
-142629,0,0
-54766,0,0
187709,0,0
264652,0,0
635216,0,0
346798,0,0
-161258,0,0
120703,0,0
148025,0,0
276737,0,0
344188,0,0
557457,0,0
-179519,0,0
-460959,0,0
-118745,0,0
143492,0,0
322532,0,0
155409,0,0
303177,0,0
248868,0,0
-205816,0,0
-93667,0,0
255644,0,0
212606,0,0
369204,0,0
310219,0,0
-73529,0,0
265175,0,0
238577,0,0
508372,0,0
147142,0,0
151617,0,0
77075,0,0
420775,0,0
626551,0,0
451759,0,0
284413,0,0
119116,0,0
59765,0,0
252925,0,0
66588,0,0
142113,0,0
495314,0,0
386589,0,0
140268,0,0
-180884,0,0
74104,0,0
27936,0,0
268304,0,0
213294,0,0
-108495,0,0
-148529,0,0
-268503,0,0
194859,0,0
229011,0,0
191507,0,0
335694,0,0
683487,0,0
80462,0,0
-356436,0,0
-216257,0,0
-3951,0,0
316234,0,0
-183928,0,0
-208894,0,0
475796,0,0
525452,0,0
299792,0,0
-104464,0,0
-33262,0,0
-145251,0,0
-296681,0,0
-440626,0,0
-397174,0,0
67432,0,0
777712,0,0
411425,0,0
-374317,0,0
-505847,0,0
-1031735,0,0
-576440,0,0
-364601,0,0
87387,0,0
587656,0,0
314242,0,0
-257827,0,0
-911608,0,0
-987078,0,0
-13904,0,0
864960,0,0
428697,0,0
-22458,0,0
-651569,0,0
-825441,0,0
-239681,0,0
229057,0,0
400991,0,0
372319,0,0
-435131,0,0
-81556,0,0
-36577,0,0
-385585,0,0
-214482,0,0
-413388,0,0
-169907,0,0
571045,0,0
717636,0,0
210020,0,0
-418130,0,0
-460728,0,0
-64289,0,0
-323878,0,0
-298551,0,0
87267,0,0
758140,0,0
11284,0,0
-412375,0,0
-476862,0,0
-218001,0,0
52260,0,0
327670,0,0
438351,0,0
569287,0,0
-314406,0,0
-862643,0,0
-332091,0,0
-331000,0,0
-246290,0,0
352086,0,0
286667,0,0
258635,0,0
39115,0,0
-424221,0,0
-510057,0,0
-449474,0,0
-129723,0,0
519643,0,0
224292,0,0
55759,0,0
-129004,0,0
-728125,0,0
-593930,0,0
623548,0,0
195341,0,0
-294648,0,0
-31465,0,0
-171604,0,0
-84874,0,0
-81597,0,0
-445920,0,0
-197774,0,0
994542,0,0
811266,0,0
240636,0,0
-416935,0,0
-588119,0,0
-223835,0,0
282081,0,0
255928,0,0
190424,0,0
188728,0,0
-309621,0,0
268746,0,0
803029,0,0
69141,0,0
516246,0,0
480902,0,0
-190087,0,0
-256520,0,0
513028,0,0
321525,0,0
24705,0,0
212726,0,0
941548,0,0
891815,0,0
-343045,0,0
-197652,0,0
248598,0,0
-83019,0,0
183775,0,0
681109,0,0
805014,0,0
558431,0,0
-387218,0,0
-885596,0,0
229992,0,0
365023,0,0
-104141,0,0
40451,0,0
436866,0,0
183398,0,0
-436781,0,0
-285272,0,0
183693,0,0
34704,0,0
-189236,0,0
-48857,0,0
-415982,0,0
-242421,0,0
205640,0,0
228338,0,0
-152138,0,0
-448940,0,0
-570968,0,0
-393100,0,0
414843,0,0
-140433,0,0
-524636,0,0
-612219,0,0
-460758,0,0
-242776,0,0
-112337,0,0
-628719,0,0
-152891,0,0
152557,0,0
-524945,0,0
-633432,0,0
-475929,0,0
-596949,0,0
-112045,0,0
43612,0,0
-578449,0,0
-404434,0,0
-229337,0,0
-283096,0,0
-132179,0,0
-654143,0,0
-428613,0,0
269258,0,0
899636,0,0
25871,0,0
-722761,0,0
-396054,0,0
136517,0,0
58440,0,0
107667,0,0
406190,0,0
352945,0,0
-75429,0,0
374437,0,0
607016,0,0
159261,0,0
307424,0,0
-56395,0,0
-116450,0,0
428089,0,0
300350,0,0
572006,0,0
710554,0,0
299607,0,0
-133950,0,0
690768,0,0
705143,0,0
200549,0,0
138875,0,0
-50265,0,0
15479,0,0
881637,0,0
1164705,0,0
186497,0,0
-80727,0,0
-91767,0,0
247018,0,0
256664,0,0
378587,0,0
47991,0,0
747435,0,0
1172414,0,0
341074,0,0
-312007,0,0
-44483,0,0
349505,0,0
65033,0,0
292307,0,0
411641,0,0
-54214,0,0
524,0,0
276605,0,0
126112,0,0
403338,0,0
353197,0,0
14515,0,0
64222,0,0
-322941,0,0
-226162,0,0
603784,0,0
231724,0,0
-244934,0,0
98808,0,0
112033,0,0
-449788,0,0
-283536,0,0
66554,0,0
165784,0,0
181705,0,0
63258,0,0
-229922,0,0
-285024,0,0
-192786,0,0
-71119,0,0
-459621,0,0
-220842,0,0
400763,0,0
-214401,0,0
-806350,0,0
-677643,0,0
-456049,0,0
-152099,0,0
346288,0,0
271933,0,0
-615803,0,0
-971027,0,0
-711530,0,0
364482,0,0
287129,0,0
3877,0,0
-54469,0,0
-590935,0,0
-924034,0,0
-602467,0,0
-228896,0,0
-277665,0,0
489906,0,0
1049442,0,0
501846,0,0
-339329,0,0
-143359,0,0
-349737,0,0
-661168,0,0
-130090,0,0
279411,0,0
299586,0,0
328688,0,0
659531,0,0
346562,0,0
19238,0,0
466829,0,0
273329,0,0
-170352,0,0
345981,0,0
406804,0,0
-231406,0,0
58794,0,0
480189,0,0
634520,0,0
908563,0,0
209619,0,0
181677,0,0
-122620,0,0
-273313,0,0
86096,0,0
895233,0,0
659816,0,0
-70549,0,0
-375231,0,0
-520666,0,0
-63520,0,0
617380,0,0
1203234,0,0
657788,0,0
-968310,0,0
-849937,0,0
35605,0,0
145111,0,0
515506,0,0
324925,0,0
-130977,0,0
-258963,0,0
-105881,0,0
83330,0,0
-76302,0,0
94480,0,0
11592,0,0
151266,0,0
-70626,0,0
-275454,0,0
-44142,0,0
-97116,0,0
-178672,0,0
64326,0,0
384088,0,0
-63603,0,0
-137642,0,0
-258788,0,0
-645642,0,0
-123461,0,0
-350966,0,0
-88607,0,0
515800,0,0
488359,0,0
493596,0,0
-176991,0,0
-901646,0,0
-466058,0,0
12781,0,0
378,0,0
355681,0,0
429002,0,0
-180566,0,0
-312876,0,0
-194013,0,0
100601,0,0
881280,0,0
16836,0,0
-573392,0,0
-259079,0,0
-155886,0,0
155100,0,0
299870,0,0
-45777,0,0
-138014,0,0
145231,0,0
141884,0,0
596594,0,0
167199,0,0
-286109,0,0
-146784,0,0
-342578,0,0
-302758,0,0
189409,0,0
630310,0,0
290724,0,0
178530,0,0
54435,0,0
-346987,0,0
-74385,0,0
179100,0,0
301927,0,0
60772,0,0
-201596,0,0
-419360,0,0
121389,0,0
757142,0,0
1180470,0,0
320893,0,0
-909799,0,0
-304146,0,0
64454,0,0
-17401,0,0
141264,0,0
-41606,0,0
-159328,0,0
257012,0,0
975468,0,0
170814,0,0
-702590,0,0
-595629,0,0
-299731,0,0
101574,0,0
-124144,0,0
-168877,0,0
537926,0,0
-235322,0,0
-383595,0,0
-226052,0,0
-804633,0,0
-705880,0,0
-184429,0,0
120698,0,0
335810,0,0
348753,0,0
-201207,0,0
-411109,0,0
-371189,0,0
-595699,0,0
-68867,0,0
-149384,0,0
-141766,0,0
87201,0,0
-47363,0,0
-416180,0,0
-499790,0,0
-468964,0,0
174731,0,0
629629,0,0
-441969,0,0
-289297,0,0
-652345,0,0
-1141163,0,0
-438296,0,0
486819,0,0
913986,0,0
165278,0,0
-866753,0,0
-933109,0,0
-94372,0,0
-163386,0,0
238199,0,0
18634,0,0
-240268,0,0
311156,0,0
-17853,0,0
-208675,0,0
300439,0,0
362381,0,0
152790,0,0
-223444,0,0
-217995,0,0
102155,0,0
431888,0,0
140161,0,0
86961,0,0
297440,0,0
-128038,0,0
125729,0,0
583802,0,0
256669,0,0
-273912,0,0
-190708,0,0
-78514,0,0
196464,0,0
319815,0,0
13954,0,0
358812,0,0
160197,0,0
-194641,0,0
-139465,0,0
-53356,0,0
-265834,0,0
-247727,0,0
35139,0,0
194521,0,0
400327,0,0
-35751,0,0
-611159,0,0
-235112,0,0
215833,0,0
-53917,0,0
-777270,0,0
-473940,0,0
27325,0,0
53540,0,0
-841097,0,0
-178917,0,0
904275,0,0
-211100,0,0
-1130684,0,0
-926194,0,0
-390917,0,0
355948,0,0
-8863,0,0
-849304,0,0
-823025,0,0
-941108,0,0
-505037,0,0
-164498,0,0
-275478,0,0
-120412,0,0
271182,0,0
-181355,0,0
-862420,0,0
-864054,0,0
-424171,0,0
12571,0,0
-7313,0,0
-5278,0,0
-84841,0,0
-332758,0,0
-302336,0,0
50332,0,0
604025,0,0
53417,0,0
-278432,0,0
-281373,0,0
2365,0,0
941904,0,0
415237,0,0
-33109,0,0
61554,0,0
71173,0,0
89494,0,0
325018,0,0
356884,0,0
577758,0,0
86125,0,0
-378303,0,0
823376,0,0
409652,0,0
183677,0,0
1437365,0,0
871099,0,0
-578466,0,0
-384837,0,0
256074,0,0
1011670,0,0
1449645,0,0
462879,0,0
262088,0,0
536468,0,0
516930,0,0
797391,0,0
658983,0,0
449748,0,0
623381,0,0
634304,0,0
505897,0,0
781995,0,0
659037,0,0
329261,0,0
509235,0,0
745604,0,0
420878,0,0
612076,0,0
611338,0,0
143340,0,0
35126,0,0
-57072,0,0
147005,0,0
723444,0,0
544908,0,0
-55677,0,0
-157283,0,0
-55941,0,0
195306,0,0
472693,0,0
-272853,0,0
-655219,0,0
-462132,0,0
-451738,0,0
-154402,0,0
-351361,0,0
-255194,0,0
616903,0,0
-27137,0,0
-584862,0,0
-339135,0,0
-325149,0,0
-1071522,0,0
-603834,0,0
186759,0,0
358735,0,0
94296,0,0
-949362,0,0
-1023692,0,0
-414564,0,0
189799,0,0
693769,0,0
-413719,0,0
-1477624,0,0
-1101658,0,0
-605578,0,0
-478793,0,0
59902,0,0
-19287,0,0
-266471,0,0
-372332,0,0
-800290,0,0
-643607,0,0
-671229,0,0
-642653,0,0
-564596,0,0
-111995,0,0
-184227,0,0
-114786,0,0
-501057,0,0
-736880,0,0
-561534,0,0
153125,0,0
165370,0,0
-220237,0,0
-332441,0,0
-301009,0,0
167979,0,0
434478,0,0
-393781,0,0
-432933,0,0
9665,0,0
135694,0,0
-389362,0,0
-498182,0,0
363242,0,0
895289,0,0
1115741,0,0
197821,0,0
-378388,0,0
-434070,0,0
-323953,0,0
256959,0,0
638964,0,0
676751,0,0
64660,0,0
-635285,0,0
-169566,0,0
379981,0,0
671668,0,0
886146,0,0
362183,0,0
-448665,0,0
-332859,0,0
-388550,0,0
-192265,0,0
230703,0,0
151058,0,0
370193,0,0
605620,0,0
3943,0,0
-148025,0,0
-112800,0,0
-69848,0,0
269390,0,0
127812,0,0
39279,0,0
517901,0,0
221161,0,0
-188258,0,0
448657,0,0
180016,0,0
-57920,0,0
-105016,0,0
-8932,0,0
262439,0,0
264042,0,0
109745,0,0
254801,0,0
631654,0,0
444185,0,0
-590681,0,0
-478468,0,0
-344773,0,0
234150,0,0
490821,0,0
-209559,0,0
-59715,0,0
240178,0,0
-54323,0,0
433643,0,0
319149,0,0
15352,0,0
-131374,0,0
-469426,0,0
-247955,0,0
197815,0,0
150468,0,0
122854,0,0
20243,0,0
-450842,0,0
158793,0,0
832669,0,0
-56527,0,0
-255671,0,0
249194,0,0
-156021,0,0
-447947,0,0
-256038,0,0
-267615,0,0
-240085,0,0
53111,0,0
1157754,0,0
843268,0,0
-199756,0,0
-779669,0,0
-555274,0,0
-558218,0,0
13645,0,0
229924,0,0
236488,0,0
449328,0,0
449444,0,0
-280954,0,0
-647457,0,0
-386615,0,0
81582,0,0
87252,0,0
-117319,0,0
-73390,0,0
-316284,0,0
-743285,0,0
-130742,0,0
250673,0,0
639577,0,0
1066671,0,0
209709,0,0
-606037,0,0
-704691,0,0
-21595,0,0
430326,0,0
161562,0,0
197201,0,0
311930,0,0
405363,0,0
251850,0,0
-25191,0,0
58738,0,0
88737,0,0
2234,0,0
418330,0,0
97497,0,0
-29273,0,0
-71742,0,0
-293826,0,0
-598176,0,0
-277515,0,0
286764,0,0
132546,0,0
-297167,0,0
-364878,0,0
-69265,0,0
-42888,0,0
-400204,0,0
-473790,0,0
-558171,0,0
-585401,0,0
255621,0,0
385946,0,0
-141414,0,0
-59183,0,0
-592476,0,0
-489741,0,0
-343597,0,0
-506,0,0
80029,0,0
-157481,0,0
-290261,0,0
-302393,0,0
-374923,0,0
-524693,0,0
207520,0,0
-104411,0,0
-658290,0,0
-555173,0,0
-571717,0,0
-367174,0,0
484503,0,0
-303289,0,0
-755269,0,0
58810,0,0
21860,0,0
-1018649,0,0
-783970,0,0
-163928,0,0
267113,0,0
243575,0,0
-149498,0,0
2960,0,0
-218656,0,0
-372759,0,0
-205420,0,0
-105092,0,0
-155331,0,0
-309486,0,0
-778199,0,0
-789993,0,0
-20193,0,0
75305,0,0
374855,0,0
627407,0,0
-446888,0,0
-886523,0,0
-312719,0,0
-686041,0,0
-247215,0,0
104680,0,0
-160447,0,0
-164766,0,0
-354846,0,0
-230819,0,0
-199761,0,0
-370929,0,0
41786,0,0
408896,0,0
-141567,0,0
-573095,0,0
-374832,0,0
-344631,0,0
-264016,0,0
-17601,0,0
-23400,0,0
-21888,0,0
91946,0,0
212623,0,0
230870,0,0
-403319,0,0
-610553,0,0
-207135,0,0
159512,0,0
361057,0,0
429343,0,0
-125175,0,0
-10672,0,0
246156,0,0
272411,0,0
141271,0,0
269031,0,0
29217,0,0
-262196,0,0
-277224,0,0
172566,0,0
442711,0,0
414854,0,0
514423,0,0
-19299,0,0
-281586,0,0
-452331,0,0
226060,0,0
341146,0,0
-37045,0,0
-37394,0,0
35916,0,0
-143916,0,0
-14948,0,0
-387974,0,0
-467510,0,0
1069978,0,0
526103,0,0
299187,0,0
150866,0,0
-177916,0,0
-340848,0,0
3645,0,0
1387,0,0
77333,0,0
407937,0,0
313909,0,0
566839,0,0
807006,0,0
-254829,0,0
-388911,0,0
-73218,0,0
529695,0,0
153164,0,0
-299847,0,0
-242218,0,0
122244,0,0
-234427,0,0
-404739,0,0
31243,0,0
-140271,0,0
-2081,0,0
-256391,0,0
-639699,0,0
-218718,0,0
-360691,0,0
-745463,0,0
-285467,0,0
441364,0,0
232343,0,0
-95087,0,0
-353912,0,0
-864559,0,0
-736341,0,0
-427653,0,0
-33760,0,0
527262,0,0
594259,0,0
-330360,0,0
-447206,0,0
-618053,0,0
-148773,0,0
369294,0,0
466092,0,0
-29408,0,0
-381877,0,0
-802184,0,0
-4738,0,0
501724,0,0
-195757,0,0
-164429,0,0
148871,0,0
-148258,0,0
195847,0,0
-79695,0,0
-147349,0,0
212911,0,0
259534,0,0
132699,0,0
-26235,0,0
-366380,0,0
52905,0,0
647767,0,0
448710,0,0
41140,0,0
-39566,0,0
50359,0,0
485966,0,0
953749,0,0
183170,0,0
-139069,0,0
629330,0,0
242248,0,0
88139,0,0
47490,0,0
52240,0,0
920490,0,0
1660041,0,0
403743,0,0
-65799,0,0
-196636,0,0
-78837,0,0
709438,0,0
848428,0,0
243554,0,0
838115,0,0
666439,0,0
378266,0,0
-74395,0,0
-411959,0,0
175463,0,0
489347,0,0
662396,0,0
1420746,0,0
860203,0,0
-328967,0,0
-195921,0,0
179656,0,0
267317,0,0
491981,0,0
-167475,0,0
-186783,0,0
371446,0,0
748016,0,0
712848,0,0
872567,0,0
48207,0,0
-420049,0,0
-183860,0,0
-51375,0,0
362263,0,0
870873,0,0
498348,0,0
-402294,0,0
-423043,0,0
-293136,0,0
258168,0,0
261779,0,0
472288,0,0
424759,0,0
-599352,0,0
-268779,0,0
566184,0,0
988449,0,0
508201,0,0
-87883,0,0
-697770,0,0
-251536,0,0
568911,0,0
488348,0,0
44745,0,0
-255571,0,0
-107456,0,0
257812,0,0
324962,0,0
219687,0,0
619775,0,0
254128,0,0
-702166,0,0
-402781,0,0
-300021,0,0
-44794,0,0
554633,0,0
156534,0,0
-413537,0,0
-383669,0,0
-475667,0,0
-80649,0,0
152701,0,0
-212375,0,0
-219128,0,0
30156,0,0
-150197,0,0
-359280,0,0
-634078,0,0
-800739,0,0
-372286,0,0
-22040,0,0
354217,0,0
428480,0,0
-548513,0,0
-982258,0,0
-469425,0,0
347027,0,0
-146881,0,0
-56927,0,0
492893,0,0
209412,0,0
-660845,0,0
-643254,0,0
80259,0,0
480756,0,0
1285990,0,0
525444,0,0
-44525,0,0
-174690,0,0
151532,0,0
89142,0,0
61348,0,0
694256,0,0
226033,0,0
-67327,0,0
329012,0,0
272414,0,0
-174188,0,0
586688,0,0
442915,0,0
-224179,0,0
-545731,0,0
-608099,0,0
366014,0,0
542707,0,0
6632,0,0
-23318,0,0
-545155,0,0
-604634,0,0
318462,0,0
-79631,0,0
-658428,0,0
175333,0,0
-41348,0,0
-594584,0,0
-328352,0,0
180007,0,0
255918,0,0
270360,0,0
-70380,0,0
-298140,0,0
-610722,0,0
-572684,0,0
203339,0,0
300823,0,0
-129402,0,0
-171077,0,0
-417922,0,0
-479929,0,0
-43420,0,0
254404,0,0
-17601,0,0
603103,0,0
-88128,0,0
-745334,0,0
-502278,0,0
-375175,0,0
-184085,0,0
176193,0,0
461700,0,0
-130112,0,0
-594163,0,0
58624,0,0
307296,0,0
9758,0,0
-228326,0,0
68159,0,0
391108,0,0
-399315,0,0
-229504,0,0
-121193,0,0
-86697,0,0
338906,0,0
84920,0,0
-149199,0,0
208077,0,0
250814,0,0
125294,0,0
-78682,0,0
-633740,0,0
-696903,0,0
-170491,0,0
33530,0,0
170591,0,0
834552,0,0
-143062,0,0
-196451,0,0
-284181,0,0
-857178,0,0
-231547,0,0
4240,0,0
-47016,0,0
205553,0,0
304311,0,0
315923,0,0
-272661,0,0
-69373,0,0
105948,0,0
195292,0,0
34440,0,0
-94641,0,0
265418,0,0
358699,0,0
63530,0,0
271324,0,0
274731,0,0
145226,0,0
-135890,0,0
47857,0,0
268957,0,0
-11489,0,0
397378,0,0
910319,0,0
31972,0,0
-387896,0,0
-315257,0,0
-104438,0,0
305371,0,0
472799,0,0
-174417,0,0
277132,0,0
374031,0,0
-292676,0,0
-304880,0,0
-181150,0,0
108610,0,0
542293,0,0
145709,0,0
-428320,0,0
-235839,0,0
406600,0,0
-35555,0,0
-77767,0,0
-230594,0,0
-473450,0,0
-52353,0,0
38811,0,0
-149719,0,0
87609,0,0
611343,0,0
456709,0,0
-992128,0,0
-1453695,0,0
-286848,0,0
385147,0,0
-396483,0,0
-323022,0,0
46497,0,0
474641,0,0
86235,0,0
-274906,0,0
-1172175,0,0
-383399,0,0
-159021,0,0
111285,0,0
127644,0,0
158145,0,0
39375,0,0
-314147,0,0
-480578,0,0
121389,0,0
857493,0,0
436382,0,0
-115999,0,0
-448719,0,0
-275410,0,0
580387,0,0
475600,0,0
-400778,0,0
25989,0,0
-7982,0,0
-266257,0,0
61619,0,0
247807,0,0
557573,0,0
266821,0,0
-147663,0,0
-621169,0,0
-88940,0,0
-168407,0,0
-144158,0,0
-162040,0,0
-232488,0,0
-176842,0,0
-122800,0,0
-27592,0,0
9297,0,0
-83291,0,0
-134238,0,0
-438045,0,0
-687183,0,0
-754872,0,0
323951,0,0
23097,0,0
128345,0,0
415913,0,0
68127,0,0
-414683,0,0
-630351,0,0
-549808,0,0
199946,0,0
427918,0,0
260738,0,0
598985,0,0
375167,0,0
-316409,0,0
-199580,0,0
268879,0,0
538579,0,0
373311,0,0
-42312,0,0
-81774,0,0
868483,0,0
687975,0,0
-186906,0,0
-150097,0,0
-43163,0,0
171920,0,0
836,0,0
-226880,0,0
-173733,0,0
586307,0,0
955304,0,0
111622,0,0
-237640,0,0
21365,0,0
45715,0,0
153464,0,0
308451,0,0
-62354,0,0
-216185,0,0
75079,0,0
394437,0,0
320616,0,0
614464,0,0
723464,0,0
178469,0,0
-464178,0,0
-200573,0,0
338250,0,0
655177,0,0
1014919,0,0
421750,0,0
-356604,0,0
-716532,0,0
-709104,0,0
111211,0,0
301935,0,0
134330,0,0
1203400,0,0
1246562,0,0
-410215,0,0
-530771,0,0
-309964,0,0
-331846,0,0
24998,0,0
194288,0,0
219163,0,0
745194,0,0
522449,0,0
112103,0,0
-67059,0,0
122217,0,0
425012,0,0
61193,0,0
-122137,0,0
625691,0,0
376442,0,0
-292441,0,0
-29640,0,0
59759,0,0
71930,0,0
329334,0,0
227800,0,0
354582,0,0
256832,0,0
-341669,0,0
-741841,0,0
-288232,0,0
-71483,0,0
287081,0,0
679193,0,0
241855,0,0
-40331,0,0
-603692,0,0
-571167,0,0
-383816,0,0
280534,0,0
411741,0,0
94864,0,0
-279098,0,0
-249890,0,0
214583,0,0
-134996,0,0
-163932,0,0
-61676,0,0
-153285,0,0
-201209,0,0
50522,0,0
-287178,0,0
45467,0,0
841797,0,0
488893,0,0
512155,0,0
-184341,0,0
-417912,0,0
-89796,0,0
87314,0,0
306338,0,0
473354,0,0
-37631,0,0
-175232,0,0
287563,0,0
84344,0,0
-8481,0,0
370529,0,0
1157310,0,0
772201,0,0
-284023,0,0
-509656,0,0
-32329,0,0
-38573,0,0
-370943,0,0
58358,0,0
377562,0,0
321859,0,0
580772,0,0
651087,0,0
-186298,0,0
-480401,0,0
-200423,0,0
753712,0,0
633271,0,0
-625363,0,0
-444689,0,0
224166,0,0
311490,0,0
700656,0,0
444232,0,0
-188359,0,0
94441,0,0
167119,0,0
-194306,0,0
-370692,0,0
181106,0,0
251463,0,0
65924,0,0
-175036,0,0
-401450,0,0
-133453,0,0
136130,0,0
13511,0,0
-286190,0,0
-548370,0,0
-155510,0,0
-378450,0,0
-68640,0,0
31779,0,0
-221405,0,0
-311706,0,0
-221999,0,0
412022,0,0
-172503,0,0
-479138,0,0
-332258,0,0
-243890,0,0
81407,0,0
-103692,0,0
-71795,0,0
61508,0,0
-505874,0,0
1695,0,0
890891,0,0
-123829,0,0
-659749,0,0
172325,0,0
419654,0,0
-114808,0,0
163736,0,0
-268759,0,0
-409962,0,0
-152678,0,0
-49845,0,0
95539,0,0
-122131,0,0
-67031,0,0
35465,0,0
-304698,0,0
-198853,0,0
209178,0,0
294474,0,0
-523373,0,0
-486050,0,0
-765768,0,0
114044,0,0
1484066,0,0
200156,0,0
-345011,0,0
-19281,0,0
-84152,0,0
-45811,0,0
50588,0,0
137970,0,0
321726,0,0
-128069,0,0
-271380,0,0
348110,0,0
521280,0,0
453619,0,0
600734,0,0
-63454,0,0
165171,0,0
790191,0,0
485928,0,0
-498286,0,0
-542850,0,0
465,0,0
362283,0,0
368007,0,0
116331,0,0
156853,0,0
484594,0,0
277019,0,0
-17843,0,0
-435970,0,0
-81632,0,0
216831,0,0
200781,0,0
-314227,0,0
236952,0,0
384567,0,0
-457636,0,0
-306694,0,0
-562228,0,0
-534472,0,0
337170,0,0
615618,0,0
89030,0,0
-404938,0,0
-508504,0,0
-228927,0,0
113096,0,0
-384519,0,0
-543198,0,0
-4134,0,0
-230417,0,0
-210420,0,0
-146982,0,0
-43096,0,0
-458121,0,0
-733731,0,0
-596661,0,0
286811,0,0
530663,0,0
-5574,0,0
-112169,0,0
-340845,0,0
76099,0,0
-117051,0,0
-173881,0,0
-73737,0,0
254717,0,0
220855,0,0
206215,0,0
318139,0,0
53621,0,0
-28390,0,0
-70862,0,0
-57927,0,0
695034,0,0
575782,0,0
-232285,0,0
-71509,0,0
-109799,0,0
-344515,0,0
-526164,0,0
-158792,0,0
46183,0,0
626696,0,0
158714,0,0
94799,0,0
-272342,0,0
-521257,0,0
494021,0,0
-295163,0,0
-1204662,0,0
-485311,0,0
-561921,0,0
-381111,0,0
405634,0,0
666095,0,0
1126347,0,0
547573,0,0
-1278691,0,0
-1176365,0,0
-186200,0,0
17000,0,0
159270,0,0
657956,0,0
288702,0,0
-230018,0,0
328134,0,0
592585,0,0
-162345,0,0
-125310,0,0
410789,0,0
87808,0,0
-36842,0,0
45304,0,0
588115,0,0
229988,0,0
-291153,0,0
-141235,0,0
175827,0,0
574150,0,0
643760,0,0
-86381,0,0
-451747,0,0
120649,0,0
-47102,0,0
-42816,0,0
-125232,0,0
-248758,0,0
11572,0,0
-54639,0,0
-82944,0,0
254823,0,0
372955,0,0
-126351,0,0
-38375,0,0
-468875,0,0
-316568,0,0
153885,0,0
-338473,0,0
-714494,0,0
-349061,0,0
145345,0,0
577768,0,0
481429,0,0
-725800,0,0
-496440,0,0
-355271,0,0
-219261,0,0
182360,0,0
-267668,0,0
-484275,0,0
-50280,0,0
-151525,0,0
-421422,0,0
349116,0,0
248085,0,0
-225182,0,0
-416727,0,0
-915044,0,0
-576545,0,0
218448,0,0
318854,0,0
34285,0,0
504534,0,0
162995,0,0
-389273,0,0
-461266,0,0
-381856,0,0
171154,0,0
350823,0,0
-151213,0,0
-691515,0,0
-519394,0,0
339116,0,0
802732,0,0
313409,0,0
-387748,0,0
-279610,0,0
-442819,0,0
-4999,0,0
432945,0,0
-20085,0,0
-635160,0,0
-372497,0,0
-207950,0,0
-227697,0,0
-285533,0,0
-418947,0,0
-24907,0,0
-434728,0,0
-979406,0,0
-629473,0,0
-324941,0,0
320097,0,0
990678,0,0
-335040,0,0
-1130702,0,0
-864026,0,0
-895459,0,0
-587802,0,0
-333487,0,0
97789,0,0
200705,0,0
268059,0,0
-198269,0,0
365289,0,0
61478,0,0
-562283,0,0
-285608,0,0
-257561,0,0
-200893,0,0
243127,0,0
388249,0,0
79522,0,0
-36319,0,0
-351631,0,0
-474683,0,0
213109,0,0
234848,0,0
296962,0,0
1091878,0,0
294179,0,0
-1090247,0,0
-849769,0,0
-303099,0,0
425794,0,0
394107,0,0
91949,0,0
238820,0,0
-38819,0,0
-165142,0,0
66866,0,0
79624,0,0
-516049,0,0
153161,0,0
705760,0,0
-66028,0,0
-350059,0,0
-108181,0,0
-47353,0,0
278150,0,0
427079,0,0
5347,0,0
-183539,0,0
-299480,0,0
198643,0,0
341637,0,0
-178625,0,0
-155729,0,0
-34178,0,0
194680,0,0
-246123,0,0
-580942,0,0
-473300,0,0
475281,0,0
-82733,0,0
-742896,0,0
424226,0,0
559644,0,0
-179452,0,0
-455309,0,0
-264516,0,0
24466,0,0
307965,0,0
-291127,0,0
-9368,0,0
40581,0,0
-109014,0,0
-167823,0,0
-335517,0,0
191768,0,0
566722,0,0
409186,0,0
-129704,0,0
-517231,0,0
-398860,0,0
565336,0,0
408917,0,0
-489352,0,0
-589053,0,0
-419271,0,0
-380368,0,0
148983,0,0
298508,0,0
-158309,0,0
116642,0,0
207448,0,0
-581278,0,0
-581425,0,0
-307708,0,0
-500699,0,0
-300506,0,0
452913,0,0
483590,0,0
281076,0,0
-637948,0,0
-778807,0,0
232053,0,0
406903,0,0
-182328,0,0
-65331,0,0
-133922,0,0
-117083,0,0
238997,0,0
-46245,0,0
111084,0,0
710349,0,0
381393,0,0
-151211,0,0
86801,0,0
-150573,0,0
-359476,0,0
37628,0,0
-53512,0,0
637700,0,0
564902,0,0
-296545,0,0
-149519,0,0
-157645,0,0
66098,0,0
-54066,0,0
96417,0,0
268892,0,0
63995,0,0
-264646,0,0
371409,0,0
-43442,0,0
-456466,0,0
-188735,0,0
343018,0,0
593638,0,0
660159,0,0
52351,0,0
-273643,0,0
68401,0,0
511848,0,0
653245,0,0
781834,0,0
344956,0,0
42148,0,0
462687,0,0
479277,0,0
439940,0,0
641070,0,0
442013,0,0
550358,0,0
479806,0,0
534542,0,0
668106,0,0
861168,0,0
678678,0,0
208978,0,0
-306036,0,0
-227823,0,0
451451,0,0
575105,0,0
92106,0,0
317342,0,0
604653,0,0
746519,0,0
188183,0,0
-523771,0,0
-601224,0,0
227994,0,0
530444,0,0
-117233,0,0
70749,0,0
283655,0,0
512898,0,0
73998,0,0
-686154,0,0
-198281,0,0
175235,0,0
-240329,0,0
-248591,0,0
-539696,0,0
-395679,0,0
76874,0,0
94020,0,0
-299910,0,0
-339803,0,0
-595792,0,0
-754110,0,0
-142926,0,0
-361488,0,0
-490286,0,0
-427884,0,0
-966112,0,0
-527344,0,0
17894,0,0
-251881,0,0
-171012,0,0
-381976,0,0
-923696,0,0
-596997,0,0
-201126,0,0
-293127,0,0
-238640,0,0
-261801,0,0
157138,0,0
-138410,0,0
-10160,0,0
-2661,0,0
133690,0,0
10643,0,0
103088,0,0
40914,0,0
-493732,0,0
-180934,0,0
217630,0,0
265075,0,0
132899,0,0
-143105,0,0
-223680,0,0
348674,0,0
580826,0,0
952411,0,0
132677,0,0
-1368513,0,0
-801370,0,0
338401,0,0
509893,0,0
320853,0,0
360172,0,0
215781,0,0
-419673,0,0
-380820,0,0
-417613,0,0
-459735,0,0
73411,0,0
472583,0,0
1180356,0,0
677410,0,0
-713805,0,0
-471140,0,0
-178183,0,0
-6067,0,0
481814,0,0
469665,0,0
-107465,0,0
-53358,0,0
320260,0,0
405752,0,0
427261,0,0
-199157,0,0
119124,0,0
122289,0,0
314454,0,0
895085,0,0
-46613,0,0
-424038,0,0
48856,0,0
145760,0,0
-7336,0,0
1034265,0,0
284665,0,0
-619714,0,0
296306,0,0
383252,0,0
-79137,0,0
152985,0,0
498904,0,0
331532,0,0
190915,0,0
-197600,0,0
226931,0,0
300026,0,0
-121515,0,0
153487,0,0
236792,0,0
182903,0,0
830863,0,0
13172,0,0
-538322,0,0
387215,0,0
-320774,0,0
-371951,0,0
587481,0,0
146381,0,0
116198,0,0
184127,0,0
-310141,0,0
-448527,0,0
-119755,0,0
-179457,0,0
-99921,0,0
296164,0,0
136831,0,0
-57098,0,0
-619336,0,0
-950751,0,0
-429887,0,0
166417,0,0
211354,0,0
184502,0,0
407703,0,0
-577114,0,0
-532248,0,0
-378905,0,0
340479,0,0
233326,0,0
-440031,0,0
-474889,0,0
464701,0,0
349338,0,0
118924,0,0
195440,0,0
137336,0,0
-231079,0,0
-226890,0,0
262992,0,0
452300,0,0
547215,0,0
-245172,0,0
-93955,0,0
-115079,0,0
125016,0,0
638977,0,0
696926,0,0
792607,0,0
-234578,0,0
-537054,0,0
-296819,0,0
144120,0,0
24056,0,0
-41,0,0
1053941,0,0
908780,0,0
116000,0,0
-283702,0,0
-273501,0,0
80676,0,0
77636,0,0
-26447,0,0
168234,0,0
66724,0,0
85001,0,0
276895,0,0
62872,0,0
-49259,0,0
-337651,0,0
-440977,0,0
-53980,0,0
319194,0,0
265477,0,0
386181,0,0
44416,0,0
-498264,0,0
-600596,0,0
-521325,0,0
332,0,0
735947,0,0
237358,0,0
-684440,0,0
-450471,0,0
-474719,0,0
-288019,0,0
329483,0,0
372485,0,0
128465,0,0
-161167,0,0
-341392,0,0
-283186,0,0
-91614,0,0
-67539,0,0
-144445,0,0
-233098,0,0
-173562,0,0
187860,0,0
-194194,0,0
-204319,0,0
536767,0,0
66296,0,0
-682572,0,0
-167822,0,0
-115764,0,0
-440401,0,0
-161848,0,0
21707,0,0
-9227,0,0
-97112,0,0
-452001,0,0
-252229,0,0
170519,0,0
-390412,0,0
-631081,0,0
-152516,0,0
67942,0,0
-74596,0,0
-155684,0,0
-417480,0,0
-345949,0,0
-44954,0,0
-375971,0,0
-70604,0,0
-142755,0,0
-273442,0,0
-178217,0,0
-174900,0,0
-82637,0,0
260338,0,0
721111,0,0
-151615,0,0
-725403,0,0
-687775,0,0
-133427,0,0
974411,0,0
358963,0,0
57607,0,0
754210,0,0
486865,0,0
157600,0,0
-501782,0,0
-573531,0,0
541686,0,0
617615,0,0
550715,0,0
822025,0,0
472292,0,0
177330,0,0
38805,0,0
432057,0,0
89922,0,0
215116,0,0
153875,0,0
361585,0,0
440107,0,0
241408,0,0
77403,0,0
-183794,0,0
-569644,0,0
-78113,0,0
524904,0,0
818649,0,0
1139667,0,0
653681,0,0
-1087586,0,0
-819621,0,0
-267449,0,0
127724,0,0
525698,0,0
807094,0,0
308121,0,0
-263045,0,0
-494934,0,0
152308,0,0
557371,0,0
38146,0,0
-380340,0,0
95918,0,0
183241,0,0
-205524,0,0
-620519,0,0
18036,0,0
489753,0,0
-512416,0,0
-738096,0,0
-48370,0,0
-162145,0,0
-230690,0,0
-182070,0,0
-121012,0,0
154412,0,0
204010,0,0
-370107,0,0
-434444,0,0
-111909,0,0
14102,0,0
-467718,0,0
-556239,0,0
152846,0,0
494072,0,0
-285894,0,0
-768671,0,0
-194205,0,0
441911,0,0
1677202,0,0
208507,0,0
-1476778,0,0
-1043901,0,0
-101639,0,0
439474,0,0
193293,0,0
-91908,0,0
-725059,0,0
-268450,0,0
435556,0,0
358195,0,0
521318,0,0
-276828,0,0
-484543,0,0
-186524,0,0
72263,0,0
-1512,0,0
-81155,0,0
-344341,0,0
-181678,0,0
430553,0,0
257,0,0
-141722,0,0
43995,0,0
168024,0,0
675828,0,0
390459,0,0
-219052,0,0
-171251,0,0
421347,0,0
384360,0,0
387828,0,0
812027,0,0
250110,0,0
124633,0,0
254819,0,0
279856,0,0
513241,0,0
540330,0,0
286754,0,0
651842,0,0
620062,0,0
527195,0,0
417927,0,0
759778,0,0
207345,0,0
-180603,0,0
-156269,0,0
537615,0,0
553422,0,0
154367,0,0
64005,0,0
87211,0,0
-232222,0,0
707884,0,0
896024,0,0
-262935,0,0
-446294,0,0
-357364,0,0
-291962,0,0
669806,0,0
566978,0,0
-146527,0,0
-75559,0,0
41293,0,0
-237933,0,0
8332,0,0
114086,0,0
-191424,0,0
-334874,0,0
-633528,0,0
-229964,0,0
140237,0,0
-178896,0,0
-93639,0,0
16277,0,0
-820062,0,0
21080,0,0
-189597,0,0
-1582821,0,0
-184568,0,0
215389,0,0
-383869,0,0
-259730,0,0
-239927,0,0
233603,0,0
-243564,0,0
-950805,0,0
-481070,0,0
84077,0,0
-54267,0,0
-261846,0,0
-69152,0,0
-169096,0,0
-296855,0,0
-732971,0,0
-1031694,0,0
-332580,0,0
-234222,0,0
-137842,0,0
235657,0,0
-37875,0,0
-768368,0,0
-1359597,0,0
-451216,0,0
442045,0,0
111358,0,0
-932262,0,0
-546543,0,0
-285995,0,0
-621663,0,0
-247005,0,0
-266238,0,0
-197426,0,0
114429,0,0
-324871,0,0
-616352,0,0
231285,0,0
99946,0,0
-325950,0,0
268104,0,0
-169133,0,0
-616012,0,0
-273990,0,0
327835,0,0
253531,0,0
-20757,0,0
-37691,0,0
541532,0,0
536933,0,0
-90167,0,0
-302902,0,0
627742,0,0
83496,0,0
109703,0,0
277644,0,0
528053,0,0
642104,0,0
157556,0,0
-49941,0,0
855121,0,0
709227,0,0
89991,0,0
345266,0,0
646403,0,0
109389,0,0
-285508,0,0
169546,0,0
469914,0,0
706686,0,0
676363,0,0
818112,0,0
174959,0,0
-220771,0,0
-146655,0,0
-348141,0,0
-220800,0,0
484130,0,0
441522,0,0
268990,0,0
787166,0,0
489965,0,0
216201,0,0
-271234,0,0
-567557,0,0
-337947,0,0
252194,0,0
690103,0,0
468210,0,0
-92919,0,0
-277959,0,0
-61641,0,0
-92015,0,0
-41454,0,0
206933,0,0
617525,0,0
-82,0,0
-490757,0,0
-690062,0,0
-375651,0,0
254479,0,0
-228331,0,0
-307419,0,0
-413905,0,0
-547268,0,0
-412918,0,0
853830,0,0
338402,0,0
-312444,0,0
-548246,0,0
-995239,0,0
-622485,0,0
181055,0,0
252371,0,0
-25935,0,0
-347220,0,0
-535733,0,0
-313479,0,0
-93660,0,0
85990,0,0
457819,0,0
-262606,0,0
-1008662,0,0
-571075,0,0
-172987,0,0
-113206,0,0
27924,0,0
-600957,0,0
-734496,0,0
-551928,0,0
-186981,0,0
434398,0,0
273744,0,0
-1042491,0,0
-440176,0,0
-396560,0,0
-625870,0,0
-137274,0,0
-132789,0,0
27691,0,0
146450,0,0
-267872,0,0
-244019,0,0
-122261,0,0
-23736,0,0
-36473,0,0
356678,0,0
610708,0,0
11660,0,0
-621290,0,0
34950,0,0
1082600,0,0
901391,0,0
-113299,0,0
-539798,0,0
275388,0,0
176880,0,0
318075,0,0
379953,0,0
379967,0,0
703793,0,0
1147671,0,0
377927,0,0
-348945,0,0
-263759,0,0
-143886,0,0
545337,0,0
881273,0,0
516447,0,0
139009,0,0
406018,0,0
238611,0,0
306517,0,0
686359,0,0
464873,0,0
-119834,0,0
-253697,0,0
136580,0,0
102949,0,0
266799,0,0
957252,0,0
457404,0,0
-115522,0,0
-69926,0,0
-167188,0,0
-251022,0,0
-259489,0,0
-97852,0,0
577464,0,0
857579,0,0
83800,0,0
-356764,0,0
-464431,0,0
-510076,0,0
-202818,0,0
400973,0,0
399001,0,0
402110,0,0
15231,0,0
-509974,0,0
-254720,0,0
134787,0,0
-161964,0,0
-122833,0,0
405577,0,0
260345,0,0
-161282,0,0
-428830,0,0
-122061,0,0
-101109,0,0
-223178,0,0
-13462,0,0
-143649,0,0
-421698,0,0
-432872,0,0
-331874,0,0
239200,0,0
351565,0,0
-633636,0,0
-1060048,0,0
-280309,0,0
-406883,0,0
-284839,0,0
-95960,0,0
-26015,0,0
-218202,0,0
-341401,0,0
-715574,0,0
-595947,0,0
-552454,0,0
-218077,0,0
275717,0,0
395523,0,0
488739,0,0
-639945,0,0
-1127878,0,0
-533687,0,0
179152,0,0
129235,0,0
103460,0,0
64828,0,0
-302010,0,0
-32437,0,0
422447,0,0
251470,0,0
346893,0,0
170722,0,0
-648434,0,0
78015,0,0
417141,0,0
723491,0,0
887276,0,0
54786,0,0
-566582,0,0
40420,0,0
274451,0,0
563960,0,0
846881,0,0
225347,0,0
394282,0,0
501886,0,0
-69318,0,0
148836,0,0
146926,0,0
-42021,0,0
445375,0,0
925940,0,0
212340,0,0
195772,0,0
257738,0,0
-394290,0,0
-154374,0,0
553455,0,0
356737,0,0
187708,0,0
-213472,0,0
-313104,0,0
191870,0,0
163304,0,0
109223,0,0
-5241,0,0
-690010,0,0
-297654,0,0
240568,0,0
302367,0,0
85034,0,0
-47104,0,0
-661227,0,0
-852486,0,0
-611503,0,0
-84563,0,0
17462,0,0
80727,0,0
-315638,0,0
-709593,0,0
-544035,0,0
-412273,0,0
-79964,0,0
-342968,0,0
-883369,0,0
-646880,0,0
-311049,0,0
-13963,0,0
-150248,0,0
-363762,0,0
-575244,0,0
-721272,0,0
-909841,0,0
-256531,0,0
55673,0,0
-347762,0,0
170787,0,0
-220138,0,0
-709091,0,0
77278,0,0
-416922,0,0
-912890,0,0
-389399,0,0
-152343,0,0
-125556,0,0
60804,0,0
67340,0,0
67127,0,0
-205751,0,0
-372014,0,0
-199171,0,0
-318197,0,0
-791684,0,0
-748253,0,0
-86274,0,0
-225669,0,0
29402,0,0
1276044,0,0
319510,0,0
-754777,0,0
-781876,0,0
-576233,0,0
-265755,0,0
-70440,0,0
85832,0,0
527169,0,0
-270427,0,0
-184616,0,0
304827,0,0
-188861,0,0
-243167,0,0
382516,0,0
865658,0,0
786271,0,0
380896,0,0
-356092,0,0
-80079,0,0
344018,0,0
395127,0,0
467126,0,0
481145,0,0
450859,0,0
654727,0,0
408401,0,0
550038,0,0
1475509,0,0
711385,0,0
19221,0,0
21164,0,0
235284,0,0
322396,0,0
665404,0,0
552611,0,0
508355,0,0
463230,0,0
548015,0,0
302920,0,0
196346,0,0
-105034,0,0
257497,0,0
524693,0,0
177828,0,0
374177,0,0
192300,0,0
-78823,0,0
222670,0,0
-25276,0,0
86096,0,0
241601,0,0
47233,0,0
1915,0,0
22326,0,0
8102,0,0
233193,0,0
11407,0,0
-447961,0,0
-89924,0,0
-145875,0,0
-462960,0,0
-167199,0,0
147500,0,0
483702,0,0
-90101,0,0
-585086,0,0
26254,0,0
755632,0,0
-369575,0,0
-629971,0,0
18915,0,0
252006,0,0
85503,0,0
90702,0,0
184178,0,0
437178,0,0
239663,0,0
152696,0,0
89020,0,0
-60144,0,0
-183797,0,0
-32747,0,0
148522,0,0
164517,0,0
247318,0,0
-17772,0,0
-269433,0,0
-149600,0,0
-601394,0,0
-480896,0,0
-155967,0,0
-130427,0,0
-15466,0,0
-385212,0,0
-897437,0,0
-479032,0,0
-144292,0,0
-169660,0,0
-410165,0,0
-784625,0,0
-756426,0,0
-315977,0,0
51974,0,0
-2663,0,0
27657,0,0
-731773,0,0
-756199,0,0
-98179,0,0
-12935,0,0
-17975,0,0
217876,0,0
442789,0,0
-73082,0,0
52775,0,0
-160846,0,0
303626,0,0
369089,0,0
631492,0,0
761717,0,0
-175203,0,0
-482678,0,0
55105,0,0
365109,0,0
377764,0,0
615685,0,0
-80727,0,0
-230650,0,0
747013,0,0
414149,0,0
-199447,0,0
482412,0,0
422956,0,0
131969,0,0
470322,0,0
20495,0,0
-280073,0,0
-580417,0,0
-187837,0,0
203449,0,0
271938,0,0
-37969,0,0
234680,0,0
860436,0,0
439808,0,0
111015,0,0
-392404,0,0
-309975,0,0
-123590,0,0
-209061,0,0
146148,0,0
88599,0,0
163917,0,0
499106,0,0
485435,0,0
59473,0,0
-374716,0,0
-86060,0,0
155849,0,0
198146,0,0
2114,0,0
53359,0,0
667227,0,0
45976,0,0
-406367,0,0
212198,0,0
-50449,0,0
-362444,0,0
45745,0,0
12946,0,0
26045,0,0
169630,0,0
-160360,0,0
-327447,0,0
-280223,0,0
469860,0,0
888105,0,0
386114,0,0
115293,0,0
-510020,0,0
-491922,0,0
-334949,0,0
175035,0,0
83026,0,0
42722,0,0
457124,0,0
675045,0,0
-102956,0,0
-56573,0,0
-319689,0,0
-243668,0,0
244461,0,0
-168580,0,0
-203272,0,0
-39852,0,0
39317,0,0
267512,0,0
-54286,0,0
-375366,0,0
-232355,0,0
-179915,0,0
-252714,0,0
170148,0,0
-75241,0,0
-225967,0,0
293273,0,0
42372,0,0
-74506,0,0
725012,0,0
-165868,0,0
-47413,0,0
257965,0,0
121276,0,0
-212935,0,0
-193566,0,0
-333611,0,0
70268,0,0
810889,0,0
201675,0,0
-373,0,0
-381789,0,0
-314698,0,0
653995,0,0
574421,0,0
-346198,0,0
143632,0,0
-151569,0,0
-214054,0,0
633865,0,0
-34605,0,0
-616306,0,0
-137325,0,0
293900,0,0
405287,0,0
256127,0,0
56531,0,0
59877,0,0
-57396,0,0
-231091,0,0
13691,0,0
-87630,0,0
-132349,0,0
127658,0,0
-232121,0,0
-319071,0,0
-90386,0,0
-266276,0,0
-386634,0,0
-306698,0,0
-366578,0,0
-406096,0,0
-214345,0,0
-190995,0,0
-275594,0,0
-58778,0,0
-429684,0,0
-556825,0,0
-420730,0,0
-533646,0,0
-64263,0,0
-78017,0,0
-365654,0,0
-62174,0,0
-219195,0,0
-678060,0,0
-187891,0,0
-365284,0,0
-134670,0,0
208634,0,0
-469316,0,0
-663152,0,0
-397648,0,0
306897,0,0
409944,0,0
143921,0,0
-398238,0,0
-109003,0,0
-92268,0,0
-79488,0,0
542638,0,0
-471992,0,0
-826805,0,0
-513800,0,0
18345,0,0
188323,0,0
644694,0,0
741475,0,0
-4923,0,0
-52207,0,0
-171676,0,0
-427355,0,0
-307701,0,0
246924,0,0
898770,0,0
732890,0,0
-565768,0,0
-245182,0,0
357067,0,0
-168265,0,0
-100805,0,0
177353,0,0
480505,0,0
451856,0,0
88283,0,0
-445973,0,0
-436396,0,0
-296811,0,0
314553,0,0
752652,0,0
276062,0,0
-57179,0,0
36845,0,0
181068,0,0
-389518,0,0
-355944,0,0
-86261,0,0
555543,0,0
291758,0,0
-49445,0,0
122804,0,0
265898,0,0
-41047,0,0
322129,0,0
721165,0,0
-30161,0,0
46021,0,0
44767,0,0
190525,0,0
241083,0,0
-251773,0,0
-45950,0,0
218160,0,0
96838,0,0
696149,0,0
750986,0,0
-861388,0,0
-562202,0,0
123013,0,0
574257,0,0
401790,0,0
108860,0,0
5331,0,0
-22835,0,0
13634,0,0
193283,0,0
585769,0,0
-24465,0,0
-375924,0,0
147199,0,0
190920,0,0
-23661,0,0
29011,0,0
11792,0,0
331785,0,0
569804,0,0
162784,0,0
-236719,0,0
-20333,0,0
-97320,0,0
-57192,0,0
-50080,0,0
11901,0,0
50834,0,0
-124078,0,0
-365870,0,0
6114,0,0
126251,0,0
75947,0,0
-282027,0,0
-528115,0,0
27079,0,0
-119054,0,0
-619931,0,0
-204528,0,0
427079,0,0
287634,0,0
-146,0,0
-190046,0,0
-901441,0,0
-805680,0,0
202293,0,0
506778,0,0
475114,0,0
78392,0,0
-88442,0,0
78456,0,0
-648813,0,0
-241367,0,0
872174,0,0
401022,0,0
-416252,0,0
-331168,0,0
509924,0,0
849126,0,0
368933,0,0
-515657,0,0
-91251,0,0
189834,0,0
27349,0,0
30111,0,0
21556,0,0
-272462,0,0
323927,0,0
428170,0,0
-161623,0,0
148696,0,0
20079,0,0
-327419,0,0
121793,0,0
68107,0,0
-20372,0,0
77553,0,0
272256,0,0
-52715,0,0
-65491,0,0
-136366,0,0
-144030,0,0
141363,0,0
56303,0,0
100016,0,0
450213,0,0
419522,0,0
-419435,0,0
-547365,0,0
-174842,0,0
549477,0,0
12390,0,0
-142149,0,0
-259682,0,0
-540728,0,0
-296569,0,0
525461,0,0
998285,0,0
360808,0,0
-625482,0,0
-841323,0,0
-245604,0,0
309390,0,0
-168384,0,0
-202476,0,0
36201,0,0
-257151,0,0
-72026,0,0
372599,0,0
-17973,0,0
-133100,0,0
405016,0,0
318335,0,0
-249474,0,0
-316652,0,0
-226442,0,0
111452,0,0
285891,0,0
96040,0,0
165332,0,0
-193116,0,0
-190952,0,0
114126,0,0
593634,0,0
951300,0,0
-263437,0,0
-1057922,0,0
-45710,0,0
135541,0,0
-111131,0,0
8085,0,0
17420,0,0
199931,0,0
91815,0,0
-245242,0,0
-187767,0,0
-71077,0,0
-269948,0,0
115702,0,0
317228,0,0
-288829,0,0
-70134,0,0
482792,0,0
-92286,0,0
117486,0,0
534757,0,0
33077,0,0
-210294,0,0
-394769,0,0
-132444,0,0
537147,0,0
456103,0,0
106990,0,0
52989,0,0
-89800,0,0
-164064,0,0
-167974,0,0
31378,0,0
5970,0,0
247492,0,0
50592,0,0
-355132,0,0
103367,0,0
376234,0,0
479643,0,0
-121580,0,0
-656893,0,0
-129445,0,0
-26809,0,0
100371,0,0
665210,0,0
316895,0,0
-372804,0,0
-195311,0,0
-91706,0,0
254380,0,0
543647,0,0
407071,0,0
207047,0,0
80351,0,0
-414031,0,0
250057,0,0
517361,0,0
58878,0,0
-22679,0,0
-33753,0,0
545108,0,0
664327,0,0
379329,0,0
34153,0,0
367394,0,0
-75880,0,0
-154032,0,0
554895,0,0
184129,0,0
-47216,0,0
364462,0,0
65418,0,0
364951,0,0
691833,0,0
137267,0,0
-309020,0,0
305550,0,0
295482,0,0
-112196,0,0
-268901,0,0
-406495,0,0
493876,0,0
918973,0,0
73108,0,0
-426915,0,0
-493395,0,0
-51248,0,0
68754,0,0
-114486,0,0
693354,0,0
776643,0,0
579779,0,0
-423080,0,0
-592433,0,0
-244635,0,0
196390,0,0
266337,0,0
-65390,0,0
159968,0,0
-174683,0,0
-133261,0,0
141163,0,0
165361,0,0
-268594,0,0
-26060,0,0
-107651,0,0
-417863,0,0
-83299,0,0
226724,0,0
-252604,0,0
-719782,0,0
-782366,0,0
-218006,0,0
376282,0,0
-155913,0,0
406788,0,0
89254,0,0
-574062,0,0
-672841,0,0
-356577,0,0
-311625,0,0
-13010,0,0
-42992,0,0
-422655,0,0
75734,0,0
-191472,0,0
-287758,0,0
179530,0,0
227322,0,0
-210141,0,0
-591825,0,0
-632588,0,0
-421103,0,0
132585,0,0
32961,0,0
-216915,0,0
-92020,0,0
-550003,0,0
-575607,0,0
-11327,0,0
62132,0,0
48915,0,0
278953,0,0
-540603,0,0
-224144,0,0
126882,0,0
-187726,0,0
-148410,0,0
-163850,0,0
-149006,0,0
133750,0,0
107530,0,0
228864,0,0
315725,0,0
-388959,0,0
-645312,0,0
-585034,0,0
-467711,0,0
-609159,0,0
322424,0,0
672464,0,0
647353,0,0
283844,0,0
-847120,0,0
-520274,0,0
-43054,0,0
-76347,0,0
-165381,0,0
-220327,0,0
-63047,0,0
210060,0,0
348286,0,0
131367,0,0
158664,0,0
-474612,0,0
107606,0,0
562141,0,0
268609,0,0
160879,0,0
-111508,0,0
-415790,0,0
-411013,0,0
-343213,0,0
-414641,0,0
506623,0,0
296538,0,0
-711347,0,0
-1188911,0,0
-470924,0,0
163055,0,0
-15626,0,0
-218291,0,0
-76813,0,0
-456874,0,0
-602019,0,0
-284835,0,0
-430433,0,0
-625988,0,0
-309367,0,0
-374575,0,0
-931901,0,0
-594758,0,0
-62,0,0
322986,0,0
834805,0,0
130502,0,0
-885941,0,0
-826157,0,0
-624991,0,0
-108195,0,0
-60051,0,0
-99308,0,0
-303901,0,0
-69402,0,0
-70916,0,0
242019,0,0
62529,0,0
-24065,0,0
9070,0,0
249441,0,0
-480187,0,0
-252292,0,0
-57712,0,0
-185103,0,0
117490,0,0
185777,0,0
-35816,0,0
366387,0,0
282665,0,0
288566,0,0
37537,0,0
-211927,0,0
104930,0,0
855010,0,0
-118956,0,0
-378395,0,0
-193086,0,0
92235,0,0
704037,0,0
985034,0,0
80283,0,0
-309005,0,0
-248917,0,0
-344146,0,0
10153,0,0
163520,0,0
83554,0,0
348786,0,0
177345,0,0
202199,0,0
-456547,0,0
-759679,0,0
-546012,0,0
229254,0,0
300182,0,0
540746,0,0
1013706,0,0
-370624,0,0
-768721,0,0
-36672,0,0
-104291,0,0
121409,0,0
-43168,0,0
-385033,0,0
254940,0,0
306274,0,0
479942,0,0
666783,0,0
332872,0,0
-295756,0,0
-65558,0,0
-57228,0,0
79384,0,0
231398,0,0
-94245,0,0
161860,0,0
307754,0,0
247075,0,0
-240822,0,0
-194475,0,0
-30101,0,0
451165,0,0
189919,0,0
253063,0,0
65581,0,0
-396317,0,0
-61428,0,0
221533,0,0
-59366,0,0
-114052,0,0
34585,0,0
-107194,0,0
-272234,0,0
263635,0,0
91720,0,0
103414,0,0
386596,0,0
-268474,0,0
-339394,0,0
-152878,0,0
-492204,0,0
-31006,0,0
828578,0,0
142561,0,0
3890,0,0
-410152,0,0
-353343,0,0
116127,0,0
149425,0,0
679909,0,0
163497,0,0
-306380,0,0
-274252,0,0
57878,0,0
-1704,0,0
914366,0,0
789301,0,0
-408189,0,0
-564545,0,0
313587,0,0
869921,0,0
459233,0,0
-119224,0,0
-391052,0,0
80185,0,0
246100,0,0
234747,0,0
916011,0,0
1718,0,0
-698598,0,0
-125369,0,0
308643,0,0
318772,0,0
649004,0,0
219477,0,0
-518875,0,0
-632491,0,0
-505674,0,0
95833,0,0
845763,0,0
57155,0,0
-327985,0,0
-126557,0,0
77300,0,0
-2368,0,0
-668640,0,0
-362571,0,0
201074,0,0
364032,0,0
-380064,0,0
-688906,0,0
-543130,0,0
-60356,0,0
937475,0,0
-321784,0,0
-732810,0,0
-201129,0,0
-275088,0,0
-135705,0,0
7924,0,0
14417,0,0
-47538,0,0
-660457,0,0
-981693,0,0
66718,0,0
267055,0,0
-15675,0,0
33561,0,0
-335676,0,0
-381218,0,0
-179297,0,0
-92153,0,0
-176039,0,0
-17585,0,0
-366558,0,0
-552073,0,0
-360700,0,0
-106070,0,0
-460654,0,0
210302,0,0
357451,0,0
-225846,0,0
-1049820,0,0
-768068,0,0
344898,0,0
391042,0,0
216207,0,0
-188334,0,0
-420444,0,0
-472637,0,0
-257342,0,0
-236308,0,0
149604,0,0
296105,0,0
-251380,0,0
267591,0,0
633017,0,0
245092,0,0
-116199,0,0
4043,0,0
-128516,0,0
-100793,0,0
-125282,0,0
-124038,0,0
487350,0,0
370399,0,0
-181390,0,0
181720,0,0
88147,0,0
-404537,0,0
82094,0,0
901179,0,0
414764,0,0
-238546,0,0
2124,0,0
195112,0,0
68584,0,0
-41617,0,0
37206,0,0
151451,0,0
173275,0,0
446225,0,0
301108,0,0
-358179,0,0
176707,0,0
129378,0,0
361598,0,0
194038,0,0
203298,0,0
142874,0,0
-42652,0,0
116748,0,0
311967,0,0
-206074,0,0
-235717,0,0
-90040,0,0
-41562,0,0
-91586,0,0
110237,0,0
237480,0,0
-91047,0,0
-336990,0,0
-312964,0,0
57850,0,0
99560,0,0
-851444,0,0
-579156,0,0
268771,0,0
-239471,0,0
-5740,0,0
-234862,0,0
-169619,0,0
303644,0,0
11972,0,0
-352079,0,0
-474357,0,0
-179163,0,0
-94435,0,0
237065,0,0
296545,0,0
-21911,0,0
373816,0,0
95697,0,0
-234916,0,0
180964,0,0
12598,0,0
26600,0,0
248980,0,0
-94645,0,0
-224913,0,0
-295893,0,0
-113115,0,0
32014,0,0
-114063,0,0
-68899,0,0
456231,0,0
177312,0,0
121056,0,0
-119370,0,0
-273544,0,0
-506294,0,0
-28253,0,0
-222309,0,0
-340664,0,0
304439,0,0
425017,0,0
128142,0,0
46696,0,0
-121457,0,0
-77460,0,0
51306,0,0
119674,0,0
128258,0,0
396870,0,0
162494,0,0
-166759,0,0
-222341,0,0
124596,0,0
688815,0,0
413172,0,0
-121189,0,0
-218857,0,0
-253195,0,0
23597,0,0
422503,0,0
384624,0,0
212980,0,0
436452,0,0
74425,0,0
-148424,0,0
-49004,0,0
-22716,0,0
90080,0,0
834652,0,0
160482,0,0
-472097,0,0
-386088,0,0
268647,0,0
607843,0,0
74529,0,0
310622,0,0
607746,0,0
-153892,0,0
-503356,0,0
29878,0,0
-73890,0,0
-57238,0,0
19374,0,0
-59261,0,0
229722,0,0
498786,0,0
384979,0,0
-230779,0,0
-407173,0,0
-237831,0,0
5225,0,0
-132179,0,0
-380871,0,0
-347570,0,0
-355793,0,0
-27869,0,0
-61083,0,0
-250886,0,0
238498,0,0
952646,0,0
-246028,0,0
-1184148,0,0
-606227,0,0
-318171,0,0
-204191,0,0
19925,0,0
147737,0,0
167058,0,0
195159,0,0
-408204,0,0
-304471,0,0
-14808,0,0
-167278,0,0
116910,0,0
82662,0,0
-250990,0,0
-678829,0,0
-602604,0,0
-497551,0,0
385452,0,0
705580,0,0
496599,0,0
234696,0,0
-326659,0,0
-384156,0,0
-696244,0,0
-110639,0,0
447464,0,0
-20505,0,0
-92855,0,0
665983,0,0
336827,0,0
304998,0,0
-132420,0,0
-439142,0,0
241024,0,0
224148,0,0
7974,0,0
-35366,0,0
252914,0,0
543730,0,0
546039,0,0
224830,0,0
-441762,0,0
-407894,0,0
-85593,0,0
432627,0,0
972274,0,0
352102,0,0
55782,0,0
164051,0,0
-123419,0,0
82227,0,0
456322,0,0
246521,0,0
-2057,0,0
474852,0,0
528919,0,0
150244,0,0
207519,0,0
213431,0,0
110643,0,0
291722,0,0
201872,0,0
418239,0,0
328697,0,0
154279,0,0
9275,0,0
115091,0,0
146685,0,0
658953,0,0
471075,0,0
-171386,0,0
80964,0,0
215972,0,0
-196026,0,0
-64272,0,0
52675,0,0
-270259,0,0
310489,0,0
504934,0,0
381508,0,0
-458233,0,0
-438162,0,0
-572239,0,0
-594308,0,0
5784,0,0
780963,0,0
333605,0,0
-1086860,0,0
-1252795,0,0
-74970,0,0
1791926,0,0
821446,0,0
-660729,0,0
-1326694,0,0
-916237,0,0
-296003,0,0
-30585,0,0
285023,0,0
791682,0,0
661858,0,0
242278,0,0
-216290,0,0
-620265,0,0
-33489,0,0
82964,0,0
218478,0,0
117275,0,0
-11741,0,0
159787,0,0
260372,0,0
-177037,0,0
91519,0,0
307957,0,0
-217556,0,0
-339359,0,0
-72154,0,0
109651,0,0
164681,0,0
11795,0,0
383656,0,0
226828,0,0
-612575,0,0
-551181,0,0
-293241,0,0
-217773,0,0
418663,0,0
868135,0,0
260730,0,0
-63661,0,0
-121824,0,0
-349888,0,0
-290391,0,0
-176193,0,0
-380405,0,0
234063,0,0
525273,0,0
92769,0,0
223265,0,0
81508,0,0
-319194,0,0
-434382,0,0
-616255,0,0
-164374,0,0
-94637,0,0
-239222,0,0
-259960,0,0
218995,0,0
-169614,0,0
-415252,0,0
-256086,0,0
15444,0,0
-129180,0,0
-234306,0,0
-279658,0,0
-262303,0,0
-428761,0,0
-530349,0,0
-231270,0,0
2503,0,0
148683,0,0
273454,0,0
-344840,0,0
-777274,0,0
-299505,0,0
-180742,0,0
-67564,0,0
-560048,0,0
-679699,0,0
337747,0,0
472641,0,0
-111199,0,0
-482239,0,0
-632067,0,0
-424592,0,0
39300,0,0
210357,0,0
-192946,0,0
-257107,0,0
-358187,0,0
-69753,0,0
397943,0,0
247736,0,0
-190741,0,0
-304364,0,0
271126,0,0
298495,0,0
-218227,0,0
-469155,0,0
-177361,0,0
183,0,0
-157453,0,0
119054,0,0
272330,0,0
-79634,0,0
-165246,0,0
-202081,0,0
200822,0,0
253742,0,0
-439462,0,0
-301558,0,0
-45721,0,0
-465106,0,0
-57435,0,0
635729,0,0
432205,0,0
-37571,0,0
-165527,0,0
-601390,0,0
-232769,0,0
148833,0,0
464638,0,0
473744,0,0
-121337,0,0
-287599,0,0
-48267,0,0
-192585,0,0
-331399,0,0
195668,0,0
-210476,0,0
-336760,0,0
-102204,0,0
-191363,0,0
-232074,0,0
293123,0,0
-113396,0,0
-646953,0,0
-126218,0,0
-312954,0,0
-98968,0,0
-219615,0,0
-375649,0,0
95048,0,0
-128645,0,0
-414893,0,0
-271853,0,0
-101296,0,0
-168755,0,0
19424,0,0
-89060,0,0
-401968,0,0
-183256,0,0
-178145,0,0
160498,0,0
333349,0,0
-82741,0,0
-566211,0,0
-218973,0,0
-248271,0,0
317150,0,0
812513,0,0
42851,0,0
-121334,0,0
-48563,0,0
-374230,0,0
-259978,0,0
297016,0,0
446193,0,0
1101735,0,0
944871,0,0
-635091,0,0
-373825,0,0
196421,0,0
383090,0,0
343887,0,0
-8133,0,0
74548,0,0
999952,0,0
1269023,0,0
485993,0,0
-189254,0,0
-264326,0,0
73331,0,0
244733,0,0
258077,0,0
547686,0,0
733381,0,0
279799,0,0
237095,0,0
41351,0,0
65507,0,0
647192,0,0
621478,0,0
431720,0,0
470302,0,0
-427538,0,0
-336389,0,0
981056,0,0
684391,0,0
-70522,0,0
221704,0,0
80779,0,0
114620,0,0
410621,0,0
786020,0,0
378561,0,0
-380074,0,0
-243461,0,0
598228,0,0
328743,0,0
-31862,0,0
30944,0,0
38839,0,0
-84615,0,0
331720,0,0
594791,0,0
40517,0,0
-18617,0,0
-191061,0,0
11567,0,0
373833,0,0
18790,0,0
-90801,0,0
-98916,0,0
-197883,0,0
63716,0,0
-113302,0,0
-185512,0,0
533447,0,0
215355,0,0
-297978,0,0
-245751,0,0
-348587,0,0
-245578,0,0
36864,0,0
59196,0,0
-360171,0,0
673109,0,0
335274,0,0
188000,0,0
77904,0,0
-80380,0,0
-179532,0,0
-81502,0,0
-6392,0,0
239246,0,0
313124,0,0
375872,0,0
459007,0,0
226902,0,0
68804,0,0
273167,0,0
340076,0,0
196239,0,0
-59799,0,0
-24711,0,0
-17995,0,0
915506,0,0
404744,0,0
-132741,0,0
421696,0,0
1102,0,0
-616108,0,0
17272,0,0
475914,0,0
-90859,0,0
434592,0,0
783520,0,0
-144601,0,0
-401688,0,0
-47452,0,0
200270,0,0
279800,0,0
84168,0,0
-276367,0,0
-446739,0,0
-176181,0,0
187579,0,0
286002,0,0
495759,0,0
182856,0,0
-452310,0,0
-424741,0,0
-30236,0,0
-347416,0,0
-337642,0,0
-168555,0,0
-67020,0,0
497661,0,0
217636,0,0
22655,0,0
-214408,0,0
-455131,0,0
-313542,0,0
-324504,0,0
-75765,0,0
-266832,0,0
17051,0,0
-76691,0,0
-63262,0,0
136994,0,0
1107093,0,0
1032180,0,0
-677422,0,0
-1080054,0,0
-348830,0,0
102848,0,0
69128,0,0
523672,0,0
553171,0,0
218974,0,0
294069,0,0
-87996,0,0
-166208,0,0
436906,0,0
450264,0,0
-465960,0,0
-399490,0,0
232462,0,0
551605,0,0
735597,0,0
495775,0,0
-349800,0,0
-548961,0,0
-437927,0,0
-16907,0,0
408954,0,0
531388,0,0
495525,0,0
311618,0,0
-286339,0,0
-367193,0,0
61594,0,0
231222,0,0
397055,0,0
336177,0,0
-218397,0,0
-241067,0,0
-260755,0,0
-40144,0,0
536226,0,0
485194,0,0
456266,0,0
-135076,0,0
-1046934,0,0
-403403,0,0
366942,0,0
679114,0,0
895089,0,0
-10876,0,0
-608446,0,0
-206972,0,0
414714,0,0
-3472,0,0
-252343,0,0
-388226,0,0
-25407,0,0
1251098,0,0
556750,0,0
-255380,0,0
-567155,0,0
-307527,0,0
139794,0,0
-25219,0,0
-258321,0,0
71778,0,0
-141932,0,0
-170988,0,0
100207,0,0
-197822,0,0
-455274,0,0
-252640,0,0
-491047,0,0
-228280,0,0
-89491,0,0
-420732,0,0
-347247,0,0
-228219,0,0
-618880,0,0
-550303,0,0
-56895,0,0
-58748,0,0
-858240,0,0
-969681,0,0
-724033,0,0
-11953,0,0
248988,0,0
-87628,0,0
147172,0,0
-171862,0,0
-585888,0,0
-603540,0,0
-711192,0,0
-138752,0,0
520888,0,0
386567,0,0
-39022,0,0
259926,0,0
-172035,0,0
-69326,0,0
27244,0,0
-123637,0,0
47447,0,0
171659,0,0
-114557,0,0
51276,0,0
55099,0,0
325481,0,0
270690,0,0
-36184,0,0
-376227,0,0
122219,0,0
225535,0,0
-501015,0,0
-295209,0,0
72471,0,0
385073,0,0
518942,0,0
-30683,0,0
168124,0,0
345503,0,0
125455,0,0
92477,0,0
-192584,0,0
-137930,0,0
285641,0,0
209553,0,0
-42735,0,0
198766,0,0
77678,0,0
59993,0,0
61324,0,0
-146323,0,0
-175971,0,0
525151,0,0
514617,0,0
-577786,0,0
-88616,0,0
-171976,0,0
-529856,0,0
-101476,0,0
394681,0,0
216136,0,0
-486824,0,0
-258503,0,0
756726,0,0
153977,0,0
-601407,0,0
-110288,0,0
-159979,0,0
-31529,0,0
-15741,0,0
-88694,0,0
-7391,0,0
258728,0,0
342183,0,0
90923,0,0
-107498,0,0
-194317,0,0
339611,0,0
-92486,0,0
-454925,0,0
367182,0,0
265083,0,0
-93233,0,0
267653,0,0
275157,0,0
-118938,0,0
-63685,0,0
106326,0,0
226339,0,0
170450,0,0
-339808,0,0
-357400,0,0
233058,0,0
510894,0,0
146277,0,0
-52000,0,0
-289524,0,0
-238851,0,0
-211978,0,0
94097,0,0
-70862,0,0
-319206,0,0
-410061,0,0
-112863,0,0
65771,0,0
112521,0,0
240635,0,0
-74349,0,0
-159744,0,0
55449,0,0
-368655,0,0
36103,0,0
292895,0,0
297827,0,0
352546,0,0
312821,0,0
89978,0,0
160035,0,0
122773,0,0
62821,0,0
238375,0,0
569358,0,0
-26267,0,0
38246,0,0
-9866,0,0
-255069,0,0
302131,0,0
969938,0,0
265789,0,0
229689,0,0
-407734,0,0
-557636,0,0
-225308,0,0
345822,0,0
423169,0,0
34727,0,0
-305611,0,0
356159,0,0
436553,0,0
-127204,0,0
-459617,0,0
-640117,0,0
-59125,0,0
396191,0,0
-144832,0,0
236865,0,0
681003,0,0
-527021,0,0
-777970,0,0
290905,0,0
105794,0,0
-548696,0,0
-286816,0,0
443481,0,0
-169913,0,0
-606664,0,0
-476029,0,0
237228,0,0
238152,0,0
-412450,0,0
-659102,0,0
-187263,0,0
-228215,0,0
260645,0,0
52610,0,0
-677838,0,0
-158071,0,0
-417532,0,0
-315367,0,0
357596,0,0
47727,0,0
-419823,0,0
-331009,0,0
-290001,0,0
-34371,0,0
8039,0,0
-4676,0,0
95562,0,0
-328555,0,0
-517681,0,0
-91308,0,0
163473,0,0
-402285,0,0
-379583,0,0
60522,0,0
-349167,0,0
-341903,0,0
-142409,0,0
-141804,0,0
-162997,0,0
-443446,0,0
-296361,0,0
-376768,0,0
-517894,0,0
51921,0,0
146975,0,0
-416094,0,0
-466780,0,0
-310232,0,0
-33548,0,0
-37196,0,0
104853,0,0
-148980,0,0
-146444,0,0
-284701,0,0
-210532,0,0
142256,0,0
109630,0,0
243965,0,0
-17065,0,0
-441990,0,0
-314501,0,0
467272,0,0
752003,0,0
133172,0,0
-201292,0,0
-592245,0,0
-86366,0,0
403407,0,0
889601,0,0
533896,0,0
-138856,0,0
-157078,0,0
13559,0,0
-47088,0,0
176225,0,0
350567,0,0
-16045,0,0
157743,0,0
427420,0,0
271566,0,0
-105055,0,0
211638,0,0
-166496,0,0
-491176,0,0
-91967,0,0
535400,0,0
871944,0,0
-338102,0,0
-532275,0,0
-235343,0,0
-432504,0,0
-610365,0,0
-62294,0,0
751855,0,0
475193,0,0
-279980,0,0
-678435,0,0
-748119,0,0
54868,0,0
480239,0,0
-452973,0,0
-1255081,0,0
-243277,0,0
323538,0,0
195748,0,0
144128,0,0
65575,0,0
-265970,0,0
-397043,0,0
-324504,0,0
43311,0,0
214627,0,0
202721,0,0
29279,0,0
-671313,0,0
-203537,0,0
388817,0,0
278149,0,0
114568,0,0
-237078,0,0
-154246,0,0
383891,0,0
611764,0,0
120850,0,0
-447815,0,0
-464979,0,0
-274835,0,0
105913,0,0
387158,0,0
647028,0,0
-339771,0,0
-227085,0,0
80407,0,0
-53013,0,0
-442272,0,0
21462,0,0
-502034,0,0
-305743,0,0
242519,0,0
83067,0,0
108903,0,0
-308906,0,0
-210914,0,0
194371,0,0
460782,0,0
-314236,0,0
-333814,0,0
-70067,0,0
78212,0,0
203297,0,0
44208,0,0
302629,0,0
212033,0,0
-24232,0,0
-28773,0,0
446750,0,0
531521,0,0
187197,0,0
8243,0,0
198826,0,0
657526,0,0
571299,0,0
154336,0,0
573181,0,0
660171,0,0
41347,0,0
169137,0,0
222119,0,0
104051,0,0
413202,0,0
357077,0,0
25857,0,0
613522,0,0
397407,0,0
-110075,0,0
785232,0,0
1349945,0,0
277029,0,0
-503068,0,0
-750756,0,0
-51785,0,0
745646,0,0
206160,0,0
185752,0,0
1180673,0,0
951273,0,0
17380,0,0
-312593,0,0
-117916,0,0
208612,0,0
343055,0,0
187339,0,0
229102,0,0
335372,0,0
77495,0,0
-149843,0,0
114053,0,0
553202,0,0
730733,0,0
189094,0,0
-729811,0,0
-615180,0,0
481544,0,0
875757,0,0
87072,0,0
-309286,0,0
168256,0,0
-180821,0,0
-281376,0,0
49282,0,0
-37457,0,0
-119844,0,0
816783,0,0
526513,0,0
-565032,0,0
-361607,0,0
-126031,0,0
64702,0,0
-461425,0,0
-800454,0,0
-32601,0,0
228025,0,0
506543,0,0
145619,0,0
-290034,0,0
-388538,0,0
208237,0,0
317759,0,0
-392592,0,0
-505103,0,0
-221572,0,0
119779,0,0
167840,0,0
43227,0,0
-157208,0,0
4326,0,0
23242,0,0
-14658,0,0
255284,0,0
184160,0,0
-173655,0,0
-149864,0,0
-76376,0,0
-189705,0,0
-177910,0,0
-269449,0,0
492531,0,0
695315,0,0
122382,0,0
-49954,0,0
-505640,0,0
-156245,0,0
298744,0,0
534679,0,0
129113,0,0
278226,0,0
319300,0,0
-31045,0,0
209037,0,0
346134,0,0
288917,0,0
346277,0,0
86450,0,0
298028,0,0
706730,0,0
399555,0,0
433696,0,0
428208,0,0
477854,0,0
330188,0,0
-17940,0,0
-628163,0,0
-247763,0,0
785776,0,0
1433891,0,0
1004152,0,0
172232,0,0
-149031,0,0
8870,0,0
98057,0,0
117429,0,0
539957,0,0
219659,0,0
294398,0,0
182174,0,0
-224687,0,0
172451,0,0
644817,0,0
124123,0,0
-201116,0,0
-272140,0,0
-680901,0,0
-263280,0,0
210832,0,0
-306315,0,0
181404,0,0
484104,0,0
-206978,0,0
-731548,0,0
-1272461,0,0
-835677,0,0
141335,0,0
-150334,0,0
-141446,0,0
343149,0,0
-605858,0,0
-100515,0,0
310540,0,0
-649010,0,0
-1017890,0,0
-632600,0,0
-450165,0,0
-280674,0,0
-28337,0,0
-258003,0,0
147701,0,0
-212949,0,0
-410607,0,0
-334417,0,0
-331384,0,0
-245658,0,0
-454860,0,0
-509163,0,0
-165231,0,0
-63727,0,0
-542474,0,0
-493978,0,0
-191550,0,0
-60070,0,0
-58440,0,0
-247976,0,0
-671819,0,0
-416408,0,0
-197966,0,0
-141938,0,0
-92210,0,0
-462020,0,0
-238751,0,0
-405102,0,0
-689096,0,0
-98740,0,0
221683,0,0
5181,0,0
16614,0,0
-27019,0,0
-419193,0,0
-104692,0,0
83288,0,0
79286,0,0
59007,0,0
302207,0,0
305860,0,0
-85880,0,0
62657,0,0
139789,0,0
485638,0,0
311493,0,0
46660,0,0
219605,0,0
346683,0,0
630225,0,0
485650,0,0
99024,0,0
92991,0,0
513275,0,0
554104,0,0
618025,0,0
662111,0,0
642618,0,0
442987,0,0
594122,0,0
-48027,0,0
175662,0,0
465925,0,0
460911,0,0
927037,0,0
691604,0,0
200682,0,0
-111484,0,0
307448,0,0
661079,0,0
96259,0,0
51625,0,0
184938,0,0
13271,0,0
-50967,0,0
-130570,0,0
58444,0,0
-15556,0,0
206857,0,0
279818,0,0
-111776,0,0
-264650,0,0
-383055,0,0
-294815,0,0
-143465,0,0
-56179,0,0
-362988,0,0
-48193,0,0
-319010,0,0
-547085,0,0
76469,0,0
-23953,0,0
-970173,0,0
-678673,0,0
-386293,0,0
266564,0,0
-100114,0,0
-744660,0,0
-218194,0,0
-342354,0,0
-1463550,0,0
-1013235,0,0
51050,0,0
193776,0,0
-166449,0,0
-467055,0,0
-572152,0,0
-293815,0,0
-289579,0,0
-637704,0,0
-520033,0,0
261820,0,0
-344916,0,0
-600742,0,0
-67636,0,0
-48095,0,0
243052,0,0
-91807,0,0
-31595,0,0
-189973,0,0
-340332,0,0
71066,0,0
312688,0,0
-16838,0,0
2648,0,0
-284043,0,0
97821,0,0
432083,0,0
246469,0,0
-111182,0,0
156093,0,0
-170193,0,0
-143141,0,0
291892,0,0
313450,0,0
242181,0,0
-23826,0,0
50607,0,0
10886,0,0
-300494,0,0
-740372,0,0
78154,0,0
579141,0,0
110020,0,0
530204,0,0
392315,0,0
72217,0,0
-129464,0,0
-210702,0,0
-166038,0,0
194210,0,0
624105,0,0
602214,0,0
434339,0,0
-87022,0,0
184683,0,0
347617,0,0
335620,0,0
719314,0,0
512166,0,0
-6385,0,0
346448,0,0
707607,0,0
353953,0,0
466734,0,0
309028,0,0
481430,0,0
429398,0,0
-84036,0,0
23476,0,0
582757,0,0
608027,0,0
423996,0,0
78424,0,0
-302562,0,0
429137,0,0
641435,0,0
840562,0,0
479016,0,0
-629200,0,0
-502377,0,0
109044,0,0
220544,0,0
266644,0,0
764615,0,0
86084,0,0
4969,0,0
134947,0,0
-264119,0,0
-187390,0,0
43222,0,0
219405,0,0
280298,0,0
512263,0,0
59787,0,0
-213305,0,0
-9858,0,0
-102858,0,0
202920,0,0
247919,0,0
-26589,0,0
45353,0,0
-409950,0,0
-265738,0,0
376052,0,0
304071,0,0
54716,0,0
156886,0,0
108429,0,0
-229337,0,0
-331405,0,0
-142701,0,0
-116364,0,0
5826,0,0
-303072,0,0
-196071,0,0
-59020,0,0
128228,0,0
-117322,0,0
-168624,0,0
-386107,0,0
-149086,0,0
337849,0,0
-32522,0,0
61124,0,0
113735,0,0
-311240,0,0
-160833,0,0
-388876,0,0
-331741,0,0
161616,0,0
482826,0,0
973410,0,0
942923,0,0
-442379,0,0
-309675,0,0
206971,0,0
230499,0,0
189821,0,0
229001,0,0
141165,0,0
271488,0,0
457669,0,0
177509,0,0
216096,0,0
199483,0,0
683104,0,0
585825,0,0
55960,0,0
167051,0,0
126628,0,0
650376,0,0
763834,0,0
288951,0,0
-432729,0,0
-132980,0,0
326967,0,0
179714,0,0
783654,0,0
1292246,0,0
461350,0,0
-324605,0,0
307601,0,0
263831,0,0
477470,0,0
410242,0,0
-64289,0,0
326140,0,0
333028,0,0
539040,0,0
257122,0,0
-188956,0,0
27187,0,0
537318,0,0
252968,0,0
430004,0,0
688790,0,0
-31853,0,0
-375667,0,0
-16841,0,0
-54599,0,0
-26774,0,0
-55692,0,0
-236380,0,0
526767,0,0
467370,0,0
19917,0,0
-136718,0,0
59085,0,0
19897,0,0
-191797,0,0
-129236,0,0
33460,0,0
252396,0,0
6692,0,0
127672,0,0
372329,0,0
290501,0,0
-73221,0,0
-379952,0,0
-346796,0,0
85959,0,0
272646,0,0
42933,0,0
305496,0,0
-101804,0,0
-445834,0,0
-165400,0,0
-260258,0,0
-213428,0,0
250833,0,0
316682,0,0
-516172,0,0
-71121,0,0
-122823,0,0
-75221,0,0
106831,0,0
253781,0,0
-51271,0,0
-248760,0,0
-412787,0,0
-7101,0,0
-9445,0,0
-10153,0,0
334047,0,0
333497,0,0
150425,0,0
195443,0,0
-407742,0,0
-612042,0,0
123416,0,0
264051,0,0
105911,0,0
229097,0,0
66683,0,0
469632,0,0
36319,0,0
-351266,0,0
-225422,0,0
-48916,0,0
95759,0,0
291360,0,0
-213696,0,0
-459177,0,0
163063,0,0
62731,0,0
-265480,0,0
104642,0,0
-193050,0,0
65233,0,0
56553,0,0
-409392,0,0
-130856,0,0
-167917,0,0
-280632,0,0
-125050,0,0
-124275,0,0
-85945,0,0
-162625,0,0
-442071,0,0
-315956,0,0
129776,0,0
74991,0,0
-217014,0,0
-183678,0,0
-463920,0,0
-405080,0,0
-53577,0,0
-19861,0,0
-212680,0,0
-265339,0,0
-205246,0,0
-263701,0,0
-237900,0,0
-315990,0,0
-141648,0,0
28015,0,0
-505144,0,0
-556517,0,0
-139809,0,0
-401918,0,0
-287592,0,0
-72834,0,0
-219265,0,0
40163,0,0
-308961,0,0
-580997,0,0
-228579,0,0
-418704,0,0
-91924,0,0
-110694,0,0
-195405,0,0
-531651,0,0
-772192,0,0
-311403,0,0
-14241,0,0
175565,0,0
698481,0,0
706820,0,0
-749280,0,0
-1093680,0,0
-366403,0,0
-282557,0,0
-288547,0,0
228131,0,0
308448,0,0
387974,0,0
201843,0,0
-538988,0,0
-539669,0,0
-345471,0,0
-202288,0,0
133046,0,0
108588,0,0
-479737,0,0
103330,0,0
182387,0,0
-270131,0,0
-458941,0,0
-303741,0,0
-148605,0,0
333680,0,0
119493,0,0
-47590,0,0
-169668,0,0
-174565,0,0
-40399,0,0
330487,0,0
-1726,0,0
-301117,0,0
213620,0,0
229096,0,0
-309897,0,0
-400178,0,0
-319643,0,0
169271,0,0
-311967,0,0
-423582,0,0
264893,0,0
-18959,0,0
-1206489,0,0
-127262,0,0
915850,0,0
-7325,0,0
-751751,0,0
-1345151,0,0
-1029457,0,0
154744,0,0
214044,0,0
532014,0,0
271177,0,0
-185202,0,0
-81063,0,0
-9763,0,0
-464236,0,0
-356530,0,0
50872,0,0
171237,0,0
64168,0,0
4756,0,0
128052,0,0
251955,0,0
-10232,0,0
-408432,0,0
-169901,0,0
-91060,0,0
-163304,0,0
389094,0,0
171838,0,0
-326731,0,0
-61015,0,0
14884,0,0
236774,0,0
237412,0,0
-299142,0,0
-255051,0,0
81251,0,0
-87419,0,0
31731,0,0
211434,0,0
112855,0,0
89142,0,0
251200,0,0
442921,0,0
286630,0,0
-304173,0,0
-281628,0,0
577740,0,0
525722,0,0
-3192,0,0
241175,0,0
486676,0,0
18930,0,0
105487,0,0
71412,0,0
658842,0,0
473153,0,0
22289,0,0
217756,0,0
258075,0,0
25902,0,0
424847,0,0
420503,0,0
386947,0,0
206659,0,0
-417998,0,0
-467762,0,0
-26888,0,0
-65256,0,0
96763,0,0
1050022,0,0
1095411,0,0
-18232,0,0
-1122833,0,0
-420096,0,0
935027,0,0
866893,0,0
263033,0,0
-300339,0,0
-207450,0,0
-64089,0,0
323353,0,0
518596,0,0
450004,0,0
357282,0,0
-113436,0,0
-199177,0,0
165860,0,0
426638,0,0
519502,0,0
49239,0,0
-494121,0,0
59586,0,0
466324,0,0
-141957,0,0
-35313,0,0
-391885,0,0
-363142,0,0
-328611,0,0
-302671,0,0
198091,0,0
1021147,0,0
178440,0,0
-749603,0,0
-717523,0,0
-465224,0,0
-364493,0,0
19221,0,0
-205443,0,0
117229,0,0
377355,0,0
328054,0,0
282917,0,0
72170,0,0
-403047,0,0
-377612,0,0
-162496,0,0
-20110,0,0
108856,0,0
341016,0,0
567303,0,0
876469,0,0
271282,0,0
-242445,0,0
171165,0,0
179440,0,0
50653,0,0
124741,0,0
224926,0,0
397505,0,0
198017,0,0
32899,0,0
-6254,0,0
319065,0,0
-278234,0,0
27187,0,0
617011,0,0
-107043,0,0
-557362,0,0
309781,0,0
699555,0,0
-90944,0,0
-376753,0,0
-441941,0,0
-350019,0,0
-402264,0,0
148854,0,0
836363,0,0
-327254,0,0
-691674,0,0
-276484,0,0
-63813,0,0
-200705,0,0
101263,0,0
-305022,0,0
-391244,0,0
-518031,0,0
-508672,0,0
-246539,0,0
-36196,0,0
207461,0,0
-367904,0,0
-675900,0,0
-486918,0,0
180581,0,0
-52994,0,0
-449989,0,0
-336418,0,0
-280366,0,0
-35692,0,0
13506,0,0
-85269,0,0
-156395,0,0
154848,0,0
-275303,0,0
-137326,0,0
-146119,0,0
-180920,0,0
20899,0,0
112747,0,0
-265247,0,0
-572429,0,0
-165552,0,0
35547,0,0
-72171,0,0
-49564,0,0
236735,0,0
-144136,0,0
-818523,0,0
-598045,0,0
-59375,0,0
44343,0,0
-29221,0,0
-87938,0,0
-587982,0,0
-97844,0,0
-295183,0,0
-17200,0,0
178993,0,0
278163,0,0
-372672,0,0
-358811,0,0
-444716,0,0
-279746,0,0
17234,0,0
-308437,0,0
261127,0,0
950768,0,0
153450,0,0
-367880,0,0
-162200,0,0
103569,0,0
-66648,0,0
129965,0,0
-222404,0,0
-176210,0,0
232275,0,0
226210,0,0
-83405,0,0
152765,0,0
8005,0,0
-80691,0,0
-439139,0,0
630475,0,0
850624,0,0
-282109,0,0
-949312,0,0
-416646,0,0
-2051,0,0
573109,0,0
1493415,0,0
626562,0,0
12161,0,0
-405961,0,0
-450771,0,0
-1680,0,0
496089,0,0
281220,0,0
86930,0,0
447753,0,0
584889,0,0
632810,0,0
204088,0,0
111174,0,0
-319657,0,0
-159490,0,0
134804,0,0
483909,0,0
148428,0,0
-265907,0,0
-38685,0,0
170578,0,0
252285,0,0
182711,0,0
-301451,0,0
-279868,0,0
98806,0,0
-135845,0,0
-393662,0,0
-242817,0,0
-284856,0,0
-202914,0,0
68192,0,0
167635,0,0
-270328,0,0
-614850,0,0
-583067,0,0
29923,0,0
248008,0,0
-130255,0,0
-717716,0,0
-947778,0,0
-543779,0,0
4811,0,0
-96535,0,0
-267600,0,0
322028,0,0
20691,0,0
-559637,0,0
-763060,0,0
-394524,0,0
138956,0,0
422776,0,0
-39002,0,0
-646184,0,0
-532567,0,0
-271567,0,0
-162632,0,0
-255229,0,0
-86186,0,0
839208,0,0
228966,0,0
-521941,0,0
-67756,0,0
-150965,0,0
-149325,0,0
-138053,0,0
-275570,0,0
57862,0,0
49529,0,0
141295,0,0
347852,0,0
-537995,0,0
-725910,0,0
-125898,0,0
207166,0,0
180399,0,0
393247,0,0
177266,0,0
70556,0,0
-300797,0,0
-658179,0,0
-475971,0,0
-210499,0,0
116542,0,0
1019644,0,0
763803,0,0
-489570,0,0
-721255,0,0
-58198,0,0
225053,0,0
325486,0,0
-654530,0,0
-634123,0,0
463569,0,0
988008,0,0
526275,0,0
28837,0,0
-446190,0,0
-503341,0,0
-267786,0,0
3125,0,0
408432,0,0
372404,0,0
-179152,0,0
122978,0,0
525993,0,0
-182330,0,0
-175932,0,0
-25384,0,0
-352915,0,0
331819,0,0
311024,0,0
-179455,0,0
-267745,0,0
54509,0,0
109193,0,0
239579,0,0
-464951,0,0
-368163,0,0
469618,0,0
422512,0,0
-129518,0,0
-425677,0,0
-485721,0,0
112484,0,0
363352,0,0
119294,0,0
-296098,0,0
-231632,0,0
-211828,0,0
191819,0,0
259347,0,0
-447115,0,0
-209103,0,0
-48741,0,0
-201828,0,0
204015,0,0
101423,0,0
-419653,0,0
-357008,0,0
-309416,0,0
-27152,0,0
601271,0,0
-142871,0,0
-185969,0,0
123208,0,0
288550,0,0
86839,0,0
-45072,0,0
-580101,0,0
-345636,0,0
-217244,0,0
-210972,0,0
589519,0,0
-30776,0,0
-207772,0,0
577106,0,0
29201,0,0
-814609,0,0
-456570,0,0
464244,0,0
239460,0,0
-36298,0,0
-51422,0,0
290638,0,0
428936,0,0
-311156,0,0
-773344,0,0
-246527,0,0
99987,0,0
542492,0,0
1077116,0,0
554211,0,0
242242,0,0
-470350,0,0
-565573,0,0
166262,0,0
336514,0,0
187185,0,0
81003,0,0
-108617,0,0
467196,0,0
1146137,0,0
84113,0,0
-357661,0,0
-348433,0,0
-221355,0,0
-71464,0,0
411524,0,0
670684,0,0
342965,0,0
-368949,0,0
-396820,0,0
504833,0,0
229149,0,0
-162994,0,0
-223772,0,0
-496574,0,0
-221596,0,0
541561,0,0
1190893,0,0
686878,0,0
3260,0,0
-1079975,0,0
-442789,0,0
-7436,0,0
32946,0,0
419470,0,0
401923,0,0
-165568,0,0
-348478,0,0
-85752,0,0
559056,0,0
647931,0,0
-228135,0,0
-363964,0,0
-276591,0,0
-278070,0,0
84872,0,0
434784,0,0
201968,0,0
-222594,0,0
-68552,0,0
-124103,0,0
379148,0,0
355753,0,0
-87772,0,0
-90730,0,0
-308582,0,0
-193736,0,0
-107760,0,0
-112217,0,0
52662,0,0
580016,0,0
185104,0,0
-242557,0,0
-209657,0,0
-232853,0,0
-385774,0,0
-353905,0,0
-263192,0,0
402428,0,0
188691,0,0
-644448,0,0
-621960,0,0
-191439,0,0
103182,0,0
451321,0,0
432093,0,0
-878401,0,0
-412268,0,0
-6708,0,0
-161230,0,0
36127,0,0
-62187,0,0
-398303,0,0
-122268,0,0
213570,0,0
513448,0,0
329240,0,0
61318,0,0
-180159,0,0
-202837,0,0
-287317,0,0
239170,0,0
144605,0,0
-80835,0,0
44221,0,0
45616,0,0
-242002,0,0
331215,0,0
308110,0,0
-150114,0,0
122060,0,0
-260213,0,0
-340625,0,0
-143918,0,0
-122473,0,0
-104210,0,0
239063,0,0
-91504,0,0
-475085,0,0
97545,0,0
33238,0,0
-384926,0,0
-705285,0,0
-279612,0,0
383850,0,0
1062556,0,0
119734,0,0
-949874,0,0
-1066878,0,0
-566697,0,0
345288,0,0
534715,0,0
-16478,0,0
-134276,0,0
-477706,0,0
-145995,0,0
452656,0,0
259061,0,0
-187728,0,0
89691,0,0
-311900,0,0
-535791,0,0
55126,0,0
139032,0,0
161652,0,0
212963,0,0
-227928,0,0
123923,0,0
291587,0,0
-320002,0,0
296903,0,0
682459,0,0
217635,0,0
-79664,0,0
-430095,0,0
-234960,0,0
105902,0,0
202319,0,0
181910,0,0
452463,0,0
619195,0,0
-137444,0,0
-300353,0,0
39945,0,0
408452,0,0
176266,0,0
-19948,0,0
278469,0,0
57365,0,0
-530872,0,0
204692,0,0
461769,0,0
-115312,0,0
-63862,0,0
-44832,0,0
-44332,0,0
169560,0,0
-70758,0,0
-339320,0,0
-158288,0,0
393326,0,0
147862,0,0
-82654,0,0
323218,0,0
128201,0,0
-410209,0,0
-581105,0,0
-131492,0,0
328536,0,0
267217,0,0
460172,0,0
156381,0,0
-552482,0,0
-142229,0,0
365059,0,0
353100,0,0
26490,0,0
-146234,0,0
-96172,0,0
367066,0,0
-189498,0,0
-86775,0,0
226957,0,0
-358941,0,0
-152212,0,0
57837,0,0
-419560,0,0
-128998,0,0
-143037,0,0
-451602,0,0
-404993,0,0
-325194,0,0
-181318,0,0
356899,0,0
-721076,0,0
-1039874,0,0
-454494,0,0
-65372,0,0
-168827,0,0
-400484,0,0
-657518,0,0
-755599,0,0
-392499,0,0
129481,0,0
579908,0,0
202751,0,0
-1194682,0,0
-1204013,0,0
-511850,0,0
-102341,0,0
242767,0,0
41603,0,0
-516398,0,0
-441604,0,0
-516053,0,0
451207,0,0
1184695,0,0
500510,0,0
-536078,0,0
-922597,0,0
-477256,0,0
141177,0,0
342639,0,0
-32165,0,0
3863,0,0
313447,0,0
228860,0,0
-44417,0,0
218400,0,0
-129299,0,0
-116261,0,0
642408,0,0
186654,0,0
330328,0,0
282675,0,0
-222926,0,0
-166102,0,0
-156045,0,0
94093,0,0
624165,0,0
286586,0,0
-227782,0,0
-257292,0,0
204161,0,0
421345,0,0
513793,0,0
76984,0,0
-140882,0,0
-276821,0,0
-427953,0,0
52327,0,0
269196,0,0
469143,0,0
176677,0,0
-12901,0,0
-209598,0,0
-141243,0,0
-73352,0,0
-3239,0,0
216819,0,0
203503,0,0
213501,0,0
-21596,0,0
-177879,0,0
50831,0,0
-296605,0,0
-535356,0,0
-53527,0,0
64182,0,0
428614,0,0
680286,0,0
-463373,0,0
-1051075,0,0
-513137,0,0
-332430,0,0
-116110,0,0
180074,0,0
69916,0,0
-56598,0,0
-49339,0,0
-234823,0,0
29662,0,0
218148,0,0
-304971,0,0
-313526,0,0
-59295,0,0
-91826,0,0
173667,0,0
-110751,0,0
70466,0,0
1076983,0,0
731562,0,0
-743497,0,0
-488501,0,0
-204105,0,0
297227,0,0
343423,0,0
422320,0,0
737868,0,0
775537,0,0
-103834,0,0
-253274,0,0
-108947,0,0
-258889,0,0
-197368,0,0
274084,0,0
327759,0,0
163844,0,0
-150655,0,0
871502,0,0
1450806,0,0
-290739,0,0
-722912,0,0
-250308,0,0
172190,0,0
812860,0,0
154052,0,0
-490716,0,0
-182375,0,0
175229,0,0
251315,0,0
956208,0,0
966576,0,0
-175087,0,0
-509008,0,0
-143827,0,0
-8697,0,0
251505,0,0
79371,0,0
-35246,0,0
21247,0,0
-61553,0,0
51468,0,0
373152,0,0
119347,0,0
-588251,0,0
-318675,0,0
-265092,0,0
-461154,0,0
-224386,0,0
-386482,0,0
76295,0,0
75751,0,0
-219122,0,0
-10265,0,0
-104958,0,0
-633260,0,0
-272372,0,0
-100258,0,0
-438458,0,0
208539,0,0
81226,0,0
-397090,0,0
-206745,0,0
-280060,0,0
-478273,0,0
97483,0,0
563149,0,0
919097,0,0
314201,0,0
-885825,0,0
-529337,0,0
206733,0,0
283478,0,0
269565,0,0
219970,0,0
-61080,0,0
285941,0,0
-1230,0,0
-184197,0,0
479886,0,0
371920,0,0
72152,0,0
385200,0,0
-169,0,0
162455,0,0
418855,0,0
-459773,0,0
-352561,0,0
152047,0,0
544671,0,0
1282049,0,0
892467,0,0
-552391,0,0
-690480,0,0
-11780,0,0
114012,0,0
171125,0,0
94467,0,0
62605,0,0
305082,0,0
144852,0,0
23551,0,0
564338,0,0
90040,0,0
-137523,0,0
143594,0,0
13783,0,0
302235,0,0
-2198,0,0
-576588,0,0
-165228,0,0
422695,0,0
271194,0,0
399694,0,0
153184,0,0
-316715,0,0
-138837,0,0
-243683,0,0
-526513,0,0
-240701,0,0
28616,0,0
356080,0,0
592149,0,0
-61467,0,0
-592460,0,0
73817,0,0
-600188,0,0
-795575,0,0
-360583,0,0
2688,0,0
883276,0,0
582242,0,0
-226673,0,0
-699421,0,0
-566343,0,0
-511064,0,0
-233895,0,0
-144728,0,0
209407,0,0
958511,0,0
325489,0,0
-788889,0,0
-727968,0,0
-899268,0,0
-551195,0,0
-59996,0,0
75894,0,0
380641,0,0
797202,0,0
-600822,0,0
-782258,0,0
-302347,0,0
-68609,0,0
-231687,0,0
-127878,0,0
-437930,0,0
-550230,0,0
-312372,0,0
163403,0,0
581870,0,0
90607,0,0
-189039,0,0
-283310,0,0
-583234,0,0
-477713,0,0
-108537,0,0
260098,0,0
408931,0,0
-327520,0,0
-441802,0,0
-53666,0,0
50324,0,0
-145023,0,0
108257,0,0
-271275,0,0
-655237,0,0
-217477,0,0
264559,0,0
-320368,0,0
-439131,0,0
75625,0,0
433389,0,0
322517,0,0
173767,0,0
-59453,0,0
-623373,0,0
-373380,0,0
112219,0,0
420813,0,0
94211,0,0
209322,0,0
314624,0,0
-252406,0,0
-135372,0,0
34488,0,0
-120914,0,0
573389,0,0
38235,0,0
-472093,0,0
441133,0,0
351373,0,0
-176787,0,0
-144741,0,0
-76404,0,0
-161339,0,0
-27196,0,0
100784,0,0
335610,0,0
438373,0,0
340759,0,0
91730,0,0
-195139,0,0
-290033,0,0
164257,0,0
827208,0,0
783582,0,0
533623,0,0
133937,0,0
-298852,0,0
73563,0,0
369091,0,0
532404,0,0
628668,0,0
707492,0,0
671053,0,0
205361,0,0
-2616,0,0
-82767,0,0
-101101,0,0
222477,0,0
1488632,0,0
1115702,0,0
366652,0,0
517949,0,0
-85338,0,0
-440618,0,0
613862,0,0
1182600,0,0
207191,0,0
63081,0,0
166109,0,0
483147,0,0
797219,0,0
302742,0,0
-12822,0,0
-102493,0,0
163399,0,0
627031,0,0
377302,0,0
-468677,0,0
-227938,0,0
-292166,0,0
-564818,0,0
260693,0,0
260655,0,0
-489539,0,0
-553161,0,0
-874744,0,0
-744417,0,0
123851,0,0
-39270,0,0
-194564,0,0
44608,0,0
-735924,0,0
-1096596,0,0
-322073,0,0
-427824,0,0
-534673,0,0
-269511,0,0
-405656,0,0
63636,0,0
383505,0,0
-96057,0,0
-476046,0,0
-530509,0,0
-382369,0,0
-295150,0,0
-225855,0,0
-114661,0,0
-163939,0,0
-242341,0,0
-20692,0,0
409683,0,0
-412110,0,0
-360402,0,0
183263,0,0
56225,0,0
-113814,0,0
-346418,0,0
-226546,0,0
152208,0,0
53570,0,0
-493941,0,0
14978,0,0
731732,0,0
65064,0,0
-322318,0,0
-74181,0,0
7515,0,0
334576,0,0
-29411,0,0
-250516,0,0
-334634,0,0
-375275,0,0
-271436,0,0
11986,0,0
534103,0,0
999383,0,0
183649,0,0
-46883,0,0
-212000,0,0
-130464,0,0
-110114,0,0
-322052,0,0
102276,0,0
230623,0,0
283856,0,0
-115141,0,0
561864,0,0
1165746,0,0
195621,0,0
-266762,0,0
-72805,0,0
-99587,0,0
177073,0,0
857730,0,0
816954,0,0
464929,0,0
166466,0,0
-122219,0,0
111607,0,0
284324,0,0
390751,0,0
468506,0,0
115091,0,0
219659,0,0
915054,0,0
609991,0,0
85960,0,0
339457,0,0
225922,0,0
115169,0,0
537367,0,0
279283,0,0
44907,0,0
54198,0,0
264630,0,0
684097,0,0
387713,0,0
-137127,0,0
108600,0,0
26188,0,0
115608,0,0
689542,0,0
607616,0,0
62575,0,0
-331046,0,0
-344360,0,0
-130963,0,0
172945,0,0
2500,0,0
-54220,0,0
-37060,0,0
-147108,0,0
-57471,0,0
-60456,0,0
283899,0,0
29294,0,0
-322481,0,0
-749028,0,0
-577554,0,0
-424615,0,0
-108711,0,0
-149108,0,0
-567950,0,0
-730484,0,0
-514602,0,0
-445017,0,0
-288215,0,0
-66760,0,0
-778414,0,0
-933808,0,0
-299893,0,0
-463285,0,0
-788420,0,0
-634790,0,0
-432754,0,0
-550142,0,0
-785367,0,0
-789598,0,0
-165700,0,0
108255,0,0
-598220,0,0
-829453,0,0
211041,0,0
-293279,0,0
-707402,0,0
-507729,0,0
-800125,0,0
-731189,0,0
24535,0,0
314983,0,0
77993,0,0
-292630,0,0
-404061,0,0
33958,0,0
259289,0,0
24727,0,0
-299069,0,0
-520457,0,0
65784,0,0
298590,0,0
51803,0,0
-205547,0,0
-42770,0,0
596362,0,0
550353,0,0
-260899,0,0
-153193,0,0
222194,0,0
134638,0,0
-16805,0,0
538867,0,0
127945,0,0
-109830,0,0
93015,0,0
10258,0,0
10894,0,0
298414,0,0
-67984,0,0
158938,0,0
-10700,0,0
77088,0,0
835811,0,0
490503,0,0
-125447,0,0
-496643,0,0
-358224,0,0
117290,0,0
376082,0,0
349724,0,0
456931,0,0
470620,0,0
-18894,0,0
-126039,0,0
-159790,0,0
-217951,0,0
67796,0,0
886556,0,0
183257,0,0
280160,0,0
521898,0,0
246598,0,0
-42621,0,0
221414,0,0
517745,0,0
27715,0,0
-377744,0,0
-270356,0,0
523066,0,0
607786,0,0
470700,0,0
538278,0,0
-160154,0,0
-450372,0,0
-326580,0,0
253065,0,0
583201,0,0
736190,0,0
-285618,0,0
-287775,0,0
-214166,0,0
-83679,0,0
-126883,0,0
243555,0,0
470051,0,0
387715,0,0
-377184,0,0
-504149,0,0
169569,0,0
204403,0,0
315699,0,0
281842,0,0
-363027,0,0
-405187,0,0
-95677,0,0
215080,0,0
175107,0,0
189815,0,0
171570,0,0
-32748,0,0
11785,0,0
-396818,0,0
64958,0,0
394806,0,0
74823,0,0
-88930,0,0
-251005,0,0
-425869,0,0
-2705,0,0
-12344,0,0
-35667,0,0
-26735,0,0
-253406,0,0
-73304,0,0
-313125,0,0
-4789,0,0
-162334,0,0
-541705,0,0
-738920,0,0
-334308,0,0
-22992,0,0
-237119,0,0
-382469,0,0
-575327,0,0
-730184,0,0
470492,0,0
-155044,0,0
-876332,0,0
-327115,0,0
-599559,0,0
-294072,0,0
142530,0,0
178355,0,0
-239759,0,0
-472536,0,0
-296780,0,0
-123063,0,0
122390,0,0
-29192,0,0
-171430,0,0
-244749,0,0
-361138,0,0
-211482,0,0
48422,0,0
174272,0,0
510651,0,0
463351,0,0
-305624,0,0
-324224,0,0
-621156,0,0
-199012,0,0
892539,0,0
602048,0,0
-222045,0,0
166588,0,0
433003,0,0
468376,0,0
530181,0,0
188847,0,0
-41981,0,0
100732,0,0
104843,0,0
174446,0,0
553173,0,0
1309479,0,0
1271099,0,0
568044,0,0
107372,0,0
171415,0,0
326910,0,0
347165,0,0
760477,0,0
678219,0,0
726597,0,0
559844,0,0
686521,0,0
676615,0,0
402156,0,0
112891,0,0
603071,0,0
1361251,0,0
301871,0,0
206846,0,0
464337,0,0
298940,0,0
430093,0,0
94840,0,0
70029,0,0
212627,0,0
-212205,0,0
-75944,0,0
559503,0,0
534670,0,0
488683,0,0
-217633,0,0
-342364,0,0
237055,0,0
613303,0,0
146187,0,0
-321103,0,0
-112618,0,0
54459,0,0
-9982,0,0
229344,0,0
-75259,0,0
-214283,0,0
-195169,0,0
-21290,0,0
1029141,0,0
390736,0,0
92426,0,0
-70223,0,0
-772412,0,0
-298193,0,0
361667,0,0
66520,0,0
-106662,0,0
185837,0,0
-219652,0,0
-7639,0,0
520625,0,0
167134,0,0
-292700,0,0
-344024,0,0
-351442,0,0
83339,0,0
-106865,0,0
-387568,0,0
-250148,0,0
140774,0,0
-212933,0,0
303000,0,0
292631,0,0
-371367,0,0
-764143,0,0
-542358,0,0
-9253,0,0
241719,0,0
-269259,0,0
-485616,0,0
-503983,0,0
-607280,0,0
-228302,0,0
209202,0,0
326715,0,0
-269385,0,0
-837536,0,0
-1073394,0,0
-495073,0,0
348325,0,0
348299,0,0
30583,0,0
-547183,0,0
-1098851,0,0
-684488,0,0
670779,0,0
463998,0,0
-534885,0,0
-333678,0,0
314943,0,0
520579,0,0
378531,0,0
-155845,0,0
-172572,0,0
-248487,0,0
-39138,0,0
527820,0,0
733965,0,0
629382,0,0
-41585,0,0
-85857,0,0
398333,0,0
182569,0,0
185799,0,0
115682,0,0
156533,0,0
309695,0,0
621738,0,0
204485,0,0
91685,0,0
-218749,0,0
-218315,0,0
351857,0,0
401968,0,0
603452,0,0
226846,0,0
-345884,0,0
-371338,0,0
159609,0,0
200787,0,0
-75018,0,0
561894,0,0
176438,0,0
-525424,0,0
13526,0,0
-385244,0,0
380146,0,0
1113121,0,0
53815,0,0
-498668,0,0
-119652,0,0
28218,0,0
-21211,0,0
-77377,0,0
-208097,0,0
224932,0,0
