52305,0,0
122300,0,0
182461,0,0
103539,0,0
-197444,0,0
100792,0,0
-67718,0,0
-21026,0,0
273895,0,0
270162,0,0
-238486,0,0
-60957,0,0
-18117,0,0
-76553,0,0
258996,0,0
82304,0,0
-60243,0,0
228162,0,0
104072,0,0
117626,0,0
278245,0,0
200455,0,0
107271,0,0
21476,0,0
-176807,0,0
120766,0,0
30964,0,0
-225174,0,0
-274212,0,0
126610,0,0
285949,0,0
431795,0,0
194541,0,0
-57311,0,0
-54435,0,0
-91665,0,0
-247014,0,0
-110134,0,0
-232352,0,0
-89977,0,0
86888,0,0
87400,0,0
301409,0,0
194141,0,0
-164139,0,0
-74734,0,0
57453,0,0
-330946,0,0
-45152,0,0
-46812,0,0
-203061,0,0
143784,0,0
102738,0,0
75817,0,0
74936,0,0
-210151,0,0
-183223,0,0
176601,0,0
73906,0,0
-120577,0,0
-259932,0,0
-261967,0,0
-54825,0,0
118975,0,0
-287841,0,0
-45821,0,0
-20707,0,0
-35113,0,0
-139339,0,0
-204999,0,0
-410410,0,0
-80228,0,0
-125825,0,0
-400610,0,0
-130004,0,0
101878,0,0
25090,0,0
168816,0,0
-207306,0,0
-447322,0,0
-282418,0,0
-72121,0,0
-92048,0,0
-75717,0,0
-380488,0,0
-86761,0,0
324296,0,0
281936,0,0
-75140,0,0
-326752,0,0
-328975,0,0
152970,0,0
229722,0,0
66521,0,0
237073,0,0
-133597,0,0
16255,0,0
83033,0,0
-37768,0,0
-34625,0,0
308340,0,0
355771,0,0
96423,0,0
143088,0,0
-25335,0,0
130327,0,0
139121,0,0
122678,0,0
165690,0,0
2024,0,0
-133389,0,0
206562,0,0
253188,0,0
119033,0,0
287743,0,0
-72406,0,0
-39566,0,0
97194,0,0
252860,0,0
157526,0,0
112553,0,0
-120446,0,0
-146566,0,0
355419,0,0
226581,0,0
272832,0,0
233581,0,0
31263,0,0
112196,0,0
448810,0,0
121719,0,0
79963,0,0
-271215,0,0
46051,0,0
426345,0,0
55483,0,0
27959,0,0
228363,0,0
38964,0,0
-75203,0,0
453374,0,0
241969,0,0
-70924,0,0
-203216,0,0
-191224,0,0
21045,0,0
65402,0,0
173420,0,0
601715,0,0
335670,0,0
-66455,0,0
-144019,0,0
-338667,0,0
-359750,0,0
101688,0,0
281419,0,0
497314,0,0
455383,0,0
144400,0,0
-122266,0,0
14123,0,0
-293522,0,0
2794,0,0
246590,0,0
-9256,0,0
218969,0,0
128045,0,0
110238,0,0
84384,0,0
14161,0,0
-140365,0,0
229540,0,0
178796,0,0
-233124,0,0
143149,0,0
-139273,0,0
-280687,0,0
115414,0,0
95027,0,0
150626,0,0
198376,0,0
-194219,0,0
-24912,0,0
-18769,0,0
-306098,0,0
-30343,0,0
146217,0,0
-123226,0,0
175529,0,0
249645,0,0
-149588,0,0
-55866,0,0
62270,0,0
-24868,0,0
47234,0,0
-63245,0,0
-29309,0,0
330043,0,0
235684,0,0
240760,0,0
-46134,0,0
-238691,0,0
-66133,0,0
167945,0,0
149382,0,0
313288,0,0
323298,0,0
-37512,0,0
168256,0,0
129193,0,0
38589,0,0
177306,0,0
1505,0,0
-35165,0,0
337058,0,0
72986,0,0
-13282,0,0
74240,0,0
109399,0,0
-82908,0,0
129915,0,0
74155,0,0
-112598,0,0
-34529,0,0
-65129,0,0
216925,0,0
4375,0,0
-288938,0,0
-177281,0,0
-72094,0,0
-202441,0,0
-61676,0,0
-187661,0,0
-474608,0,0
-154951,0,0
-78744,0,0
60981,0,0
118946,0,0
-229733,0,0
-220533,0,0
-193460,0,0
-157136,0,0
-286698,0,0
-86769,0,0
-49299,0,0
222135,0,0
84166,0,0
-374970,0,0
8414,0,0
124904,0,0
-81083,0,0
57589,0,0
115158,0,0
183354,0,0
429502,0,0
-73215,0,0
-255360,0,0
334330,0,0
147241,0,0
109461,0,0
461276,0,0
175891,0,0
388497,0,0
326101,0,0
-11105,0,0
34759,0,0
212458,0,0
208337,0,0
508962,0,0
250912,0,0
85978,0,0
64929,0,0
176865,0,0
-21129,0,0
368684,0,0
119230,0,0
-26365,0,0
178193,0,0
31615,0,0
73860,0,0
308863,0,0
263327,0,0
99021,0,0
20298,0,0
-453520,0,0
-154689,0,0
9757,0,0
96017,0,0
468696,0,0
239566,0,0
5411,0,0
215690,0,0
-147135,0,0
-309887,0,0
-78800,0,0
-139439,0,0
-52673,0,0
170610,0,0
180166,0,0
-169680,0,0
-249009,0,0
-372346,0,0
-341036,0,0
-197502,0,0
-175728,0,0
118131,0,0
57806,0,0
-257756,0,0
-294484,0,0
-415816,0,0
-366312,0,0
-246532,0,0
-264523,0,0
-176326,0,0
143145,0,0
-162653,0,0
-422007,0,0
-117039,0,0
-226669,0,0
-245540,0,0
-234340,0,0
-231405,0,0
-12907,0,0
238178,0,0
-46008,0,0
162044,0,0
46256,0,0
-327765,0,0
-134379,0,0
-97965,0,0
-138617,0,0
214066,0,0
153670,0,0
-35129,0,0
386057,0,0
219366,0,0
161412,0,0
83606,0,0
30711,0,0
55973,0,0
143545,0,0
19297,0,0
112482,0,0
160374,0,0
111678,0,0
179402,0,0
135267,0,0
-165778,0,0
167796,0,0
472319,0,0
286733,0,0
104807,0,0
224117,0,0
251537,0,0
210148,0,0
21539,0,0
-94638,0,0
25397,0,0
-152578,0,0
324922,0,0
487383,0,0
452134,0,0
337581,0,0
516858,0,0
251145,0,0
258812,0,0
-40776,0,0
68622,0,0
324031,0,0
407771,0,0
378080,0,0
567473,0,0
340282,0,0
-114839,0,0
113567,0,0
156286,0,0
390630,0,0
711593,0,0
235380,0,0
-151835,0,0
130321,0,0
101139,0,0
85210,0,0
135445,0,0
19108,0,0
171217,0,0
67120,0,0
-334275,0,0
-45302,0,0
117001,0,0
65715,0,0
-13258,0,0
-225835,0,0
-333291,0,0
-96191,0,0
-294601,0,0
-313895,0,0
287693,0,0
4919,0,0
-21261,0,0
-56513,0,0
-282610,0,0
-330969,0,0
-288182,0,0
-201138,0,0
195019,0,0
-33159,0,0
-375098,0,0
-53855,0,0
-182138,0,0
-189225,0,0
31349,0,0
-11732,0,0
-200450,0,0
-76484,0,0
-233813,0,0
-133258,0,0
11680,0,0
-213699,0,0
-209624,0,0
-64660,0,0
-213844,0,0
-202238,0,0
-58908,0,0
-19541,0,0
152054,0,0
283912,0,0
-128069,0,0
-38105,0,0
-230290,0,0
-18583,0,0
371093,0,0
338270,0,0
251665,0,0
146920,0,0
-50316,0,0
-94961,0,0
296935,0,0
281045,0,0
429686,0,0
623215,0,0
161940,0,0
294488,0,0
277587,0,0
-110824,0,0
231761,0,0
363045,0,0
353102,0,0
362463,0,0
125709,0,0
-85112,0,0
340044,0,0
346198,0,0
160420,0,0
297287,0,0
-127131,0,0
-65802,0,0
187051,0,0
-71017,0,0
-137949,0,0
91069,0,0
135824,0,0
21323,0,0
-49139,0,0
-365371,0,0
-12311,0,0
-51924,0,0
-196539,0,0
-211193,0,0
-207871,0,0
-500875,0,0
7336,0,0
131144,0,0
-315987,0,0
-289491,0,0
-348290,0,0
-217789,0,0
27393,0,0
-27527,0,0
-202254,0,0
-85825,0,0
-304616,0,0
-113829,0,0
-202433,0,0
-412517,0,0
-255088,0,0
-727,0,0
61900,0,0
87290,0,0
-58402,0,0
-323135,0,0
-47568,0,0
-296103,0,0
-332928,0,0
-120087,0,0
-98598,0,0
-76040,0,0
-56951,0,0
-150067,0,0
-89590,0,0
55433,0,0
-235113,0,0
-72075,0,0
-10800,0,0
-265224,0,0
-112143,0,0
66024,0,0
-97702,0,0
-164970,0,0
144517,0,0
-68253,0,0
230823,0,0
230666,0,0
108854,0,0
83875,0,0
-222749,0,0
-129300,0,0
14200,0,0
198053,0,0
167442,0,0
295673,0,0
132973,0,0
304907,0,0
139714,0,0
-304297,0,0
6920,0,0
57197,0,0
-51435,0,0
285963,0,0
80110,0,0
-233869,0,0
32862,0,0
75481,0,0
-34707,0,0
-9622,0,0
-330652,0,0
-267167,0,0
33327,0,0
-155298,0,0
-220576,0,0
-110581,0,0
-89737,0,0
-164319,0,0
-136849,0,0
-421459,0,0
-84121,0,0
-108813,0,0
-382874,0,0
-401480,0,0
-258960,0,0
-186223,0,0
-147517,0,0
-240039,0,0
-115606,0,0
114174,0,0
-274722,0,0
-555042,0,0
-368211,0,0
-201616,0,0
12677,0,0
4798,0,0
-133326,0,0
-99937,0,0
-66693,0,0
-286615,0,0
-129725,0,0
-79141,0,0
-182292,0,0
271059,0,0
192684,0,0
-204714,0,0
-154199,0,0
-45040,0,0
-69282,0,0
175122,0,0
9689,0,0
-275959,0,0
191425,0,0
168721,0,0
86649,0,0
110547,0,0
-240199,0,0
-204524,0,0
70472,0,0
-26711,0,0
-6741,0,0
148119,0,0
325096,0,0
345752,0,0
496572,0,0
-216884,0,0
-155487,0,0
-132204,0,0
-3921,0,0
269395,0,0
210654,0,0
256041,0,0
480936,0,0
528194,0,0
-42960,0,0
-69755,0,0
-160430,0,0
455034,0,0
702500,0,0
183383,0,0
433043,0,0
234424,0,0
-68534,0,0
126071,0,0
280232,0,0
167016,0,0
353993,0,0
286285,0,0
-14282,0,0
73214,0,0
38886,0,0
112238,0,0
341414,0,0
180211,0,0
-50937,0,0
-211819,0,0
-260192,0,0
75651,0,0
-110312,0,0
-190385,0,0
-8261,0,0
-73773,0,0
-142472,0,0
-153184,0,0
-130287,0,0
-213900,0,0
-110574,0,0
-155442,0,0
-344669,0,0
-98060,0,0
-217095,0,0
-372041,0,0
-47593,0,0
-207950,0,0
-172109,0,0
-145604,0,0
-133705,0,0
-397998,0,0
-41917,0,0
-187645,0,0
-243874,0,0
-259213,0,0
-396317,0,0
-288647,0,0
-164452,0,0
-443132,0,0
-96050,0,0
101022,0,0
-283985,0,0
-78508,0,0
-136121,0,0
-242678,0,0
-26059,0,0
-123005,0,0
-249718,0,0
35137,0,0
-158902,0,0
-265268,0,0
-95813,0,0
-167960,0,0
174649,0,0
247813,0,0
-83287,0,0
20276,0,0
250607,0,0
145028,0,0
173674,0,0
-128633,0,0
-191465,0,0
183085,0,0
247684,0,0
126294,0,0
127688,0,0
-30976,0,0
237778,0,0
291592,0,0
-6526,0,0
92514,0,0
327560,0,0
167895,0,0
362225,0,0
249758,0,0
275139,0,0
549273,0,0
247956,0,0
53728,0,0
270947,0,0
337330,0,0
200137,0,0
375792,0,0
105354,0,0
186097,0,0
307016,0,0
215483,0,0
259902,0,0
354058,0,0
92346,0,0
66795,0,0
271033,0,0
56284,0,0
203862,0,0
290305,0,0
-14155,0,0
-36253,0,0
-35784,0,0
-163948,0,0
40653,0,0
127661,0,0
-49766,0,0
27245,0,0
-144707,0,0
11143,0,0
39625,0,0
-222639,0,0
-164234,0,0
14617,0,0
-281968,0,0
-207778,0,0
-114444,0,0
74249,0,0
-221159,0,0
-282270,0,0
-339885,0,0
-47429,0,0
-96212,0,0
-338793,0,0
-267911,0,0
-391367,0,0
-377353,0,0
27613,0,0
-128614,0,0
-63148,0,0
121259,0,0
-181445,0,0
-309905,0,0
126150,0,0
1599,0,0
-333635,0,0
-71905,0,0
-158300,0,0
357595,0,0
288056,0,0
-84193,0,0
-35974,0,0
67856,0,0
190287,0,0
345189,0,0
386270,0,0
-85372,0,0
-38977,0,0
-101899,0,0
178521,0,0
334113,0,0
273196,0,0
189416,0,0
208416,0,0
-61341,0,0
-22934,0,0
70526,0,0
-187028,0,0
49209,0,0
179027,0,0
1157,0,0
192066,0,0
126454,0,0
-131158,0,0
22948,0,0
95632,0,0
-165339,0,0
-11211,0,0
-181112,0,0
-182683,0,0
45807,0,0
-65896,0,0
-64394,0,0
281761,0,0
245010,0,0
-149533,0,0
-130143,0,0
-237951,0,0
403240,0,0
173667,0,0
-112595,0,0
19324,0,0
196999,0,0
280751,0,0
168522,0,0
126950,0,0
-110891,0,0
55619,0,0
-10087,0,0
91364,0,0
281913,0,0
87406,0,0
103429,0,0
73909,0,0
65361,0,0
176403,0,0
-44189,0,0
-508996,0,0
-291975,0,0
-45216,0,0
-166165,0,0
175724,0,0
-53937,0,0
-235512,0,0
-93654,0,0
-323599,0,0
-614525,0,0
-232145,0,0
-250825,0,0
16026,0,0
138029,0,0
-303767,0,0
-350194,0,0
-186019,0,0
-275040,0,0
-281537,0,0
-89160,0,0
-375447,0,0
-153476,0,0
-288115,0,0
-392214,0,0
-37362,0,0
16918,0,0
-430656,0,0
-333547,0,0
-358749,0,0
-346925,0,0
-196017,0,0
-491085,0,0
-197246,0,0
168143,0,0
-23634,0,0
-202966,0,0
-71778,0,0
-197588,0,0
-152752,0,0
-104450,0,0
-187319,0,0
5906,0,0
155330,0,0
116583,0,0
324185,0,0
300413,0,0
317112,0,0
306078,0,0
64831,0,0
31387,0,0
302020,0,0
431875,0,0
342194,0,0
430507,0,0
148443,0,0
236315,0,0
303512,0,0
158743,0,0
462750,0,0
341919,0,0
108297,0,0
327599,0,0
382779,0,0
149933,0,0
276441,0,0
225256,0,0
-179616,0,0
-1090,0,0
-25913,0,0
-57857,0,0
298212,0,0
32750,0,0
-128529,0,0
-106647,0,0
-192332,0,0
-158117,0,0
-33562,0,0
-97253,0,0
-221085,0,0
-351593,0,0
-676314,0,0
-480668,0,0
-176742,0,0
-113727,0,0
-86293,0,0
-206046,0,0
-471590,0,0
-213462,0,0
-507711,0,0
-535895,0,0
10767,0,0
-163963,0,0
-402577,0,0
-219154,0,0
-214634,0,0
-264446,0,0
-184829,0,0
-395288,0,0
-181215,0,0
-83998,0,0
-222840,0,0
-131213,0,0
-272801,0,0
-459981,0,0
-199259,0,0
-60873,0,0
-191648,0,0
-15308,0,0
-106914,0,0
-442179,0,0
-231554,0,0
-325218,0,0
-260557,0,0
-20979,0,0
-284523,0,0
-140706,0,0
204066,0,0
-78776,0,0
-236522,0,0
-111082,0,0
-23204,0,0
37385,0,0
49620,0,0
-2928,0,0
149731,0,0
227529,0,0
153148,0,0
176339,0,0
-111598,0,0
-62701,0,0
448411,0,0
445410,0,0
405919,0,0
587311,0,0
340939,0,0
110930,0,0
326399,0,0
334193,0,0
296085,0,0
473908,0,0
500300,0,0
706825,0,0
645372,0,0
273347,0,0
414640,0,0
424142,0,0
381650,0,0
558262,0,0
611331,0,0
382887,0,0
722269,0,0
357027,0,0
324549,0,0
518236,0,0
379712,0,0
223193,0,0
368445,0,0
245255,0,0
452748,0,0
336738,0,0
68502,0,0
45049,0,0
136375,0,0
135003,0,0
350871,0,0
275174,0,0
-94637,0,0
-72579,0,0
267538,0,0
-99403,0,0
116753,0,0
3795,0,0
-103098,0,0
172776,0,0
-31319,0,0
-249983,0,0
-44315,0,0
-66836,0,0
111779,0,0
117207,0,0
-62036,0,0
100641,0,0
-7628,0,0
-517244,0,0
-306339,0,0
-104426,0,0
19274,0,0
210315,0,0
-1483,0,0
-397282,0,0
-92093,0,0
-409495,0,0
-214537,0,0
124850,0,0
-204448,0,0
-134691,0,0
-148701,0,0
-302808,0,0
-199483,0,0
196125,0,0
39570,0,0
-51546,0,0
-110910,0,0
-187168,0,0
57913,0,0
98629,0,0
90271,0,0
237111,0,0
-18193,0,0
-168794,0,0
215513,0,0
91678,0,0
-5177,0,0
83054,0,0
203828,0,0
250085,0,0
234017,0,0
118326,0,0
11687,0,0
268227,0,0
113576,0,0
247950,0,0
215140,0,0
-187088,0,0
-30297,0,0
241360,0,0
139621,0,0
264977,0,0
169301,0,0
-107676,0,0
303082,0,0
223481,0,0
233580,0,0
160400,0,0
-116212,0,0
-128179,0,0
261094,0,0
112459,0,0
378573,0,0
222703,0,0
60847,0,0
130261,0,0
124133,0,0
-201238,0,0
32765,0,0
297599,0,0
347636,0,0
459265,0,0
177441,0,0
-124619,0,0
53604,0,0
-157713,0,0
-6870,0,0
250337,0,0
-59204,0,0
-194,0,0
-13568,0,0
-101448,0,0
-190759,0,0
230881,0,0
34820,0,0
138983,0,0
-42078,0,0
-391296,0,0
-558779,0,0
-513976,0,0
-452442,0,0
-159546,0,0
-137188,0,0
-116214,0,0
61582,0,0
-419427,0,0
-342730,0,0
-268786,0,0
-469180,0,0
-555371,0,0
-197308,0,0
-310715,0,0
-228225,0,0
56360,0,0
-259651,0,0
-225776,0,0
-169211,0,0
-210814,0,0
-69825,0,0
-120171,0,0
-457076,0,0
-217093,0,0
-83442,0,0
-159073,0,0
59250,0,0
105326,0,0
96998,0,0
83945,0,0
4607,0,0
-203512,0,0
-13371,0,0
-133033,0,0
-6573,0,0
157943,0,0
172382,0,0
360816,0,0
315475,0,0
-14572,0,0
161526,0,0
143673,0,0
-68993,0,0
309264,0,0
77789,0,0
-8828,0,0
333293,0,0
123298,0,0
-101908,0,0
232503,0,0
96876,0,0
131784,0,0
199733,0,0
127875,0,0
-111345,0,0
56035,0,0
-13999,0,0
126519,0,0
57220,0,0
-196631,0,0
122593,0,0
151063,0,0
42028,0,0
41518,0,0
243527,0,0
-70314,0,0
-124760,0,0
-284492,0,0
22093,0,0
262788,0,0
-83986,0,0
-106418,0,0
146567,0,0
26039,0,0
-200634,0,0
-162489,0,0
-349260,0,0
79544,0,0
136863,0,0
-31557,0,0
125143,0,0
37959,0,0
-103066,0,0
22622,0,0
-30359,0,0
-337183,0,0
-40673,0,0
-46712,0,0
-146160,0,0
73550,0,0
-196386,0,0
-367374,0,0
18328,0,0
-264831,0,0
-189168,0,0
-38401,0,0
-506872,0,0
-423049,0,0
-75618,0,0
-287742,0,0
-307143,0,0
-333947,0,0
-336358,0,0
-7184,0,0
-304671,0,0
-669707,0,0
-393687,0,0
-406273,0,0
-210577,0,0
-9007,0,0
-326843,0,0
-392750,0,0
-334678,0,0
-591036,0,0
-382129,0,0
98883,0,0
-102748,0,0
-50421,0,0
-330664,0,0
-396666,0,0
-285103,0,0
-429675,0,0
-286611,0,0
230772,0,0
109968,0,0
99300,0,0
67604,0,0
-86671,0,0
-171162,0,0
87975,0,0
11411,0,0
134726,0,0
48642,0,0
-33868,0,0
68480,0,0
395506,0,0
349875,0,0
421969,0,0
162431,0,0
-148768,0,0
215287,0,0
230790,0,0
52964,0,0
375411,0,0
362309,0,0
76369,0,0
63904,0,0
130421,0,0
274586,0,0
494976,0,0
136523,0,0
51338,0,0
104163,0,0
70549,0,0
297851,0,0
300233,0,0
194251,0,0
179489,0,0
224970,0,0
-57794,0,0
16485,0,0
147561,0,0
-41166,0,0
107633,0,0
152863,0,0
144350,0,0
190952,0,0
-39527,0,0
-143588,0,0
199881,0,0
176370,0,0
210698,0,0
68925,0,0
171772,0,0
72918,0,0
46544,0,0
-224913,0,0
-149617,0,0
175730,0,0
190874,0,0
309706,0,0
323045,0,0
-4021,0,0
44618,0,0
281725,0,0
8001,0,0
6508,0,0
48881,0,0
35379,0,0
414305,0,0
162752,0,0
150763,0,0
282676,0,0
-187031,0,0
-46658,0,0
238216,0,0
72537,0,0
178749,0,0
319832,0,0
-52548,0,0
102301,0,0
106477,0,0
-24304,0,0
349258,0,0
56089,0,0
-227478,0,0
-138,0,0
-138752,0,0
-55029,0,0
238232,0,0
30940,0,0
73533,0,0
-63460,0,0
16047,0,0
32417,0,0
236686,0,0
-94438,0,0
-250288,0,0
-204460,0,0
-247174,0,0
145023,0,0
362350,0,0
245482,0,0
359652,0,0
71434,0,0
-396971,0,0
-202726,0,0
64666,0,0
248871,0,0
385686,0,0
33800,0,0
-35047,0,0
119715,0,0
-35499,0,0
129320,0,0
258182,0,0
252513,0,0
135798,0,0
142387,0,0
-304493,0,0
-58072,0,0
-34554,0,0
-2144,0,0
69423,0,0
276386,0,0
54284,0,0
196601,0,0
-97811,0,0
-146843,0,0
200244,0,0
-2788,0,0
-450005,0,0
-128551,0,0
344088,0,0
331580,0,0
154872,0,0
-61586,0,0
-3094,0,0
-76807,0,0
-243958,0,0
-109454,0,0
15960,0,0
1788,0,0
203604,0,0
111006,0,0
-73398,0,0
71328,0,0
-177879,0,0
-301089,0,0
-96168,0,0
-305667,0,0
-127860,0,0
262347,0,0
62172,0,0
-98157,0,0
35417,0,0
-399152,0,0
-186125,0,0
76278,0,0
-135966,0,0
10559,0,0
180068,0,0
120632,0,0
247344,0,0
23886,0,0
-382648,0,0
-80210,0,0
-15086,0,0
-39016,0,0
183896,0,0
3844,0,0
49493,0,0
176466,0,0
64882,0,0
255517,0,0
467376,0,0
-159156,0,0
-127922,0,0
-25270,0,0
-113010,0,0
263638,0,0
423217,0,0
86905,0,0
63817,0,0
-55047,0,0
-25382,0,0
108043,0,0
85174,0,0
91760,0,0
499705,0,0
19368,0,0
18303,0,0
29740,0,0
23067,0,0
-23724,0,0
282372,0,0
-135189,0,0
-59904,0,0
139683,0,0
59537,0,0
272992,0,0
21672,0,0
-189319,0,0
-109669,0,0
71671,0,0
54427,0,0
228947,0,0
-97120,0,0
-265406,0,0
-169730,0,0
-239302,0,0
-212807,0,0
176735,0,0
48607,0,0
-138355,0,0
-92196,0,0
-403422,0,0
-386717,0,0
59003,0,0
-142303,0,0
-152695,0,0
-93902,0,0
-173586,0,0
12381,0,0
-218292,0,0
-456684,0,0
-18795,0,0
5893,0,0
-246598,0,0
110601,0,0
-204522,0,0
-153603,0,0
-48765,0,0
-104975,0,0
-82545,0,0
33476,0,0
-252730,0,0
-51892,0,0
146021,0,0
-258002,0,0
35005,0,0
-104058,0,0
-337437,0,0
13444,0,0
-91388,0,0
-264049,0,0
44109,0,0
-83609,0,0
-274079,0,0
-15440,0,0
-195909,0,0
70021,0,0
116740,0,0
-191613,0,0
-44798,0,0
326419,0,0
180058,0,0
-208327,0,0
-245178,0,0
-151517,0,0
23778,0,0
133845,0,0
-90894,0,0
180008,0,0
103727,0,0
146989,0,0
-95723,0,0
-312856,0,0
-255561,0,0
-103277,0,0
-147677,0,0
91718,0,0
180684,0,0
-158795,0,0
-290786,0,0
-184816,0,0
-192309,0,0
-15301,0,0
-56784,0,0
-392487,0,0
-200677,0,0
178407,0,0
593,0,0
48347,0,0
-280633,0,0
-396194,0,0
-18687,0,0
-11854,0,0
3562,0,0
72470,0,0
-135059,0,0
-177161,0,0
-3172,0,0
-330484,0,0
-264930,0,0
-110510,0,0
-402037,0,0
-273851,0,0
-25430,0,0
-164392,0,0
44220,0,0
116995,0,0
-93601,0,0
83407,0,0
-195414,0,0
-379235,0,0
-83946,0,0
-194415,0,0
-166889,0,0
330491,0,0
162204,0,0
142051,0,0
18471,0,0
-200220,0,0
48998,0,0
215584,0,0
-67711,0,0
147081,0,0
259455,0,0
-56235,0,0
44839,0,0
40420,0,0
-68801,0,0
-63724,0,0
103447,0,0
17397,0,0
201089,0,0
212261,0,0
243005,0,0
350200,0,0
-81294,0,0
-328736,0,0
83267,0,0
-127166,0,0
54008,0,0
329410,0,0
234,0,0
140811,0,0
434567,0,0
-28483,0,0
7303,0,0
-43417,0,0
-164341,0,0
66268,0,0
12057,0,0
-385833,0,0
-291585,0,0
-149575,0,0
-4860,0,0
416737,0,0
630020,0,0
-21831,0,0
-486375,0,0
-555783,0,0
-364693,0,0
21210,0,0
-114936,0,0
221516,0,0
236094,0,0
22166,0,0
170257,0,0
-83711,0,0
-244313,0,0
-48782,0,0
60526,0,0
11183,0,0
488337,0,0
79347,0,0
-75145,0,0
197366,0,0
51060,0,0
-73184,0,0
140211,0,0
113241,0,0
184605,0,0
127503,0,0
-142499,0,0
240746,0,0
307729,0,0
39215,0,0
218213,0,0
86677,0,0
-43291,0,0
196692,0,0
220320,0,0
95206,0,0
144054,0,0
-222048,0,0
-107711,0,0
218514,0,0
189353,0,0
29539,0,0
96973,0,0
-97870,0,0
64582,0,0
259855,0,0
-223356,0,0
48566,0,0
-135914,0,0
-57202,0,0
52335,0,0
72910,0,0
-137243,0,0
221035,0,0
174386,0,0
-204184,0,0
17053,0,0
-150931,0,0
-231865,0,0
239206,0,0
15903,0,0
-18577,0,0
-46184,0,0
-106053,0,0
38200,0,0
34318,0,0
-181263,0,0
-7541,0,0
-117746,0,0
-204185,0,0
45805,0,0
117144,0,0
-196031,0,0
-329662,0,0
-274722,0,0
-283978,0,0
-24094,0,0
-32000,0,0
299267,0,0
487137,0,0
-178691,0,0
-685866,0,0
-398218,0,0
10011,0,0
415919,0,0
199777,0,0
-77585,0,0
39508,0,0
169836,0,0
-132689,0,0
-52166,0,0
117761,0,0
-46638,0,0
-26403,0,0
10551,0,0
-27094,0,0
227798,0,0
36657,0,0
-182028,0,0
258381,0,0
-25526,0,0
-182457,0,0
87284,0,0
-29256,0,0
-36548,0,0
156358,0,0
47239,0,0
66957,0,0
2426,0,0
-254477,0,0
260248,0,0
291937,0,0
-6641,0,0
81864,0,0
141973,0,0
10345,0,0
325014,0,0
121801,0,0
-143358,0,0
60990,0,0
-125981,0,0
7939,0,0
137516,0,0
-6637,0,0
137299,0,0
306624,0,0
-166154,0,0
106810,0,0
14187,0,0
-386418,0,0
-56560,0,0
56572,0,0
110717,0,0
185475,0,0
45840,0,0
-457876,0,0
-20066,0,0
-95220,0,0
-183399,0,0
-95046,0,0
-95351,0,0
-69817,0,0
-43099,0,0
-200789,0,0
46709,0,0
98896,0,0
-60026,0,0
-35172,0,0
-258837,0,0
-413045,0,0
-56945,0,0
89266,0,0
-67468,0,0
65949,0,0
-11674,0,0
-259287,0,0
128494,0,0
-68972,0,0
-256363,0,0
-63365,0,0
-82455,0,0
-70013,0,0
74267,0,0
13212,0,0
-66802,0,0
134735,0,0
-203965,0,0
-226528,0,0
-209000,0,0
-98959,0,0
112973,0,0
-43365,0,0
-83232,0,0
72777,0,0
-108507,0,0
-255991,0,0
46771,0,0
-117047,0,0
-155484,0,0
221257,0,0
-276201,0,0
-231891,0,0
-78481,0,0
-87551,0,0
56043,0,0
107481,0,0
-144669,0,0
-123249,0,0
-58334,0,0
-285899,0,0
-47907,0,0
35964,0,0
-192969,0,0
-74184,0,0
-164852,0,0
-390729,0,0
-15752,0,0
-144364,0,0
-135187,0,0
104747,0,0
2372,0,0
123299,0,0
-101397,0,0
-521021,0,0
-305657,0,0
319734,0,0
3260,0,0
115737,0,0
-247767,0,0
-484717,0,0
-171086,0,0
158655,0,0
281185,0,0
430324,0,0
502088,0,0
78354,0,0
-81674,0,0
-104728,0,0
-85570,0,0
222361,0,0
162415,0,0
224605,0,0
440078,0,0
141791,0,0
309506,0,0
326092,0,0
132884,0,0
342760,0,0
449653,0,0
241057,0,0
503858,0,0
408500,0,0
-146675,0,0
130957,0,0
222175,0,0
208793,0,0
526548,0,0
298172,0,0
130639,0,0
252131,0,0
12014,0,0
-30995,0,0
300541,0,0
238204,0,0
294680,0,0
306793,0,0
-37966,0,0
180098,0,0
208835,0,0
-36255,0,0
85439,0,0
21125,0,0
143674,0,0
190808,0,0
417010,0,0
-19296,0,0
347244,0,0
95418,0,0
84377,0,0
296266,0,0
36165,0,0
13678,0,0
141103,0,0
-77438,0,0
196169,0,0
480595,0,0
17932,0,0
14158,0,0
-19701,0,0
-143350,0,0
178576,0,0
14556,0,0
-50507,0,0
95980,0,0
137355,0,0
-169081,0,0
69438,0,0
72856,0,0
38424,0,0
123244,0,0
-36195,0,0
-237005,0,0
-7555,0,0
-56598,0,0
-22950,0,0
156759,0,0
-73398,0,0
271732,0,0
121161,0,0
-83406,0,0
102048,0,0
69011,0,0
-29160,0,0
-38535,0,0
-50280,0,0
59864,0,0
349757,0,0
-111259,0,0
-59920,0,0
271426,0,0
44451,0,0
-10442,0,0
147102,0,0
15556,0,0
-32145,0,0
52012,0,0
3411,0,0
214945,0,0
240278,0,0
169057,0,0
71458,0,0
113756,0,0
-100698,0,0
40816,0,0
90773,0,0
-174750,0,0
204517,0,0
376416,0,0
487686,0,0
555264,0,0
167761,0,0
-110793,0,0
226739,0,0
80980,0,0
149154,0,0
607020,0,0
365936,0,0
421742,0,0
408919,0,0
-29204,0,0
232981,0,0
432085,0,0
472389,0,0
308076,0,0
286045,0,0
-41177,0,0
131075,0,0
25110,0,0
-49053,0,0
275511,0,0
-4853,0,0
30193,0,0
209406,0,0
306165,0,0
122805,0,0
-93964,0,0
-615115,0,0
-66462,0,0
229476,0,0
-75781,0,0
3727,0,0
97932,0,0
-138780,0,0
-92321,0,0
-188983,0,0
-358919,0,0
93310,0,0
86068,0,0
61001,0,0
306523,0,0
-219055,0,0
-327192,0,0
-229386,0,0
-507702,0,0
-296474,0,0
256623,0,0
-306855,0,0
-89451,0,0
90711,0,0
-643463,0,0
-331726,0,0
-271497,0,0
-316782,0,0
47025,0,0
-44058,0,0
-343185,0,0
-222088,0,0
-581072,0,0
-413950,0,0
19798,0,0
-246583,0,0
-357471,0,0
-251758,0,0
-415547,0,0
-237764,0,0
198912,0,0
-118386,0,0
-65661,0,0
-215448,0,0
-559892,0,0
-280607,0,0
-67489,0,0
-110902,0,0
53516,0,0
-92090,0,0
-331040,0,0
29593,0,0
23309,0,0
-116566,0,0
5817,0,0
-135353,0,0
22201,0,0
19735,0,0
-182992,0,0
31407,0,0
17025,0,0
-289762,0,0
-27649,0,0
143070,0,0
-53530,0,0
98687,0,0
295004,0,0
-105293,0,0
-92450,0,0
75809,0,0
-198020,0,0
12110,0,0
-101766,0,0
-106555,0,0
398866,0,0
118304,0,0
-60745,0,0
43420,0,0
-173116,0,0
473,0,0
171660,0,0
-3029,0,0
87689,0,0
313805,0,0
43139,0,0
300646,0,0
106147,0,0
-245582,0,0
-53202,0,0
147487,0,0
-181936,0,0
127532,0,0
14129,0,0
-36064,0,0
351224,0,0
219343,0,0
41392,0,0
68723,0,0
-210231,0,0
-321169,0,0
-126373,0,0
-264454,0,0
160568,0,0
256651,0,0
-102921,0,0
-237239,0,0
-69626,0,0
-205897,0,0
154666,0,0
127209,0,0
-126493,0,0
-241562,0,0
-372209,0,0
-216149,0,0
108605,0,0
-56039,0,0
-146079,0,0
-14499,0,0
-65659,0,0
141896,0,0
-33737,0,0
-535768,0,0
-235684,0,0
-191087,0,0
-345931,0,0
63454,0,0
150281,0,0
-89722,0,0
55121,0,0
-208445,0,0
-745049,0,0
-330142,0,0
-229870,0,0
-70409,0,0
166371,0,0
-134987,0,0
-257711,0,0
145288,0,0
-52392,0,0
-174496,0,0
-177890,0,0
-348284,0,0
-25216,0,0
78332,0,0
74778,0,0
152053,0,0
115455,0,0
8200,0,0
185931,0,0
-30698,0,0
-272201,0,0
291643,0,0
149763,0,0
-102195,0,0
200988,0,0
232989,0,0
224073,0,0
31924,0,0
-163028,0,0
-183493,0,0
62185,0,0
39392,0,0
410324,0,0
445515,0,0
-72356,0,0
-148127,0,0
83931,0,0
76940,0,0
274063,0,0
143935,0,0
-30761,0,0
186825,0,0
-80510,0,0
156076,0,0
484573,0,0
242463,0,0
100734,0,0
155318,0,0
-145823,0,0
-27924,0,0
209589,0,0
-41049,0,0
163630,0,0
302669,0,0
-134645,0,0
69692,0,0
-56941,0,0
-15732,0,0
391344,0,0
-47440,0,0
-405997,0,0
-150246,0,0
-95086,0,0
177138,0,0
491751,0,0
100741,0,0
-344166,0,0
-134778,0,0
-184229,0,0
-88983,0,0
193078,0,0
87593,0,0
250925,0,0
221792,0,0
-357314,0,0
-341769,0,0
-230671,0,0
34367,0,0
267626,0,0
180109,0,0
-283793,0,0
-130845,0,0
-44054,0,0
-24584,0,0
131628,0,0
-429322,0,0
-333118,0,0
-24616,0,0
90774,0,0
59781,0,0
167351,0,0
-202762,0,0
-128803,0,0
-105134,0,0
-166720,0,0
208831,0,0
105683,0,0
32788,0,0
213469,0,0
248687,0,0
-233104,0,0
-94244,0,0
37083,0,0
178103,0,0
291232,0,0
258085,0,0
114817,0,0
388859,0,0
65774,0,0
-62712,0,0
251319,0,0
124616,0,0
318258,0,0
265695,0,0
-112415,0,0
279204,0,0
382678,0,0
174019,0,0
144916,0,0
295115,0,0
40598,0,0
201588,0,0
12086,0,0
35904,0,0
254408,0,0
75585,0,0
-88199,0,0
268184,0,0
105834,0,0
134250,0,0
168002,0,0
-101374,0,0
-797,0,0
177309,0,0
-74950,0,0
-58416,0,0
4876,0,0
-192015,0,0
236202,0,0
53355,0,0
-370010,0,0
-42586,0,0
-270124,0,0
-483915,0,0
259930,0,0
431419,0,0
343878,0,0
-178921,0,0
-582058,0,0
-616988,0,0
-293326,0,0
-374055,0,0
243902,0,0
397200,0,0
-83594,0,0
-211810,0,0
-236818,0,0
-703124,0,0
-188400,0,0
-103593,0,0
-283461,0,0
118322,0,0
-79246,0,0
-145870,0,0
-80827,0,0
-337232,0,0
-157732,0,0
-372546,0,0
-406480,0,0
-311840,0,0
97101,0,0
-168925,0,0
33335,0,0
92451,0,0
-378267,0,0
-192042,0,0
-243185,0,0
-368498,0,0
-20749,0,0
31035,0,0
-313033,0,0
9946,0,0
-215412,0,0
-318055,0,0
50511,0,0
-274530,0,0
-106349,0,0
-117019,0,0
-208659,0,0
74860,0,0
283224,0,0
-308382,0,0
-359538,0,0
-606782,0,0
-482459,0,0
74254,0,0
497910,0,0
197862,0,0
21462,0,0
-245447,0,0
-212606,0,0
-28743,0,0
-119806,0,0
-271280,0,0
152321,0,0
218380,0,0
146484,0,0
-146962,0,0
-219540,0,0
-66332,0,0
335731,0,0
44121,0,0
320794,0,0
170417,0,0
-254783,0,0
111518,0,0
148366,0,0
129854,0,0
162789,0,0
287099,0,0
-112174,0,0
192359,0,0
-154902,0,0
-141094,0,0
101358,0,0
161998,0,0
141025,0,0
386849,0,0
318536,0,0
59914,0,0
-15723,0,0
-363608,0,0
-47231,0,0
292482,0,0
-104776,0,0
85640,0,0
173340,0,0
-186086,0,0
-36209,0,0
-70636,0,0
-60330,0,0
103192,0,0
-145646,0,0
-116628,0,0
153120,0,0
-131015,0,0
-235590,0,0
-66344,0,0
-43771,0,0
57487,0,0
104516,0,0
-254912,0,0
-167262,0,0
13560,0,0
-226682,0,0
-178716,0,0
-130883,0,0
-181671,0,0
129295,0,0
-168544,0,0
-398239,0,0
55637,0,0
-84979,0,0
-55340,0,0
165283,0,0
-242952,0,0
-317356,0,0
-195025,0,0
-181886,0,0
-331383,0,0
-136953,0,0
-162165,0,0
249303,0,0
353957,0,0
54838,0,0
23211,0,0
-192960,0,0
-210326,0,0
152245,0,0
141173,0,0
-36085,0,0
166252,0,0
-22493,0,0
-40354,0,0
265823,0,0
315030,0,0
76085,0,0
-316167,0,0
-202823,0,0
194872,0,0
508235,0,0
458345,0,0
170545,0,0
-179082,0,0
-384691,0,0
166175,0,0
254083,0,0
50853,0,0
124694,0,0
69514,0,0
-31617,0,0
189502,0,0
71452,0,0
-26045,0,0
284149,0,0
276733,0,0
413338,0,0
169912,0,0
-196572,0,0
-223812,0,0
24072,0,0
-208842,0,0
142478,0,0
275182,0,0
10003,0,0
69859,0,0
143873,0,0
193995,0,0
356121,0,0
-22053,0,0
-392836,0,0
-115177,0,0
66997,0,0
-166854,0,0
426984,0,0
133998,0,0
-191157,0,0
-44197,0,0
22531,0,0
-31171,0,0
173322,0,0
-217386,0,0
-30795,0,0
177984,0,0
-103970,0,0
-5641,0,0
43001,0,0
-160452,0,0
44821,0,0
-154681,0,0
-278032,0,0
149773,0,0
-4512,0,0
-38072,0,0
-3606,0,0
-65099,0,0
-310796,0,0
44910,0,0
68808,0,0
-119874,0,0
176895,0,0
90812,0,0
346201,0,0
276340,0,0
-338443,0,0
-184815,0,0
65703,0,0
-3341,0,0
213351,0,0
276400,0,0
94845,0,0
383977,0,0
123109,0,0
121574,0,0
133808,0,0
-51549,0,0
161632,0,0
343924,0,0
43913,0,0
-153032,0,0
160274,0,0
-186587,0,0
-88180,0,0
52651,0,0
-204865,0,0
-38065,0,0
-45820,0,0
19097,0,0
263513,0,0
-110687,0,0
-351525,0,0
63373,0,0
-31660,0,0
-22370,0,0
191824,0,0
-290517,0,0
-385652,0,0
-68918,0,0
-132410,0,0
168797,0,0
407831,0,0
175678,0,0
354791,0,0
446936,0,0
-124579,0,0
-100885,0,0
-71496,0,0
53084,0,0
439107,0,0
73641,0,0
-229737,0,0
198007,0,0
117320,0,0
72296,0,0
415363,0,0
79785,0,0
85172,0,0
21074,0,0
108498,0,0
77692,0,0
120590,0,0
-184631,0,0
3159,0,0
109832,0,0
-239017,0,0
-11692,0,0
-32703,0,0
-89372,0,0
188628,0,0
75671,0,0
-395274,0,0
-63821,0,0
-134918,0,0
-152201,0,0
72225,0,0
-125305,0,0
-361652,0,0
-47727,0,0
-313643,0,0
-340785,0,0
13902,0,0
-245043,0,0
106472,0,0
321172,0,0
-55389,0,0
-128371,0,0
-321900,0,0
-212371,0,0
-100275,0,0
-97369,0,0
-138311,0,0
175684,0,0
189623,0,0
-246471,0,0
-68362,0,0
-157345,0,0
-63973,0,0
-85235,0,0
-351139,0,0
-270312,0,0
45895,0,0
-169173,0,0
80806,0,0
100105,0,0
-437630,0,0
-294574,0,0
-353232,0,0
-508129,0,0
-66062,0,0
-28933,0,0
-518604,0,0
-202667,0,0
-221245,0,0
11792,0,0
324411,0,0
-158477,0,0
-447340,0,0
-253231,0,0
-351619,0,0
-308665,0,0
175414,0,0
-116605,0,0
48019,0,0
82304,0,0
-237853,0,0
-23857,0,0
-158769,0,0
-147780,0,0
175695,0,0
-62497,0,0
-108545,0,0
257011,0,0
-77540,0,0
-64462,0,0
266754,0,0
37995,0,0
24062,0,0
65826,0,0
-183516,0,0
53523,0,0
487479,0,0
121427,0,0
273809,0,0
313826,0,0
1817,0,0
242543,0,0
216920,0,0
73052,0,0
319177,0,0
397552,0,0
189934,0,0
341943,0,0
167963,0,0
199025,0,0
591080,0,0
265465,0,0
110119,0,0
371864,0,0
259420,0,0
358855,0,0
574714,0,0
99867,0,0
13578,0,0
319444,0,0
142468,0,0
508298,0,0
541814,0,0
368669,0,0
260412,0,0
101733,0,0
-133223,0,0
11279,0,0
134656,0,0
253650,0,0
707809,0,0
429155,0,0
135665,0,0
5204,0,0
-142496,0,0
-102242,0,0
126726,0,0
-122920,0,0
216524,0,0
311645,0,0
292751,0,0
192091,0,0
-96662,0,0
-272757,0,0
62660,0,0
277938,0,0
-328411,0,0
-3971,0,0
-77847,0,0
-47480,0,0
360448,0,0
39227,0,0
-188010,0,0
27947,0,0
-32394,0,0
-72644,0,0
12533,0,0
-345453,0,0
-16590,0,0
123517,0,0
-72265,0,0
287132,0,0
220411,0,0
-166051,0,0
-98005,0,0
-106756,0,0
-268994,0,0
57161,0,0
-186450,0,0
-376378,0,0
248682,0,0
120519,0,0
-99903,0,0
-89575,0,0
-109669,0,0
176773,0,0
271533,0,0
-313551,0,0
-229393,0,0
47395,0,0
-137491,0,0
119290,0,0
125644,0,0
-51241,0,0
-144054,0,0
-98870,0,0
-283354,0,0
324583,0,0
48908,0,0
-63329,0,0
183470,0,0
-48640,0,0
-213349,0,0
240098,0,0
-160077,0,0
-262724,0,0
10146,0,0
-234529,0,0
104697,0,0
123609,0,0
-103506,0,0
128677,0,0
36984,0,0
-204902,0,0
27614,0,0
-43849,0,0
-79085,0,0
304646,0,0
148098,0,0
-78248,0,0
138284,0,0
-204212,0,0
-165493,0,0
-54279,0,0
-149965,0,0
3952,0,0
401930,0,0
181774,0,0
126861,0,0
-180118,0,0
-556375,0,0
27084,0,0
10600,0,0
-62187,0,0
106999,0,0
-132082,0,0
-129211,0,0
157884,0,0
-153529,0,0
-317040,0,0
98203,0,0
-56835,0,0
41817,0,0
75926,0,0
-250920,0,0
-235656,0,0
63489,0,0
-97673,0,0
320262,0,0
163943,0,0
-254603,0,0
-228767,0,0
-228805,0,0
11979,0,0
352236,0,0
50664,0,0
-329691,0,0
-2802,0,0
-116243,0,0
-85730,0,0
87800,0,0
-44056,0,0
-135655,0,0
41917,0,0
-158862,0,0
-282180,0,0
-10364,0,0
-11688,0,0
119873,0,0
61559,0,0
-271187,0,0
-253766,0,0
-84818,0,0
-180950,0,0
232926,0,0
92975,0,0
-377417,0,0
104500,0,0
-96528,0,0
-345068,0,0
32373,0,0
-231782,0,0
148392,0,0
414033,0,0
80318,0,0
-204209,0,0
-37006,0,0
-544824,0,0
-152280,0,0
72152,0,0
-191487,0,0
341842,0,0
278040,0,0
-154049,0,0
-347937,0,0
-503438,0,0
-398496,0,0
212427,0,0
150086,0,0
-70846,0,0
-22869,0,0
-459453,0,0
-270326,0,0
24118,0,0
-132408,0,0
-9778,0,0
223618,0,0
-159403,0,0
-115478,0,0
-47462,0,0
-179114,0,0
227768,0,0
148506,0,0
-152505,0,0
15997,0,0
-149052,0,0
-326575,0,0
344325,0,0
328460,0,0
119000,0,0
327017,0,0
-68921,0,0
-409517,0,0
-200596,0,0
-163446,0,0
-114124,0,0
148816,0,0
123097,0,0
220483,0,0
189117,0,0
-107091,0,0
-104752,0,0
-244704,0,0
-470716,0,0
36792,0,0
340002,0,0
265451,0,0
213245,0,0
-28577,0,0
-238908,0,0
63097,0,0
154132,0,0
112674,0,0
44405,0,0
-197413,0,0
-182587,0,0
187556,0,0
96720,0,0
422633,0,0
255714,0,0
-72376,0,0
93556,0,0
-2775,0,0
-132248,0,0
60096,0,0
96559,0,0
119990,0,0
360402,0,0
321605,0,0
36042,0,0
144741,0,0
-140132,0,0
-52203,0,0
234606,0,0
148355,0,0
125553,0,0
313075,0,0
-106476,0,0
129113,0,0
-2283,0,0
-186326,0,0
176356,0,0
250122,0,0
53653,0,0
242,0,0
-2111,0,0
-176643,0,0
281964,0,0
-165489,0,0
-276242,0,0
2211,0,0
-368148,0,0
-264438,0,0
101152,0,0
45820,0,0
155042,0,0
108283,0,0
-350586,0,0
-239726,0,0
-138769,0,0
-256367,0,0
92879,0,0
59939,0,0
-273153,0,0
-89322,0,0
-92745,0,0
-281224,0,0
3955,0,0
-33446,0,0
-267530,0,0
69547,0,0
-168308,0,0
-191677,0,0
-335209,0,0
-269735,0,0
36116,0,0
116137,0,0
-88072,0,0
77041,0,0
-140075,0,0
-525159,0,0
-284020,0,0
-81843,0,0
-200615,0,0
-62872,0,0
-23721,0,0
-95821,0,0
430172,0,0
-49255,0,0
-534118,0,0
-71669,0,0
-203347,0,0
-51164,0,0
23172,0,0
136775,0,0
47458,0,0
79960,0,0
-450331,0,0
-291371,0,0
-199641,0,0
-183066,0,0
53,0,0
151388,0,0
103249,0,0
395093,0,0
45997,0,0
-396142,0,0
-38133,0,0
-174622,0,0
-85087,0,0
190833,0,0
98430,0,0
74115,0,0
236007,0,0
63608,0,0
272090,0,0
554657,0,0
9809,0,0
81969,0,0
191252,0,0
-148078,0,0
232996,0,0
396413,0,0
110428,0,0
395800,0,0
380987,0,0
50945,0,0
198948,0,0
-49172,0,0
-74913,0,0
393075,0,0
253140,0,0
74987,0,0
41316,0,0
-67296,0,0
56352,0,0
158883,0,0
-95124,0,0
992,0,0
1743,0,0
-141871,0,0
2809,0,0
6881,0,0
-92654,0,0
87758,0,0
10960,0,0
-385952,0,0
-96009,0,0
-68923,0,0
-173434,0,0
94756,0,0
102241,0,0
88839,0,0
188783,0,0
-242876,0,0
47988,0,0
-22250,0,0
-88757,0,0
100975,0,0
186825,0,0
32320,0,0
134982,0,0
-5786,0,0
-279100,0,0
74320,0,0
14443,0,0
-219648,0,0
267561,0,0
320853,0,0
10771,0,0
114414,0,0
-195181,0,0
-257275,0,0
-117485,0,0
46182,0,0
-120290,0,0
-29757,0,0
-318084,0,0
24504,0,0
324329,0,0
124381,0,0
21405,0,0
-200475,0,0
-377473,0,0
-52942,0,0
159908,0,0
-2402,0,0
223616,0,0
-40195,0,0
-181435,0,0
-53404,0,0
-189171,0,0
-59236,0,0
103566,0,0
-11003,0,0
74389,0,0
95055,0,0
-342305,0,0
134819,0,0
181393,0,0
-43334,0,0
53349,0,0
125630,0,0
32067,0,0
-1462,0,0
-30186,0,0
-211138,0,0
221715,0,0
-119433,0,0
-217703,0,0
200024,0,0
-913,0,0
-95492,0,0
16874,0,0
189163,0,0
136325,0,0
289999,0,0
-174410,0,0
-126412,0,0
214564,0,0
34798,0,0
36789,0,0
-81384,0,0
-85040,0,0
284767,0,0
150995,0,0
43416,0,0
124766,0,0
172283,0,0
255197,0,0
510625,0,0
18854,0,0
-264944,0,0
51239,0,0
145255,0,0
11750,0,0
207852,0,0
56568,0,0
180357,0,0
12275,0,0
-145421,0,0
175726,0,0
179075,0,0
-56719,0,0
-149679,0,0
-194538,0,0
-229932,0,0
334108,0,0
-9076,0,0
-153612,0,0
201847,0,0
88728,0,0
-125552,0,0
-101376,0,0
-285692,0,0
-217132,0,0
22094,0,0
-246398,0,0
73078,0,0
123702,0,0
-145026,0,0
186839,0,0
12796,0,0
-296662,0,0
-148476,0,0
24846,0,0
-232889,0,0
14245,0,0
-13770,0,0
-55498,0,0
148380,0,0
-148920,0,0
-110063,0,0
-15486,0,0
-107260,0,0
-24587,0,0
385563,0,0
112272,0,0
123770,0,0
14096,0,0
15391,0,0
290044,0,0
-30183,0,0
-116070,0,0
453867,0,0
473273,0,0
73714,0,0
82652,0,0
-92475,0,0
-10792,0,0
609757,0,0
530056,0,0
297252,0,0
380953,0,0
114722,0,0
-1107,0,0
275861,0,0
213677,0,0
320095,0,0
337823,0,0
-16285,0,0
394816,0,0
241187,0,0
-19367,0,0
146819,0,0
178013,0,0
29813,0,0
608705,0,0
50611,0,0
-278880,0,0
4937,0,0
63745,0,0
157771,0,0
146158,0,0
-158913,0,0
-67749,0,0
238771,0,0
-164964,0,0
-46043,0,0
7228,0,0
-156763,0,0
130598,0,0
68826,0,0
-214471,0,0
-45883,0,0
-50221,0,0
-231560,0,0
227068,0,0
-4439,0,0
-111561,0,0
-140053,0,0
-387456,0,0
-245444,0,0
121001,0,0
-130377,0,0
37182,0,0
59499,0,0
-215682,0,0
173213,0,0
131431,0,0
-112888,0,0
-194309,0,0
-411841,0,0
-280870,0,0
153993,0,0
254347,0,0
16194,0,0
250404,0,0
-116623,0,0
-310071,0,0
-49625,0,0
-213502,0,0
-150707,0,0
-90028,0,0
-184922,0,0
16980,0,0
356152,0,0
64430,0,0
-10411,0,0
130807,0,0
-380014,0,0
-161917,0,0
-192438,0,0
-218387,0,0
68303,0,0
-3141,0,0
-117156,0,0
113055,0,0
123038,0,0
-175938,0,0
290926,0,0
92763,0,0
-69760,0,0
29337,0,0
-124645,0,0
-253859,0,0
-151656,0,0
-249006,0,0
183080,0,0
121461,0,0
107729,0,0
446893,0,0
-110432,0,0
-421563,0,0
-38491,0,0
107392,0,0
-106822,0,0
122604,0,0
38506,0,0
65059,0,0
416123,0,0
157650,0,0
208539,0,0
146776,0,0
-230883,0,0
-30956,0,0
334233,0,0
-36000,0,0
312795,0,0
355965,0,0
2428,0,0
463685,0,0
166899,0,0
-80026,0,0
49237,0,0
184601,0,0
74898,0,0
369952,0,0
53188,0,0
-239764,0,0
196929,0,0
42706,0,0
27445,0,0
81102,0,0
32019,0,0
62746,0,0
130130,0,0
-222665,0,0
88291,0,0
55002,0,0
-353600,0,0
-8719,0,0
130464,0,0
-183587,0,0
-57225,0,0
59791,0,0
-217274,0,0
55990,0,0
-23344,0,0
-286415,0,0
-127,0,0
-202032,0,0
-187294,0,0
70555,0,0
-85539,0,0
-189647,0,0
-111616,0,0
-294191,0,0
129182,0,0
130716,0,0
-81850,0,0
187795,0,0
-58484,0,0
-361800,0,0
12636,0,0
24322,0,0
-160600,0,0
95363,0,0
97684,0,0
27265,0,0
137884,0,0
-112902,0,0
-87838,0,0
175302,0,0
-36267,0,0
174004,0,0
198138,0,0
-215324,0,0
228437,0,0
307015,0,0
-188018,0,0
19949,0,0
145973,0,0
-38149,0,0
145184,0,0
15342,0,0
-170514,0,0
255048,0,0
162754,0,0
-240778,0,0
2538,0,0
-169054,0,0
-250920,0,0
144808,0,0
166133,0,0
-48617,0,0
113132,0,0
-244268,0,0
-83144,0,0
-80634,0,0
-247053,0,0
55077,0,0
-133388,0,0
-241199,0,0
-48853,0,0
14827,0,0
-178281,0,0
88609,0,0
65748,0,0
-228651,0,0
-36170,0,0
-168521,0,0
-150142,0,0
-14175,0,0
-501660,0,0
-322065,0,0
40049,0,0
-129697,0,0
-53414,0,0
120442,0,0
-386382,0,0
-280175,0,0
-3257,0,0
-142154,0,0
-98925,0,0
-214417,0,0
-419089,0,0
16841,0,0
-137703,0,0
-268280,0,0
120699,0,0
-104843,0,0
-103403,0,0
-115231,0,0
-160604,0,0
-72222,0,0
-46134,0,0
-336978,0,0
-6759,0,0
-113355,0,0
-261787,0,0
57326,0,0
92618,0,0
-206021,0,0
1724,0,0
-53359,0,0
-299470,0,0
-71664,0,0
-94514,0,0
-227263,0,0
123939,0,0
-37759,0,0
-96557,0,0
-13172,0,0
-87087,0,0
-250423,0,0
-51448,0,0
-316137,0,0
49631,0,0
431887,0,0
-183671,0,0
-172217,0,0
-195050,0,0
-237654,0,0
-153165,0,0
-13505,0,0
-248410,0,0
130766,0,0
-116665,0,0
-206359,0,0
64830,0,0
-195430,0,0
-288179,0,0
-127684,0,0
-86890,0,0
-269904,0,0
55364,0,0
-215849,0,0
-183267,0,0
-193975,0,0
-368197,0,0
-167729,0,0
-155170,0,0
-344578,0,0
-16586,0,0
-96234,0,0
-378876,0,0
-149862,0,0
-308500,0,0
-442379,0,0
-33562,0,0
-98665,0,0
73873,0,0
7308,0,0
32942,0,0
-150713,0,0
-77388,0,0
-293907,0,0
-181350,0,0
201480,0,0
125844,0,0
310597,0,0
214839,0,0
-82062,0,0
209297,0,0
284615,0,0
13326,0,0
-88858,0,0
-71166,0,0
-114086,0,0
336015,0,0
45482,0,0
122607,0,0
94612,0,0
-226286,0,0
-294766,0,0
-34545,0,0
-234737,0,0
380974,0,0
311650,0,0
-486292,0,0
-261744,0,0
-140866,0,0
-278179,0,0
41036,0,0
121737,0,0
-264141,0,0
-97659,0,0
-246073,0,0
-255414,0,0
68943,0,0
46853,0,0
139947,0,0
192683,0,0
-218733,0,0
-301093,0,0
-108926,0,0
-130366,0,0
82789,0,0
166047,0,0
-46007,0,0
179187,0,0
151462,0,0
-133239,0,0
97853,0,0
56241,0,0
-26393,0,0
243670,0,0
55195,0,0
-156666,0,0
279273,0,0
80750,0,0
181536,0,0
224432,0,0
207253,0,0
9384,0,0
-68277,0,0
-165144,0,0
278746,0,0
671470,0,0
173287,0,0
36102,0,0
-75798,0,0
-109408,0,0
315936,0,0
598566,0,0
302897,0,0
367926,0,0
16814,0,0
-216701,0,0
204665,0,0
73272,0,0
311410,0,0
708918,0,0
439662,0,0
170769,0,0
225113,0,0
-352156,0,0
63263,0,0
389829,0,0
-100070,0,0
-96033,0,0
-20117,0,0
91102,0,0
319417,0,0
75843,0,0
-529688,0,0
-135913,0,0
-19197,0,0
-345797,0,0
6892,0,0
24570,0,0
-111212,0,0
-316405,0,0
-495554,0,0
-226123,0,0
-74366,0,0
-427610,0,0
-157924,0,0
-32337,0,0
-503507,0,0
-100071,0,0
-74996,0,0
-273185,0,0
-21112,0,0
-1648,0,0
-313340,0,0
-25840,0,0
-305587,0,0
-339405,0,0
103428,0,0
-56496,0,0
-37137,0,0
-46989,0,0
-134796,0,0
-169628,0,0
127157,0,0
3411,0,0
210106,0,0
1059,0,0
-283304,0,0
177555,0,0
139967,0,0
106012,0,0
297495,0,0
198980,0,0
-214198,0,0
171187,0,0
70713,0,0
-7935,0,0
486197,0,0
266749,0,0
83397,0,0
91976,0,0
162646,0,0
499195,0,0
392679,0,0
-29386,0,0
239591,0,0
464951,0,0
115609,0,0
146218,0,0
62059,0,0
-63306,0,0
405463,0,0
474018,0,0
119223,0,0
291870,0,0
303284,0,0
277648,0,0
227168,0,0
-112285,0,0
-117922,0,0
118837,0,0
197733,0,0
98418,0,0
207777,0,0
-85455,0,0
296543,0,0
292997,0,0
-54560,0,0
395577,0,0
443345,0,0
-46237,0,0
-13395,0,0
-109642,0,0
-445714,0,0
248845,0,0
189175,0,0
-110565,0,0
282956,0,0
121753,0,0
56705,0,0
186645,0,0
188396,0,0
-157608,0,0
-152535,0,0
-442268,0,0
-41260,0,0
3278,0,0
5507,0,0
73061,0,0
111950,0,0
-42943,0,0
-206943,0,0
-360545,0,0
-350768,0,0
5411,0,0
-297678,0,0
-364230,0,0
116265,0,0
-304067,0,0
-327431,0,0
-75173,0,0
-13089,0,0
-153970,0,0
-21667,0,0
-408132,0,0
-350844,0,0
-214825,0,0
-608474,0,0
-144296,0,0
-25058,0,0
30493,0,0
293265,0,0
125685,0,0
-204547,0,0
-45285,0,0
-134099,0,0
-230774,0,0
121743,0,0
-100078,0,0
3351,0,0
172714,0,0
150592,0,0
268171,0,0
497661,0,0
-49559,0,0
-88753,0,0
84643,0,0
-13033,0,0
108653,0,0
27064,0,0
-44412,0,0
287546,0,0
342196,0,0
-1073,0,0
304494,0,0
196290,0,0
-141961,0,0
25442,0,0
-100507,0,0
-43965,0,0
266601,0,0
286339,0,0
95251,0,0
34579,0,0
-373221,0,0
-237751,0,0
14401,0,0
-196505,0,0
441754,0,0
397824,0,0
-78024,0,0
54909,0,0
-56361,0,0
-248053,0,0
-168279,0,0
-308244,0,0
-289038,0,0
130596,0,0
-39828,0,0
-34998,0,0
43848,0,0
-162416,0,0
-67046,0,0
180888,0,0
-361294,0,0
-243720,0,0
-53638,0,0
-285381,0,0
131170,0,0
17606,0,0
-350465,0,0
-59449,0,0
-163633,0,0
-162583,0,0
37457,0,0
-154644,0,0
-173396,0,0
270609,0,0
-180303,0,0
-259747,0,0
126000,0,0
70738,0,0
-207541,0,0
48543,0,0
-137109,0,0
-67662,0,0
109572,0,0
-247597,0,0
-11741,0,0
-1436,0,0
-42278,0,0
132453,0,0
62974,0,0
-197012,0,0
96295,0,0
-929,0,0
-89208,0,0
148022,0,0
-198125,0,0
51227,0,0
212042,0,0
-66938,0,0
-184012,0,0
21160,0,0
-192387,0,0
186778,0,0
343013,0,0
-262147,0,0
134555,0,0
76040,0,0
-144389,0,0
71233,0,0
235080,0,0
-49006,0,0
165496,0,0
-112739,0,0
-405432,0,0
25017,0,0
30779,0,0
66763,0,0
258970,0,0
188162,0,0
47505,0,0
-117979,0,0
-558156,0,0
-87220,0,0
292912,0,0
245585,0,0
227787,0,0
-14497,0,0
-177472,0,0
-64013,0,0
8661,0,0
47597,0,0
-13661,0,0
-164192,0,0
16341,0,0
511912,0,0
137846,0,0
49642,0,0
70501,0,0
-78137,0,0
-118110,0,0
126615,0,0
-270120,0,0
-43037,0,0
114766,0,0
-73937,0,0
477937,0,0
395117,0,0
167227,0,0
-21561,0,0
57950,0,0
-239608,0,0
-94778,0,0
94073,0,0
171046,0,0
410493,0,0
178141,0,0
183494,0,0
89124,0,0
-118204,0,0
147058,0,0
557853,0,0
64937,0,0
171348,0,0
98307,0,0
-273324,0,0
226447,0,0
200322,0,0
62134,0,0
32312,0,0
95239,0,0
-104647,0,0
65048,0,0
-137742,0,0
-63532,0,0
268314,0,0
-52498,0,0
-69488,0,0
164867,0,0
-85947,0,0
-85903,0,0
-5091,0,0
-326067,0,0
-128629,0,0
148794,0,0
-28296,0,0
90086,0,0
-25637,0,0
-121000,0,0
110202,0,0
-22080,0,0
-344353,0,0
-95083,0,0
-92328,0,0
-17376,0,0
637283,0,0
68364,0,0
-233062,0,0
-113569,0,0
-109688,0,0
-65138,0,0
293498,0,0
-52814,0,0
-88061,0,0
162196,0,0
-172061,0,0
22170,0,0
-10947,0,0
-38882,0,0
483590,0,0
267282,0,0
-98536,0,0
42136,0,0
-195686,0,0
-294333,0,0
282458,0,0
134602,0,0
198516,0,0
101075,0,0
-52944,0,0
193720,0,0
188780,0,0
29776,0,0
165645,0,0
-22458,0,0
-180423,0,0
217360,0,0
148333,0,0
34248,0,0
173269,0,0
-618,0,0
-267402,0,0
-39085,0,0
-257290,0,0
-323287,0,0
243567,0,0
235312,0,0
225708,0,0
49857,0,0
-288484,0,0
-221875,0,0
168760,0,0
-402606,0,0
-344047,0,0
150685,0,0
-180602,0,0
-31995,0,0
191052,0,0
-74411,0,0
65595,0,0
160587,0,0
-137929,0,0
-4106,0,0
-14166,0,0
-125428,0,0
165594,0,0
-117286,0,0
-17812,0,0
125448,0,0
77154,0,0
63862,0,0
252467,0,0
40685,0,0
178732,0,0
270729,0,0
-27411,0,0
213491,0,0
196843,0,0
167822,0,0
222047,0,0
210509,0,0
-45370,0,0
248971,0,0
133778,0,0
-113464,0,0
362155,0,0
237044,0,0
117759,0,0
139736,0,0
7948,0,0
39292,0,0
311535,0,0
-90238,0,0
-36841,0,0
147413,0,0
-233894,0,0
59818,0,0
25813,0,0
-127216,0,0
-45989,0,0
178981,0,0
-59951,0,0
77377,0,0
-226295,0,0
-261284,0,0
1325,0,0
-245760,0,0
-118810,0,0
174311,0,0
65942,0,0
-422913,0,0
-186924,0,0
-510903,0,0
-136830,0,0
160062,0,0
-161273,0,0
469071,0,0
226068,0,0
-664158,0,0
-450879,0,0
-281694,0,0
-355298,0,0
178021,0,0
-50522,0,0
-58506,0,0
217451,0,0
7052,0,0
-137850,0,0
-96485,0,0
-45321,0,0
108514,0,0
137631,0,0
-259177,0,0
-85753,0,0
-11342,0,0
-41995,0,0
295022,0,0
341123,0,0
847,0,0
-93004,0,0
66705,0,0
-181731,0,0
211918,0,0
43222,0,0
-153864,0,0
362789,0,0
212594,0,0
205915,0,0
-99430,0,0
-194196,0,0
-202674,0,0
221927,0,0
5136,0,0
180950,0,0
225198,0,0
-268646,0,0
6879,0,0
-56504,0,0
-120755,0,0
56615,0,0
137555,0,0
-94050,0,0
129970,0,0
23922,0,0
-220732,0,0
93649,0,0
-298775,0,0
-94437,0,0
60268,0,0
-119009,0,0
77389,0,0
292124,0,0
-81162,0,0
-192205,0,0
-106660,0,0
-405087,0,0
-59958,0,0
-15303,0,0
-135273,0,0
110560,0,0
-15984,0,0
-335028,0,0
-61669,0,0
-430384,0,0
-442535,0,0
40254,0,0
-166999,0,0
-82337,0,0
-55542,0,0
-228530,0,0
-196937,0,0
10192,0,0
-303179,0,0
-197957,0,0
137407,0,0
-121571,0,0
128585,0,0
237746,0,0
-151780,0,0
-9971,0,0
-16432,0,0
-33128,0,0
-98550,0,0
-53791,0,0
-115101,0,0
416328,0,0
169138,0,0
-9761,0,0
15783,0,0
-7940,0,0
-42793,0,0
112471,0,0
-236494,0,0
95167,0,0
215020,0,0
-289935,0,0
-120846,0,0
91252,0,0
-120006,0,0
147545,0,0
17167,0,0
-436298,0,0
-182431,0,0
-155067,0,0
-215163,0,0
112101,0,0
47373,0,0
117737,0,0
279720,0,0
-162002,0,0
-311885,0,0
-116713,0,0
-476237,0,0
-200827,0,0
41530,0,0
-165348,0,0
67411,0,0
49583,0,0
-148074,0,0
-7065,0,0
-276420,0,0
-164762,0,0
281350,0,0
60521,0,0
-194440,0,0
190914,0,0
-330070,0,0
-233431,0,0
33440,0,0
-43997,0,0
-168458,0,0
212246,0,0
-7823,0,0
-33201,0,0
187153,0,0
-69504,0,0
168380,0,0
251766,0,0
147883,0,0
183922,0,0
-125331,0,0
-297713,0,0
149044,0,0
173263,0,0
124479,0,0
511628,0,0
291504,0,0
340341,0,0
259597,0,0
-51651,0,0
47484,0,0
299388,0,0
25695,0,0
404512,0,0
526896,0,0
15577,0,0
150613,0,0
139206,0,0
115737,0,0
375265,0,0
338020,0,0
33728,0,0
287203,0,0
360797,0,0
-46856,0,0
223119,0,0
-4188,0,0
-50901,0,0
52612,0,0
55314,0,0
1731,0,0
390605,0,0
74001,0,0
116650,0,0
114452,0,0
-86048,0,0
314357,0,0
121621,0,0
-227363,0,0
9296,0,0
-73218,0,0
-56111,0,0
149488,0,0
118250,0,0
-88395,0,0
186630,0,0
-179740,0,0
-244587,0,0
-107554,0,0
95156,0,0
-96508,0,0
-36894,0,0
-223679,0,0
158063,0,0
329207,0,0
-258783,0,0
-334366,0,0
-445341,0,0
-377756,0,0
89388,0,0
13591,0,0
-222594,0,0
136826,0,0
-179748,0,0
-353041,0,0
35951,0,0
-130174,0,0
18487,0,0
-9987,0,0
-172103,0,0
501,0,0
128675,0,0
-291662,0,0
-407115,0,0
-29582,0,0
-80414,0,0
102762,0,0
196542,0,0
-69381,0,0
125817,0,0
118922,0,0
19226,0,0
194019,0,0
-137450,0,0
-173889,0,0
116731,0,0
62518,0,0
113899,0,0
293,0,0
90142,0,0
188132,0,0
407631,0,0
-83223,0,0
8889,0,0
254176,0,0
-51440,0,0
146429,0,0
-36933,0,0
68948,0,0
261625,0,0
169608,0,0
-34394,0,0
163064,0,0
-76662,0,0
-130633,0,0
253461,0,0
-45059,0,0
-59027,0,0
72309,0,0
-124610,0,0
-126491,0,0
30537,0,0
-219222,0,0
-18962,0,0
133012,0,0
-216213,0,0
5449,0,0
-143247,0,0
-198697,0,0
-146001,0,0
-175165,0,0
-458871,0,0
1174,0,0
-113181,0,0
-325911,0,0
-191826,0,0
-302363,0,0
-245639,0,0
-83261,0,0
-277439,0,0
-79403,0,0
-56488,0,0
-135291,0,0
96665,0,0
187890,0,0
-150488,0,0
-25935,0,0
-33167,0,0
-24957,0,0
248741,0,0
130544,0,0
140506,0,0
278633,0,0
106899,0,0
-93374,0,0
778802,0,0
627197,0,0
314524,0,0
155030,0,0
54246,0,0
114210,0,0
562877,0,0
83780,0,0
199259,0,0
322382,0,0
152012,0,0
576997,0,0
286603,0,0
26915,0,0
242490,0,0
59385,0,0
-306738,0,0
45859,0,0
103917,0,0
160059,0,0
250324,0,0
11800,0,0
213164,0,0
352523,0,0
108088,0,0
-304966,0,0
-121387,0,0
-201001,0,0
216018,0,0
306942,0,0
-218185,0,0
61650,0,0
120776,0,0
-44267,0,0
35669,0,0
169502,0,0
-97638,0,0
195788,0,0
-61358,0,0
-220469,0,0
259498,0,0
136914,0,0
96946,0,0
82879,0,0
-257389,0,0
-157835,0,0
144222,0,0
-171043,0,0
45347,0,0
162707,0,0
-216068,0,0
85340,0,0
49852,0,0
-297972,0,0
292706,0,0
-27823,0,0
-262408,0,0
49549,0,0
-118727,0,0
-188186,0,0
95610,0,0
-121901,0,0
-90492,0,0
93720,0,0
8778,0,0
-119569,0,0
97522,0,0
-266063,0,0
95618,0,0
104681,0,0
-261088,0,0
-100978,0,0
17743,0,0
-25265,0,0
243410,0,0
306360,0,0
-107574,0,0
-45895,0,0
-170010,0,0
-366531,0,0
185286,0,0
-74253,0,0
6797,0,0
196055,0,0
-91043,0,0
19127,0,0
241347,0,0
-279374,0,0
-231438,0,0
-70606,0,0
-241198,0,0
34482,0,0
-50510,0,0
-82064,0,0
120568,0,0
-55793,0,0
-75279,0,0
-27645,0,0
-209330,0,0
-393298,0,0
85312,0,0
-161842,0,0
-221788,0,0
2190,0,0
-119672,0,0
-179903,0,0
68525,0,0
-351431,0,0
46160,0,0
59021,0,0
-391342,0,0
-338068,0,0
-10537,0,0
-80946,0,0
-91875,0,0
-95434,0,0
-119785,0,0
239140,0,0
-65976,0,0
-316016,0,0
128466,0,0
74890,0,0
52784,0,0
222420,0,0
-17056,0,0
-82038,0,0
89080,0,0
-38000,0,0
84692,0,0
167615,0,0
136022,0,0
664005,0,0
402191,0,0
-16382,0,0
31699,0,0
-69665,0,0
-388038,0,0
192270,0,0
141448,0,0
198753,0,0
329665,0,0
-146112,0,0
-213270,0,0
216205,0,0
196855,0,0
190213,0,0
400810,0,0
-20681,0,0
-142646,0,0
-68425,0,0
-377001,0,0
318694,0,0
387102,0,0
37231,0,0
103954,0,0
12898,0,0
-100882,0,0
284894,0,0
136750,0,0
14164,0,0
440757,0,0
-48910,0,0
-108306,0,0
78885,0,0
-160129,0,0
-118004,0,0
71642,0,0
-199659,0,0
-27708,0,0
181958,0,0
37561,0,0
148430,0,0
68805,0,0
-326438,0,0
-263329,0,0
-154857,0,0
-400604,0,0
104652,0,0
-20737,0,0
-246545,0,0
152290,0,0
-108477,0,0
-153724,0,0
-23227,0,0
-175708,0,0
-243765,0,0
84677,0,0
-219367,0,0
-93173,0,0
140002,0,0
-249779,0,0
32659,0,0
83994,0,0
-318564,0,0
-87795,0,0
95021,0,0
-172352,0,0
232434,0,0
-90550,0,0
-138365,0,0
103276,0,0
-96429,0,0
-246692,0,0
55797,0,0
82744,0,0
87682,0,0
31123,0,0
-210281,0,0
-115236,0,0
77024,0,0
-341077,0,0
-252672,0,0
-225200,0,0
-114531,0,0
347024,0,0
68211,0,0
-416001,0,0
-101315,0,0
-3659,0,0
-278592,0,0
170798,0,0
-382341,0,0
-307129,0,0
8391,0,0
50132,0,0
91015,0,0
300343,0,0
-121519,0,0
-25741,0,0
159300,0,0
-93598,0,0
220055,0,0
263631,0,0
64157,0,0
101795,0,0
148253,0,0
-6246,0,0
380439,0,0
103789,0,0
-38103,0,0
536236,0,0
320096,0,0
499141,0,0
350680,0,0
-33915,0,0
-19563,0,0
217563,0,0
123884,0,0
357225,0,0
491226,0,0
175717,0,0
425767,0,0
405538,0,0
126783,0,0
225246,0,0
164210,0,0
-9770,0,0
515184,0,0
356873,0,0
264304,0,0
512435,0,0
147266,0,0
-124760,0,0
125922,0,0
206142,0,0
377428,0,0
427731,0,0
42528,0,0
195413,0,0
300232,0,0
-102373,0,0
199817,0,0
140078,0,0
-41958,0,0
215975,0,0
242708,0,0
222030,0,0
221560,0,0
-319980,0,0
-432804,0,0
217458,0,0
53696,0,0
173954,0,0
129310,0,0
107288,0,0
-139142,0,0
-97492,0,0
-406189,0,0
-266919,0,0
21295,0,0
-139772,0,0
139162,0,0
113368,0,0
34417,0,0
-86223,0,0
-136267,0,0
-412726,0,0
-66147,0,0
-417940,0,0
-345031,0,0
-90582,0,0
-245649,0,0
-171984,0,0
-212801,0,0
-512558,0,0
-567613,0,0
-151717,0,0
-365132,0,0
-165828,0,0
-127504,0,0
-529853,0,0
-337905,0,0
-755410,0,0
-764168,0,0
-498503,0,0
-518973,0,0
-500493,0,0
188967,0,0
80322,0,0
-458535,0,0
-311419,0,0
-683537,0,0
-465928,0,0
-101859,0,0
-338765,0,0
-260845,0,0
-208497,0,0
-298223,0,0
-95820,0,0
-74783,0,0
-516843,0,0
-266833,0,0
-8147,0,0
-172360,0,0
-45206,0,0
-25714,0,0
-129623,0,0
50941,0,0
-137526,0,0
-317860,0,0
105237,0,0
-48802,0,0
141517,0,0
292880,0,0
119190,0,0
12856,0,0
225796,0,0
8278,0,0
62266,0,0
241292,0,0
105034,0,0
314678,0,0
188763,0,0
77941,0,0
346887,0,0
206617,0,0
108477,0,0
547977,0,0
211893,0,0
-212341,0,0
174263,0,0
35241,0,0
-77086,0,0
38794,0,0
162293,0,0
187574,0,0
209285,0,0
-62193,0,0
64182,0,0
252661,0,0
19909,0,0
148475,0,0
38,0,0
-217747,0,0
-48191,0,0
50513,0,0
-236774,0,0
299718,0,0
-76907,0,0
93519,0,0
390587,0,0
-72059,0,0
-108314,0,0
102888,0,0
208120,0,0
53133,0,0
120295,0,0
-208259,0,0
-37643,0,0
176754,0,0
-91314,0,0
124327,0,0
182984,0,0
82106,0,0
107971,0,0
31863,0,0
-317044,0,0
371224,0,0
361414,0,0
64687,0,0
279618,0,0
-260992,0,0
-222585,0,0
57020,0,0
-140545,0,0
-1917,0,0
192182,0,0
43510,0,0
410845,0,0
472194,0,0
-365854,0,0
-200731,0,0
-35224,0,0
-50616,0,0
40642,0,0
-64593,0,0
-169722,0,0
103775,0,0
-104299,0,0
-287335,0,0
562064,0,0
529917,0,0
251020,0,0
-180459,0,0
-421924,0,0
-167282,0,0
291738,0,0
23415,0,0
104532,0,0
482339,0,0
-17993,0,0
200463,0,0
224367,0,0
140113,0,0
156544,0,0
59351,0,0
-149510,0,0
98808,0,0
-71327,0,0
-128996,0,0
348546,0,0
-137953,0,0
54768,0,0
274511,0,0
7098,0,0
-76743,0,0
80552,0,0
-304172,0,0
-225466,0,0
48862,0,0
-198332,0,0
-75976,0,0
46592,0,0
-63102,0,0
222745,0,0
153545,0,0
-294362,0,0
42931,0,0
-214579,0,0
-306428,0,0
322935,0,0
-29328,0,0
-22349,0,0
170458,0,0
-14388,0,0
-354728,0,0
3815,0,0
-202772,0,0
261331,0,0
55183,0,0
-412617,0,0
119515,0,0
173498,0,0
78726,0,0
92613,0,0
-104978,0,0
-474617,0,0
16822,0,0
-119629,0,0
-362881,0,0
108883,0,0
-132483,0,0
-273587,0,0
-127147,0,0
-67811,0,0
55260,0,0
210667,0,0
-154444,0,0
-250119,0,0
-306498,0,0
-677044,0,0
-238315,0,0
-1919,0,0
-138746,0,0
1539,0,0
153648,0,0
-82680,0,0
292524,0,0
90552,0,0
-289485,0,0
-227378,0,0
-359841,0,0
-156656,0,0
196559,0,0
252698,0,0
130500,0,0
291679,0,0
-226133,0,0
-81589,0,0
125878,0,0
-149745,0,0
231167,0,0
206768,0,0
95121,0,0
6373,0,0
-87142,0,0
-217740,0,0
217031,0,0
137024,0,0
-157439,0,0
263552,0,0
178356,0,0
410556,0,0
236959,0,0
54846,0,0
119945,0,0
230301,0,0
-51447,0,0
3667,0,0
266923,0,0
39599,0,0
355535,0,0
376003,0,0
250439,0,0
238542,0,0
424082,0,0
-90142,0,0
146244,0,0
-25227,0,0
-160720,0,0
411119,0,0
288884,0,0
167882,0,0
147560,0,0
40470,0,0
-139656,0,0
223241,0,0
-106287,0,0
96000,0,0
150420,0,0
-45002,0,0
38887,0,0
638,0,0
-64782,0,0
184205,0,0
-24443,0,0
-351538,0,0
92943,0,0
190998,0,0
-40095,0,0
136256,0,0
-200662,0,0
-70427,0,0
110717,0,0
64799,0,0
-32226,0,0
115248,0,0
-194001,0,0
-22349,0,0
211888,0,0
-27697,0,0
427156,0,0
216333,0,0
-35067,0,0
-101745,0,0
-157089,0,0
-224593,0,0
270861,0,0
107077,0,0
-66545,0,0
255365,0,0
-219888,0,0
-252064,0,0
-237860,0,0
-128609,0,0
-196188,0,0
135249,0,0
-157346,0,0
-61536,0,0
-59272,0,0
-484844,0,0
-100855,0,0
-140477,0,0
-252747,0,0
-227109,0,0
-127645,0,0
-362601,0,0
-31859,0,0
-115468,0,0
-171035,0,0
235829,0,0
110486,0,0
272288,0,0
163289,0,0
-145530,0,0
-231180,0,0
-160973,0,0
-160157,0,0
520207,0,0
738355,0,0
142646,0,0
54567,0,0
-97735,0,0
-78185,0,0
282903,0,0
248971,0,0
105580,0,0
324977,0,0
13581,0,0
-111069,0,0
177481,0,0
72464,0,0
214791,0,0
254110,0,0
11659,0,0
-139159,0,0
70871,0,0
-268252,0,0
160210,0,0
301533,0,0
54638,0,0
142335,0,0
-116633,0,0
-199412,0,0
144637,0,0
258032,0,0
-278188,0,0
285169,0,0
207957,0,0
-54268,0,0
149494,0,0
-215385,0,0
-82762,0,0
13103,0,0
-49912,0,0
201407,0,0
283248,0,0
-83076,0,0
198012,0,0
77580,0,0
-343229,0,0
138647,0,0
64560,0,0
-119044,0,0
166656,0,0
-52923,0,0
-244609,0,0
-62885,0,0
-204707,0,0
-147641,0,0
270391,0,0
-118818,0,0
-70113,0,0
-120384,0,0
-316727,0,0
-263694,0,0
103035,0,0
-146173,0,0
-209495,0,0
-53889,0,0
-394202,0,0
-127237,0,0
-240510,0,0
-224273,0,0
-103496,0,0
-160309,0,0
-455636,0,0
81991,0,0
-52087,0,0
-375648,0,0
-29776,0,0
-527603,0,0
-416898,0,0
-164522,0,0
-204552,0,0
-100068,0,0
-43072,0,0
-547067,0,0
-315056,0,0
-92132,0,0
-503282,0,0
-347433,0,0
-282693,0,0
-188270,0,0
218417,0,0
242564,0,0
-477617,0,0
-249692,0,0
-342254,0,0
-375661,0,0
232993,0,0
6415,0,0
-102338,0,0
28548,0,0
15435,0,0
-63190,0,0
104827,0,0
6079,0,0
430219,0,0
423290,0,0
-231120,0,0
112702,0,0
142827,0,0
127211,0,0
461157,0,0
501397,0,0
210008,0,0
119547,0,0
-60301,0,0
-51096,0,0
312263,0,0
333054,0,0
350611,0,0
434153,0,0
-37855,0,0
-170462,0,0
95137,0,0
-90172,0,0
81109,0,0
138268,0,0
-407796,0,0
-356183,0,0
-256643,0,0
-52545,0,0
232829,0,0
-14429,0,0
-481313,0,0
-295956,0,0
-527331,0,0
-510353,0,0
-43260,0,0
-105924,0,0
-186096,0,0
-163720,0,0
-478019,0,0
-380019,0,0
-117813,0,0
-227074,0,0
-51137,0,0
-180256,0,0
-526064,0,0
-124674,0,0
-164221,0,0
-178921,0,0
58919,0,0
-1451,0,0
-403829,0,0
107342,0,0
-90025,0,0
-401671,0,0
68847,0,0
-119969,0,0
-62492,0,0
-187830,0,0
-96517,0,0
-4705,0,0
242734,0,0
-331334,0,0
-171795,0,0
287547,0,0
-68278,0,0
-28690,0,0
-101229,0,0
-161249,0,0
208655,0,0
33959,0,0
-203915,0,0
37915,0,0
-67281,0,0
-306276,0,0
81978,0,0
-44110,0,0
273847,0,0
197671,0,0
-9485,0,0
-171740,0,0
113021,0,0
-370909,0,0
44951,0,0
364316,0,0
-106835,0,0
125941,0,0
41182,0,0
-188703,0,0
127686,0,0
134829,0,0
-70438,0,0
552894,0,0
164001,0,0
-248676,0,0
188962,0,0
157909,0,0
181716,0,0
301621,0,0
174172,0,0
190305,0,0
436161,0,0
281506,0,0
401603,0,0
413590,0,0
-8588,0,0
342122,0,0
441082,0,0
450513,0,0
460955,0,0
328355,0,0
239219,0,0
616606,0,0
443358,0,0
335495,0,0
708213,0,0
201634,0,0
44134,0,0
232104,0,0
101831,0,0
140464,0,0
299600,0,0
-8484,0,0
436295,0,0
751885,0,0
80973,0,0
250295,0,0
202241,0,0
40233,0,0
270205,0,0
34985,0,0
-452709,0,0
154253,0,0
239524,0,0
48069,0,0
541749,0,0
161952,0,0
88710,0,0
104031,0,0
-224,0,0
99244,0,0
406234,0,0
-110226,0,0
-151883,0,0
118148,0,0
-23622,0,0
96818,0,0
-146154,0,0
-120762,0,0
203951,0,0
63834,0,0
-546436,0,0
-170065,0,0
-75977,0,0
184911,0,0
438085,0,0
-213706,0,0
-292210,0,0
-205061,0,0
-226806,0,0
-203434,0,0
123801,0,0
-317844,0,0
-159142,0,0
31814,0,0
-155483,0,0
236704,0,0
191199,0,0
-137407,0,0
36142,0,0
8251,0,0
-373141,0,0
-154747,0,0
-247744,0,0
-272297,0,0
296560,0,0
-49927,0,0
68280,0,0
-138098,0,0
-247901,0,0
23250,0,0
290407,0,0
-140748,0,0
-50986,0,0
152508,0,0
-282663,0,0
122463,0,0
-165719,0,0
-5443,0,0
188523,0,0
191237,0,0
-125745,0,0
46019,0,0
51077,0,0
-21290,0,0
424537,0,0
-54266,0,0
38949,0,0
178926,0,0
77366,0,0
224011,0,0
724374,0,0
-80389,0,0
-202360,0,0
56482,0,0
-63249,0,0
244855,0,0
321186,0,0
207457,0,0
403731,0,0
340076,0,0
-34064,0,0
143621,0,0
-17942,0,0
16653,0,0
414916,0,0
126716,0,0
143847,0,0
112139,0,0
-175231,0,0
40829,0,0
229042,0,0
-259463,0,0
-155321,0,0
119116,0,0
-12663,0,0
389382,0,0
171457,0,0
-261034,0,0
-226767,0,0
-152292,0,0
-403245,0,0
85749,0,0
234242,0,0
304465,0,0
311384,0,0
-236571,0,0
-222261,0,0
-95607,0,0
1951,0,0
-101387,0,0
182455,0,0
-182860,0,0
90935,0,0
79000,0,0
-245646,0,0
232402,0,0
196900,0,0
-40744,0,0
11604,0,0
-116636,0,0
-305134,0,0
-23793,0,0
26638,0,0
-60439,0,0
35817,0,0
-386196,0,0
-168151,0,0
90605,0,0
-15624,0,0
-161586,0,0
236440,0,0
64499,0,0
-328520,0,0
98029,0,0
-270678,0,0
-213052,0,0
-239238,0,0
-311167,0,0
-163354,0,0
-7628,0,0
-82204,0,0
118528,0,0
-26339,0,0
-102819,0,0
56806,0,0
-386951,0,0
-319092,0,0
-115150,0,0
-320805,0,0
-50576,0,0
257395,0,0
-228425,0,0
-81799,0,0
64816,0,0
-263726,0,0
134828,0,0
-56428,0,0
-246175,0,0
116620,0,0
75026,0,0
-245142,0,0
136811,0,0
-88621,0,0
45902,0,0
508696,0,0
220456,0,0
117443,0,0
194584,0,0
61226,0,0
19768,0,0
87967,0,0
18426,0,0
362204,0,0
543723,0,0
158814,0,0
425557,0,0
342680,0,0
240298,0,0
559486,0,0
308880,0,0
9060,0,0
402392,0,0
247709,0,0
263913,0,0
692100,0,0
314694,0,0
237365,0,0
123317,0,0
90511,0,0
253652,0,0
407977,0,0
66277,0,0
239822,0,0
546735,0,0
177582,0,0
202787,0,0
-70359,0,0
-3163,0,0
145302,0,0
119816,0,0
-152739,0,0
63033,0,0
-167110,0,0
-399917,0,0
298920,0,0
-110209,0,0
-58835,0,0
-66145,0,0
-54320,0,0
-57772,0,0
-113221,0,0
-373046,0,0
-251704,0,0
-163939,0,0
-561201,0,0
-198024,0,0
-109482,0,0
-214696,0,0
87080,0,0
-96869,0,0
-583268,0,0
-212842,0,0
-336986,0,0
-426775,0,0
105243,0,0
-82738,0,0
-154129,0,0
-121521,0,0
-243209,0,0
-226113,0,0
115704,0,0
-26771,0,0
132451,0,0
259045,0,0
-556241,0,0
-178188,0,0
-34575,0,0
-49924,0,0
575594,0,0
436342,0,0
77321,0,0
297401,0,0
-208885,0,0
-298614,0,0
268648,0,0
59797,0,0
42209,0,0
231690,0,0
-106372,0,0
-77420,0,0
218400,0,0
-40905,0,0
-6486,0,0
64588,0,0
-368207,0,0
71882,0,0
278153,0,0
211536,0,0
84663,0,0
-149097,0,0
-436967,0,0
-52773,0,0
2431,0,0
-113934,0,0
240464,0,0
-96835,0,0
225895,0,0
297310,0,0
51299,0,0
-29163,0,0
287659,0,0
-77033,0,0
-74123,0,0
-67140,0,0
-222437,0,0
177298,0,0
125602,0,0
82866,0,0
217924,0,0
110059,0,0
-143199,0,0
67217,0,0
-36700,0,0
-63919,0,0
367445,0,0
100736,0,0
-156116,0,0
-98320,0,0
-129849,0,0
-150248,0,0
144818,0,0
-140379,0,0
111104,0,0
190836,0,0
13302,0,0
169964,0,0
-236408,0,0
-282188,0,0
-224824,0,0
-122913,0,0
-318105,0,0
9487,0,0
14569,0,0
43766,0,0
224451,0,0
-448262,0,0
-198705,0,0
-129941,0,0
-272850,0,0
-221634,0,0
205725,0,0
-206680,0,0
-3649,0,0
192739,0,0
-228912,0,0
-98409,0,0
-197577,0,0
-163721,0,0
-29534,0,0
134040,0,0
-100930,0,0
339358,0,0
-101209,0,0
-467265,0,0
-6082,0,0
-166412,0,0
-14987,0,0
-109079,0,0
-115081,0,0
-182514,0,0
42917,0,0
-234190,0,0
-145733,0,0
217309,0,0
-206014,0,0
72995,0,0
-174198,0,0
-271242,0,0
-185047,0,0
-270414,0,0
-244461,0,0
247184,0,0
145623,0,0
-15733,0,0
302000,0,0
-267389,0,0
-269617,0,0
-71305,0,0
-205436,0,0
-27521,0,0
250678,0,0
-167652,0,0
-108182,0,0
166251,0,0
-274810,0,0
12469,0,0
-85501,0,0
-175079,0,0
38013,0,0
-3510,0,0
-203956,0,0
71557,0,0
-23824,0,0
34613,0,0
298860,0,0
106975,0,0
68902,0,0
96373,0,0
83520,0,0
15715,0,0
283854,0,0
-104624,0,0
356561,0,0
618098,0,0
136044,0,0
327855,0,0
168994,0,0
59929,0,0
259553,0,0
228933,0,0
-132617,0,0
101810,0,0
39661,0,0
-103234,0,0
544461,0,0
38799,0,0
-58096,0,0
-30692,0,0
-177287,0,0
-182532,0,0
-229903,0,0
-333362,0,0
-82218,0,0
322842,0,0
329492,0,0
257065,0,0
-60715,0,0
-623800,0,0
-337425,0,0
-82064,0,0
-326121,0,0
-56724,0,0
-117083,0,0
-122204,0,0
592615,0,0
186561,0,0
26783,0,0
-193868,0,0
-278668,0,0
-233535,0,0
125219,0,0
-366967,0,0
-34408,0,0
260959,0,0
-208526,0,0
184919,0,0
80760,0,0
-271794,0,0
20283,0,0
88451,0,0
-221070,0,0
60859,0,0
-86618,0,0
-125419,0,0
143093,0,0
-158048,0,0
-118406,0,0
-86428,0,0
-45956,0,0
-15299,0,0
373614,0,0
-319935,0,0
-297076,0,0
66132,0,0
-55653,0,0
283178,0,0
155858,0,0
-213430,0,0
-1751,0,0
-7361,0,0
-407015,0,0
242716,0,0
138405,0,0
52887,0,0
263726,0,0
-214732,0,0
-353598,0,0
-124317,0,0
-28533,0,0
18024,0,0
316388,0,0
-76844,0,0
-69809,0,0
-26117,0,0
-509411,0,0
-156836,0,0
-88823,0,0
-240927,0,0
341241,0,0
281275,0,0
-195311,0,0
-6224,0,0
-13003,0,0
-82940,0,0
264312,0,0
227748,0,0
34939,0,0
158734,0,0
156312,0,0
145811,0,0
341732,0,0
84721,0,0
481912,0,0
685635,0,0
165263,0,0
266434,0,0
206184,0,0
-696,0,0
261019,0,0
258567,0,0
12983,0,0
287500,0,0
206994,0,0
116345,0,0
477479,0,0
-140834,0,0
153576,0,0
269643,0,0
93688,0,0
-209164,0,0
-14322,0,0
-351195,0,0
-89969,0,0
104220,0,0
-211590,0,0
147479,0,0
11402,0,0
-213021,0,0
-117512,0,0
-222385,0,0
-560503,0,0
97837,0,0
-45937,0,0
-400273,0,0
-119648,0,0
-141690,0,0
-125594,0,0
-101293,0,0
-317439,0,0
-201149,0,0
-82702,0,0
-205849,0,0
-100248,0,0
215650,0,0
-264722,0,0
331499,0,0
-70381,0,0
-338605,0,0
-360132,0,0
-114005,0,0
-100659,0,0
177031,0,0
-42782,0,0
-83907,0,0
326005,0,0
-37297,0,0
127469,0,0
36586,0,0
-274259,0,0
-179433,0,0
-25435,0,0
-320297,0,0
-120397,0,0
149098,0,0
-182279,0,0
60977,0,0
3679,0,0
-179849,0,0
-2088,0,0
-151972,0,0
-289665,0,0
-132586,0,0
-339668,0,0
-399605,0,0
177662,0,0
-224500,0,0
-143419,0,0
-4327,0,0
-268567,0,0
-328105,0,0
-70044,0,0
-484752,0,0
-290096,0,0
-26400,0,0
-396066,0,0
184863,0,0
343950,0,0
11093,0,0
-28399,0,0
-108309,0,0
-317254,0,0
200996,0,0
175784,0,0
-73298,0,0
335667,0,0
64033,0,0
260715,0,0
251249,0,0
249036,0,0
41540,0,0
278370,0,0
19364,0,0
482723,0,0
746995,0,0
361141,0,0
522348,0,0
127870,0,0
-227341,0,0
369499,0,0
672151,0,0
198099,0,0
393156,0,0
323884,0,0
71731,0,0
376154,0,0
122736,0,0
324546,0,0
518929,0,0
87544,0,0
-105682,0,0
379841,0,0
-20078,0,0
-95994,0,0
8223,0,0
-358186,0,0
63216,0,0
69016,0,0
61111,0,0
116177,0,0
58956,0,0
-165732,0,0
-165200,0,0
-347233,0,0
-518179,0,0
130056,0,0
-425874,0,0
-228697,0,0
298075,0,0
345966,0,0
329591,0,0
70775,0,0
-675988,0,0
-398876,0,0
169404,0,0
-156760,0,0
186615,0,0
131733,0,0
10706,0,0
-135463,0,0
-180956,0,0
-241114,0,0
195932,0,0
-14006,0,0
-25565,0,0
247266,0,0
-41903,0,0
37750,0,0
-275950,0,0
-422599,0,0
-415512,0,0
47743,0,0
-244305,0,0
-81512,0,0
243293,0,0
-172724,0,0
35910,0,0
-240306,0,0
-184780,0,0
22780,0,0
-112168,0,0
-279806,0,0
-122005,0,0
-232150,0,0
-336528,0,0
-26674,0,0
-149729,0,0
-49977,0,0
-56634,0,0
-155913,0,0
-131310,0,0
56848,0,0
-168657,0,0
-98664,0,0
-133593,0,0
-573289,0,0
-89109,0,0
60949,0,0
-205424,0,0
35999,0,0
53710,0,0
-248064,0,0
41500,0,0
-42189,0,0
114926,0,0
630457,0,0
-68923,0,0
-153450,0,0
-63788,0,0
27151,0,0
429937,0,0
727949,0,0
249303,0,0
593342,0,0
511383,0,0
-87935,0,0
389556,0,0
464432,0,0
409290,0,0
512859,0,0
527977,0,0
324339,0,0
566882,0,0
406143,0,0
-81880,0,0
353540,0,0
-25866,0,0
6639,0,0
197769,0,0
80959,0,0
-22295,0,0
386678,0,0
157601,0,0
105113,0,0
10467,0,0
-779040,0,0
-380183,0,0
-209819,0,0
-204740,0,0
-47416,0,0
-59995,0,0
-217116,0,0
-21199,0,0
-342162,0,0
-563748,0,0
-88231,0,0
-389448,0,0
-440621,0,0
-262535,0,0
-10414,0,0
-99055,0,0
-50880,0,0
-655801,0,0
-343682,0,0
60789,0,0
-303419,0,0
-167078,0,0
-156587,0,0
-292335,0,0
-136819,0,0
-32174,0,0
-64163,0,0
231345,0,0
-52471,0,0
-323321,0,0
309364,0,0
1014,0,0
-75703,0,0
108592,0,0
229610,0,0
286457,0,0
316995,0,0
-57133,0,0
128307,0,0
360722,0,0
-13106,0,0
338652,0,0
163160,0,0
25308,0,0
257977,0,0
226578,0,0
-77152,0,0
310118,0,0
129745,0,0
47402,0,0
510053,0,0
-373985,0,0
-552513,0,0
-36491,0,0
-79124,0,0
-243088,0,0
166987,0,0
-169368,0,0
13670,0,0
-72401,0,0
-767518,0,0
-408019,0,0
-190071,0,0
-359307,0,0
5077,0,0
86333,0,0
-467765,0,0
-320290,0,0
-389840,0,0
-474510,0,0
-66447,0,0
-114555,0,0
36253,0,0
-54518,0,0
-296244,0,0
-185229,0,0
271382,0,0
-96163,0,0
96383,0,0
207193,0,0
-217424,0,0
137758,0,0
78535,0,0
-94933,0,0
198691,0,0
96275,0,0
-82205,0,0
176827,0,0
63475,0,0
-90608,0,0
361070,0,0
215282,0,0
-239061,0,0
-217536,0,0
-33641,0,0
-12352,0,0
27726,0,0
-211149,0,0
196684,0,0
400562,0,0
-167238,0,0
-40297,0,0
-200547,0,0
-42565,0,0
-2672,0,0
-70783,0,0
-423212,0,0
63623,0,0
-108989,0,0
-266067,0,0
248580,0,0
-6284,0,0
112159,0,0
293514,0,0
305482,0,0
-191463,0,0
-378255,0,0
-582710,0,0
-785,0,0
258849,0,0
124122,0,0
402998,0,0
104429,0,0
-24347,0,0
-75412,0,0
-73245,0,0
-191452,0,0
130134,0,0
-25459,0,0
-51080,0,0
233824,0,0
291525,0,0
322055,0,0
222208,0,0
-91473,0,0
-189264,0,0
22862,0,0
-110207,0,0
95645,0,0
208316,0,0
-316063,0,0
106697,0,0
196310,0,0
-63756,0,0
-55708,0,0
90625,0,0
-82774,0,0
167747,0,0
-125926,0,0
-446202,0,0
-236305,0,0
-572333,0,0
-332294,0,0
-211177,0,0
-226953,0,0
-259353,0,0
-51478,0,0
-450696,0,0
-308535,0,0
-360719,0,0
-658290,0,0
-137086,0,0
-306440,0,0
-437079,0,0
-154957,0,0
-190922,0,0
-311836,0,0
-182162,0,0
-296007,0,0
-380509,0,0
57235,0,0
-159196,0,0
-4651,0,0
237356,0,0
45213,0,0
-66818,0,0
122143,0,0
-136069,0,0
25871,0,0
168811,0,0
-57524,0,0
442488,0,0
288840,0,0
228914,0,0
463478,0,0
371628,0,0
-69324,0,0
479041,0,0
364983,0,0
-25625,0,0
333327,0,0
119450,0,0
262910,0,0
349259,0,0
392749,0,0
301994,0,0
293916,0,0
-185664,0,0
26430,0,0
195763,0,0
-154683,0,0
123145,0,0
309163,0,0
26980,0,0
91575,0,0
-64120,0,0
-310851,0,0
-54360,0,0
-185902,0,0
-392810,0,0
85104,0,0
-132840,0,0
-201601,0,0
38286,0,0
-114255,0,0
-46623,0,0
84986,0,0
-418823,0,0
-334403,0,0
-259795,0,0
-620946,0,0
-126562,0,0
93635,0,0
90842,0,0
339768,0,0
79012,0,0
-268069,0,0
-150910,0,0
-375236,0,0
-320298,0,0
373638,0,0
33707,0,0
-4083,0,0
138695,0,0
78313,0,0
-43370,0,0
49382,0,0
-216980,0,0
209458,0,0
206900,0,0
-192235,0,0
149117,0,0
158240,0,0
-21009,0,0
12338,0,0
98930,0,0
-239681,0,0
123227,0,0
-192931,0,0
-168054,0,0
342161,0,0
-88713,0,0
-246330,0,0
-172869,0,0
-129211,0,0
-72641,0,0
99589,0,0
-300581,0,0
-208744,0,0
-113821,0,0
-469923,0,0
-68420,0,0
72179,0,0
-261780,0,0
-41101,0,0
34793,0,0
-425597,0,0
-8806,0,0
-415539,0,0
-430077,0,0
-200698,0,0
-212377,0,0
94030,0,0
465604,0,0
322621,0,0
127478,0,0
250603,0,0
-198059,0,0
34477,0,0
255440,0,0
61379,0,0
409593,0,0
306673,0,0
141967,0,0
560356,0,0
746834,0,0
471557,0,0
611747,0,0
139712,0,0
-85570,0,0
464403,0,0
396921,0,0
384241,0,0
360460,0,0
254440,0,0
52748,0,0
268166,0,0
-196596,0,0
16364,0,0
84961,0,0
-283284,0,0
141374,0,0
-41304,0,0
-374472,0,0
-233481,0,0
-292809,0,0
-545680,0,0
33982,0,0
69425,0,0
-312837,0,0
-216447,0,0
-524601,0,0
-334954,0,0
-187630,0,0
-319435,0,0
-316805,0,0
-197926,0,0
-375090,0,0
-203653,0,0
-10968,0,0
-438039,0,0
-203413,0,0
28054,0,0
-109299,0,0
-17942,0,0
-207539,0,0
-582668,0,0
-282317,0,0
-382213,0,0
-366554,0,0
-14937,0,0
39657,0,0
25732,0,0
-41814,0,0
-290762,0,0
-225973,0,0
-132780,0,0
-325027,0,0
-194698,0,0
34648,0,0
-289054,0,0
211548,0,0
343465,0,0
68932,0,0
-81014,0,0
71817,0,0
-358257,0,0
43427,0,0
10614,0,0
-141023,0,0
364653,0,0
-136461,0,0
5027,0,0
291911,0,0
-111018,0,0
-85988,0,0
167242,0,0
-209359,0,0
-243554,0,0
-34642,0,0
-244341,0,0
117035,0,0
35435,0,0
-172841,0,0
63178,0,0
-51579,0,0
-367382,0,0
-60525,0,0
-97740,0,0
-374835,0,0
8965,0,0
-117400,0,0
7633,0,0
334114,0,0
277933,0,0
49267,0,0
10547,0,0
-342470,0,0
-24453,0,0
120781,0,0
-25828,0,0
316731,0,0
375084,0,0
253515,0,0
386405,0,0
350841,0,0
50548,0,0
548112,0,0
334249,0,0
56853,0,0
525850,0,0
466113,0,0
392972,0,0
314434,0,0
307758,0,0
448413,0,0
373215,0,0
125328,0,0
338058,0,0
626354,0,0
216313,0,0
163638,0,0
121744,0,0
-6934,0,0
474067,0,0
228206,0,0
-155507,0,0
-108758,0,0
-90010,0,0
-190233,0,0
255168,0,0
-73143,0,0
31840,0,0
-33949,0,0
-312306,0,0
-263455,0,0
-180892,0,0
-430974,0,0
17643,0,0
193279,0,0
-217860,0,0
-114003,0,0
-166304,0,0
-285031,0,0
-108966,0,0
-127554,0,0
-489169,0,0
-49565,0,0
-363005,0,0
-519820,0,0
101275,0,0
-124227,0,0
-18253,0,0
128578,0,0
107376,0,0
-416638,0,0
-260247,0,0
-419204,0,0
-26723,0,0
-9625,0,0
-279018,0,0
115208,0,0
-80700,0,0
-280055,0,0
46237,0,0
-64977,0,0
-149453,0,0
158891,0,0
-137485,0,0
-103458,0,0
397342,0,0
-149690,0,0
-179326,0,0
-223776,0,0
-155501,0,0
-22967,0,0
216662,0,0
-205031,0,0
-67204,0,0
61656,0,0
-311992,0,0
-70065,0,0
50647,0,0
99638,0,0
104004,0,0
-163531,0,0
-463692,0,0
28797,0,0
96132,0,0
-517,0,0
190002,0,0
92764,0,0
56103,0,0
185344,0,0
-28624,0,0
-4533,0,0
109656,0,0
6036,0,0
331334,0,0
362973,0,0
26188,0,0
419824,0,0
570971,0,0
108365,0,0
230287,0,0
-88403,0,0
-261007,0,0
271877,0,0
409446,0,0
115832,0,0
341873,0,0
52773,0,0
6594,0,0
36761,0,0
7697,0,0
13803,0,0
-60378,0,0
-363713,0,0
-6443,0,0
252284,0,0
-218936,0,0
-134642,0,0
-251669,0,0
-599646,0,0
-175768,0,0
-217294,0,0
-377624,0,0
-27341,0,0
-245986,0,0
-218133,0,0
-127186,0,0
-468693,0,0
-449817,0,0
-341763,0,0
-308372,0,0
-434216,0,0
-163356,0,0
-322236,0,0
-135028,0,0
-186452,0,0
-367830,0,0
96293,0,0
-84935,0,0
-421321,0,0
-225772,0,0
-290004,0,0
-577854,0,0
-32155,0,0
-102337,0,0
-119628,0,0
307465,0,0
48520,0,0
-44704,0,0
-311109,0,0
-372038,0,0
-252489,0,0
102978,0,0
39507,0,0
209713,0,0
231418,0,0
-277564,0,0
20602,0,0
132305,0,0
6788,0,0
144175,0,0
-71552,0,0
-216766,0,0
101604,0,0
-13671,0,0
-101332,0,0
189596,0,0
23393,0,0
97457,0,0
26079,0,0
-247134,0,0
-269265,0,0
212079,0,0
-195180,0,0
-73055,0,0
120885,0,0
-161973,0,0
185435,0,0
87375,0,0
76757,0,0
50121,0,0
-6243,0,0
-97552,0,0
439232,0,0
43233,0,0
-52420,0,0
341781,0,0
64703,0,0
245589,0,0
475434,0,0
299129,0,0
66327,0,0
265715,0,0
-1041,0,0
279799,0,0
429886,0,0
38649,0,0
187697,0,0
196836,0,0
225839,0,0
451646,0,0
512559,0,0
-60287,0,0
19209,0,0
-278590,0,0
-110141,0,0
370436,0,0
137764,0,0
142196,0,0
95487,0,0
-35819,0,0
21840,0,0
85942,0,0
-306724,0,0
59656,0,0
108333,0,0
-294145,0,0
-198119,0,0
-121410,0,0
-174604,0,0
-87676,0,0
-183308,0,0
-232121,0,0
180062,0,0
-118090,0,0
-260270,0,0
153813,0,0
-207734,0,0
-131375,0,0
-5411,0,0
-264031,0,0
34135,0,0
237419,0,0
-261503,0,0
-12086,0,0
111545,0,0
-312119,0,0
6405,0,0
-46778,0,0
-90531,0,0
219989,0,0
157115,0,0
-101379,0,0
300520,0,0
106024,0,0
-248792,0,0
364818,0,0
58014,0,0
16618,0,0
95421,0,0
-171700,0,0
-25001,0,0
350720,0,0
137247,0,0
396384,0,0
447021,0,0
-59968,0,0
4839,0,0
-100368,0,0
-112882,0,0
355843,0,0
338544,0,0
339291,0,0
430621,0,0
-62061,0,0
-193006,0,0
171248,0,0
-166433,0,0
26587,0,0
331464,0,0
46194,0,0
132165,0,0
197432,0,0
-195505,0,0
49714,0,0
494951,0,0
123798,0,0
197277,0,0
-134471,0,0
-169928,0,0
107812,0,0
20879,0,0
-121678,0,0
152151,0,0
21171,0,0
-217345,0,0
240415,0,0
131183,0,0
-4445,0,0
50255,0,0
-210372,0,0
-139063,0,0
19430,0,0
-206407,0,0
35705,0,0
273428,0,0
-307211,0,0
-152325,0,0
-77197,0,0
-13751,0,0
300353,0,0
-65791,0,0
-271196,0,0
-123305,0,0
4528,0,0
-127668,0,0
275839,0,0
431,0,0
67432,0,0
36323,0,0
-168482,0,0
45258,0,0
351469,0,0
63650,0,0
190936,0,0
320570,0,0
-154796,0,0
-107942,0,0
7688,0,0
-55427,0,0
509985,0,0
423132,0,0
14116,0,0
296463,0,0
133163,0,0
-259090,0,0
156919,0,0
-933,0,0
160458,0,0
348665,0,0
215746,0,0
174522,0,0
318162,0,0
-100886,0,0
79885,0,0
239161,0,0
-76839,0,0
118926,0,0
121925,0,0
-69789,0,0
287656,0,0
182052,0,0
-43271,0,0
428455,0,0
-7027,0,0
-377051,0,0
129195,0,0
134678,0,0
147680,0,0
447289,0,0
120542,0,0
67618,0,0
183511,0,0
-91423,0,0
-5443,0,0
219215,0,0
-406,0,0
231317,0,0
191309,0,0
-124220,0,0
67114,0,0
146474,0,0
-106657,0,0
201720,0,0
260893,0,0
411781,0,0
415363,0,0
-353224,0,0
-197498,0,0
79761,0,0
19441,0,0
210649,0,0
350351,0,0
-87290,0,0
16262,0,0
204863,0,0
-48333,0,0
276116,0,0
55456,0,0
169358,0,0
413530,0,0
232987,0,0
-202618,0,0
-5163,0,0
32056,0,0
-71396,0,0
291683,0,0
45104,0,0
-126994,0,0
344875,0,0
195488,0,0
1988,0,0
83642,0,0
-75300,0,0
239123,0,0
316767,0,0
-215045,0,0
134877,0,0
222550,0,0
131357,0,0
122441,0,0
28756,0,0
-221416,0,0
259552,0,0
125040,0,0
66041,0,0
513282,0,0
116948,0,0
-154010,0,0
-31736,0,0
105611,0,0
181825,0,0
375876,0,0
-177651,0,0
-70228,0,0
160802,0,0
-179471,0,0
181836,0,0
172210,0,0
49881,0,0
63440,0,0
-12048,0,0
-329173,0,0
693,0,0
-56302,0,0
79333,0,0
396628,0,0
26320,0,0
-221167,0,0
-4182,0,0
-8996,0,0
-26011,0,0
102611,0,0
-251120,0,0
-50636,0,0
173858,0,0
-64349,0,0
403381,0,0
210550,0,0
-38483,0,0
191089,0,0
1518,0,0
-176981,0,0
79395,0,0
135462,0,0
-86471,0,0
240459,0,0
238903,0,0
186640,0,0
442738,0,0
-40512,0,0
-134747,0,0
215620,0,0
-85931,0,0
9455,0,0
307349,0,0
56132,0,0
198885,0,0
177779,0,0
4316,0,0
283304,0,0
159170,0,0
-218859,0,0
131838,0,0
-68807,0,0
-78789,0,0
370875,0,0
14218,0,0
-197280,0,0
-104226,0,0
-276106,0,0
-157672,0,0
93391,0,0
-276528,0,0
-58176,0,0
173334,0,0
-300135,0,0
-11682,0,0
-77493,0,0
-453759,0,0
-228456,0,0
-332955,0,0
-462516,0,0
188069,0,0
-137659,0,0
-350268,0,0
-85396,0,0
-310633,0,0
-268799,0,0
-121967,0,0
-326653,0,0
-361146,0,0
-161274,0,0
-317882,0,0
-10335,0,0
24994,0,0
-299813,0,0
-37440,0,0
-85375,0,0
-305214,0,0
-136915,0,0
23098,0,0
-57364,0,0
169508,0,0
-105510,0,0
-198796,0,0
191230,0,0
-138283,0,0
7799,0,0
301627,0,0
31501,0,0
-112823,0,0
103736,0,0
-101663,0,0
-36441,0,0
333894,0,0
-71588,0,0
108484,0,0
-2642,0,0
-244940,0,0
40048,0,0
-57544,0,0
-295944,0,0
169739,0,0
244015,0,0
-54882,0,0
142516,0,0
-280935,0,0
-310636,0,0
-102428,0,0
-135936,0,0
126772,0,0
194667,0,0
-251644,0,0
-127187,0,0
-52701,0,0
-325292,0,0
-199663,0,0
-112004,0,0
-310600,0,0
-187404,0,0
-116841,0,0
-157447,0,0
-217317,0,0
-390251,0,0
-383559,0,0
-131628,0,0
-322505,0,0
-258709,0,0
-129060,0,0
-446525,0,0
-475837,0,0
-324696,0,0
-350546,0,0
-225328,0,0
60018,0,0
-216095,0,0
-213581,0,0
-334092,0,0
-495976,0,0
-204852,0,0
-365971,0,0
-585931,0,0
-101327,0,0
-150521,0,0
-212891,0,0
102715,0,0
-66129,0,0
-97151,0,0
-109836,0,0
-381782,0,0
-328685,0,0
-85701,0,0
-388385,0,0
-77919,0,0
40260,0,0
-185883,0,0
181841,0,0
61800,0,0
-79419,0,0
81582,0,0
32532,0,0
-304982,0,0
135014,0,0
-158453,0,0
-260257,0,0
80624,0,0
-17033,0,0
162002,0,0
311716,0,0
87548,0,0
-46012,0,0
10579,0,0
-329789,0,0
58797,0,0
181859,0,0
195006,0,0
698946,0,0
240312,0,0
-145247,0,0
-36620,0,0
-50324,0,0
-83760,0,0
230127,0,0
169387,0,0
145510,0,0
364530,0,0
87826,0,0
91317,0,0
13024,0,0
-48663,0,0
245368,0,0
363765,0,0
-213995,0,0
-110402,0,0
2818,0,0
-172367,0,0
138440,0,0
164983,0,0
-60736,0,0
98264,0,0
49132,0,0
-102681,0,0
259564,0,0
13984,0,0
-310070,0,0
24857,0,0
-49043,0,0
85122,0,0
161260,0,0
782,0,0
-51095,0,0
108696,0,0
-284323,0,0
-117168,0,0
92745,0,0
92809,0,0
503013,0,0
426966,0,0
-222783,0,0
-7183,0,0
-81436,0,0
-73612,0,0
371483,0,0
294377,0,0
118889,0,0
547666,0,0
213279,0,0
-9427,0,0
99030,0,0
230177,0,0
419870,0,0
550702,0,0
192954,0,0
62719,0,0
252756,0,0
-130069,0,0
195636,0,0
197326,0,0
-136703,0,0
131052,0,0
281479,0,0
74369,0,0
176076,0,0
87032,0,0
-184225,0,0
138317,0,0
-62410,0,0
-56889,0,0
97563,0,0
20720,0,0
169878,0,0
95511,0,0
-365049,0,0
-52240,0,0
322103,0,0
-103861,0,0
162559,0,0
95629,0,0
-169163,0,0
121539,0,0
84777,0,0
-107267,0,0
226637,0,0
-55062,0,0
-235840,0,0
172422,0,0
179234,0,0
-162238,0,0
-2222,0,0
21073,0,0
-41281,0,0
142520,0,0
-128907,0,0
-14438,0,0
74536,0,0
-286273,0,0
-20269,0,0
121922,0,0
-265110,0,0
-11320,0,0
-176799,0,0
-346873,0,0
254166,0,0
108468,0,0
-262626,0,0
36638,0,0
-202282,0,0
-166454,0,0
-4093,0,0
30200,0,0
-155785,0,0
-103462,0,0
-364424,0,0
-103255,0,0
125500,0,0
-315898,0,0
-50087,0,0
-51903,0,0
-115345,0,0
119385,0,0
3454,0,0
-206485,0,0
-63291,0,0
-182648,0,0
-76733,0,0
120531,0,0
-148694,0,0
-327545,0,0
-60638,0,0
-213498,0,0
-93773,0,0
58471,0,0
-275692,0,0
71984,0,0
123027,0,0
-111236,0,0
170464,0,0
-36742,0,0
-168006,0,0
-48685,0,0
-392209,0,0
-428485,0,0
-6946,0,0
7023,0,0
-18688,0,0
272293,0,0
-143875,0,0
-336214,0,0
-179194,0,0
-8280,0,0
100055,0,0
61513,0,0
-254074,0,0
58020,0,0
194252,0,0
-154520,0,0
12163,0,0
58098,0,0
-36297,0,0
87920,0,0
24768,0,0
-62426,0,0
231695,0,0
46704,0,0
49864,0,0
263801,0,0
-126237,0,0
-165969,0,0
117229,0,0
913,0,0
-2726,0,0
121896,0,0
-185499,0,0
-85229,0,0
9565,0,0
-267291,0,0
227825,0,0
155088,0,0
-301723,0,0
-13719,0,0
303389,0,0
161904,0,0
112670,0,0
-159350,0,0
-283194,0,0
139555,0,0
106164,0,0
365954,0,0
367168,0,0
34405,0,0
-49678,0,0
308789,0,0
130282,0,0
192400,0,0
154569,0,0
-28631,0,0
191127,0,0
322926,0,0
113443,0,0
376726,0,0
116533,0,0
-170947,0,0
111719,0,0
133402,0,0
68306,0,0
273610,0,0
-87091,0,0
21593,0,0
123909,0,0
-118491,0,0
51407,0,0
185111,0,0
-162842,0,0
47170,0,0
72624,0,0
-221543,0,0
-49151,0,0
-59085,0,0
-262401,0,0
-111789,0,0
-165045,0,0
-251979,0,0
-64866,0,0
-262884,0,0
-432756,0,0
587,0,0
-174142,0,0
-229747,0,0
-124699,0,0
-291934,0,0
-213933,0,0
-150152,0,0
-488012,0,0
-395950,0,0
-144988,0,0
-102240,0,0
306433,0,0
233684,0,0
66893,0,0
184665,0,0
-164384,0,0
-500870,0,0
21311,0,0
68328,0,0
59097,0,0
572522,0,0
344873,0,0
152556,0,0
202287,0,0
-27525,0,0
-9775,0,0
249381,0,0
27369,0,0
467086,0,0
422204,0,0
174169,0,0
536908,0,0
714923,0,0
197441,0,0
-23048,0,0
-70145,0,0
-101024,0,0
481806,0,0
398641,0,0
294572,0,0
609679,0,0
350135,0,0
286024,0,0
550174,0,0
49124,0,0
913,0,0
265441,0,0
-58124,0,0
198395,0,0
663952,0,0
286188,0,0
459988,0,0
328464,0,0
-96934,0,0
184504,0,0
79971,0,0
20605,0,0
291409,0,0
222169,0,0
-92935,0,0
215613,0,0
49313,0,0
78463,0,0
389477,0,0
159338,0,0
86697,0,0
82437,0,0
-309297,0,0
-117144,0,0
10715,0,0
-180123,0,0
74912,0,0
83830,0,0
-123592,0,0
-66497,0,0
-130479,0,0
-415599,0,0
106247,0,0
-91905,0,0
-230756,0,0
-59805,0,0
-358405,0,0
-336657,0,0
-192800,0,0
-155674,0,0
-256635,0,0
-287566,0,0
-393134,0,0
-270263,0,0
-96779,0,0
-302368,0,0
22287,0,0
-134599,0,0
-432698,0,0
-399414,0,0
-216007,0,0
-356620,0,0
-161116,0,0
-260721,0,0
-473791,0,0
15516,0,0
-155476,0,0
-210487,0,0
-35633,0,0
-335288,0,0
-95419,0,0
-5492,0,0
-231615,0,0
-168296,0,0
65548,0,0
-109177,0,0
9388,0,0
-76315,0,0
-330822,0,0
-31637,0,0
129832,0,0
225088,0,0
540606,0,0
106810,0,0
-146830,0,0
157681,0,0
87301,0,0
120340,0,0
181549,0,0
269502,0,0
466092,0,0
485006,0,0
64542,0,0
217206,0,0
233153,0,0
-151142,0,0
277611,0,0
524525,0,0
327853,0,0
279468,0,0
169954,0,0
-32650,0,0
247204,0,0
65799,0,0
-136860,0,0
239131,0,0
66267,0,0
-19539,0,0
127746,0,0
-133325,0,0
-135307,0,0
18551,0,0
-246777,0,0
40427,0,0
219401,0,0
-174422,0,0
-183789,0,0
-40999,0,0
-136199,0,0
-221384,0,0
-329073,0,0
-414321,0,0
-160188,0,0
4694,0,0
-209280,0,0
223703,0,0
-43544,0,0
-174634,0,0
-200777,0,0
-492309,0,0
-390222,0,0
-220717,0,0
-286643,0,0
-34293,0,0
211121,0,0
-281318,0,0
-268208,0,0
-260448,0,0
-325050,0,0
-164790,0,0
-206422,0,0
-445855,0,0
-66855,0,0
-288017,0,0
-196537,0,0
149812,0,0
-114756,0,0
-235392,0,0
-30586,0,0
-310186,0,0
-172196,0,0
116101,0,0
-290557,0,0
-59572,0,0
39102,0,0
-240922,0,0
105601,0,0
293969,0,0
-99095,0,0
5094,0,0
-48177,0,0
-158071,0,0
355082,0,0
215540,0,0
247464,0,0
232953,0,0
85043,0,0
-33042,0,0
349073,0,0
47197,0,0
256871,0,0
424825,0,0
144707,0,0
260954,0,0
348130,0,0
43466,0,0
214038,0,0
208945,0,0
130338,0,0
459411,0,0
232740,0,0
-57225,0,0
265335,0,0
267195,0,0
245510,0,0
395199,0,0
-18649,0,0
-112622,0,0
204049,0,0
46433,0,0
156976,0,0
157923,0,0
-343280,0,0
-67620,0,0
321561,0,0
56815,0,0
118389,0,0
89715,0,0
134473,0,0
338022,0,0
-116630,0,0
-497938,0,0
-269031,0,0
-168938,0,0
-95441,0,0
85127,0,0
-114422,0,0
19981,0,0
103618,0,0
-245787,0,0
-431405,0,0
-75152,0,0
-313944,0,0
-145293,0,0
-87067,0,0
-203603,0,0
-16874,0,0
-142792,0,0
-256410,0,0
-115298,0,0
-190523,0,0
-360627,0,0
91437,0,0
-111841,0,0
-223050,0,0
57788,0,0
-177574,0,0
-230288,0,0
192727,0,0
28907,0,0
1641,0,0
-78608,0,0
-257957,0,0
-12269,0,0
28388,0,0
-313804,0,0
-11626,0,0
19123,0,0
-51156,0,0
114493,0,0
-81891,0,0
-135753,0,0
186803,0,0
-129289,0,0
-256890,0,0
72914,0,0
-146399,0,0
-41468,0,0
123982,0,0
-63392,0,0
-16752,0,0
184928,0,0
-19273,0,0
77897,0,0
42585,0,0
-122096,0,0
173155,0,0
417970,0,0
36038,0,0
189530,0,0
57969,0,0
-100479,0,0
123831,0,0
197068,0,0
197980,0,0
541345,0,0
94867,0,0
-136890,0,0
57238,0,0
18222,0,0
286827,0,0
383825,0,0
241803,0,0
295136,0,0
218667,0,0
-78412,0,0
10881,0,0
-19902,0,0
-95412,0,0
196403,0,0
85228,0,0
-54386,0,0
437144,0,0
229246,0,0
-53224,0,0
96768,0,0
-196633,0,0
-266008,0,0
50336,0,0
-175658,0,0
-51913,0,0
77685,0,0
-311001,0,0
-261503,0,0
-62392,0,0
-138469,0,0
35473,0,0
-143358,0,0
-314677,0,0
-282803,0,0
-272645,0,0
-281990,0,0
-134530,0,0
-387006,0,0
-344408,0,0
144680,0,0
-131225,0,0
-423440,0,0
-239409,0,0
-415683,0,0
-146052,0,0
240408,0,0
-17224,0,0
-155866,0,0
-102102,0,0
-498280,0,0
-99831,0,0
-16571,0,0
-215745,0,0
-130216,0,0
-97987,0,0
-186912,0,0
54717,0,0
-17001,0,0
-79128,0,0
55435,0,0
-275504,0,0
-235374,0,0
82078,0,0
-104137,0,0
29855,0,0
3450,0,0
-142485,0,0
43782,0,0
11608,0,0
-216972,0,0
-94606,0,0
21037,0,0
-42349,0,0
377156,0,0
159702,0,0
-281020,0,0
290001,0,0
125206,0,0
-153360,0,0
14153,0,0
-152875,0,0
-79042,0,0
98881,0,0
132998,0,0
156071,0,0
228984,0,0
-242478,0,0
-50254,0,0
170813,0,0
-121417,0,0
282456,0,0
272798,0,0
-43228,0,0
133616,0,0
104043,0,0
-101679,0,0
267646,0,0
36983,0,0
-211255,0,0
190083,0,0
29778,0,0
50101,0,0
340721,0,0
42192,0,0
71650,0,0
101027,0,0
-73373,0,0
184072,0,0
98860,0,0
-242755,0,0
-49506,0,0
119949,0,0
-70656,0,0
103495,0,0
-113443,0,0
-107911,0,0
57452,0,0
-15212,0,0
-123910,0,0
-85338,0,0
-309339,0,0
-233921,0,0
159112,0,0
-47010,0,0
-201669,0,0
-179244,0,0
6986,0,0
45048,0,0
-142081,0,0
-586114,0,0
-297963,0,0
-241746,0,0
-129916,0,0
201244,0,0
-238242,0,0
-256123,0,0
-60943,0,0
-229964,0,0
-355046,0,0
-112232,0,0
-192996,0,0
-88656,0,0
-149410,0,0
-400063,0,0
-110704,0,0
94041,0,0
-265005,0,0
-163035,0,0
-114702,0,0
-400981,0,0
-40463,0,0
49790,0,0
-104621,0,0
-21125,0,0
-192411,0,0
-331449,0,0
-10419,0,0
39711,0,0
-44059,0,0
160441,0,0
-157748,0,0
-193086,0,0
-82652,0,0
-74724,0,0
28592,0,0
267660,0,0
-128216,0,0
-102768,0,0
102769,0,0
-221650,0,0
10858,0,0
222321,0,0
-68470,0,0
-47855,0,0
-206176,0,0
-149089,0,0
282839,0,0
-35971,0,0
-145329,0,0
123654,0,0
8316,0,0
-154651,0,0
165526,0,0
-269667,0,0
-84582,0,0
-7956,0,0
-131911,0,0
32512,0,0
43797,0,0
-235033,0,0
-50083,0,0
82622,0,0
-83976,0,0
196891,0,0
-90162,0,0
-274162,0,0
-15828,0,0
180126,0,0
-183871,0,0
149220,0,0
-133857,0,0
-220349,0,0
-188195,0,0
-80498,0,0
269154,0,0
346921,0,0
-110318,0,0
-111683,0,0
-80834,0,0
-285793,0,0
148256,0,0
215751,0,0
-99273,0,0
205737,0,0
142030,0,0
68535,0,0
219744,0,0
-53112,0,0
-153199,0,0
267117,0,0
34545,0,0
80766,0,0
296642,0,0
278603,0,0
189094,0,0
377896,0,0
134759,0,0
260871,0,0
200248,0,0
-78110,0,0
80523,0,0
172514,0,0
207224,0,0
431777,0,0
177578,0,0
45741,0,0
154831,0,0
-17710,0,0
-48818,0,0
140568,0,0
22164,0,0
-132591,0,0
150945,0,0
47726,0,0
-71909,0,0
-91773,0,0
-204910,0,0
145974,0,0
181037,0,0
-229449,0,0
-51259,0,0
-232586,0,0
-323159,0,0
24201,0,0
-42319,0,0
-104061,0,0
158097,0,0
-109707,0,0
-244976,0,0
169521,0,0
-55874,0,0
-98065,0,0
-136365,0,0
-293896,0,0
-89564,0,0
34193,0,0
-300545,0,0
-22696,0,0
180462,0,0
-262278,0,0
111227,0,0
123772,0,0
-170772,0,0
-11448,0,0
-198375,0,0
-431498,0,0
-22623,0,0
22402,0,0
-226374,0,0
105301,0,0
31116,0,0
4076,0,0
127743,0,0
-139673,0,0
27899,0,0
6369,0,0
-185720,0,0
-187364,0,0
-87706,0,0
-216061,0,0
-107103,0,0
24054,0,0
-36315,0,0
1413,0,0
-62067,0,0
27014,0,0
204952,0,0
-138433,0,0
-310392,0,0
-169915,0,0
-287583,0,0
-403428,0,0
161357,0,0
119351,0,0
82423,0,0
47810,0,0
-159212,0,0
-22539,0,0
-145461,0,0
-385033,0,0
95648,0,0
311171,0,0
206727,0,0
255972,0,0
-50889,0,0
-395148,0,0
152842,0,0
64724,0,0
11554,0,0
387887,0,0
81203,0,0
122126,0,0
179059,0,0
34131,0,0
135739,0,0
39634,0,0
-199518,0,0
127392,0,0
358711,0,0
26401,0,0
104864,0,0
376519,0,0
298692,0,0
490788,0,0
97188,0,0
-145886,0,0
10269,0,0
74846,0,0
150412,0,0
506596,0,0
347215,0,0
192623,0,0
280040,0,0
57431,0,0
231120,0,0
433672,0,0
194138,0,0
246207,0,0
216271,0,0
65512,0,0
147197,0,0
280028,0,0
121266,0,0
202975,0,0
90836,0,0
156306,0,0
405139,0,0
-12808,0,0
-112244,0,0
344928,0,0
322562,0,0
155440,0,0
198990,0,0
-44794,0,0
98121,0,0
109542,0,0
-177209,0,0
26851,0,0
138481,0,0
-18601,0,0
67899,0,0
157726,0,0
-100828,0,0
229541,0,0
194773,0,0
-56246,0,0
-168163,0,0
-264423,0,0
-181156,0,0
60761,0,0
-75290,0,0
-222866,0,0
143790,0,0
-18495,0,0
52895,0,0
44556,0,0
-326778,0,0
-157252,0,0
-175962,0,0
-110238,0,0
229472,0,0
304604,0,0
-149043,0,0
-137516,0,0
-318483,0,0
-299700,0,0
-4726,0,0
-82815,0,0
-194631,0,0
161067,0,0
122827,0,0
170750,0,0
39517,0,0
-173099,0,0
-8920,0,0
92822,0,0
-112899,0,0
28294,0,0
139672,0,0
-16803,0,0
206808,0,0
191420,0,0
125849,0,0
269681,0,0
16533,0,0
-78232,0,0
150143,0,0
50143,0,0
-1452,0,0
451301,0,0
295082,0,0
22494,0,0
159286,0,0
11956,0,0
96613,0,0
201060,0,0
85972,0,0
198042,0,0
159316,0,0
-20486,0,0
14664,0,0
89706,0,0
40763,0,0
223577,0,0
205230,0,0
37356,0,0
282581,0,0
-37336,0,0
-78695,0,0
169900,0,0
166607,0,0
112554,0,0
206908,0,0
-32370,0,0
-48419,0,0
-75607,0,0
-277770,0,0
-7217,0,0
248307,0,0
-28079,0,0
127375,0,0
327242,0,0
-31942,0,0
112000,0,0
95431,0,0
128780,0,0
63166,0,0
-236330,0,0
-187411,0,0
148380,0,0
311575,0,0
307962,0,0
353811,0,0
-12432,0,0
33192,0,0
55248,0,0
-67127,0,0
73228,0,0
295139,0,0
203255,0,0
282410,0,0
193103,0,0
-90009,0,0
-85437,0,0
-35136,0,0
-29013,0,0
130766,0,0
-104784,0,0
-176269,0,0
119328,0,0
276131,0,0
159091,0,0
276313,0,0
44569,0,0
72836,0,0
-95269,0,0
-417100,0,0
-5731,0,0
46082,0,0
-24139,0,0
153232,0,0
266718,0,0
-205386,0,0
-132078,0,0
-67405,0,0
-37652,0,0
195248,0,0
-144627,0,0
-263393,0,0
-70519,0,0
-63397,0,0
-115600,0,0
4852,0,0
-281983,0,0
-233028,0,0
-147044,0,0
-200795,0,0
189735,0,0
109322,0,0
-69218,0,0
-14193,0,0
-185863,0,0
-291374,0,0
-106972,0,0
-153054,0,0
-212089,0,0
2411,0,0
-168347,0,0
52974,0,0
165781,0,0
-32391,0,0
-239009,0,0
-97426,0,0
-145693,0,0
-10536,0,0
61038,0,0
-42532,0,0
277747,0,0
47499,0,0
-107624,0,0
-60122,0,0
26301,0,0
-102285,0,0
12187,0,0
96551,0,0
65980,0,0
261217,0,0
244230,0,0
107615,0,0
169725,0,0
-79633,0,0
-246968,0,0
25685,0,0
-21526,0,0
131211,0,0
88538,0,0
-129741,0,0
-62556,0,0
-202728,0,0
-216243,0,0
-5322,0,0
-34221,0,0
-386401,0,0
-188341,0,0
-358304,0,0
-458567,0,0
-228480,0,0
-435082,0,0
-484247,0,0
-314012,0,0
-191734,0,0
-367122,0,0
-358398,0,0
-723897,0,0
-700372,0,0
-485296,0,0
-608093,0,0
-455372,0,0
-283402,0,0
-417051,0,0
-320540,0,0
-212934,0,0
-348452,0,0
-310219,0,0
-511802,0,0
-495684,0,0
-124223,0,0
-169200,0,0
-294038,0,0
-178567,0,0
-127792,0,0
-65173,0,0
299446,0,0
-119024,0,0
-152548,0,0
-40733,0,0
51939,0,0
292707,0,0
186517,0,0
-79493,0,0
151614,0,0
104720,0,0
-183016,0,0
338357,0,0
313553,0,0
59102,0,0
340390,0,0
84482,0,0
-78879,0,0
164664,0,0
218410,0,0
167270,0,0
470670,0,0
354470,0,0
397784,0,0
518578,0,0
145150,0,0
112969,0,0
94858,0,0
324982,0,0
481009,0,0
521165,0,0
475900,0,0
620909,0,0
230857,0,0
224721,0,0
411996,0,0
300063,0,0
372605,0,0
712172,0,0
552368,0,0
221242,0,0
342026,0,0
206750,0,0
388352,0,0
374639,0,0
64205,0,0
488771,0,0
388447,0,0
262883,0,0
398739,0,0
282267,0,0
165913,0,0
474079,0,0
258018,0,0
129386,0,0
233027,0,0
147867,0,0
147403,0,0
239654,0,0
72662,0,0
-65733,0,0
96952,0,0
38523,0,0
215718,0,0
251458,0,0
-53731,0,0
-53722,0,0
-243835,0,0
-239229,0,0
-156540,0,0
-134266,0,0
-282719,0,0
-220467,0,0
-382564,0,0
-225522,0,0
26051,0,0
-312275,0,0
-274910,0,0
-112027,0,0
-504775,0,0
-564438,0,0
-101336,0,0
-306146,0,0
-421238,0,0
-378818,0,0
-387726,0,0
-104456,0,0
-147429,0,0
-417485,0,0
-217875,0,0
-216237,0,0
-279794,0,0
164943,0,0
-18640,0,0
-311105,0,0
-278175,0,0
-435522,0,0
-276582,0,0
-40990,0,0
-152528,0,0
-262792,0,0
-46363,0,0
-36723,0,0
117906,0,0
20787,0,0
-247524,0,0
-75472,0,0
-231255,0,0
-290120,0,0
31201,0,0
323585,0,0
116259,0,0
185950,0,0
-251579,0,0
-126517,0,0
206980,0,0
102151,0,0
-10115,0,0
-3026,0,0
53405,0,0
75628,0,0
408193,0,0
355060,0,0
495216,0,0
319692,0,0
68416,0,0
-3831,0,0
-72905,0,0
-120847,0,0
45902,0,0
456072,0,0
250393,0,0
422381,0,0
157699,0,0
9354,0,0
313968,0,0
105925,0,0
-92853,0,0
116470,0,0
15848,0,0
-103716,0,0
87915,0,0
166385,0,0
369644,0,0
85622,0,0
-190573,0,0
-7706,0,0
-109921,0,0
-238948,0,0
-81144,0,0
86415,0,0
123775,0,0
317022,0,0
-26913,0,0
-87108,0,0
225,0,0
-233811,0,0
-222269,0,0
53747,0,0
-20476,0,0
-189659,0,0
50471,0,0
-123896,0,0
-31071,0,0
12411,0,0
-166411,0,0
-39853,0,0
-88011,0,0
-155635,0,0
-139223,0,0
-129114,0,0
-322038,0,0
-59322,0,0
-153188,0,0
-138902,0,0
35243,0,0
-148302,0,0
-307982,0,0
-32813,0,0
-27527,0,0
-198332,0,0
-187520,0,0
-282207,0,0
-39799,0,0
86307,0,0
-58505,0,0
-3038,0,0
-54941,0,0
-194157,0,0
-165178,0,0
-85991,0,0
-83780,0,0
179833,0,0
-115876,0,0
-52739,0,0
-48979,0,0
-175810,0,0
-67063,0,0
5784,0,0
-91447,0,0
-41812,0,0
279853,0,0
23559,0,0
42878,0,0
49848,0,0
-121765,0,0
122698,0,0
21669,0,0
-269078,0,0
-16565,0,0
172833,0,0
3434,0,0
132161,0,0
-183714,0,0
31837,0,0
135276,0,0
126856,0,0
105900,0,0
97761,0,0
64881,0,0
-239807,0,0
83475,0,0
12028,0,0
47979,0,0
82463,0,0
223584,0,0
320651,0,0
73985,0,0
-144332,0,0
-59275,0,0
87768,0,0
17646,0,0
494793,0,0
338369,0,0
-57641,0,0
102576,0,0
53292,0,0
22991,0,0
219175,0,0
-108922,0,0
-313833,0,0
30300,0,0
46544,0,0
366271,0,0
335012,0,0
-239607,0,0
-255911,0,0
-175512,0,0
-273414,0,0
46855,0,0
331145,0,0
-69044,0,0
-62136,0,0
-285029,0,0
-303886,0,0
-23822,0,0
-216148,0,0
-52609,0,0
112432,0,0
-17325,0,0
-356074,0,0
-176524,0,0
-271135,0,0
-135033,0,0
-159916,0,0
-221688,0,0
5289,0,0
10571,0,0
-205648,0,0
-101036,0,0
-121282,0,0
-297433,0,0
-104899,0,0
-126668,0,0
-271643,0,0
-134698,0,0
-235086,0,0
-293837,0,0
15368,0,0
156060,0,0
-242616,0,0
-52969,0,0
-402400,0,0
-122770,0,0
-136400,0,0
-186833,0,0
-190163,0,0
-183107,0,0
-62645,0,0
4686,0,0
6967,0,0
-354877,0,0
-127531,0,0
-965,0,0
96639,0,0
71153,0,0
-234583,0,0
-263703,0,0
-107729,0,0
-118406,0,0
-163562,0,0
110698,0,0
-80881,0,0
37643,0,0
-40317,0,0
-88905,0,0
65169,0,0
-44216,0,0
-186319,0,0
-238555,0,0
-54044,0,0
-215715,0,0
-82349,0,0
-231065,0,0
-82826,0,0
