67928,0,0
133345,0,0
-311735,0,0
-439313,0,0
-193216,0,0
-183016,0,0
-120232,0,0
-13770,0,0
162686,0,0
15633,0,0
79400,0,0
-133086,0,0
-186854,0,0
-123117,0,0
-184166,0,0
-23440,0,0
89255,0,0
-36100,0,0
-189480,0,0
-84774,0,0
-295893,0,0
-88413,0,0
-62600,0,0
-114136,0,0
151535,0,0
-25627,0,0
-154577,0,0
-18690,0,0
27410,0,0
-29335,0,0
19502,0,0
-109939,0,0
-158755,0,0
-215254,0,0
-234592,0,0
2263,0,0
243711,0,0
386208,0,0
154972,0,0
5038,0,0
92420,0,0
259200,0,0
156654,0,0
-102306,0,0
142150,0,0
-20079,0,0
8880,0,0
275043,0,0
75193,0,0
262562,0,0
436832,0,0
128069,0,0
-4490,0,0
1899,0,0
-14344,0,0
228962,0,0
255743,0,0
184801,0,0
9578,0,0
20172,0,0
-131758,0,0
-17566,0,0
27488,0,0
89107,0,0
734921,0,0
47898,0,0
-99039,0,0
-109282,0,0
-114139,0,0
4643,0,0
95477,0,0
1674,0,0
-156414,0,0
-43569,0,0
-195347,0,0
112805,0,0
-23130,0,0
-96536,0,0
60278,0,0
239053,0,0
54080,0,0
-68727,0,0
-430086,0,0
-453280,0,0
6583,0,0
172222,0,0
205603,0,0
235982,0,0
122025,0,0
-115014,0,0
68521,0,0
93811,0,0
37934,0,0
213890,0,0
8093,0,0
173427,0,0
263758,0,0
155355,0,0
149298,0,0
219095,0,0
-96517,0,0
119592,0,0
254313,0,0
233635,0,0
235972,0,0
-121042,0,0
-87763,0,0
192513,0,0
177975,0,0
97785,0,0
238520,0,0
3407,0,0
-115208,0,0
-2116,0,0
-255307,0,0
63595,0,0
249827,0,0
120272,0,0
-89685,0,0
-191285,0,0
-157662,0,0
21397,0,0
-5724,0,0
-9888,0,0
90038,0,0
164859,0,0
55374,0,0
18613,0,0
-79148,0,0
-173276,0,0
-10911,0,0
-139163,0,0
-118964,0,0
101253,0,0
112205,0,0
165387,0,0
185513,0,0
-18966,0,0
-84219,0,0
-196343,0,0
-304108,0,0
-122721,0,0
-41783,0,0
40007,0,0
37285,0,0
-253556,0,0
-79875,0,0
45836,0,0
-794,0,0
-157404,0,0
25288,0,0
-95940,0,0
-131216,0,0
-203864,0,0
-226299,0,0
-141169,0,0
7378,0,0
-109201,0,0
-268462,0,0
-99033,0,0
-222146,0,0
-150181,0,0
53013,0,0
-107870,0,0
-92503,0,0
-278217,0,0
37431,0,0
69884,0,0
-158762,0,0
-213373,0,0
-160435,0,0
-403932,0,0
-305592,0,0
-62295,0,0
-119280,0,0
-57589,0,0
71816,0,0
146597,0,0
62706,0,0
191144,0,0
-216487,0,0
-250970,0,0
-192661,0,0
-115197,0,0
101221,0,0
-22248,0,0
-63067,0,0
23372,0,0
-45324,0,0
-83809,0,0
125294,0,0
-63885,0,0
-106955,0,0
-188694,0,0
-464143,0,0
-172029,0,0
-103337,0,0
-80843,0,0
199019,0,0
390791,0,0
-43197,0,0
-278464,0,0
-449762,0,0
-343854,0,0
30611,0,0
-52949,0,0
-98508,0,0
24478,0,0
-32338,0,0
-31109,0,0
97220,0,0
-169208,0,0
54101,0,0
86506,0,0
-202570,0,0
-170964,0,0
-163468,0,0
8489,0,0
65341,0,0
-91121,0,0
-332261,0,0
-131930,0,0
-145458,0,0
-127147,0,0
165122,0,0
83360,0,0
-107871,0,0
-173349,0,0
-274512,0,0
-245866,0,0
27519,0,0
31135,0,0
-33685,0,0
59521,0,0
-173722,0,0
-117190,0,0
-88559,0,0
-131898,0,0
-157290,0,0
-193095,0,0
-74209,0,0
4463,0,0
37082,0,0
-214783,0,0
-99820,0,0
-371338,0,0
-300064,0,0
-102353,0,0
-19531,0,0
-5656,0,0
-75462,0,0
-215414,0,0
-154952,0,0
179645,0,0
-292316,0,0
-178294,0,0
-147988,0,0
-241359,0,0
-166723,0,0
-23234,0,0
-121512,0,0
6458,0,0
9034,0,0
-255154,0,0
-43192,0,0
-287071,0,0
-69810,0,0
-50171,0,0
-76163,0,0
-46657,0,0
119352,0,0
-172583,0,0
-387418,0,0
-226124,0,0
-341132,0,0
-268070,0,0
-147553,0,0
-240104,0,0
-160158,0,0
83875,0,0
-35190,0,0
-79342,0,0
-323131,0,0
-640050,0,0
-435492,0,0
-212011,0,0
-119129,0,0
-127640,0,0
-360132,0,0
-446714,0,0
-188813,0,0
-365347,0,0
-141475,0,0
31557,0,0
-131310,0,0
-130271,0,0
-70763,0,0
-223477,0,0
-160491,0,0
-13054,0,0
-142401,0,0
-72759,0,0
-98057,0,0
-338072,0,0
-11635,0,0
57458,0,0
245157,0,0
375668,0,0
195546,0,0
-11035,0,0
-10913,0,0
-202659,0,0
-213868,0,0
79901,0,0
111678,0,0
89466,0,0
247915,0,0
264879,0,0
134011,0,0
164658,0,0
14988,0,0
79044,0,0
279724,0,0
17887,0,0
216618,0,0
-71371,0,0
-131523,0,0
95916,0,0
171347,0,0
128663,0,0
101244,0,0
-9568,0,0
236614,0,0
303242,0,0
100698,0,0
20978,0,0
109736,0,0
200985,0,0
-10890,0,0
79853,0,0
243274,0,0
378036,0,0
356851,0,0
133519,0,0
240475,0,0
54785,0,0
82043,0,0
200013,0,0
370819,0,0
409410,0,0
464212,0,0
316254,0,0
173868,0,0
189438,0,0
108086,0,0
280521,0,0
488534,0,0
176241,0,0
260427,0,0
249223,0,0
-138727,0,0
25500,0,0
300560,0,0
400370,0,0
580485,0,0
469028,0,0
230119,0,0
119694,0,0
56727,0,0
-21171,0,0
4364,0,0
155077,0,0
214234,0,0
279517,0,0
231587,0,0
139250,0,0
63774,0,0
-127020,0,0
-112557,0,0
305268,0,0
122315,0,0
338550,0,0
234428,0,0
15807,0,0
-43310,0,0
-1064,0,0
-22409,0,0
67471,0,0
-28639,0,0
69871,0,0
141868,0,0
80158,0,0
106069,0,0
334927,0,0
120288,0,0
137493,0,0
55411,0,0
-110372,0,0
-71214,0,0
132277,0,0
262956,0,0
315850,0,0
117580,0,0
-47421,0,0
226472,0,0
152512,0,0
34210,0,0
191911,0,0
254932,0,0
186812,0,0
369597,0,0
98537,0,0
-93110,0,0
144057,0,0
28102,0,0
186444,0,0
455374,0,0
460746,0,0
75324,0,0
165261,0,0
148949,0,0
310131,0,0
190682,0,0
-47301,0,0
166743,0,0
85244,0,0
6753,0,0
218478,0,0
149824,0,0
130307,0,0
303299,0,0
292101,0,0
172490,0,0
123430,0,0
-63143,0,0
-119167,0,0
48647,0,0
-116951,0,0
-69052,0,0
218335,0,0
170343,0,0
123624,0,0
-45245,0,0
-238046,0,0
94601,0,0
155920,0,0
-137636,0,0
-82313,0,0
-90333,0,0
-74197,0,0
-56424,0,0
-69647,0,0
-99550,0,0
-6449,0,0
-255465,0,0
-180839,0,0
-50566,0,0
-281069,0,0
3388,0,0
-97088,0,0
-207652,0,0
-37992,0,0
-12295,0,0
-6527,0,0
49075,0,0
-280853,0,0
-224227,0,0
253470,0,0
231106,0,0
-108450,0,0
110044,0,0
-53114,0,0
-22257,0,0
-46206,0,0
-112771,0,0
-11592,0,0
223871,0,0
132377,0,0
271688,0,0
196107,0,0
148206,0,0
-86725,0,0
-75602,0,0
-123661,0,0
-27992,0,0
52369,0,0
40046,0,0
144424,0,0
-10773,0,0
-111060,0,0
-1521,0,0
-55281,0,0
-64161,0,0
52701,0,0
-180681,0,0
-174222,0,0
-9016,0,0
10650,0,0
-194190,0,0
-11603,0,0
-68095,0,0
-83008,0,0
-251424,0,0
-336705,0,0
103545,0,0
27663,0,0
-240952,0,0
-114592,0,0
19499,0,0
-100118,0,0
-149941,0,0
-283352,0,0
-317863,0,0
-46908,0,0
-30880,0,0
85543,0,0
416706,0,0
-18380,0,0
-444497,0,0
-307196,0,0
-292031,0,0
-111709,0,0
38735,0,0
-29410,0,0
118736,0,0
-36899,0,0
-115954,0,0
-14450,0,0
7888,0,0
72329,0,0
80773,0,0
-76399,0,0
-213761,0,0
-121321,0,0
-120871,0,0
132451,0,0
250243,0,0
109357,0,0
11124,0,0
-49701,0,0
-298490,0,0
-307772,0,0
-78540,0,0
-64498,0,0
221002,0,0
35760,0,0
-152223,0,0
-76393,0,0
-135696,0,0
-83614,0,0
-255594,0,0
-303017,0,0
-293517,0,0
8223,0,0
181093,0,0
182001,0,0
91109,0,0
-136920,0,0
-241616,0,0
-114854,0,0
-136064,0,0
-32829,0,0
-91369,0,0
-222463,0,0
-11874,0,0
137033,0,0
322088,0,0
516937,0,0
239958,0,0
-195180,0,0
-300443,0,0
-329635,0,0
-17943,0,0
467352,0,0
439295,0,0
132377,0,0
228016,0,0
96413,0,0
-23298,0,0
114959,0,0
140350,0,0
277924,0,0
252506,0,0
-54364,0,0
143333,0,0
10509,0,0
-64869,0,0
103783,0,0
354860,0,0
199447,0,0
220696,0,0
-5373,0,0
-274431,0,0
-147689,0,0
-36537,0,0
120287,0,0
282359,0,0
352300,0,0
101291,0,0
-29987,0,0
-357953,0,0
-226802,0,0
239489,0,0
213426,0,0
377021,0,0
264301,0,0
-66630,0,0
-39984,0,0
-154693,0,0
-11917,0,0
242919,0,0
-5584,0,0
-74746,0,0
197332,0,0
-135779,0,0
-160706,0,0
-4305,0,0
-65853,0,0
-87891,0,0
32040,0,0
-201710,0,0
-344062,0,0
-108285,0,0
28366,0,0
66566,0,0
-134521,0,0
-258004,0,0
-233854,0,0
-145833,0,0
-359905,0,0
-47632,0,0
121686,0,0
23752,0,0
35500,0,0
-293967,0,0
-91829,0,0
304447,0,0
127836,0,0
-147650,0,0
-127443,0,0
-13277,0,0
111451,0,0
109770,0,0
18224,0,0
48783,0,0
112803,0,0
41921,0,0
203661,0,0
305190,0,0
127447,0,0
-33070,0,0
-115186,0,0
-116470,0,0
18409,0,0
-133609,0,0
-184369,0,0
201430,0,0
277384,0,0
306176,0,0
253265,0,0
-48683,0,0
-169695,0,0
-70971,0,0
-386494,0,0
4659,0,0
-7913,0,0
-20543,0,0
314065,0,0
449889,0,0
23793,0,0
69143,0,0
-52698,0,0
-169695,0,0
-7461,0,0
-79826,0,0
82694,0,0
85631,0,0
80086,0,0
-15908,0,0
-20777,0,0
-184180,0,0
-41796,0,0
21341,0,0
-238555,0,0
19786,0,0
26045,0,0
-132283,0,0
-46074,0,0
-7381,0,0
-307691,0,0
-142917,0,0
-211541,0,0
-272587,0,0
-151558,0,0
-169982,0,0
-126513,0,0
109646,0,0
-206542,0,0
-213849,0,0
-216585,0,0
-224257,0,0
-93996,0,0
3568,0,0
-74498,0,0
-208908,0,0
-133923,0,0
-368510,0,0
-115357,0,0
10823,0,0
-274201,0,0
223661,0,0
9523,0,0
-348787,0,0
-12770,0,0
-46514,0,0
-2890,0,0
113047,0,0
70269,0,0
60662,0,0
117998,0,0
-148417,0,0
-272338,0,0
-102031,0,0
60399,0,0
119855,0,0
178227,0,0
343409,0,0
360904,0,0
-45988,0,0
-246688,0,0
120360,0,0
23916,0,0
-96065,0,0
68367,0,0
95062,0,0
35551,0,0
192263,0,0
-81764,0,0
-184718,0,0
-176497,0,0
-158664,0,0
-86128,0,0
11514,0,0
-24751,0,0
360552,0,0
213030,0,0
-116104,0,0
50274,0,0
-281950,0,0
-190676,0,0
32551,0,0
-5562,0,0
-203718,0,0
228491,0,0
127921,0,0
185635,0,0
422067,0,0
160997,0,0
-7130,0,0
89596,0,0
-37670,0,0
-15769,0,0
79456,0,0
-86982,0,0
169347,0,0
262809,0,0
-23850,0,0
30532,0,0
149168,0,0
-18895,0,0
-26317,0,0
-64777,0,0
-56249,0,0
435486,0,0
95273,0,0
-195220,0,0
-51642,0,0
-97685,0,0
-117419,0,0
10211,0,0
88066,0,0
47761,0,0
116950,0,0
-101262,0,0
-88098,0,0
31657,0,0
-32258,0,0
230400,0,0
41282,0,0
-242193,0,0
-89707,0,0
25203,0,0
19969,0,0
147586,0,0
-140019,0,0
-169700,0,0
26307,0,0
-72673,0,0
-20359,0,0
58277,0,0
79020,0,0
199383,0,0
42346,0,0
-256803,0,0
-72660,0,0
133733,0,0
15576,0,0
230244,0,0
119495,0,0
-24700,0,0
-109330,0,0
-204095,0,0
34560,0,0
635057,0,0
226057,0,0
-181247,0,0
-58124,0,0
-113179,0,0
-29551,0,0
206992,0,0
74407,0,0
-89936,0,0
29512,0,0
-372254,0,0
-216064,0,0
-23049,0,0
97740,0,0
158718,0,0
-14911,0,0
-254925,0,0
-257661,0,0
-223773,0,0
51646,0,0
264846,0,0
28611,0,0
-119199,0,0
-95360,0,0
-101344,0,0
-125746,0,0
5063,0,0
43716,0,0
88390,0,0
193286,0,0
-233493,0,0
68956,0,0
44461,0,0
-176064,0,0
77922,0,0
-34909,0,0
16303,0,0
190185,0,0
48308,0,0
-253428,0,0
-79796,0,0
-170476,0,0
-185819,0,0
-19472,0,0
-88049,0,0
-42789,0,0
123781,0,0
147057,0,0
66469,0,0
69858,0,0
-293168,0,0
-143585,0,0
-179768,0,0
-209683,0,0
21291,0,0
334464,0,0
369463,0,0
247008,0,0
-41363,0,0
-262157,0,0
-13154,0,0
-74077,0,0
20852,0,0
291296,0,0
178379,0,0
70655,0,0
74283,0,0
60547,0,0
209025,0,0
525617,0,0
120641,0,0
-140632,0,0
-15447,0,0
-115368,0,0
179262,0,0
269350,0,0
218317,0,0
368889,0,0
289132,0,0
-62986,0,0
154291,0,0
-34034,0,0
38534,0,0
299348,0,0
-146005,0,0
-180761,0,0
233359,0,0
321881,0,0
151986,0,0
110505,0,0
234909,0,0
180232,0,0
-53728,0,0
-214362,0,0
-87775,0,0
77580,0,0
-128298,0,0
141072,0,0
-110212,0,0
-330242,0,0
202861,0,0
-13356,0,0
68212,0,0
370598,0,0
56123,0,0
-362374,0,0
-479506,0,0
-458578,0,0
-224883,0,0
147298,0,0
126088,0,0
189398,0,0
176013,0,0
-45306,0,0
-11083,0,0
-120274,0,0
-335163,0,0
-109829,0,0
-201635,0,0
-222145,0,0
-50319,0,0
-30033,0,0
130607,0,0
70550,0,0
-71341,0,0
-100236,0,0
79763,0,0
-34528,0,0
1829,0,0
-201541,0,0
-269631,0,0
73292,0,0
224293,0,0
19082,0,0
29518,0,0
-70514,0,0
-191865,0,0
84821,0,0
18730,0,0
-164758,0,0
147520,0,0
88767,0,0
93414,0,0
303192,0,0
91186,0,0
-164447,0,0
-132169,0,0
-85850,0,0
53290,0,0
48830,0,0
-43691,0,0
178019,0,0
142401,0,0
-74884,0,0
75893,0,0
235062,0,0
-5892,0,0
150550,0,0
92702,0,0
-91107,0,0
215342,0,0
233613,0,0
349290,0,0
130781,0,0
-147576,0,0
-7478,0,0
321767,0,0
41674,0,0
42796,0,0
583838,0,0
250056,0,0
302871,0,0
74175,0,0
-126060,0,0
23795,0,0
241665,0,0
264341,0,0
486995,0,0
142143,0,0
-121536,0,0
-17703,0,0
12393,0,0
192711,0,0
304572,0,0
138324,0,0
-1932,0,0
398454,0,0
146825,0,0
-62438,0,0
21451,0,0
-273259,0,0
-31758,0,0
118204,0,0
21633,0,0
99980,0,0
26868,0,0
140149,0,0
344419,0,0
233584,0,0
-149387,0,0
-43361,0,0
-254095,0,0
-9474,0,0
311535,0,0
147511,0,0
74532,0,0
170756,0,0
-105918,0,0
-137736,0,0
-86885,0,0
-137655,0,0
161683,0,0
265850,0,0
191883,0,0
183506,0,0
20991,0,0
29238,0,0
61916,0,0
38593,0,0
35128,0,0
133198,0,0
83874,0,0
-47133,0,0
143900,0,0
82292,0,0
275155,0,0
446571,0,0
186620,0,0
282227,0,0
417031,0,0
183574,0,0
227453,0,0
205142,0,0
-33406,0,0
125884,0,0
172237,0,0
252967,0,0
498972,0,0
395796,0,0
98911,0,0
198675,0,0
150051,0,0
3909,0,0
390931,0,0
158927,0,0
70446,0,0
198902,0,0
91989,0,0
69140,0,0
216866,0,0
-118787,0,0
149453,0,0
265724,0,0
-114241,0,0
194233,0,0
294963,0,0
197832,0,0
284679,0,0
137158,0,0
-142183,0,0
-58670,0,0
-128486,0,0
-88423,0,0
116308,0,0
-39648,0,0
148915,0,0
372165,0,0
250620,0,0
76323,0,0
45321,0,0
-254967,0,0
-50947,0,0
-35464,0,0
-269795,0,0
-104560,0,0
-123616,0,0
-82729,0,0
163562,0,0
226253,0,0
-289033,0,0
-199506,0,0
-144106,0,0
-134169,0,0
176143,0,0
83636,0,0
-296754,0,0
-186200,0,0
-158326,0,0
109660,0,0
171247,0,0
-160539,0,0
-126406,0,0
-25842,0,0
-294200,0,0
-102119,0,0
-15022,0,0
-123483,0,0
-7322,0,0
-104688,0,0
12191,0,0
172272,0,0
-88710,0,0
-337550,0,0
-296970,0,0
-339758,0,0
-321470,0,0
-96946,0,0
-209414,0,0
-81633,0,0
127204,0,0
36662,0,0
-24464,0,0
-264772,0,0
-505112,0,0
-243442,0,0
-122057,0,0
-146969,0,0
-68041,0,0
-165711,0,0
-277204,0,0
200645,0,0
-40217,0,0
-245314,0,0
101979,0,0
-180420,0,0
-113318,0,0
-21204,0,0
-119895,0,0
-135173,0,0
110617,0,0
29511,0,0
33488,0,0
210148,0,0
-161694,0,0
-35436,0,0
21320,0,0
-91623,0,0
876,0,0
247969,0,0
-31048,0,0
99368,0,0
-99481,0,0
-80810,0,0
339037,0,0
-103765,0,0
-244906,0,0
-194715,0,0
-127412,0,0
-61594,0,0
159120,0,0
-275800,0,0
13454,0,0
-69179,0,0
-271085,0,0
846,0,0
77091,0,0
-32908,0,0
-125945,0,0
-261516,0,0
-267685,0,0
-63009,0,0
-153530,0,0
-172473,0,0
310018,0,0
35279,0,0
-31408,0,0
-137620,0,0
-226008,0,0
-131254,0,0
183638,0,0
8623,0,0
35427,0,0
-38082,0,0
-362852,0,0
-134473,0,0
-16710,0,0
68721,0,0
319153,0,0
100674,0,0
-287651,0,0
-237902,0,0
-285102,0,0
-423651,0,0
153648,0,0
189034,0,0
-35542,0,0
145044,0,0
-26867,0,0
-100324,0,0
-88724,0,0
-265874,0,0
-98346,0,0
345379,0,0
247293,0,0
220574,0,0
-179461,0,0
-338070,0,0
-87507,0,0
44175,0,0
-93166,0,0
306098,0,0
556831,0,0
178301,0,0
103098,0,0
-81077,0,0
-94834,0,0
-57630,0,0
-13635,0,0
37375,0,0
127449,0,0
-32473,0,0
-83719,0,0
140868,0,0
46978,0,0
222058,0,0
-3745,0,0
-176945,0,0
-64133,0,0
125949,0,0
-160803,0,0
-15880,0,0
-263805,0,0
-227623,0,0
71456,0,0
-161543,0,0
-203836,0,0
-13179,0,0
32274,0,0
104199,0,0
-62706,0,0
-528166,0,0
-247693,0,0
-48050,0,0
-189041,0,0
124882,0,0
13182,0,0
-237843,0,0
-180173,0,0
-298664,0,0
-327591,0,0
-41496,0,0
-177605,0,0
-153991,0,0
114958,0,0
-245506,0,0
-325054,0,0
-263202,0,0
-428099,0,0
-445004,0,0
-232152,0,0
-449956,0,0
-176322,0,0
75441,0,0
-280312,0,0
-170518,0,0
-298763,0,0
-586909,0,0
-266676,0,0
-114490,0,0
-215833,0,0
-45345,0,0
-363256,0,0
-340963,0,0
-57690,0,0
-201357,0,0
-317418,0,0
-209132,0,0
-77928,0,0
47315,0,0
-9805,0,0
-137529,0,0
37811,0,0
176637,0,0
-160126,0,0
53979,0,0
-2415,0,0
-234821,0,0
-74211,0,0
-65060,0,0
-48181,0,0
329343,0,0
60547,0,0
13256,0,0
434640,0,0
-24312,0,0
-439,0,0
312798,0,0
14240,0,0
-171111,0,0
-140311,0,0
-82816,0,0
287103,0,0
169239,0,0
-123795,0,0
52553,0,0
45252,0,0
55050,0,0
-20751,0,0
-8354,0,0
-221353,0,0
117060,0,0
125879,0,0
36273,0,0
307117,0,0
-66367,0,0
-234018,0,0
-75408,0,0
-17815,0,0
18588,0,0
113650,0,0
-206242,0,0
10564,0,0
206708,0,0
-27162,0,0
190601,0,0
132921,0,0
-105904,0,0
-157178,0,0
-173759,0,0
-329321,0,0
-6018,0,0
-85570,0,0
-138658,0,0
95510,0,0
-222360,0,0
-253638,0,0
18695,0,0
73735,0,0
24685,0,0
-74390,0,0
-400624,0,0
-170668,0,0
114998,0,0
100761,0,0
184694,0,0
34777,0,0
-191810,0,0
-45425,0,0
-74801,0,0
-111841,0,0
417037,0,0
159560,0,0
-165684,0,0
8971,0,0
-28473,0,0
92836,0,0
59608,0,0
30307,0,0
-7240,0,0
195914,0,0
-96405,0,0
81742,0,0
-16327,0,0
-370477,0,0
-150744,0,0
-43684,0,0
-269183,0,0
-70416,0,0
89317,0,0
710,0,0
194341,0,0
5494,0,0
7281,0,0
51019,0,0
-419278,0,0
-267946,0,0
-58853,0,0
51036,0,0
38430,0,0
300208,0,0
263934,0,0
196288,0,0
47070,0,0
-223910,0,0
69277,0,0
153246,0,0
101256,0,0
288640,0,0
131224,0,0
-14964,0,0
413878,0,0
90681,0,0
-55228,0,0
384188,0,0
521863,0,0
198556,0,0
-105597,0,0
-22044,0,0
-29223,0,0
277475,0,0
228380,0,0
407569,0,0
204037,0,0
-164306,0,0
33950,0,0
122573,0,0
27463,0,0
188652,0,0
73858,0,0
-284919,0,0
-21221,0,0
-147641,0,0
-135472,0,0
341893,0,0
83993,0,0
-224306,0,0
-110840,0,0
-114569,0,0
-133864,0,0
-36102,0,0
-113060,0,0
-21517,0,0
24468,0,0
-201404,0,0
-8382,0,0
-5888,0,0
-354096,0,0
-126363,0,0
-70381,0,0
-171941,0,0
75605,0,0
236513,0,0
102529,0,0
151925,0,0
-227179,0,0
-345021,0,0
-37769,0,0
-140519,0,0
-84697,0,0
286552,0,0
39030,0,0
21550,0,0
94569,0,0
-156625,0,0
760,0,0
-48578,0,0
-187087,0,0
-93407,0,0
-105244,0,0
60199,0,0
337171,0,0
-48455,0,0
-490945,0,0
42458,0,0
143596,0,0
31656,0,0
-201687,0,0
-331977,0,0
-230552,0,0
214533,0,0
133493,0,0
87436,0,0
202772,0,0
-217835,0,0
54872,0,0
-4320,0,0
97503,0,0
135774,0,0
31114,0,0
-279593,0,0
90730,0,0
265958,0,0
184337,0,0
337906,0,0
-131825,0,0
-127740,0,0
-126322,0,0
-38140,0,0
-172,0,0
386692,0,0
-5732,0,0
110721,0,0
184941,0,0
-188160,0,0
5795,0,0
-41164,0,0
86000,0,0
144251,0,0
117271,0,0
-163202,0,0
128456,0,0
123244,0,0
35014,0,0
249921,0,0
61166,0,0
-8504,0,0
16723,0,0
78150,0,0
22801,0,0
99605,0,0
-129553,0,0
58524,0,0
181878,0,0
-72817,0,0
126022,0,0
288646,0,0
75365,0,0
81567,0,0
-49026,0,0
-347841,0,0
166440,0,0
159834,0,0
18125,0,0
209281,0,0
-10242,0,0
66690,0,0
146024,0,0
86599,0,0
1547,0,0
256714,0,0
-21518,0,0
-45086,0,0
69643,0,0
-241333,0,0
38130,0,0
124323,0,0
104963,0,0
119392,0,0
128968,0,0
-35312,0,0
-16769,0,0
-201458,0,0
-446777,0,0
192668,0,0
100741,0,0
55068,0,0
95456,0,0
-273475,0,0
-217763,0,0
206416,0,0
-75736,0,0
87812,0,0
148132,0,0
-176809,0,0
-220253,0,0
-70420,0,0
22055,0,0
86167,0,0
137558,0,0
47164,0,0
333309,0,0
-38680,0,0
-117013,0,0
48384,0,0
-224559,0,0
-197859,0,0
-14709,0,0
166897,0,0
55998,0,0
82820,0,0
-172880,0,0
72465,0,0
169017,0,0
326471,0,0
507407,0,0
51903,0,0
-216221,0,0
-79532,0,0
174678,0,0
28112,0,0
355458,0,0
91263,0,0
118598,0,0
410141,0,0
319598,0,0
391741,0,0
311587,0,0
101655,0,0
-35130,0,0
47771,0,0
-90532,0,0
243959,0,0
425028,0,0
289266,0,0
469653,0,0
161139,0,0
-133310,0,0
-116921,0,0
209075,0,0
-37151,0,0
325651,0,0
214379,0,0
73154,0,0
308057,0,0
185058,0,0
241579,0,0
412749,0,0
61014,0,0
81933,0,0
262452,0,0
243373,0,0
289535,0,0
325525,0,0
-224615,0,0
48369,0,0
234760,0,0
91851,0,0
262903,0,0
417374,0,0
23985,0,0
296920,0,0
-1144,0,0
-233683,0,0
98915,0,0
-81702,0,0
1935,0,0
187526,0,0
166586,0,0
-14421,0,0
108913,0,0
-118078,0,0
26716,0,0
129129,0,0
-162771,0,0
-120403,0,0
-45640,0,0
-143713,0,0
-81379,0,0
95132,0,0
-251156,0,0
137044,0,0
14341,0,0
-219082,0,0
-121411,0,0
-296178,0,0
30340,0,0
25494,0,0
-38558,0,0
-106442,0,0
210760,0,0
-261045,0,0
-83679,0,0
81526,0,0
-161757,0,0
-14333,0,0
-18740,0,0
-75706,0,0
80503,0,0
237168,0,0
-141833,0,0
155297,0,0
23686,0,0
-221427,0,0
-42310,0,0
-334561,0,0
-357507,0,0
-262832,0,0
-30368,0,0
371874,0,0
486061,0,0
77198,0,0
-113212,0,0
-231318,0,0
-563430,0,0
-307836,0,0
71627,0,0
41253,0,0
265269,0,0
79541,0,0
-244359,0,0
191322,0,0
-69294,0,0
-100803,0,0
144100,0,0
135315,0,0
67481,0,0
-24202,0,0
-106522,0,0
-187940,0,0
20400,0,0
-329742,0,0
-175383,0,0
247416,0,0
327644,0,0
466451,0,0
-20063,0,0
-230933,0,0
-87538,0,0
213470,0,0
11953,0,0
78554,0,0
-67512,0,0
-112540,0,0
231361,0,0
90067,0,0
83485,0,0
88906,0,0
167442,0,0
147792,0,0
287963,0,0
-132802,0,0
-32326,0,0
123979,0,0
-167382,0,0
-3978,0,0
-2130,0,0
-117186,0,0
37290,0,0
-91470,0,0
-383216,0,0
-60267,0,0
-109230,0,0
-63593,0,0
280263,0,0
-218457,0,0
-177626,0,0
306544,0,0
-4222,0,0
-302350,0,0
-230989,0,0
-337114,0,0
-52502,0,0
137975,0,0
-383559,0,0
-88629,0,0
131206,0,0
175473,0,0
158362,0,0
64249,0,0
-295294,0,0
-35636,0,0
-167502,0,0
-92332,0,0
441409,0,0
74375,0,0
-22998,0,0
56419,0,0
-73063,0,0
-96653,0,0
128236,0,0
44512,0,0
4726,0,0
417354,0,0
87207,0,0
234163,0,0
-13517,0,0
-65623,0,0
75220,0,0
-11279,0,0
-128484,0,0
150045,0,0
112006,0,0
-62123,0,0
179806,0,0
-159333,0,0
-197890,0,0
64527,0,0
-58645,0,0
42618,0,0
39699,0,0
-236609,0,0
-288482,0,0
-82896,0,0
-273654,0,0
-9534,0,0
83552,0,0
242759,0,0
-19428,0,0
-215080,0,0
-269931,0,0
130333,0,0
-81848,0,0
-357502,0,0
6092,0,0
-145475,0,0
1000,0,0
232735,0,0
186888,0,0
21423,0,0
198715,0,0
-171393,0,0
-3261,0,0
81970,0,0
-162900,0,0
36477,0,0
73207,0,0
50003,0,0
112369,0,0
13225,0,0
-289208,0,0
53109,0,0
9909,0,0
-167938,0,0
195563,0,0
100308,0,0
112907,0,0
54517,0,0
-279836,0,0
-110046,0,0
256185,0,0
-86307,0,0
19203,0,0
194980,0,0
-256168,0,0
-30193,0,0
103301,0,0
-173815,0,0
42317,0,0
6595,0,0
-210092,0,0
285233,0,0
90854,0,0
-132340,0,0
-50552,0,0
-147045,0,0
-116250,0,0
4305,0,0
-98536,0,0
-370805,0,0
192082,0,0
-24693,0,0
192411,0,0
106130,0,0
-111145,0,0
53725,0,0
46123,0,0
-139443,0,0
163967,0,0
373809,0,0
140253,0,0
285689,0,0
237760,0,0
7466,0,0
189512,0,0
-52174,0,0
7961,0,0
180258,0,0
258720,0,0
117591,0,0
201665,0,0
-46449,0,0
286299,0,0
452600,0,0
-19602,0,0
-18549,0,0
-81745,0,0
-142817,0,0
307129,0,0
606587,0,0
143676,0,0
150163,0,0
-113927,0,0
-329904,0,0
228476,0,0
71874,0,0
103838,0,0
260581,0,0
221528,0,0
-71418,0,0
-10237,0,0
-252171,0,0
48060,0,0
343774,0,0
78985,0,0
185089,0,0
-43673,0,0
-194969,0,0
-165256,0,0
12233,0,0
-177439,0,0
211231,0,0
167149,0,0
-187816,0,0
105780,0,0
39081,0,0
49559,0,0
273457,0,0
88336,0,0
-252424,0,0
1824,0,0
-116048,0,0
204920,0,0
243913,0,0
-34769,0,0
152093,0,0
141667,0,0
-47365,0,0
-22185,0,0
50906,0,0
-175578,0,0
208096,0,0
131273,0,0
55191,0,0
367222,0,0
75104,0,0
47722,0,0
53169,0,0
94372,0,0
160207,0,0
450449,0,0
-61151,0,0
-52136,0,0
299490,0,0
-125142,0,0
77283,0,0
21279,0,0
130885,0,0
342781,0,0
440856,0,0
45908,0,0
97150,0,0
-226143,0,0
-143272,0,0
251848,0,0
103488,0,0
49952,0,0
-76215,0,0
-223185,0,0
18910,0,0
356656,0,0
-21018,0,0
191103,0,0
369201,0,0
-166157,0,0
-3276,0,0
-2221,0,0
-57095,0,0
175111,0,0
309093,0,0
-145315,0,0
126834,0,0
25824,0,0
-66511,0,0
207732,0,0
6405,0,0
-128643,0,0
99261,0,0
1211,0,0
33136,0,0
373939,0,0
182235,0,0
-127524,0,0
-72971,0,0
7828,0,0
344399,0,0
121777,0,0
-110495,0,0
-186439,0,0
-83491,0,0
-289529,0,0
129164,0,0
236924,0,0
-1306,0,0
250253,0,0
-87740,0,0
-225968,0,0
-99272,0,0
-122235,0,0
-61195,0,0
90862,0,0
-377697,0,0
-85127,0,0
149033,0,0
-255912,0,0
-65699,0,0
-18766,0,0
-116375,0,0
28167,0,0
83291,0,0
-211384,0,0
165914,0,0
-61223,0,0
-220464,0,0
206849,0,0
-270935,0,0
20386,0,0
254064,0,0
303270,0,0
-15389,0,0
49977,0,0
-241502,0,0
-233291,0,0
165663,0,0
-102113,0,0
83370,0,0
93449,0,0
-55329,0,0
27158,0,0
179659,0,0
-137163,0,0
76000,0,0
-44239,0,0
-74198,0,0
270647,0,0
-52535,0,0
-87381,0,0
81916,0,0
3808,0,0
-77980,0,0
132236,0,0
-123127,0,0
-15372,0,0
249245,0,0
5231,0,0
30558,0,0
-137221,0,0
-122521,0,0
187940,0,0
174987,0,0
-16002,0,0
51445,0,0
-58036,0,0
-281272,0,0
115602,0,0
168392,0,0
82336,0,0
123459,0,0
71216,0,0
-56483,0,0
332787,0,0
28623,0,0
-51745,0,0
177099,0,0
-153751,0,0
111933,0,0
115353,0,0
70899,0,0
146362,0,0
107651,0,0
-187461,0,0
-17797,0,0
-103515,0,0
-182332,0,0
87333,0,0
-221237,0,0
-302279,0,0
-33103,0,0
-18005,0,0
4233,0,0
298025,0,0
-138248,0,0
-412930,0,0
-361046,0,0
-511169,0,0
-64401,0,0
226436,0,0
39348,0,0
-23618,0,0
-60864,0,0
-587152,0,0
-103478,0,0
-117825,0,0
-249887,0,0
277493,0,0
132658,0,0
-156236,0,0
-316286,0,0
-321402,0,0
-334162,0,0
-60579,0,0
-267430,0,0
82274,0,0
196511,0,0
-347062,0,0
-380561,0,0
-118288,0,0
-148928,0,0
-167842,0,0
114209,0,0
235697,0,0
-87595,0,0
-349693,0,0
-589647,0,0
-61854,0,0
-194183,0,0
-23425,0,0
213251,0,0
331693,0,0
-49104,0,0
-130554,0,0
-505539,0,0
-132652,0,0
120004,0,0
-200966,0,0
-108595,0,0
49697,0,0
-34465,0,0
-56930,0,0
321411,0,0
44102,0,0
26860,0,0
-231042,0,0
-337861,0,0
53978,0,0
-163277,0,0
49212,0,0
136943,0,0
29985,0,0
-157820,0,0
-14999,0,0
-45852,0,0
-63544,0,0
98981,0,0
-366901,0,0
-41679,0,0
-170968,0,0
-341628,0,0
-96954,0,0
-125489,0,0
-411270,0,0
-131593,0,0
-207540,0,0
-268470,0,0
-8392,0,0
-214665,0,0
-281178,0,0
-323982,0,0
-307006,0,0
-461595,0,0
29236,0,0
-166239,0,0
-89332,0,0
-174400,0,0
-563107,0,0
-46683,0,0
-99647,0,0
-169306,0,0
-137548,0,0
-133585,0,0
-306352,0,0
160770,0,0
-131907,0,0
-323012,0,0
123345,0,0
-20803,0,0
-24333,0,0
-14787,0,0
-52512,0,0
-177505,0,0
-8371,0,0
-290256,0,0
-77671,0,0
208779,0,0
-138750,0,0
-24765,0,0
41872,0,0
38009,0,0
-116772,0,0
94568,0,0
-178004,0,0
-24178,0,0
-223962,0,0
-240628,0,0
73262,0,0
-82667,0,0
103738,0,0
118595,0,0
-70408,0,0
-243908,0,0
151475,0,0
-154822,0,0
-10749,0,0
77888,0,0
-278879,0,0
-54317,0,0
-44973,0,0
-83383,0,0
130421,0,0
80746,0,0
-325115,0,0
-67932,0,0
-158802,0,0
-246176,0,0
85580,0,0
-14870,0,0
-165160,0,0
-254943,0,0
-324803,0,0
-123554,0,0
-28893,0,0
-251811,0,0
-76602,0,0
128243,0,0
-9592,0,0
-3833,0,0
204,0,0
-241788,0,0
-340501,0,0
-72902,0,0
-177858,0,0
154407,0,0
74631,0,0
-275069,0,0
109425,0,0
-170249,0,0
-23696,0,0
240372,0,0
-127639,0,0
-292523,0,0
87456,0,0
91803,0,0
334636,0,0
317033,0,0
-204634,0,0
-22202,0,0
-168222,0,0
-18613,0,0
287601,0,0
192138,0,0
-110056,0,0
111475,0,0
41954,0,0
39840,0,0
475987,0,0
137132,0,0
-69552,0,0
-70282,0,0
-39259,0,0
-80751,0,0
131006,0,0
173035,0,0
527401,0,0
360466,0,0
-399952,0,0
-232177,0,0
-159938,0,0
-59333,0,0
230646,0,0
540375,0,0
434981,0,0
455280,0,0
179485,0,0
-179560,0,0
153959,0,0
-79954,0,0
117281,0,0
361938,0,0
429708,0,0
287563,0,0
351074,0,0
-90213,0,0
85835,0,0
452888,0,0
192707,0,0
312764,0,0
198954,0,0
23199,0,0
11569,0,0
-32018,0,0
-282929,0,0
109367,0,0
56082,0,0
-15700,0,0
315735,0,0
107365,0,0
-167913,0,0
-178697,0,0
13570,0,0
-342161,0,0
-177945,0,0
-359412,0,0
-109479,0,0
26287,0,0
-310428,0,0
-165864,0,0
-14494,0,0
-171022,0,0
-56455,0,0
-11539,0,0
-141363,0,0
-22676,0,0
-15415,0,0
-197085,0,0
67482,0,0
-206349,0,0
2913,0,0
247762,0,0
283637,0,0
-55639,0,0
131288,0,0
-180662,0,0
9593,0,0
295648,0,0
124317,0,0
368342,0,0
349371,0,0
-40259,0,0
307941,0,0
268831,0,0
-144004,0,0
42991,0,0
-775,0,0
-192276,0,0
317831,0,0
71472,0,0
202884,0,0
368204,0,0
271183,0,0
-18674,0,0
147324,0,0
-182089,0,0
-135134,0,0
141386,0,0
-19183,0,0
331322,0,0
169192,0,0
-52524,0,0
-94840,0,0
194965,0,0
-94070,0,0
187502,0,0
141827,0,0
-151372,0,0
190048,0,0
135573,0,0
19224,0,0
-18824,0,0
-8252,0,0
-70318,0,0
184710,0,0
-113639,0,0
34201,0,0
324644,0,0
-56073,0,0
-44812,0,0
-66962,0,0
-149708,0,0
30625,0,0
50433,0,0
-227002,0,0
155351,0,0
21263,0,0
-394500,0,0
-22749,0,0
-183224,0,0
-139299,0,0
130307,0,0
-93518,0,0
-393510,0,0
-206281,0,0
37177,0,0
233185,0,0
200142,0,0
-585419,0,0
-274065,0,0
30065,0,0
78616,0,0
345677,0,0
320027,0,0
41359,0,0
113832,0,0
-230393,0,0
-369126,0,0
300708,0,0
162701,0,0
365604,0,0
182760,0,0
231558,0,0
-10376,0,0
52956,0,0
-189089,0,0
-96680,0,0
50580,0,0
-115295,0,0
309060,0,0
60091,0,0
-33176,0,0
75497,0,0
67370,0,0
-188145,0,0
-4721,0,0
-104873,0,0
-199712,0,0
222159,0,0
76137,0,0
-12223,0,0
161866,0,0
158840,0,0
-63334,0,0
93596,0,0
-245708,0,0
62701,0,0
272618,0,0
-132639,0,0
197963,0,0
127484,0,0
-27941,0,0
55022,0,0
224758,0,0
-101171,0,0
92211,0,0
-49261,0,0
-284673,0,0
345204,0,0
333262,0,0
80409,0,0
-138696,0,0
-281380,0,0
-164559,0,0
325571,0,0
91946,0,0
172322,0,0
198932,0,0
-357502,0,0
-245036,0,0
-108450,0,0
-142586,0,0
-241278,0,0
89456,0,0
-211033,0,0
-124684,0,0
-182193,0,0
-245510,0,0
88660,0,0
-55275,0,0
-201669,0,0
-327584,0,0
-246262,0,0
-223579,0,0
64043,0,0
-344628,0,0
-218886,0,0
198662,0,0
-215162,0,0
-41642,0,0
-142555,0,0
-259774,0,0
-90334,0,0
-19750,0,0
-265867,0,0
-89830,0,0
-153386,0,0
-256821,0,0
134553,0,0
-162766,0,0
-150444,0,0
-366024,0,0
-342222,0,0
-425245,0,0
-122891,0,0
-349761,0,0
64323,0,0
211536,0,0
-174492,0,0
-240955,0,0
-363218,0,0
-548220,0,0
-207575,0,0
-16928,0,0
-135494,0,0
-12138,0,0
-62771,0,0
-194055,0,0
187057,0,0
-139710,0,0
-168674,0,0
98638,0,0
87305,0,0
-3639,0,0
211390,0,0
-74743,0,0
212560,0,0
341238,0,0
-69958,0,0
-38680,0,0
74237,0,0
59686,0,0
94568,0,0
298472,0,0
157564,0,0
424556,0,0
347300,0,0
239351,0,0
491876,0,0
47122,0,0
-45034,0,0
37461,0,0
161050,0,0
221349,0,0
748176,0,0
478678,0,0
425380,0,0
382718,0,0
80760,0,0
377023,0,0
382463,0,0
275394,0,0
370223,0,0
398439,0,0
172960,0,0
336358,0,0
206681,0,0
452032,0,0
618659,0,0
172017,0,0
180567,0,0
414111,0,0
372375,0,0
94361,0,0
95614,0,0
-120593,0,0
128424,0,0
204218,0,0
15827,0,0
364667,0,0
267338,0,0
149111,0,0
14511,0,0
121161,0,0
-113482,0,0
119296,0,0
-46441,0,0
-96660,0,0
356256,0,0
-128141,0,0
-151195,0,0
-48543,0,0
121995,0,0
-14021,0,0
149984,0,0
-110718,0,0
-112693,0,0
-95873,0,0
-159966,0,0
110090,0,0
-93015,0,0
-111117,0,0
-72214,0,0
-127564,0,0
-297612,0,0
-64029,0,0
-170728,0,0
-310492,0,0
108536,0,0
-121190,0,0
-225848,0,0
-236838,0,0
-121697,0,0
-209220,0,0
-84839,0,0
-104658,0,0
-27480,0,0
97462,0,0
-84763,0,0
198448,0,0
293296,0,0
-112786,0,0
-152069,0,0
32271,0,0
-14191,0,0
128299,0,0
144213,0,0
270437,0,0
765727,0,0
220793,0,0
64969,0,0
70357,0,0
214920,0,0
217784,0,0
458714,0,0
147032,0,0
310952,0,0
360584,0,0
-186854,0,0
104215,0,0
73955,0,0
301274,0,0
538457,0,0
287240,0,0
-78885,0,0
167717,0,0
14917,0,0
-266160,0,0
186155,0,0
-54156,0,0
-33266,0,0
-46026,0,0
-265010,0,0
-72669,0,0
242885,0,0
-25107,0,0
-58828,0,0
-96368,0,0
-470024,0,0
-382548,0,0
-139185,0,0
-241864,0,0
-251017,0,0
85743,0,0
231740,0,0
221265,0,0
-284150,0,0
-626851,0,0
-69155,0,0
120531,0,0
394646,0,0
131333,0,0
-119925,0,0
-227164,0,0
-9593,0,0
-73337,0,0
195561,0,0
273823,0,0
146687,0,0
213643,0,0
182362,0,0
-145533,0,0
-164298,0,0
-85242,0,0
-260828,0,0
70712,0,0
-28437,0,0
-201663,0,0
74196,0,0
-145625,0,0
-59330,0,0
-94063,0,0
-197206,0,0
-271941,0,0
-137892,0,0
-309720,0,0
-105790,0,0
50087,0,0
-291093,0,0
1365,0,0
7359,0,0
-194186,0,0
-132333,0,0
-163279,0,0
-330016,0,0
99237,0,0
-69731,0,0
-202924,0,0
136839,0,0
146244,0,0
110521,0,0
-61916,0,0
-42949,0,0
-114269,0,0
64181,0,0
-148383,0,0
-17035,0,0
170962,0,0
-72217,0,0
17906,0,0
33512,0,0
12324,0,0
-12387,0,0
156795,0,0
-131416,0,0
-32702,0,0
-163514,0,0
-96118,0,0
282570,0,0
105044,0,0
206109,0,0
195009,0,0
-80721,0,0
-212835,0,0
118738,0,0
-118172,0,0
75016,0,0
262686,0,0
-9049,0,0
241551,0,0
200673,0,0
11941,0,0
39362,0,0
-39298,0,0
-238881,0,0
-23152,0,0
-88679,0,0
-110187,0,0
370036,0,0
23418,0,0
-239682,0,0
-239076,0,0
-11197,0,0
-31807,0,0
92149,0,0
-149426,0,0
-282387,0,0
-14742,0,0
-378718,0,0
-158888,0,0
-81965,0,0
-174481,0,0
-51869,0,0
41446,0,0
-218049,0,0
17292,0,0
-37940,0,0
-275090,0,0
33794,0,0
-159553,0,0
-224684,0,0
-103715,0,0
-179664,0,0
-347351,0,0
-8906,0,0
-100569,0,0
226570,0,0
342394,0,0
-8279,0,0
-86108,0,0
-77080,0,0
-140314,0,0
89370,0,0
297156,0,0
90910,0,0
92218,0,0
29859,0,0
-79927,0,0
418105,0,0
127485,0,0
161857,0,0
-121215,0,0
-202554,0,0
-101918,0,0
133970,0,0
53850,0,0
334012,0,0
390101,0,0
-67518,0,0
-24287,0,0
-187255,0,0
-289905,0,0
-25781,0,0
314974,0,0
-115268,0,0
106132,0,0
-179760,0,0
-211482,0,0
297114,0,0
148506,0,0
63078,0,0
-150830,0,0
-140869,0,0
-218246,0,0
104408,0,0
-21358,0,0
99028,0,0
72789,0,0
-352924,0,0
-289987,0,0
-193006,0,0
-204435,0,0
112460,0,0
229963,0,0
-119140,0,0
-175369,0,0
-383107,0,0
-468067,0,0
-75245,0,0
-155122,0,0
-79564,0,0
11774,0,0
-57122,0,0
-385541,0,0
-222740,0,0
-476519,0,0
-265890,0,0
17508,0,0
-142092,0,0
52113,0,0
-85087,0,0
-187885,0,0
-107106,0,0
548,0,0
-321105,0,0
32933,0,0
109949,0,0
-71079,0,0
193026,0,0
155808,0,0
107244,0,0
78783,0,0
-11921,0,0
37352,0,0
389715,0,0
77627,0,0
-25935,0,0
270665,0,0
-581,0,0
249439,0,0
167619,0,0
123042,0,0
-14031,0,0
716,0,0
-86337,0,0
224602,0,0
428336,0,0
-267785,0,0
138922,0,0
88090,0,0
-80411,0,0
-220719,0,0
51513,0,0
88255,0,0
171965,0,0
-201360,0,0
-117795,0,0
296441,0,0
-29572,0,0
-102711,0,0
-247077,0,0
-343697,0,0
-196106,0,0
68221,0,0
-182694,0,0
155784,0,0
148991,0,0
-386010,0,0
-155682,0,0
-444512,0,0
-365450,0,0
-143593,0,0
-145633,0,0
24158,0,0
174270,0,0
-203486,0,0
-202938,0,0
-101616,0,0
-321477,0,0
-42075,0,0
65808,0,0
-84543,0,0
-65115,0,0
-12403,0,0
-161425,0,0
35046,0,0
36354,0,0
-148663,0,0
66656,0,0
-241883,0,0
-28495,0,0
134087,0,0
45539,0,0
-33210,0,0
184554,0,0
-116229,0,0
-104009,0,0
88490,0,0
-190402,0,0
111537,0,0
163775,0,0
-35031,0,0
-58008,0,0
30658,0,0
-109214,0,0
415630,0,0
40802,0,0
-154475,0,0
166630,0,0
-197298,0,0
-75523,0,0
62012,0,0
267815,0,0
322319,0,0
294436,0,0
-181910,0,0
-202329,0,0
-35246,0,0
-224261,0,0
-71123,0,0
12891,0,0
202546,0,0
464361,0,0
422165,0,0
-161739,0,0
-16019,0,0
-10404,0,0
-6739,0,0
131002,0,0
-4101,0,0
71084,0,0
164041,0,0
151317,0,0
124728,0,0
274973,0,0
-79338,0,0
-105405,0,0
184092,0,0
-142227,0,0
24382,0,0
164472,0,0
351165,0,0
306805,0,0
94022,0,0
-220322,0,0
102579,0,0
-56372,0,0
-272122,0,0
80901,0,0
75147,0,0
193657,0,0
260221,0,0
111786,0,0
-72406,0,0
222721,0,0
64221,0,0
165656,0,0
291386,0,0
-59347,0,0
-125035,0,0
-153016,0,0
-66233,0,0
-47426,0,0
503078,0,0
334403,0,0
310660,0,0
-64539,0,0
-477181,0,0
-194051,0,0
-119455,0,0
266100,0,0
517071,0,0
274671,0,0
-3046,0,0
176463,0,0
-194681,0,0
-86118,0,0
149645,0,0
-122058,0,0
333162,0,0
225392,0,0
-70974,0,0
-37919,0,0
15385,0,0
-121005,0,0
55717,0,0
177919,0,0
89176,0,0
205290,0,0
-100351,0,0
-178639,0,0
33416,0,0
72234,0,0
78077,0,0
200579,0,0
-185027,0,0
-174531,0,0
124573,0,0
-42152,0,0
120444,0,0
118140,0,0
20681,0,0
130852,0,0
142037,0,0
-83064,0,0
-249,0,0
-188080,0,0
-74703,0,0
177703,0,0
-96369,0,0
89661,0,0
72609,0,0
-40146,0,0
-76604,0,0
214258,0,0
-115548,0,0
-131943,0,0
42341,0,0
-133239,0,0
61557,0,0
102935,0,0
-52702,0,0
28903,0,0
261539,0,0
6055,0,0
119698,0,0
-18795,0,0
-146919,0,0
126817,0,0
22280,0,0
165569,0,0
127527,0,0
241333,0,0
53426,0,0
162683,0,0
-252576,0,0
-173351,0,0
21423,0,0
-43364,0,0
47886,0,0
205156,0,0
129183,0,0
-133655,0,0
-227862,0,0
-99118,0,0
41651,0,0
-94053,0,0
-461215,0,0
-45351,0,0
-41583,0,0
27036,0,0
-42412,0,0
-264702,0,0
-357175,0,0
-196394,0,0
-240623,0,0
22426,0,0
380987,0,0
-112919,0,0
-208805,0,0
-225214,0,0
-151976,0,0
109648,0,0
45268,0,0
-360566,0,0
-124219,0,0
-391995,0,0
-351245,0,0
250873,0,0
5997,0,0
32388,0,0
239747,0,0
166175,0,0
-227794,0,0
-187138,0,0
-404388,0,0
-71444,0,0
65414,0,0
-46596,0,0
-22027,0,0
-69576,0,0
-239378,0,0
122640,0,0
174609,0,0
-203437,0,0
-155562,0,0
321343,0,0
355185,0,0
69587,0,0
-235817,0,0
-327266,0,0
-256510,0,0
-112284,0,0
-11687,0,0
278353,0,0
52385,0,0
101988,0,0
404260,0,0
-191910,0,0
-261524,0,0
-159146,0,0
22647,0,0
194127,0,0
125849,0,0
-196985,0,0
-15541,0,0
-110203,0,0
-318249,0,0
-40505,0,0
74703,0,0
-73308,0,0
17802,0,0
82763,0,0
-121851,0,0
229050,0,0
-120990,0,0
-205525,0,0
152507,0,0
-113013,0,0
18383,0,0
-36150,0,0
-177961,0,0
124291,0,0
144704,0,0
-208072,0,0
-48717,0,0
17714,0,0
-15281,0,0
220880,0,0
-16477,0,0
27324,0,0
-156670,0,0
-69461,0,0
-3319,0,0
320424,0,0
10020,0,0
34784,0,0
32414,0,0
-363092,0,0
-75100,0,0
58643,0,0
121804,0,0
53682,0,0
66825,0,0
-194495,0,0
89942,0,0
-49020,0,0
-8966,0,0
336464,0,0
98027,0,0
-46164,0,0
-246619,0,0
-251992,0,0
-105030,0,0
173484,0,0
-57719,0,0
-116957,0,0
131495,0,0
-69624,0,0
45754,0,0
6944,0,0
-85400,0,0
-24705,0,0
172596,0,0
-10259,0,0
77523,0,0
83401,0,0
-70322,0,0
217679,0,0
-90736,0,0
-129220,0,0
82524,0,0
114685,0,0
26547,0,0
369944,0,0
-14424,0,0
47806,0,0
191033,0,0
-142502,0,0
46841,0,0
63496,0,0
-97587,0,0
-20550,0,0
128071,0,0
-82068,0,0
51080,0,0
3831,0,0
-152986,0,0
17080,0,0
-90436,0,0
134366,0,0
127887,0,0
97686,0,0
16665,0,0
-17029,0,0
-366411,0,0
-140805,0,0
318429,0,0
130853,0,0
236140,0,0
-64388,0,0
-115069,0,0
-76846,0,0
208292,0,0
51145,0,0
151230,0,0
-23068,0,0
-164455,0,0
174974,0,0
-34902,0,0
-12579,0,0
-110352,0,0
170011,0,0
39269,0,0
248900,0,0
-80546,0,0
-88873,0,0
-702,0,0
-372580,0,0
-40888,0,0
-71023,0,0
-30573,0,0
277823,0,0
116951,0,0
-188513,0,0
13744,0,0
99352,0,0
-9768,0,0
353549,0,0
107943,0,0
-64317,0,0
5748,0,0
59745,0,0
-12426,0,0
372656,0,0
275810,0,0
196983,0,0
443144,0,0
185910,0,0
426328,0,0
164502,0,0
178868,0,0
254039,0,0
308894,0,0
32765,0,0
366704,0,0
208438,0,0
116078,0,0
516779,0,0
329800,0,0
285594,0,0
113134,0,0
129064,0,0
-71796,0,0
204459,0,0
-20039,0,0
4779,0,0
174046,0,0
25946,0,0
375774,0,0
230289,0,0
-62667,0,0
34046,0,0
-7428,0,0
-152436,0,0
-34418,0,0
80949,0,0
-261052,0,0
73513,0,0
52600,0,0
-33961,0,0
-192558,0,0
9438,0,0
-29411,0,0
74389,0,0
-141659,0,0
-166193,0,0
-106225,0,0
-350294,0,0
-197812,0,0
-30595,0,0
-144674,0,0
-200070,0,0
-160194,0,0
-354215,0,0
-239040,0,0
-118057,0,0
-160164,0,0
165595,0,0
-45619,0,0
-269026,0,0
-177459,0,0
-181209,0,0
-198193,0,0
106802,0,0
-79371,0,0
194904,0,0
255044,0,0
-240017,0,0
-125368,0,0
-105865,0,0
117100,0,0
231325,0,0
21801,0,0
-93731,0,0
190714,0,0
161668,0,0
22245,0,0
101213,0,0
-151533,0,0
-238564,0,0
7819,0,0
57225,0,0
-111042,0,0
-61932,0,0
-239942,0,0
-36156,0,0
-212047,0,0
-356621,0,0
-134459,0,0
212927,0,0
209553,0,0
-9905,0,0
-152697,0,0
-152622,0,0
-85398,0,0
-203289,0,0
-184436,0,0
217561,0,0
-69398,0,0
67947,0,0
-9619,0,0
10900,0,0
-61127,0,0
260833,0,0
2424,0,0
-40800,0,0
101337,0,0
94414,0,0
67933,0,0
88611,0,0
-66093,0,0
-174457,0,0
-27365,0,0
7295,0,0
240962,0,0
123074,0,0
-69216,0,0
209394,0,0
35143,0,0
34513,0,0
-28337,0,0
32899,0,0
45187,0,0
196373,0,0
63454,0,0
-24638,0,0
65030,0,0
-332259,0,0
-51752,0,0
23733,0,0
79274,0,0
272555,0,0
196720,0,0
-38038,0,0
-73371,0,0
-205617,0,0
-458241,0,0
1108,0,0
-49032,0,0
-62207,0,0
8101,0,0
3026,0,0
-83659,0,0
-18464,0,0
-188954,0,0
-161790,0,0
-75281,0,0
-309155,0,0
-171153,0,0
-126408,0,0
-212783,0,0
-84823,0,0
54401,0,0
-323135,0,0
-148486,0,0
-233151,0,0
-359745,0,0
-180673,0,0
-219161,0,0
-200900,0,0
-4985,0,0
122470,0,0
-42854,0,0
-177212,0,0
-407310,0,0
-210593,0,0
-122641,0,0
-165227,0,0
-78863,0,0
63657,0,0
-11478,0,0
86207,0,0
94736,0,0
-115327,0,0
141764,0,0
-44893,0,0
-229717,0,0
83944,0,0
-21207,0,0
102549,0,0
51559,0,0
236954,0,0
-168523,0,0
117517,0,0
-153974,0,0
-94312,0,0
533795,0,0
15509,0,0
23394,0,0
-38370,0,0
-91234,0,0
-73823,0,0
-6582,0,0
-3390,0,0
88141,0,0
-3420,0,0
-149726,0,0
151153,0,0
20484,0,0
-68983,0,0
-168868,0,0
-4618,0,0
-150041,0,0
82009,0,0
-219266,0,0
-121105,0,0
20305,0,0
-145149,0,0
75352,0,0
171888,0,0
14196,0,0
-168598,0,0
-160916,0,0
-444809,0,0
-171640,0,0
-18136,0,0
52171,0,0
135464,0,0
-33176,0,0
-142873,0,0
-373070,0,0
-201882,0,0
-129175,0,0
-19865,0,0
-231991,0,0
-142908,0,0
7073,0,0
-433014,0,0
-161040,0,0
-143689,0,0
-139640,0,0
-332631,0,0
-41196,0,0
-422115,0,0
-109312,0,0
105151,0,0
-125589,0,0
-87381,0,0
-316845,0,0
-233648,0,0
-26719,0,0
-11859,0,0
17626,0,0
173646,0,0
-78961,0,0
-137537,0,0
48492,0,0
-259119,0,0
-183743,0,0
3387,0,0
83937,0,0
68297,0,0
348905,0,0
103642,0,0
151826,0,0
-65259,0,0
-218673,0,0
32579,0,0
-22832,0,0
24756,0,0
135104,0,0
186006,0,0
4507,0,0
440013,0,0
292052,0,0
43461,0,0
100894,0,0
-50701,0,0
109506,0,0
166735,0,0
-19720,0,0
336219,0,0
420080,0,0
127378,0,0
252258,0,0
90127,0,0
-164370,0,0
-505,0,0
64771,0,0
95773,0,0
518135,0,0
410270,0,0
-37615,0,0
198003,0,0
1124,0,0
-11779,0,0
296498,0,0
-125726,0,0
28623,0,0
322449,0,0
314930,0,0
103011,0,0
103901,0,0
-40195,0,0
146529,0,0
-997,0,0
-177687,0,0
123846,0,0
39908,0,0
-21699,0,0
52428,0,0
274507,0,0
218318,0,0
162939,0,0
-107615,0,0
-208947,0,0
72344,0,0
-94574,0,0
2493,0,0
191765,0,0
18559,0,0
46293,0,0
8893,0,0
-180959,0,0
101399,0,0
59737,0,0
-466,0,0
79575,0,0
5347,0,0
-194572,0,0
-53114,0,0
-7894,0,0
-110414,0,0
49674,0,0
-47260,0,0
-142508,0,0
-52715,0,0
-309867,0,0
-240051,0,0
-80158,0,0
-204879,0,0
-65937,0,0
86903,0,0
4088,0,0
-17745,0,0
-13470,0,0
-327487,0,0
-12818,0,0
-38040,0,0
-203242,0,0
-110064,0,0
-2876,0,0
-178258,0,0
-28582,0,0
-82665,0,0
-43835,0,0
10623,0,0
213850,0,0
289071,0,0
68851,0,0
-129141,0,0
7218,0,0
-56713,0,0
-135143,0,0
233038,0,0
229804,0,0
90263,0,0
418340,0,0
413438,0,0
78792,0,0
6240,0,0
-31918,0,0
-129063,0,0
258380,0,0
291364,0,0
140779,0,0
437440,0,0
341503,0,0
143428,0,0
56501,0,0
-114608,0,0
-21432,0,0
-56934,0,0
-100588,0,0
52065,0,0
90506,0,0
2095,0,0
321594,0,0
31632,0,0
-186858,0,0
-58607,0,0
-112501,0,0
-151887,0,0
251435,0,0
-118848,0,0
-261470,0,0
-84431,0,0
-213157,0,0
86085,0,0
-165872,0,0
-273598,0,0
13140,0,0
441935,0,0
35191,0,0
-187639,0,0
-464542,0,0
-340943,0,0
-78216,0,0
45830,0,0
-78030,0,0
-132265,0,0
-122282,0,0
-283895,0,0
-9823,0,0
-206307,0,0
-168132,0,0
-251756,0,0
-415305,0,0
-173808,0,0
-136703,0,0
-279204,0,0
-163792,0,0
42110,0,0
-225955,0,0
-52887,0,0
-262417,0,0
-331465,0,0
16864,0,0
-31780,0,0
-145674,0,0
-119395,0,0
-61991,0,0
-163341,0,0
125006,0,0
-10665,0,0
-26912,0,0
187229,0,0
-63777,0,0
-57085,0,0
-33408,0,0
-30970,0,0
-23716,0,0
249078,0,0
-21401,0,0
307379,0,0
387546,0,0
-18722,0,0
-107308,0,0
19387,0,0
93675,0,0
210526,0,0
385082,0,0
63510,0,0
227844,0,0
12536,0,0
19740,0,0
287614,0,0
191159,0,0
205762,0,0
188950,0,0
246031,0,0
255526,0,0
68084,0,0
-194330,0,0
3139,0,0
54601,0,0
-57369,0,0
194290,0,0
145842,0,0
206617,0,0
299412,0,0
342880,0,0
-9756,0,0
63,0,0
-257163,0,0
-238861,0,0
162825,0,0
76553,0,0
143876,0,0
231208,0,0
32362,0,0
531,0,0
85664,0,0
-157148,0,0
82475,0,0
98217,0,0
-277813,0,0
-77506,0,0
-289027,0,0
-118796,0,0
38812,0,0
-132038,0,0
-251952,0,0
-34153,0,0
-283235,0,0
-176391,0,0
24818,0,0
-336895,0,0
-314116,0,0
-350591,0,0
-189281,0,0
13213,0,0
-67371,0,0
-437627,0,0
-223004,0,0
19390,0,0
-157421,0,0
41666,0,0
-39945,0,0
-166755,0,0
-141398,0,0
-77412,0,0
-193789,0,0
-13686,0,0
-50209,0,0
-19967,0,0
34186,0,0
-47583,0,0
-7316,0,0
-14753,0,0
-191767,0,0
-68074,0,0
-136980,0,0
-249938,0,0
-156367,0,0
-213486,0,0
-425979,0,0
-121974,0,0
13243,0,0
61614,0,0
-175073,0,0
-45637,0,0
-139709,0,0
-154359,0,0
-536131,0,0
-374322,0,0
-53906,0,0
-174523,0,0
-139470,0,0
134055,0,0
37238,0,0
-54977,0,0
39638,0,0
-90329,0,0
-3533,0,0
20008,0,0
-436388,0,0
-50137,0,0
62771,0,0
252673,0,0
233897,0,0
59629,0,0
60860,0,0
552187,0,0
111768,0,0
59726,0,0
213859,0,0
241107,0,0
103913,0,0
332215,0,0
335039,0,0
-15831,0,0
104300,0,0
-13282,0,0
345686,0,0
428458,0,0
343699,0,0
577288,0,0
335171,0,0
29469,0,0
-10543,0,0
6428,0,0
86539,0,0
354692,0,0
196690,0,0
116336,0,0
191302,0,0
-38917,0,0
116081,0,0
199168,0,0
57344,0,0
43547,0,0
-30615,0,0
52567,0,0
44450,0,0
78526,0,0
126902,0,0
67469,0,0
-205930,0,0
-130094,0,0
181723,0,0
85392,0,0
1908,0,0
171871,0,0
95220,0,0
-90662,0,0
10738,0,0
-218655,0,0
-129197,0,0
-72705,0,0
24895,0,0
72246,0,0
242545,0,0
10262,0,0
31212,0,0
-130437,0,0
-298717,0,0
-100104,0,0
-213127,0,0
-203552,0,0
-194889,0,0
-189417,0,0
-256292,0,0
-87205,0,0
-277283,0,0
-357676,0,0
-137431,0,0
-259427,0,0
-312768,0,0
-323119,0,0
-367437,0,0
-250856,0,0
-259422,0,0
-537824,0,0
-269797,0,0
-265770,0,0
-315040,0,0
-225582,0,0
-378923,0,0
-444814,0,0
-206777,0,0
-131923,0,0
-286493,0,0
-157950,0,0
-224581,0,0
-285380,0,0
-95268,0,0
-316850,0,0
-85835,0,0
3557,0,0
95491,0,0
84615,0,0
118246,0,0
-290375,0,0
-28727,0,0
111601,0,0
26814,0,0
435639,0,0
337567,0,0
110526,0,0
104064,0,0
79789,0,0
160595,0,0
492723,0,0
425580,0,0
306221,0,0
446751,0,0
356557,0,0
392524,0,0
408424,0,0
342488,0,0
202291,0,0
435007,0,0
327191,0,0
436625,0,0
522352,0,0
100131,0,0
298662,0,0
247317,0,0
235364,0,0
254680,0,0
263194,0,0
230150,0,0
336504,0,0
22517,0,0
-66177,0,0
-71687,0,0
-343889,0,0
-96703,0,0
360602,0,0
165922,0,0
68933,0,0
297814,0,0
-156402,0,0
-208999,0,0
-77989,0,0
-404013,0,0
29400,0,0
-172805,0,0
-201612,0,0
-47939,0,0
241082,0,0
25346,0,0
328020,0,0
126696,0,0
-135386,0,0
-108093,0,0
-237501,0,0
-128579,0,0
113681,0,0
35715,0,0
-70217,0,0
12362,0,0
-114755,0,0
22695,0,0
-8456,0,0
-147193,0,0
67459,0,0
96398,0,0
96719,0,0
-45762,0,0
-82873,0,0
-318325,0,0
-279948,0,0
-341153,0,0
-214967,0,0
96191,0,0
299079,0,0
254845,0,0
215889,0,0
-123334,0,0
-245715,0,0
-299622,0,0
-114434,0,0
55010,0,0
14740,0,0
-167804,0,0
114307,0,0
101358,0,0
19984,0,0
200871,0,0
372561,0,0
84645,0,0
28285,0,0
45840,0,0
34395,0,0
204505,0,0
4113,0,0
102516,0,0
223761,0,0
294634,0,0
184165,0,0
178498,0,0
-24867,0,0
125300,0,0
154761,0,0
55052,0,0
395857,0,0
532306,0,0
218233,0,0
107410,0,0
9544,0,0
-83491,0,0
282869,0,0
280796,0,0
263054,0,0
279575,0,0
92835,0,0
248764,0,0
315274,0,0
249999,0,0
246736,0,0
224708,0,0
16255,0,0
125747,0,0
169448,0,0
169534,0,0
415611,0,0
412575,0,0
125217,0,0
-2729,0,0
4874,0,0
-117327,0,0
29569,0,0
-51407,0,0
77464,0,0
317063,0,0
-93926,0,0
-311785,0,0
-212053,0,0
-113304,0,0
-70421,0,0
258893,0,0
252464,0,0
-204937,0,0
-366340,0,0
-447500,0,0
-179279,0,0
-123216,0,0
-159792,0,0
-96363,0,0
-26630,0,0
-202098,0,0
-92227,0,0
-292452,0,0
-206053,0,0
162924,0,0
64807,0,0
-102883,0,0
-214770,0,0
-367453,0,0
-355208,0,0
-178554,0,0
34211,0,0
278601,0,0
202195,0,0
-126190,0,0
-25854,0,0
118842,0,0
223796,0,0
110586,0,0
151893,0,0
100690,0,0
210015,0,0
375664,0,0
317796,0,0
377327,0,0
148180,0,0
214727,0,0
282004,0,0
253078,0,0
319998,0,0
497819,0,0
403487,0,0
252401,0,0
326313,0,0
198013,0,0
235061,0,0
237360,0,0
49929,0,0
-88687,0,0
27238,0,0
60449,0,0
148434,0,0
196536,0,0
314173,0,0
346687,0,0
28181,0,0
-72059,0,0
1096,0,0
76680,0,0
7473,0,0
18636,0,0
-131240,0,0
125873,0,0
400271,0,0
47084,0,0
110440,0,0
41880,0,0
-41422,0,0
1175,0,0
126446,0,0
-80356,0,0
73923,0,0
51788,0,0
-60242,0,0
-20988,0,0
-135013,0,0
-111101,0,0
4506,0,0
-34680,0,0
-44056,0,0
-38736,0,0
-266010,0,0
-379429,0,0
-308570,0,0
-436375,0,0
-363858,0,0
-195513,0,0
-4827,0,0
127097,0,0
123849,0,0
-331039,0,0
-451628,0,0
-412745,0,0
-402859,0,0
-298242,0,0
-421677,0,0
-203866,0,0
87454,0,0
212645,0,0
52026,0,0
-102925,0,0
-393943,0,0
-272821,0,0
-268373,0,0
-330972,0,0
81350,0,0
373412,0,0
128348,0,0
-154621,0,0
-97019,0,0
-440551,0,0
-266432,0,0
-168008,0,0
90241,0,0
146009,0,0
-175913,0,0
-288528,0,0
-4671,0,0
47738,0,0
-235288,0,0
173539,0,0
70913,0,0
-25406,0,0
-222978,0,0
-465031,0,0
-288723,0,0
61377,0,0
82531,0,0
63644,0,0
247950,0,0
-35685,0,0
23484,0,0
-66568,0,0
-124658,0,0
67823,0,0
107396,0,0
-39728,0,0
-138148,0,0
-42730,0,0
-32308,0,0
100111,0,0
-95000,0,0
-309325,0,0
-7977,0,0
-16838,0,0
-48048,0,0
105121,0,0
-46055,0,0
-28228,0,0
-152724,0,0
-322063,0,0
-79797,0,0
-108812,0,0
10820,0,0
204418,0,0
97307,0,0
-73265,0,0
-42207,0,0
-148359,0,0
-96827,0,0
5617,0,0
-52478,0,0
17830,0,0
219848,0,0
23217,0,0
16796,0,0
-142226,0,0
-167091,0,0
61710,0,0
27422,0,0
68655,0,0
237296,0,0
-23692,0,0
-3137,0,0
113222,0,0
-182371,0,0
-258002,0,0
-120019,0,0
-89156,0,0
328986,0,0
293874,0,0
-228860,0,0
-218897,0,0
-81055,0,0
-222249,0,0
-141093,0,0
88394,0,0
-203275,0,0
-420620,0,0
-164233,0,0
5497,0,0
203533,0,0
-32681,0,0
-335110,0,0
-265347,0,0
-332543,0,0
-233461,0,0
-136008,0,0
-64021,0,0
-92273,0,0
-37777,0,0
-74323,0,0
-13071,0,0
-33504,0,0
-99761,0,0
18134,0,0
7371,0,0
-94112,0,0
-167526,0,0
33374,0,0
31702,0,0
187818,0,0
198312,0,0
-75223,0,0
-62621,0,0
-315112,0,0
-145656,0,0
349007,0,0
578721,0,0
390802,0,0
199302,0,0
-139362,0,0
-153824,0,0
-19770,0,0
-102861,0,0
329479,0,0
315651,0,0
311757,0,0
413714,0,0
245256,0,0
124408,0,0
173277,0,0
82388,0,0
21341,0,0
276776,0,0
199519,0,0
222303,0,0
449351,0,0
423132,0,0
211799,0,0
130502,0,0
11072,0,0
152853,0,0
98219,0,0
39839,0,0
209610,0,0
339559,0,0
261935,0,0
31253,0,0
143055,0,0
31035,0,0
101464,0,0
83994,0,0
-40606,0,0
235633,0,0
-118517,0,0
-35891,0,0
57431,0,0
92355,0,0
48933,0,0
173095,0,0
-5113,0,0
-63581,0,0
-145837,0,0
-299904,0,0
98387,0,0
24017,0,0
-156622,0,0
-103396,0,0
155562,0,0
-106986,0,0
51469,0,0
-31153,0,0
-286273,0,0
-70114,0,0
-153259,0,0
-101538,0,0
-80730,0,0
-20711,0,0
-143892,0,0
-13856,0,0
-368734,0,0
-521111,0,0
-103460,0,0
-53248,0,0
309643,0,0
417602,0,0
2217,0,0
-317985,0,0
-165785,0,0
-292691,0,0
-211052,0,0
-146134,0,0
-99899,0,0
226409,0,0
156715,0,0
-82609,0,0
-75014,0,0
-160175,0,0
33248,0,0
322025,0,0
93164,0,0
-72052,0,0
109334,0,0
-42903,0,0
-51422,0,0
32209,0,0
-114146,0,0
-31420,0,0
62411,0,0
-13617,0,0
260339,0,0
313367,0,0
-86211,0,0
70912,0,0
-64999,0,0
-144549,0,0
34846,0,0
109647,0,0
84169,0,0
181372,0,0
58995,0,0
-14677,0,0
-58628,0,0
-98596,0,0
14937,0,0
21340,0,0
-87419,0,0
65442,0,0
26583,0,0
-9321,0,0
-84756,0,0
-126013,0,0
-205418,0,0
16967,0,0
-61974,0,0
-20331,0,0
36708,0,0
-72384,0,0
-181840,0,0
-31007,0,0
-103122,0,0
-40840,0,0
54171,0,0
-297883,0,0
-91849,0,0
40029,0,0
147119,0,0
20307,0,0
9967,0,0
-166719,0,0
-137515,0,0
8703,0,0
-42248,0,0
67728,0,0
-38687,0,0
-137116,0,0
61506,0,0
-62345,0,0
-125354,0,0
13544,0,0
-148392,0,0
-19080,0,0
109742,0,0
100890,0,0
83899,0,0
-136976,0,0
-334718,0,0
-323138,0,0
-44532,0,0
-43682,0,0
121029,0,0
209270,0,0
113172,0,0
127938,0,0
-234105,0,0
-363724,0,0
-137672,0,0
-70163,0,0
-96298,0,0
109999,0,0
-61491,0,0
24323,0,0
85329,0,0
44101,0,0
42431,0,0
-176686,0,0
-269339,0,0
-174435,0,0
143870,0,0
267324,0,0
208930,0,0
170826,0,0
-59564,0,0
32675,0,0
-47859,0,0
-124597,0,0
141217,0,0
317214,0,0
82530,0,0
150952,0,0
156306,0,0
292387,0,0
373618,0,0
181928,0,0
-26667,0,0
-22756,0,0
-113557,0,0
-27715,0,0
345053,0,0
131721,0,0
134968,0,0
1877,0,0
-3496,0,0
230186,0,0
-91997,0,0
-97682,0,0
89297,0,0
39075,0,0
11694,0,0
162895,0,0
-35463,0,0
-265154,0,0
49370,0,0
-16713,0,0
-72821,0,0
163044,0,0
31335,0,0
2321,0,0
-26401,0,0
-124708,0,0
193559,0,0
201263,0,0
-81716,0,0
-78380,0,0
21901,0,0
-122318,0,0
47872,0,0
2676,0,0
7615,0,0
96136,0,0
-15595,0,0
-186322,0,0
-7799,0,0
-127375,0,0
-49533,0,0
84469,0,0
-263282,0,0
-62149,0,0
202440,0,0
9030,0,0
-28436,0,0
101119,0,0
-14760,0,0
111872,0,0
-36223,0,0
-123910,0,0
51325,0,0
40200,0,0
71572,0,0
126070,0,0
147395,0,0
4743,0,0
268284,0,0
95326,0,0
-5473,0,0
12891,0,0
31021,0,0
-10309,0,0
37063,0,0
64584,0,0
290852,0,0
180070,0,0
-143176,0,0
-53899,0,0
-12602,0,0
-90411,0,0
13478,0,0
77340,0,0
-23536,0,0
-89361,0,0
-78582,0,0
-331842,0,0
-185142,0,0
-228054,0,0
30955,0,0
77225,0,0
-207759,0,0
-235934,0,0
-29194,0,0
-177989,0,0
-199916,0,0
-414340,0,0
-541195,0,0
-449227,0,0
-307444,0,0
-252656,0,0
166184,0,0
216876,0,0
116698,0,0
-80111,0,0
-571426,0,0
-680059,0,0
-282431,0,0
-356115,0,0
-262564,0,0
58580,0,0
-2729,0,0
-133962,0,0
-212627,0,0
-291996,0,0
-187901,0,0
2780,0,0
-88248,0,0
-112700,0,0
-238900,0,0
-342587,0,0
-224455,0,0
-240184,0,0
-171912,0,0
-37061,0,0
-171232,0,0
-135358,0,0
-44861,0,0
-221280,0,0
-179777,0,0
-107512,0,0
-140206,0,0
-196094,0,0
-16771,0,0
-96152,0,0
22305,0,0
-5155,0,0
-383738,0,0
-181393,0,0
-6101,0,0
-286061,0,0
44710,0,0
142061,0,0
11723,0,0
59643,0,0
-63383,0,0
-259866,0,0
-29909,0,0
-29306,0,0
-144962,0,0
-35719,0,0
101897,0,0
93925,0,0
142690,0,0
-231352,0,0
-171360,0,0
-99400,0,0
-94992,0,0
111325,0,0
18319,0,0
8840,0,0
8241,0,0
17612,0,0
208433,0,0
165178,0,0
-145351,0,0
-115932,0,0
40548,0,0
-86072,0,0
6978,0,0
142989,0,0
350618,0,0
124998,0,0
-60190,0,0
-61803,0,0
113636,0,0
219707,0,0
-8464,0,0
179907,0,0
70651,0,0
-20586,0,0
136293,0,0
94379,0,0
-193914,0,0
49622,0,0
-27218,0,0
-54066,0,0
103470,0,0
-88119,0,0
-137344,0,0
135118,0,0
-29104,0,0
-77709,0,0
-66826,0,0
-290890,0,0
-409656,0,0
-164674,0,0
-283896,0,0
-25012,0,0
125646,0,0
-50566,0,0
27941,0,0
-226885,0,0
-484810,0,0
-96026,0,0
-62145,0,0
31121,0,0
139842,0,0
-292017,0,0
1437,0,0
8640,0,0
-179214,0,0
-85646,0,0
71858,0,0
42626,0,0
96553,0,0
-16829,0,0
-140672,0,0
42838,0,0
95686,0,0
-151073,0,0
101957,0,0
-217703,0,0
-254558,0,0
-130681,0,0
-25576,0,0
-82717,0,0
418731,0,0
-31513,0,0
-132426,0,0
-89230,0,0
-223726,0,0
-237717,0,0
-113847,0,0
-241657,0,0
-256199,0,0
117010,0,0
62964,0,0
179653,0,0
92367,0,0
11684,0,0
297190,0,0
137479,0,0
-85440,0,0
-41771,0,0
-35333,0,0
-93342,0,0
264771,0,0
275672,0,0
225030,0,0
373010,0,0
207403,0,0
1438,0,0
-32924,0,0
134936,0,0
210950,0,0
361864,0,0
232638,0,0
402694,0,0
168268,0,0
12047,0,0
179790,0,0
155510,0,0
44779,0,0
173374,0,0
22870,0,0
211626,0,0
364970,0,0
187768,0,0
120076,0,0
254159,0,0
191991,0,0
186178,0,0
165129,0,0
-105819,0,0
57858,0,0
105965,0,0
-7673,0,0
159222,0,0
4842,0,0
18815,0,0
402310,0,0
409774,0,0
-23594,0,0
-32327,0,0
-326121,0,0
-165499,0,0
168917,0,0
45500,0,0
110514,0,0
344388,0,0
171675,0,0
146121,0,0
124780,0,0
-207203,0,0
-72353,0,0
212855,0,0
240965,0,0
200691,0,0
194462,0,0
6866,0,0
123277,0,0
12446,0,0
-34846,0,0
189823,0,0
106694,0,0
-5987,0,0
195851,0,0
60584,0,0
-46010,0,0
186246,0,0
-35892,0,0
77618,0,0
94845,0,0
-105884,0,0
44743,0,0
209383,0,0
-43309,0,0
-39646,0,0
106889,0,0
-74762,0,0
44958,0,0
55956,0,0
-60042,0,0
137215,0,0
27033,0,0
-171307,0,0
42616,0,0
-58920,0,0
-66194,0,0
123054,0,0
36502,0,0
55742,0,0
167995,0,0
-153272,0,0
-252302,0,0
-50632,0,0
-245243,0,0
-44626,0,0
-70575,0,0
-182586,0,0
74407,0,0
-95043,0,0
40181,0,0
227843,0,0
294498,0,0
-161266,0,0
-331060,0,0
-362750,0,0
-332277,0,0
-126440,0,0
38324,0,0
1054,0,0
326932,0,0
237824,0,0
96379,0,0
68763,0,0
-171487,0,0
142797,0,0
225728,0,0
51976,0,0
275465,0,0
204408,0,0
248044,0,0
383228,0,0
213702,0,0
124346,0,0
284526,0,0
285942,0,0
277395,0,0
459500,0,0
261021,0,0
57024,0,0
162198,0,0
349565,0,0
490344,0,0
476401,0,0
36763,0,0
104170,0,0
161864,0,0
231390,0,0
407583,0,0
195907,0,0
-76472,0,0
134560,0,0
187273,0,0
-140455,0,0
87565,0,0
-51098,0,0
-121422,0,0
204673,0,0
32009,0,0
16566,0,0
-15604,0,0
-365994,0,0
-237766,0,0
-313852,0,0
-400271,0,0
-162483,0,0
11807,0,0
-259216,0,0
74134,0,0
-259803,0,0
-486281,0,0
-244388,0,0
-271641,0,0
-361805,0,0
-206677,0,0
-195354,0,0
-196252,0,0
-160439,0,0
-347904,0,0
-211479,0,0
-152764,0,0
-205586,0,0
-341044,0,0
-216027,0,0
-392410,0,0
-255380,0,0
-201726,0,0
-355486,0,0
-321473,0,0
-312442,0,0
-253323,0,0
-224876,0,0
-214862,0,0
-505595,0,0
-190523,0,0
-458084,0,0
-314645,0,0
85161,0,0
-107069,0,0
-370083,0,0
-273368,0,0
-233412,0,0
-267573,0,0
-163157,0,0
-219465,0,0
-146473,0,0
-38215,0,0
-184299,0,0
24485,0,0
-189403,0,0
-193371,0,0
10545,0,0
-293827,0,0
-234841,0,0
-57284,0,0
14108,0,0
-196325,0,0
-78017,0,0
-182955,0,0
-85627,0,0
65157,0,0
132254,0,0
100869,0,0
67389,0,0
-262505,0,0
-127530,0,0
-311668,0,0
-523015,0,0
-68502,0,0
169236,0,0
33950,0,0
365053,0,0
265826,0,0
46928,0,0
41819,0,0
-191750,0,0
-255640,0,0
-187447,0,0
-212796,0,0
151631,0,0
96344,0,0
-30937,0,0
140705,0,0
448899,0,0
62312,0,0
-128617,0,0
-221572,0,0
-160844,0,0
130633,0,0
323636,0,0
268468,0,0
281432,0,0
12960,0,0
-247687,0,0
13330,0,0
-210069,0,0
-29888,0,0
264598,0,0
57979,0,0
13556,0,0
-29339,0,0
-122136,0,0
-252734,0,0
-61459,0,0
-132192,0,0
28039,0,0
89395,0,0
-99080,0,0
-123634,0,0
-238279,0,0
-238071,0,0
-159711,0,0
-262059,0,0
-168510,0,0
6936,0,0
-48345,0,0
-32984,0,0
6678,0,0
-244123,0,0
-107139,0,0
164354,0,0
18117,0,0
-207425,0,0
-31835,0,0
-42698,0,0
146630,0,0
170158,0,0
-99512,0,0
70636,0,0
-150962,0,0
-154355,0,0
39913,0,0
161613,0,0
236370,0,0
393615,0,0
-10330,0,0
-204880,0,0
-93695,0,0
-192452,0,0
-130962,0,0
-42202,0,0
-47430,0,0
4346,0,0
320847,0,0
-102066,0,0
-185159,0,0
114690,0,0
-20781,0,0
15202,0,0
-66619,0,0
-146793,0,0
4907,0,0
127002,0,0
-100878,0,0
93255,0,0
31110,0,0
7226,0,0
343257,0,0
-102912,0,0
-17527,0,0
137440,0,0
225143,0,0
254909,0,0
144346,0,0
60556,0,0
210851,0,0
132444,0,0
26388,0,0
291332,0,0
396711,0,0
226561,0,0
256071,0,0
1082,0,0
82638,0,0
341905,0,0
64857,0,0
270526,0,0
336320,0,0
124502,0,0
-13883,0,0
164593,0,0
298341,0,0
191908,0,0
65811,0,0
-160417,0,0
32990,0,0
104795,0,0
39703,0,0
148220,0,0
14481,0,0
-192051,0,0
-130709,0,0
-190892,0,0
-287930,0,0
58132,0,0
12491,0,0
119329,0,0
442310,0,0
-36641,0,0
-303369,0,0
-333788,0,0
-275001,0,0
-115827,0,0
-5661,0,0
-114676,0,0
-107156,0,0
15361,0,0
-162684,0,0
-188529,0,0
-166401,0,0
-9328,0,0
421528,0,0
66015,0,0
-430070,0,0
-320565,0,0
-360172,0,0
-118556,0,0
141888,0,0
36067,0,0
13869,0,0
-51425,0,0
8540,0,0
149083,0,0
174321,0,0
-162075,0,0
-68139,0,0
207261,0,0
208650,0,0
484469,0,0
402729,0,0
-41966,0,0
-66969,0,0
-17878,0,0
-118492,0,0
277510,0,0
364704,0,0
313707,0,0
384338,0,0
35779,0,0
-222328,0,0
-195205,0,0
-165973,0,0
-96107,0,0
249371,0,0
83086,0,0
186754,0,0
58265,0,0
-345885,0,0
-124229,0,0
-18672,0,0
-92135,0,0
1947,0,0
-131880,0,0
-277098,0,0
69981,0,0
96645,0,0
-9715,0,0
94392,0,0
-31268,0,0
-79261,0,0
12345,0,0
49485,0,0
43167,0,0
209299,0,0
113119,0,0
270998,0,0
130544,0,0
-228603,0,0
-19754,0,0
68065,0,0
-72790,0,0
191266,0,0
159581,0,0
39918,0,0
281655,0,0
40791,0,0
15078,0,0
225961,0,0
-106331,0,0
-238282,0,0
-16180,0,0
-6826,0,0
51412,0,0
162414,0,0
-89311,0,0
-34135,0,0
131735,0,0
-162324,0,0
69749,0,0
140391,0,0
-76022,0,0
103761,0,0
-6147,0,0
-119391,0,0
178424,0,0
-70592,0,0
-137662,0,0
79558,0,0
-17751,0,0
-80503,0,0
-124730,0,0
123815,0,0
121738,0,0
556232,0,0
307038,0,0
100348,0,0
-169207,0,0
-271451,0,0
-116735,0,0
-83298,0,0
55146,0,0
488094,0,0
472223,0,0
38497,0,0
259089,0,0
23639,0,0
136411,0,0
215101,0,0
-154300,0,0
-182480,0,0
-109941,0,0
-70990,0,0
-40392,0,0
384486,0,0
72564,0,0
-54138,0,0
-114568,0,0
-507228,0,0
-256704,0,0
-123349,0,0
140617,0,0
208270,0,0
-108446,0,0
-546066,0,0
-246639,0,0
-122778,0,0
-310043,0,0
-66682,0,0
-165188,0,0
-251027,0,0
-160170,0,0
-28432,0,0
-19367,0,0
22528,0,0
-311635,0,0
-151516,0,0
-170359,0,0
-356135,0,0
-136065,0,0
35720,0,0
-156221,0,0
-63075,0,0
79432,0,0
-145013,0,0
16845,0,0
-238793,0,0
-176027,0,0
173705,0,0
78682,0,0
-112981,0,0
38302,0,0
-3920,0,0
29751,0,0
323401,0,0
-96463,0,0
-109879,0,0
82603,0,0
140444,0,0
399346,0,0
205953,0,0
94940,0,0
200283,0,0
97950,0,0
-44870,0,0
458008,0,0
231123,0,0
42783,0,0
206365,0,0
177480,0,0
232544,0,0
257907,0,0
152449,0,0
45788,0,0
111347,0,0
-232837,0,0
61869,0,0
131298,0,0
-51896,0,0
289337,0,0
589131,0,0
155405,0,0
-89301,0,0
-285450,0,0
-384730,0,0
-110974,0,0
-120607,0,0
-34573,0,0
253395,0,0
-64205,0,0
-179589,0,0
-78744,0,0
-334515,0,0
-338862,0,0
-63005,0,0
-338675,0,0
-215258,0,0
178192,0,0
112277,0,0
-116414,0,0
-546915,0,0
-743315,0,0
-485267,0,0
-469227,0,0
-573954,0,0
174398,0,0
99259,0,0
-192719,0,0
25478,0,0
-300078,0,0
-60226,0,0
-182240,0,0
-456095,0,0
-321538,0,0
-704,0,0
-399127,0,0
-275093,0,0
-70626,0,0
45323,0,0
255144,0,0
81557,0,0
-139376,0,0
-150498,0,0
-176570,0,0
-345130,0,0
110225,0,0
66815,0,0
-253257,0,0
27432,0,0
110796,0,0
7606,0,0
149665,0,0
8554,0,0
-4930,0,0
146637,0,0
-87275,0,0
-75586,0,0
98496,0,0
-89037,0,0
219626,0,0
301648,0,0
218422,0,0
220103,0,0
14246,0,0
-122717,0,0
273288,0,0
93764,0,0
71792,0,0
482077,0,0
314341,0,0
375409,0,0
332751,0,0
355674,0,0
222134,0,0
377539,0,0
187305,0,0
355298,0,0
502233,0,0
264948,0,0
413798,0,0
418123,0,0
518760,0,0
586174,0,0
389648,0,0
-21973,0,0
175668,0,0
116553,0,0
-56629,0,0
359606,0,0
284499,0,0
63120,0,0
134353,0,0
248698,0,0
105727,0,0
-97382,0,0
-461999,0,0
-254738,0,0
60887,0,0
-261644,0,0
-53909,0,0
-313485,0,0
-365128,0,0
-252816,0,0
-217264,0,0
-368950,0,0
-147938,0,0
-80967,0,0
-246897,0,0
-426149,0,0
-586767,0,0
-450872,0,0
-399568,0,0
-612357,0,0
-379705,0,0
-101962,0,0
-375232,0,0
-18883,0,0
91548,0,0
-303063,0,0
-62550,0,0
-186533,0,0
-111999,0,0
66961,0,0
-95367,0,0
-353006,0,0
-18665,0,0
-10811,0,0
159686,0,0
560389,0,0
295143,0,0
208110,0,0
199807,0,0
114775,0,0
-5814,0,0
106924,0,0
118455,0,0
370318,0,0
479074,0,0
429878,0,0
270273,0,0
115724,0,0
204729,0,0
386444,0,0
456834,0,0
35831,0,0
217739,0,0
73862,0,0
24130,0,0
310990,0,0
229927,0,0
219280,0,0
247753,0,0
216295,0,0
-108840,0,0
-56210,0,0
-246204,0,0
83691,0,0
242289,0,0
-226854,0,0
-63332,0,0
-8861,0,0
-86609,0,0
-69446,0,0
-97326,0,0
-285250,0,0
-29845,0,0
-43400,0,0
-335081,0,0
-60369,0,0
-236963,0,0
-204776,0,0
-144960,0,0
-139248,0,0
27283,0,0
266375,0,0
-215146,0,0
-224160,0,0
-236725,0,0
-402569,0,0
-217452,0,0
21483,0,0
88582,0,0
73012,0,0
66659,0,0
-242539,0,0
-141684,0,0
-253742,0,0
-341210,0,0
123302,0,0
86216,0,0
68698,0,0
-122139,0,0
-124335,0,0
-258025,0,0
-171722,0,0
-332601,0,0
104409,0,0
300251,0,0
-187448,0,0
-117887,0,0
79067,0,0
-117832,0,0
-17415,0,0
-140065,0,0
-203648,0,0
518161,0,0
392602,0,0
15912,0,0
179897,0,0
81579,0,0
166912,0,0
240860,0,0
190424,0,0
200226,0,0
445453,0,0
253588,0,0
441912,0,0
579928,0,0
69409,0,0
218472,0,0
329927,0,0
383156,0,0
251973,0,0
260083,0,0
111936,0,0
356044,0,0
114551,0,0
284345,0,0
553287,0,0
111801,0,0
-7584,0,0
99003,0,0
135227,0,0
273639,0,0
219976,0,0
-118559,0,0
20766,0,0
186709,0,0
-170267,0,0
1265,0,0
-44007,0,0
-33462,0,0
-49730,0,0
-179807,0,0
-451252,0,0
-128490,0,0
-201194,0,0
-304049,0,0
20027,0,0
-377998,0,0
-435782,0,0
-330752,0,0
-477435,0,0
-457382,0,0
-319182,0,0
-567736,0,0
-389266,0,0
-389751,0,0
-621146,0,0
-425290,0,0
-402973,0,0
-450363,0,0
-562870,0,0
-448966,0,0
-813942,0,0
-515987,0,0
-508555,0,0
-630890,0,0
-397310,0,0
-570541,0,0
-318378,0,0
-180227,0,0
-380869,0,0
-752337,0,0
-211235,0,0
-293203,0,0
-328063,0,0
-68662,0,0
-87804,0,0
12997,0,0
74309,0,0
-35481,0,0
-58496,0,0
78365,0,0
-209254,0,0
103288,0,0
305120,0,0
417091,0,0
602399,0,0
195984,0,0
40903,0,0
77013,0,0
106505,0,0
55163,0,0
337956,0,0
139355,0,0
442352,0,0
316035,0,0
-31388,0,0
118872,0,0
39100,0,0
164237,0,0
159658,0,0
-15377,0,0
-322991,0,0
123958,0,0
178143,0,0
-87923,0,0
154405,0,0
-207324,0,0
-271436,0,0
-296983,0,0
-169818,0,0
23487,0,0
169171,0,0
55103,0,0
240897,0,0
174585,0,0
-131947,0,0
-14371,0,0
-36005,0,0
-354156,0,0
-122104,0,0
-836,0,0
-4519,0,0
908047,0,0
636162,0,0
-121981,0,0
-226397,0,0
-328763,0,0
52421,0,0
421654,0,0
254014,0,0
53481,0,0
341937,0,0
-141646,0,0
-94410,0,0
27899,0,0
-253887,0,0
137228,0,0
177322,0,0
23043,0,0
-49819,0,0
17067,0,0
-218432,0,0
1154,0,0
-225922,0,0
-511375,0,0
-178871,0,0
-290395,0,0
-155592,0,0
-34155,0,0
-138420,0,0
-322584,0,0
-158082,0,0
-486961,0,0
-116282,0,0
-173902,0,0
-451457,0,0
-411724,0,0
-379581,0,0
-404349,0,0
-88657,0,0
-364541,0,0
-423599,0,0
191662,0,0
107498,0,0
-38641,0,0
217703,0,0
149205,0,0
-111092,0,0
-177399,0,0
-221708,0,0
-135721,0,0
220846,0,0
114044,0,0
397363,0,0
582532,0,0
340827,0,0
337398,0,0
336607,0,0
91421,0,0
219229,0,0
331493,0,0
305110,0,0
463009,0,0
427533,0,0
209211,0,0
410958,0,0
328617,0,0
246955,0,0
114883,0,0
240894,0,0
263017,0,0
310757,0,0
60958,0,0
81734,0,0
219919,0,0
-119211,0,0
185229,0,0
261395,0,0
78270,0,0
-51095,0,0
14634,0,0
-99742,0,0
331278,0,0
-84162,0,0
-400667,0,0
-241363,0,0
-107891,0,0
-108400,0,0
191726,0,0
70825,0,0
229742,0,0
382793,0,0
-315987,0,0
-135147,0,0
75139,0,0
-275729,0,0
-38552,0,0
83096,0,0
-67501,0,0
88784,0,0
52807,0,0
90361,0,0
151195,0,0
-168273,0,0
-256148,0,0
83795,0,0
-118728,0,0
-12518,0,0
-29226,0,0
-186399,0,0
-101604,0,0
138725,0,0
-64852,0,0
-44009,0,0
66490,0,0
-176521,0,0
60155,0,0
33368,0,0
-115983,0,0
-138194,0,0
-191343,0,0
-322154,0,0
54908,0,0
152570,0,0
61180,0,0
623628,0,0
178909,0,0
-288421,0,0
-458934,0,0
-280802,0,0
-174499,0,0
-17273,0,0
-85926,0,0
-72770,0,0
85481,0,0
-247934,0,0
85302,0,0
100969,0,0
-30594,0,0
-99189,0,0
-237229,0,0
-574823,0,0
-58828,0,0
-71894,0,0
-154499,0,0
240280,0,0
973,0,0
-81269,0,0
-81363,0,0
16164,0,0
-133477,0,0
86849,0,0
-316310,0,0
-96278,0,0
15668,0,0
20543,0,0
466325,0,0
21815,0,0
-64914,0,0
-127235,0,0
-40982,0,0
-226175,0,0
260752,0,0
129745,0,0
-152820,0,0
202676,0,0
148475,0,0
-17459,0,0
-56421,0,0
63086,0,0
-28894,0,0
325602,0,0
-40399,0,0
-64168,0,0
16607,0,0
-131385,0,0
-25283,0,0
54647,0,0
-85785,0,0
76185,0,0
27881,0,0
-359134,0,0
-36738,0,0
-101408,0,0
-152151,0,0
-25473,0,0
-228072,0,0
-307214,0,0
-167210,0,0
28631,0,0
140284,0,0
440966,0,0
-233392,0,0
-312986,0,0
-62457,0,0
-121853,0,0
258715,0,0
227215,0,0
168576,0,0
148994,0,0
27293,0,0
-122000,0,0
253893,0,0
237868,0,0
69356,0,0
682261,0,0
226757,0,0
-79843,0,0
329969,0,0
312503,0,0
-3032,0,0
168685,0,0
-34874,0,0
126950,0,0
226420,0,0
87178,0,0
267675,0,0
195915,0,0
21842,0,0
179665,0,0
81925,0,0
-259736,0,0
-63628,0,0
-85662,0,0
-102190,0,0
54600,0,0
-35737,0,0
-71907,0,0
30633,0,0
-40169,0,0
-329365,0,0
24129,0,0
-271860,0,0
-264991,0,0
-26485,0,0
-447185,0,0
-192857,0,0
-22576,0,0
-200079,0,0
-98178,0,0
-269258,0,0
-502281,0,0
233228,0,0
68646,0,0
-275543,0,0
139175,0,0
-153473,0,0
-205538,0,0
-70214,0,0
-74698,0,0
-259873,0,0
-47715,0,0
-220131,0,0
77532,0,0
379458,0,0
-51006,0,0
292802,0,0
127086,0,0
37970,0,0
-129892,0,0
10735,0,0
-44693,0,0
398393,0,0
247750,0,0
-37532,0,0
171483,0,0
-120242,0,0
-49893,0,0
-20785,0,0
22096,0,0
15684,0,0
415971,0,0
-55845,0,0
-65443,0,0
-176044,0,0
-528535,0,0
-284588,0,0
-36609,0,0
-116043,0,0
-210178,0,0
-182054,0,0
-353049,0,0
-45505,0,0
-368732,0,0
-588108,0,0
-119742,0,0
-150911,0,0
-114241,0,0
-170888,0,0
-210035,0,0
-156244,0,0
290725,0,0
-133376,0,0
-56477,0,0
294592,0,0
-188511,0,0
-41973,0,0
52935,0,0
79020,0,0
178319,0,0
182720,0,0
-94598,0,0
222465,0,0
35793,0,0
66056,0,0
349901,0,0
64078,0,0
-52587,0,0
-31424,0,0
189112,0,0
214232,0,0
575775,0,0
28039,0,0
72578,0,0
151262,0,0
-224529,0,0
35386,0,0
347665,0,0
310556,0,0
279465,0,0
207099,0,0
56722,0,0
267723,0,0
114901,0,0
-180460,0,0
202790,0,0
-101393,0,0
-119979,0,0
101907,0,0
47320,0,0
60181,0,0
107256,0,0
-207241,0,0
432,0,0
-24411,0,0
-99051,0,0
-17113,0,0
-94841,0,0
-169987,0,0
9977,0,0
-65696,0,0
-417811,0,0
48634,0,0
-5615,0,0
77166,0,0
552521,0,0
115357,0,0
-70221,0,0
167936,0,0
123264,0,0
-15967,0,0
192635,0,0
-4084,0,0
141452,0,0
379059,0,0
216522,0,0
354582,0,0
249395,0,0
215357,0,0
174826,0,0
303759,0,0
124902,0,0
673254,0,0
373400,0,0
130744,0,0
500693,0,0
165549,0,0
-17944,0,0
39196,0,0
202191,0,0
429265,0,0
477810,0,0
-103978,0,0
167536,0,0
433047,0,0
3114,0,0
-12349,0,0
-945,0,0
-26205,0,0
-9536,0,0
24143,0,0
-348290,0,0
-92907,0,0
-189366,0,0
-528133,0,0
-72562,0,0
-65584,0,0
-101470,0,0
-184313,0,0
-493773,0,0
-675434,0,0
-310371,0,0
-397478,0,0
-78695,0,0
154291,0,0
-107978,0,0
-193975,0,0
-256890,0,0
-156752,0,0
-56194,0,0
-138640,0,0
-344595,0,0
-21316,0,0
-4849,0,0
-4250,0,0
469258,0,0
216670,0,0
-56520,0,0
361,0,0
-124992,0,0
-48292,0,0
369708,0,0
9053,0,0
86303,0,0
181892,0,0
-211131,0,0
-85972,0,0
6746,0,0
-119324,0,0
94973,0,0
402786,0,0
80517,0,0
277966,0,0
-7860,0,0
-135487,0,0
154799,0,0
-98942,0,0
-100380,0,0
-29033,0,0
-74044,0,0
57502,0,0
370353,0,0
24040,0,0
101626,0,0
215288,0,0
-106021,0,0
-50269,0,0
-88540,0,0
-71024,0,0
115708,0,0
338025,0,0
-12070,0,0
77179,0,0
-238413,0,0
-264284,0,0
391264,0,0
401492,0,0
216273,0,0
-20531,0,0
-86059,0,0
-49163,0,0
147333,0,0
80737,0,0
241121,0,0
441578,0,0
245162,0,0
643374,0,0
669819,0,0
170560,0,0
235505,0,0
305428,0,0
-14952,0,0
425679,0,0
229602,0,0
229688,0,0
544951,0,0
394802,0,0
245598,0,0
287545,0,0
218835,0,0
290755,0,0
435489,0,0
20124,0,0
36773,0,0
99523,0,0
-234276,0,0
-112124,0,0
1674,0,0
-138825,0,0
-54088,0,0
-85699,0,0
-309008,0,0
-189725,0,0
-70099,0,0
-302044,0,0
33539,0,0
-191606,0,0
-342636,0,0
-137074,0,0
-157447,0,0
-181055,0,0
-15645,0,0
-312259,0,0
-245769,0,0
-12788,0,0
-372310,0,0
-76084,0,0
-76401,0,0
-137615,0,0
-61112,0,0
62735,0,0
-180264,0,0
-24824,0,0
-109893,0,0
-316916,0,0
114747,0,0
100577,0,0
176541,0,0
-46620,0,0
-237219,0,0
-355315,0,0
30312,0,0
-100685,0,0
125165,0,0
239638,0,0
-225560,0,0
-58502,0,0
52249,0,0
-7890,0,0
71068,0,0
-25673,0,0
-325852,0,0
-3052,0,0
-91092,0,0
-373509,0,0
45906,0,0
-287506,0,0
-133368,0,0
-66408,0,0
50501,0,0
-169412,0,0
79256,0,0
-480291,0,0
-242325,0,0
-51058,0,0
-412325,0,0
-256933,0,0
-135532,0,0
-141951,0,0
73838,0,0
51163,0,0
-319679,0,0
-30537,0,0
-282821,0,0
-252271,0,0
213571,0,0
-43531,0,0
-121974,0,0
9630,0,0
356159,0,0
158362,0,0
293900,0,0
-4785,0,0
77050,0,0
444419,0,0
103969,0,0
282573,0,0
159511,0,0
306165,0,0
619619,0,0
542565,0,0
132220,0,0
428410,0,0
452566,0,0
197310,0,0
423623,0,0
328559,0,0
398802,0,0
350278,0,0
331435,0,0
101082,0,0
524294,0,0
419028,0,0
60128,0,0
219462,0,0
18756,0,0
253911,0,0
57546,0,0
-111222,0,0
-2490,0,0
328453,0,0
-38184,0,0
97055,0,0
214085,0,0
-190823,0,0
-156563,0,0
-382363,0,0
-75776,0,0
-23768,0,0
-68612,0,0
-323093,0,0
-259601,0,0
-399225,0,0
-136030,0,0
154425,0,0
-283869,0,0
-248532,0,0
-254550,0,0
-297065,0,0
-244959,0,0
-300287,0,0
-375714,0,0
2648,0,0
-133800,0,0
-456595,0,0
-11538,0,0
-209408,0,0
-291518,0,0
-303845,0,0
-130409,0,0
-281249,0,0
-172207,0,0
-370605,0,0
-17568,0,0
-136438,0,0
-195980,0,0
-23674,0,0
-24334,0,0
-277825,0,0
-338117,0,0
-269045,0,0
-431994,0,0
-212365,0,0
-202520,0,0
-265051,0,0
189803,0,0
41934,0,0
-211540,0,0
-264589,0,0
-274200,0,0
-411452,0,0
-230919,0,0
-316037,0,0
-146431,0,0
200983,0,0
-98794,0,0
-101991,0,0
-228036,0,0
-357248,0,0
-161898,0,0
45794,0,0
-123717,0,0
186501,0,0
-112254,0,0
-192127,0,0
228074,0,0
145326,0,0
13464,0,0
-119689,0,0
101863,0,0
214856,0,0
395736,0,0
97605,0,0
29431,0,0
241957,0,0
176899,0,0
371890,0,0
344797,0,0
389786,0,0
373526,0,0
397331,0,0
303945,0,0
397766,0,0
277381,0,0
-2942,0,0
373146,0,0
390653,0,0
393880,0,0
269788,0,0
230093,0,0
47273,0,0
363850,0,0
83943,0,0
162426,0,0
179216,0,0
-177890,0,0
97317,0,0
-93538,0,0
-155188,0,0
-135084,0,0
-32463,0,0
-374872,0,0
-28234,0,0
-22595,0,0
-245146,0,0
-144999,0,0
-284635,0,0
-467886,0,0
-563654,0,0
-243655,0,0
-229670,0,0
-113788,0,0
-196673,0,0
-233984,0,0
-225415,0,0
-516943,0,0
-222603,0,0
-58519,0,0
-230210,0,0
-125439,0,0
-57299,0,0
-262026,0,0
-15776,0,0
-191408,0,0
-369818,0,0
-22044,0,0
-173798,0,0
-21398,0,0
-5011,0,0
139244,0,0
85595,0,0
243495,0,0
-158638,0,0
102962,0,0
147494,0,0
-200667,0,0
54181,0,0
-16542,0,0
111159,0,0
111529,0,0
347294,0,0
133328,0,0
371828,0,0
132222,0,0
248869,0,0
573748,0,0
251640,0,0
48044,0,0
27910,0,0
166159,0,0
188184,0,0
490628,0,0
65508,0,0
185250,0,0
468242,0,0
-37162,0,0
-32140,0,0
349439,0,0
328281,0,0
197391,0,0
52450,0,0
-383691,0,0
-107879,0,0
-116404,0,0
-163665,0,0
-79251,0,0
88503,0,0
216145,0,0
48252,0,0
-130395,0,0
-332939,0,0
-178692,0,0
-495647,0,0
-302947,0,0
53355,0,0
-14915,0,0
127802,0,0
5201,0,0
-103776,0,0
-244757,0,0
-219808,0,0
-609722,0,0
-263845,0,0
-105434,0,0
-101188,0,0
169522,0,0
223117,0,0
49984,0,0
-127396,0,0
-20281,0,0
-232786,0,0
-10877,0,0
-357045,0,0
-210421,0,0
5059,0,0
-80038,0,0
206390,0,0
94770,0,0
48525,0,0
-146072,0,0
-104818,0,0
-239543,0,0
114719,0,0
57794,0,0
-147755,0,0
228903,0,0
62190,0,0
-125935,0,0
-138531,0,0
-29632,0,0
64843,0,0
191761,0,0
-198857,0,0
50357,0,0
276996,0,0
-151342,0,0
34742,0,0
86810,0,0
-56245,0,0
146436,0,0
364570,0,0
-32545,0,0
200947,0,0
8086,0,0
-320720,0,0
86060,0,0
-19112,0,0
-114053,0,0
69792,0,0
286865,0,0
96101,0,0
3995,0,0
-420251,0,0
-236629,0,0
174802,0,0
-60509,0,0
232239,0,0
153665,0,0
117766,0,0
-75642,0,0
-187612,0,0
-510002,0,0
-15577,0,0
-34866,0,0
-75599,0,0
146998,0,0
-25326,0,0
-117349,0,0
-63904,0,0
5315,0,0
-213668,0,0
87777,0,0
-195392,0,0
-109694,0,0
135348,0,0
-150826,0,0
-8345,0,0
-162342,0,0
-61040,0,0
-64063,0,0
204743,0,0
65576,0,0
147478,0,0
-10288,0,0
960,0,0
116310,0,0
-86387,0,0
18283,0,0
121125,0,0
159097,0,0
-132000,0,0
191946,0,0
-26865,0,0
340050,0,0
562399,0,0
9121,0,0
-68341,0,0
52338,0,0
25177,0,0
386684,0,0
553679,0,0
-13136,0,0
53057,0,0
85041,0,0
-165226,0,0
221754,0,0
191955,0,0
233523,0,0
213076,0,0
330536,0,0
148093,0,0
256578,0,0
-240204,0,0
-318763,0,0
-60260,0,0
-55449,0,0
562549,0,0
255791,0,0
-92646,0,0
55678,0,0
34830,0,0
-186504,0,0
-38798,0,0
-97313,0,0
-9528,0,0
434059,0,0
85771,0,0
151326,0,0
176249,0,0
84325,0,0
-133688,0,0
79268,0,0
-73876,0,0
-16027,0,0
212037,0,0
-270689,0,0
-81232,0,0
149606,0,0
47819,0,0
209392,0,0
180299,0,0
-86872,0,0
180494,0,0
-265676,0,0
-392118,0,0
126187,0,0
246894,0,0
281118,0,0
41886,0,0
193227,0,0
242789,0,0
371819,0,0
-79991,0,0
-128418,0,0
179007,0,0
-105038,0,0
244637,0,0
262322,0,0
69942,0,0
92641,0,0
329911,0,0
20954,0,0
203125,0,0
46370,0,0
29838,0,0
314629,0,0
63423,0,0
-26891,0,0
62387,0,0
48547,0,0
-42737,0,0
204392,0,0
-15317,0,0
-80875,0,0
196765,0,0
-111758,0,0
-51343,0,0
308806,0,0
327040,0,0
176592,0,0
-50748,0,0
-306948,0,0
40686,0,0
-62741,0,0
-369222,0,0
48206,0,0
80352,0,0
81011,0,0
2994,0,0
-56441,0,0
-130528,0,0
70479,0,0
-72570,0,0
1728,0,0
-10717,0,0
-158019,0,0
-131455,0,0
-93830,0,0
47156,0,0
187786,0,0
287287,0,0
-110250,0,0
-93504,0,0
-96526,0,0
-342506,0,0
129119,0,0
204919,0,0
180260,0,0
261256,0,0
285834,0,0
63362,0,0
89629,0,0
70930,0,0
251673,0,0
269767,0,0
-15475,0,0
142501,0,0
382125,0,0
159878,0,0
58214,0,0
-1818,0,0
-26596,0,0
188741,0,0
89951,0,0
-99011,0,0
17765,0,0
-46556,0,0
61313,0,0
370000,0,0
290814,0,0
-170629,0,0
-94328,0,0
-405893,0,0
-57722,0,0
134945,0,0
-231640,0,0
-44433,0,0
-55922,0,0
-473,0,0
243045,0,0
295336,0,0
-238892,0,0
-318803,0,0
-213104,0,0
-32135,0,0
456199,0,0
661,0,0
-244918,0,0
-65477,0,0
88077,0,0
-221656,0,0
109804,0,0
-110509,0,0
-39357,0,0
-50239,0,0
-289937,0,0
-61880,0,0
177877,0,0
-1997,0,0
66448,0,0
261259,0,0
-255828,0,0
-157210,0,0
-217398,0,0
-261269,0,0
107808,0,0
93488,0,0
130531,0,0
-37391,0,0
161031,0,0
-85729,0,0
48553,0,0
-259565,0,0
-59603,0,0
201239,0,0
-106001,0,0
313,0,0
-11165,0,0
29336,0,0
88478,0,0
240134,0,0
-138992,0,0
-140404,0,0
7685,0,0
68297,0,0
284740,0,0
78156,0,0
-182865,0,0
-302542,0,0
-59780,0,0
-110221,0,0
114456,0,0
-140963,0,0
71698,0,0
304526,0,0
-140741,0,0
-106020,0,0
-259690,0,0
-231960,0,0
-40306,0,0
-112516,0,0
-348317,0,0
-1185,0,0
192810,0,0
-88031,0,0
88131,0,0
-191945,0,0
-316338,0,0
-363222,0,0
-134081,0,0
-244666,0,0
125993,0,0
-214302,0,0
-221172,0,0
-107501,0,0
-462900,0,0
-345555,0,0
-243933,0,0
-82159,0,0
-210906,0,0
-265876,0,0
-568955,0,0
-342007,0,0
-257351,0,0
-168493,0,0
280604,0,0
212962,0,0
-112406,0,0
-262462,0,0
-75673,0,0
-352529,0,0
-36705,0,0
-132856,0,0
37604,0,0
307971,0,0
4296,0,0
-27046,0,0
293280,0,0
142646,0,0
51654,0,0
211714,0,0
22105,0,0
140326,0,0
117629,0,0
-22942,0,0
231370,0,0
-13096,0,0
-33535,0,0
-25937,0,0
40400,0,0
46013,0,0
315122,0,0
110473,0,0
98050,0,0
156464,0,0
-39702,0,0
80314,0,0
142695,0,0
-22,0,0
-51658,0,0
46235,0,0
-157793,0,0
-13001,0,0
-46723,0,0
-217502,0,0
94862,0,0
-50245,0,0
6130,0,0
89811,0,0
907,0,0
-262195,0,0
-115933,0,0
-315203,0,0
-182886,0,0
35092,0,0
13670,0,0
-39362,0,0
3857,0,0
-128957,0,0
-161377,0,0
-95226,0,0
-198096,0,0
108848,0,0
101141,0,0
-279006,0,0
84561,0,0
3259,0,0
-138788,0,0
-250248,0,0
-6518,0,0
-132245,0,0
257131,0,0
-126517,0,0
-29851,0,0
36217,0,0
-262943,0,0
-44310,0,0
-3141,0,0
-94670,0,0
-14273,0,0
-17768,0,0
-141350,0,0
25660,0,0
-36920,0,0
-193411,0,0
87142,0,0
-11327,0,0
33250,0,0
92262,0,0
26921,0,0
-262419,0,0
-106622,0,0
-212193,0,0
-153098,0,0
161377,0,0
-29828,0,0
-110697,0,0
39319,0,0
191483,0,0
132668,0,0
4465,0,0
-392230,0,0
25583,0,0
70389,0,0
-118365,0,0
54674,0,0
110040,0,0
-27030,0,0
371211,0,0
236751,0,0
14675,0,0
59271,0,0
-42943,0,0
165974,0,0
333112,0,0
3637,0,0
158203,0,0
-25939,0,0
142173,0,0
327865,0,0
257273,0,0
-67587,0,0
174443,0,0
283225,0,0
-67478,0,0
284482,0,0
146722,0,0
-21241,0,0
-190607,0,0
154889,0,0
268364,0,0
364127,0,0
29537,0,0
269968,0,0
346685,0,0
20524,0,0
83946,0,0
-4854,0,0
-26426,0,0
177309,0,0
224158,0,0
-6879,0,0
144133,0,0
108067,0,0
-28061,0,0
194131,0,0
-25812,0,0
-64436,0,0
-31096,0,0
204881,0,0
75532,0,0
298794,0,0
-106639,0,0
-76073,0,0
213620,0,0
-134031,0,0
51501,0,0
-46410,0,0
-43251,0,0
6082,0,0
261847,0,0
127236,0,0
262089,0,0
53275,0,0
-242556,0,0
16229,0,0
5664,0,0
82385,0,0
-60271,0,0
35537,0,0
-221091,0,0
4849,0,0
28594,0,0
114396,0,0
164679,0,0
-272701,0,0
-151212,0,0
10821,0,0
137217,0,0
158435,0,0
27086,0,0
-237831,0,0
-107418,0,0
-104208,0,0
-231931,0,0
-82754,0,0
-56776,0,0
143687,0,0
170341,0,0
-148816,0,0
-107551,0,0
290749,0,0
-89824,0,0
-169383,0,0
-228898,0,0
-337551,0,0
-128917,0,0
6613,0,0
-47815,0,0
59828,0,0
87284,0,0
-384022,0,0
-220516,0,0
-225266,0,0
-430600,0,0
-177098,0,0
-112743,0,0
81051,0,0
80036,0,0
216442,0,0
-213763,0,0
-230391,0,0
-472337,0,0
-213444,0,0
45651,0,0
-143572,0,0
-13483,0,0
85178,0,0
62563,0,0
67413,0,0
115921,0,0
-67392,0,0
117515,0,0
124068,0,0
-63220,0,0
57031,0,0
-26526,0,0
198718,0,0
355226,0,0
463919,0,0
59164,0,0
51521,0,0
-149327,0,0
-72776,0,0
202415,0,0
-9851,0,0
80070,0,0
355091,0,0
411253,0,0
154223,0,0
259606,0,0
-53611,0,0
94750,0,0
59209,0,0
-176126,0,0
145228,0,0
-253,0,0
140070,0,0
77060,0,0
319879,0,0
138181,0,0
73753,0,0
-123151,0,0
148010,0,0
229617,0,0
-101636,0,0
82910,0,0
57948,0,0
-40864,0,0
36644,0,0
22228,0,0
-93938,0,0
76048,0,0
115240,0,0
-41882,0,0
243074,0,0
86302,0,0
-174150,0,0
-170520,0,0
34462,0,0
44202,0,0
445331,0,0
82507,0,0
-125700,0,0
125205,0,0
-268080,0,0
-21060,0,0
98439,0,0
-32889,0,0
178358,0,0
176190,0,0
-112431,0,0
77957,0,0
18389,0,0
-198487,0,0
-109585,0,0
24962,0,0
-206094,0,0
-113141,0,0
-20997,0,0
196658,0,0
399502,0,0
-124822,0,0
-134518,0,0
23707,0,0
-211239,0,0
40131,0,0
172285,0,0
218174,0,0
75164,0,0
172154,0,0
-78166,0,0
240903,0,0
360828,0,0
159188,0,0
233639,0,0
-113168,0,0
-108644,0,0
-45559,0,0
161245,0,0
83346,0,0
245720,0,0
190036,0,0
359511,0,0
78452,0,0
-303135,0,0
-85381,0,0
296203,0,0
145553,0,0
-5640,0,0
64055,0,0
86699,0,0
263684,0,0
193848,0,0
12775,0,0
324852,0,0
212043,0,0
143476,0,0
117348,0,0
76461,0,0
-133601,0,0
201975,0,0
36138,0,0
88011,0,0
302865,0,0
-39607,0,0
90836,0,0
113940,0,0
12200,0,0
-138388,0,0
20712,0,0
-173301,0,0
-82635,0,0
-109876,0,0
-391830,0,0
-247792,0,0
-230742,0,0
-100134,0,0
-32250,0,0
68329,0,0
-139842,0,0
-249416,0,0
-509415,0,0
-565451,0,0
-349488,0,0
-606625,0,0
-235031,0,0
16077,0,0
-91398,0,0
-102553,0,0
-153819,0,0
-409472,0,0
-341903,0,0
-319049,0,0
-225614,0,0
-117140,0,0
-234540,0,0
-210766,0,0
-227137,0,0
-167615,0,0
-300881,0,0
109887,0,0
-133493,0,0
-175434,0,0
-95085,0,0
-240318,0,0
-85796,0,0
162327,0,0
-11396,0,0
-243533,0,0
-21369,0,0
-36986,0,0
-43272,0,0
-55649,0,0
-236701,0,0
-16263,0,0
-28672,0,0
54160,0,0
200731,0,0
27645,0,0
-204256,0,0
146985,0,0
356005,0,0
404706,0,0
122927,0,0
-248483,0,0
-232396,0,0
7609,0,0
289398,0,0
243637,0,0
312361,0,0
-52922,0,0
-3427,0,0
19048,0,0
39840,0,0
383473,0,0
425760,0,0
500173,0,0
314418,0,0
130746,0,0
-149198,0,0
20030,0,0
31573,0,0
194885,0,0
397359,0,0
83708,0,0
28466,0,0
374831,0,0
285183,0,0
139773,0,0
160049,0,0
-134641,0,0
-116345,0,0
-16245,0,0
-145545,0,0
279138,0,0
318838,0,0
118052,0,0
-146723,0,0
-58234,0,0
-135635,0,0
28004,0,0
-168230,0,0
-242458,0,0
80622,0,0
-66382,0,0
110173,0,0
141446,0,0
59160,0,0
-76393,0,0
-35550,0,0
-342995,0,0
-102871,0,0
41564,0,0
-41772,0,0
98345,0,0
-21308,0,0
1720,0,0
-80018,0,0
-170967,0,0
-283646,0,0
23515,0,0
-31797,0,0
-68716,0,0
38606,0,0
-299904,0,0
-160368,0,0
-107411,0,0
-53033,0,0
-51395,0,0
-100114,0,0
-326161,0,0
-338613,0,0
-205684,0,0
-331338,0,0
153678,0,0
193328,0,0
-57048,0,0
-392213,0,0
-316352,0,0
-122874,0,0
49903,0,0
-246358,0,0
-212594,0,0
-9910,0,0
-62733,0,0
-48315,0,0
71951,0,0
-55144,0,0
-197326,0,0
21347,0,0
-51745,0,0
192011,0,0
416355,0,0
-55606,0,0
181066,0,0
87342,0,0
62686,0,0
135661,0,0
90994,0,0
-111713,0,0
107913,0,0
1206,0,0
327526,0,0
779655,0,0
198844,0,0
-52031,0,0
105513,0,0
81379,0,0
48216,0,0
27519,0,0
-106065,0,0
78985,0,0
229439,0,0
85253,0,0
-65463,0,0
43094,0,0
62954,0,0
72299,0,0
32727,0,0
-170304,0,0
14536,0,0
-87317,0,0
-74080,0,0
186682,0,0
-24001,0,0
-87584,0,0
184332,0,0
-8503,0,0
75699,0,0
42542,0,0
-58463,0,0
-111265,0,0
-78533,0,0
-89677,0,0
442986,0,0
230181,0,0
40169,0,0
-150176,0,0
35912,0,0
-165594,0,0
-6636,0,0
-126645,0,0
-124755,0,0
175224,0,0
-171548,0,0
-131783,0,0
-25366,0,0
-128906,0,0
14963,0,0
6378,0,0
-301858,0,0
18812,0,0
35249,0,0
-216280,0,0
-49193,0,0
-120599,0,0
-128090,0,0
-125992,0,0
-146832,0,0
-258364,0,0
-59826,0,0
-128578,0,0
-256616,0,0
-124488,0,0
-414195,0,0
-149010,0,0
119825,0,0
-113520,0,0
-34531,0,0
-172425,0,0
-422339,0,0
-302157,0,0
-94497,0,0
-321887,0,0
-56655,0,0
21115,0,0
-81408,0,0
71925,0,0
-30367,0,0
-131058,0,0
8061,0,0
-119133,0,0
-95449,0,0
142277,0,0
61619,0,0
-78564,0,0
-44394,0,0
-39020,0,0
84799,0,0
172536,0,0
41108,0,0
52724,0,0
159139,0,0
-137049,0,0
10693,0,0
56723,0,0
136292,0,0
138949,0,0
207486,0,0
-18124,0,0
343575,0,0
184891,0,0
-32299,0,0
26867,0,0
-9762,0,0
48268,0,0
109266,0,0
274654,0,0
31870,0,0
91875,0,0
26607,0,0
298099,0,0
148846,0,0
-290941,0,0
-52649,0,0
-57817,0,0
-158879,0,0
-260507,0,0
61446,0,0
304163,0,0
170838,0,0
-283166,0,0
-212544,0,0
30720,0,0
-107699,0,0
-274415,0,0
46176,0,0
-28137,0,0
-74884,0,0
-168662,0,0
-259605,0,0
-264863,0,0
-94100,0,0
-227787,0,0
-49962,0,0
-75143,0,0
-417978,0,0
-411220,0,0
-231903,0,0
-329302,0,0
-167483,0,0
-157060,0,0
-252435,0,0
-57324,0,0
-244915,0,0
-363544,0,0
-339791,0,0
-441010,0,0
-425397,0,0
-298281,0,0
-440362,0,0
-129152,0,0
81364,0,0
-136979,0,0
22329,0,0
-185775,0,0
-39272,0,0
-79376,0,0
-53258,0,0
-238658,0,0
-114274,0,0
-172185,0,0
-61496,0,0
137256,0,0
10637,0,0
44827,0,0
238506,0,0
175390,0,0
6932,0,0
234764,0,0
-29328,0,0
31051,0,0
80012,0,0
-33303,0,0
166101,0,0
193764,0,0
95720,0,0
55892,0,0
199733,0,0
71469,0,0
84163,0,0
-21264,0,0
-62710,0,0
241192,0,0
-74074,0,0
22700,0,0
271740,0,0
214922,0,0
113258,0,0
300624,0,0
98248,0,0
-48035,0,0
17307,0,0
-203739,0,0
-78039,0,0
35899,0,0
-30745,0,0
294421,0,0
269650,0,0
-54771,0,0
232427,0,0
170762,0,0
-195231,0,0
-180075,0,0
-120865,0,0
25086,0,0
-4306,0,0
-299814,0,0
-203299,0,0
325339,0,0
218787,0,0
17329,0,0
-83256,0,0
-303729,0,0
-4759,0,0
-913,0,0
-145640,0,0
-168305,0,0
50533,0,0
111288,0,0
383705,0,0
52118,0,0
-194344,0,0
-128989,0,0
23611,0,0
-129852,0,0
208422,0,0
240352,0,0
282923,0,0
408164,0,0
115713,0,0
22675,0,0
138674,0,0
-47902,0,0
180807,0,0
93449,0,0
219134,0,0
279061,0,0
404532,0,0
195783,0,0
152207,0,0
177008,0,0
7475,0,0
194941,0,0
-83874,0,0
183356,0,0
202011,0,0
63154,0,0
139785,0,0
208743,0,0
102461,0,0
8608,0,0
175649,0,0
-3124,0,0
89640,0,0
130958,0,0
129961,0,0
73038,0,0
218702,0,0
105129,0,0
196928,0,0
459906,0,0
168228,0,0
196675,0,0
-93258,0,0
-132928,0,0
148419,0,0
181779,0,0
378398,0,0
625627,0,0
69120,0,0
-65398,0,0
-70683,0,0
-212190,0,0
47113,0,0
83119,0,0
-44024,0,0
53708,0,0
184774,0,0
69845,0,0
26626,0,0
25055,0,0
-162032,0,0
37432,0,0
-128567,0,0
-242060,0,0
-148697,0,0
-19031,0,0
94794,0,0
322606,0,0
349255,0,0
-78030,0,0
-300321,0,0
-414155,0,0
-285153,0,0
129828,0,0
17122,0,0
-30828,0,0
34097,0,0
-86020,0,0
-46162,0,0
-156873,0,0
-221461,0,0
-105455,0,0
-336723,0,0
-273917,0,0
-45050,0,0
-133221,0,0
-305416,0,0
-356305,0,0
-493464,0,0
-342548,0,0
11828,0,0
91764,0,0
177972,0,0
-94517,0,0
-355570,0,0
-527326,0,0
-289075,0,0
-353310,0,0
-112133,0,0
82186,0,0
260647,0,0
208128,0,0
-204323,0,0
-286310,0,0
-5515,0,0
59335,0,0
-97505,0,0
200001,0,0
65664,0,0
6193,0,0
85016,0,0
-111372,0,0
307713,0,0
377921,0,0
150314,0,0
-20992,0,0
-77328,0,0
-32173,0,0
23273,0,0
129167,0,0
185851,0,0
320031,0,0
188035,0,0
-5829,0,0
80519,0,0
-91812,0,0
-132203,0,0
178873,0,0
7212,0,0
125198,0,0
-51835,0,0
-56042,0,0
-6728,0,0
165305,0,0
-26147,0,0
-66339,0,0
235238,0,0
124165,0,0
-271695,0,0
-203779,0,0
-181826,0,0
234342,0,0
178762,0,0
165760,0,0
322989,0,0
-20425,0,0
-111780,0,0
-59608,0,0
16473,0,0
23416,0,0
91288,0,0
-25637,0,0
29997,0,0
85374,0,0
39957,0,0
145043,0,0
150838,0,0
-103618,0,0
-111331,0,0
-180291,0,0
-204182,0,0
315206,0,0
214008,0,0
-40032,0,0
-90219,0,0
-227920,0,0
-227435,0,0
-82351,0,0
-25682,0,0
-146187,0,0
62831,0,0
-73139,0,0
-14614,0,0
24433,0,0
-207792,0,0
-314457,0,0
-238303,0,0
-100728,0,0
34368,0,0
-123721,0,0
-125625,0,0
160724,0,0
-3043,0,0
-255020,0,0
44898,0,0
4362,0,0
-98190,0,0
78085,0,0
-99757,0,0
-156798,0,0
-35257,0,0
-192273,0,0
-30352,0,0
203149,0,0
129659,0,0
-176197,0,0
127178,0,0
108987,0,0
-24551,0,0
-173158,0,0
-318644,0,0
-68809,0,0
118679,0,0
-1510,0,0
33311,0,0
-13772,0,0
-15322,0,0
10162,0,0
-172036,0,0
-86593,0,0
-115111,0,0
-90093,0,0
131925,0,0
399446,0,0
-199035,0,0
-320948,0,0
-287329,0,0
-275966,0,0
132828,0,0
138747,0,0
378274,0,0
257588,0,0
128824,0,0
85003,0,0
-31245,0,0
-114127,0,0
-118637,0,0
178121,0,0
268218,0,0
241367,0,0
371464,0,0
235481,0,0
229022,0,0
453413,0,0
85708,0,0
153176,0,0
269902,0,0
369228,0,0
449440,0,0
447976,0,0
167046,0,0
314793,0,0
168457,0,0
-24489,0,0
281209,0,0
597624,0,0
418104,0,0
368623,0,0
290775,0,0
219228,0,0
433211,0,0
151888,0,0
182580,0,0
290590,0,0
239876,0,0
188499,0,0
299532,0,0
211309,0,0
210281,0,0
114668,0,0
-58730,0,0
46898,0,0
-36612,0,0
122645,0,0
25866,0,0
-362489,0,0
-218519,0,0
166492,0,0
78853,0,0
-7446,0,0
27445,0,0
-379034,0,0
-251227,0,0
-139232,0,0
-202940,0,0
-266514,0,0
-159264,0,0
-165446,0,0
-183822,0,0
-193952,0,0
-520302,0,0
-238750,0,0
-232647,0,0
-363778,0,0
-234736,0,0
-313878,0,0
-50205,0,0
-21400,0,0
-435490,0,0
-535247,0,0
-361574,0,0
-570404,0,0
-618658,0,0
-360114,0,0
-291190,0,0
-340573,0,0
-85189,0,0
-140422,0,0
-350972,0,0
-511712,0,0
-557694,0,0
-187451,0,0
-133432,0,0
-432856,0,0
-425120,0,0
-425547,0,0
-350672,0,0
-293701,0,0
-415718,0,0
-245287,0,0
-121697,0,0
-250908,0,0
-372590,0,0
-291543,0,0
-445478,0,0
-475705,0,0
-297128,0,0
-44027,0,0
45431,0,0
-180758,0,0
-508256,0,0
-258008,0,0
-124071,0,0
-200103,0,0
-164126,0,0
-152436,0,0
-89450,0,0
137711,0,0
205252,0,0
-196678,0,0
-218003,0,0
-286914,0,0
-26874,0,0
133706,0,0
237760,0,0
138227,0,0
9577,0,0
282204,0,0
191062,0,0
119870,0,0
59177,0,0
228266,0,0
128880,0,0
15778,0,0
216572,0,0
208086,0,0
171282,0,0
450309,0,0
334852,0,0
168598,0,0
296550,0,0
-144708,0,0
113039,0,0
364670,0,0
448273,0,0
438935,0,0
436263,0,0
311548,0,0
128294,0,0
273181,0,0
112392,0,0
293147,0,0
244082,0,0
384566,0,0
453874,0,0
437595,0,0
262173,0,0
460885,0,0
317947,0,0
178288,0,0
430978,0,0
430473,0,0
428624,0,0
413273,0,0
188886,0,0
195491,0,0
435091,0,0
285940,0,0
356723,0,0
410591,0,0
322591,0,0
376150,0,0
242267,0,0
27612,0,0
403978,0,0
362323,0,0
89439,0,0
557514,0,0
386111,0,0
275476,0,0
281517,0,0
5635,0,0
-24674,0,0
76031,0,0
-33268,0,0
205238,0,0
419263,0,0
483766,0,0
274211,0,0
-1191,0,0
-311883,0,0
-263362,0,0
-13606,0,0
87568,0,0
226344,0,0
123091,0,0
106228,0,0
86993,0,0
-191358,0,0
-383319,0,0
-51059,0,0
230690,0,0
142827,0,0
148186,0,0
-162283,0,0
-200664,0,0
-87068,0,0
-200248,0,0
-54529,0,0
58670,0,0
-70478,0,0
214726,0,0
281514,0,0
146912,0,0
239659,0,0
66647,0,0
-309162,0,0
-69311,0,0
-69610,0,0
-27841,0,0
168687,0,0
204805,0,0
219144,0,0
249279,0,0
128284,0,0
-25728,0,0
-22031,0,0
-62503,0,0
-15607,0,0
212659,0,0
110200,0,0
273461,0,0
74044,0,0
-94306,0,0
291124,0,0
292002,0,0
-2388,0,0
-40043,0,0
-10965,0,0
-99047,0,0
127358,0,0
69595,0,0
249460,0,0
260684,0,0
-69830,0,0
-13479,0,0
85157,0,0
-42839,0,0
-43891,0,0
-6509,0,0
-80061,0,0
324953,0,0
227955,0,0
-228086,0,0
-59671,0,0
-241940,0,0
-190707,0,0
169469,0,0
191905,0,0
-6118,0,0
-180782,0,0
-318741,0,0
-158391,0,0
-83756,0,0
-142334,0,0
-74087,0,0
-48997,0,0
-252466,0,0
-111510,0,0
165813,0,0
-209432,0,0
-5582,0,0
-221851,0,0
-299910,0,0
-212867,0,0
-271483,0,0
-217946,0,0
-78360,0,0
-79130,0,0
-157860,0,0
-26307,0,0
-101970,0,0
-130319,0,0
133507,0,0
-163072,0,0
-294748,0,0
-267388,0,0
-112283,0,0
-149697,0,0
-115943,0,0
-346757,0,0
-118032,0,0
44094,0,0
-244338,0,0
-148002,0,0
-81070,0,0
-101651,0,0
-153007,0,0
-365813,0,0
-383731,0,0
-17044,0,0
66088,0,0
42186,0,0
-174949,0,0
-323924,0,0
-502677,0,0
-96039,0,0
169059,0,0
276533,0,0
90748,0,0
35802,0,0
416504,0,0
71620,0,0
-324340,0,0
-83557,0,0
317261,0,0
239716,0,0
707099,0,0
454945,0,0
301991,0,0
378907,0,0
352333,0,0
391536,0,0
525649,0,0
174055,0,0
227253,0,0
496125,0,0
560091,0,0
391148,0,0
479679,0,0
432949,0,0
518821,0,0
399655,0,0
101919,0,0
323168,0,0
381298,0,0
279910,0,0
173378,0,0
186367,0,0
158403,0,0
376412,0,0
300409,0,0
305007,0,0
184458,0,0
-170697,0,0
-198232,0,0
-161950,0,0
-11834,0,0
141654,0,0
448955,0,0
157590,0,0
197281,0,0
-25998,0,0
-231575,0,0
-185146,0,0
-82901,0,0
-88716,0,0
-37689,0,0
106024,0,0
271394,0,0
309489,0,0
-105605,0,0
-200823,0,0
8268,0,0
43080,0,0
17750,0,0
-51888,0,0
-88501,0,0
-60400,0,0
-27575,0,0
-276152,0,0
24153,0,0
73443,0,0
-172355,0,0
-162131,0,0
-204701,0,0
-310842,0,0
-166857,0,0
-187973,0,0
-409480,0,0
-193396,0,0
-361221,0,0
-233703,0,0
77936,0,0
-208491,0,0
-262833,0,0
-72611,0,0
-302758,0,0
-465763,0,0
-397169,0,0
-584859,0,0
-189030,0,0
-43723,0,0
-401728,0,0
26728,0,0
418561,0,0
-50826,0,0
-595286,0,0
-602938,0,0
-482054,0,0
-132578,0,0
-322463,0,0
-340602,0,0
11218,0,0
-171872,0,0
-230748,0,0
-281557,0,0
-251473,0,0
-326866,0,0
-155237,0,0
-497765,0,0
-367033,0,0
-371392,0,0
-824,0,0
20155,0,0
-298318,0,0
-454831,0,0
-156468,0,0
-181955,0,0
-299568,0,0
-102885,0,0
-162133,0,0
-113224,0,0
95004,0,0
-170985,0,0
-129053,0,0
85464,0,0
-38982,0,0
-185291,0,0
-67413,0,0
-216694,0,0
50912,0,0
-222,0,0
-23306,0,0
425187,0,0
289228,0,0
-74228,0,0
-117495,0,0
-152945,0,0
-231707,0,0
83238,0,0
40206,0,0
-14089,0,0
220873,0,0
267187,0,0
292294,0,0
420469,0,0
-9344,0,0
90032,0,0
-8714,0,0
-231547,0,0
50801,0,0
276794,0,0
95318,0,0
92858,0,0
44601,0,0
115748,0,0
373559,0,0
209728,0,0
-34058,0,0
36726,0,0
-194072,0,0
-317676,0,0
39339,0,0
57326,0,0
30421,0,0
73220,0,0
-23186,0,0
-35204,0,0
51491,0,0
-245592,0,0
-69482,0,0
-6880,0,0
-28218,0,0
67874,0,0
-24377,0,0
-80755,0,0
-89828,0,0
-112440,0,0
-254515,0,0
-31089,0,0
2106,0,0
88273,0,0
268248,0,0
159839,0,0
-211981,0,0
-105920,0,0
-123576,0,0
3078,0,0
125015,0,0
-284767,0,0
89277,0,0
173385,0,0
-95342,0,0
59960,0,0
111140,0,0
-7957,0,0
84757,0,0
-85800,0,0
-172354,0,0
105819,0,0
1090,0,0
-56813,0,0
131714,0,0
36771,0,0
158575,0,0
137694,0,0
105049,0,0
105402,0,0
337658,0,0
-10846,0,0
143343,0,0
54796,0,0
-76847,0,0
247617,0,0
443309,0,0
232063,0,0
361024,0,0
282205,0,0
-215291,0,0
21929,0,0
170512,0,0
334633,0,0
394427,0,0
22475,0,0
30811,0,0
70337,0,0
247066,0,0
201756,0,0
98336,0,0
-93332,0,0
-83051,0,0
116313,0,0
-208967,0,0
92026,0,0
112497,0,0
109907,0,0
-47997,0,0
-127027,0,0
-298865,0,0
13555,0,0
7628,0,0
-64312,0,0
16389,0,0
-228208,0,0
-222049,0,0
-184609,0,0
-160781,0,0
-284745,0,0
-43808,0,0
-47582,0,0
238040,0,0
281223,0,0
-205223,0,0
-296386,0,0
-208113,0,0
-157285,0,0
24805,0,0
137621,0,0
25415,0,0
130356,0,0
-130589,0,0
-5558,0,0
