-13562,0,0
-139107,0,0
132928,0,0
30335,0,0
144016,0,0
284479,0,0
32514,0,0
-92116,0,0
48785,0,0
-220159,0,0
-56877,0,0
284774,0,0
122195,0,0
215857,0,0
300071,0,0
63401,0,0
-174,0,0
72482,0,0
-148477,0,0
131977,0,0
144139,0,0
375133,0,0
481657,0,0
189233,0,0
173367,0,0
270609,0,0
262165,0,0
80671,0,0
138412,0,0
168040,0,0
368065,0,0
548128,0,0
316807,0,0
251472,0,0
189931,0,0
127407,0,0
212764,0,0
394583,0,0
161972,0,0
379303,0,0
192190,0,0
224834,0,0
367038,0,0
2757,0,0
97336,0,0
348578,0,0
254004,0,0
145829,0,0
461036,0,0
210855,0,0
160754,0,0
80118,0,0
-5610,0,0
276944,0,0
167086,0,0
36281,0,0
226413,0,0
228718,0,0
98291,0,0
-3122,0,0
-257241,0,0
-115808,0,0
76706,0,0
-60932,0,0
165790,0,0
8091,0,0
-112799,0,0
-380310,0,0
-254816,0,0
-364392,0,0
-183940,0,0
-68856,0,0
-127403,0,0
-52391,0,0
99109,0,0
-214132,0,0
-333256,0,0
-137516,0,0
-163303,0,0
-67371,0,0
-187766,0,0
-172320,0,0
-78517,0,0
-7175,0,0
64917,0,0
31572,0,0
-111073,0,0
-105377,0,0
141396,0,0
163563,0,0
119830,0,0
-167109,0,0
-260803,0,0
136369,0,0
143893,0,0
66520,0,0
13278,0,0
36082,0,0
-78999,0,0
86224,0,0
-93435,0,0
-71173,0,0
-62718,0,0
-185295,0,0
68352,0,0
362103,0,0
143850,0,0
-61941,0,0
-98987,0,0
-304478,0,0
-162289,0,0
-86295,0,0
-21691,0,0
16721,0,0
67116,0,0
252711,0,0
273070,0,0
326839,0,0
238551,0,0
126658,0,0
-217502,0,0
-123605,0,0
208138,0,0
336149,0,0
483709,0,0
484140,0,0
242035,0,0
115506,0,0
334806,0,0
68748,0,0
393774,0,0
623795,0,0
386470,0,0
241228,0,0
199470,0,0
160247,0,0
403831,0,0
563333,0,0
376112,0,0
500401,0,0
95024,0,0
26854,0,0
307905,0,0
263125,0,0
220554,0,0
419441,0,0
415392,0,0
115082,0,0
56234,0,0
283965,0,0
543796,0,0
227365,0,0
-227549,0,0
143615,0,0
-39665,0,0
13139,0,0
387390,0,0
145621,0,0
145615,0,0
63150,0,0
-123328,0,0
-133093,0,0
-76106,0,0
-162478,0,0
-133319,0,0
-100983,0,0
-170497,0,0
-240234,0,0
124131,0,0
-51886,0,0
-266729,0,0
-393403,0,0
-438023,0,0
-401719,0,0
-421981,0,0
-411969,0,0
-239726,0,0
-77027,0,0
-146035,0,0
-321875,0,0
-318058,0,0
-434493,0,0
-309667,0,0
-414552,0,0
-174491,0,0
-121511,0,0
-408945,0,0
-613381,0,0
-130683,0,0
-233241,0,0
-45440,0,0
124451,0,0
-226615,0,0
-15097,0,0
-153842,0,0
-325993,0,0
-258652,0,0
-185213,0,0
50571,0,0
449225,0,0
174732,0,0
-132665,0,0
275528,0,0
50396,0,0
-27405,0,0
-699,0,0
75837,0,0
-109179,0,0
455316,0,0
214835,0,0
229031,0,0
87726,0,0
-54200,0,0
15256,0,0
-16285,0,0
-27429,0,0
-16285,0,0
123086,0,0
50670,0,0
2712,0,0
-166601,0,0
-219632,0,0
-7478,0,0
-140088,0,0
-141848,0,0
-40026,0,0
-125028,0,0
-216737,0,0
-261694,0,0
-285240,0,0
-118769,0,0
126492,0,0
-73980,0,0
152860,0,0
-73108,0,0
-418990,0,0
-332305,0,0
-55372,0,0
36032,0,0
-52659,0,0
-238416,0,0
-310792,0,0
-103337,0,0
-90142,0,0
16763,0,0
-120820,0,0
-173872,0,0
-167155,0,0
45569,0,0
-178427,0,0
-214972,0,0
-88085,0,0
-317810,0,0
-49204,0,0
-250587,0,0
-380976,0,0
-139731,0,0
1716,0,0
-256625,0,0
-79714,0,0
-240913,0,0
-388088,0,0
-156803,0,0
-90766,0,0
-71107,0,0
-202622,0,0
-112136,0,0
-76599,0,0
81110,0,0
-114762,0,0
-127846,0,0
-237044,0,0
-225880,0,0
31180,0,0
52006,0,0
159577,0,0
436327,0,0
254232,0,0
17573,0,0
357535,0,0
247147,0,0
173390,0,0
181425,0,0
110069,0,0
310287,0,0
194281,0,0
165553,0,0
169370,0,0
487223,0,0
432957,0,0
332587,0,0
178877,0,0
55731,0,0
232875,0,0
97605,0,0
77176,0,0
66649,0,0
114707,0,0
94067,0,0
63850,0,0
-52725,0,0
-137975,0,0
78936,0,0
-18328,0,0
-50315,0,0
-257171,0,0
-350283,0,0
-417894,0,0
-329869,0,0
-327740,0,0
159959,0,0
353499,0,0
155577,0,0
-167966,0,0
-404918,0,0
-626375,0,0
-479008,0,0
-153929,0,0
-337376,0,0
-20106,0,0
-72109,0,0
-152667,0,0
-46860,0,0
-122001,0,0
-194744,0,0
54660,0,0
-84464,0,0
-278076,0,0
-105109,0,0
-299813,0,0
-149977,0,0
-90856,0,0
-12309,0,0
-14670,0,0
-288372,0,0
-260449,0,0
-91324,0,0
127130,0,0
-75320,0,0
83626,0,0
-11761,0,0
39015,0,0
-44409,0,0
-260124,0,0
-163278,0,0
-24898,0,0
-359179,0,0
-462848,0,0
61688,0,0
-59520,0,0
336967,0,0
373782,0,0
185969,0,0
-97472,0,0
-462460,0,0
-484032,0,0
-170323,0,0
128363,0,0
307029,0,0
277837,0,0
1495,0,0
-108357,0,0
33706,0,0
-81583,0,0
-48433,0,0
-60942,0,0
-90756,0,0
-186796,0,0
57209,0,0
58051,0,0
338684,0,0
166657,0,0
-298572,0,0
-164248,0,0
-130967,0,0
-339517,0,0
-119555,0,0
52379,0,0
46026,0,0
78018,0,0
-130636,0,0
-135676,0,0
-170654,0,0
-94895,0,0
101145,0,0
265148,0,0
201252,0,0
-145453,0,0
-163659,0,0
-197365,0,0
-109456,0,0
262993,0,0
374573,0,0
350236,0,0
106620,0,0
-7575,0,0
35258,0,0
106958,0,0
178664,0,0
360839,0,0
313308,0,0
333795,0,0
209014,0,0
20479,0,0
210167,0,0
344523,0,0
333066,0,0
174406,0,0
408507,0,0
283928,0,0
282559,0,0
137866,0,0
95478,0,0
339278,0,0
358848,0,0
128100,0,0
138894,0,0
194641,0,0
48092,0,0
288576,0,0
11094,0,0
147797,0,0
161208,0,0
43027,0,0
61264,0,0
121416,0,0
1388,0,0
-201076,0,0
159531,0,0
-76963,0,0
61936,0,0
-24822,0,0
-129198,0,0
87811,0,0
109306,0,0
-78126,0,0
-123473,0,0
-34285,0,0
-24180,0,0
316329,0,0
52531,0,0
-185093,0,0
-83001,0,0
-87247,0,0
55009,0,0
257660,0,0
228831,0,0
-38626,0,0
-4725,0,0
-352141,0,0
-232773,0,0
-146479,0,0
100257,0,0
171686,0,0
125172,0,0
93513,0,0
-106956,0,0
-268854,0,0
-238598,0,0
-96055,0,0
-106280,0,0
71141,0,0
525,0,0
-48537,0,0
196660,0,0
54071,0,0
-98625,0,0
-136249,0,0
-35901,0,0
-22286,0,0
228883,0,0
139571,0,0
1904,0,0
104467,0,0
421594,0,0
184016,0,0
-74871,0,0
96881,0,0
116846,0,0
339641,0,0
130096,0,0
73107,0,0
388327,0,0
133088,0,0
55097,0,0
30164,0,0
227705,0,0
7355,0,0
278387,0,0
294383,0,0
260893,0,0
30171,0,0
-73131,0,0
153184,0,0
132038,0,0
81631,0,0
277995,0,0
57554,0,0
-206542,0,0
2312,0,0
-27950,0,0
-90828,0,0
228065,0,0
312741,0,0
168344,0,0
46353,0,0
-50001,0,0
-321681,0,0
-143814,0,0
-199683,0,0
-52002,0,0
-40842,0,0
-14136,0,0
192087,0,0
-173639,0,0
-194899,0,0
-140516,0,0
-179783,0,0
-326084,0,0
99963,0,0
115960,0,0
-68383,0,0
-210557,0,0
-428023,0,0
-236408,0,0
-15481,0,0
9841,0,0
88602,0,0
103258,0,0
-222025,0,0
-260964,0,0
-57216,0,0
-104326,0,0
-120943,0,0
-262544,0,0
-253229,0,0
195929,0,0
109588,0,0
-248271,0,0
-83498,0,0
179789,0,0
-96459,0,0
-186047,0,0
-283462,0,0
-181073,0,0
-124659,0,0
-48243,0,0
-212128,0,0
-88632,0,0
-77513,0,0
177471,0,0
133713,0,0
18829,0,0
-61842,0,0
-35578,0,0
-120524,0,0
80294,0,0
386548,0,0
-93729,0,0
-77440,0,0
-83790,0,0
191914,0,0
524950,0,0
329873,0,0
117174,0,0
206865,0,0
247621,0,0
129112,0,0
194965,0,0
101544,0,0
170309,0,0
287384,0,0
106403,0,0
263670,0,0
354953,0,0
-96030,0,0
-106247,0,0
53271,0,0
113008,0,0
282392,0,0
1585,0,0
-160503,0,0
-61412,0,0
-199840,0,0
-124722,0,0
50747,0,0
101060,0,0
80083,0,0
74918,0,0
-186898,0,0
-177946,0,0
-166734,0,0
-334955,0,0
-115575,0,0
-35951,0,0
-342240,0,0
-91677,0,0
99010,0,0
-208642,0,0
-46967,0,0
-323763,0,0
-232057,0,0
-187191,0,0
-429468,0,0
-292416,0,0
-21985,0,0
-1960,0,0
-209905,0,0
-380277,0,0
-503785,0,0
-443066,0,0
-220436,0,0
-46963,0,0
220032,0,0
-112458,0,0
-478779,0,0
-371310,0,0
-167224,0,0
-343269,0,0
-263549,0,0
-376021,0,0
-433153,0,0
-180154,0,0
-313908,0,0
-165604,0,0
-206477,0,0
-246999,0,0
-457715,0,0
-254189,0,0
-248319,0,0
-317616,0,0
-427028,0,0
-412592,0,0
-245566,0,0
-160653,0,0
-353867,0,0
-185059,0,0
-30992,0,0
-216181,0,0
-194036,0,0
-296343,0,0
-294976,0,0
-526,0,0
-188711,0,0
-81693,0,0
-97634,0,0
-282541,0,0
-461551,0,0
-418496,0,0
-297073,0,0
50040,0,0
-55828,0,0
-78547,0,0
350379,0,0
142057,0,0
-226829,0,0
-221807,0,0
73540,0,0
-267719,0,0
42328,0,0
114092,0,0
-41020,0,0
-47166,0,0
-211467,0,0
77536,0,0
348516,0,0
193909,0,0
222661,0,0
338999,0,0
-21304,0,0
78556,0,0
41663,0,0
-258793,0,0
-10094,0,0
-34870,0,0
-56180,0,0
222801,0,0
271243,0,0
133366,0,0
429058,0,0
180496,0,0
-301155,0,0
-275353,0,0
-259978,0,0
30864,0,0
406380,0,0
234532,0,0
80935,0,0
133628,0,0
-177511,0,0
-236209,0,0
-181442,0,0
-272574,0,0
-32116,0,0
-16559,0,0
-172329,0,0
-34329,0,0
-178367,0,0
-361676,0,0
-165224,0,0
-393388,0,0
-391176,0,0
-355477,0,0
-449807,0,0
-412864,0,0
-316014,0,0
-519217,0,0
-313387,0,0
-234078,0,0
-548435,0,0
-292185,0,0
-50467,0,0
-352823,0,0
-489000,0,0
-665250,0,0
-603359,0,0
-470682,0,0
-235941,0,0
-320279,0,0
-160107,0,0
-238674,0,0
-429224,0,0
-318026,0,0
-467016,0,0
-458573,0,0
-332925,0,0
-469555,0,0
-403019,0,0
-298266,0,0
-373986,0,0
-346949,0,0
-298100,0,0
-447720,0,0
-521323,0,0
-705161,0,0
-398748,0,0
-108871,0,0
-124534,0,0
-353018,0,0
-316117,0,0
-441778,0,0
-463389,0,0
-33010,0,0
-100088,0,0
-272294,0,0
-299074,0,0
-442774,0,0
-310319,0,0
90542,0,0
-38544,0,0
76718,0,0
24441,0,0
-180882,0,0
-14518,0,0
107723,0,0
94229,0,0
-19074,0,0
59677,0,0
107217,0,0
346984,0,0
167695,0,0
114376,0,0
414990,0,0
255957,0,0
184631,0,0
214451,0,0
218944,0,0
180075,0,0
315564,0,0
353453,0,0
386351,0,0
597457,0,0
584998,0,0
406859,0,0
272155,0,0
132746,0,0
257760,0,0
274765,0,0
208032,0,0
409302,0,0
350388,0,0
209648,0,0
551906,0,0
337218,0,0
35936,0,0
120419,0,0
239711,0,0
313788,0,0
344457,0,0
238465,0,0
194992,0,0
60149,0,0
-30265,0,0
130949,0,0
329342,0,0
4181,0,0
-66906,0,0
7448,0,0
92668,0,0
548409,0,0
298029,0,0
206929,0,0
73291,0,0
-125060,0,0
-179787,0,0
163117,0,0
411541,0,0
338702,0,0
354530,0,0
52471,0,0
156482,0,0
273056,0,0
162552,0,0
289640,0,0
217069,0,0
301903,0,0
229779,0,0
52975,0,0
36257,0,0
488330,0,0
261424,0,0
361410,0,0
319503,0,0
-67806,0,0
-119318,0,0
-139729,0,0
-146092,0,0
94609,0,0
513196,0,0
200183,0,0
-25324,0,0
202112,0,0
-173535,0,0
-333120,0,0
-344968,0,0
-292345,0,0
-136581,0,0
-43247,0,0
12889,0,0
220667,0,0
20053,0,0
-309536,0,0
-101723,0,0
40012,0,0
-188332,0,0
-174097,0,0
-190208,0,0
-308842,0,0
-18708,0,0
70627,0,0
50116,0,0
64208,0,0
-92107,0,0
6409,0,0
-120501,0,0
-116688,0,0
179254,0,0
64657,0,0
36089,0,0
204014,0,0
161194,0,0
187598,0,0
367349,0,0
25707,0,0
74744,0,0
166382,0,0
76045,0,0
50692,0,0
499601,0,0
544833,0,0
494340,0,0
175945,0,0
45303,0,0
325781,0,0
551206,0,0
558410,0,0
244909,0,0
-30845,0,0
112975,0,0
440389,0,0
292841,0,0
301159,0,0
354688,0,0
205957,0,0
389130,0,0
512235,0,0
316988,0,0
108517,0,0
178203,0,0
175140,0,0
152041,0,0
125542,0,0
24954,0,0
124563,0,0
128236,0,0
44674,0,0
223020,0,0
182317,0,0
332287,0,0
413537,0,0
100739,0,0
-188127,0,0
-78237,0,0
-113807,0,0
3726,0,0
93915,0,0
41269,0,0
-74,0,0
122324,0,0
-46388,0,0
40587,0,0
181721,0,0
75606,0,0
137859,0,0
-37659,0,0
-114634,0,0
-4462,0,0
63071,0,0
-16454,0,0
122084,0,0
44152,0,0
-306738,0,0
-60762,0,0
-142417,0,0
-98835,0,0
125843,0,0
128969,0,0
54262,0,0
68158,0,0
-238530,0,0
-308788,0,0
-285818,0,0
-364949,0,0
-137407,0,0
-184364,0,0
-63773,0,0
432315,0,0
67797,0,0
-416742,0,0
-419175,0,0
-463077,0,0
-245756,0,0
31875,0,0
-159855,0,0
-83612,0,0
6998,0,0
-39557,0,0
13843,0,0
-17073,0,0
-245433,0,0
-10411,0,0
-54295,0,0
-144210,0,0
81674,0,0
-233952,0,0
-226396,0,0
212889,0,0
277459,0,0
15616,0,0
93544,0,0
85069,0,0
339047,0,0
331278,0,0
51987,0,0
-97278,0,0
148417,0,0
132294,0,0
194573,0,0
402351,0,0
262343,0,0
214461,0,0
434965,0,0
261010,0,0
330916,0,0
189089,0,0
99888,0,0
114547,0,0
103681,0,0
163446,0,0
425789,0,0
224630,0,0
277728,0,0
511684,0,0
260255,0,0
200309,0,0
37814,0,0
-87011,0,0
-52319,0,0
254274,0,0
202794,0,0
127531,0,0
298914,0,0
289423,0,0
516969,0,0
218392,0,0
-22988,0,0
169027,0,0
105479,0,0
-66627,0,0
97299,0,0
77430,0,0
346028,0,0
327481,0,0
-17861,0,0
-60578,0,0
-16548,0,0
40502,0,0
10568,0,0
50596,0,0
-42695,0,0
195075,0,0
179608,0,0
-108621,0,0
38904,0,0
101651,0,0
-213207,0,0
-147830,0,0
89044,0,0
-228006,0,0
-158021,0,0
-88884,0,0
17063,0,0
-60258,0,0
-169512,0,0
132020,0,0
243976,0,0
-206680,0,0
-95861,0,0
100737,0,0
-49319,0,0
-138636,0,0
-107530,0,0
-140375,0,0
160003,0,0
20921,0,0
-273967,0,0
124730,0,0
542818,0,0
140513,0,0
75111,0,0
-208531,0,0
-184796,0,0
22397,0,0
51153,0,0
139845,0,0
155872,0,0
139967,0,0
397886,0,0
520934,0,0
31359,0,0
-85325,0,0
-122902,0,0
-130520,0,0
55668,0,0
396946,0,0
370722,0,0
419758,0,0
232404,0,0
80323,0,0
384589,0,0
105006,0,0
-30518,0,0
-62035,0,0
-135163,0,0
-17297,0,0
407961,0,0
414822,0,0
350917,0,0
350826,0,0
69158,0,0
-164967,0,0
-71829,0,0
-197068,0,0
287271,0,0
327104,0,0
7596,0,0
128533,0,0
459528,0,0
203934,0,0
213939,0,0
136215,0,0
-53542,0,0
-7356,0,0
-63509,0,0
-29949,0,0
247951,0,0
-146415,0,0
-183521,0,0
245095,0,0
404404,0,0
204117,0,0
188201,0,0
24437,0,0
-118061,0,0
-232224,0,0
-328273,0,0
-174522,0,0
55143,0,0
104449,0,0
424271,0,0
-66776,0,0
-242333,0,0
51208,0,0
-187212,0,0
-10148,0,0
103257,0,0
-94770,0,0
-215156,0,0
124853,0,0
-57791,0,0
-82094,0,0
-75188,0,0
-327716,0,0
-81809,0,0
-46531,0,0
-304886,0,0
-207793,0,0
28543,0,0
-110248,0,0
91772,0,0
-145023,0,0
-162501,0,0
4916,0,0
89379,0,0
-48819,0,0
-180201,0,0
-66526,0,0
-205130,0,0
-28138,0,0
-271877,0,0
-98272,0,0
-96187,0,0
-117737,0,0
220695,0,0
227333,0,0
-22612,0,0
-9895,0,0
81969,0,0
-158670,0,0
-125977,0,0
-232106,0,0
-237616,0,0
181391,0,0
28805,0,0
-105061,0,0
143263,0,0
-34639,0,0
-173710,0,0
-59663,0,0
-154100,0,0
-46127,0,0
41891,0,0
-227524,0,0
-92137,0,0
-191816,0,0
-424961,0,0
-128085,0,0
174294,0,0
-214313,0,0
45542,0,0
-212340,0,0
-352498,0,0
-81371,0,0
-265954,0,0
-247792,0,0
54051,0,0
79204,0,0
-29462,0,0
215275,0,0
-77845,0,0
-104725,0,0
-118896,0,0
-223802,0,0
-6615,0,0
129566,0,0
140016,0,0
143671,0,0
363976,0,0
151169,0,0
76244,0,0
-73831,0,0
-10214,0,0
224209,0,0
136361,0,0
58566,0,0
266471,0,0
-2894,0,0
-74,0,0
198163,0,0
41775,0,0
351331,0,0
449872,0,0
141883,0,0
69170,0,0
-149500,0,0
-251573,0,0
74156,0,0
100528,0,0
45146,0,0
484403,0,0
234653,0,0
-276248,0,0
-34630,0,0
-203968,0,0
-33905,0,0
215796,0,0
4546,0,0
-62639,0,0
-91133,0,0
-305195,0,0
-75468,0,0
157448,0,0
15466,0,0
54494,0,0
-28504,0,0
-303936,0,0
-167904,0,0
-7527,0,0
-10664,0,0
217360,0,0
148170,0,0
-79053,0,0
66780,0,0
-251412,0,0
-210099,0,0
106263,0,0
179921,0,0
-2676,0,0
181480,0,0
283279,0,0
388541,0,0
280525,0,0
-34004,0,0
132842,0,0
291410,0,0
-77819,0,0
45604,0,0
182344,0,0
279758,0,0
550662,0,0
461967,0,0
135588,0,0
124729,0,0
-20481,0,0
-41673,0,0
40883,0,0
218209,0,0
376424,0,0
388225,0,0
48715,0,0
-127421,0,0
-31851,0,0
-40579,0,0
224970,0,0
253200,0,0
115157,0,0
-137738,0,0
155649,0,0
-169592,0,0
85677,0,0
-86525,0,0
225371,0,0
448725,0,0
-89,0,0
-106236,0,0
-118536,0,0
-95893,0,0
-141823,0,0
157292,0,0
181162,0,0
161185,0,0
15667,0,0
-177136,0,0
-155168,0,0
-55034,0,0
-134749,0,0
139754,0,0
198115,0,0
-22215,0,0
-129918,0,0
-344193,0,0
-510721,0,0
-164595,0,0
-66085,0,0
-110686,0,0
109232,0,0
239707,0,0
-114149,0,0
-248305,0,0
-436613,0,0
-133610,0,0
-152076,0,0
-380383,0,0
-329681,0,0
-129302,0,0
-139639,0,0
61858,0,0
122986,0,0
144703,0,0
26350,0,0
-299692,0,0
-243194,0,0
-62016,0,0
-199783,0,0
-81907,0,0
-56293,0,0
-43910,0,0
-13966,0,0
234766,0,0
-69378,0,0
-6434,0,0
-25182,0,0
-91449,0,0
-125314,0,0
18295,0,0
258865,0,0
305700,0,0
60072,0,0
-126451,0,0
25701,0,0
-113657,0,0
-58924,0,0
105528,0,0
-93045,0,0
-18380,0,0
219908,0,0
33234,0,0
-51976,0,0
179885,0,0
65750,0,0
267038,0,0
47178,0,0
-92837,0,0
-2886,0,0
92858,0,0
-127201,0,0
-142177,0,0
19553,0,0
-81332,0,0
186631,0,0
13305,0,0
75926,0,0
244352,0,0
-173366,0,0
-223879,0,0
309368,0,0
357880,0,0
-37395,0,0
-31729,0,0
-18739,0,0
-69107,0,0
-109201,0,0
-17606,0,0
109214,0,0
171332,0,0
-156969,0,0
314936,0,0
101120,0,0
-78891,0,0
293347,0,0
115373,0,0
-17010,0,0
-72713,0,0
-263541,0,0
-17509,0,0
159398,0,0
-80685,0,0
-274779,0,0
-56191,0,0
-278955,0,0
63488,0,0
141843,0,0
-12502,0,0
102119,0,0
-358452,0,0
-505366,0,0
-233344,0,0
-220788,0,0
-377081,0,0
-36828,0,0
-95802,0,0
-173822,0,0
-25706,0,0
-272041,0,0
-352765,0,0
-245000,0,0
-88144,0,0
-85738,0,0
46810,0,0
-267216,0,0
-180279,0,0
-208469,0,0
-316254,0,0
-94160,0,0
-131217,0,0
-234493,0,0
1223,0,0
111988,0,0
42306,0,0
303146,0,0
-200254,0,0
-425887,0,0
-29713,0,0
55035,0,0
300590,0,0
220015,0,0
-115980,0,0
-158927,0,0
100863,0,0
284888,0,0
265815,0,0
217400,0,0
10114,0,0
197164,0,0
270937,0,0
33634,0,0
141599,0,0
174771,0,0
24375,0,0
173465,0,0
16579,0,0
212480,0,0
245693,0,0
157548,0,0
148997,0,0
187584,0,0
-78097,0,0
-152767,0,0
126634,0,0
-106668,0,0
-83567,0,0
191042,0,0
170916,0,0
226440,0,0
-180104,0,0
-330003,0,0
-83818,0,0
104727,0,0
107520,0,0
403181,0,0
42020,0,0
-338584,0,0
-296307,0,0
-264905,0,0
7439,0,0
377651,0,0
219738,0,0
26454,0,0
-20936,0,0
-117085,0,0
-68312,0,0
104039,0,0
8496,0,0
190914,0,0
259876,0,0
290947,0,0
249763,0,0
20815,0,0
-213361,0,0
161581,0,0
67455,0,0
-17045,0,0
199429,0,0
15664,0,0
174119,0,0
296351,0,0
-3229,0,0
-168377,0,0
-853,0,0
-199822,0,0
123072,0,0
327224,0,0
183494,0,0
-44755,0,0
-288161,0,0
-431947,0,0
-184113,0,0
55716,0,0
138945,0,0
293108,0,0
32215,0,0
-368093,0,0
-297504,0,0
-432817,0,0
-90130,0,0
-117471,0,0
42457,0,0
201436,0,0
243811,0,0
-331313,0,0
-249247,0,0
-218664,0,0
-267456,0,0
-55151,0,0
86395,0,0
-39620,0,0
32244,0,0
-118829,0,0
-145815,0,0
297116,0,0
112303,0,0
-138615,0,0
153961,0,0
-123922,0,0
-111224,0,0
87630,0,0
34707,0,0
-33339,0,0
195047,0,0
10401,0,0
170114,0,0
210522,0,0
-77290,0,0
-31447,0,0
104195,0,0
-142809,0,0
116527,0,0
222226,0,0
55366,0,0
222330,0,0
-5354,0,0
-192790,0,0
-60833,0,0
4856,0,0
165633,0,0
335370,0,0
-10329,0,0
62787,0,0
138537,0,0
-224150,0,0
-215695,0,0
-121766,0,0
-52625,0,0
-34111,0,0
113918,0,0
-102398,0,0
29023,0,0
-53716,0,0
-187316,0,0
90143,0,0
23567,0,0
146897,0,0
197998,0,0
-221843,0,0
-142839,0,0
43532,0,0
-96552,0,0
-30419,0,0
236569,0,0
52049,0,0
194756,0,0
254009,0,0
31789,0,0
246214,0,0
60020,0,0
-289001,0,0
-215612,0,0
35850,0,0
-80971,0,0
90557,0,0
54196,0,0
245289,0,0
228406,0,0
-148457,0,0
-32876,0,0
84232,0,0
-226833,0,0
-220143,0,0
-24629,0,0
-117145,0,0
-31035,0,0
51563,0,0
-225414,0,0
-163650,0,0
-52202,0,0
-113335,0,0
74717,0,0
-64498,0,0
-355341,0,0
-305952,0,0
-427790,0,0
-246190,0,0
-137622,0,0
-228577,0,0
-108177,0,0
-158722,0,0
-362054,0,0
-404479,0,0
-158972,0,0
-314286,0,0
-255557,0,0
-191773,0,0
-337491,0,0
-309273,0,0
-160177,0,0
-174732,0,0
83256,0,0
81440,0,0
-231741,0,0
-50473,0,0
-204159,0,0
-213577,0,0
-132409,0,0
-71488,0,0
86597,0,0
171577,0,0
32034,0,0
-100950,0,0
167590,0,0
-6688,0,0
134756,0,0
202419,0,0
-22519,0,0
64376,0,0
86825,0,0
-53757,0,0
135767,0,0
188192,0,0
167729,0,0
304915,0,0
29670,0,0
-4371,0,0
244765,0,0
64822,0,0
38186,0,0
235677,0,0
137933,0,0
-365,0,0
131940,0,0
-41138,0,0
343739,0,0
286247,0,0
70576,0,0
81081,0,0
138089,0,0
-77467,0,0
-153076,0,0
-12712,0,0
92374,0,0
285628,0,0
151717,0,0
157037,0,0
321873,0,0
-114049,0,0
-174824,0,0
75580,0,0
-35866,0,0
-34785,0,0
124159,0,0
92196,0,0
123297,0,0
197418,0,0
-204743,0,0
265492,0,0
376961,0,0
-82927,0,0
-336620,0,0
-92227,0,0
45560,0,0
601177,0,0
223204,0,0
-139817,0,0
-231196,0,0
-294050,0,0
-114671,0,0
240162,0,0
197295,0,0
-22181,0,0
353909,0,0
-4837,0,0
107692,0,0
240399,0,0
19590,0,0
204840,0,0
-78700,0,0
-196135,0,0
72510,0,0
208648,0,0
82256,0,0
156486,0,0
36248,0,0
-101777,0,0
319283,0,0
296090,0,0
317547,0,0
185227,0,0
1868,0,0
-102849,0,0
-71592,0,0
-338065,0,0
-114413,0,0
-69873,0,0
-90218,0,0
102355,0,0
288954,0,0
54141,0,0
58041,0,0
31737,0,0
-291117,0,0
-32286,0,0
-219107,0,0
-370486,0,0
-19258,0,0
71118,0,0
145288,0,0
152692,0,0
-280906,0,0
-361063,0,0
-43434,0,0
-125495,0,0
52998,0,0
153035,0,0
-78165,0,0
67824,0,0
-45143,0,0
-124245,0,0
52460,0,0
139832,0,0
-14315,0,0
104686,0,0
-95728,0,0
-47700,0,0
218928,0,0
-13566,0,0
8119,0,0
68943,0,0
-7543,0,0
85009,0,0
289568,0,0
-29196,0,0
72015,0,0
114135,0,0
175520,0,0
313053,0,0
118032,0,0
-188916,0,0
-59413,0,0
-3968,0,0
-8798,0,0
371038,0,0
47810,0,0
82891,0,0
361107,0,0
-14556,0,0
44746,0,0
145386,0,0
-15493,0,0
-175346,0,0
-87617,0,0
-185461,0,0
63827,0,0
457723,0,0
371476,0,0
244537,0,0
-3018,0,0
-135176,0,0
-136480,0,0
-77341,0,0
-13,0,0
357323,0,0
86077,0,0
42638,0,0
231927,0,0
90713,0,0
-4475,0,0
221830,0,0
250979,0,0
-191417,0,0
-70801,0,0
-182555,0,0
-26788,0,0
291221,0,0
294785,0,0
355438,0,0
64856,0,0
-347740,0,0
-112803,0,0
48032,0,0
-63169,0,0
117370,0,0
68601,0,0
-229642,0,0
129801,0,0
48418,0,0
42113,0,0
261160,0,0
222950,0,0
47206,0,0
198196,0,0
-216518,0,0
-100302,0,0
25874,0,0
76244,0,0
305268,0,0
95152,0,0
-107243,0,0
167184,0,0
224158,0,0
119972,0,0
309983,0,0
-40157,0,0
-111961,0,0
125561,0,0
-23862,0,0
-135614,0,0
116708,0,0
217769,0,0
176167,0,0
85864,0,0
-223133,0,0
48600,0,0
132524,0,0
-181148,0,0
-76001,0,0
28502,0,0
-275085,0,0
-277324,0,0
-46446,0,0
-26324,0,0
29616,0,0
-82071,0,0
-387000,0,0
-86192,0,0
-306839,0,0
-388477,0,0
-98471,0,0
-43794,0,0
-45425,0,0
-55606,0,0
-287567,0,0
-274314,0,0
-272015,0,0
-607688,0,0
-415562,0,0
-336706,0,0
-218586,0,0
360633,0,0
718819,0,0
431462,0,0
-277840,0,0
-722512,0,0
-769797,0,0
-153961,0,0
134720,0,0
449217,0,0
225839,0,0
522,0,0
-179557,0,0
111075,0,0
-108958,0,0
81919,0,0
233205,0,0
-30844,0,0
146993,0,0
178783,0,0
-99847,0,0
17134,0,0
-18337,0,0
-127427,0,0
2066,0,0
-118656,0,0
-311312,0,0
23321,0,0
-55601,0,0
370743,0,0
307668,0,0
138900,0,0
-133161,0,0
-163495,0,0
-243436,0,0
18769,0,0
171186,0,0
45119,0,0
248282,0,0
215485,0,0
26069,0,0
133804,0,0
72261,0,0
36763,0,0
254664,0,0
88814,0,0
30095,0,0
121953,0,0
-125571,0,0
-107682,0,0
168830,0,0
361673,0,0
409694,0,0
-122,0,0
-389364,0,0
-306519,0,0
-149617,0,0
-243625,0,0
2238,0,0
58484,0,0
-17837,0,0
-79351,0,0
96665,0,0
9333,0,0
-109501,0,0
-342908,0,0
-376976,0,0
-314544,0,0
-328379,0,0
-83940,0,0
160023,0,0
101830,0,0
-138048,0,0
-161076,0,0
-454195,0,0
-254227,0,0
-137185,0,0
-161190,0,0
-87423,0,0
-69071,0,0
-291157,0,0
9170,0,0
-5130,0,0
-279626,0,0
34782,0,0
-229122,0,0
-332969,0,0
-52444,0,0
-243976,0,0
-311447,0,0
-1409,0,0
-1354,0,0
-14599,0,0
23421,0,0
-186892,0,0
-235278,0,0
-252953,0,0
-335788,0,0
74657,0,0
157049,0,0
-26971,0,0
64025,0,0
13514,0,0
-211603,0,0
4021,0,0
-45805,0,0
-143976,0,0
75442,0,0
-204627,0,0
-174401,0,0
3655,0,0
92435,0,0
147353,0,0
279548,0,0
-84293,0,0
-181829,0,0
-206320,0,0
-273237,0,0
39364,0,0
83364,0,0
-46489,0,0
-11638,0,0
-15807,0,0
-180374,0,0
101014,0,0
-125130,0,0
-193826,0,0
263010,0,0
32576,0,0
-106711,0,0
-35638,0,0
-67086,0,0
-156964,0,0
183468,0,0
37473,0,0
-42503,0,0
70761,0,0
-38216,0,0
-13038,0,0
6077,0,0
118098,0,0
445086,0,0
195734,0,0
-184916,0,0
128624,0,0
9343,0,0
-35580,0,0
143152,0,0
64822,0,0
168475,0,0
270894,0,0
60386,0,0
107219,0,0
233412,0,0
-21201,0,0
116666,0,0
88891,0,0
-198073,0,0
57660,0,0
375403,0,0
-92563,0,0
92081,0,0
249128,0,0
40312,0,0
39532,0,0
-291062,0,0
-397931,0,0
-44664,0,0
-159863,0,0
-98558,0,0
196443,0,0
2754,0,0
-42829,0,0
-192343,0,0
-488239,0,0
-361517,0,0
48390,0,0
-47703,0,0
-212827,0,0
-312252,0,0
-413923,0,0
-238732,0,0
-238263,0,0
-274158,0,0
202097,0,0
8812,0,0
-174274,0,0
-190606,0,0
-425354,0,0
-250729,0,0
23900,0,0
59374,0,0
-52158,0,0
-124907,0,0
-239075,0,0
55024,0,0
56030,0,0
7448,0,0
42860,0,0
-112632,0,0
-350904,0,0
-40898,0,0
-44405,0,0
-190598,0,0
146018,0,0
26294,0,0
-37873,0,0
-129369,0,0
-272131,0,0
-292068,0,0
-28150,0,0
-160249,0,0
-42319,0,0
588368,0,0
196862,0,0
-184754,0,0
-240757,0,0
-313666,0,0
122162,0,0
15428,0,0
-93962,0,0
178584,0,0
102462,0,0
23191,0,0
119617,0,0
96287,0,0
10339,0,0
407947,0,0
-31586,0,0
-181432,0,0
8355,0,0
-2069,0,0
-137346,0,0
261543,0,0
11256,0,0
-433,0,0
-89634,0,0
-119542,0,0
160196,0,0
-18356,0,0
-196603,0,0
-25325,0,0
5206,0,0
-135995,0,0
27904,0,0
-106510,0,0
-172452,0,0
264739,0,0
-140203,0,0
-171032,0,0
-64097,0,0
-122321,0,0
-64504,0,0
-65410,0,0
-227716,0,0
-146721,0,0
20286,0,0
-21702,0,0
-19744,0,0
-205064,0,0
-330248,0,0
-242574,0,0
145491,0,0
70060,0,0
-10462,0,0
-162187,0,0
-326598,0,0
-185736,0,0
-244872,0,0
-114196,0,0
-72106,0,0
-146905,0,0
-117417,0,0
55724,0,0
-252689,0,0
-252742,0,0
-86567,0,0
-109815,0,0
10625,0,0
21023,0,0
-77236,0,0
-101053,0,0
-102628,0,0
-159689,0,0
91643,0,0
-89120,0,0
-188643,0,0
5175,0,0
-110742,0,0
-159724,0,0
205716,0,0
11063,0,0
-204355,0,0
-130226,0,0
-220351,0,0
163212,0,0
76578,0,0
47324,0,0
111638,0,0
27996,0,0
-270472,0,0
-94993,0,0
-47023,0,0
-54815,0,0
187419,0,0
48304,0,0
-243139,0,0
-46840,0,0
-132349,0,0
-91559,0,0
-52760,0,0
-172271,0,0
-114523,0,0
-4635,0,0
-172693,0,0
-9216,0,0
306908,0,0
-166300,0,0
-247567,0,0
-457943,0,0
-493522,0,0
-287904,0,0
-123355,0,0
142462,0,0
486288,0,0
299855,0,0
-177065,0,0
-202296,0,0
-374292,0,0
-248314,0,0
90035,0,0
30740,0,0
159385,0,0
383126,0,0
-106015,0,0
-251548,0,0
-287437,0,0
-238663,0,0
378530,0,0
332122,0,0
-48009,0,0
40667,0,0
22276,0,0
-297595,0,0
-186025,0,0
-298782,0,0
-292714,0,0
-67747,0,0
-196208,0,0
43180,0,0
336545,0,0
121377,0,0
-127525,0,0
-57277,0,0
-453877,0,0
-277001,0,0
-191439,0,0
-309224,0,0
-28493,0,0
-22753,0,0
-96561,0,0
22599,0,0
35711,0,0
-107637,0,0
-31524,0,0
-233934,0,0
-334829,0,0
-159303,0,0
-230708,0,0
-235223,0,0
-74475,0,0
-234561,0,0
-270062,0,0
-90398,0,0
-274140,0,0
-144724,0,0
-124235,0,0
-244386,0,0
-108573,0,0
-114935,0,0
-308301,0,0
-45875,0,0
-89216,0,0
-305467,0,0
-83530,0,0
-85517,0,0
-192497,0,0
-72834,0,0
-18884,0,0
102,0,0
92912,0,0
-86828,0,0
-153255,0,0
131727,0,0
-135669,0,0
-169070,0,0
-246419,0,0
-463503,0,0
-146035,0,0
-23790,0,0
246635,0,0
417202,0,0
-93951,0,0
-304341,0,0
-204699,0,0
-312064,0,0
-321660,0,0
-80040,0,0
46145,0,0
81781,0,0
124268,0,0
-72061,0,0
-90724,0,0
-203313,0,0
-134863,0,0
112906,0,0
170089,0,0
-13056,0,0
169746,0,0
123532,0,0
-196247,0,0
-127898,0,0
-194705,0,0
-126973,0,0
-117678,0,0
-1116,0,0
-20383,0,0
514880,0,0
460272,0,0
174183,0,0
-21384,0,0
-246568,0,0
-211628,0,0
141562,0,0
-50448,0,0
25253,0,0
205989,0,0
33306,0,0
400267,0,0
219677,0,0
13910,0,0
118050,0,0
271354,0,0
-109,0,0
304135,0,0
185829,0,0
-65212,0,0
69544,0,0
61263,0,0
26195,0,0
272285,0,0
324764,0,0
180202,0,0
389017,0,0
178825,0,0
126905,0,0
172183,0,0
48222,0,0
200515,0,0
277840,0,0
186888,0,0
289079,0,0
251255,0,0
170578,0,0
321019,0,0
83562,0,0
-87139,0,0
128060,0,0
288844,0,0
349391,0,0
150170,0,0
-31574,0,0
-64375,0,0
436925,0,0
329132,0,0
145055,0,0
128611,0,0
178584,0,0
264228,0,0
185368,0,0
2925,0,0
263190,0,0
436136,0,0
97198,0,0
194441,0,0
101494,0,0
75875,0,0
226419,0,0
298947,0,0
104511,0,0
295267,0,0
106288,0,0
26264,0,0
259146,0,0
-39950,0,0
-41905,0,0
-70716,0,0
-214752,0,0
267117,0,0
594041,0,0
289318,0,0
-15100,0,0
-162688,0,0
-273151,0,0
136197,0,0
60652,0,0
-90695,0,0
15852,0,0
-180959,0,0
-59948,0,0
302582,0,0
347933,0,0
-20830,0,0
-481,0,0
-414144,0,0
-266585,0,0
-23636,0,0
-62189,0,0
318435,0,0
216024,0,0
-222431,0,0
-127813,0,0
-61882,0,0
-177717,0,0
97555,0,0
9635,0,0
-174335,0,0
98216,0,0
-37159,0,0
65061,0,0
161344,0,0
-114875,0,0
-256514,0,0
-235986,0,0
-300068,0,0
-123602,0,0
363687,0,0
22446,0,0
61197,0,0
-74310,0,0
-346084,0,0
-229332,0,0
-118592,0,0
-173320,0,0
-6856,0,0
-15532,0,0
-21113,0,0
16652,0,0
-205772,0,0
-118507,0,0
12668,0,0
-94372,0,0
-121607,0,0
37234,0,0
-114162,0,0
88291,0,0
224346,0,0
128344,0,0
52621,0,0
-83799,0,0
-112988,0,0
135519,0,0
233548,0,0
147353,0,0
360464,0,0
280527,0,0
129054,0,0
319056,0,0
274621,0,0
176453,0,0
538037,0,0
352575,0,0
-42158,0,0
275810,0,0
203083,0,0
250954,0,0
303835,0,0
287754,0,0
487640,0,0
298969,0,0
113641,0,0
346049,0,0
303996,0,0
96988,0,0
216767,0,0
125575,0,0
-82502,0,0
94972,0,0
71435,0,0
144177,0,0
337958,0,0
169184,0,0
-8101,0,0
28691,0,0
-289632,0,0
-83681,0,0
75700,0,0
-191355,0,0
324318,0,0
120124,0,0
-216198,0,0
-307938,0,0
-381490,0,0
-232073,0,0
22103,0,0
6949,0,0
-95542,0,0
-4932,0,0
1242,0,0
7290,0,0
-135561,0,0
-228786,0,0
-297117,0,0
-139006,0,0
-104505,0,0
-25767,0,0
221884,0,0
7652,0,0
-47151,0,0
-88581,0,0
-145368,0,0
-20788,0,0
343603,0,0
232444,0,0
306530,0,0
-53853,0,0
-246417,0,0
54026,0,0
-10268,0,0
51492,0,0
441151,0,0
329428,0,0
13556,0,0
250416,0,0
266955,0,0
318789,0,0
207578,0,0
-68474,0,0
266408,0,0
312116,0,0
270723,0,0
284841,0,0
249741,0,0
97923,0,0
224995,0,0
175130,0,0
74636,0,0
365396,0,0
299345,0,0
-19866,0,0
228403,0,0
-78731,0,0
-29746,0,0
141831,0,0
302097,0,0
208629,0,0
337458,0,0
179912,0,0
201490,0,0
-10569,0,0
-284924,0,0
-55688,0,0
152245,0,0
31607,0,0
157674,0,0
12351,0,0
33693,0,0
248947,0,0
298978,0,0
321946,0,0
60552,0,0
-189048,0,0
-303398,0,0
-26370,0,0
-136631,0,0
120938,0,0
492313,0,0
-27933,0,0
-40039,0,0
-77754,0,0
-271599,0,0
230959,0,0
373537,0,0
-52335,0,0
8043,0,0
-182022,0,0
-191813,0,0
-89067,0,0
-48515,0,0
211685,0,0
297133,0,0
42044,0,0
-45166,0,0
32012,0,0
-125136,0,0
-25042,0,0
160904,0,0
-112334,0,0
-69438,0,0
-1992,0,0
6159,0,0
55087,0,0
16346,0,0
-71086,0,0
46205,0,0
-13191,0,0
-282278,0,0
-17560,0,0
-279186,0,0
-125902,0,0
355948,0,0
454174,0,0
131337,0,0
-55613,0,0
-377886,0,0
-166673,0,0
49367,0,0
-109752,0,0
-19365,0,0
280461,0,0
217633,0,0
248480,0,0
105866,0,0
-131605,0,0
-56094,0,0
-145895,0,0
-260467,0,0
51777,0,0
111800,0,0
335538,0,0
466710,0,0
49047,0,0
-199677,0,0
-143758,0,0
-392701,0,0
-104044,0,0
-93,0,0
151813,0,0
341693,0,0
170229,0,0
177566,0,0
353757,0,0
212781,0,0
-274337,0,0
-137594,0,0
-174351,0,0
81140,0,0
282290,0,0
128631,0,0
16288,0,0
126294,0,0
-7698,0,0
-138955,0,0
-28996,0,0
-185643,0,0
181231,0,0
281394,0,0
-138954,0,0
-188110,0,0
-171219,0,0
-386851,0,0
-242231,0,0
20608,0,0
33236,0,0
426577,0,0
-28777,0,0
-366641,0,0
-105513,0,0
-190939,0,0
-169785,0,0
-43266,0,0
-274012,0,0
-301127,0,0
-67653,0,0
-259828,0,0
21213,0,0
23499,0,0
-207586,0,0
-106522,0,0
-76088,0,0
-303732,0,0
-136785,0,0
102262,0,0
-397172,0,0
-258271,0,0
-304945,0,0
-153518,0,0
-27207,0,0
-100077,0,0
-272056,0,0
-83374,0,0
-214247,0,0
-268765,0,0
89642,0,0
-151072,0,0
-84155,0,0
-88467,0,0
-465683,0,0
-297101,0,0
-260771,0,0
-214356,0,0
177004,0,0
126860,0,0
-282696,0,0
-134929,0,0
-529278,0,0
-513310,0,0
107835,0,0
41056,0,0
-266994,0,0
-20076,0,0
31878,0,0
-66955,0,0
179509,0,0
-416,0,0
-86269,0,0
-6604,0,0
-170800,0,0
-116943,0,0
-106926,0,0
81883,0,0
131073,0,0
60380,0,0
315419,0,0
544718,0,0
139762,0,0
-251801,0,0
-135058,0,0
-291483,0,0
-203499,0,0
289383,0,0
112104,0,0
182897,0,0
251465,0,0
-83423,0,0
-204061,0,0
-9827,0,0
-174835,0,0
-63616,0,0
131321,0,0
23926,0,0
20631,0,0
-193516,0,0
-233204,0,0
163605,0,0
102449,0,0
90501,0,0
139681,0,0
-162013,0,0
-95566,0,0
126211,0,0
63054,0,0
137528,0,0
136531,0,0
4585,0,0
103203,0,0
-3919,0,0
-25060,0,0
78987,0,0
117636,0,0
16335,0,0
96402,0,0
133421,0,0
69135,0,0
209412,0,0
46924,0,0
-94104,0,0
109259,0,0
113972,0,0
-3676,0,0
137610,0,0
85659,0,0
-58710,0,0
54369,0,0
-16685,0,0
-12513,0,0
172521,0,0
-183624,0,0
2824,0,0
40819,0,0
-67147,0,0
-227281,0,0
-34574,0,0
111173,0,0
226578,0,0
-213064,0,0
-229255,0,0
-204277,0,0
-277868,0,0
-246168,0,0
69622,0,0
183441,0,0
170534,0,0
178260,0,0
-311611,0,0
-327941,0,0
-126629,0,0
-293629,0,0
44673,0,0
231637,0,0
-89433,0,0
-10651,0,0
-67810,0,0
-178968,0,0
-80120,0,0
-212226,0,0
-229205,0,0
49521,0,0
-79563,0,0
-86240,0,0
-79923,0,0
-334375,0,0
-293766,0,0
-72342,0,0
-9797,0,0
-35451,0,0
36038,0,0
-84161,0,0
-198585,0,0
-97861,0,0
-154262,0,0
-7957,0,0
108245,0,0
5693,0,0
41361,0,0
-121750,0,0
-171967,0,0
17218,0,0
-99244,0,0
79804,0,0
268471,0,0
45152,0,0
36787,0,0
198374,0,0
27126,0,0
-25923,0,0
-59321,0,0
-141906,0,0
5897,0,0
-30407,0,0
216803,0,0
498152,0,0
290335,0,0
-148581,0,0
142512,0,0
90010,0,0
6811,0,0
226174,0,0
76662,0,0
42161,0,0
312947,0,0
23284,0,0
37953,0,0
161574,0,0
2551,0,0
229981,0,0
404321,0,0
-91555,0,0
-28272,0,0
-79822,0,0
-176334,0,0
81510,0,0
134364,0,0
236579,0,0
366617,0,0
71390,0,0
-134843,0,0
94707,0,0
39234,0,0
72711,0,0
192883,0,0
25335,0,0
-86474,0,0
95051,0,0
76816,0,0
149971,0,0
102935,0,0
-119731,0,0
269050,0,0
259278,0,0
47338,0,0
26493,0,0
-69104,0,0
-225489,0,0
52794,0,0
-45623,0,0
2337,0,0
191751,0,0
35137,0,0
75933,0,0
-21558,0,0
-189925,0,0
-243673,0,0
266858,0,0
102998,0,0
-15055,0,0
65639,0,0
-64734,0,0
29736,0,0
4488,0,0
-37194,0,0
-90115,0,0
82587,0,0
-170081,0,0
-60707,0,0
-7878,0,0
2450,0,0
106191,0,0
-85211,0,0
153450,0,0
100170,0,0
-69122,0,0
-338341,0,0
-251588,0,0
-217670,0,0
-36209,0,0
107626,0,0
-13206,0,0
241623,0,0
197377,0,0
-157431,0,0
-155936,0,0
-236396,0,0
-127477,0,0
141715,0,0
59814,0,0
-260771,0,0
23091,0,0
-149023,0,0
134717,0,0
361235,0,0
174645,0,0
-128021,0,0
-26385,0,0
-221032,0,0
167910,0,0
218980,0,0
-58780,0,0
3246,0,0
7594,0,0
-133951,0,0
-7033,0,0
111979,0,0
103172,0,0
244103,0,0
248490,0,0
210727,0,0
172245,0,0
-138941,0,0
-142142,0,0
169365,0,0
154027,0,0
80499,0,0
290359,0,0
212294,0,0
237700,0,0
142477,0,0
-125912,0,0
146918,0,0
262504,0,0
239330,0,0
513646,0,0
379307,0,0
-60085,0,0
56528,0,0
50974,0,0
-171509,0,0
144824,0,0
97519,0,0
78437,0,0
110603,0,0
81707,0,0
99946,0,0
152434,0,0
-94364,0,0
77773,0,0
40383,0,0
-232921,0,0
-113170,0,0
-132502,0,0
78573,0,0
186854,0,0
-131844,0,0
-257825,0,0
137342,0,0
91109,0,0
18673,0,0
195153,0,0
-8717,0,0
-1528,0,0
76870,0,0
-175444,0,0
-73097,0,0
191781,0,0
-9791,0,0
-56599,0,0
54558,0,0
14665,0,0
218391,0,0
294073,0,0
25553,0,0
262905,0,0
61777,0,0
-37875,0,0
157497,0,0
-28983,0,0
-90464,0,0
28435,0,0
-41855,0,0
-10065,0,0
239759,0,0
313841,0,0
262739,0,0
94598,0,0
-251257,0,0
-151871,0,0
180709,0,0
149568,0,0
207085,0,0
-18396,0,0
-229392,0,0
-57665,0,0
75273,0,0
-1136,0,0
108601,0,0
46530,0,0
75367,0,0
353511,0,0
81524,0,0
-28068,0,0
-7756,0,0
-93471,0,0
-140646,0,0
128598,0,0
19125,0,0
97207,0,0
276637,0,0
53741,0,0
109870,0,0
47089,0,0
-28897,0,0
31868,0,0
-1247,0,0
-123125,0,0
134836,0,0
54500,0,0
27960,0,0
283981,0,0
-35752,0,0
-165713,0,0
52504,0,0
-42775,0,0
-177601,0,0
74782,0,0
-10323,0,0
175606,0,0
313859,0,0
-263324,0,0
-160235,0,0
-112555,0,0
-148213,0,0
167923,0,0
127855,0,0
-346230,0,0
-178096,0,0
-146298,0,0
46608,0,0
168840,0,0
-232320,0,0
-295141,0,0
99731,0,0
94108,0,0
-86738,0,0
-71784,0,0
-241254,0,0
-149619,0,0
-98827,0,0
-246201,0,0
-29606,0,0
-54256,0,0
-37913,0,0
197266,0,0
-1190,0,0
-223575,0,0
-40896,0,0
-259722,0,0
-206998,0,0
35672,0,0
-75519,0,0
133872,0,0
335030,0,0
29919,0,0
-160108,0,0
-144452,0,0
-195046,0,0
57719,0,0
54494,0,0
-140886,0,0
80735,0,0
164369,0,0
508,0,0
52804,0,0
104360,0,0
9917,0,0
-87864,0,0
-276606,0,0
-283026,0,0
49736,0,0
225354,0,0
243652,0,0
184334,0,0
165638,0,0
-100300,0,0
-18653,0,0
-154895,0,0
103569,0,0
163754,0,0
-66953,0,0
60820,0,0
229886,0,0
59593,0,0
83954,0,0
8054,0,0
-142846,0,0
-10653,0,0
44706,0,0
204031,0,0
529584,0,0
-75320,0,0
-270406,0,0
-47390,0,0
-88206,0,0
-122198,0,0
148576,0,0
-30672,0,0
5740,0,0
178148,0,0
-105537,0,0
239861,0,0
137843,0,0
-199068,0,0
-16880,0,0
166438,0,0
5806,0,0
-4485,0,0
-162127,0,0
-245431,0,0
-125880,0,0
1018,0,0
99925,0,0
171821,0,0
79647,0,0
-97269,0,0
-148397,0,0
-449123,0,0
-383610,0,0
-37324,0,0
-177426,0,0
-36207,0,0
38526,0,0
149129,0,0
477373,0,0
302380,0,0
-291140,0,0
-223451,0,0
-234882,0,0
-234153,0,0
88220,0,0
-71003,0,0
77084,0,0
376337,0,0
77531,0,0
-90731,0,0
331490,0,0
321020,0,0
240441,0,0
-24914,0,0
-390378,0,0
-203378,0,0
11937,0,0
-78399,0,0
39955,0,0
254468,0,0
128576,0,0
428346,0,0
178824,0,0
-239297,0,0
-126521,0,0
-231240,0,0
-267725,0,0
113914,0,0
-33626,0,0
-8400,0,0
206866,0,0
8707,0,0
-107016,0,0
-71977,0,0
-214247,0,0
-95878,0,0
-110302,0,0
-364779,0,0
-110529,0,0
137985,0,0
-243209,0,0
-87924,0,0
-330314,0,0
-358300,0,0
-116910,0,0
-188259,0,0
-322825,0,0
-80463,0,0
-117757,0,0
-510469,0,0
-228492,0,0
-308478,0,0
-212843,0,0
-108077,0,0
-152663,0,0
111424,0,0
6931,0,0
-291260,0,0
-189251,0,0
-183017,0,0
-185015,0,0
-70020,0,0
-287744,0,0
-307884,0,0
-66750,0,0
-189898,0,0
89648,0,0
864176,0,0
424667,0,0
-157131,0,0
-242228,0,0
-341556,0,0
-208968,0,0
-30010,0,0
-39794,0,0
224187,0,0
191930,0,0
84837,0,0
253456,0,0
91089,0,0
-86570,0,0
195447,0,0
-55489,0,0
-72997,0,0
114411,0,0
127434,0,0
170084,0,0
200234,0,0
17159,0,0
5727,0,0
236818,0,0
-48000,0,0
84461,0,0
63716,0,0
58172,0,0
194213,0,0
45219,0,0
-83760,0,0
308203,0,0
253847,0,0
82871,0,0
167921,0,0
262836,0,0
47501,0,0
54603,0,0
7109,0,0
42499,0,0
128494,0,0
-37641,0,0
-55030,0,0
146476,0,0
115450,0,0
495023,0,0
400919,0,0
-55109,0,0
-146479,0,0
-163371,0,0
-157044,0,0
246110,0,0
163820,0,0
92089,0,0
115324,0,0
-37405,0,0
-11376,0,0
20298,0,0
6314,0,0
40163,0,0
-50733,0,0
-130432,0,0
-42225,0,0
193302,0,0
-44905,0,0
129700,0,0
115664,0,0
-155570,0,0
61194,0,0
-51339,0,0
-39172,0,0
155849,0,0
50117,0,0
-131659,0,0
67641,0,0
72181,0,0
-88095,0,0
124490,0,0
-79398,0,0
-33155,0,0
185049,0,0
-23529,0,0
-3234,0,0
120147,0,0
-116336,0,0
19559,0,0
19958,0,0
-88129,0,0
117275,0,0
146667,0,0
-91371,0,0
-48414,0,0
35565,0,0
-6377,0,0
128178,0,0
97393,0,0
-128057,0,0
137932,0,0
-13308,0,0
82603,0,0
107381,0,0
23944,0,0
-103848,0,0
100161,0,0
-80795,0,0
82731,0,0
47209,0,0
-160917,0,0
85676,0,0
98943,0,0
-33677,0,0
182159,0,0
127615,0,0
-83753,0,0
122856,0,0
-23791,0,0
-141034,0,0
134228,0,0
69802,0,0
-6413,0,0
98781,0,0
20739,0,0
5320,0,0
124808,0,0
-59825,0,0
10345,0,0
66001,0,0
14850,0,0
40480,0,0
-10490,0,0
-228124,0,0
-45430,0,0
731,0,0
-116682,0,0
-63851,0,0
-69129,0,0
-245173,0,0
-7545,0,0
-292661,0,0
-220931,0,0
-51221,0,0
-144291,0,0
-67755,0,0
-6705,0,0
-254931,0,0
-160203,0,0
-87501,0,0
-196738,0,0
-37616,0,0
-205611,0,0
-346448,0,0
-165009,0,0
-36174,0,0
-59884,0,0
72989,0,0
19724,0,0
-208145,0,0
-214890,0,0
-525020,0,0
-453937,0,0
-429004,0,0
-319421,0,0
5384,0,0
315654,0,0
-423213,0,0
-488271,0,0
-77621,0,0
-221936,0,0
-79561,0,0
197608,0,0
39602,0,0
200599,0,0
175692,0,0
94257,0,0
152355,0,0
-290741,0,0
-248311,0,0
110312,0,0
79363,0,0
413050,0,0
700062,0,0
551110,0,0
412079,0,0
408657,0,0
207330,0,0
-20490,0,0
1431,0,0
-219415,0,0
106019,0,0
634147,0,0
693799,0,0
414049,0,0
96761,0,0
-124247,0,0
329788,0,0
248606,0,0
217477,0,0
321163,0,0
70852,0,0
140553,0,0
243679,0,0
76142,0,0
-5734,0,0
350433,0,0
308497,0,0
94619,0,0
-84167,0,0
-265621,0,0
9154,0,0
30491,0,0
-160751,0,0
40743,0,0
60997,0,0
41343,0,0
76138,0,0
-139267,0,0
-351165,0,0
-182437,0,0
-80192,0,0
252417,0,0
224882,0,0
-180107,0,0
-353047,0,0
-103285,0,0
-136045,0,0
-37691,0,0
17616,0,0
-61304,0,0
-728,0,0
-43186,0,0
-193472,0,0
-159140,0,0
-128429,0,0
-196372,0,0
-61059,0,0
-77588,0,0
-208866,0,0
-106919,0,0
-237636,0,0
-104860,0,0
43515,0,0
-197429,0,0
-426605,0,0
-112647,0,0
-239767,0,0
207600,0,0
179063,0,0
-116796,0,0
7245,0,0
-167143,0,0
-326987,0,0
-85331,0,0
20134,0,0
-6664,0,0
71110,0,0
-91623,0,0
-58848,0,0
141490,0,0
-24983,0,0
-193288,0,0
402126,0,0
124856,0,0
-165375,0,0
-136585,0,0
-234176,0,0
39991,0,0
326764,0,0
37591,0,0
150584,0,0
126871,0,0
-180505,0,0
-184908,0,0
100656,0,0
34649,0,0
361979,0,0
268578,0,0
116717,0,0
-122455,0,0
-309961,0,0
-175787,0,0
202108,0,0
191280,0,0
403388,0,0
367393,0,0
-86351,0,0
109977,0,0
63582,0,0
-339097,0,0
-271246,0,0
-231001,0,0
-173310,0,0
238170,0,0
271282,0,0
2391,0,0
467967,0,0
120893,0,0
-229871,0,0
-172086,0,0
-336246,0,0
-21248,0,0
174483,0,0
-148864,0,0
-85657,0,0
179095,0,0
258073,0,0
282267,0,0
110959,0,0
-323919,0,0
-50806,0,0
-24932,0,0
-115703,0,0
74495,0,0
233446,0,0
-120953,0,0
42692,0,0
68565,0,0
-74586,0,0
197444,0,0
87116,0,0
-86153,0,0
-80921,0,0
-229914,0,0
-272380,0,0
160543,0,0
-22918,0,0
122662,0,0
219567,0,0
-116251,0,0
-122487,0,0
-99345,0,0
-212066,0,0
-125544,0,0
-100500,0,0
-112150,0,0
36634,0,0
-111480,0,0
-236783,0,0
-93459,0,0
-245370,0,0
-162833,0,0
-23445,0,0
-246941,0,0
-274857,0,0
-156951,0,0
-285751,0,0
-267041,0,0
-98946,0,0
-113985,0,0
8836,0,0
-77811,0,0
-335437,0,0
-266506,0,0
-150613,0,0
-196675,0,0
4085,0,0
-182557,0,0
-150180,0,0
-56329,0,0
-277458,0,0
-222705,0,0
-171052,0,0
-354101,0,0
-355505,0,0
-87223,0,0
-243379,0,0
-350954,0,0
-74468,0,0
-71205,0,0
-151287,0,0
-483484,0,0
-582446,0,0
-191027,0,0
110828,0,0
-228259,0,0
-190154,0,0
-180959,0,0
-154009,0,0
-161940,0,0
-296526,0,0
-296530,0,0
-13160,0,0
-54573,0,0
-264377,0,0
-81907,0,0
-119991,0,0
-67683,0,0
23930,0,0
-335595,0,0
-162027,0,0
8880,0,0
-426072,0,0
-138050,0,0
-29819,0,0
36950,0,0
193524,0,0
102126,0,0
-136792,0,0
-54058,0,0
-175783,0,0
-117429,0,0
-71549,0,0
-130217,0,0
173449,0,0
360985,0,0
362730,0,0
234447,0,0
-87138,0,0
-304123,0,0
110033,0,0
235049,0,0
-74156,0,0
109456,0,0
220418,0,0
151634,0,0
196316,0,0
-146136,0,0
-230861,0,0
88409,0,0
-81174,0,0
-4683,0,0
252624,0,0
-125178,0,0
-357055,0,0
-212969,0,0
-166049,0,0
119506,0,0
427127,0,0
23762,0,0
-96674,0,0
-156330,0,0
-276602,0,0
-172166,0,0
-173143,0,0
-94072,0,0
425838,0,0
395612,0,0
47917,0,0
42108,0,0
-218659,0,0
-239558,0,0
55269,0,0
41762,0,0
-20413,0,0
312987,0,0
334963,0,0
225172,0,0
202016,0,0
-293032,0,0
-197579,0,0
12431,0,0
65191,0,0
232751,0,0
61345,0,0
178336,0,0
356041,0,0
-83927,0,0
-302621,0,0
-139245,0,0
-139723,0,0
29397,0,0
363527,0,0
525192,0,0
268734,0,0
-46601,0,0
-424958,0,0
-406945,0,0
-171218,0,0
84725,0,0
318994,0,0
130756,0,0
10677,0,0
301375,0,0
173416,0,0
-80764,0,0
-62460,0,0
-212689,0,0
-154885,0,0
154616,0,0
73036,0,0
253910,0,0
434963,0,0
23678,0,0
-186843,0,0
-30560,0,0
-156105,0,0
42801,0,0
250545,0,0
171973,0,0
161648,0,0
-49335,0,0
-85985,0,0
9599,0,0
-14123,0,0
-123032,0,0
199634,0,0
2982,0,0
-133658,0,0
26370,0,0
-67030,0,0
2141,0,0
56055,0,0
-282591,0,0
-226910,0,0
-44677,0,0
-12169,0,0
102109,0,0
315422,0,0
-98505,0,0
97422,0,0
42249,0,0
-267051,0,0
-137237,0,0
56903,0,0
130733,0,0
315402,0,0
180141,0,0
-31879,0,0
-23073,0,0
83634,0,0
45946,0,0
294715,0,0
147274,0,0
58555,0,0
38249,0,0
144535,0,0
190265,0,0
261004,0,0
166263,0,0
122511,0,0
261243,0,0
36198,0,0
115553,0,0
-19429,0,0
-99670,0,0
127925,0,0
130897,0,0
140945,0,0
406460,0,0
282238,0,0
90651,0,0
55578,0,0
-182335,0,0
-469771,0,0
-81096,0,0
226927,0,0
316816,0,0
407065,0,0
-223456,0,0
-91839,0,0
-112439,0,0
88109,0,0
245442,0,0
159137,0,0
131989,0,0
178908,0,0
-125376,0,0
-173433,0,0
72004,0,0
-25744,0,0
240856,0,0
399838,0,0
91305,0,0
18499,0,0
277017,0,0
49530,0,0
47415,0,0
106818,0,0
57928,0,0
124824,0,0
271449,0,0
210786,0,0
241631,0,0
233282,0,0
7998,0,0
252891,0,0
103548,0,0
18229,0,0
230460,0,0
118240,0,0
234041,0,0
402675,0,0
136334,0,0
-79036,0,0
102681,0,0
-29828,0,0
154830,0,0
214236,0,0
-89077,0,0
9232,0,0
-25679,0,0
-171405,0,0
-54608,0,0
1671,0,0
-240301,0,0
-106510,0,0
-134867,0,0
-338405,0,0
-119260,0,0
-156021,0,0
-251548,0,0
-107240,0,0
-249425,0,0
-346106,0,0
-73752,0,0
-437338,0,0
-116848,0,0
-159711,0,0
-390350,0,0
-20133,0,0
-324517,0,0
-331223,0,0
-217868,0,0
-194199,0,0
-270878,0,0
-123817,0,0
-294592,0,0
-234310,0,0
132519,0,0
-79074,0,0
-249107,0,0
-108565,0,0
-136656,0,0
-225171,0,0
60221,0,0
-18368,0,0
-784,0,0
-33930,0,0
-50473,0,0
167635,0,0
56853,0,0
-132696,0,0
77717,0,0
7850,0,0
7182,0,0
461883,0,0
260100,0,0
41618,0,0
-16583,0,0
-187962,0,0
-64036,0,0
136099,0,0
-24866,0,0
-95772,0,0
183008,0,0
-36490,0,0
157503,0,0
199061,0,0
-78989,0,0
33520,0,0
-104455,0,0
-71084,0,0
414494,0,0
160688,0,0
-49894,0,0
154866,0,0
25438,0,0
-138420,0,0
72528,0,0
-17773,0,0
78962,0,0
193912,0,0
-38481,0,0
-222717,0,0
77896,0,0
92725,0,0
48465,0,0
-134062,0,0
-152418,0,0
-10460,0,0
-16209,0,0
-157319,0,0
-129482,0,0
-198972,0,0
-269679,0,0
-69717,0,0
-140799,0,0
-159389,0,0
3366,0,0
-83614,0,0
-280875,0,0
-189875,0,0
-160307,0,0
-155506,0,0
153845,0,0
83846,0,0
-51119,0,0
-81447,0,0
-155111,0,0
-19755,0,0
24119,0,0
-192341,0,0
62626,0,0
76601,0,0
151147,0,0
397915,0,0
30279,0,0
3590,0,0
368652,0,0
209771,0,0
172878,0,0
401580,0,0
130273,0,0
45212,0,0
351343,0,0
193717,0,0
217117,0,0
249538,0,0
143217,0,0
285399,0,0
171228,0,0
88072,0,0
416837,0,0
513129,0,0
109262,0,0
165199,0,0
-66426,0,0
-1676,0,0
92638,0,0
94716,0,0
-26504,0,0
81538,0,0
-47022,0,0
-61164,0,0
142458,0,0
35719,0,0
280702,0,0
-97372,0,0
-158150,0,0
114501,0,0
-15732,0,0
-296059,0,0
-145398,0,0
-58631,0,0
-167724,0,0
93280,0,0
-211727,0,0
-155088,0,0
124406,0,0
-76273,0,0
126117,0,0
157208,0,0
-221898,0,0
-454890,0,0
-124098,0,0
-225340,0,0
-144148,0,0
-159868,0,0
-119907,0,0
143064,0,0
9210,0,0
-102200,0,0
-81290,0,0
-179277,0,0
-449685,0,0
-106536,0,0
-244890,0,0
-333540,0,0
91,0,0
-180868,0,0
-299329,0,0
-264108,0,0
-459741,0,0
-185349,0,0
256385,0,0
-85268,0,0
-156008,0,0
-351928,0,0
-504076,0,0
-244008,0,0
-238512,0,0
-401493,0,0
-251145,0,0
-174829,0,0
-43579,0,0
223428,0,0
-256160,0,0
-618155,0,0
-401643,0,0
-337905,0,0
-159492,0,0
321398,0,0
74429,0,0
-220795,0,0
-72315,0,0
-247801,0,0
-118882,0,0
-181073,0,0
138241,0,0
95624,0,0
93246,0,0
49839,0,0
211099,0,0
222943,0,0
90667,0,0
149075,0,0
-65017,0,0
37409,0,0
210445,0,0
146853,0,0
66580,0,0
281139,0,0
130899,0,0
39820,0,0
294692,0,0
181387,0,0
133406,0,0
60770,0,0
-121340,0,0
-45018,0,0
-47841,0,0
23071,0,0
470734,0,0
422961,0,0
143811,0,0
152180,0,0
92404,0,0
191357,0,0
270001,0,0
90244,0,0
13916,0,0
403330,0,0
304748,0,0
277163,0,0
387892,0,0
259634,0,0
145370,0,0
275435,0,0
-58050,0,0
186753,0,0
198756,0,0
226284,0,0
371130,0,0
384348,0,0
-20245,0,0
142547,0,0
10128,0,0
-62759,0,0
59480,0,0
-30472,0,0
12153,0,0
132685,0,0
-22983,0,0
-39189,0,0
37510,0,0
-148172,0,0
52876,0,0
2997,0,0
-229801,0,0
-236191,0,0
-138825,0,0
-200792,0,0
-18002,0,0
7019,0,0
-376152,0,0
-167482,0,0
-381938,0,0
-441356,0,0
60430,0,0
-97448,0,0
-205977,0,0
-179330,0,0
-390961,0,0
-665641,0,0
-427674,0,0
-489965,0,0
-282648,0,0
-162321,0,0
-273537,0,0
-131143,0,0
-501722,0,0
-728163,0,0
-556314,0,0
-500654,0,0
-293735,0,0
-306067,0,0
-309708,0,0
-415924,0,0
-323179,0,0
-263171,0,0
-234436,0,0
-298348,0,0
-183406,0,0
-152844,0,0
-50922,0,0
-144884,0,0
-36451,0,0
139094,0,0
235471,0,0
129690,0,0
82296,0,0
-33438,0,0
201034,0,0
291124,0,0
253293,0,0
465616,0,0
570133,0,0
278068,0,0
356956,0,0
344893,0,0
514321,0,0
612242,0,0
328206,0,0
152108,0,0
373845,0,0
367632,0,0
405945,0,0
605451,0,0
392654,0,0
497114,0,0
565054,0,0
247957,0,0
266097,0,0
244923,0,0
245211,0,0
434357,0,0
244283,0,0
228782,0,0
343900,0,0
365894,0,0
380581,0,0
538710,0,0
217565,0,0
-60481,0,0
141227,0,0
218495,0,0
433061,0,0
567439,0,0
300378,0,0
242243,0,0
185208,0,0
-73329,0,0
232285,0,0
403122,0,0
89789,0,0
218937,0,0
204182,0,0
124338,0,0
83170,0,0
-240811,0,0
100922,0,0
412283,0,0
169446,0,0
-66556,0,0
-27659,0,0
-112149,0,0
197530,0,0
148432,0,0
-116467,0,0
-7750,0,0
29457,0,0
-193025,0,0
53923,0,0
46102,0,0
-173876,0,0
-85611,0,0
-138034,0,0
-168870,0,0
-102612,0,0
118545,0,0
-235035,0,0
-210138,0,0
-348631,0,0
-208512,0,0
-219113,0,0
-217754,0,0
-132370,0,0
-261657,0,0
-560683,0,0
-352116,0,0
-211895,0,0
-238040,0,0
-134607,0,0
-201234,0,0
-524885,0,0
-146627,0,0
-146695,0,0
-295998,0,0
-136136,0,0
-259570,0,0
-222444,0,0
-206117,0,0
-227290,0,0
-161629,0,0
12270,0,0
-274480,0,0
-36003,0,0
28786,0,0
-57881,0,0
50174,0,0
-88133,0,0
-47500,0,0
-45514,0,0
79903,0,0
-548,0,0
193536,0,0
109646,0,0
257558,0,0
377914,0,0
-87863,0,0
27011,0,0
258509,0,0
84623,0,0
-36550,0,0
254180,0,0
219369,0,0
318131,0,0
185229,0,0
186881,0,0
353363,0,0
96463,0,0
193487,0,0
448547,0,0
306740,0,0
-7082,0,0
189853,0,0
125098,0,0
57961,0,0
305332,0,0
164272,0,0
54861,0,0
285683,0,0
121597,0,0
111041,0,0
357820,0,0
247127,0,0
134052,0,0
43724,0,0
-131268,0,0
141419,0,0
62222,0,0
-117905,0,0
19029,0,0
125177,0,0
-12414,0,0
115137,0,0
7769,0,0
-155140,0,0
68666,0,0
-115549,0,0
-59466,0,0
34088,0,0
23807,0,0
-262705,0,0
-9829,0,0
-189099,0,0
-57376,0,0
109561,0,0
28511,0,0
55839,0,0
-59725,0,0
-224351,0,0
-91954,0,0
55977,0,0
-132953,0,0
35654,0,0
-107964,0,0
-68048,0,0
36894,0,0
-222610,0,0
-198852,0,0
-28032,0,0
-31400,0,0
-148872,0,0
-144512,0,0
-448304,0,0
-219431,0,0
-102900,0,0
-222923,0,0
1975,0,0
-19524,0,0
-277187,0,0
-336080,0,0
-421700,0,0
-83186,0,0
236773,0,0
112168,0,0
63741,0,0
78901,0,0
-282303,0,0
-297956,0,0
48802,0,0
-59708,0,0
-128350,0,0
82533,0,0
93634,0,0
305799,0,0
57467,0,0
-331555,0,0
21523,0,0
215424,0,0
-9707,0,0
178729,0,0
59718,0,0
-103345,0,0
-226787,0,0
-244232,0,0
-156374,0,0
172915,0,0
171368,0,0
130184,0,0
204201,0,0
-195312,0,0
-263891,0,0
178267,0,0
142603,0,0
-66479,0,0
-110835,0,0
-247221,0,0
199838,0,0
48693,0,0
-142118,0,0
-5582,0,0
132556,0,0
107534,0,0
38281,0,0
-128786,0,0
-228015,0,0
-5506,0,0
-56338,0,0
9553,0,0
246954,0,0
38970,0,0
-56748,0,0
127559,0,0
-28289,0,0
88430,0,0
48441,0,0
-192831,0,0
-51062,0,0
173675,0,0
-52973,0,0
196850,0,0
300559,0,0
49282,0,0
19906,0,0
-23563,0,0
-84302,0,0
55888,0,0
-71270,0,0
188397,0,0
187628,0,0
15160,0,0
4575,0,0
136158,0,0
-20148,0,0
50617,0,0
141612,0,0
-107984,0,0
113551,0,0
183611,0,0
-203140,0,0
-46760,0,0
-46658,0,0
-100552,0,0
96751,0,0
106521,0,0
-22003,0,0
-36793,0,0
-179753,0,0
-265358,0,0
-181790,0,0
-153596,0,0
118507,0,0
285693,0,0
-55683,0,0
-58522,0,0
-119094,0,0
-373358,0,0
-94741,0,0
1437,0,0
-129249,0,0
206167,0,0
295056,0,0
88895,0,0
59368,0,0
-42683,0,0
-219966,0,0
80475,0,0
104153,0,0
90890,0,0
180153,0,0
61657,0,0
10379,0,0
64753,0,0
-43314,0,0
45303,0,0
52658,0,0
-2505,0,0
198124,0,0
277224,0,0
132068,0,0
91700,0,0
61147,0,0
-315994,0,0
-221713,0,0
-24837,0,0
125323,0,0
214039,0,0
336862,0,0
175082,0,0
196808,0,0
-105095,0,0
76230,0,0
341155,0,0
-140437,0,0
-17226,0,0
259611,0,0
1449,0,0
42236,0,0
-129527,0,0
-188879,0,0
232552,0,0
689555,0,0
403138,0,0
140659,0,0
-9772,0,0
182911,0,0
275846,0,0
-143463,0,0
-299242,0,0
52399,0,0
1013,0,0
157728,0,0
599135,0,0
407995,0,0
286244,0,0
35906,0,0
-135401,0,0
-11830,0,0
94899,0,0
-39482,0,0
101435,0,0
118136,0,0
-85745,0,0
233311,0,0
3630,0,0
-132844,0,0
-44544,0,0
-71688,0,0
-110162,0,0
1594,0,0
-22579,0,0
-220893,0,0
24240,0,0
-169139,0,0
-102843,0,0
-169953,0,0
-282752,0,0
-130761,0,0
-108293,0,0
-102081,0,0
68259,0,0
-89474,0,0
-249024,0,0
-157987,0,0
-299657,0,0
-123680,0,0
4749,0,0
-302344,0,0
-203675,0,0
-201994,0,0
-231772,0,0
-176865,0,0
-35721,0,0
39385,0,0
79841,0,0
-85592,0,0
-278938,0,0
-368574,0,0
-361517,0,0
-313942,0,0
-113463,0,0
-70529,0,0
-111009,0,0
-7962,0,0
-204965,0,0
-383309,0,0
-240084,0,0
-153187,0,0
-114296,0,0
-42046,0,0
-543223,0,0
-624788,0,0
-317274,0,0
-379012,0,0
33168,0,0
-12708,0,0
-111685,0,0
-188803,0,0
-362366,0,0
-404718,0,0
-352256,0,0
-316394,0,0
-262547,0,0
-224563,0,0
-221251,0,0
-115385,0,0
-103329,0,0
-376805,0,0
-262743,0,0
-63847,0,0
106106,0,0
6989,0,0
-55402,0,0
-380788,0,0
-389927,0,0
-63937,0,0
-47567,0,0
307455,0,0
216069,0,0
-19599,0,0
61877,0,0
-491,0,0
-72746,0,0
167088,0,0
-12001,0,0
-180504,0,0
115579,0,0
127489,0,0
549271,0,0
422163,0,0
-63632,0,0
-14545,0,0
205410,0,0
109722,0,0
232107,0,0
346317,0,0
-38557,0,0
-22318,0,0
41658,0,0
17417,0,0
257487,0,0
337263,0,0
323491,0,0
436077,0,0
214156,0,0
82725,0,0
344983,0,0
164913,0,0
257436,0,0
139191,0,0
-31321,0,0
166371,0,0
454306,0,0
361390,0,0
386075,0,0
352144,0,0
179289,0,0
176654,0,0
221606,0,0
22264,0,0
240314,0,0
309677,0,0
195059,0,0
282783,0,0
44973,0,0
-126786,0,0
34809,0,0
28438,0,0
148610,0,0
235579,0,0
-16702,0,0
-86910,0,0
206663,0,0
-131224,0,0
-41848,0,0
19436,0,0
-43127,0,0
77559,0,0
75516,0,0
46350,0,0
54670,0,0
-27688,0,0
-187743,0,0
101250,0,0
24769,0,0
-84068,0,0
11809,0,0
-63204,0,0
-7687,0,0
182522,0,0
25997,0,0
30783,0,0
111632,0,0
-173536,0,0
-80316,0,0
-174832,0,0
-265663,0,0
-59957,0,0
83583,0,0
101022,0,0
121117,0,0
-130517,0,0
-266438,0,0
81195,0,0
62287,0,0
-273377,0,0
13487,0,0
-70356,0,0
-269744,0,0
67301,0,0
-192611,0,0
-215966,0,0
-167057,0,0
-178517,0,0
-109596,0,0
-20508,0,0
-304442,0,0
-33581,0,0
-165121,0,0
-537963,0,0
-368843,0,0
-14745,0,0
-121006,0,0
193326,0,0
-204105,0,0
-292049,0,0
-279222,0,0
-392195,0,0
-119175,0,0
87398,0,0
-133937,0,0
-212023,0,0
22385,0,0
-81963,0,0
-146984,0,0
49977,0,0
22673,0,0
90071,0,0
49603,0,0
-52509,0,0
205506,0,0
267350,0,0
293046,0,0
323755,0,0
89761,0,0
93867,0,0
186575,0,0
29687,0,0
166941,0,0
453292,0,0
397127,0,0
329437,0,0
308704,0,0
130507,0,0
147156,0,0
250239,0,0
36347,0,0
116950,0,0
182257,0,0
102545,0,0
141798,0,0
90324,0,0
-117802,0,0
-72997,0,0
-133780,0,0
-87298,0,0
23380,0,0
-67254,0,0
50602,0,0
-12058,0,0
-234348,0,0
-202540,0,0
25507,0,0
-112677,0,0
-97163,0,0
-226170,0,0
-193447,0,0
-124784,0,0
-225261,0,0
-330447,0,0
-114079,0,0
143286,0,0
-119016,0,0
-67112,0,0
-295471,0,0
-502321,0,0
-204974,0,0
-227891,0,0
49161,0,0
-78769,0,0
-333597,0,0
-395955,0,0
-233045,0,0
-350174,0,0
-13188,0,0
265864,0,0
-33003,0,0
-22738,0,0
-191219,0,0
-433245,0,0
-400667,0,0
-189305,0,0
-157429,0,0
163465,0,0
-35171,0,0
-207898,0,0
82308,0,0
-55207,0,0
19492,0,0
212717,0,0
-68195,0,0
-173081,0,0
-109715,0,0
-337448,0,0
-264460,0,0
-153313,0,0
-28994,0,0
292438,0,0
490779,0,0
70585,0,0
-217886,0,0
-183547,0,0
-170702,0,0
-86082,0,0
-121314,0,0
17802,0,0
226762,0,0
-157823,0,0
-274526,0,0
-117503,0,0
-48091,0,0
127897,0,0
122223,0,0
5829,0,0
23163,0,0
7104,0,0
-144965,0,0
63721,0,0
-110794,0,0
-107947,0,0
-67369,0,0
9815,0,0
14376,0,0
200099,0,0
100032,0,0
-20073,0,0
-67231,0,0
-140509,0,0
11423,0,0
304257,0,0
-27030,0,0
-89130,0,0
11410,0,0
27762,0,0
-10013,0,0
-40967,0,0
-204215,0,0
78950,0,0
248664,0,0
190828,0,0
220219,0,0
-103035,0,0
-47026,0,0
7143,0,0
75354,0,0
-31680,0,0
107798,0,0
128252,0,0
183379,0,0
60124,0,0
-124403,0,0
-66937,0,0
173566,0,0
87950,0,0
167197,0,0
-6444,0,0
-142328,0,0
-66289,0,0
-90188,0,0
-371810,0,0
-178401,0,0
-53506,0,0
-23132,0,0
241142,0,0
35715,0,0
-200491,0,0
-251478,0,0
-448694,0,0
-344744,0,0
-59742,0,0
-39178,0,0
-191780,0,0
-2244,0,0
-190492,0,0
-207421,0,0
-244526,0,0
-357033,0,0
-159791,0,0
-212025,0,0
-240740,0,0
71043,0,0
-168137,0,0
-345472,0,0
-88755,0,0
-115155,0,0
-47512,0,0
-194556,0,0
-489754,0,0
-356318,0,0
-22526,0,0
-125653,0,0
-187886,0,0
-134291,0,0
-247476,0,0
27195,0,0
70253,0,0
-267661,0,0
-106370,0,0
-153546,0,0
-429990,0,0
-262446,0,0
-174328,0,0
-332957,0,0
-80064,0,0
-190182,0,0
-287898,0,0
-132781,0,0
-205086,0,0
-196533,0,0
5291,0,0
-143217,0,0
-207800,0,0
-246458,0,0
-401886,0,0
-304607,0,0
-170270,0,0
-319987,0,0
-31350,0,0
41837,0,0
-104625,0,0
-101495,0,0
-183694,0,0
-223503,0,0
-30003,0,0
-159275,0,0
-39175,0,0
244272,0,0
-245803,0,0
-297722,0,0
-164385,0,0
-270337,0,0
105800,0,0
313570,0,0
-88829,0,0
-52868,0,0
4911,0,0
-292543,0,0
-111749,0,0
80710,0,0
-34910,0,0
372566,0,0
288588,0,0
-96018,0,0
3304,0,0
-65599,0,0
177690,0,0
405071,0,0
69740,0,0
-54217,0,0
95907,0,0
157656,0,0
241533,0,0
316242,0,0
71335,0,0
170769,0,0
161555,0,0
130189,0,0
386192,0,0
112629,0,0
-160967,0,0
175350,0,0
117219,0,0
132330,0,0
274885,0,0
-25509,0,0
-235292,0,0
117405,0,0
-22750,0,0
107379,0,0
308555,0,0
128923,0,0
-66808,0,0
-189642,0,0
-59845,0,0
141182,0,0
176713,0,0
-122954,0,0
246150,0,0
157851,0,0
-5362,0,0
67225,0,0
44197,0,0
-44935,0,0
282740,0,0
119762,0,0
-11993,0,0
117229,0,0
-69189,0,0
23811,0,0
435676,0,0
438523,0,0
235456,0,0
100611,0,0
-235335,0,0
-125893,0,0
166853,0,0
144976,0,0
217392,0,0
115577,0,0
126916,0,0
149433,0,0
128590,0,0
413,0,0
97298,0,0
-47306,0,0
-101329,0,0
198066,0,0
-16656,0,0
-11919,0,0
166863,0,0
114148,0,0
-20599,0,0
235243,0,0
-12654,0,0
-29361,0,0
140714,0,0
-122602,0,0
123368,0,0
53931,0,0
364655,0,0
375495,0,0
372251,0,0
191194,0,0
166512,0,0
20079,0,0
-41906,0,0
517533,0,0
438908,0,0
385051,0,0
417955,0,0
129003,0,0
282308,0,0
270365,0,0
60506,0,0
461544,0,0
617534,0,0
230227,0,0
335792,0,0
137310,0,0
-26822,0,0
52756,0,0
218815,0,0
65174,0,0
405145,0,0
186129,0,0
304354,0,0
335266,0,0
-113027,0,0
-145355,0,0
-1365,0,0
-35280,0,0
-245972,0,0
345629,0,0
182428,0,0
253299,0,0
33384,0,0
-264215,0,0
-59710,0,0
202592,0,0
113755,0,0
-83597,0,0
-215465,0,0
-320472,0,0
103537,0,0
80186,0,0
-125348,0,0
-144796,0,0
-222054,0,0
-82278,0,0
7831,0,0
-98242,0,0
-97469,0,0
-17570,0,0
-181657,0,0
-119367,0,0
-77802,0,0
-96972,0,0
95513,0,0
-61421,0,0
-131608,0,0
-100603,0,0
-43098,0,0
-144437,0,0
197011,0,0
61999,0,0
56471,0,0
51898,0,0
129880,0,0
-16476,0,0
-53324,0,0
-141550,0,0
-217968,0,0
-25674,0,0
-36791,0,0
118785,0,0
216900,0,0
89336,0,0
185756,0,0
64580,0,0
-252066,0,0
88653,0,0
259,0,0
-211891,0,0
116133,0,0
64811,0,0
-86993,0,0
185829,0,0
308941,0,0
56543,0,0
7676,0,0
-95085,0,0
-61086,0,0
163941,0,0
54155,0,0
201296,0,0
142608,0,0
105475,0,0
95702,0,0
29879,0,0
-67454,0,0
8539,0,0
167694,0,0
158572,0,0
347600,0,0
218372,0,0
-12938,0,0
94267,0,0
-136630,0,0
-64607,0,0
186762,0,0
124668,0,0
121500,0,0
-16920,0,0
-68941,0,0
116550,0,0
15436,0,0
-158810,0,0
-184474,0,0
234274,0,0
55263,0,0
156297,0,0
417378,0,0
-122513,0,0
-195627,0,0
-178783,0,0
-180541,0,0
82766,0,0
124578,0,0
79412,0,0
297611,0,0
-90855,0,0
20109,0,0
7811,0,0
-131756,0,0
-60704,0,0
-5544,0,0
132700,0,0
428606,0,0
30092,0,0
-349080,0,0
-206244,0,0
-93849,0,0
-24222,0,0
298820,0,0
14527,0,0
-182713,0,0
101477,0,0
-34236,0,0
10305,0,0
12086,0,0
-76374,0,0
-224292,0,0
-150430,0,0
-228718,0,0
-105598,0,0
8653,0,0
-147901,0,0
-171287,0,0
57917,0,0
-169906,0,0
-24566,0,0
58657,0,0
-272468,0,0
-115022,0,0
-258545,0,0
-352743,0,0
-90166,0,0
-241580,0,0
84864,0,0
375391,0,0
-38465,0,0
-237482,0,0
5265,0,0
-121564,0,0
-85434,0,0
-85267,0,0
-215716,0,0
-125779,0,0
-168782,0,0
-293571,0,0
-210130,0,0
-76765,0,0
-164061,0,0
-82798,0,0
-361311,0,0
-284603,0,0
19638,0,0
-109045,0,0
-315517,0,0
-299177,0,0
-383380,0,0
-398145,0,0
-58982,0,0
-73981,0,0
-20752,0,0
-44349,0,0
-131892,0,0
-86776,0,0
-38177,0,0
31462,0,0
192211,0,0
104343,0,0
-46400,0,0
258283,0,0
121089,0,0
185712,0,0
227642,0,0
-46691,0,0
229279,0,0
509651,0,0
196144,0,0
47362,0,0
183486,0,0
156931,0,0
455646,0,0
403155,0,0
353497,0,0
209373,0,0
123826,0,0
21505,0,0
10116,0,0
-79166,0,0
54915,0,0
660282,0,0
73967,0,0
-79016,0,0
-16108,0,0
-173510,0,0
243755,0,0
646422,0,0
83932,0,0
-128452,0,0
-260498,0,0
-316090,0,0
-193481,0,0
68859,0,0
94583,0,0
286272,0,0
11900,0,0
-237421,0,0
-90913,0,0
-37859,0,0
-119455,0,0
-161082,0,0
-392880,0,0
-330453,0,0
-142706,0,0
-308960,0,0
-61945,0,0
184567,0,0
-18495,0,0
-323512,0,0
-234676,0,0
-126199,0,0
47875,0,0
-177864,0,0
-173039,0,0
-40219,0,0
-85541,0,0
23330,0,0
-1982,0,0
76434,0,0
77355,0,0
175926,0,0
40962,0,0
78852,0,0
269174,0,0
102764,0,0
72765,0,0
278775,0,0
-55025,0,0
-34069,0,0
152834,0,0
10146,0,0
71507,0,0
27576,0,0
-118811,0,0
201527,0,0
69680,0,0
-78933,0,0
66220,0,0
115065,0,0
77418,0,0
-28017,0,0
-149452,0,0
-143236,0,0
-35803,0,0
81419,0,0
122089,0,0
153757,0,0
20238,0,0
107942,0,0
280452,0,0
3993,0,0
96090,0,0
277899,0,0
151117,0,0
322162,0,0
334949,0,0
74901,0,0
261379,0,0
250286,0,0
175043,0,0
282637,0,0
235697,0,0
254034,0,0
467211,0,0
317902,0,0
461836,0,0
382454,0,0
89906,0,0
29796,0,0
187845,0,0
124811,0,0
205825,0,0
159150,0,0
244504,0,0
245049,0,0
156333,0,0
71755,0,0
258965,0,0
22957,0,0
-183026,0,0
-48632,0,0
-86923,0,0
101157,0,0
160629,0,0
-81567,0,0
-128822,0,0
-119155,0,0
-200833,0,0
-159236,0,0
74405,0,0
779,0,0
-88591,0,0
-193934,0,0
-198573,0,0
30853,0,0
-38790,0,0
8729,0,0
144459,0,0
96840,0,0
-231654,0,0
-23444,0,0
-65928,0,0
-258480,0,0
-41959,0,0
16309,0,0
210676,0,0
321672,0,0
64022,0,0
-74490,0,0
-19213,0,0
-159100,0,0
47362,0,0
239045,0,0
74310,0,0
127732,0,0
61626,0,0
-99741,0,0
-5756,0,0
182490,0,0
135048,0,0
401226,0,0
123212,0,0
-32446,0,0
288221,0,0
139137,0,0
-14996,0,0
73457,0,0
32592,0,0
123817,0,0
420222,0,0
275107,0,0
22846,0,0
180642,0,0
231022,0,0
421337,0,0
40238,0,0
-156471,0,0
72116,0,0
278462,0,0
186808,0,0
207977,0,0
135843,0,0
-74787,0,0
30975,0,0
-117406,0,0
-157581,0,0
107850,0,0
148597,0,0
-1178,0,0
75812,0,0
-223197,0,0
-45350,0,0
103294,0,0
-77198,0,0
-97593,0,0
-232587,0,0
-207410,0,0
135728,0,0
93317,0,0
-25530,0,0
60231,0,0
29046,0,0
-75497,0,0
105093,0,0
-64002,0,0
85943,0,0
230457,0,0
425914,0,0
284883,0,0
-85670,0,0
-165168,0,0
71479,0,0
244909,0,0
141585,0,0
334166,0,0
122803,0,0
-164720,0,0
-159771,0,0
88146,0,0
198950,0,0
373245,0,0
109852,0,0
7735,0,0
-49193,0,0
-305132,0,0
-252307,0,0
-23029,0,0
23745,0,0
-21970,0,0
-110390,0,0
-453880,0,0
-353409,0,0
-169864,0,0
-102423,0,0
266141,0,0
156639,0,0
-449324,0,0
-230362,0,0
-318990,0,0
-403143,0,0
-88244,0,0
-94050,0,0
-188133,0,0
-139907,0,0
-124677,0,0
187092,0,0
261127,0,0
-75565,0,0
-187537,0,0
-162662,0,0
-244520,0,0
251870,0,0
344454,0,0
139610,0,0
103745,0,0
-152244,0,0
-395552,0,0
-66429,0,0
233722,0,0
-138356,0,0
-12543,0,0
25819,0,0
162004,0,0
212399,0,0
-237912,0,0
5063,0,0
-30682,0,0
-531419,0,0
-502716,0,0
-228416,0,0
-161665,0,0
-102613,0,0
174728,0,0
-81199,0,0
-124741,0,0
-179991,0,0
-347723,0,0
-197656,0,0
-248617,0,0
-431644,0,0
-255423,0,0
-346570,0,0
-130846,0,0
47220,0,0
-293686,0,0
-312715,0,0
-76613,0,0
-327524,0,0
-348053,0,0
-181154,0,0
-58117,0,0
60715,0,0
73230,0,0
-264721,0,0
-271566,0,0
-287155,0,0
-116730,0,0
164611,0,0
-18503,0,0
-17966,0,0
244353,0,0
289717,0,0
141785,0,0
247483,0,0
-86527,0,0
-53850,0,0
39430,0,0
94941,0,0
273061,0,0
388728,0,0
348095,0,0
137176,0,0
10525,0,0
-254761,0,0
33597,0,0
143572,0,0
89557,0,0
226446,0,0
95064,0,0
-215629,0,0
-275858,0,0
-72478,0,0
-82144,0,0
51832,0,0
-168309,0,0
-140968,0,0
-189141,0,0
-278257,0,0
-168651,0,0
-15864,0,0
-52144,0,0
-234009,0,0
-324180,0,0
-374520,0,0
-71772,0,0
-82210,0,0
59981,0,0
-215458,0,0
-290774,0,0
-223222,0,0
-139823,0,0
-205332,0,0
-207337,0,0
-62725,0,0
-50925,0,0
-13707,0,0
-227375,0,0
-221532,0,0
-31256,0,0
-47465,0,0
-73522,0,0
-85018,0,0
-25029,0,0
-31605,0,0
108987,0,0
3321,0,0
-93662,0,0
108562,0,0
82793,0,0
-21179,0,0
256973,0,0
-24921,0,0
8195,0,0
110025,0,0
-96439,0,0
181372,0,0
84667,0,0
-89340,0,0
-87407,0,0
116867,0,0
59520,0,0
492368,0,0
656489,0,0
130796,0,0
-30078,0,0
-137212,0,0
-222782,0,0
31552,0,0
130267,0,0
157809,0,0
238399,0,0
226457,0,0
190934,0,0
362080,0,0
258519,0,0
136481,0,0
63131,0,0
-23222,0,0
-51153,0,0
49252,0,0
-79876,0,0
-7553,0,0
197048,0,0
123131,0,0
174303,0,0
-40035,0,0
137531,0,0
38184,0,0
-21644,0,0
70825,0,0
119194,0,0
208018,0,0
224431,0,0
138056,0,0
-59078,0,0
-26666,0,0
302796,0,0
408676,0,0
356087,0,0
442692,0,0
60487,0,0
75971,0,0
183971,0,0
173756,0,0
449713,0,0
367432,0,0
180310,0,0
-39684,0,0
142039,0,0
262351,0,0
312792,0,0
-12181,0,0
-77455,0,0
113355,0,0
-48303,0,0
-101913,0,0
-121923,0,0
-258955,0,0
-257149,0,0
-93470,0,0
-195476,0,0
-62925,0,0
21876,0,0
-221610,0,0
-307148,0,0
-372926,0,0
-289962,0,0
-143814,0,0
-264906,0,0
-404487,0,0
-315871,0,0
-114685,0,0
-214946,0,0
-38372,0,0
-318312,0,0
-222939,0,0
-269748,0,0
-323057,0,0
-471244,0,0
-284807,0,0
-176424,0,0
-153206,0,0
-196509,0,0
-210500,0,0
119370,0,0
-199127,0,0
-390285,0,0
-195838,0,0
-84150,0,0
-208455,0,0
-46400,0,0
-227961,0,0
-368750,0,0
-205072,0,0
-128996,0,0
-55841,0,0
197925,0,0
-87949,0,0
-192899,0,0
-127657,0,0
-359772,0,0
-167625,0,0
-157070,0,0
-130056,0,0
161764,0,0
288136,0,0
18308,0,0
-4780,0,0
-144406,0,0
-262299,0,0
-18887,0,0
-28526,0,0
-84904,0,0
126622,0,0
-61084,0,0
50298,0,0
234600,0,0
-5630,0,0
-228466,0,0
-168652,0,0
-451808,0,0
-419644,0,0
-321443,0,0
-93801,0,0
254360,0,0
119609,0,0
-23860,0,0
51980,0,0
-335124,0,0
-488280,0,0
-319464,0,0
-263279,0,0
-178618,0,0
132932,0,0
154882,0,0
209395,0,0
274334,0,0
258970,0,0
112086,0,0
16590,0,0
-299409,0,0
-128229,0,0
163930,0,0
176463,0,0
550456,0,0
537061,0,0
169201,0,0
46491,0,0
73921,0,0
-2493,0,0
117463,0,0
31542,0,0
19435,0,0
90534,0,0
-3090,0,0
-37250,0,0
114162,0,0
332829,0,0
42378,0,0
-66218,0,0
-231912,0,0
-205087,0,0
-31599,0,0
-172767,0,0
-12881,0,0
-43013,0,0
-245746,0,0
-85959,0,0
35914,0,0
-155124,0,0
4807,0,0
-112311,0,0
-316484,0,0
-167177,0,0
-436021,0,0
-173441,0,0
233362,0,0
338289,0,0
-14695,0,0
7237,0,0
-266084,0,0
-161745,0,0
41691,0,0
57574,0,0
61166,0,0
-106004,0,0
-15385,0,0
13680,0,0
189637,0,0
347612,0,0
250894,0,0
30248,0,0
-47080,0,0
341863,0,0
182851,0,0
296451,0,0
363400,0,0
140960,0,0
160793,0,0
435429,0,0
256823,0,0
171790,0,0
202025,0,0
111682,0,0
278278,0,0
135955,0,0
90266,0,0
86288,0,0
63223,0,0
326787,0,0
690192,0,0
356207,0,0
-74697,0,0
-29918,0,0
-246273,0,0
-136649,0,0
87908,0,0
-43076,0,0
85447,0,0
180581,0,0
26680,0,0
69990,0,0
-960,0,0
-156833,0,0
53050,0,0
50774,0,0
-36321,0,0
85590,0,0
-171458,0,0
-185500,0,0
-90801,0,0
-133874,0,0
-123024,0,0
257401,0,0
51868,0,0
-224627,0,0
-67783,0,0
-14242,0,0
-85930,0,0
146243,0,0
50889,0,0
-4680,0,0
-33988,0,0
-180990,0,0
-93303,0,0
-154983,0,0
-207431,0,0
241482,0,0
144358,0,0
83510,0,0
-5637,0,0
-259563,0,0
-122609,0,0
90471,0,0
-109866,0,0
-121687,0,0
-104744,0,0
-249030,0,0
-304356,0,0
-171913,0,0
-10647,0,0
167595,0,0
212962,0,0
-218023,0,0
-177963,0,0
-183285,0,0
-387108,0,0
-105712,0,0
-106575,0,0
69411,0,0
196010,0,0
187337,0,0
-136016,0,0
-91275,0,0
-378210,0,0
-536288,0,0
-4640,0,0
412563,0,0
477484,0,0
246462,0,0
174885,0,0
62809,0,0
4091,0,0
-177040,0,0
20845,0,0
42540,0,0
-8569,0,0
165154,0,0
421944,0,0
283357,0,0
356664,0,0
53055,0,0
-94960,0,0
150103,0,0
-3437,0,0
96788,0,0
79208,0,0
-106406,0,0
-140092,0,0
256250,0,0
175924,0,0
131217,0,0
7249,0,0
-219628,0,0
-156892,0,0
-166578,0,0
-190340,0,0
-125598,0,0
91201,0,0
59971,0,0
-140677,0,0
-241903,0,0
-195079,0,0
97452,0,0
-152511,0,0
-218156,0,0
-229129,0,0
-317519,0,0
-61815,0,0
24854,0,0
-202241,0,0
26507,0,0
-137196,0,0
-344924,0,0
-188304,0,0
-150733,0,0
-269942,0,0
-108245,0,0
-64260,0,0
-221039,0,0
54693,0,0
-157862,0,0
-203233,0,0
-47019,0,0
-260872,0,0
-362952,0,0
-198924,0,0
198708,0,0
-92626,0,0
38731,0,0
89150,0,0
220589,0,0
-58233,0,0
-7708,0,0
79128,0,0
-35719,0,0
-141008,0,0
225651,0,0
204799,0,0
172545,0,0
339836,0,0
161751,0,0
-168059,0,0
292490,0,0
189085,0,0
-16672,0,0
200515,0,0
-171617,0,0
-256802,0,0
17469,0,0
285095,0,0
412757,0,0
145606,0,0
-58779,0,0
-92092,0,0
-48001,0,0
-157994,0,0
37626,0,0
62197,0,0
181678,0,0
191055,0,0
-56106,0,0
-56459,0,0
182987,0,0
257477,0,0
233462,0,0
201648,0,0
-126963,0,0
-49743,0,0
224113,0,0
73865,0,0
25957,0,0
6283,0,0
49316,0,0
353732,0,0
329118,0,0
118577,0,0
-38048,0,0
-192217,0,0
-73337,0,0
257967,0,0
174948,0,0
135327,0,0
95063,0,0
-214036,0,0
-128848,0,0
58524,0,0
77182,0,0
-58935,0,0
-234270,0,0
-19399,0,0
149805,0,0
-15620,0,0
-97930,0,0
179718,0,0
-149524,0,0
-284618,0,0
-226684,0,0
-222698,0,0
-153678,0,0
-117967,0,0
-127236,0,0
-309180,0,0
-156559,0,0
-261765,0,0
-116120,0,0
47425,0,0
-205236,0,0
-274473,0,0
-220780,0,0
-304902,0,0
-343043,0,0
-299565,0,0
-261348,0,0
1995,0,0
-107956,0,0
-271299,0,0
-155443,0,0
-100674,0,0
-76286,0,0
367489,0,0
220762,0,0
179568,0,0
193998,0,0
-191884,0,0
-116976,0,0
174304,0,0
263510,0,0
490056,0,0
561420,0,0
461345,0,0
582275,0,0
517263,0,0
447416,0,0
443003,0,0
350308,0,0
353990,0,0
583408,0,0
632893,0,0
505209,0,0
432608,0,0
217471,0,0
83164,0,0
353686,0,0
354451,0,0
325874,0,0
194902,0,0
176420,0,0
439347,0,0
395663,0,0
-40672,0,0
89555,0,0
-170226,0,0
18999,0,0
271332,0,0
-49424,0,0
-200439,0,0
-78952,0,0
-2612,0,0
-49885,0,0
259960,0,0
287110,0,0
-87681,0,0
-157910,0,0
-424597,0,0
-286561,0,0
217847,0,0
266368,0,0
-24090,0,0
-34721,0,0
-370040,0,0
-103070,0,0
-21700,0,0
-160122,0,0
36111,0,0
7319,0,0
-237831,0,0
-175184,0,0
-129164,0,0
-103848,0,0
236136,0,0
-84259,0,0
-309890,0,0
-167848,0,0
-107132,0,0
-139520,0,0
-146856,0,0
-337231,0,0
-309542,0,0
-77821,0,0
-413568,0,0
-87150,0,0
11576,0,0
-377950,0,0
-305890,0,0
-244979,0,0
-580671,0,0
-338543,0,0
-27267,0,0
-108943,0,0
-204095,0,0
-456053,0,0
-325706,0,0
-69758,0,0
-326307,0,0
-299205,0,0
-327429,0,0
-234550,0,0
-159459,0,0
-13024,0,0
-177717,0,0
-113227,0,0
-66752,0,0
-294817,0,0
-75327,0,0
-77638,0,0
-236257,0,0
-87852,0,0
44916,0,0
73150,0,0
63128,0,0
-42275,0,0
111725,0,0
209669,0,0
-84117,0,0
158390,0,0
471688,0,0
380302,0,0
231279,0,0
411848,0,0
262740,0,0
403945,0,0
244976,0,0
155935,0,0
514418,0,0
538725,0,0
533635,0,0
636786,0,0
357481,0,0
241686,0,0
476822,0,0
272682,0,0
180758,0,0
328430,0,0
113513,0,0
219965,0,0
269923,0,0
69977,0,0
226059,0,0
425235,0,0
-120672,0,0
-312396,0,0
14880,0,0
79466,0,0
301006,0,0
-26352,0,0
-285556,0,0
-235400,0,0
-299335,0,0
-140073,0,0
57469,0,0
86009,0,0
58715,0,0
113629,0,0
-197871,0,0
-147394,0,0
-160893,0,0
-115949,0,0
-290909,0,0
-188717,0,0
-337015,0,0
-57454,0,0
41966,0,0
-26181,0,0
175441,0,0
-215118,0,0
-386916,0,0
-46368,0,0
-113677,0,0
-186228,0,0
-21787,0,0
-107843,0,0
93961,0,0
201708,0,0
-44669,0,0
143965,0,0
-42297,0,0
-365562,0,0
-106403,0,0
272320,0,0
262428,0,0
386169,0,0
289100,0,0
-42440,0,0
492053,0,0
188693,0,0
156196,0,0
291717,0,0
212140,0,0
58618,0,0
172532,0,0
50901,0,0
112435,0,0
345724,0,0
259714,0,0
276002,0,0
313984,0,0
23840,0,0
-165619,0,0
-75854,0,0
-94847,0,0
162632,0,0
192610,0,0
134182,0,0
248573,0,0
-54314,0,0
-236137,0,0
-85413,0,0
-21907,0,0
-28172,0,0
199365,0,0
270260,0,0
19527,0,0
-79379,0,0
-60512,0,0
141055,0,0
236458,0,0
135741,0,0
200651,0,0
309645,0,0
47252,0,0
145217,0,0
83896,0,0
-43053,0,0
403615,0,0
340994,0,0
111629,0,0
20178,0,0
132096,0,0
205985,0,0
243982,0,0
-50425,0,0
-5528,0,0
196492,0,0
43117,0,0
102064,0,0
138911,0,0
10410,0,0
-218525,0,0
-222694,0,0
-299335,0,0
-72092,0,0
-120278,0,0
-70471,0,0
240362,0,0
-35453,0,0
-303283,0,0
-359410,0,0
-333473,0,0
-242854,0,0
-115530,0,0
-275215,0,0
-393516,0,0
-166915,0,0
-366200,0,0
-258072,0,0
-179587,0,0
-179334,0,0
-194091,0,0
-131317,0,0
-425826,0,0
-300189,0,0
-422632,0,0
-625704,0,0
-326092,0,0
-221263,0,0
-192287,0,0
-284942,0,0
-248906,0,0
-100745,0,0
-83892,0,0
-291294,0,0
-295060,0,0
8390,0,0
-432013,0,0
-365400,0,0
-161628,0,0
-267266,0,0
-232136,0,0
252456,0,0
271667,0,0
95587,0,0
-84616,0,0
-187989,0,0
42255,0,0
-91567,0,0
-129704,0,0
-27497,0,0
150444,0,0
149517,0,0
238674,0,0
-38514,0,0
-264715,0,0
-83130,0,0
-183081,0,0
120328,0,0
221623,0,0
112571,0,0
21140,0,0
1333,0,0
-1400,0,0
24629,0,0
3478,0,0
-201685,0,0
59688,0,0
91561,0,0
-2468,0,0
303964,0,0
304461,0,0
89627,0,0
71476,0,0
-113799,0,0
-163943,0,0
-41368,0,0
-167442,0,0
290694,0,0
840952,0,0
654882,0,0
224351,0,0
-287047,0,0
-345120,0,0
-98069,0,0
60642,0,0
59361,0,0
423851,0,0
233908,0,0
-154457,0,0
-68917,0,0
-35252,0,0
135671,0,0
192833,0,0
352091,0,0
105223,0,0
-98938,0,0
-407256,0,0
-149410,0,0
78164,0,0
34229,0,0
29022,0,0
37946,0,0
-180499,0,0
-116083,0,0
-89311,0,0
-87774,0,0
89317,0,0
66876,0,0
-291609,0,0
-248113,0,0
-217651,0,0
-199347,0,0
140329,0,0
-51468,0,0
-375401,0,0
-283740,0,0
-145708,0,0
-8500,0,0
180280,0,0
-101278,0,0
-182657,0,0
-59762,0,0
-83064,0,0
34814,0,0
-65272,0,0
-202644,0,0
-88765,0,0
-47320,0,0
-159684,0,0
-44318,0,0
-181545,0,0
-100696,0,0
174251,0,0
298874,0,0
18073,0,0
89390,0,0
-500070,0,0
-435167,0,0
-117607,0,0
-20374,0,0
-18163,0,0
-51167,0,0
-205833,0,0
-106306,0,0
54597,0,0
-93127,0,0
-132242,0,0
-186195,0,0
-109189,0,0
-57539,0,0
-107262,0,0
-288829,0,0
-24200,0,0
-119627,0,0
-195120,0,0
105627,0,0
-244199,0,0
-207322,0,0
-29190,0,0
-175903,0,0
-257013,0,0
38280,0,0
-23073,0,0
89906,0,0
60354,0,0
-268883,0,0
-51657,0,0
-136287,0,0
-154762,0,0
123205,0,0
144593,0,0
-175932,0,0
93095,0,0
-182869,0,0
-218619,0,0
10528,0,0
88511,0,0
78796,0,0
313161,0,0
20648,0,0
-221315,0,0
-159995,0,0
-150382,0,0
144037,0,0
168433,0,0
2651,0,0
223397,0,0
50014,0,0
-152788,0,0
48385,0,0
140631,0,0
100887,0,0
276614,0,0
-6947,0,0
-141001,0,0
-25346,0,0
-59220,0,0
-12639,0,0
60649,0,0
143164,0,0
94620,0,0
114254,0,0
249262,0,0
265440,0,0
84906,0,0
-356582,0,0
-139379,0,0
-220237,0,0
-153531,0,0
225744,0,0
321489,0,0
187520,0,0
216463,0,0
37273,0,0
-102290,0,0
61536,0,0
-13288,0,0
89760,0,0
152976,0,0
12127,0,0
-47326,0,0
155684,0,0
-20473,0,0
67406,0,0
218173,0,0
40378,0,0
243550,0,0
28465,0,0
-74842,0,0
45005,0,0
38492,0,0
-85676,0,0
-14420,0,0
-7414,0,0
-57968,0,0
28018,0,0
-144101,0,0
-121066,0,0
157308,0,0
-13449,0,0
-233406,0,0
51695,0,0
295992,0,0
-76552,0,0
-206651,0,0
-500929,0,0
-152890,0,0
-2464,0,0
24626,0,0
245883,0,0
517615,0,0
307773,0,0
-77681,0,0
-191097,0,0
-60914,0,0
94083,0,0
-229571,0,0
63044,0,0
199086,0,0
149580,0,0
321522,0,0
415065,0,0
266347,0,0
271570,0,0
31026,0,0
-205324,0,0
-62000,0,0
-1479,0,0
-172059,0,0
184288,0,0
302554,0,0
386138,0,0
392053,0,0
127573,0,0
100943,0,0
-9050,0,0
-130653,0,0
37268,0,0
272148,0,0
370617,0,0
156299,0,0
113945,0,0
125362,0,0
359123,0,0
211140,0,0
116500,0,0
294388,0,0
198818,0,0
150679,0,0
291585,0,0
267366,0,0
195051,0,0
147590,0,0
129383,0,0
17566,0,0
112552,0,0
111211,0,0
256077,0,0
208267,0,0
144975,0,0
-5945,0,0
79732,0,0
-164052,0,0
-71564,0,0
52430,0,0
-7204,0,0
205474,0,0
119773,0,0
98935,0,0
52226,0,0
26045,0,0
-53883,0,0
41386,0,0
59695,0,0
4585,0,0
247323,0,0
-159209,0,0
-78079,0,0
18029,0,0
85500,0,0
185499,0,0
296724,0,0
212538,0,0
232232,0,0
160361,0,0
-163593,0,0
-104131,0,0
-104042,0,0
99135,0,0
171879,0,0
203719,0,0
91939,0,0
282683,0,0
319135,0,0
275795,0,0
98994,0,0
-161235,0,0
-152253,0,0
-146625,0,0
-16981,0,0
91775,0,0
335125,0,0
433422,0,0
378421,0,0
255007,0,0
-14496,0,0
53725,0,0
-134329,0,0
-203470,0,0
82953,0,0
210417,0,0
147728,0,0
273247,0,0
216917,0,0
-51405,0,0
13096,0,0
-123507,0,0
191750,0,0
304459,0,0
60168,0,0
60614,0,0
-44595,0,0
-216882,0,0
-107584,0,0
-14155,0,0
45911,0,0
220984,0,0
237212,0,0
129373,0,0
-37784,0,0
-47524,0,0
-73131,0,0
83403,0,0
-45019,0,0
60598,0,0
64210,0,0
-132307,0,0
-181104,0,0
-209181,0,0
-184510,0,0
218152,0,0
326517,0,0
-84911,0,0
-27894,0,0
16898,0,0
-57353,0,0
3612,0,0
-151399,0,0
-335042,0,0
-79554,0,0
85711,0,0
161267,0,0
478957,0,0
164289,0,0
-243330,0,0
-88392,0,0
-210822,0,0
-40370,0,0
98610,0,0
53823,0,0
66846,0,0
57583,0,0
-704,0,0
212168,0,0
183898,0,0
-120604,0,0
88028,0,0
-35311,0,0
-243413,0,0
-77196,0,0
-97493,0,0
44043,0,0
232094,0,0
263788,0,0
-325,0,0
-9869,0,0
-85583,0,0
66020,0,0
58140,0,0
-96470,0,0
-110981,0,0
77932,0,0
-12277,0,0
35147,0,0
182473,0,0
-187560,0,0
-175979,0,0
-253966,0,0
-46113,0,0
91306,0,0
17018,0,0
-264455,0,0
-62154,0,0
-271441,0,0
-367310,0,0
-86087,0,0
104314,0,0
9265,0,0
-64701,0,0
-317748,0,0
-280725,0,0
-341538,0,0
-247476,0,0
77964,0,0
143817,0,0
-103899,0,0
-83130,0,0
-246731,0,0
-166591,0,0
197791,0,0
108602,0,0
-85037,0,0
-110364,0,0
-44816,0,0
-77824,0,0
145922,0,0
-20901,0,0
25302,0,0
52925,0,0
-11106,0,0
123493,0,0
181263,0,0
-71992,0,0
-2802,0,0
-131275,0,0
-127043,0,0
337502,0,0
242217,0,0
31028,0,0
-35742,0,0
-50559,0,0
-106738,0,0
208035,0,0
76166,0,0
133909,0,0
268516,0,0
81086,0,0
93348,0,0
33732,0,0
-51522,0,0
104395,0,0
253250,0,0
87439,0,0
266317,0,0
219793,0,0
178234,0,0
197961,0,0
-84066,0,0
-239905,0,0
33472,0,0
409479,0,0
94821,0,0
67145,0,0
-108391,0,0
-111341,0,0
-74045,0,0
-86601,0,0
141014,0,0
125156,0,0
36366,0,0
-188583,0,0
-179815,0,0
-219138,0,0
-232126,0,0
-21437,0,0
-163305,0,0
-103755,0,0
-167529,0,0
-308268,0,0
-108201,0,0
-174286,0,0
-184997,0,0
-14976,0,0
-282935,0,0
-242306,0,0
-70005,0,0
-242226,0,0
-117924,0,0
-134754,0,0
-362994,0,0
-277709,0,0
-8569,0,0
-138217,0,0
-7711,0,0
-123949,0,0
-220680,0,0
-5892,0,0
32475,0,0
-206844,0,0
-182382,0,0
-209355,0,0
4043,0,0
181471,0,0
80982,0,0
45121,0,0
136166,0,0
-242204,0,0
-148786,0,0
10195,0,0
28311,0,0
155759,0,0
249735,0,0
114398,0,0
-78208,0,0
-33770,0,0
-110492,0,0
96661,0,0
108613,0,0
67473,0,0
441736,0,0
158358,0,0
-84420,0,0
67648,0,0
-63003,0,0
-130010,0,0
-54020,0,0
-172087,0,0
43811,0,0
271216,0,0
231876,0,0
50731,0,0
-8821,0,0
-185577,0,0
-211483,0,0
-145705,0,0
-61481,0,0
203869,0,0
114721,0,0
-211324,0,0
-271447,0,0
-95290,0,0
652,0,0
308309,0,0
731,0,0
-245819,0,0
-176643,0,0
-356253,0,0
-68291,0,0
-7900,0,0
-11333,0,0
114865,0,0
89744,0,0
-283778,0,0
-39108,0,0
75974,0,0
-46598,0,0
-1125,0,0
-185624,0,0
-173643,0,0
-79697,0,0
43730,0,0
28817,0,0
86109,0,0
-214545,0,0
-336787,0,0
-109772,0,0
-270426,0,0
48764,0,0
488338,0,0
213450,0,0
-325612,0,0
-214717,0,0
-479158,0,0
-316254,0,0
-70146,0,0
-10834,0,0
8811,0,0
35028,0,0
124003,0,0
-124513,0,0
-253692,0,0
-324901,0,0
-6982,0,0
-135304,0,0
-250903,0,0
119464,0,0
-289391,0,0
-337358,0,0
-73595,0,0
6519,0,0
-117,0,0
91450,0,0
-135259,0,0
-130234,0,0
-508850,0,0
-299487,0,0
84945,0,0
120158,0,0
-80385,0,0
308707,0,0
136468,0,0
-210015,0,0
-171910,0,0
-137447,0,0
77108,0,0
101377,0,0
109791,0,0
-10754,0,0
-15793,0,0
-94327,0,0
-22573,0,0
127590,0,0
248801,0,0
235445,0,0
135083,0,0
-114323,0,0
-94858,0,0
-198183,0,0
-180320,0,0
216050,0,0
355476,0,0
135424,0,0
80282,0,0
-116674,0,0
-306269,0,0
-43215,0,0
-171566,0,0
107121,0,0
230889,0,0
-1604,0,0
-109694,0,0
-110748,0,0
-149725,0,0
-203518,0,0
-153512,0,0
-199728,0,0
102897,0,0
-15184,0,0
-141440,0,0
-187455,0,0
-244721,0,0
-119903,0,0
4064,0,0
-216203,0,0
-363403,0,0
-188536,0,0
-176038,0,0
-166775,0,0
-146391,0,0
-46245,0,0
-226205,0,0
-314597,0,0
-253582,0,0
-233065,0,0
-221207,0,0
-186306,0,0
-123741,0,0
-117380,0,0
-224974,0,0
-206235,0,0
-148471,0,0
-331958,0,0
-44899,0,0
-81690,0,0
16306,0,0
76244,0,0
-219432,0,0
-88269,0,0
108531,0,0
4181,0,0
-76739,0,0
-57099,0,0
-51556,0,0
60412,0,0
114588,0,0
-66091,0,0
299551,0,0
-8170,0,0
-67651,0,0
53468,0,0
26450,0,0
89117,0,0
256774,0,0
-27960,0,0
-24104,0,0
298101,0,0
65961,0,0
-69224,0,0
15995,0,0
-72187,0,0
-19980,0,0
224632,0,0
131677,0,0
180539,0,0
-138411,0,0
-244565,0,0
-13010,0,0
9673,0,0
32190,0,0
44156,0,0
92528,0,0
262996,0,0
156628,0,0
-131859,0,0
-249384,0,0
-71409,0,0
-286296,0,0
-223920,0,0
86920,0,0
-10579,0,0
-51928,0,0
-28405,0,0
199080,0,0
85981,0,0
-236546,0,0
-364991,0,0
-38300,0,0
-233757,0,0
-323413,0,0
-307091,0,0
-167105,0,0
60568,0,0
116093,0,0
-2471,0,0
-179340,0,0
-267859,0,0
-401898,0,0
-342086,0,0
29765,0,0
-4157,0,0
48442,0,0
-107627,0,0
-271552,0,0
-21907,0,0
-17962,0,0
-317325,0,0
-185639,0,0
-215617,0,0
-30282,0,0
69122,0,0
-24641,0,0
-247912,0,0
-472,0,0
-24655,0,0
-98851,0,0
-35171,0,0
-220455,0,0
-323564,0,0
-111342,0,0
-92549,0,0
-2513,0,0
118239,0,0
-173255,0,0
-141829,0,0
-54559,0,0
-138194,0,0
12514,0,0
-90991,0,0
-104876,0,0
-108008,0,0
-87339,0,0
-141814,0,0
140263,0,0
-69540,0,0
-209919,0,0
-36709,0,0
-43731,0,0
-31929,0,0
184002,0,0
120271,0,0
-56176,0,0
-139046,0,0
-233593,0,0
-127537,0,0
54941,0,0
9529,0,0
92879,0,0
10597,0,0
5623,0,0
9913,0,0
-103965,0,0
-139500,0,0
9835,0,0
-102950,0,0
-91385,0,0
162852,0,0
-102468,0,0
-110784,0,0
28839,0,0
-21574,0,0
35274,0,0
88638,0,0
785,0,0
21138,0,0
21036,0,0
-90980,0,0
94484,0,0
107999,0,0
-16382,0,0
-156921,0,0
-12624,0,0
168983,0,0
361160,0,0
119313,0,0
112609,0,0
89753,0,0
-136740,0,0
-9002,0,0
179070,0,0
81542,0,0
7627,0,0
68021,0,0
-153161,0,0
65983,0,0
253779,0,0
188328,0,0
200302,0,0
-158520,0,0
-93277,0,0
47771,0,0
7864,0,0
64547,0,0
132738,0,0
-81938,0,0
-155031,0,0
-52396,0,0
-174361,0,0
-134095,0,0
129634,0,0
126523,0,0
-139619,0,0
-67727,0,0
6809,0,0
22671,0,0
-308385,0,0
-423164,0,0
-202012,0,0
-239276,0,0
-199675,0,0
18873,0,0
91816,0,0
-56862,0,0
-128974,0,0
-450603,0,0
-237306,0,0
186864,0,0
37123,0,0
-83514,0,0
-4421,0,0
-157917,0,0
-229258,0,0
-82192,0,0
110100,0,0
150679,0,0
-19229,0,0
130750,0,0
342837,0,0
-1208,0,0
-84112,0,0
232488,0,0
232534,0,0
2000,0,0
100130,0,0
-6749,0,0
118725,0,0
412096,0,0
369800,0,0
296414,0,0
132465,0,0
56906,0,0
242480,0,0
224034,0,0
244760,0,0
354579,0,0
328009,0,0
213103,0,0
247915,0,0
422618,0,0
400753,0,0
352036,0,0
176962,0,0
177603,0,0
298873,0,0
203356,0,0
228520,0,0
236802,0,0
98201,0,0
111025,0,0
189100,0,0
135496,0,0
11959,0,0
10582,0,0
-114356,0,0
-128126,0,0
87106,0,0
170159,0,0
304564,0,0
-133378,0,0
-266973,0,0
-217720,0,0
-246384,0,0
-206368,0,0
-188910,0,0
-137270,0,0
208102,0,0
165213,0,0
-268516,0,0
-312119,0,0
-141853,0,0
-116760,0,0
-179718,0,0
-88479,0,0
-40742,0,0
-167017,0,0
-348804,0,0
-255218,0,0
80010,0,0
125054,0,0
-6108,0,0
-174347,0,0
-243736,0,0
-339397,0,0
-214083,0,0
-23534,0,0
164636,0,0
36933,0,0
-269893,0,0
-208137,0,0
-31358,0,0
-159452,0,0
-287519,0,0
-223103,0,0
-243714,0,0
-73379,0,0
47453,0,0
131508,0,0
190336,0,0
-24411,0,0
-492470,0,0
-280565,0,0
-226890,0,0
117008,0,0
178120,0,0
-105757,0,0
-241542,0,0
59014,0,0
-24934,0,0
-24654,0,0
435100,0,0
200722,0,0
-167303,0,0
-84974,0,0
-39592,0,0
67703,0,0
236921,0,0
76284,0,0
228212,0,0
67717,0,0
-46906,0,0
-37737,0,0
107186,0,0
4192,0,0
102026,0,0
226712,0,0
-12892,0,0
178693,0,0
114938,0,0
157705,0,0
270216,0,0
144088,0,0
-9095,0,0
-31125,0,0
11446,0,0
114194,0,0
101586,0,0
177208,0,0
760206,0,0
392262,0,0
-29120,0,0
180043,0,0
179934,0,0
-91180,0,0
18470,0,0
167043,0,0
323035,0,0
546772,0,0
281759,0,0
328969,0,0
305096,0,0
-6933,0,0
-118087,0,0
34094,0,0
-137619,0,0
66832,0,0
333833,0,0
143173,0,0
101987,0,0
-182877,0,0
-157618,0,0
173904,0,0
389294,0,0
75403,0,0
-79287,0,0
-263208,0,0
-509028,0,0
-205813,0,0
-43969,0,0
190487,0,0
327703,0,0
231283,0,0
145079,0,0
84705,0,0
-228498,0,0
-241942,0,0
-36201,0,0
-115023,0,0
187905,0,0
-12839,0,0
-85328,0,0
38988,0,0
220742,0,0
205643,0,0
194948,0,0
-105250,0,0
-63084,0,0
-20322,0,0
-324616,0,0
-283884,0,0
-118638,0,0
-180468,0,0
5432,0,0
281455,0,0
134565,0,0
-10520,0,0
-283723,0,0
-209265,0,0
218700,0,0
-99574,0,0
-207740,0,0
-206611,0,0
-158087,0,0
-13972,0,0
188396,0,0
182522,0,0
184783,0,0
270777,0,0
-96364,0,0
-279668,0,0
-147089,0,0
-29955,0,0
107924,0,0
179160,0,0
132956,0,0
168324,0,0
140598,0,0
176801,0,0
432681,0,0
105810,0,0
44615,0,0
-95935,0,0
170784,0,0
97145,0,0
97243,0,0
-29964,0,0
235026,0,0
591505,0,0
584514,0,0
366309,0,0
249814,0,0
29539,0,0
24474,0,0
135556,0,0
97138,0,0
146410,0,0
307214,0,0
171606,0,0
198843,0,0
89951,0,0
-63015,0,0
221137,0,0
177597,0,0
-25852,0,0
-161213,0,0
-257065,0,0
-262681,0,0
-75903,0,0
-69512,0,0
104797,0,0
183998,0,0
-81515,0,0
-289507,0,0
-291654,0,0
-357978,0,0
3411,0,0
9670,0,0
-206796,0,0
-139263,0,0
-186659,0,0
-169428,0,0
276912,0,0
281801,0,0
-93089,0,0
-130321,0,0
-274318,0,0
-193518,0,0
8202,0,0
-100252,0,0
-68528,0,0
-20584,0,0
-7462,0,0
9784,0,0
64490,0,0
-212219,0,0
-280881,0,0
-111061,0,0
-178387,0,0
79810,0,0
121994,0,0
-180856,0,0
-192191,0,0
-127694,0,0
-96932,0,0
126077,0,0
93872,0,0
-182770,0,0
-135290,0,0
-143843,0,0
-69266,0,0
-151510,0,0
56668,0,0
40801,0,0
224401,0,0
-35192,0,0
-156985,0,0
-75026,0,0
-25378,0,0
326507,0,0
272240,0,0
-53387,0,0
-50901,0,0
-73513,0,0
-12182,0,0
199819,0,0
133457,0,0
-62258,0,0
195797,0,0
32293,0,0
229216,0,0
210449,0,0
-4955,0,0
-55038,0,0
-14266,0,0
-27111,0,0
167931,0,0
268486,0,0
-83923,0,0
99447,0,0
-71581,0,0
-206941,0,0
16895,0,0
221282,0,0
178564,0,0
241730,0,0
-65358,0,0
-277147,0,0
59355,0,0
-191461,0,0
-69133,0,0
-5262,0,0
-39482,0,0
-261650,0,0
135769,0,0
-15823,0,0
53179,0,0
-372049,0,0
-354393,0,0
-127123,0,0
-64029,0,0
-123457,0,0
1545,0,0
-24364,0,0
-44176,0,0
-235429,0,0
-381582,0,0
-353107,0,0
6132,0,0
25373,0,0
-18754,0,0
10537,0,0
-40009,0,0
-208626,0,0
-196272,0,0
-171041,0,0
-90409,0,0
78920,0,0
-74203,0,0
118296,0,0
3043,0,0
-366742,0,0
-233014,0,0
-131810,0,0
-286482,0,0
-51798,0,0
-21220,0,0
-129940,0,0
53659,0,0
-76871,0,0
-38176,0,0
-79465,0,0
-194607,0,0
-253008,0,0
-160553,0,0
-217426,0,0
-135532,0,0
-164663,0,0
-113346,0,0
168840,0,0
-116399,0,0
-335431,0,0
-293395,0,0
-31192,0,0
-86608,0,0
-97196,0,0
-199396,0,0
-221523,0,0
-165490,0,0
-337017,0,0
-198720,0,0
-259710,0,0
-264991,0,0
4763,0,0
148753,0,0
-88458,0,0
30809,0,0
-20887,0,0
-167026,0,0
-180608,0,0
-221159,0,0
-232487,0,0
-47936,0,0
79343,0,0
107469,0,0
-142332,0,0
-163113,0,0
715,0,0
11989,0,0
-6009,0,0
53714,0,0
48094,0,0
-41109,0,0
-159235,0,0
-226914,0,0
-231868,0,0
-80669,0,0
8316,0,0
91040,0,0
346383,0,0
30697,0,0
-149940,0,0
-244447,0,0
-215371,0,0
2918,0,0
404359,0,0
241472,0,0
-23945,0,0
-127702,0,0
-109878,0,0
114448,0,0
301653,0,0
159137,0,0
6079,0,0
-42949,0,0
-46311,0,0
-120910,0,0
-85679,0,0
56984,0,0
162046,0,0
258448,0,0
213967,0,0
79538,0,0
-126205,0,0
-97608,0,0
-54949,0,0
-115548,0,0
-101804,0,0
-23299,0,0
-158776,0,0
-182283,0,0
-169944,0,0
-173228,0,0
-172579,0,0
43706,0,0
-75468,0,0
-148458,0,0
-290601,0,0
-426981,0,0
-66174,0,0
-84614,0,0
-234637,0,0
-182779,0,0
-327371,0,0
-282745,0,0
-88628,0,0
-106242,0,0
-232186,0,0
-190863,0,0
-260141,0,0
-183852,0,0
-173080,0,0
-231361,0,0
29096,0,0
322054,0,0
-152558,0,0
-400606,0,0
-393494,0,0
-306126,0,0
117446,0,0
-6589,0,0
-316807,0,0
-206305,0,0
-137633,0,0
94902,0,0
144167,0,0
-18277,0,0
-124039,0,0
-95265,0,0
-277005,0,0
1797,0,0
209168,0,0
118724,0,0
43143,0,0
95713,0,0
144034,0,0
197591,0,0
163947,0,0
60993,0,0
204073,0,0
168242,0,0
140753,0,0
355790,0,0
318217,0,0
97540,0,0
163377,0,0
160106,0,0
273568,0,0
332969,0,0
95547,0,0
111402,0,0
277373,0,0
119082,0,0
-27572,0,0
216662,0,0
69005,0,0
-84514,0,0
28576,0,0
58589,0,0
249721,0,0
-8852,0,0
61251,0,0
293240,0,0
-40661,0,0
-73767,0,0
197988,0,0
71511,0,0
22087,0,0
86835,0,0
-77218,0,0
-156972,0,0
36805,0,0
169696,0,0
196773,0,0
205041,0,0
19000,0,0
-15617,0,0
102254,0,0
-358539,0,0
21,0,0
55459,0,0
-17713,0,0
39333,0,0
36395,0,0
-988,0,0
10051,0,0
-203695,0,0
-282303,0,0
-146256,0,0
-271919,0,0
-143469,0,0
215396,0,0
134522,0,0
-21203,0,0
-117975,0,0
-378563,0,0
-187666,0,0
-107572,0,0
50482,0,0
239690,0,0
11745,0,0
-92413,0,0
73663,0,0
-85098,0,0
-32544,0,0
30725,0,0
125009,0,0
24159,0,0
163790,0,0
373379,0,0
388985,0,0
388477,0,0
164441,0,0
122734,0,0
191391,0,0
191666,0,0
269244,0,0
283246,0,0
98892,0,0
208771,0,0
247221,0,0
300104,0,0
424799,0,0
481806,0,0
424323,0,0
290428,0,0
-14809,0,0
-236450,0,0
252413,0,0
355284,0,0
246696,0,0
133226,0,0
11894,0,0
174472,0,0
221049,0,0
25789,0,0
260028,0,0
345072,0,0
-1419,0,0
-114272,0,0
-24679,0,0
14567,0,0
290465,0,0
107258,0,0
33453,0,0
-70940,0,0
-108399,0,0
-84699,0,0
358261,0,0
82994,0,0
118834,0,0
11752,0,0
-17505,0,0
98284,0,0
215769,0,0
-81185,0,0
-72466,0,0
-59720,0,0
-162905,0,0
90850,0,0
109136,0,0
22914,0,0
322575,0,0
301570,0,0
-46243,0,0
-158877,0,0
-139660,0,0
-50355,0,0
251443,0,0
2348,0,0
92806,0,0
168794,0,0
132369,0,0
76251,0,0
172688,0,0
-44469,0,0
-49642,0,0
68382,0,0
-6998,0,0
97685,0,0
62850,0,0
316748,0,0
399973,0,0
260459,0,0
-107436,0,0
176503,0,0
62582,0,0
-24639,0,0
81795,0,0
97428,0,0
133360,0,0
392624,0,0
194214,0,0
178410,0,0
432637,0,0
170755,0,0
-46717,0,0
30373,0,0
-3711,0,0
213358,0,0
191371,0,0
44750,0,0
142525,0,0
-56693,0,0
-77386,0,0
-32387,0,0
148093,0,0
270310,0,0
-6814,0,0
-308001,0,0
-173660,0,0
-79641,0,0
-127411,0,0
-183454,0,0
-218438,0,0
-391100,0,0
-130974,0,0
-12633,0,0
-184674,0,0
55967,0,0
-5912,0,0
-396534,0,0
-246175,0,0
-144415,0,0
-112134,0,0
42181,0,0
-122154,0,0
-313732,0,0
-173493,0,0
-29436,0,0
121131,0,0
43032,0,0
-60220,0,0
-93800,0,0
-4384,0,0
-6478,0,0
134326,0,0
136934,0,0
55326,0,0
251619,0,0
116804,0,0
40897,0,0
-79650,0,0
-40512,0,0
55673,0,0
254885,0,0
198468,0,0
180917,0,0
128746,0,0
-187367,0,0
-9906,0,0
320929,0,0
389371,0,0
92417,0,0
87441,0,0
-93794,0,0
-56365,0,0
40235,0,0
-153743,0,0
156352,0,0
199050,0,0
54017,0,0
257447,0,0
151967,0,0
11233,0,0
-96553,0,0
-227218,0,0
-187338,0,0
85829,0,0
88495,0,0
16889,0,0
126431,0,0
133036,0,0
-38350,0,0
15898,0,0
-196259,0,0
-211546,0,0
-178256,0,0
-111460,0,0
28572,0,0
25960,0,0
-264100,0,0
18115,0,0
9381,0,0
-4409,0,0
122814,0,0
-112379,0,0
-262444,0,0
-139395,0,0
-212316,0,0
-44031,0,0
90404,0,0
63856,0,0
79352,0,0
35866,0,0
-212781,0,0
-144495,0,0
-40860,0,0
66930,0,0
203773,0,0
111171,0,0
-74912,0,0
218279,0,0
444090,0,0
51978,0,0
-94982,0,0
-156675,0,0
-128942,0,0
103041,0,0
24262,0,0
233729,0,0
277560,0,0
269167,0,0
-39049,0,0
178010,0,0
-48129,0,0
85218,0,0
96786,0,0
-31621,0,0
176075,0,0
114198,0,0
52076,0,0
67282,0,0
-15097,0,0
-100832,0,0
-57827,0,0
-110816,0,0
-91030,0,0
119520,0,0
-56762,0,0
-257886,0,0
-80554,0,0
-141602,0,0
-115103,0,0
-262043,0,0
-371596,0,0
-315375,0,0
-148174,0,0
-436864,0,0
-258421,0,0
-242461,0,0
-234927,0,0
-193741,0,0
-102487,0,0
-260575,0,0
-259317,0,0
-186807,0,0
-364104,0,0
-246587,0,0
-477991,0,0
-214491,0,0
-157643,0,0
-147891,0,0
-245702,0,0
-46036,0,0
74650,0,0
-43527,0,0
-252065,0,0
-349578,0,0
-124467,0,0
-154556,0,0
-213590,0,0
60498,0,0
20524,0,0
-193062,0,0
-92575,0,0
-82679,0,0
-5094,0,0
-73110,0,0
-233738,0,0
-4556,0,0
269629,0,0
99303,0,0
29073,0,0
86774,0,0
-25011,0,0
-40690,0,0
59998,0,0
-170569,0,0
4268,0,0
289954,0,0
80346,0,0
254010,0,0
156087,0,0
-48841,0,0
252760,0,0
241503,0,0
5510,0,0
117137,0,0
-19885,0,0
-27715,0,0
23826,0,0
246927,0,0
186030,0,0
160761,0,0
63934,0,0
159931,0,0
156383,0,0
30797,0,0
-5398,0,0
-106701,0,0
-180588,0,0
-62571,0,0
-15062,0,0
-51311,0,0
1985,0,0
-11840,0,0
-2764,0,0
4952,0,0
-359712,0,0
-326559,0,0
215526,0,0
-117400,0,0
-343511,0,0
-138833,0,0
-76160,0,0
-95066,0,0
-267360,0,0
-346858,0,0
-72225,0,0
-187733,0,0
-272856,0,0
-142206,0,0
-116089,0,0
-70711,0,0
66967,0,0
-79413,0,0
-293386,0,0
-153976,0,0
-313842,0,0
-113832,0,0
-26889,0,0
74707,0,0
160312,0,0
76727,0,0
-137411,0,0
-16881,0,0
79976,0,0
55928,0,0
293426,0,0
42855,0,0
-144896,0,0
203951,0,0
308830,0,0
156124,0,0
350741,0,0
258786,0,0
144691,0,0
89416,0,0
21816,0,0
20980,0,0
164497,0,0
231519,0,0
168353,0,0
91765,0,0
-141788,0,0
72699,0,0
321146,0,0
161482,0,0
231834,0,0
201603,0,0
-7861,0,0
167222,0,0
128322,0,0
-10832,0,0
118579,0,0
50789,0,0
-67812,0,0
172884,0,0
62869,0,0
74787,0,0
106606,0,0
7397,0,0
258242,0,0
356971,0,0
191537,0,0
116780,0,0
124840,0,0
-143068,0,0
-65442,0,0
34170,0,0
23503,0,0
150169,0,0
236766,0,0
-47874,0,0
214082,0,0
272745,0,0
-52239,0,0
137012,0,0
19389,0,0
123328,0,0
13656,0,0
-4547,0,0
-183857,0,0
145157,0,0
56874,0,0
-15788,0,0
-19263,0,0
-120195,0,0
946,0,0
22839,0,0
30296,0,0
33738,0,0
-145452,0,0
-102264,0,0
81015,0,0
54103,0,0
-204420,0,0
74521,0,0
-3274,0,0
-28289,0,0
83639,0,0
91021,0,0
125203,0,0
103602,0,0
77569,0,0
143004,0,0
15569,0,0
-207087,0,0
-88617,0,0
-34051,0,0
189078,0,0
405518,0,0
347025,0,0
84253,0,0
87437,0,0
-11156,0,0
-147215,0,0
-22973,0,0
-198993,0,0
153969,0,0
387909,0,0
-95579,0,0
-36557,0,0
483504,0,0
489757,0,0
76137,0,0
50879,0,0
-249313,0,0
46217,0,0
162032,0,0
103467,0,0
77926,0,0
112031,0,0
87882,0,0
232406,0,0
-51522,0,0
-110877,0,0
67629,0,0
-225858,0,0
-82045,0,0
-7350,0,0
43807,0,0
-48404,0,0
-82115,0,0
-351891,0,0
-339851,0,0
-104920,0,0
-253702,0,0
-154686,0,0
-22302,0,0
-150250,0,0
-99081,0,0
-336651,0,0
-324117,0,0
91523,0,0
-170975,0,0
-289877,0,0
-72347,0,0
-285352,0,0
-94629,0,0
-20257,0,0
-88671,0,0
-246728,0,0
-82114,0,0
-215587,0,0
-36991,0,0
-33503,0,0
-39476,0,0
