-1754530,0,0
-1009451,0,0
3239148,0,0
-3936711,0,0
2365104,0,0
720297,0,0
-2862173,0,0
3639534,0,0
-2449860,0,0
231626,0,0
2518776,0,0
-4363165,0,0
2523570,0,0
-784119,0,0
-3017303,0,0
3697228,0,0
-3609408,0,0
-202717,0,0
1897772,0,0
-4208212,0,0
2860473,0,0
-1306339,0,0
-831733,0,0
3142818,0,0
-3857077,0,0
2718078,0,0
-232078,0,0
-1970330,0,0
3406381,0,0
-3354401,0,0
1645417,0,0
948181,0,0
-3477379,0,0
3744361,0,0
-2934605,0,0
-857994,0,0
2085651,0,0
-4267004,0,0
2197311,0,0
-639128,0,0
-2371999,0,0
3790302,0,0
-2865163,0,0
859954,0,0
2097565,0,0
-3928425,0,0
3365712,0,0
-1196311,0,0
-1011498,0,0
3245365,0,0
-3839587,0,0
2298446,0,0
-397788,0,0
-2562721,0,0
3472201,0,0
-4092007,0,0
677032,0,0
801727,0,0
-3840426,0,0
3327489,0,0
-2083188,0,0
-572110,0,0
3056524,0,0
-4058765,0,0
2700591,0,0
302212,0,0
-2471819,0,0
3521611,0,0
-2780672,0,0
758329,0,0
2101213,0,0
-4327026,0,0
2901338,0,0
-1300731,0,0
-2529456,0,0
3568602,0,0
-4014335,0,0
349305,0,0
1340395,0,0
-3967058,0,0
3297069,0,0
-1872590,0,0
-246432,0,0
2755513,0,0
-3968607,0,0
3225734,0,0
-962911,0,0
-1106348,0,0
3132911,0,0
-3805473,0,0
2396963,0,0
68578,0,0
-2854638,0,0
3709712,0,0
-3602572,0,0
-46628,0,0
1297733,0,0
-4096802,0,0
2710184,0,0
-1299245,0,0
-1638602,0,0
3616703,0,0
-3530103,0,0
1638775,0,0
1552494,0,0
-3721948,0,0
3571350,0,0
-1483140,0,0
-779833,0,0
3003193,0,0
-3997499,0,0
2682434,0,0
-694028,0,0
-2239329,0,0
3249620,0,0
-4269488,0,0
1165159,0,0
227525,0,0
-3452787,0,0
3635561,0,0
-2692689,0,0
25140,0,0
2685282,0,0
-4122389,0,0
3156503,0,0
-278521,0,0
-1877412,0,0
3340842,0,0
-3034844,0,0
1062117,0,0
1825201,0,0
-4211695,0,0
3221418,0,0
-1514782,0,0
-2327911,0,0
3462764,0,0
-4130827,0,0
488403,0,0
1223281,0,0
-3884672,0,0
3418012,0,0
-1913786,0,0
-358376,0,0
2809461,0,0
-3956938,0,0
3214196,0,0
-1011000,0,0
-1207642,0,0
3204552,0,0
-3761225,0,0
2276678,0,0
115825,0,0
-2858948,0,0
3701183,0,0
-3657752,0,0
-37632,0,0
1226702,0,0
-4035332,0,0
2709208,0,0
-1352040,0,0
-1763660,0,0
3669619,0,0
-3425148,0,0
1647486,0,0
1455102,0,0
-3614469,0,0
3489240,0,0
-1858124,0,0
-364035,0,0
2771896,0,0
-4080569,0,0
3012560,0,0
-1113942,0,0
-1926225,0,0
3095565,0,0
-4330016,0,0
1346894,0,0
24011,0,0
-3353382,0,0
3682021,0,0
-2855843,0,0
213145,0,0
2520802,0,0
-4120584,0,0
3280191,0,0
-570230,0,0
-1605312,0,0
3314417,0,0
-3294493,0,0
1435234,0,0
1259328,0,0
-3918514,0,0
3547297,0,0
-2241623,0,0
-1622525,0,0
2985861,0,0
-4365201,0,0
1320895,0,0
290701,0,0
-3328135,0,0
3744995,0,0
-2769313,0,0
604903,0,0
2129565,0,0
-3797515,0,0
3582440,0,0
-1768593,0,0
-277376,0,0
2832311,0,0
-4061568,0,0
2987994,0,0
-768009,0,0
-1976315,0,0
3420611,0,0
-4122577,0,0
609207,0,0
571216,0,0
-3818341,0,0
3167537,0,0
-2084869,0,0
-998250,0,0
3383153,0,0
-3941847,0,0
2308940,0,0
840517,0,0
-3081674,0,0
3601505,0,0
-2449004,0,0
346726,0,0
2311839,0,0
-4000043,0,0
3482642,0,0
-1920480,0,0
-1242165,0,0
2468307,0,0
-4346489,0,0
1948672,0,0
-709522,0,0
-2846180,0,0
3728034,0,0
-3466256,0,0
884603,0,0
1930876,0,0
-3853551,0,0
3641500,0,0
-1260454,0,0
-857237,0,0
2984829,0,0
-3688086,0,0
2197337,0,0
693701,0,0
-3617712,0,0
3707038,0,0
-2695880,0,0
-1157922,0,0
2677573,0,0
-4370988,0,0
1673057,0,0
-129591,0,0
-3009934,0,0
3756547,0,0
-3242079,0,0
1169734,0,0
1466075,0,0
-3175697,0,0
3664839,0,0
-2315939,0,0
348499,0,0
2151234,0,0
-3994962,0,0
3488920,0,0
-1501956,0,0
-1237882,0,0
2907362,0,0
-4393353,0,0
1436504,0,0
-191160,0,0
-3436256,0,0
3527563,0,0
-2802091,0,0
-229003,0,0
2989991,0,0
-4166103,0,0
2936392,0,0
9684,0,0
-2252426,0,0
3429174,0,0
-2994928,0,0
1169903,0,0
1617419,0,0
-3657641,0,0
3730158,0,0
-2755803,0,0
-336310,0,0
1557064,0,0
-4152913,0,0
2590236,0,0
-1542863,0,0
-2047276,0,0
3456656,0,0
-4051735,0,0
1668294,0,0
1037738,0,0
-3103909,0,0
3726299,0,0
-2163102,0,0
27139,0,0
2602648,0,0
-4030397,0,0
2856851,0,0
-214247,0,0
-2874517,0,0
3762960,0,0
-3433571,0,0
-425684,0,0
1903378,0,0
-4248349,0,0
2210868,0,0
-719350,0,0
-2409612,0,0
3593012,0,0
-3767372,0,0
1898054,0,0
890406,0,0
-2655855,0,0
3509333,0,0
-2802099,0,0
1017972,0,0
1666418,0,0
-3679258,0,0
3736995,0,0
-2021280,0,0
-708775,0,0
2475551,0,0
-4403766,0,0
1854252,0,0
-645552,0,0
-3076875,0,0
3676445,0,0
-3250989,0,0
236732,0,0
2706292,0,0
-4132872,0,0
3280385,0,0
-371518,0,0
-2107518,0,0
3328646,0,0
-3092335,0,0
1378527,0,0
1297654,0,0
-3464540,0,0
3763468,0,0
-2917539,0,0
-84068,0,0
1312661,0,0
-4057210,0,0
2856228,0,0
-1830100,0,0
-1726559,0,0
3319473,0,0
-4166563,0,0
2053570,0,0
718884,0,0
-2835956,0,0
3706009,0,0
-2330232,0,0
319279,0,0
2426734,0,0
-4014114,0,0
3049574,0,0
-404103,0,0
-2637549,0,0
3704182,0,0
-3587374,0,0
-190673,0,0
1683028,0,0
-4189952,0,0
2374590,0,0
-900761,0,0
-2289937,0,0
3549430,0,0
-3837663,0,0
1988756,0,0
769014,0,0
-2592970,0,0
3468257,0,0
-2878978,0,0
1010197,0,0
1687845,0,0
-3756477,0,0
3702056,0,0
-2108895,0,0
-611765,0,0
2292216,0,0
-4375503,0,0
1975841,0,0
-892334,0,0
-2825092,0,0
3718268,0,0
-3466971,0,0
542635,0,0
2359702,0,0
-4036959,0,0
3497879,0,0
-739548,0,0
-1579984,0,0
3134069,0,0
-3394782,0,0
1841962,0,0
934736,0,0
-3055976,0,0
3772817,0,0
-3169126,0,0
286365,0,0
959404,0,0
-3935056,0,0
3042681,0,0
-2053097,0,0
-1429273,0,0
3152349,0,0
-4260107,0,0
2379546,0,0
351262,0,0
-2493315,0,0
3615632,0,0
-2524417,0,0
501139,0,0
2247522,0,0
-4037870,0,0
3186913,0,0
-602295,0,0
-2435870,0,0
3648309,0,0
-3743940,0,0
97035,0,0
1371348,0,0
-4128499,0,0
2668006,0,0
-1346509,0,0
-1814908,0,0
3356623,0,0
-4044656,0,0
2384885,0,0
189111,0,0
-1959240,0,0
3392100,0,0
-3147841,0,0
1516037,0,0
1156137,0,0
-3355438,0,0
3812296,0,0
-2549158,0,0
-145749,0,0
1954228,0,0
-4330225,0,0
2412078,0,0
-1377606,0,0
-2486875,0,0
3630060,0,0
-3818225,0,0
953459,0,0
2122932,0,0
-3954989,0,0
3577274,0,0
-1000860,0,0
-1312658,0,0
2994454,0,0
-3550316,0,0
2175448,0,0
475143,0,0
-2613139,0,0
3665242,0,0
-3568896,0,0
670268,0,0
567401,0,0
-3752756,0,0
3262483,0,0
-2644318,0,0
-779425,0,0
2676955,0,0
-4347371,0,0
2793245,0,0
-224924,0,0
-1959455,0,0
3502665,0,0
-2996012,0,0
1131949,0,0
1813410,0,0
-3897474,0,0
3525828,0,0
-1283453,0,0
-1744173,0,0
3350355,0,0
-4167295,0,0
769501,0,0
664845,0,0
-3843617,0,0
3080443,0,0
-1906329,0,0
-1080825,0,0
2936842,0,0
-4190833,0,0
2978954,0,0
-395019,0,0
-1442928,0,0
3079690,0,0
-3501650,0,0
2043225,0,0
750240,0,0
-2967156,0,0
3814707,0,0
-2935705,0,0
162281,0,0
1569570,0,0
-4224612,0,0
2661010,0,0
-1699954,0,0
-2136966,0,0
3476448,0,0
-4041053,0,0
1412207,0,0
1564311,0,0
-3557667,0,0
3746888,0,0
-1619881,0,0
-634724,0,0
2765009,0,0
-3856953,0,0
2736304,0,0
-311296,0,0
-1795583,0,0
3391158,0,0
-4047363,0,0
1413114,0,0
-187447,0,0
-3378370,0,0
3542905,0,0
-3269979,0,0
-222382,0,0
2122899,0,0
-4197372,0,0
3264118,0,0
-783906,0,0
-1377471,0,0
3298805,0,0
-3377310,0,0
1729008,0,0
1206164,0,0
-3510917,0,0
3766368,0,0
-1799721,0,0
-1247253,0,0
3075952,0,0
-4329423,0,0
1163422,0,0
235738,0,0
-3633712,0,0
3396645,0,0
-2593553,0,0
-586489,0,0
2523091,0,0
-4102395,0,0
3369905,0,0
-937188,0,0
-969389,0,0
2865369,0,0
-3721094,0,0
2431114,0,0
173851,0,0
-2286383,0,0
3719767,0,0
-3443245,0,0
916831,0,0
818886,0,0
-3996315,0,0
3124777,0,0
-2436564,0,0
-1389683,0,0
3088747,0,0
-4315955,0,0
1877596,0,0
1101959,0,0
-3167924,0,0
3769005,0,0
-2040558,0,0
-226876,0,0
2578051,0,0
-3927629,0,0
3006891,0,0
-502600,0,0
-1792707,0,0
3358476,0,0
-4101548,0,0
1295570,0,0
-115439,0,0
-3310537,0,0
3599342,0,0
-3333768,0,0
-240001,0,0
2186291,0,0
-4204959,0,0
3267538,0,0
-727870,0,0
-1377703,0,0
3231604,0,0
-3423981,0,0
1925533,0,0
1127144,0,0
-3498928,0,0
3761881,0,0
-1948452,0,0
-1074054,0,0
3017186,0,0
-4357282,0,0
1282680,0,0
209727,0,0
-3638301,0,0
3340154,0,0
-2380747,0,0
-735980,0,0
2651210,0,0
-4147175,0,0
3265448,0,0
-757671,0,0
-1118434,0,0
2830001,0,0
-3708010,0,0
2488309,0,0
79442,0,0
-2279438,0,0
3686132,0,0
-3619909,0,0
1094884,0,0
680895,0,0
-3916628,0,0
3260361,0,0
-2625943,0,0
-1203420,0,0
2932819,0,0
-4339194,0,0
2211958,0,0
714255,0,0
-2706524,0,0
3690753,0,0
-2408711,0,0
198397,0,0
2189277,0,0
-3890557,0,0
3386960,0,0
-1170789,0,0
-1068861,0,0
2804775,0,0
-4359713,0,0
2256291,0,0
-1262141,0,0
-2476551,0,0
3518854,0,0
-4005324,0,0
792494,0,0
1096392,0,0
-3669968,0,0
3736122,0,0
-1857228,0,0
-249703,0,0
2812068,0,0
-3894990,0,0
2794726,0,0
43389,0,0
-2418558,0,0
3722282,0,0
-2896404,0,0
-76619,0,0
2131292,0,0
-4381001,0,0
2194334,0,0
-848991,0,0
-2995739,0,0
3671067,0,0
-3422401,0,0
400667,0,0
1647760,0,0
-3587199,0,0
3732546,0,0
-1975634,0,0
191574,0,0
2250606,0,0
-3871662,0,0
3307771,0,0
-1005032,0,0
-1227384,0,0
3269582,0,0
-4191214,0,0
1962657,0,0
-349070,0,0
-3305392,0,0
3627017,0,0
-3470935,0,0
-355874,0,0
2221147,0,0
-4238504,0,0
2981902,0,0
-180205,0,0
-1853308,0,0
3464855,0,0
-2920974,0,0
915267,0,0
1637239,0,0
-3671626,0,0
3627396,0,0
-1583761,0,0
-492640,0,0
2472510,0,0
-4325889,0,0
2739849,0,0
-1737000,0,0
-1834161,0,0
3129835,0,0
-4322363,0,0
1416638,0,0
378106,0,0
-3029598,0,0
3809620,0,0
-2480225,0,0
401657,0,0
2377837,0,0
-3959908,0,0
3256970,0,0
-572796,0,0
-1817001,0,0
3600040,0,0
-3336756,0,0
460013,0,0
1579363,0,0
-4272957,0,0
2633512,0,0
-1393239,0,0
-2501848,0,0
3601296,0,0
-3855258,0,0
921148,0,0
1041768,0,0
-3057121,0,0
3770699,0,0
-2457546,0,0
718887,0,0
1758541,0,0
-3700243,0,0
3587848,0,0
-1540595,0,0
-673584,0,0
2972443,0,0
-4309870,0,0
2491756,0,0
-809767,0,0
-2993985,0,0
3611814,0,0
-3877564,0,0
206743,0,0
1649221,0,0
-4061413,0,0
3279314,0,0
-790514,0,0
-1309358,0,0
3316477,0,0
-3401159,0,0
1737420,0,0
904950,0,0
-3091354,0,0
3731433,0,0
-2476482,0,0
459303,0,0
1532087,0,0
-4047302,0,0
3334560,0,0
-2634662,0,0
-1070427,0,0
2488259,0,0
-4359740,0,0
2013235,0,0
-227537,0,0
-2495281,0,0
3747948,0,0
-2900613,0,0
852548,0,0
2017041,0,0
-3842478,0,0
3507467,0,0
-964787,0,0
-1513932,0,0
3426202,0,0
-3726499,0,0
962877,0,0
912510,0,0
-3998795,0,0
3145933,0,0
-2088525,0,0
-1932938,0,0
3338117,0,0
-4185916,0,0
1572264,0,0
365824,0,0
-2365675,0,0
3615531,0,0
-3068798,0,0
1493352,0,0
982364,0,0
-3036301,0,0
3741715,0,0
-2332377,0,0
188731,0,0
2448003,0,0
-4285032,0,0
2996067,0,0
-1375934,0,0
-2496036,0,0
3462432,0,0
-4143513,0,0
629547,0,0
1197666,0,0
-3848143,0,0
3516992,0,0
-1129443,0,0
-938591,0,0
3146143,0,0
-3566652,0,0
1899424,0,0
803394,0,0
-3030279,0,0
3744673,0,0
-2525982,0,0
402051,0,0
1632086,0,0
-4086703,0,0
3261657,0,0
-2498273,0,0
-1223082,0,0
2631146,0,0
-4363332,0,0
2010423,0,0
-289477,0,0
-2436652,0,0
3727272,0,0
-3015843,0,0
1042220,0,0
1880977,0,0
-3779555,0,0
3569498,0,0
-1332352,0,0
-1016762,0,0
3268408,0,0
-3928385,0,0
1403213,0,0
550757,0,0
-3886618,0,0
3298770,0,0
-2405919,0,0
-1437998,0,0
2982210,0,0
-4334267,0,0
2117840,0,0
-290656,0,0
-1779631,0,0
3488334,0,0
-3454457,0,0
2085201,0,0
558742,0,0
-2706774,0,0
3641410,0,0
-2680882,0,0
600798,0,0
1910222,0,0
-4104528,0,0
3318538,0,0
-2067116,0,0
-1771988,0,0
2947294,0,0
-4372937,0,0
1273220,0,0
432372,0,0
-3359540,0,0
3765570,0,0
-1973049,0,0
-180752,0,0
2783405,0,0
-3968102,0,0
2772319,0,0
-21926,0,0
-2260054,0,0
3603877,0,0
-3101402,0,0
1112166,0,0
736444,0,0
-3613978,0,0
3630552,0,0
-3276574,0,0
-453698,0,0
1848181,0,0
-4211017,0,0
2642763,0,0
-1133661,0,0
-1745017,0,0
3564029,0,0
-3509960,0,0
1655071,0,0
1367854,0,0
-3514806,0,0
3691503,0,0
-1591691,0,0
-772600,0,0
3144457,0,0
-4024077,0,0
1671688,0,0
213414,0,0
-3690631,0,0
3491583,0,0
-2693689,0,0
-1233663,0,0
2889576,0,0
-4350235,0,0
2092172,0,0
-242007,0,0
-1874778,0,0
3532916,0,0
-3316649,0,0
1866322,0,0
639845,0,0
-2853201,0,0
3631090,0,0
-2695665,0,0
689228,0,0
1799724,0,0
-4023981,0,0
3396054,0,0
-2168873,0,0
-1678499,0,0
2903774,0,0
-4365289,0,0
1385297,0,0
375726,0,0
-3310407,0,0
3781832,0,0
-1988399,0,0
-40952,0,0
2696871,0,0
-3943122,0,0
2844687,0,0
-246075,0,0
-2098778,0,0
3563625,0,0
-3334804,0,0
1444684,0,0
353679,0,0
-3303931,0,0
3656734,0,0
-3628239,0,0
-76243,0,0
1592959,0,0
-4149920,0,0
2820013,0,0
-1360805,0,0
-1368197,0,0
3415620,0,0
-3774669,0,0
2064924,0,0
1009020,0,0
-3147816,0,0
3700189,0,0
-2129325,0,0
-199074,0,0
2737704,0,0
-4323414,0,0
2326439,0,0
-405989,0,0
-3385761,0,0
3645261,0,0
-3193756,0,0
-689137,0,0
2420236,0,0
-4329024,0,0
2536893,0,0
-630509,0,0
-1570383,0,0
3433240,0,0
-3544365,0,0
2130521,0,0
538050,0,0
-2705161,0,0
3598920,0,0
-2827595,0,0
908790,0,0
1470789,0,0
-3826223,0,0
3569477,0,0
-2451723,0,0
-1361707,0,0
2588644,0,0
-4356516,0,0
1657823,0,0
11621,0,0
-3077042,0,0
3817590,0,0
-2130387,0,0
70259,0,0
2593595,0,0
-3973445,0,0
2923139,0,0
-333776,0,0
-2007338,0,0
3514139,0,0
-3425725,0,0
1644039,0,0
332825,0,0
-3355933,0,0
3681372,0,0
-3536420,0,0
-131622,0,0
1538100,0,0
-4092595,0,0
2884404,0,0
-1409211,0,0
-1227687,0,0
3323908,0,0
-3856504,0,0
2297846,0,0
731865,0,0
-2928639,0,0
3678220,0,0
-2325682,0,0
149516,0,0
2628618,0,0
-4332772,0,0
2415330,0,0
-583338,0,0
-3207686,0,0
3679965,0,0
-3457908,0,0
-422483,0,0
2112061,0,0
-4236894,0,0
2780805,0,0
-1298206,0,0
-749133,0,0
3054974,0,0
-3893367,0,0
2868835,0,0
-545684,0,0
-1638195,0,0
3330538,0,0
-3494740,0,0
1737513,0,0
699360,0,0
-3389781,0,0
3728068,0,0
-3095811,0,0
-665974,0,0
1886131,0,0
-4238678,0,0
2309170,0,0
-711715,0,0
-2242972,0,0
3777850,0,0
-2938309,0,0
956162,0,0
2069335,0,0
-3887104,0,0
3354322,0,0
-1197646,0,0
-1072061,0,0
3241257,0,0
-3828511,0,0
2258689,0,0
-318930,0,0
-2708856,0,0
3471070,0,0
-4108130,0,0
742860,0,0
695498,0,0
-3762090,0,0
3376932,0,0
-2150240,0,0
-569049,0,0
3044014,0,0
-4070448,0,0
2741123,0,0
346362,0,0
-2588357,0,0
3554407,0,0
-2622253,0,0
458690,0,0
2335555,0,0
-4349731,0,0
2750128,0,0
-879455,0,0
-2920736,0,0
3687570,0,0
-3743758,0,0
-86483,0,0
1869600,0,0
-4155619,0,0
3018192,0,0
-1314302,0,0
-841171,0,0
3077590,0,0
-3896943,0,0
2851347,0,0
-369798,0,0
-1842200,0,0
3416890,0,0
-3333563,0,0
1528589,0,0
752851,0,0
-3416550,0,0
3743201,0,0
-3066652,0,0
-743515,0,0
2033015,0,0
-4261109,0,0
2260017,0,0
-711048,0,0
-2336537,0,0
3778571,0,0
-2949555,0,0
917625,0,0
2050680,0,0
-3954868,0,0
3419756,0,0
-1075996,0,0
-1188179,0,0
3291600,0,0
-3752454,0,0
2088622,0,0
-202969,0,0
-2780064,0,0
3523339,0,0
-4041615,0,0
615223,0,0
877005,0,0
-3830208,0,0
3328013,0,0
-2146737,0,0
-483982,0,0
2978892,0,0
-4088633,0,0
2862587,0,0
21946,0,0
-2214246,0,0
3498981,0,0
-2935789,0,0
922636,0,0
1908236,0,0
-4263665,0,0
3090348,0,0
-1401882,0,0
-2427985,0,0
3511296,0,0
-4083815,0,0
453688,0,0
1196117,0,0
-3865203,0,0
3403143,0,0
-2163539,0,0
-11429,0,0
2605294,0,0
-3912725,0,0
3398884,0,0
-1334302,0,0
-908255,0,0
3040730,0,0
-3905012,0,0
2541117,0,0
-130743,0,0
-2611737,0,0
3644824,0,0
-3787457,0,0
201402,0,0
963275,0,0
-3967821,0,0
2942300,0,0
-1660574,0,0
-1324034,0,0
3520004,0,0
-3737766,0,0
2060702,0,0
1115953,0,0
-3398249,0,0
3585958,0,0
-2060861,0,0
-59203,0,0
2629767,0,0
-4082212,0,0
3207931,0,0
-1440567,0,0
-1583705,0,0
2749368,0,0
-4364577,0,0
1680020,0,0
-386607,0,0
-3050546,0,0
3736652,0,0
-3223126,0,0
568467,0,0
2198333,0,0
-3999010,0,0
3495077,0,0
-914661,0,0
-1346805,0,0
3193331,0,0
-3361585,0,0
1641458,0,0
1229102,0,0
-3962796,0,0
3509231,0,0
-2159384,0,0
-1734618,0,0
3143108,0,0
-4318264,0,0
1177632,0,0
461289,0,0
-3514067,0,0
3654792,0,0
-2690421,0,0
598978,0,0
2098061,0,0
-3726650,0,0
3604037,0,0
-1790358,0,0
-288357,0,0
2748804,0,0
-4071886,0,0
2980177,0,0
-681322,0,0
-2149839,0,0
3465610,0,0
-4080388,0,0
559449,0,0
651111,0,0
-3836920,0,0
3055033,0,0
-1865773,0,0
-1231007,0,0
3514107,0,0
-3718562,0,0
2027754,0,0
1031684,0,0
-3347067,0,0
3637215,0,0
-2183194,0,0
87840,0,0
2565146,0,0
-4110518,0,0
3213519,0,0
-1595923,0,0
-1484224,0,0
2587226,0,0
-4348211,0,0
1784126,0,0
-510883,0,0
-2833608,0,0
3714201,0,0
-3555370,0,0
881270,0,0
1889542,0,0
-3830880,0,0
3637231,0,0
-1256804,0,0
-910110,0,0
3024615,0,0
-3692687,0,0
2144640,0,0
631345,0,0
-3585811,0,0
3722139,0,0
-2768288,0,0
-1109745,0,0
2613925,0,0
-4359214,0,0
1617945,0,0
62363,0,0
-3164343,0,0
3754580,0,0
-3104686,0,0
963218,0,0
1762705,0,0
-3501599,0,0
3660766,0,0
-2103386,0,0
52546,0,0
2580667,0,0
-4071410,0,0
3141549,0,0
-1012341,0,0
-1799099,0,0
3280476,0,0
-4238325,0,0
951282,0,0
269292,0,0
-3641031,0,0
3321645,0,0
-2380288,0,0
-657127,0,0
3248249,0,0
-4018103,0,0
2597812,0,0
415839,0,0
-2697912,0,0
3497970,0,0
-2615465,0,0
612462,0,0
2059075,0,0
-3911231,0,0
3583203,0,0
-2173538,0,0
-1004539,0,0
2273032,0,0
-4300437,0,0
2123398,0,0
-907818,0,0
-2645253,0,0
3667883,0,0
-3662947,0,0
1292383,0,0
1483438,0,0
-3466579,0,0
3740081,0,0
-1775927,0,0
-363943,0,0
2779803,0,0
-3905669,0,0
2677907,0,0
71210,0,0
-3158182,0,0
3800533,0,0
-3159530,0,0
-646087,0,0
2199803,0,0
-4332704,0,0
1917982,0,0
-335022,0,0
-2761763,0,0
3715453,0,0
-3498493,0,0
1468960,0,0
1250297,0,0
-2954998,0,0
3612760,0,0
-2524686,0,0
606969,0,0
2044084,0,0
-3915179,0,0
3575971,0,0
-1771839,0,0
-983239,0,0
2654897,0,0
-4407436,0,0
1681869,0,0
-496007,0,0
-3232567,0,0
3623169,0,0
-3003935,0,0
-170278,0,0
2993293,0,0
-4149011,0,0
2943567,0,0
6360,0,0
-2346030,0,0
3455944,0,0
-2986878,0,0
1164545,0,0
1689710,0,0
-3701121,0,0
3710413,0,0
-2560559,0,0
-505889,0,0
1704658,0,0
-4173473,0,0
2586047,0,0
-1548993,0,0
-2020160,0,0
3474074,0,0
-4033831,0,0
1718992,0,0
1160093,0,0
-3308574,0,0
3737315,0,0
-1967181,0,0
-144394,0,0
2629901,0,0
-3999377,0,0
2892562,0,0
-201404,0,0
-2879373,0,0
3766511,0,0
-3379875,0,0
-479708,0,0
1954201,0,0
-4253981,0,0
2192500,0,0
-640195,0,0
-2306920,0,0
3559235,0,0
-3819834,0,0
2005567,0,0
740392,0,0
-2492082,0,0
3464349,0,0
-2887891,0,0
1076253,0,0
1626194,0,0
-3721879,0,0
3712080,0,0
-2146187,0,0
-692807,0,0
2445270,0,0
-4401171,0,0
1877352,0,0
-743811,0,0
-3058237,0,0
3659670,0,0
-3247952,0,0
183930,0,0
2574724,0,0
-4133548,0,0
3332073,0,0
-537942,0,0
-1795088,0,0
3273590,0,0
-3325029,0,0
1590190,0,0
1251626,0,0
-3328122,0,0
3771350,0,0
-3095381,0,0
140247,0,0
1014989,0,0
-3938304,0,0
3012388,0,0
-2162580,0,0
-1311392,0,0
3005980,0,0
-4312116,0,0
2469898,0,0
138203,0,0
-2221708,0,0
3569265,0,0
-2789810,0,0
812401,0,0
2125327,0,0
-4006152,0,0
3277607,0,0
-920875,0,0
-2111058,0,0
3516862,0,0
-3983230,0,0
381564,0,0
1136714,0,0
-4034007,0,0
2777176,0,0
-1559284,0,0
-1619398,0,0
3229823,0,0
-4126468,0,0
2651563,0,0
-755,0,0
-1779534,0,0
3243205,0,0
-3350610,0,0
1809997,0,0
895248,0,0
-3119811,0,0
3815477,0,0
-2640506,0,0
-103096,0,0
1930769,0,0
-4318748,0,0
2363126,0,0
-1347752,0,0
-2506041,0,0
3674642,0,0
-3707581,0,0
855818,0,0
2019819,0,0
-3849717,0,0
3656431,0,0
-1132891,0,0
-1273317,0,0
3089995,0,0
-3578632,0,0
2121792,0,0
582495,0,0
-2669254,0,0
3679342,0,0
-3546277,0,0
745034,0,0
392928,0,0
-3647073,0,0
3375789,0,0
-2763990,0,0
-699822,0,0
2553964,0,0
-4321958,0,0
2910591,0,0
-265224,0,0
-1782572,0,0
3408459,0,0
-3067786,0,0
1369634,0,0
1497482,0,0
-3766693,0,0
3644456,0,0
-1532935,0,0
-1568592,0,0
3260097,0,0
-4228370,0,0
873981,0,0
659011,0,0
-3867470,0,0
3043264,0,0
-1889941,0,0
-1240640,0,0
2997520,0,0
-4183490,0,0
2926284,0,0
-340228,0,0
-1514022,0,0
3121969,0,0
-3579654,0,0
2165343,0,0
639187,0,0
-2829199,0,0
3798710,0,0
-3065095,0,0
328950,0,0
1447050,0,0
-4204908,0,0
2728672,0,0
-1749572,0,0
-2162739,0,0
3505492,0,0
-4019638,0,0
1263420,0,0
1661124,0,0
-3586272,0,0
3754272,0,0
-1483551,0,0
-849928,0,0
2879245,0,0
-3773875,0,0
2535396,0,0
54865,0,0
-2168334,0,0
3507921,0,0
-3895666,0,0
1043366,0,0
34377,0,0
-3404911,0,0
3508113,0,0
-3077294,0,0
-320928,0,0
2267979,0,0
-4232943,0,0
3188525,0,0
-674890,0,0
-1506532,0,0
3319318,0,0
-3261395,0,0
1585851,0,0
1316229,0,0
-3628928,0,0
3708025,0,0
-1769510,0,0
-1323305,0,0
3084998,0,0
-4333171,0,0
1180318,0,0
287378,0,0
-3720775,0,0
3199151,0,0
-2158848,0,0
-829540,0,0
2717513,0,0
-4177512,0,0
3175331,0,0
-657153,0,0
-1180088,0,0
2973599,0,0
-3683057,0,0
2440127,0,0
317179,0,0
-2575538,0,0
3731485,0,0
-3458669,0,0
954448,0,0
751489,0,0
-3932935,0,0
3230524,0,0
-2546255,0,0
-1374528,0,0
3058435,0,0
-4310497,0,0
2169840,0,0
802342,0,0
-2909567,0,0
3717685,0,0
-2135354,0,0
-139755,0,0
2463946,0,0
-3946658,0,0
3109104,0,0
-421809,0,0
-1742007,0,0
3307779,0,0
-4134624,0,0
1584191,0,0
-325947,0,0
-3255482,0,0
3606017,0,0
-3362864,0,0
-108637,0,0
1959223,0,0
-4165091,0,0
3314856,0,0
-936608,0,0
-1152185,0,0
3203153,0,0
-3495311,0,0
1933363,0,0
989880,0,0
-3301770,0,0
3799550,0,0
-2235243,0,0
-850602,0,0
2711538,0,0
-4413935,0,0
1683892,0,0
-243481,0,0
-3429288,0,0
3500877,0,0
-2728752,0,0
-486958,0,0
2482946,0,0
-4089323,0,0
3380363,0,0
-1062114,0,0
-836356,0,0
2844410,0,0
-3769812,0,0
2633888,0,0
-60448,0,0
-2160317,0,0
3684464,0,0
-3563330,0,0
948449,0,0
801420,0,0
-3977780,0,0
3128512,0,0
-2400747,0,0
-1463898,0,0
3069712,0,0
-4310359,0,0
1983841,0,0
873453,0,0
-2932369,0,0
3743859,0,0
-2307476,0,0
145476,0,0
2506216,0,0
-3878924,0,0
2792337,0,0
-392824,0,0
-1875607,0,0
3376455,0,0
-4073770,0,0
1435788,0,0
-262027,0,0
-3228131,0,0
3597664,0,0
-3379616,0,0
-141933,0,0
1964021,0,0
-4143482,0,0
3350199,0,0
-924376,0,0
-1214913,0,0
3187073,0,0
-3490532,0,0
1977445,0,0
821926,0,0
-3194596,0,0
3809110,0,0
-2233404,0,0
-892847,0,0
2816429,0,0
-4401956,0,0
1481074,0,0
-111257,0,0
-3415147,0,0
3517727,0,0
-2748775,0,0
-434606,0,0
2374528,0,0
-4051599,0,0
3423266,0,0
-1083582,0,0
-773890,0,0
2762070,0,0
-3838615,0,0
2755718,0,0
-135213,0,0
-2006236,0,0
3592521,0,0
-3801468,0,0
1379519,0,0
357783,0,0
-3725229,0,0
3452013,0,0
-2920246,0,0
-1017633,0,0
2792485,0,0
-4356960,0,0
2260363,0,0
680822,0,0
-2646298,0,0
3675423,0,0
-2433363,0,0
249055,0,0
2133280,0,0
-3899006,0,0
3322395,0,0
-1001238,0,0
-1072702,0,0
2962454,0,0
-4325836,0,0
2076401,0,0
-951411,0,0
-2719428,0,0
3566032,0,0
-3873227,0,0
652460,0,0
1056079,0,0
-3619825,0,0
3749422,0,0
-1759802,0,0
-359223,0,0
2797235,0,0
-3852084,0,0
2686216,0,0
117621,0,0
-2490166,0,0
3756984,0,0
-2825872,0,0
-106157,0,0
2168155,0,0
-4388677,0,0
2144566,0,0
-907216,0,0
-2897726,0,0
3684537,0,0
-3423961,0,0
247452,0,0
1729039,0,0
-3678264,0,0
3711528,0,0
-1816732,0,0
-42594,0,0
2352576,0,0
-3914695,0,0
3280887,0,0
-782748,0,0
-1447312,0,0
3391795,0,0
-4065601,0,0
1819326,0,0
-142995,0,0
-3452328,0,0
3593615,0,0
-3355850,0,0
-468035,0,0
2365838,0,0
-4298468,0,0
2780254,0,0
-24727,0,0
-2145976,0,0
3609587,0,0
-2833414,0,0
865622,0,0
1772464,0,0
-3823970,0,0
3532482,0,0
-1401844,0,0
-845955,0,0
2775800,0,0
-4365652,0,0
2243728,0,0
-1113003,0,0
-2481818,0,0
3503015,0,0
-4078483,0,0
856358,0,0
972722,0,0
-3446371,0,0
3798617,0,0
-2054050,0,0
-67967,0,0
2677919,0,0
-3958110,0,0
2940058,0,0
-121484,0,0
-2178672,0,0
3678184,0,0
-3175284,0,0
238048,0,0
1670347,0,0
-4271589,0,0
2561639,0,0
-1288220,0,0
-2627650,0,0
3645063,0,0
-3724891,0,0
607479,0,0
1318134,0,0
-3364871,0,0
3775187,0,0
-2224315,0,0
402276,0,0
1983902,0,0
-3838647,0,0
3570182,0,0
-1264342,0,0
-916145,0,0
3112355,0,0
-4269051,0,0
2305807,0,0
-686559,0,0
-3085705,0,0
3635809,0,0
-3760711,0,0
82592,0,0
1650074,0,0
-4075585,0,0
3229965,0,0
-695134,0,0
-1415369,0,0
3361152,0,0
-3335683,0,0
1533566,0,0
1202582,0,0
-3362912,0,0
3756498,0,0
-2111738,0,0
-111367,0,0
2047422,0,0
-4237825,0,0
2992065,0,0
-2096582,0,0
-1580928,0,0
2921417,0,0
-4360553,0,0
1809197,0,0
-6909,0,0
-2637882,0,0
3769691,0,0
-2797945,0,0
766838,0,0
2147188,0,0
-3925837,0,0
3387933,0,0
-886791,0,0
-1488152,0,0
3469334,0,0
-3680784,0,0
945662,0,0
983720,0,0
-4052836,0,0
3086228,0,0
-2032230,0,0
-1936083,0,0
3401927,0,0
-4133267,0,0
1334045,0,0
670202,0,0
-2862279,0,0
3758156,0,0
-2621154,0,0
805716,0,0
1677293,0,0
-3614783,0,0
3707222,0,0
-1818755,0,0
-351007,0,0
2732435,0,0
-4351538,0,0
2626882,0,0
-1073120,0,0
-2713151,0,0
3541934,0,0
-4054674,0,0
458551,0,0
1258883,0,0
-3868857,0,0
3471580,0,0
-1115667,0,0
-897259,0,0
3115456,0,0
-3605713,0,0
1985956,0,0
724472,0,0
-2953263,0,0
3746572,0,0
-2557479,0,0
486576,0,0
1462677,0,0
-4028114,0,0
3321260,0,0
-2593660,0,0
-1169278,0,0
2619376,0,0
-4344230,0,0
2076407,0,0
-299696,0,0
-2422617,0,0
3715063,0,0
-3087199,0,0
1061306,0,0
1944746,0,0
-3851756,0,0
3568985,0,0
-1158810,0,0
-1241706,0,0
3351206,0,0
-3864124,0,0
1128046,0,0
781920,0,0
-3988389,0,0
3087408,0,0
-2138553,0,0
-1783091,0,0
3335156,0,0
-4172705,0,0
1461198,0,0
499338,0,0
-2740119,0,0
3738702,0,0
-2749650,0,0
979901,0,0
1558172,0,0
-3587668,0,0
3688264,0,0
-1860661,0,0
-294478,0,0
2517614,0,0
-4307601,0,0
2848796,0,0
-1371953,0,0
-2438721,0,0
3395246,0,0
-4182440,0,0
818550,0,0
881097,0,0
-3670130,0,0
3622255,0,0
-1433063,0,0
-724272,0,0
3073739,0,0
-3702993,0,0
2121209,0,0
547257,0,0
-2828358,0,0
3757270,0,0
-2591414,0,0
485202,0,0
1491656,0,0
-4055694,0,0
3270160,0,0
-2466120,0,0
-1293129,0,0
2733487,0,0
-4335645,0,0
1991086,0,0
-321441,0,0
-2269566,0,0
3684464,0,0
-3191557,0,0
1160994,0,0
1782244,0,0
-3732316,0,0
3634869,0,0
-1449194,0,0
-917116,0,0
3238716,0,0
-4017481,0,0
1579063,0,0
407009,0,0
-3854334,0,0
3288050,0,0
-2494724,0,0
-1311430,0,0
3001263,0,0
-4322706,0,0
2006458,0,0
-77359,0,0
-2061977,0,0
3567092,0,0
-3245673,0,0
1681069,0,0
923812,0,0
-3144759,0,0
3730866,0,0
-2313365,0,0
259948,0,0
2023424,0,0
-4142939,0,0
3238894,0,0
-1901132,0,0
-1896596,0,0
3015294,0,0
-4337930,0,0
1427351,0,0
275059,0,0
-3234823,0,0
3783970,0,0
-2115826,0,0
1051,0,0
2730409,0,0
-3941175,0,0
2760378,0,0
-291870,0,0
-2013717,0,0
3565404,0,0
-3394877,0,0
1415274,0,0
406317,0,0
-3309583,0,0
3632271,0,0
-3730557,0,0
66485,0,0
1395161,0,0
-4047416,0,0
2919460,0,0
-1531728,0,0
-1192154,0,0
3322189,0,0
-3887794,0,0
2303156,0,0
757662,0,0
-2954003,0,0
3654673,0,0
-2326853,0,0
169537,0,0
2584992,0,0
-4340404,0,0
2461014,0,0
-623256,0,0
-3173392,0,0
3682228,0,0
-3468435,0,0
-408170,0,0
2169010,0,0
-4243770,0,0
2744271,0,0
-1105064,0,0
-1019135,0,0
3201056,0,0
-3838274,0,0
2704469,0,0
-211006,0,0
-2019662,0,0
3519409,0,0
-3173308,0,0
1278874,0,0
1138052,0,0
-3694215,0,0
3634872,0,0
-2718119,0,0
-1097009,0,0
2346361,0,0
-4302471,0,0
1899304,0,0
-269039,0,0
-2738821,0,0
3824453,0,0
-2679736,0,0
529424,0,0
2397716,0,0
-4038731,0,0
3208092,0,0
-708284,0,0
-1507306,0,0
3421842,0,0
-3607457,0,0
1820472,0,0
61094,0,0
-3066499,0,0
3642054,0,0
-3816613,0,0
248061,0,0
1131152,0,0
-3932262,0,0
3153739,0,0
-1830016,0,0
-915139,0,0
3196031,0,0
-4003815,0,0
2536230,0,0
555723,0,0
-2697123,0,0
3574446,0,0
-2624366,0,0
462822,0,0
2353859,0,0
-4344510,0,0
2788200,0,0
-860694,0,0
-3012292,0,0
3691759,0,0
-3689326,0,0
-183037,0,0
1934152,0,0
-4191020,0,0
2839879,0,0
-1212231,0,0
-965302,0,0
3158267,0,0
-3863941,0,0
2650681,0,0
-307846,0,0
-1939481,0,0
3506082,0,0
-3331470,0,0
1490616,0,0
886997,0,0
-3499869,0,0
3728430,0,0
-2957700,0,0
-902248,0,0
2121837,0,0
-4258042,0,0
2083772,0,0
-502863,0,0
-2512877,0,0
3808867,0,0
-2778525,0,0
716672,0,0
2197199,0,0
-3960627,0,0
3378591,0,0
-946411,0,0
-1328127,0,0
3305859,0,0
-3793083,0,0
2180485,0,0
-287348,0,0
-2837390,0,0
3518018,0,0
-4021380,0,0
599803,0,0
874908,0,0
-3837801,0,0
3264376,0,0
-2081677,0,0
-610180,0,0
3030137,0,0
-4085841,0,0
2804702,0,0
123558,0,0
-2288193,0,0
3543730,0,0
-2828653,0,0
845944,0,0
1883503,0,0
-4243868,0,0
3112536,0,0
-1580027,0,0
-2347218,0,0
3481843,0,0
-4108911,0,0
594545,0,0
1138365,0,0
-3871589,0,0
3395276,0,0
-2145315,0,0
551,0,0
2566555,0,0
-3952733,0,0
3442826,0,0
-1178532,0,0
-950375,0,0
3137860,0,0
-3893497,0,0
2311793,0,0
-30670,0,0
-2913021,0,0
3732180,0,0
-3572237,0,0
-199512,0,0
1460502,0,0
-4125454,0,0
2552945,0,0
-1136167,0,0
-2095089,0,0
3747325,0,0
-3218769,0,0
1235110,0,0
1823951,0,0
-3728624,0,0
3573121,0,0
-1610463,0,0
-656318,0,0
2966367,0,0
-4055830,0,0
2841391,0,0
-1038599,0,0
-1971831,0,0
3068271,0,0
-4324854,0,0
1338596,0,0
50214,0,0
-3321144,0,0
3672913,0,0
-2910325,0,0
210952,0,0
2420891,0,0
-4053276,0,0
3435380,0,0
-798243,0,0
-1398592,0,0
3316058,0,0
-3272376,0,0
1439038,0,0
1316858,0,0
-4001470,0,0
3460984,0,0
-2094442,0,0
-1793024,0,0
3185959,0,0
-4297434,0,0
1032511,0,0
739346,0,0
-3609206,0,0
3617225,0,0
-2483078,0,0
312558,0,0
2352319,0,0
-3838428,0,0
3548610,0,0
-1480087,0,0
-611357,0,0
2929865,0,0
-3983367,0,0
2700297,0,0
-330844,0,0
-2344184,0,0
3550003,0,0
-3954723,0,0
405175,0,0
770806,0,0
-3884067,0,0
2987545,0,0
-1726191,0,0
-1494700,0,0
3594478,0,0
-3631252,0,0
1867297,0,0
1305528,0,0
-3545871,0,0
3624187,0,0
-1889598,0,0
-321851,0,0
2826055,0,0
-4102853,0,0
2979549,0,0
-1125236,0,0
-1922511,0,0
3038552,0,0
-4336040,0,0
1336270,0,0
37956,0,0
-3325058,0,0
3663470,0,0
-2938198,0,0
299412,0,0
2400933,0,0
-4061634,0,0
3409951,0,0
-704981,0,0
-1469530,0,0
3140352,0,0
-3402658,0,0
1628890,0,0
1331825,0,0
-4004760,0,0
3473904,0,0
-2030534,0,0
-1793998,0,0
3142566,0,0
-4325243,0,0
1094234,0,0
588230,0,0
-3517758,0,0
3660874,0,0
-2629580,0,0
436743,0,0
2252716,0,0
-3798537,0,0
3568512,0,0
-1593145,0,0
-581929,0,0
2892275,0,0
-4017190,0,0
2872992,0,0
-683124,0,0
-2084446,0,0
3419134,0,0
-4118857,0,0
624799,0,0
575959,0,0
-3766367,0,0
3109317,0,0
-1877369,0,0
-1183781,0,0
3436493,0,0
-3883493,0,0
2192190,0,0
983647,0,0
-3227073,0,0
3642302,0,0
-2174988,0,0
-53816,0,0
2625235,0,0
-4117189,0,0
3160409,0,0
-1339687,0,0
-1720259,0,0
2901480,0,0
-4362300,0,0
1464013,0,0
-87778,0,0
-3225378,0,0
3705839,0,0
-3006942,0,0
454205,0,0
2292181,0,0
-4014160,0,0
3482967,0,0
-975100,0,0
-1199743,0,0
3180309,0,0
-3506896,0,0
1810003,0,0
1026079,0,0
-3852452,0,0
3597055,0,0
-2381008,0,0
-1551776,0,0
2992875,0,0
-4355762,0,0
1378790,0,0
285035,0,0
-3364792,0,0
3725578,0,0
-2802002,0,0
628203,0,0
2138246,0,0
-3779649,0,0
3585273,0,0
-1616408,0,0
-529721,0,0
2831680,0,0
-4027333,0,0
2832475,0,0
-690324,0,0
-2028340,0,0
3418232,0,0
-4131718,0,0
683967,0,0
562951,0,0
-3759727,0,0
3228641,0,0
-2077054,0,0
-978548,0,0
3408224,0,0
-3881445,0,0
2329322,0,0
723664,0,0
-2985666,0,0
3593355,0,0
-2304616,0,0
171106,0,0
2428460,0,0
-4052858,0,0
3351069,0,0
-1624343,0,0
-1552079,0,0
2810252,0,0
-4362355,0,0
1711571,0,0
-368964,0,0
-3068010,0,0
3749072,0,0
-3220032,0,0
736032,0,0
2106178,0,0
-3956904,0,0
3522876,0,0
-1143881,0,0
-919636,0,0
3026418,0,0
-3646098,0,0
2086832,0,0
831609,0,0
-3697808,0,0
3689977,0,0
-2571866,0,0
-1268257,0,0
2772097,0,0
-4391062,0,0
1426766,0,0
291371,0,0
-3266712,0,0
3729679,0,0
-2902456,0,0
812685,0,0
1963591,0,0
-3618383,0,0
3519899,0,0
-1893501,0,0
-289562,0,0
2612112,0,0
-4068275,0,0
3068886,0,0
-896978,0,0
-1724848,0,0
3295927,0,0
-4229377,0,0
952324,0,0
300244,0,0
-3657411,0,0
3388072,0,0
-2442824,0,0
-627650,0,0
3248815,0,0
-4043988,0,0
2577016,0,0
615613,0,0
-2877750,0,0
3522997,0,0
-2450297,0,0
316306,0,0
2278240,0,0
-4036958,0,0
3405865,0,0
-1885934,0,0
-1146414,0,0
2451180,0,0
-4355946,0,0
2027713,0,0
-710880,0,0
-2791250,0,0
3726175,0,0
-3520749,0,0
1145002,0,0
1673452,0,0
-3650818,0,0
3717441,0,0
-1510933,0,0
-682721,0,0
2887182,0,0
-3814320,0,0
2340581,0,0
538581,0,0
-3482138,0,0
3755359,0,0
-2843452,0,0
-1000617,0,0
2487868,0,0
-4376406,0,0
1737191,0,0
-44802,0,0
-3036041,0,0
3770360,0,0
-3111097,0,0
977069,0,0
1683801,0,0
-3448563,0,0
3653708,0,0
-2133839,0,0
106649,0,0
2535211,0,0
-4058076,0,0
3139691,0,0
-1240049,0,0
-1504537,0,0
3110464,0,0
-4348087,0,0
1318429,0,0
-80105,0,0
-3503985,0,0
3531457,0,0
-2671090,0,0
-418229,0,0
3157429,0,0
-4092383,0,0
2685880,0,0
394870,0,0
-2749047,0,0
3555226,0,0
-2665432,0,0
605605,0,0
2261002,0,0
-4030306,0,0
3436854,0,0
-1725275,0,0
-1333343,0,0
2566459,0,0
-4372109,0,0
1872610,0,0
-609374,0,0
-2677944,0,0
3703234,0,0
-3607481,0,0
1249882,0,0
1528396,0,0
-3552014,0,0
3726143,0,0
-1687597,0,0
-417922,0,0
2693069,0,0
-3938258,0,0
2720570,0,0
19864,0,0
-3080331,0,0
3761256,0,0
-3395426,0,0
-321386,0,0
1771579,0,0
-4244906,0,0
2227248,0,0
-701253,0,0
-2336750,0,0
3565412,0,0
-3753065,0,0
1850604,0,0
875811,0,0
-2647063,0,0
3442345,0,0
-2816188,0,0
874812,0,0
1793787,0,0
-3764824,0,0
3688242,0,0
-2110333,0,0
-530481,0,0
2292616,0,0
-4392067,0,0
2116264,0,0
-1021239,0,0
-2785300,0,0
3708170,0,0
-3552088,0,0
684868,0,0
2330288,0,0
-4045449,0,0
3484282,0,0
-718290,0,0
-1662568,0,0
3195535,0,0
-3321375,0,0
1578594,0,0
1284355,0,0
-3478785,0,0
3752824,0,0
-2817904,0,0
-205139,0,0
1449693,0,0
-4114320,0,0
2726197,0,0
-1698119,0,0
-1650075,0,0
3236162,0,0
-4230983,0,0
2295117,0,0
517320,0,0
-2682580,0,0
3643836,0,0
-2409755,0,0
415144,0,0
2217084,0,0
-3995230,0,0
3197250,0,0
-530440,0,0
-2601937,0,0
3695892,0,0
-3649117,0,0
126683,0,0
1383297,0,0
-4163963,0,0
2679927,0,0
-1342523,0,0
-1866220,0,0
3444782,0,0
-3908820,0,0
2084336,0,0
744514,0,0
-2589917,0,0
3447731,0,0
-2791899,0,0
919673,0,0
1755722,0,0
-3815950,0,0
3669263,0,0
-2225721,0,0
-534490,0,0
2281665,0,0
-4387462,0,0
2102977,0,0
-953807,0,0
-2794783,0,0
3708180,0,0
-3562551,0,0
606203,0,0
2246287,0,0
-3993379,0,0
3530768,0,0
-895014,0,0
-1420326,0,0
3147762,0,0
-3491266,0,0
1972599,0,0
874164,0,0
-3042990,0,0
3763666,0,0
-3238831,0,0
233600,0,0
929726,0,0
-3908458,0,0
3038313,0,0
-2110286,0,0
-1295832,0,0
3058862,0,0
-4301316,0,0
2508715,0,0
276150,0,0
-2432023,0,0
3589612,0,0
-2694128,0,0
723018,0,0
2063521,0,0
-3997671,0,0
3427991,0,0
-1051865,0,0
-2017617,0,0
3452846,0,0
-4067906,0,0
558429,0,0
890467,0,0
-3967348,0,0
2958849,0,0
-1628541,0,0
-1633388,0,0
3299151,0,0
-4048489,0,0
2480017,0,0
253460,0,0
-2209086,0,0
3359196,0,0
-3109753,0,0
1378790,0,0
1340368,0,0
-3418832,0,0
3783580,0,0
-2621323,0,0
-234673,0,0
1874046,0,0
-4288724,0,0
2499649,0,0
-1505624,0,0
-2291792,0,0
3568664,0,0
-3936711,0,0
1174799,0,0
1812890,0,0
-3714249,0,0
3710854,0,0
-1365444,0,0
-899308,0,0
2864744,0,0
-3694985,0,0
2293850,0,0
357588,0,0
-2525224,0,0
3676335,0,0
-3536136,0,0
673796,0,0
575239,0,0
-3773036,0,0
3267905,0,0
-2518200,0,0
-933275,0,0
2714447,0,0
-4326564,0,0
2926446,0,0
-314461,0,0
-1796686,0,0
3369542,0,0
-3135685,0,0
1408035,0,0
1437308,0,0
-3716122,0,0
3699500,0,0
-1526595,0,0
-1535883,0,0
3221880,0,0
-4256971,0,0
1014552,0,0
389876,0,0
-3739045,0,0
3268649,0,0
-2250520,0,0
-908274,0,0
2814013,0,0
-4169630,0,0
3126061,0,0
-589505,0,0
-1328487,0,0
2985028,0,0
-3584685,0,0
2101354,0,0
676602,0,0
-2804293,0,0
3785354,0,0
-3193774,0,0
490947,0,0
1216443,0,0
-4111871,0,0
2912564,0,0
-2109850,0,0
-1733724,0,0
3297542,0,0
-4198894,0,0
1630907,0,0
1338359,0,0
-3460464,0,0
3767531,0,0
-1675821,0,0
-663193,0,0
2831178,0,0
-3846313,0,0
2518846,0,0
84630,0,0
-2269783,0,0
3588513,0,0
-3773712,0,0
862744,0,0
250068,0,0
-3584710,0,0
3380692,0,0
-2743212,0,0
-694438,0,0
2617645,0,0
-4303918,0,0
3034862,0,0
-430106,0,0
-1746546,0,0
3402676,0,0
-3189242,0,0
1498581,0,0
1411653,0,0
-3652852,0,0
3726653,0,0
-1670382,0,0
-1394962,0,0
3161587,0,0
-4291361,0,0
1097603,0,0
259583,0,0
-3661553,0,0
3300006,0,0
-2340938,0,0
-845978,0,0
2803311,0,0
-4172159,0,0
3105190,0,0
-623480,0,0
-1288766,0,0
2983316,0,0
-3480600,0,0
1977130,0,0
591408,0,0
-2774087,0,0
3771759,0,0
-3247693,0,0
569593,0,0
1193875,0,0
-4081855,0,0
2995177,0,0
-2182422,0,0
-1606816,0,0
3222154,0,0
-4247783,0,0
1847414,0,0
1112980,0,0
-3161620,0,0
3763878,0,0
-1934727,0,0
-376045,0,0
2617326,0,0
-3917712,0,0
2763135,0,0
-87782,0,0
-2185915,0,0
3585688,0,0
-3790896,0,0
920308,0,0
231062,0,0
-3581784,0,0
3334534,0,0
-2721707,0,0
-627291,0,0
2488481,0,0
-4246453,0,0
3192417,0,0
-778540,0,0
-1401444,0,0
3265597,0,0
-3432407,0,0
1913447,0,0
967732,0,0
-3374018,0,0
3796783,0,0
-2084738,0,0
-1030673,0,0
2937315,0,0
-4374417,0,0
1477190,0,0
-146792,0,0
-3456718,0,0
3490030,0,0
-2721973,0,0
-379995,0,0
2459753,0,0
-4137133,0,0
3312255,0,0
-880863,0,0
-1093814,0,0
2966156,0,0
-3731085,0,0
2451312,0,0
439554,0,0
-2654265,0,0
3729187,0,0
-3472242,0,0
719021,0,0
956133,0,0
-3992725,0,0
3079624,0,0
-2283962,0,0
-1438862,0,0
3120334,0,0
-4293328,0,0
1980635,0,0
1017529,0,0
-2992094,0,0
3729227,0,0
-2071164,0,0
-310726,0,0
2530597,0,0
-3913118,0,0
2933381,0,0
-344661,0,0
-1897726,0,0
3486065,0,0
-3922593,0,0
1233333,0,0
-26043,0,0
-3473659,0,0
3437136,0,0
-2939841,0,0
-292200,0,0
2086530,0,0
-4112547,0,0
3436843,0,0
-1144445,0,0
-949729,0,0
3095859,0,0
-3597404,0,0
2153730,0,0
640410,0,0
-3007035,0,0
3798232,0,0
-2457209,0,0
-421686,0,0
2299849,0,0
-4404176,0,0
2080637,0,0
-708723,0,0
-3054082,0,0
3678088,0,0
-3313498,0,0
258159,0,0
1795054,0,0
-3777890,0,0
3668174,0,0
-1550382,0,0
-360297,0,0
2457714,0,0
-3859366,0,0
3038506,0,0
-512765,0,0
-1670044,0,0
3450245,0,0
-4005347,0,0
1725941,0,0
31664,0,0
-3538395,0,0
3572451,0,0
-3214714,0,0
-645601,0,0
2519524,0,0
-4349884,0,0
2536267,0,0
242398,0,0
-2354908,0,0
3632242,0,0
-2649142,0,0
560179,0,0
1970941,0,0
-3920509,0,0
3388689,0,0
-1194813,0,0
-1021923,0,0
2955100,0,0
-4332821,0,0
2194758,0,0
-986454,0,0
-2799644,0,0
3649231,0,0
-3768948,0,0
388160,0,0
1418818,0,0
-3692373,0,0
3736090,0,0
-1649677,0,0
-502894,0,0
2809517,0,0
-3816123,0,0
2753479,0,0
57435,0,0
-2432661,0,0
3716974,0,0
-2978554,0,0
110601,0,0
1860618,0,0
-4326466,0,0
2424627,0,0
-1199484,0,0
-2709174,0,0
3679062,0,0
-3549076,0,0
551145,0,0
1632670,0,0
-3656238,0,0
3711371,0,0
-1820483,0,0
-123562,0,0
2265918,0,0
-3885131,0,0
3295186,0,0
-829447,0,0
-1390614,0,0
3294006,0,0
-4180541,0,0
1991253,0,0
-317046,0,0
-3286037,0,0
3654251,0,0
-3548940,0,0
-245719,0,0
2086699,0,0
-4260134,0,0
2883724,0,0
-161664,0,0
-1963362,0,0
3548122,0,0
-2900780,0,0
849032,0,0
1819213,0,0
-3825069,0,0
3398730,0,0
-1309980,0,0
-792644,0,0
2848303,0,0
-4360805,0,0
2160235,0,0
-954257,0,0
-2720552,0,0
3625746,0,0
-3842089,0,0
664165,0,0
1199635,0,0
-3555688,0,0
3775924,0,0
-1990761,0,0
-174603,0,0
2683834,0,0
-3918840,0,0
3008517,0,0
-331782,0,0
-2152203,0,0
3717655,0,0
-2985695,0,0
89342,0,0
1877238,0,0
-4347299,0,0
2369992,0,0
-1207448,0,0
-2583383,0,0
3655596,0,0
-3746465,0,0
679118,0,0
1374563,0,0
-3503136,0,0
3756685,0,0
-1931951,0,0
11765,0,0
2151667,0,0
-3917328,0,0
3299266,0,0
-994497,0,0
-1098856,0,0
3169632,0,0
-4231130,0,0
2240649,0,0
-464631,0,0
-3198908,0,0
3639195,0,0
-3730068,0,0
21605,0,0
1851904,0,0
-4159645,0,0
3100397,0,0
-440527,0,0
-1610635,0,0
3404854,0,0
-3171703,0,0
1446948,0,0
918765,0,0
-3188784,0,0
3782599,0,0
-2266108,0,0
49666,0,0
2044575,0,0
-4270098,0,0
2892942,0,0
-1845269,0,0
-1961873,0,0
3216681,0,0
-4290930,0,0
1456229,0,0
448240,0,0
-2945269,0,0
3796592,0,0
-2558882,0,0
394852,0,0
2357742,0,0
-3952712,0,0
3331203,0,0
-697438,0,0
-1768605,0,0
3565489,0,0
-3480081,0,0
576805,0,0
1342403,0,0
-4189338,0,0
2739016,0,0
-1699649,0,0
-2104712,0,0
3488558,0,0
-4048886,0,0
1239076,0,0
893550,0,0
-3076784,0,0
3770415,0,0
-2457678,0,0
575155,0,0
1838233,0,0
-3777100,0,0
3561066,0,0
-1395996,0,0
-746805,0,0
2877279,0,0
-4315717,0,0
2588613,0,0
-952151,0,0
-2733649,0,0
3543957,0,0
-4055261,0,0
594093,0,0
1183895,0,0
-3873690,0,0
3480365,0,0
-1237493,0,0
-871256,0,0
3167221,0,0
-3598898,0,0
2088882,0,0
476989,0,0
-2857374,0,0
3707863,0,0
-2737276,0,0
684709,0,0
1296368,0,0
-3959012,0,0
3388920,0,0
-2689871,0,0
-1011273,0,0
2429906,0,0
-4331193,0,0
2203796,0,0
-425039,0,0
-2098769,0,0
3636815,0,0
-3270401,0,0
1295212,0,0
1707629,0,0
-3726943,0,0
3658371,0,0
-1405325,0,0
-927843,0,0
3245878,0,0
-3969321,0,0
1459654,0,0
346692,0,0
-3773165,0,0
3405112,0,0
-2615439,0,0
-1293962,0,0
2914581,0,0
-4346661,0,0
2105160,0,0
-231390,0,0
-1933841,0,0
3542146,0,0
-3358188,0,0
1818314,0,0
747409,0,0
-2993819,0,0
3750350,0,0
-2471700,0,0
425362,0,0
1869430,0,0
-4087001,0,0
3314833,0,0
-2016479,0,0
-1820811,0,0
2996572,0,0
-4361738,0,0
1311304,0,0
404783,0,0
-3408563,0,0
3743418,0,0
-1931531,0,0
-193756,0,0
2853839,0,0
-3927771,0,0
2671331,0,0
-132096,0,0
-2168429,0,0
3639696,0,0
-2951385,0,0
948471,0,0
847569,0,0
-3764564,0,0
3529825,0,0
-3078217,0,0
-640809,0,0
2128576,0,0
-4232437,0,0
2488739,0,0
-998978,0,0
-1783642,0,0
3545608,0,0
-3563120,0,0
1729456,0,0
1368304,0,0
-3430293,0,0
3650626,0,0
-1892875,0,0
-479756,0,0
3017082,0,0
-4148714,0,0
1940914,0,0
35247,0,0
-3591096,0,0
3573995,0,0
-2929049,0,0
-1034021,0,0
2819769,0,0
-4338467,0,0
2326706,0,0
-371670,0,0
-1771837,0,0
3472364,0,0
-3451853,0,0
1985122,0,0
552941,0,0
-2762970,0,0
3665533,0,0
-2655972,0,0
669616,0,0
1677175,0,0
-3950636,0,0
3465140,0,0
-2253371,0,0
-1498581,0,0
2699856,0,0
-4365863,0,0
1689846,0,0
-68104,0,0
-2823651,0,0
3816743,0,0
-2541303,0,0
462367,0,0
2422115,0,0
-3990847,0,0
3121220,0,0
-676516,0,0
-1581538,0,0
3388678,0,0
-3665273,0,0
2004287,0,0
-100581,0,0
-2898859,0,0
3542116,0,0
-4002598,0,0
530438,0,0
878702,0,0
-3806777,0,0
3343163,0,0
-2121389,0,0
-713072,0,0
3047721,0,0
-4098481,0,0
2835639,0,0
219496,0,0
-2431312,0,0
3529626,0,0
-2683743,0,0
539570,0,0
2294988,0,0
-4344205,0,0
2813806,0,0
-1014919,0,0
-2853552,0,0
3661352,0,0
-3787321,0,0
-41061,0,0
1789386,0,0
-4159908,0,0
2952438,0,0
-1524861,0,0
-738306,0,0
3121324,0,0
-3889621,0,0
2761442,0,0
-379204,0,0
-1827585,0,0
3365886,0,0
-3400890,0,0
1625716,0,0
858154,0,0
-3417727,0,0
3745240,0,0
-3037920,0,0
-743868,0,0
1940578,0,0
-4224602,0,0
2298574,0,0
-764250,0,0
-2411134,0,0
3805318,0,0
-2823164,0,0
777532,0,0
2224016,0,0
-3964766,0,0
3250207,0,0
-1000358,0,0
-1318895,0,0
3368727,0,0
-3612312,0,0
1898605,0,0
110035,0,0
-3119701,0,0
3653809,0,0
-3792173,0,0
189257,0,0
1376100,0,0
-4019747,0,0
3042242,0,0
-1662750,0,0
-907513,0,0
3207988,0,0
-3950497,0,0
2413485,0,0
537943,0,0
-2702930,0,0
3632248,0,0
-2537852,0,0
390759,0,0
2388959,0,0
-4369327,0,0
2676614,0,0
-904538,0,0
-3016254,0,0
3684420,0,0
-3642285,0,0
-108767,0,0
1930840,0,0
-4196310,0,0
2964473,0,0
-1372404,0,0
-822674,0,0
3096425,0,0
-3904012,0,0
2820252,0,0
-329493,0,0
-1826910,0,0
3393952,0,0
-3408885,0,0
1620507,0,0
694760,0,0
-3339692,0,0
3757113,0,0
-3186442,0,0
-634272,0,0
1879208,0,0
-4211397,0,0
2288167,0,0
-745456,0,0
-2378685,0,0
3779650,0,0
-3012241,0,0
1016567,0,0
1964366,0,0
-3917926,0,0
3496174,0,0
-1222522,0,0
-1007355,0,0
3183519,0,0
-3935947,0,0
2394987,0,0
-656444,0,0
-2718436,0,0
3467493,0,0
-4102045,0,0
773932,0,0
712575,0,0
-3712768,0,0
3436328,0,0
-2344510,0,0
-320124,0,0
2858255,0,0
-4122718,0,0
2985442,0,0
-40868,0,0
-2086816,0,0
3453397,0,0
-2976963,0,0
893427,0,0
1845277,0,0
-4229480,0,0
3146644,0,0
-1538836,0,0
-2323004,0,0
3484204,0,0
-4116479,0,0
470553,0,0
1206443,0,0
-3880097,0,0
3374462,0,0
-2050782,0,0
-154099,0,0
2692616,0,0
-3977628,0,0
3329124,0,0
-1089043,0,0
-1112923,0,0
3211562,0,0
-3813549,0,0
2245169,0,0
41377,0,0
-2799850,0,0
3681961,0,0
-3704953,0,0
41796,0,0
1075843,0,0
-3981916,0,0
2874866,0,0
-1557978,0,0
-1491404,0,0
3611227,0,0
-3533185,0,0
1727974,0,0
1345175,0,0
-3511853,0,0
3628913,0,0
-1966983,0,0
-165652,0,0
2695845,0,0
-4103299,0,0
3194681,0,0
-1619046,0,0
-1521579,0,0
2724341,0,0
-4362272,0,0
1660296,0,0
-286161,0,0
-3171293,0,0
3715408,0,0
-3135803,0,0
410949,0,0
2328505,0,0
-4044962,0,0
3437099,0,0
-790985,0,0
-1422057,0,0
3271811,0,0
-3440914,0,0
1720594,0,0
1158736,0,0
-3896992,0,0
3558278,0,0
-2180642,0,0
-1756506,0,0
3171228,0,0
-4308306,0,0
1026329,0,0
728353,0,0
-3527415,0,0
3665919,0,0
-2595073,0,0
424482,0,0
2260629,0,0
-3797119,0,0
3577159,0,0
-1583029,0,0
-612475,0,0
2968107,0,0
-4016470,0,0
2707492,0,0
-384971,0,0
-2288844,0,0
3497787,0,0
-4030054,0,0
438761,0,0
866715,0,0
-3917259,0,0
2988218,0,0
-1640827,0,0
-1274712,0,0
3456512,0,0
-3835767,0,0
2188276,0,0
980964,0,0
-3243085,0,0
3630102,0,0
-2236894,0,0
133406,0,0
2448459,0,0
-4067763,0,0
3375268,0,0
-1741719,0,0
-1288998,0,0
2469699,0,0
-4354281,0,0
1944667,0,0
-706485,0,0
-2803706,0,0
3725490,0,0
-3521426,0,0
954704,0,0
1785708,0,0
-3752532,0,0
3682237,0,0
-1374661,0,0
-820206,0,0
2984994,0,0
-3741924,0,0
2075614,0,0
778138,0,0
-3574179,0,0
3740961,0,0
-2779492,0,0
-1064287,0,0
2655099,0,0
-4391050,0,0
1499049,0,0
173028,0,0
-3225178,0,0
3751074,0,0
-2972924,0,0
839669,0,0
1950240,0,0
-3651029,0,0
3589110,0,0
-1823483,0,0
-300669,0,0
2679849,0,0
-4050124,0,0
3116149,0,0
-901595,0,0
-1824790,0,0
3250038,0,0
-4257131,0,0
980461,0,0
190166,0,0
-3578302,0,0
3401772,0,0
-2478884,0,0
-679427,0,0
3238002,0,0
-4050582,0,0
2621075,0,0
602784,0,0
-3005137,0,0
3537822,0,0
-2453083,0,0
420976,0,0
2201962,0,0
-3990317,0,0
3507129,0,0
-1827310,0,0
-1195814,0,0
2363387,0,0
-4315327,0,0
2120564,0,0
-801574,0,0
-2703522,0,0
3705383,0,0
-3591099,0,0
1058271,0,0
1631265,0,0
-3625482,0,0
3735998,0,0
-1538734,0,0
-553631,0,0
2888097,0,0
-3804959,0,0
2290818,0,0
378995,0,0
-3453874,0,0
3765832,0,0
-3011730,0,0
-802730,0,0
2379768,0,0
-4350569,0,0
1863949,0,0
-370483,0,0
-2769256,0,0
3696306,0,0
-3558100,0,0
1521072,0,0
1393016,0,0
-3202780,0,0
3606253,0,0
-2537280,0,0
515002,0,0
2276833,0,0
-4005735,0,0
3471607,0,0
-1453481,0,0
-1339186,0,0
2992312,0,0
-4366420,0,0
1321785,0,0
-126590,0,0
-3462454,0,0
3499270,0,0
-2641070,0,0
-487590,0,0
3119614,0,0
-4135242,0,0
2797132,0,0
250234,0,0
-2572893,0,0
3549449,0,0
-2867496,0,0
982736,0,0
1810078,0,0
-3798911,0,0
3656152,0,0
-2288134,0,0
-797184,0,0
1987784,0,0
-4259362,0,0
2347913,0,0
-1132634,0,0
-2354115,0,0
3603211,0,0
-3860410,0,0
1505045,0,0
1201975,0,0
-3236339,0,0
3752959,0,0
-1963138,0,0
-218062,0,0
2775897,0,0
-3981607,0,0
2737939,0,0
-67514,0,0
-3086233,0,0
3781686,0,0
-3313027,0,0
-538801,0,0
2106220,0,0
-4308160,0,0
1917859,0,0
-292419,0,0
-2698850,0,0
3675285,0,0
-3569710,0,0
1449340,0,0
1220249,0,0
-3079746,0,0
3696160,0,0
-2414703,0,0
395975,0,0
2279908,0,0
-4020807,0,0
3453637,0,0
-1533636,0,0
-1319409,0,0
2960325,0,0
-4381702,0,0
1441371,0,0
-196316,0,0
-3402025,0,0
3551622,0,0
-2760887,0,0
-192757,0,0
2981505,0,0
-4121447,0,0
3009925,0,0
20724,0,0
-2477262,0,0
3459392,0,0
-2993129,0,0
1232731,0,0
1681135,0,0
-3710625,0,0
3706548,0,0
-2538161,0,0
-630897,0,0
1832309,0,0
-4208538,0,0
2393722,0,0
-1205088,0,0
-2239334,0,0
3559824,0,0
-3934512,0,0
1462852,0,0
1283873,0,0
-3351963,0,0
3759375,0,0
-1935912,0,0
-92937,0,0
2575203,0,0
-4024647,0,0
2938373,0,0
-200515,0,0
-2851346,0,0
3723965,0,0
-3496298,0,0
-167261,0,0
1482789,0,0
-4142925,0,0
2392040,0,0
-983226,0,0
-2092936,0,0
3537558,0,0
-3809616,0,0
1889794,0,0
780202,0,0
-2662963,0,0
3538234,0,0
-2781574,0,0
896666,0,0
1871626,0,0
-3782918,0,0
3683696,0,0
-2057555,0,0
-660088,0,0
2315253,0,0
-4374005,0,0
2052273,0,0
-877575,0,0
-2849858,0,0
3709756,0,0
-3499227,0,0
540942,0,0
2417774,0,0
-4087489,0,0
3406176,0,0
-644058,0,0
-1703994,0,0
3284332,0,0
-3231033,0,0
1618231,0,0
1217038,0,0
-3473058,0,0
3760479,0,0
-2918962,0,0
-232769,0,0
1538661,0,0
-4119859,0,0
2668733,0,0
-1579610,0,0
-1969958,0,0
3451149,0,0
-4057145,0,0
1821679,0,0
912204,0,0
-3095034,0,0
3752140,0,0
-2125114,0,0
73582,0,0
2491318,0,0
-4072300,0,0
3001979,0,0
-346010,0,0
-2615102,0,0
3607492,0,0
-3886860,0,0
309630,0,0
1197036,0,0
-4059907,0,0
2714473,0,0
-1481846,0,0
-1762519,0,0
3350512,0,0
-4045924,0,0
2329423,0,0
396118,0,0
-2205395,0,0
3366762,0,0
-3090659,0,0
1323929,0,0
1437793,0,0
-3593527,0,0
3762057,0,0
-2358296,0,0
-402448,0,0
2186755,0,0
-4364123,0,0
2144262,0,0
-1082719,0,0
-2663464,0,0
3685857,0,0
-3652029,0,0
728510,0,0
2130238,0,0
-3925098,0,0
3595369,0,0
-987504,0,0
-1434085,0,0
3166423,0,0
-3511876,0,0
1873086,0,0
841801,0,0
-3014783,0,0
3736286,0,0
-3364549,0,0
258019,0,0
887975,0,0
-3891940,0,0
2928407,0,0
-1952197,0,0
-1391571,0,0
3058333,0,0
-4288643,0,0
2577971,0,0
-79246,0,0
-2156244,0,0
3578746,0,0
-2908071,0,0
1113580,0,0
1804510,0,0
-3873470,0,0
3574920,0,0
-1261631,0,0
-1821739,0,0
3372964,0,0
-4144501,0,0
799500,0,0
684801,0,0
-3881111,0,0
3069294,0,0
-1930244,0,0
-1188440,0,0
2969145,0,0
-4187689,0,0
2918839,0,0
-264151,0,0
-1531950,0,0
3124434,0,0
-3515396,0,0
2067284,0,0
767984,0,0
-2991370,0,0
3809833,0,0
-3017630,0,0
209835,0,0
1473905,0,0
-4175322,0,0
2679271,0,0
-1794174,0,0
-2117277,0,0
3463136,0,0
-4057840,0,0
1385613,0,0
1586522,0,0
-3595509,0,0
3740043,0,0
-1609057,0,0
-737212,0,0
2868048,0,0
-3812675,0,0
2675284,0,0
-18898,0,0
-2229465,0,0
3517614,0,0
-3887989,0,0
1003232,0,0
229057,0,0
-3521773,0,0
3471427,0,0
-2945046,0,0
-653108,0,0
2505559,0,0
-4293634,0,0
3028314,0,0
-504914,0,0
-1595678,0,0
3387662,0,0
-3247181,0,0
1585234,0,0
1348755,0,0
-3594411,0,0
3742369,0,0
-1870832,0,0
-1335168,0,0
3037194,0,0
-4346153,0,0
1335334,0,0
89988,0,0
-3616974,0,0
3294775,0,0
-2382169,0,0
-750320,0,0
2697796,0,0
-4164926,0,0
3192371,0,0
-739128,0,0
-1129546,0,0
2977824,0,0
-3773359,0,0
2472499,0,0
352023,0,0
-2581205,0,0
3754262,0,0
-3383700,0,0
512189,0,0
1158758,0,0
-4081683,0,0
2894571,0,0
-2138415,0,0
-1720934,0,0
3274486,0,0
-4208585,0,0
1764454,0,0
1090777,0,0
-3169003,0,0
3778791,0,0
-1908865,0,0
-367573,0,0
2624152,0,0
-3853548,0,0
2804281,0,0
-184853,0,0
-2064749,0,0
3458428,0,0
-3976121,0,0
1236015,0,0
-34698,0,0
-3391468,0,0
3531990,0,0
-3022199,0,0
-304287,0,0
2192658,0,0
-4219320,0,0
3220110,0,0
-691003,0,0
-1405076,0,0
3301144,0,0
-3335043,0,0
1821976,0,0
973352,0,0
-3314386,0,0
3804286,0,0
-2064159,0,0
-983576,0,0
2832243,0,0
-4397772,0,0
1502755,0,0
-29379,0,0
-3515635,0,0
3455985,0,0
-2720897,0,0
-542046,0,0
2402745,0,0
-4091309,0,0
3349933,0,0
-873109,0,0
-1031390,0,0
2868411,0,0
-3762064,0,0
2564136,0,0
80779,0,0
-2318163,0,0
3700647,0,0
-3564030,0,0
806180,0,0
896736,0,0
-3956162,0,0
3155683,0,0
-2372104,0,0
-1602804,0,0
3224561,0,0
-4226604,0,0
1850861,0,0
1111601,0,0
-3153269,0,0
3776944,0,0
-2026570,0,0
-202951,0,0
2627042,0,0
-3967663,0,0
2859325,0,0
-191472,0,0
-1995010,0,0
3466375,0,0
-3962215,0,0
1110952,0,0
52341,0,0
-3448506,0,0
3440345,0,0
-2949557,0,0
-396106,0,0
2193098,0,0
-4199300,0,0
3283589,0,0
-824127,0,0
-1394998,0,0
3301663,0,0
-3405543,0,0
1844387,0,0
1100429,0,0
-3524029,0,0
3762751,0,0
-1994221,0,0
-1042539,0,0
2932342,0,0
-4373002,0,0
1322175,0,0
126010,0,0
-3603849,0,0
3311094,0,0
-2381308,0,0
-732109,0,0
2712091,0,0
-4198189,0,0
3077954,0,0
-580349,0,0
-1323301,0,0
3097946,0,0
-3607832,0,0
2185625,0,0
474058,0,0
-2687940,0,0
3759320,0,0
-3358065,0,0
673477,0,0
1016376,0,0
-4019470,0,0
3070395,0,0
-2294371,0,0
-1516372,0,0
3194541,0,0
-4248604,0,0
1834526,0,0
1229366,0,0
-3251099,0,0
3770384,0,0
-1921914,0,0
-379997,0,0
2688881,0,0
-3948581,0,0
2902798,0,0
-197145,0,0
-2059748,0,0
3478809,0,0
-3969743,0,0
1244592,0,0
-126177,0,0
-3330547,0,0
3563469,0,0
-3226686,0,0
-202357,0,0
2035068,0,0
-4108159,0,0
3410258,0,0
-1124708,0,0
-1052480,0,0
3191053,0,0
-3680506,0,0
2195104,0,0
720727,0,0
-2992249,0,0
3812423,0,0
-2537516,0,0
-647315,0,0
2569512,0,0
-4421742,0,0
1715953,0,0
-251037,0,0
-3402154,0,0
3500839,0,0
-2804315,0,0
-301798,0,0
2311392,0,0
-4069870,0,0
3398032,0,0
-1064817,0,0
-869906,0,0
2864461,0,0
-3785843,0,0
2478171,0,0
145522,0,0
-2300139,0,0
3651024,0,0
-3712350,0,0
1053734,0,0
622987,0,0
-3842412,0,0
3277123,0,0
-2773222,0,0
-901555,0,0
2691149,0,0
-4356722,0,0
2385223,0,0
573371,0,0
-2619446,0,0
3697155,0,0
-2411657,0,0
178679,0,0
2338625,0,0
-3911170,0,0
3194704,0,0
-746419,0,0
-1474876,0,0
3237642,0,0
-4192647,0,0
1652228,0,0
-508271,0,0
-3073300,0,0
3620548,0,0
-3472908,0,0
79281,0,0
1750458,0,0
-3981745,0,0
3554378,0,0
-1332618,0,0
-827296,0,0
3077690,0,0
-3735001,0,0
2482337,0,0
163861,0,0
-2456023,0,0
3740709,0,0
-3026885,0,0
136521,0,0
1793683,0,0
-4318283,0,0
2391881,0,0
-1088301,0,0
-2761519,0,0
3651585,0,0
-3676131,0,0
623019,0,0
1424878,0,0
-3502317,0,0
3767643,0,0
-1931941,0,0
82995,0,0
2232688,0,0
-3924234,0,0
3289306,0,0
-958229,0,0
-1145355,0,0
3249929,0,0
-4199845,0,0
2006004,0,0
-405606,0,0
-3247841,0,0
3626237,0,0
-3628602,0,0
-85159,0,0
1920119,0,0
-4219542,0,0
2920469,0,0
-167779,0,0
-1920882,0,0
3516150,0,0
-3137567,0,0
1136349,0,0
1696254,0,0
-3639059,0,0
3708740,0,0
-1758853,0,0
-407042,0,0
2286405,0,0
-4330884,0,0
2721803,0,0
-1679215,0,0
-2050993,0,0
3276702,0,0
-4227405,0,0
1298475,0,0
432678,0,0
-3159765,0,0
3819882,0,0
-2344957,0,0
235216,0,0
2470922,0,0
-3985793,0,0
3283390,0,0
-573032,0,0
-1842875,0,0
3612124,0,0
-3396146,0,0
475992,0,0
1403287,0,0
-4187704,0,0
2716731,0,0
-1563776,0,0
-2332503,0,0
3545840,0,0
-3929862,0,0
1087314,0,0
689928,0,0
-2902300,0,0
3781879,0,0
-2415520,0,0
532408,0,0
1848205,0,0
-3796019,0,0
3546848,0,0
-1439927,0,0
-719443,0,0
2960765,0,0
-4312701,0,0
2423366,0,0
-840578,0,0
-2928438,0,0
3597510,0,0
-3899631,0,0
377089,0,0
1440294,0,0
-3996425,0,0
3342049,0,0
-912112,0,0
-1322275,0,0
3376092,0,0
-3371055,0,0
1620323,0,0
1263895,0,0
-3447254,0,0
3689146,0,0
-2222028,0,0
81616,0,0
1887431,0,0
-4169602,0,0
3098943,0,0
-2292272,0,0
-1407635,0,0
2958143,0,0
-4331192,0,0
1744697,0,0
4726,0,0
-2634292,0,0
3774672,0,0
-2779880,0,0
742592,0,0
2161528,0,0
-3911193,0,0
3440948,0,0
-1036057,0,0
-1250554,0,0
3422430,0,0
-3776061,0,0
1060339,0,0
825571,0,0
-3992507,0,0
3123163,0,0
-2161643,0,0
-1663015,0,0
3215794,0,0
-4253173,0,0
1736832,0,0
153579,0,0
-2233142,0,0
3630522,0,0
-3053596,0,0
1487300,0,0
1207761,0,0
-3391551,0,0
3686319,0,0
-2054957,0,0
-184483,0,0
2524788,0,0
-4299121,0,0
2896718,0,0
-1173842,0,0
-2557164,0,0
3447672,0,0
-4164470,0,0
725521,0,0
1289632,0,0
-4008253,0,0
3308493,0,0
-731722,0,0
-1343638,0,0
3337293,0,0
-3341514,0,0
1618992,0,0
1033339,0,0
-3284807,0,0
3768518,0,0
-2273329,0,0
161846,0,0
1893625,0,0
-4178441,0,0
3101378,0,0
-2230311,0,0
-1487428,0,0
2909767,0,0
-4334132,0,0
1846365,0,0
-84274,0,0
-2529331,0,0
3741419,0,0
-2963792,0,0
894052,0,0
2064502,0,0
-3870893,0,0
3545918,0,0
-1149300,0,0
-1264382,0,0
3410528,0,0
-3721877,0,0
1188573,0,0
678366,0,0
-3924059,0,0
3273795,0,0
-2280424,0,0
-1622936,0,0
3110375,0,0
-4284160,0,0
1991552,0,0
-93112,0,0
-2151847,0,0
3624467,0,0
-3103886,0,0
1395014,0,0
1084073,0,0
-3179148,0,0
3745418,0,0
-2212000,0,0
125420,0,0
2245052,0,0
-4275744,0,0
2986604,0,0
-1604810,0,0
-2233207,0,0
3421548,0,0
-4175492,0,0
790402,0,0
930977,0,0
-3709476,0,0
3608801,0,0
-1352129,0,0
-666802,0,0
3013856,0,0
-3606922,0,0
2056710,0,0
554832,0,0
-2869256,0,0
3703518,0,0
-2632111,0,0
580028,0,0
1363258,0,0
-4044411,0,0
3253002,0,0
-2330989,0,0
-1221847,0,0
2609970,0,0
-4369331,0,0
2113709,0,0
-328696,0,0
-2150200,0,0
3649660,0,0
-3218366,0,0
1291594,0,0
1711181,0,0
-3616328,0,0
3660707,0,0
-1669033,0,0
-638478,0,0
3112660,0,0
-4107009,0,0
1836460,0,0
77187,0,0
-3588461,0,0
3561492,0,0
-2978000,0,0
-820532,0,0
2496626,0,0
-4332676,0,0
2520479,0,0
-758791,0,0
-1343925,0,0
3322815,0,0
-3714495,0,0
2459438,0,0
79615,0,0
-2268120,0,0
3545777,0,0
-3034055,0,0
1143961,0,0
1298726,0,0
-3755079,0,0
3635173,0,0
-2704950,0,0
-1143845,0,0
2354351,0,0
-4332184,0,0
1910572,0,0
-224267,0,0
-2776559,0,0
3824804,0,0
-2622524,0,0
538746,0,0
2425849,0,0
-3998791,0,0
3085634,0,0
-572407,0,0
-1705146,0,0
3419239,0,0
-3557802,0,0
1777785,0,0
234319,0,0
-3239670,0,0
3635144,0,0
-3762131,0,0
180621,0,0
1209137,0,0
-3937812,0,0
3169464,0,0
-1839407,0,0
-834995,0,0
3176170,0,0
-4011365,0,0
2517800,0,0
637053,0,0
-2820723,0,0
3629957,0,0
-2446790,0,0
190203,0,0
2569834,0,0
-4368404,0,0
2452074,0,0
-595883,0,0
-3219913,0,0
3673922,0,0
-3470992,0,0
-468349,0,0
2207776,0,0
-4256118,0,0
2765921,0,0
-1008923,0,0
-1195766,0,0
3248168,0,0
-3817455,0,0
2531355,0,0
89053,0,0
-2158084,0,0
3475478,0,0
-3081119,0,0
1199999,0,0
1172479,0,0
-3654888,0,0
3687562,0,0
-2785042,0,0
-964717,0,0
2255954,0,0
-4325574,0,0
2007817,0,0
-359205,0,0
-2625769,0,0
3822629,0,0
-2592784,0,0
515259,0,0
2368229,0,0
-4001935,0,0
3149416,0,0
-608655,0,0
-1593083,0,0
3410794,0,0
-3569278,0,0
1823229,0,0
139522,0,0
-3105931,0,0
3682769,0,0
-3760360,0,0
48301,0,0
1427103,0,0
-4047498,0,0
2977934,0,0
-1618532,0,0
-1049794,0,0
3311180,0,0
-3822991,0,0
2251356,0,0
619798,0,0
-2853456,0,0
3649015,0,0
-2362033,0,0
129196,0,0
2628711,0,0
-4334513,0,0
2551065,0,0
-710269,0,0
-3103431,0,0
3694939,0,0
-3540868,0,0
-337271,0,0
2098372,0,0
-4242086,0,0
2843317,0,0
-1211052,0,0
-875798,0,0
3108719,0,0
-3882806,0,0
2838656,0,0
-365326,0,0
-1825185,0,0
3343884,0,0
-3340411,0,0
1572916,0,0
766167,0,0
-3355685,0,0
3755856,0,0
-2999658,0,0
-750288,0,0
2020183,0,0
-4286616,0,0
2228832,0,0
-573630,0,0
-2309972,0,0
3778955,0,0
-2948709,0,0
963013,0,0
2039268,0,0
-3928494,0,0
3402006,0,0
-1108396,0,0
-1102443,0,0
3170226,0,0
-3972310,0,0
2410414,0,0
-282846,0,0
-2714111,0,0
3538198,0,0
-4029241,0,0
553799,0,0
819930,0,0
-3801323,0,0
3423894,0,0
-2181313,0,0
-421987,0,0
2970860,0,0
-4092213,0,0
2904219,0,0
196605,0,0
-2464481,0,0
3483585,0,0
-2684326,0,0
536081,0,0
2384710,0,0
-4345376,0,0
2798334,0,0
-1005334,0,0
-2847651,0,0
3658006,0,0
-3825645,0,0
149633,0,0
1660866,0,0
-4110054,0,0
3153374,0,0
-1526032,0,0
-737863,0,0
3053614,0,0
-3921722,0,0
2899706,0,0
-368499,0,0
-1853157,0,0
3352736,0,0
-3296984,0,0
1596913,0,0
748008,0,0
-3430136,0,0
3754198,0,0
-2960383,0,0
-680258,0,0
1888206,0,0
-4256203,0,0
2418405,0,0
-915778,0,0
-2130187,0,0
3741043,0,0
-3151127,0,0
1266698,0,0
1819437,0,0
-3827718,0,0
3464236,0,0
-1439648,0,0
-716909,0,0
3054728,0,0
-3982551,0,0
2596671,0,0
-656231,0,0
-2347270,0,0
3272165,0,0
-4260400,0,0
1079636,0,0
343690,0,0
-3596698,0,0
3513537,0,0
-2644262,0,0
-126317,0,0
2739290,0,0
-4175252,0,0
3048201,0,0
-251878,0,0
-1867421,0,0
3408018,0,0
-3062924,0,0
1062981,0,0
1977690,0,0
-4313048,0,0
3006057,0,0
-1256631,0,0
-2554079,0,0
3558494,0,0
-4025425,0,0
259537,0,0
1456283,0,0
-3976646,0,0
3313390,0,0
-1593242,0,0
-613533,0,0
2941738,0,0
-3904706,0,0
2917364,0,0
-620558,0,0
-1639598,0,0
3309733,0,0
-3484216,0,0
1828084,0,0
445949,0,0
-3094245,0,0
3748716,0,0
-3478627,0,0
-125446,0,0
1353249,0,0
-4108679,0,0
2720481,0,0
-1182700,0,0
-1898841,0,0
3695429,0,0
-3324515,0,0
1441672,0,0
1736494,0,0
-3655460,0,0
3445276,0,0
-2191664,0,0
114321,0,0
2653036,0,0
-4106535,0,0
3222754,0,0
-1622415,0,0
-1530146,0,0
2649621,0,0
-4360711,0,0
1852228,0,0
-667993,0,0
-2880541,0,0
3726837,0,0
-3494129,0,0
788131,0,0
2030303,0,0
-3879558,0,0
3605872,0,0
-1318055,0,0
-771767,0,0
2989699,0,0
-3643246,0,0
2058855,0,0
978467,0,0
-3866795,0,0
3579959,0,0
-2283476,0,0
-1433875,0,0
2946978,0,0
-4384480,0,0
1293068,0,0
352288,0,0
-3391953,0,0
3711982,0,0
-2778522,0,0
713866,0,0
2028332,0,0
-3668631,0,0
3635875,0,0
-1775724,0,0
-360440,0,0
2769124,0,0
-4020036,0,0
2921472,0,0
-346596,0,0
-2667347,0,0
3699348,0,0
-3677866,0,0
43114,0,0
1142454,0,0
-4012663,0,0
2946846,0,0
-1711428,0,0
-1269805,0,0
3495168,0,0
-3764301,0,0
2076230,0,0
1068382,0,0
-3321952,0,0
3606327,0,0
-2150032,0,0
19647,0,0
2598102,0,0
-4126369,0,0
3172235,0,0
-1449149,0,0
-1569708,0,0
2799992,0,0
-4386536,0,0
1577945,0,0
-128162,0,0
-3203174,0,0
3727939,0,0
-3144777,0,0
510262,0,0
2093873,0,0
-3964141,0,0
3569723,0,0
-968808,0,0
-1249012,0,0
3201628,0,0
-3517932,0,0
1751870,0,0
1119477,0,0
-3915716,0,0
3546268,0,0
-2247741,0,0
-1590214,0,0
3000367,0,0
-4372606,0,0
1132668,0,0
551006,0,0
-3428799,0,0
3711304,0,0
-2673818,0,0
597192,0,0
2074906,0,0
-3705000,0,0
3576868,0,0
-1863196,0,0
-271575,0,0
2745098,0,0
-4048256,0,0
3000646,0,0
-694687,0,0
-2060320,0,0
3461447,0,0
-4071882,0,0
573547,0,0
717405,0,0
-3855259,0,0
3159406,0,0
-1958269,0,0
-1133553,0,0
3453760,0,0
-3819580,0,0
2317250,0,0
638796,0,0
-2943472,0,0
3589124,0,0
-2456846,0,0
394740,0,0
2324156,0,0
-4079838,0,0
3395499,0,0
-1765686,0,0
-1168987,0,0
2400762,0,0
-4359054,0,0
1972991,0,0
-625877,0,0
-2809287,0,0
3715782,0,0
-3468093,0,0
891190,0,0
1916903,0,0
-3863338,0,0
3629697,0,0
-1215844,0,0
-984688,0,0
3026662,0,0
-3628041,0,0
1989009,0,0
913645,0,0
-3739002,0,0
3672391,0,0
-2514280,0,0
-1286110,0,0
2821122,0,0
-4394491,0,0
1425762,0,0
257028,0,0
-3197988,0,0
3765078,0,0
-2949447,0,0
766613,0,0
2046899,0,0
-3695751,0,0
3581335,0,0
-1754369,0,0
-432255,0,0
2727117,0,0
-4029863,0,0
3074243,0,0
-987720,0,0
-1714173,0,0
3213298,0,0
-4279938,0,0
1085510,0,0
150853,0,0
-3619502,0,0
3426664,0,0
-2427155,0,0
-641799,0,0
3232380,0,0
-4049378,0,0
2586790,0,0
573430,0,0
-2944876,0,0
3569102,0,0
-2500528,0,0
447268,0,0
2210588,0,0
-3994428,0,0
3515676,0,0
-1966202,0,0
-1088775,0,0
2264676,0,0
-4296983,0,0
2257423,0,0
-1100688,0,0
-2474870,0,0
3632500,0,0
-3798541,0,0
1349939,0,0
1386364,0,0
-3491821,0,0
3747816,0,0
-1606297,0,0
-485859,0,0
2698744,0,0
-3904729,0,0
2485147,0,0
289816,0,0
-3431318,0,0
3764666,0,0
-2914276,0,0
-890483,0,0
2390667,0,0
-4350414,0,0
1725692,0,0
-66160,0,0
-2899171,0,0
3745787,0,0
-3300712,0,0
1307921,0,0
1408811,0,0
-3240604,0,0
3569242,0,0
-2268835,0,0
212549,0,0
2330217,0,0
-4014782,0,0
3379489,0,0
-1350986,0,0
-1427821,0,0
3153268,0,0
-4314428,0,0
1295847,0,0
-83926,0,0
-3462282,0,0
3558700,0,0
-2714528,0,0
-232202,0,0
3035238,0,0
-4122333,0,0
2899223,0,0
206798,0,0
-2637225,0,0
3466115,0,0
-2653107,0,0
684341,0,0
2129809,0,0
-3985239,0,0
3489796,0,0
-1878556,0,0
-1062483,0,0
2331377,0,0
-4345273,0,0
2040451,0,0
-725916,0,0
-2684069,0,0
3707379,0,0
-3600105,0,0
1255449,0,0
1583847,0,0
-3569685,0,0
3720456,0,0
-1677242,0,0
-486951,0,0
2819440,0,0
-3857495,0,0
2396099,0,0
487623,0,0
-3456566,0,0
3758027,0,0
-2935500,0,0
-849020,0,0
2306206,0,0
-4340842,0,0
2014736,0,0
-507921,0,0
-2512624,0,0
3666580,0,0
-3529155,0,0
1544180,0,0
1277201,0,0
-3127978,0,0
3574478,0,0
-2517126,0,0
543744,0,0
2161603,0,0
-3944654,0,0
3545712,0,0
-1581704,0,0
-1164873,0,0
2859402,0,0
-4410444,0,0
1584215,0,0
-392328,0,0
-3249599,0,0
3650562,0,0
-3048423,0,0
-45782,0,0
2880609,0,0
-4158773,0,0
3112469,0,0
-176418,0,0
-2292525,0,0
3374030,0,0
-3054866,0,0
1199036,0,0
1540380,0,0
-3571622,0,0
3761218,0,0
-2639187,0,0
-449623,0,0
1648775,0,0
-4184189,0,0
2529424,0,0
-1345924,0,0
-2102679,0,0
3512400,0,0
-3980130,0,0
1814693,0,0
949470,0,0
-2989505,0,0
3679927,0,0
-2195466,0,0
62191,0,0
2484195,0,0
-4029869,0,0
3032043,0,0
-391020,0,0
-2712013,0,0
3713543,0,0
-3577166,0,0
-122269,0,0
1673567,0,0
-4227253,0,0
2355827,0,0
-809648,0,0
-2265397,0,0
3554292,0,0
-3736039,0,0
1858859,0,0
900435,0,0
-2661509,0,0
3418873,0,0
-2742819,0,0
828611,0,0
1779811,0,0
-3795286,0,0
3688184,0,0
-2078526,0,0
-604495,0,0
2348950,0,0
-4391275,0,0
2025602,0,0
-1009886,0,0
-2741039,0,0
3686511,0,0
-3563410,0,0
614343,0,0
2364684,0,0
-3992876,0,0
3551456,0,0
-1057506,0,0
-1271713,0,0
3064263,0,0
-3575252,0,0
2008400,0,0
723753,0,0
-2860459,0,0
3745050,0,0
-3319350,0,0
266994,0,0
973466,0,0
-3952420,0,0
2955490,0,0
-2000414,0,0
-1398595,0,0
3055325,0,0
-4303027,0,0
2522483,0,0
141356,0,0
-2361886,0,0
3622799,0,0
-2690871,0,0
761514,0,0
2044704,0,0
-3997819,0,0
3380892,0,0
-996646,0,0
-2090303,0,0
3511904,0,0
-3984298,0,0
395487,0,0
1123896,0,0
-4053158,0,0
2723960,0,0
-1416203,0,0
-1623320,0,0
3250548,0,0
-4099541,0,0
2502858,0,0
152570,0,0
-2024308,0,0
3317450,0,0
-3223776,0,0
1516274,0,0
1205408,0,0
-3415814,0,0
3805519,0,0
-2616955,0,0
-60390,0,0
1735687,0,0
-4262721,0,0
2538620,0,0
-1574728,0,0
-2292176,0,0
3586062,0,0
-3891028,0,0
1000397,0,0
1959514,0,0
-3850124,0,0
3646911,0,0
-1160827,0,0
-1239801,0,0
3059824,0,0
-3592419,0,0
2088268,0,0
685573,0,0
-2879100,0,0
3736718,0,0
-3411059,0,0
328147,0,0
805323,0,0
-3825868,0,0
3137895,0,0
-2319418,0,0
-1190264,0,0
2965512,0,0
-4311100,0,0
2633169,0,0
-59719,0,0
-2085780,0,0
3537568,0,0
-2946695,0,0
1074999,0,0
1910344,0,0
-3938592,0,0
3492902,0,0
-1291293,0,0
-1875466,0,0
3381215,0,0
-4135757,0,0
667605,0,0
848033,0,0
-3924144,0,0
2932205,0,0
-1785927,0,0
-1529581,0,0
3225901,0,0
-4113364,0,0
2497723,0,0
369671,0,0
-2351928,0,0
3380961,0,0
-3077651,0,0
1330940,0,0
1317463,0,0
-3424976,0,0
3796950,0,0
-2757430,0,0
-22888,0,0
1689298,0,0
-4237533,0,0
2486480,0,0
-1565980,0,0
-2168679,0,0
3531104,0,0
-3963510,0,0
1184888,0,0
1677368,0,0
-3649044,0,0
3728538,0,0
-1544183,0,0
-754302,0,0
2920885,0,0
-3815758,0,0
2499442,0,0
197426,0,0
-2481662,0,0
3609442,0,0
-3747981,0,0
805826,0,0
422250,0,0
-3680923,0,0
3279996,0,0
-2584908,0,0
-882449,0,0
2692698,0,0
-4321514,0,0
2853587,0,0
-199730,0,0
-1972478,0,0
3502621,0,0
-3055699,0,0
1285902,0,0
1524548,0,0
-3694393,0,0
3698886,0,0
-1780181,0,0
-1396140,0,0
3112404,0,0
-4306592,0,0
1101835,0,0
382875,0,0
-3695510,0,0
3221441,0,0
-2311234,0,0
-930744,0,0
2826557,0,0
-4193473,0,0
2980139,0,0
-460969,0,0
-1397530,0,0
3089383,0,0
-3627417,0,0
2232654,0,0
396059,0,0
-2554911,0,0
3766570,0,0
-3316948,0,0
552941,0,0
1225442,0,0
-4109402,0,0
2839972,0,0
-1972779,0,0
-1781811,0,0
3364677,0,0
-4133193,0,0
1535645,0,0
1368548,0,0
-3465588,0,0
3774255,0,0
-1641224,0,0
-709421,0,0
2897128,0,0
-3843326,0,0
2528288,0,0
367311,0,0
-2579611,0,0
3668770,0,0
-3616153,0,0
561713,0,0
647787,0,0
-3760686,0,0
3151419,0,0
-2442180,0,0
-891839,0,0
2742426,0,0
-4311220,0,0
2900867,0,0
-351058,0,0
-1802137,0,0
3460707,0,0
-3129799,0,0
1413555,0,0
1459798,0,0
-3717427,0,0
3699670,0,0
-1621262,0,0
-1409967,0,0
3066608,0,0
-4334478,0,0
1241279,0,0
176399,0,0
-3598532,0,0
3281546,0,0
-2325896,0,0
-650705,0,0
2548002,0,0
-4129361,0,0
3302479,0,0
-954898,0,0
-930525,0,0
2895456,0,0
-3883557,0,0
2730593,0,0
-54307,0,0
-2145882,0,0
3614448,0,0
-3773096,0,0
1073680,0,0
608525,0,0
-3865139,0,0
3236184,0,0
-2661242,0,0
-1141224,0,0
2942930,0,0
-4334170,0,0
2078478,0,0
765726,0,0
-2848949,0,0
3747022,0,0
-2205853,0,0
-55107,0,0
2409468,0,0
-3958289,0,0
3197404,0,0
-601658,0,0
-1638305,0,0
3264505,0,0
-4178206,0,0
1517884,0,0
-311118,0,0
-3148560,0,0
3598150,0,0
-3507947,0,0
82908,0,0
1671047,0,0
-3972899,0,0
3540545,0,0
-1338331,0,0
-850462,0,0
3060898,0,0
-3816474,0,0
2484351,0,0
567707,0,0
-2854833,0,0
3805154,0,0
-2581764,0,0
-378939,0,0
2170732,0,0
-4366757,0,0
2062102,0,0
-714485,0,0
-2989647,0,0
3652894,0,0
-3331916,0,0
125933,0,0
1831080,0,0
-3817779,0,0
3631441,0,0
-1465182,0,0
-479954,0,0
2620558,0,0
-3939587,0,0
3003887,0,0
-383035,0,0
-1844957,0,0
3555684,0,0
-3882352,0,0
1390559,0,0
377452,0,0
-3769648,0,0
3360776,0,0
-2850230,0,0
-962692,0,0
2697741,0,0
-4342204,0,0
2362944,0,0
444534,0,0
-2514526,0,0
3686540,0,0
-2601106,0,0
438837,0,0
2161920,0,0
-3914617,0,0
3412754,0,0
-1107702,0,0
-1161496,0,0
2893350,0,0
-4340378,0,0
2061736,0,0
-931891,0,0
-2765407,0,0
3600980,0,0
-3785133,0,0
482349,0,0
1293389,0,0
-3772081,0,0
3691762,0,0
-1737886,0,0
-429310,0,0
2895888,0,0
-3871616,0,0
2742600,0,0
206796,0,0
-2596346,0,0
3736159,0,0
-2881935,0,0
-74019,0,0
1947330,0,0
-4309122,0,0
2325536,0,0
-1045937,0,0
-2749662,0,0
3643992,0,0
-3582765,0,0
636942,0,0
1245925,0,0
-3323387,0,0
3786718,0,0
-2237271,0,0
433274,0,0
2107413,0,0
-3886605,0,0
3404883,0,0
-1225870,0,0
-929398,0,0
3120796,0,0
-4266377,0,0
2258108,0,0
-605304,0,0
-3160005,0,0
3638391,0,0
-3656517,0,0
-107662,0,0
1880385,0,0
-4168967,0,0
3004517,0,0
-370431,0,0
-1723670,0,0
3457574,0,0
-3191987,0,0
1301577,0,0
1493318,0,0
-3587474,0,0
3709853,0,0
-1980744,0,0
-218122,0,0
2185711,0,0
-4303961,0,0
2727417,0,0
-1713774,0,0
-1961378,0,0
3212108,0,0
-4254692,0,0
1232731,0,0
551774,0,0
-3308261,0,0
3808921,0,0
-2265393,0,0
119535,0,0
2630363,0,0
-3959261,0,0
3063352,0,0
-336077,0,0
-1960829,0,0
3628350,0,0
-3318774,0,0
479824,0,0
1505665,0,0
-4219681,0,0
2610625,0,0
-1341345,0,0
-2476885,0,0
3594703,0,0
-3842103,0,0
851137,0,0
1149265,0,0
-3253875,0,0
3789100,0,0
-2294504,0,0
512180,0,0
1966727,0,0
-3816267,0,0
3519449,0,0
-1262952,0,0
-965890,0,0
3092874,0,0
-4272277,0,0
2259347,0,0
-660134,0,0
-3079887,0,0
3629749,0,0
-3723792,0,0
10846,0,0
1871744,0,0
-4142992,0,0
3092567,0,0
-435019,0,0
-1651140,0,0
3428069,0,0
-3087658,0,0
1141478,0,0
1454305,0,0
-3592368,0,0
3692377,0,0
-1834231,0,0
-384473,0,0
2423580,0,0
-4342009,0,0
2598552,0,0
-1535243,0,0
-2174977,0,0
3388835,0,0
-4156299,0,0
1156234,0,0
660859,0,0
-3199334,0,0
3819895,0,0
-2397677,0,0
243880,0,0
2518919,0,0
-4003684,0,0
3170848,0,0
-453610,0,0
-1908839,0,0
3606812,0,0
-3459780,0,0
528178,0,0
1318112,0,0
-4151428,0,0
2782954,0,0
-1672624,0,0
-2181656,0,0
3515740,0,0
-3985142,0,0
1112827,0,0
932259,0,0
-3074750,0,0
3772348,0,0
-2416006,0,0
616834,0,0
1812965,0,0
-3757342,0,0
3622694,0,0
-1520671,0,0
-555051,0,0
2899169,0,0
-4306609,0,0
2583599,0,0
-1019964,0,0
-2826667,0,0
3559134,0,0
-3958331,0,0
580864,0,0
1197516,0,0
-3903844,0,0
3417456,0,0
-1047634,0,0
-1120696,0,0
3254275,0,0
-3511718,0,0
1723041,0,0
1170254,0,0
-3389199,0,0
3743044,0,0
-2126695,0,0
-16870,0,0
2005753,0,0
-4227098,0,0
2978132,0,0
-2103406,0,0
-1586300,0,0
2988772,0,0
-4285022,0,0
1702732,0,0
-28575,0,0
-2632621,0,0
3767598,0,0
-2872185,0,0
880005,0,0
2019699,0,0
-3855002,0,0
3519505,0,0
-1206083,0,0
-1152812,0,0
3355233,0,0
-3841909,0,0
1238339,0,0
608469,0,0
-3871401,0,0
3281683,0,0
-2359091,0,0
-1562905,0,0
3119330,0,0
-4296871,0,0
1839417,0,0
75697,0,0
-2197857,0,0
3624085,0,0
-3171250,0,0
1558298,0,0
1123654,0,0
-3300110,0,0
3742428,0,0
-2130720,0,0
-79627,0,0
2438393,0,0
-4306978,0,0
2854633,0,0
-1365731,0,0
-2446946,0,0
3426414,0,0
-4169086,0,0
726339,0,0
1110220,0,0
-3858771,0,0
3472952,0,0
-1173639,0,0
-934854,0,0
3186096,0,0
-3656874,0,0
2011227,0,0
887694,0,0
-3260833,0,0
3774925,0,0
-2167579,0,0
-68790,0,0
1947754,0,0
-4225560,0,0
2957791,0,0
-2030283,0,0
-1667708,0,0
3046751,0,0
-4309659,0,0
1676185,0,0
114167,0,0
-2593778,0,0
3732880,0,0
-2969686,0,0
896837,0,0
2054493,0,0
-3822451,0,0
3561756,0,0
-1248755,0,0
-1041955,0,0
3354156,0,0
-3792621,0,0
1182654,0,0
867385,0,0
-4010395,0,0
3147394,0,0
-2139924,0,0
-1652127,0,0
3203878,0,0
-4266598,0,0
1692341,0,0
352152,0,0
-2641568,0,0
3729845,0,0
-2703984,0,0
916521,0,0
1487295,0,0
-3588608,0,0
3713560,0,0
-1842644,0,0
-240890,0,0
2402145,0,0
-4287311,0,0
2903921,0,0
-1472806,0,0
-2367418,0,0
3365739,0,0
-4198685,0,0
903510,0,0
781672,0,0
-3696733,0,0
3589757,0,0
-1373393,0,0
-777363,0,0
3108372,0,0
-3748164,0,0
2169709,0,0
647128,0,0
-2916455,0,0
3753732,0,0
-2666347,0,0
453634,0,0
1529138,0,0
-4029580,0,0
3288070,0,0
-2564592,0,0
-1185070,0,0
2656864,0,0
-4329485,0,0
2033804,0,0
-282460,0,0
-2218282,0,0
3662318,0,0
-3230428,0,0
1300683,0,0
1706188,0,0
-3685921,0,0
3661348,0,0
-1523024,0,0
-814969,0,0
3176133,0,0
-4032477,0,0
1542579,0,0
285214,0,0
-3708474,0,0
3451661,0,0
-2714601,0,0
-1222855,0,0
2849228,0,0
-4341524,0,0
2218013,0,0
-288657,0,0
-1906817,0,0
3537121,0,0
-3396751,0,0
1879696,0,0
671089,0,0
-2826762,0,0
3693085,0,0
-2663380,0,0
559265,0,0
1765073,0,0
-4059239,0,0
3313746,0,0
-2083554,0,0
-1809201,0,0
2950785,0,0
-4331661,0,0
1503250,0,0
217448,0,0
-3302044,0,0
3767482,0,0
-2029323,0,0
-109264,0,0
2780501,0,0
-3898314,0,0
2649760,0,0
-215108,0,0
-2093017,0,0
3601412,0,0
-3285891,0,0
1306517,0,0
602681,0,0
-3600503,0,0
3606043,0,0
-3277439,0,0
-355000,0,0
1720088,0,0
-4130155,0,0
2735476,0,0
-1230853,0,0
-1410624,0,0
3412533,0,0
-3761526,0,0
2017658,0,0
1018790,0,0
-3146416,0,0
3748655,0,0
-2099641,0,0
-197633,0,0
2885290,0,0
-4271458,0,0
2094238,0,0
-342455,0,0
-3357184,0,0
3632418,0,0
-3193987,0,0
-709907,0,0
2372015,0,0
-4292982,0,0
2594589,0,0
-799288,0,0
-1369313,0,0
3357985,0,0
-3657870,0,0
2341135,0,0
274826,0,0
-2512455,0,0
3590769,0,0
-2894759,0,0
1044112,0,0
1281231,0,0
-3761114,0,0
3591909,0,0
-2704920,0,0
-1059868,0,0
2347243,0,0
-4298216,0,0
1973862,0,0
-303148,0,0
-2805164,0,0
3826636,0,0
-2652039,0,0
689118,0,0
2266538,0,0
-3958494,0,0
3234699,0,0
-971787,0,0
-1234423,0,0
3287507,0,0
-3766499,0,0
2072875,0,0
-165543,0,0
-2862251,0,0
3569097,0,0
-3957909,0,0
479556,0,0
952990,0,0
-3850718,0,0
3191208,0,0
-1868945,0,0
-940416,0,0
3225399,0,0
-3976909,0,0
2443638,0,0
566000,0,0
-2760028,0,0
3647736,0,0
-2555373,0,0
382786,0,0
2393470,0,0
-4370933,0,0
2605054,0,0
-853580,0,0
-2957925,0,0
3677282,0,0
-3710857,0,0
-169502,0,0
1790844,0,0
-4076483,0,0
3142915,0,0
-1632471,0,0
-514544,0,0
2917947,0,0
-3951192,0,0
3170140,0,0
-749050,0,0
-1492279,0,0
3329686,0,0
-3595381,0,0
1929415,0,0
466154,0,0
-3304247,0,0
3757143,0,0
-3162042,0,0
-652346,0,0
1930521,0,0
-4234253,0,0
2222707,0,0
-621192,0,0
-2468316,0,0
3801540,0,0
-2832759,0,0
797124,0,0
2191076,0,0
-3974408,0,0
3295061,0,0
-1028524,0,0
-1240399,0,0
3362095,0,0
-3756991,0,0
2068355,0,0
-163543,0,0
-2870009,0,0
3528355,0,0
-4032893,0,0
578000,0,0
825558,0,0
-3747599,0,0
3344140,0,0
-2204922,0,0
-465205,0,0
2927140,0,0
-4108817,0,0
2977200,0,0
-80953,0,0
-2068169,0,0
3461150,0,0
-2904938,0,0
818826,0,0
2023938,0,0
-4276996,0,0
3050278,0,0
-1355328,0,0
-2549109,0,0
3578254,0,0
-3972443,0,0
349765,0,0
1333379,0,0
-3980953,0,0
3259860,0,0
-1779106,0,0
-473154,0,0
2970417,0,0
-3943591,0,0
3036474,0,0
-773782,0,0
-1435602,0,0
3297995,0,0
-3649614,0,0
2042218,0,0
395085,0,0
-3093880,0,0
3747397,0,0
-3437509,0,0
-293176,0,0
1530917,0,0
-4113673,0,0
2619354,0,0
-1249630,0,0
-1858388,0,0
3709163,0,0
-3272263,0,0
1235469,0,0
1870384,0,0
-3894780,0,0
3480139,0,0
-1127788,0,0
-1171982,0,0
3219513,0,0
-3891979,0,0
2397713,0,0
-381403,0,0
-2730597,0,0
3544784,0,0
-4016079,0,0
570952,0,0
914448,0,0
-3836446,0,0
3308743,0,0
-2013953,0,0
-633771,0,0
3050895,0,0
-4065834,0,0
2809188,0,0
108651,0,0
-2220791,0,0
3509880,0,0
-2883929,0,0
857862,0,0
1940597,0,0
-4271256,0,0
3051750,0,0
-1308255,0,0
-2529281,0,0
3557842,0,0
-4022480,0,0
265797,0,0
1536824,0,0
-4010971,0,0
3236634,0,0
-1687572,0,0
-505853,0,0
2941005,0,0
-3956080,0,0
2911964,0,0
-490506,0,0
-1721689,0,0
3343863,0,0
-3417856,0,0
1701314,0,0
469327,0,0
-3080548,0,0
3755099,0,0
-3441142,0,0
-293637,0,0
1508450,0,0
-4088504,0,0
2640932,0,0
-1124214,0,0
-1927137,0,0
3712556,0,0
-3195184,0,0
1189198,0,0
1860566,0,0
-3807162,0,0
3505252,0,0
-1518533,0,0
-670211,0,0
3081918,0,0
-3977780,0,0
2472592,0,0
-507533,0,0
-2594992,0,0
3435587,0,0
-4122599,0,0
753477,0,0
723786,0,0
-3691317,0,0
3458016,0,0
-2345391,0,0
-249343,0,0
2832708,0,0
-4127961,0,0
2981369,0,0
-142990,0,0
-2048736,0,0
3462932,0,0
-3034283,0,0
1127230,0,0
1636961,0,0
-4129469,0,0
3340037,0,0
-1754881,0,0
-2101528,0,0
3349402,0,0
-4231276,0,0
779088,0,0
965857,0,0
-3739477,0,0
3538257,0,0
-2195228,0,0
92382,0,0
2554713,0,0
-3934781,0,0
3314532,0,0
-1233580,0,0
-1021942,0,0
3100592,0,0
-3808034,0,0
2327506,0,0
-145371,0,0
-2627876,0,0
3636067,0,0
-3823160,0,0
302182,0,0
951850,0,0
-3970538,0,0
2945109,0,0
-1575895,0,0
-1337819,0,0
3468418,0,0
-3860201,0,0
2123231,0,0
1054265,0,0
-3214876,0,0
3624878,0,0
-2193717,0,0
56903,0,0
2477186,0,0
-4111772,0,0
3293999,0,0
-1591753,0,0
-1505540,0,0
2630935,0,0
-4352460,0,0
1743126,0,0
-402161,0,0
-2899823,0,0
3726092,0,0
-3439327,0,0
612281,0,0
2038537,0,0
-3902833,0,0
3609379,0,0
-1128079,0,0
-1087377,0,0
3140871,0,0
-3673369,0,0
2051115,0,0
866933,0,0
-3799259,0,0
3619339,0,0
-2488352,0,0
-1396101,0,0
2878879,0,0
-4373136,0,0
1467819,0,0
-193646,0,0
-2909107,0,0
3750162,0,0
-3292376,0,0
1175759,0,0
1608583,0,0
-3375075,0,0
3691027,0,0
-2256877,0,0
245867,0,0
2516465,0,0
-4090512,0,0
3200629,0,0
-1132040,0,0
-1741904,0,0
3219771,0,0
-4273126,0,0
1054300,0,0
239996,0,0
-3694367,0,0
3313059,0,0
-2211449,0,0
-886885,0,0
3355683,0,0
-3934281,0,0
2408226,0,0
690384,0,0
-3000652,0,0
3613382,0,0
-2374011,0,0
300222,0,0
2400741,0,0
-4088050,0,0
3323725,0,0
-1825658,0,0
-1387600,0,0
2568861,0,0
-4330377,0,0
1794524,0,0
-374487,0,0
-2961369,0,0
3725459,0,0
-3418374,0,0
817373,0,0
1852782,0,0
-3852134,0,0
3651589,0,0
-1164808,0,0
-997860,0,0
3045825,0,0
-3752802,0,0
2189063,0,0
766885,0,0
-3739048,0,0
3647535,0,0
-2647465,0,0
-1219828,0,0
2719192,0,0
-4354668,0,0
1558836,0,0
53218,0,0
-3152018,0,0
3760249,0,0
-2990468,0,0
733314,0,0
1987258,0,0
-3684816,0,0
3653985,0,0
-1793643,0,0
-335962,0,0
2735755,0,0
-4091128,0,0
3017294,0,0
-945165,0,0
-1819672,0,0
3268505,0,0
-4248045,0,0
965456,0,0
204963,0,0
-3564823,0,0
3441295,0,0
-2304867,0,0
-1036224,0,0
3443919,0,0
-3812961,0,0
2229788,0,0
859040,0,0
-3227473,0,0
3648698,0,0
-2119775,0,0
-6072,0,0
2573889,0,0
-4081473,0,0
3273770,0,0
-1640381,0,0
-1528493,0,0
2818792,0,0
-4365278,0,0
1466570,0,0
-52868,0,0
-3158869,0,0
3702488,0,0
-3042528,0,0
618788,0,0
2004046,0,0
-3879419,0,0
3629246,0,0
-1268574,0,0
-799887,0,0
2991135,0,0
-3668982,0,0
2023665,0,0
855657,0,0
-3704806,0,0
3678892,0,0
-2592233,0,0
-1170866,0,0
2598173,0,0
-4364718,0,0
1686508,0,0
-35951,0,0
-2985993,0,0
3738678,0,0
-3260197,0,0
1221507,0,0
1600697,0,0
-3391041,0,0
3609835,0,0
-2254397,0,0
177773,0,0
2461036,0,0
-3981817,0,0
3385597,0,0
-1683532,0,0
-1083703,0,0
2856739,0,0
-4402234,0,0
1577691,0,0
-462308,0,0
-3219445,0,0
3615921,0,0
-3044248,0,0
-309959,0,0
3106853,0,0
-4119419,0,0
2841494,0,0
108065,0,0
-2454848,0,0
3444160,0,0
-2949798,0,0
1049960,0,0
1689559,0,0
-3702868,0,0
3705217,0,0
-2616662,0,0
-465267,0,0
1665651,0,0
-4163186,0,0
2575067,0,0
-1411025,0,0
-2101055,0,0
3512221,0,0
-3979037,0,0
1686184,0,0
999612,0,0
-3079054,0,0
3734547,0,0
-2120144,0,0
-31201,0,0
2626315,0,0
-4030300,0,0
2897630,0,0
-136687,0,0
-2885929,0,0
3752743,0,0
-3442663,0,0
-349177,0,0
1855348,0,0
-4225005,0,0
2313490,0,0
-836697,0,0
-2179657,0,0
3502892,0,0
-3849246,0,0
2010510,0,0
670836,0,0
-2404740,0,0
3495202,0,0
-2747613,0,0
815435,0,0
1943643,0,0
-4029952,0,0
3415698,0,0
-1735954,0,0
-1056477,0,0
2815039,0,0
-4404061,0,0
1629615,0,0
-485270,0,0
-3191070,0,0
3637378,0,0
-3061351,0,0
39826,0,0
2839327,0,0
-4173892,0,0
3073857,0,0
-107894,0,0
-2269258,0,0
3434923,0,0
-2932897,0,0
1045059,0,0
1784800,0,0
-3765044,0,0
3683197,0,0
-2403106,0,0
-764693,0,0
2044149,0,0
-4262925,0,0
2266696,0,0
-1049665,0,0
-2334501,0,0
3575303,0,0
-3889693,0,0
1625141,0,0
1137135,0,0
-3265041,0,0
3758355,0,0
-1988828,0,0
-28650,0,0
2520907,0,0
-4047662,0,0
3047128,0,0
-355830,0,0
-2701241,0,0
3700380,0,0
-3598631,0,0
-88555,0,0
1599536,0,0
-4170651,0,0
2537632,0,0
-1163663,0,0
-2042362,0,0
3444133,0,0
-3962214,0,0
2233694,0,0
611550,0,0
-2451334,0,0
3428272,0,0
-3010749,0,0
1207060,0,0
1629489,0,0
-3662852,0,0
3739044,0,0
-2298659,0,0
-413267,0,0
2141220,0,0
-4360302,0,0
2168736,0,0
-1086471,0,0
-2682225,0,0
3698713,0,0
-3648674,0,0
537505,0,0
2470706,0,0
-4085247,0,0
3414114,0,0
-643265,0,0
-1743638,0,0
3205826,0,0
-3313338,0,0
1647327,0,0
1111755,0,0
-3270802,0,0
3782296,0,0
-3038584,0,0
19355,0,0
1206144,0,0
-4026354,0,0
2856621,0,0
-1807352,0,0
-1618547,0,0
3284458,0,0
-4188240,0,0
2141077,0,0
580566,0,0
-2639785,0,0
3650036,0,0
-2538667,0,0
528165,0,0
2236390,0,0
-4049691,0,0
3299366,0,0
-696338,0,0
-2280091,0,0
3554728,0,0
-3918471,0,0
298377,0,0
1139115,0,0
-4013120,0,0
2810802,0,0
-1526045,0,0
-1422863,0,0
3110453,0,0
-4168384,0,0
2771673,0,0
-55929,0,0
-1806199,0,0
3220888,0,0
-3339698,0,0
1992002,0,0
468216,0,0
-2622746,0,0
3774066,0,0
-3189649,0,0
586642,0,0
1109498,0,0
-4098116,0,0
2933917,0,0
-2084023,0,0
-1842080,0,0
3367986,0,0
-4134194,0,0
1566375,0,0
1447637,0,0
-3537131,0,0
3756975,0,0
-1553354,0,0
-808557,0,0
2821846,0,0
-3769463,0,0
2485436,0,0
117451,0,0
-2240237,0,0
3559551,0,0
-3807392,0,0
916527,0,0
295028,0,0
-3587989,0,0
3417471,0,0
-2837202,0,0
-756676,0,0
2579693,0,0
-4340293,0,0
2838781,0,0
-146760,0,0
-1973364,0,0
3469123,0,0
-3034655,0,0
1176587,0,0
1759092,0,0
-3849139,0,0
3594347,0,0
-1420223,0,0
-1703017,0,0
3292905,0,0
-4206438,0,0
842053,0,0
612374,0,0
-3830708,0,0
3067896,0,0
-1984918,0,0
-1220349,0,0
3002298,0,0
-4198174,0,0
2816760,0,0
-63275,0,0
-1771103,0,0
3151853,0,0
-3379272,0,0
1837057,0,0
984246,0,0
-3239443,0,0
3800604,0,0
-2918245,0,0
328439,0,0
1404019,0,0
-4161570,0,0
2800130,0,0
-1823463,0,0
-1998726,0,0
3484174,0,0
-4025674,0,0
1359923,0,0
1593509,0,0
-3602973,0,0
3747889,0,0
-1402996,0,0
-856406,0,0
2798370,0,0
-3695811,0,0
2405196,0,0
213937,0,0
-2425716,0,0
3596454,0,0
-3766044,0,0
949389,0,0
261350,0,0
-3593638,0,0
3362783,0,0
-2680682,0,0
-829373,0,0
2642932,0,0
-4336625,0,0
2841499,0,0
-207812,0,0
-1872435,0,0
3442143,0,0
-3027734,0,0
1302507,0,0
1627946,0,0
-3860251,0,0
3518268,0,0
-1280183,0,0
-1683539,0,0
3321612,0,0
-4176573,0,0
918645,0,0
603304,0,0
-3846716,0,0
3086674,0,0
-1931709,0,0
-1036136,0,0
2929071,0,0
-4184549,0,0
2956187,0,0
-319301,0,0
-1563387,0,0
3130771,0,0
-3495976,0,0
1990487,0,0
913887,0,0
-3069017,0,0
3786957,0,0
-2985571,0,0
301754,0,0
1455661,0,0
-4191145,0,0
2840233,0,0
-1939767,0,0
-1986610,0,0
3470438,0,0
-4049623,0,0
1354608,0,0
1681524,0,0
-3652943,0,0
3729920,0,0
-1346236,0,0
-1009012,0,0
2834028,0,0
-3585842,0,0
2174477,0,0
516413,0,0
-2701465,0,0
3717087,0,0
-3431559,0,0
525134,0,0
716671,0,0
-3804919,0,0
3214513,0,0
-2452659,0,0
-805492,0,0
2646542,0,0
-4306598,0,0
3019252,0,0
-341931,0,0
-1769380,0,0
3363430,0,0
-3160342,0,0
1485873,0,0
1426000,0,0
-3693966,0,0
3698867,0,0
-1601718,0,0
-1452420,0,0
3177517,0,0
-4288001,0,0
1110139,0,0
414787,0,0
-3770258,0,0
3235540,0,0
-2222621,0,0
-814550,0,0
2763437,0,0
-4193878,0,0
3084461,0,0
-469259,0,0
-1407383,0,0
2960830,0,0
-3597614,0,0
2227051,0,0
502307,0,0
-2661861,0,0
3751292,0,0
-3359444,0,0
677390,0,0
999891,0,0
-4030239,0,0
3049098,0,0
-2351524,0,0
-1495277,0,0
3214865,0,0
-4245210,0,0
1872103,0,0
1184458,0,0
-3244586,0,0
3748550,0,0
-1931745,0,0
-321497,0,0
2510651,0,0
-3875108,0,0
2917782,0,0
-362792,0,0
-1740770,0,0
3341376,0,0
-4096086,0,0
1476208,0,0
-273391,0,0
-3248666,0,0
3597226,0,0
-3303517,0,0
-93318,0,0
1776037,0,0
-3995320,0,0
3535877,0,0
-1200255,0,0
-909598,0,0
3016895,0,0
-3708068,0,0
2369411,0,0
593840,0,0
-3050871,0,0
3797077,0,0
-2407192,0,0
-679467,0,0
2658843,0,0
-4430098,0,0
1689141,0,0
-270932,0,0
-3370440,0,0
3527740,0,0
-2815313,0,0
-249528,0,0
2224581,0,0
-3997915,0,0
3497209,0,0
-1313707,0,0
-540396,0,0
2596895,0,0
-3939541,0,0
2935293,0,0
-320147,0,0
-1895590,0,0
3563675,0,0
-3851324,0,0
1387563,0,0
275008,0,0
-3735247,0,0
3405242,0,0
-2861156,0,0
-978786,0,0
2797128,0,0
-4366758,0,0
2272794,0,0
618545,0,0
-2585291,0,0
3650229,0,0
-2473658,0,0
295787,0,0
2125377,0,0
-3927374,0,0
3236616,0,0
-784847,0,0
-1345486,0,0
3061948,0,0
-4281749,0,0
1979938,0,0
-763255,0,0
-2842993,0,0
3611940,0,0
-3812287,0,0
445777,0,0
1325668,0,0
-3763244,0,0
3688166,0,0
-1667721,0,0
-457892,0,0
2890666,0,0
-3818051,0,0
2546964,0,0
269067,0,0
-2500712,0,0
3736404,0,0
-2835243,0,0
-180727,0,0
2039464,0,0
-4350720,0,0
2276571,0,0
-871054,0,0
-2974793,0,0
3637225,0,0
-3533516,0,0
292548,0,0
1866373,0,0
-3822381,0,0
3636849,0,0
-1630573,0,0
-216532,0,0
2490953,0,0
-3907029,0,0
3106140,0,0
-865826,0,0
-1215098,0,0
3354596,0,0
-4116853,0,0
1829942,0,0
-98993,0,0
-3548599,0,0
3538925,0,0
-3150119,0,0
-707462,0,0
2605533,0,0
-4337533,0,0
2588229,0,0
256663,0,0
-2314371,0,0
3616288,0,0
-2593357,0,0
457121,0,0
1963834,0,0
-3851878,0,0
3434672,0,0
-1151083,0,0
-1007782,0,0
2892074,0,0
-4332328,0,0
2250785,0,0
-1024511,0,0
-2698342,0,0
3614110,0,0
-3857815,0,0
565901,0,0
1259463,0,0
-3702514,0,0
3723575,0,0
-1838920,0,0
-256924,0,0
2821525,0,0
-3855618,0,0
2803573,0,0
40799,0,0
-2545308,0,0
3715173,0,0
-2902722,0,0
17340,0,0
1962821,0,0
-4336365,0,0
2427663,0,0
-1147716,0,0
-2675498,0,0
3671516,0,0
-3673459,0,0
749616,0,0
1251503,0,0
-3266830,0,0
3770297,0,0
-2241550,0,0
479978,0,0
1947765,0,0
-3762374,0,0
3466041,0,0
-1305628,0,0
-955621,0,0
3221201,0,0
-4203427,0,0
2103012,0,0
-419112,0,0
-3248904,0,0
3650781,0,0
-3582697,0,0
-180029,0,0
1991452,0,0
-4223901,0,0
2948308,0,0
-285845,0,0
-1800646,0,0
3468094,0,0
-3058835,0,0
1105434,0,0
1507799,0,0
-3505388,0,0
3693896,0,0
-2032634,0,0
-160870,0,0
2192563,0,0
-4269904,0,0
2934193,0,0
-1998067,0,0
-1658849,0,0
3071018,0,0
-4333812,0,0
1509735,0,0
359198,0,0
-2957656,0,0
3801768,0,0
-2528732,0,0
480687,0,0
2341234,0,0
-3948986,0,0
3217371,0,0
-569174,0,0
-1942386,0,0
3602067,0,0
-3372552,0,0
396746,0,0
1458096,0,0
-4192895,0,0
2774005,0,0
-1566815,0,0
-2357878,0,0
3538671,0,0
-3983180,0,0
1147555,0,0
879001,0,0
-2998794,0,0
3762094,0,0
-2534394,0,0
782945,0,0
1796693,0,0
-3777808,0,0
3540420,0,0
-1497696,0,0
-721077,0,0
2953060,0,0
-4315012,0,0
2522084,0,0
-835636,0,0
-2978534,0,0
3592433,0,0
-3932399,0,0
326875,0,0
1576051,0,0
-4057722,0,0
3278155,0,0
-725870,0,0
-1397789,0,0
3331794,0,0
-3262758,0,0
1399141,0,0
1186956,0,0
-3284731,0,0
3745450,0,0
-2193465,0,0
22581,0,0
2054848,0,0
-4212446,0,0
3095134,0,0
-2188398,0,0
-1546631,0,0
2890698,0,0
-4350058,0,0
1722695,0,0
84023,0,0
-2749755,0,0
3772897,0,0
-2739678,0,0
748765,0,0
2069020,0,0
-3871188,0,0
3476094,0,0
-1040755,0,0
-1321188,0,0
3377219,0,0
-3799261,0,0
1190133,0,0
690468,0,0
-3936262,0,0
3209260,0,0
-2264707,0,0
-1697018,0,0
3151786,0,0
-4280533,0,0
1852758,0,0
-111773,0,0
-2013165,0,0
3564541,0,0
-3263009,0,0
1724538,0,0
844304,0,0
-3119187,0,0
3721435,0,0
-2327247,0,0
209904,0,0
2223383,0,0
-4226891,0,0
3092470,0,0
-1652508,0,0
-2243575,0,0
3299813,0,0
-4245286,0,0
815707,0,0
1016481,0,0
-3735119,0,0
3576417,0,0
-1432237,0,0
-724372,0,0
3091529,0,0
-3772503,0,0
2294820,0,0
373257,0,0
-2558825,0,0
3687841,0,0
-2946998,0,0
911948,0,0
980397,0,0
-3786218,0,0
3525860,0,0
-3104738,0,0
-635031,0,0
2069569,0,0
-4244585,0,0
2432988,0,0
-864949,0,0
-1941998,0,0
3605032,0,0
-3430676,0,0
1548693,0,0
1496585,0,0
-3576874,0,0
3682982,0,0
-1737882,0,0
-611066,0,0
3041685,0,0
-4188542,0,0
1926457,0,0
8861,0,0
-3637584,0,0
3485534,0,0
-2775481,0,0
-1131863,0,0
2660784,0,0
-4337806,0,0
2304440,0,0
-558942,0,0
-1622827,0,0
3460459,0,0
-3531027,0,0
2263910,0,0
198049,0,0
-2373497,0,0
3552077,0,0
-2947438,0,0
990870,0,0
1552086,0,0
-3960434,0,0
3448375,0,0
-2207843,0,0
-1591654,0,0
2732477,0,0
-4357997,0,0
1477613,0,0
260657,0,0
-3362724,0,0
3743464,0,0
-1982128,0,0
-22940,0,0
2692693,0,0
-3977015,0,0
2792619,0,0
-224423,0,0
-1978951,0,0
3554619,0,0
-3417391,0,0
1541845,0,0
301687,0,0
-3316875,0,0
3663926,0,0
-3640248,0,0
-52003,0,0
1458312,0,0
-4041711,0,0
2896463,0,0
-1462417,0,0
-1359349,0,0
3375923,0,0
-3855098,0,0
2185055,0,0
1056965,0,0
-3265627,0,0
3682656,0,0
-2075441,0,0
-177072,0,0
2816118,0,0
-4275215,0,0
2173437,0,0
-285032,0,0
-3426654,0,0
3603993,0,0
-3032163,0,0
-832276,0,0
2459712,0,0
-4316974,0,0
2472554,0,0
-779062,0,0
-1243166,0,0
3284155,0,0
-3742769,0,0
2550996,0,0
-39371,0,0
-2127079,0,0
3522651,0,0
-3131792,0,0
1231868,0,0
1179386,0,0
-3689145,0,0
3645910,0,0
-2775196,0,0
-1097179,0,0
2345333,0,0
-4310096,0,0
1766367,0,0
-27324,0,0
-3051086,0,0
3819060,0,0
-2276395,0,0
246567,0,0
2531337,0,0
-3982721,0,0
2952876,0,0
-533371,0,0
-1632110,0,0
3437310,0,0
-3598947,0,0
1871830,0,0
67985,0,0
-3098522,0,0
3658625,0,0
-3767518,0,0
143200,0,0
1179415,0,0
-3957152,0,0
3099742,0,0
-1707853,0,0
-1041854,0,0
3279558,0,0
-3913555,0,0
2417247,0,0
677140,0,0
-2864190,0,0
3633487,0,0
-2296926,0,0
-22712,0,0
2678807,0,0
-4320023,0,0
2367623,0,0
-492940,0,0
-3266822,0,0
3662234,0,0
-3301360,0,0
-465234,0,0
2081348,0,0
-4230431,0,0
2838338,0,0
-1122565,0,0
-955260,0,0
3138555,0,0
-3867868,0,0
2859362,0,0
-299282,0,0
-1851225,0,0
3416873,0,0
-3316137,0,0
1470231,0,0
909703,0,0
-3579093,0,0
3685082,0,0
-2836816,0,0
-962737,0,0
2215096,0,0
-4306959,0,0
1902248,0,0
-265934,0,0
-2839325,0,0
3808296,0,0
-2613400,0,0
376412,0,0
2550515,0,0
-4015995,0,0
3086099,0,0
-615847,0,0
-1628950,0,0
3379878,0,0
-3728223,0,0
2115568,0,0
-185702,0,0
-2780191,0,0
3535763,0,0
-4020920,0,0
547863,0,0
912585,0,0
-3902294,0,0
3167310,0,0
-1848968,0,0
-880073,0,0
3189813,0,0
-3997568,0,0
2559180,0,0
408178,0,0
-2590473,0,0
3651560,0,0
-2499139,0,0
409084,0,0
2313435,0,0
-4344832,0,0
2746117,0,0
-901829,0,0
-2942801,0,0
3674513,0,0
-3689652,0,0
-180222,0,0
1910431,0,0
-4146911,0,0
2994826,0,0
-1450780,0,0
-699812,0,0
3065759,0,0
-3898828,0,0
2959631,0,0
-702126,0,0
-1493897,0,0
3364806,0,0
-3470198,0,0
1715424,0,0
753778,0,0
-3362115,0,0
3745755,0,0
-3158495,0,0
-662909,0,0
1974872,0,0
-4256818,0,0
2231024,0,0
-667045,0,0
-2417563,0,0
3786676,0,0
-2980046,0,0
1025463,0,0
2073141,0,0
-3925955,0,0
3322155,0,0
-1136824,0,0
-1104814,0,0
3201473,0,0
-3880415,0,0
2428565,0,0
-543472,0,0
-2566395,0,0
3462971,0,0
-4102443,0,0
756054,0,0
681494,0,0
-3751963,0,0
3383051,0,0
-2321021,0,0
-422790,0,0
2905173,0,0
-4117339,0,0
3002751,0,0
-17836,0,0
-2171342,0,0
3444803,0,0
-2817567,0,0
741670,0,0
2045176,0,0
-4288912,0,0
3007538,0,0
-1276057,0,0
-2571897,0,0
3581509,0,0
-3988638,0,0
350494,0,0
1289331,0,0
-3936036,0,0
3309934,0,0
-2001542,0,0
-115527,0,0
2617492,0,0
-3961650,0,0
3432715,0,0
-1077886,0,0
-1044163,0,0
3111590,0,0
-3858789,0,0
2386744,0,0
19461,0,0
-2746416,0,0
3650375,0,0
-3796775,0,0
48064,0,0
1215944,0,0
-4007532,0,0
2690783,0,0
-1242426,0,0
-1826342,0,0
3664551,0,0
-3446987,0,0
1506759,0,0
1598961,0,0
-3704317,0,0
3602832,0,0
-1622359,0,0
-503947,0,0
2909784,0,0
-4085343,0,0
2900975,0,0
-1124089,0,0
-1934605,0,0
3059767,0,0
-4333655,0,0
1336295,0,0
-75235,0,0
-3289745,0,0
3684038,0,0
-2943495,0,0
191289,0,0
2506643,0,0
-4083880,0,0
3351083,0,0
-533192,0,0
-1715785,0,0
3327780,0,0
-3182623,0,0
1356706,0,0
1427417,0,0
-4045567,0,0
3394781,0,0
-1996596,0,0
-1903555,0,0
3249718,0,0
-4269078,0,0
872784,0,0
829105,0,0
-3676791,0,0
3559190,0,0
-2609053,0,0
385702,0,0
2285097,0,0
-3773999,0,0
3629727,0,0
-1575609,0,0
-625246,0,0
2874003,0,0
-4001033,0,0
2771565,0,0
-464514,0,0
-2330592,0,0
3536629,0,0
-3983009,0,0
419596,0,0
744853,0,0
-3847059,0,0
2974535,0,0
-1733008,0,0
-1395021,0,0
3560272,0,0
-3678599,0,0
1840795,0,0
1237398,0,0
-3437281,0,0
3663407,0,0
-1962520,0,0
-157257,0,0
2682700,0,0
-4101052,0,0
3186926,0,0
-1464262,0,0
-1570884,0,0
2818584,0,0
-4370580,0,0
1570733,0,0
-148006,0,0
-3226580,0,0
3705361,0,0
-3002136,0,0
309045,0,0
2429911,0,0
-4091902,0,0
3348627,0,0
-595406,0,0
-1607392,0,0
3316524,0,0
-3197033,0,0
1331696,0,0
1440233,0,0
-4064958,0,0
3386027,0,0
-1918588,0,0
-2016100,0,0
3269059,0,0
-4256231,0,0
951543,0,0
704276,0,0
-3615046,0,0
3588574,0,0
-2543394,0,0
427239,0,0
2294439,0,0
-3858996,0,0
3524382,0,0
-1626899,0,0
-476017,0,0
2917929,0,0
-4004911,0,0
2772784,0,0
-446778,0,0
-2357729,0,0
3563294,0,0
-3933954,0,0
298197,0,0
955496,0,0
-3939601,0,0
2925486,0,0
-1625571,0,0
-1518756,0,0
3601554,0,0
-3577467,0,0
1696046,0,0
1429412,0,0
-3590860,0,0
3630606,0,0
-1882549,0,0
-173909,0,0
2753325,0,0
-4095607,0,0
3078860,0,0
-1302168,0,0
-1791584,0,0
2923275,0,0
-4351661,0,0
1561263,0,0
-218508,0,0
-3138633,0,0
3713365,0,0
-3259396,0,0
564314,0,0
2139508,0,0
-3914866,0,0
3593632,0,0
-1096690,0,0
-1117824,0,0
3124043,0,0
-3600025,0,0
1986511,0,0
813341,0,0
-3745965,0,0
3655504,0,0
-2534291,0,0
-1374994,0,0
2855837,0,0
-4356862,0,0
1383259,0,0
230603,0,0
-3252680,0,0
3729213,0,0
-3101048,0,0
1004870,0,0
1674830,0,0
-3389662,0,0
3679034,0,0
-2317221,0,0
326386,0,0
2421135,0,0
-4040832,0,0
3398309,0,0
-1381669,0,0
-1508969,0,0
3052271,0,0
-4347962,0,0
1285925,0,0
-72492,0,0
-3516510,0,0
3417438,0,0
-2546604,0,0
-557680,0,0
3171539,0,0
-4095058,0,0
2675022,0,0
409132,0,0
-2695642,0,0
3521731,0,0
-2693531,0,0
874414,0,0
1856132,0,0
-3778729,0,0
3689423,0,0
-2417225,0,0
-597814,0,0
1766450,0,0
-4183046,0,0
2495026,0,0
-1349937,0,0
-2181393,0,0
3513968,0,0
-3983234,0,0
1475372,0,0
1157920,0,0
-3174750,0,0
3750772,0,0
-1942202,0,0
-242199,0,0
2659336,0,0
-3944852,0,0
2708728,0,0
18743,0,0
-3049419,0,0
3764978,0,0
-3393064,0,0
-367861,0,0
1896454,0,0
-4250287,0,0
2174368,0,0
-818248,0,0
-2309281,0,0
3597404,0,0
-3787794,0,0
1961114,0,0
802352,0,0
-2550089,0,0
3510601,0,0
-2931124,0,0
1174621,0,0
1819292,0,0
-3924340,0,0
3582269,0,0
-1634479,0,0
-1134802,0,0
2748894,0,0
-4400617,0,0
1590727,0,0
-435103,0,0
-3268158,0,0
3557356,0,0
-2903783,0,0
-291651,0,0
2980315,0,0
-4179597,0,0
2922784,0,0
1800,0,0
-2409118,0,0
3553541,0,0
-2844912,0,0
999845,0,0
1691762,0,0
-3772147,0,0
3669110,0,0
-2604105,0,0
-497778,0,0
1627803,0,0
-4144223,0,0
2600884,0,0
-1600960,0,0
-2002411,0,0
3440762,0,0
-4069503,0,0
1628770,0,0
1153004,0,0
-3218755,0,0
3743839,0,0
-1843317,0,0
-368238,0,0
2652113,0,0
-3974396,0,0
2825204,0,0
-201827,0,0
-2775784,0,0
3727710,0,0
-3543286,0,0
-233901,0,0
1857922,0,0
-4228789,0,0
2223842,0,0
-773170,0,0
-2337677,0,0
3594117,0,0
-3770963,0,0
1927341,0,0
827946,0,0
-2619521,0,0
3552619,0,0
-2744321,0,0
860575,0,0
1924764,0,0
-3879284,0,0
3618344,0,0
-1747539,0,0
-989511,0,0
2649560,0,0
-4400490,0,0
1718088,0,0
-462589,0,0
-3259279,0,0
3580195,0,0
-2959123,0,0
-170492,0,0
2926958,0,0
-4172631,0,0
3013581,0,0
-17509,0,0
-2226903,0,0
3391041,0,0
-2976819,0,0
1145837,0,0
1504902,0,0
-3618079,0,0
3738997,0,0
-2730822,0,0
-433110,0,0
1741967,0,0
-4194087,0,0
2508824,0,0
-1417744,0,0
-2137522,0,0
3525480,0,0
-3964600,0,0
1513476,0,0
1272498,0,0
-3336415,0,0
3766517,0,0
-1779168,0,0
-402030,0,0
2790538,0,0
-3895279,0,0
2585557,0,0
130763,0,0
-3196396,0,0
3776236,0,0
-3219858,0,0
-512700,0,0
2020367,0,0
-4268800,0,0
2122123,0,0
-593893,0,0
-2552578,0,0
3639591,0,0
-3692812,0,0
1723330,0,0
1073170,0,0
-2905758,0,0
3624662,0,0
-2669908,0,0
714465,0,0
2148085,0,0
-3998042,0,0
3483118,0,0
-1706885,0,0
-1118767,0,0
2867621,0,0
-4389598,0,0
1507563,0,0
-319690,0,0
-3359730,0,0
3570534,0,0
-2861606,0,0
-237987,0,0
2977711,0,0
-4151630,0,0
2952590,0,0
-39248,0,0
-2244877,0,0
3486667,0,0
-2970386,0,0
1143328,0,0
1591349,0,0
-3607038,0,0
3739509,0,0
-2797207,0,0
-182115,0,0
1380207,0,0
-4087501,0,0
2727077,0,0
-1707615,0,0
-1765753,0,0
3350024,0,0
-4145110,0,0
1882786,0,0
810050,0,0
-2906652,0,0
3706587,0,0
-2237828,0,0
63496,0,0
2561920,0,0
-4028944,0,0
2967989,0,0
-341091,0,0
-2803767,0,0
3730274,0,0
-3528559,0,0
-104387,0,0
1635694,0,0
-4203623,0,0
2359683,0,0
-865007,0,0
-2233812,0,0
3528239,0,0
-3852524,0,0
2063979,0,0
716787,0,0
-2549127,0,0
3507388,0,0
-2917848,0,0
1147491,0,0
1777802,0,0
-3815470,0,0
3662482,0,0
-1988572,0,0
-740815,0,0
2511146,0,0
-4406282,0,0
1871871,0,0
-681861,0,0
-3053141,0,0
3701157,0,0
-3241437,0,0
216260,0,0
2712949,0,0
-4152783,0,0
3208197,0,0
-230628,0,0
-2148372,0,0
3365173,0,0
-3091233,0,0
1316461,0,0
1512191,0,0
-3566010,0,0
3735520,0,0
-2765673,0,0
-417522,0,0
1625852,0,0
-4129311,0,0
2641335,0,0
-1586870,0,0
-1889566,0,0
3384649,0,0
-4135141,0,0
1872061,0,0
851483,0,0
-2953884,0,0
3723194,0,0
-2247432,0,0
196359,0,0
2429221,0,0
-4035299,0,0
3048477,0,0
-593108,0,0
-2490875,0,0
3645274,0,0
-3754511,0,0
61036,0,0
1458781,0,0
-4120280,0,0
2644117,0,0
-1290754,0,0
-1897177,0,0
3432136,0,0
-3954234,0,0
2277947,0,0
519513,0,0
-2351078,0,0
3363462,0,0
-3013664,0,0
1231282,0,0
1587904,0,0
-3621120,0,0
3760400,0,0
-2296230,0,0
-367078,0,0
2120374,0,0
-4347437,0,0
2233437,0,0
-1102173,0,0
-2671416,0,0
3684403,0,0
-3669709,0,0
724217,0,0
2307824,0,0
-4029905,0,0
3504447,0,0
-793798,0,0
-1499465,0,0
3133324,0,0
-3426093,0,0
1897858,0,0
931341,0,0
-2964888,0,0
3749369,0,0
-3260516,0,0
273486,0,0
1002202,0,0
-3927861,0,0
3108464,0,0
-2253345,0,0
-1203724,0,0
2976676,0,0
-4316748,0,0
2546108,0,0
266836,0,0
-2436450,0,0
3600887,0,0
-2588650,0,0
606799,0,0
2218177,0,0
-3993921,0,0
3193079,0,0
-707660,0,0
-2427385,0,0
3654712,0,0
-3735847,0,0
175397,0,0
1296235,0,0
-4116094,0,0
2724970,0,0
-1390617,0,0
-1740884,0,0
3328817,0,0
-4049086,0,0
2445846,0,0
305036,0,0
-2201322,0,0
3387654,0,0
-3035599,0,0
1234849,0,0
1529520,0,0
-3627292,0,0
3751093,0,0
-2436342,0,0
-447791,0,0
2353066,0,0
-4405324,0,0
2099690,0,0
-1053280,0,0
-2805874,0,0
3700198,0,0
-3504853,0,0
593911,0,0
2396504,0,0
-4086347,0,0
3436229,0,0
-625309,0,0
-1723624,0,0
3174473,0,0
-3279867,0,0
1565151,0,0
1141179,0,0
-3305076,0,0
3781780,0,0
-3023736,0,0
-49254,0,0
1254879,0,0
-4016029,0,0
2901309,0,0
-1986616,0,0
-1521699,0,0
3195456,0,0
-4247431,0,0
2379589,0,0
320983,0,0
-2514809,0,0
3625175,0,0
-2661189,0,0
703440,0,0
2143614,0,0
-3968161,0,0
3392903,0,0
-1043725,0,0
-2022074,0,0
3420247,0,0
-4104613,0,0
743378,0,0
645155,0,0
-3831029,0,0
3113768,0,0
-2105717,0,0
-984525,0,0
2799723,0,0
-4189676,0,0
3095819,0,0
-556915,0,0
-1259844,0,0
3003624,0,0
-3658946,0,0
2287140,0,0
494054,0,0
-2776195,0,0
3792441,0,0
-3109749,0,0
331103,0,0
1364404,0,0
-4161045,0,0
2704389,0,0
-1824976,0,0
-1991304,0,0
3403387,0,0
-4089772,0,0
1465643,0,0
1518850,0,0
-3552193,0,0
3758390,0,0
-1624602,0,0
-711299,0,0
2807380,0,0
-3840065,0,0
2650127,0,0
38780,0,0
-2151734,0,0
3543284,0,0
-3832568,0,0
984321,0,0
248754,0,0
-3572474,0,0
3421169,0,0
-2822351,0,0
-565749,0,0
2457907,0,0
-4302372,0,0
3039249,0,0
-440672,0,0
-1711484,0,0
3394913,0,0
-3045164,0,0
1267454,0,0
1556249,0,0
-3716412,0,0
3658568,0,0
-1536040,0,0
-1473668,0,0
3214978,0,0
-4246137,0,0
1061647,0,0
354079,0,0
-3702618,0,0
3269680,0,0
-2284382,0,0
-924782,0,0
2765456,0,0
-4170610,0,0
3146053,0,0
-642959,0,0
-1201885,0,0
2973894,0,0
-3746723,0,0
2434051,0,0
345958,0,0
-2553699,0,0
3745871,0,0
-3360919,0,0
540661,0,0
1125020,0,0
-4077981,0,0
2871892,0,0
-2024728,0,0
-1840110,0,0
3367336,0,0
-4145550,0,0
1451497,0,0
1556270,0,0
-3550558,0,0
3750302,0,0
-1596071,0,0
-742280,0,0
2772048,0,0
-3845069,0,0
2654163,0,0
54255,0,0
-2261539,0,0
3559289,0,0
-3822025,0,0
1029641,0,0
197531,0,0
-3570786,0,0
3426303,0,0
-2874162,0,0
-560090,0,0
2442235,0,0
-4278069,0,0
3067482,0,0
-596419,0,0
-1513049,0,0
3329724,0,0
-3380999,0,0
1698964,0,0
1264875,0,0
-3469037,0,0
3774966,0,0
-2030270,0,0
-1063565,0,0
2887463,0,0
-4391821,0,0
1513101,0,0
-126418,0,0
-3505448,0,0
3441649,0,0
-2637967,0,0
-482441,0,0
2357901,0,0
-4055251,0,0
3413020,0,0
-1115744,0,0
-715528,0,0
2822624,0,0
-3850318,0,0
2702668,0,0
-102801,0,0
-2027736,0,0
3655771,0,0
-3613359,0,0
1121804,0,0
477942,0,0
-3816135,0,0
3310960,0,0
-2724563,0,0
-1112574,0,0
2892239,0,0
-4346440,0,0
2212025,0,0
835171,0,0
-2890624,0,0
3715009,0,0
-2129717,0,0
-159023,0,0
2368259,0,0
-3916401,0,0
3068698,0,0
-481942,0,0
-1713954,0,0
3295704,0,0
-4138317,0,0
1508171,0,0
-296340,0,0
-3189563,0,0
3618298,0,0
-3489588,0,0
16007,0,0
1841297,0,0
-4083908,0,0
3440124,0,0
-1101996,0,0
-1031601,0,0
3173002,0,0
-3554392,0,0
2083254,0,0
846989,0,0
-3186554,0,0
3794549,0,0
-2314811,0,0
-724264,0,0
2595202,0,0
-4419245,0,0
1763099,0,0
-379999,0,0
-3267700,0,0
3584654,0,0
-3128907,0,0
-25128,0,0
1966533,0,0
-3825113,0,0
3628495,0,0
-1587134,0,0
-301533,0,0
2556877,0,0
-3926009,0,0
3007387,0,0
-402357,0,0
-1811137,0,0
3532683,0,0
-3892946,0,0
1440027,0,0
247147,0,0
-3675727,0,0
3454912,0,0
-2990424,0,0
-878214,0,0
2635724,0,0
-4336974,0,0
2544758,0,0
309329,0,0
-2374540,0,0
3618395,0,0
-2569560,0,0
381295,0,0
2059375,0,0
-3916267,0,0
3386652,0,0
-1084347,0,0
-1046616,0,0
2864273,0,0
-4350259,0,0
2198698,0,0
-1103557,0,0
-2605302,0,0
3506419,0,0
-3973295,0,0
711186,0,0
1021824,0,0
-3685213,0,0
3710280,0,0
-1709991,0,0
-454533,0,0
2852575,0,0
-3909969,0,0
2732209,0,0
301669,0,0
-2717343,0,0
3766518,0,0
-2825357,0,0
-268567,0,0
2170564,0,0
-4367508,0,0
2113485,0,0
-741671,0,0
-3076735,0,0
3645391,0,0
-3260583,0,0
233838,0,0
1705517,0,0
-3705439,0,0
3696135,0,0
-1635700,0,0
-208020,0,0
2448196,0,0
-3888680,0,0
3090638,0,0
-654615,0,0
-1558747,0,0
3450013,0,0
-4003841,0,0
1685323,0,0
458,0,0
-3542343,0,0
3547355,0,0
-3221724,0,0
-607499,0,0
2471681,0,0
-4323461,0,0
2633167,0,0
217183,0,0
-2311455,0,0
3624246,0,0
-2652091,0,0
584157,0,0
1925316,0,0
-3840328,0,0
3462471,0,0
-1230909,0,0
-945695,0,0
2826549,0,0
-4350639,0,0
2224222,0,0
-1066318,0,0
-2608658,0,0
3574528,0,0
-3905186,0,0
592903,0,0
1258764,0,0
-3685183,0,0
3733430,0,0
-1678897,0,0
-429815,0,0
2786633,0,0
-3817179,0,0
2562756,0,0
298963,0,0
-2548517,0,0
3755782,0,0
-2766918,0,0
-187959,0,0
2159480,0,0
-4369945,0,0
2258157,0,0
-944906,0,0
-2886119,0,0
3691184,0,0
-3461855,0,0
290225,0,0
1698061,0,0
-3705116,0,0
3691409,0,0
-1706072,0,0
-151813,0,0
2459331,0,0
-3884286,0,0
3139725,0,0
-653699,0,0
-1654643,0,0
3419584,0,0
-4054032,0,0
1750483,0,0
-45660,0,0
-3515953,0,0
3516141,0,0
-3265207,0,0
-410593,0,0
2350898,0,0
-4318208,0,0
2677910,0,0
57228,0,0
-2218267,0,0
3614419,0,0
-2752131,0,0
707340,0,0
1802948,0,0
-3803797,0,0
3569043,0,0
-1435444,0,0
-791135,0,0
2707408,0,0
-4378406,0,0
2209841,0,0
-1092500,0,0
-2676834,0,0
3620491,0,0
-3706844,0,0
464096,0,0
1343933,0,0
-3680732,0,0
3737957,0,0
-1886880,0,0
-300177,0,0
2815576,0,0
-3881826,0,0
2749256,0,0
44443,0,0
-2389636,0,0
3726131,0,0
-2934362,0,0
-21735,0,0
1833610,0,0
-4296400,0,0
2445176,0,0
-1055262,0,0
-2813610,0,0
3671888,0,0
-3605481,0,0
610272,0,0
1327936,0,0
-3410317,0,0
3776993,0,0
-2084035,0,0
305078,0,0
2058845,0,0
-3850106,0,0
3491573,0,0
-1161291,0,0
-1010633,0,0
3146184,0,0
-4252252,0,0
2197034,0,0
-434832,0,0
-3275988,0,0
3627136,0,0
-3600714,0,0
-77386,0,0
1877782,0,0
-4197527,0,0
2973526,0,0
-289453,0,0
-1855257,0,0
3504165,0,0
-2959680,0,0
1008489,0,0
1459082,0,0
-3670271,0,0
3627839,0,0
-1773368,0,0
-446244,0,0
2455327,0,0
-4350566,0,0
2575921,0,0
-1482024,0,0
-2212960,0,0
3403118,0,0
-4137030,0,0
1097006,0,0
718850,0,0
-3349261,0,0
3793695,0,0
-2249757,0,0
157593,0,0
2565729,0,0
-3953071,0,0
3084627,0,0
-559340,0,0
-1878628,0,0
3589473,0,0
-3502165,0,0
678329,0,0
1098495,0,0
-4074317,0,0
2960851,0,0
-1851020,0,0
-2103615,0,0
3427183,0,0
-4097207,0,0
1344765,0,0
532499,0,0
-2586072,0,0
3703317,0,0
-2837716,0,0
1152960,0,0
1434706,0,0
-3548723,0,0
3686753,0,0
-1894768,0,0
-252667,0,0
2657029,0,0
-4305707,0,0
2836747,0,0
