-284217,0,0
-536085,0,0
-527763,0,0
-506381,0,0
-544782,0,0
1859,0,0
260619,0,0
191951,0,0
405221,0,0
125574,0,0
-231653,0,0
-478388,0,0
-516820,0,0
-568363,0,0
-369918,0,0
-173257,0,0
169437,0,0
499117,0,0
323290,0,0
185062,0,0
-206798,0,0
-500892,0,0
-518354,0,0
-514992,0,0
-594681,0,0
-89697,0,0
204044,0,0
223171,0,0
513734,0,0
218976,0,0
-157759,0,0
-472690,0,0
-519782,0,0
-546703,0,0
-331216,0,0
-197486,0,0
192714,0,0
557895,0,0
336337,0,0
197554,0,0
-179475,0,0
-471842,0,0
-514409,0,0
-494056,0,0
-599275,0,0
-89813,0,0
260771,0,0
278970,0,0
525690,0,0
158021,0,0
-233169,0,0
-490984,0,0
-473327,0,0
-520784,0,0
-369301,0,0
-240019,0,0
162169,0,0
527311,0,0
323832,0,0
225128,0,0
-131472,0,0
-454535,0,0
-535730,0,0
-508862,0,0
-618538,0,0
-124251,0,0
230048,0,0
233477,0,0
503799,0,0
243620,0,0
-136342,0,0
-474877,0,0
-556923,0,0
-575837,0,0
-366156,0,0
-217781,0,0
153697,0,0
514887,0,0
270632,0,0
249264,0,0
-113041,0,0
-434177,0,0
-557958,0,0
-543848,0,0
-654089,0,0
-231826,0,0
125698,0,0
168467,0,0
461565,0,0
236846,0,0
-105570,0,0
-417110,0,0
-543372,0,0
-586367,0,0
-443788,0,0
-378760,0,0
22296,0,0
446276,0,0
308626,0,0
306643,0,0
-24332,0,0
-431606,0,0
-594412,0,0
-548287,0,0
-716932,0,0
-374764,0,0
-5857,0,0
133795,0,0
433798,0,0
273992,0,0
10319,0,0
-363339,0,0
-512493,0,0
-628676,0,0
-496015,0,0
-541616,0,0
-133031,0,0
339415,0,0
261861,0,0
327500,0,0
126828,0,0
-262094,0,0
-520619,0,0
-580847,0,0
-737890,0,0
-520886,0,0
-195361,0,0
29226,0,0
364072,0,0
345348,0,0
202890,0,0
-141655,0,0
-459114,0,0
-608852,0,0
-508334,0,0
-618350,0,0
-304796,0,0
228841,0,0
259001,0,0
356455,0,0
285535,0,0
-60690,0,0
-386779,0,0
-514490,0,0
-690701,0,0
-515130,0,0
-348017,0,0
-79921,0,0
355876,0,0
361105,0,0
310059,0,0
16469,0,0
-325023,0,0
-576198,0,0
-491589,0,0
-591914,0,0
-415480,0,0
74294,0,0
173285,0,0
367364,0,0
388856,0,0
79426,0,0
-307779,0,0
-481050,0,0
-676509,0,0
-552186,0,0
-516779,0,0
-256437,0,0
282226,0,0
343507,0,0
333675,0,0
205262,0,0
-157235,0,0
-491607,0,0
-494694,0,0
-586070,0,0
-496009,0,0
-82410,0,0
83076,0,0
349442,0,0
411543,0,0
234874,0,0
-93869,0,0
-381785,0,0
-614193,0,0
-554592,0,0
-541911,0,0
-420649,0,0
125829,0,0
304386,0,0
343725,0,0
309491,0,0
1632,0,0
-425325,0,0
-456563,0,0
-607252,0,0
-584821,0,0
-308767,0,0
-102693,0,0
274731,0,0
393695,0,0
274434,0,0
65295,0,0
-280540,0,0
-610062,0,0
-589487,0,0
-550165,0,0
-587774,0,0
-108460,0,0
195527,0,0
350693,0,0
361506,0,0
185361,0,0
-252326,0,0
-443936,0,0
-556015,0,0
-567775,0,0
-435648,0,0
-311440,0,0
101963,0,0
325701,0,0
291304,0,0
260017,0,0
-11604,0,0
-452273,0,0
-535331,0,0
-562661,0,0
-683261,0,0
-338166,0,0
17751,0,0
254230,0,0
342614,0,0
319594,0,0
19644,0,0
-304110,0,0
-543168,0,0
-563114,0,0
-445781,0,0
-488256,0,0
-51786,0,0
265874,0,0
328511,0,0
380519,0,0
185325,0,0
-232807,0,0
-448513,0,0
-491266,0,0
-609748,0,0
-399404,0,0
-141625,0,0
249634,0,0
457311,0,0
433134,0,0
171304,0,0
-144197,0,0
-448030,0,0
-525538,0,0
-389143,0,0
-502036,0,0
-87441,0,0
258647,0,0
373601,0,0
428962,0,0
250089,0,0
-170463,0,0
-394439,0,0
-470572,0,0
-636113,0,0
-426264,0,0
-206905,0,0
222589,0,0
429500,0,0
430474,0,0
234160,0,0
-108406,0,0
-441706,0,0
-494357,0,0
-426178,0,0
-528534,0,0
-118462,0,0
240839,0,0
378540,0,0
392073,0,0
260811,0,0
-150495,0,0
-385669,0,0
-478574,0,0
-624328,0,0
-450542,0,0
-242943,0,0
162859,0,0
427148,0,0
430657,0,0
237971,0,0
-69575,0,0
-450688,0,0
-535120,0,0
-398954,0,0
-571723,0,0
-211443,0,0
156034,0,0
336263,0,0
388479,0,0
297578,0,0
-121789,0,0
-372685,0,0
-515680,0,0
-679707,0,0
-479634,0,0
-317103,0,0
88504,0,0
336887,0,0
364011,0,0
270534,0,0
6839,0,0
-438429,0,0
-604050,0,0
-482739,0,0
-606566,0,0
-333957,0,0
34588,0,0
214722,0,0
335306,0,0
334847,0,0
-18017,0,0
-285835,0,0
-499978,0,0
-665387,0,0
-497585,0,0
-451610,0,0
-51007,0,0
294290,0,0
410848,0,0
289614,0,0
141458,0,0
-313448,0,0
-516631,0,0
-414354,0,0
-546399,0,0
-375956,0,0
23389,0,0
267918,0,0
412353,0,0
402507,0,0
25119,0,0
-227507,0,0
-411488,0,0
-587055,0,0
-443147,0,0
-437470,0,0
-49058,0,0
324280,0,0
503545,0,0
374103,0,0
163321,0,0
-295453,0,0
-504509,0,0
-412436,0,0
-542952,0,0
-311723,0,0
48907,0,0
297553,0,0
376462,0,0
365457,0,0
36335,0,0
-270198,0,0
-472028,0,0
-648963,0,0
-467661,0,0
-446396,0,0
-56607,0,0
251560,0,0
418884,0,0
333224,0,0
127058,0,0
-329127,0,0
-536731,0,0
-453235,0,0
-592899,0,0
-404552,0,0
-54487,0,0
183109,0,0
348320,0,0
391253,0,0
37445,0,0
-229083,0,0
-477319,0,0
-644039,0,0
-504015,0,0
-575957,0,0
-234902,0,0
157587,0,0
352868,0,0
317848,0,0
271143,0,0
-225200,0,0
-515644,0,0
-480632,0,0
-644823,0,0
-531641,0,0
-274196,0,0
35287,0,0
278593,0,0
346105,0,0
119959,0,0
-17890,0,0
-375357,0,0
-673781,0,0
-549534,0,0
-636994,0,0
-445739,0,0
13898,0,0
292966,0,0
285050,0,0
372929,0,0
-39275,0,0
-413055,0,0
-514949,0,0
-663060,0,0
-556439,0,0
-473934,0,0
-148047,0,0
166533,0,0
281795,0,0
154971,0,0
201075,0,0
-207483,0,0
-615837,0,0
-548035,0,0
-597952,0,0
-591232,0,0
-298407,0,0
78433,0,0
223254,0,0
489435,0,0
188347,0,0
-129151,0,0
-387279,0,0
-576330,0,0
-540141,0,0
-494634,0,0
-285410,0,0
126790,0,0
343948,0,0
212603,0,0
379999,0,0
56332,0,0
-372326,0,0
-440021,0,0
-507432,0,0
-499918,0,0
-311904,0,0
115686,0,0
380624,0,0
693171,0,0
304498,0,0
-33833,0,0
-290376,0,0
-462562,0,0
-444458,0,0
-387474,0,0
-198887,0,0
205964,0,0
486360,0,0
305207,0,0
353594,0,0
-10535,0,0
-436491,0,0
-466637,0,0
-498229,0,0
-526979,0,0
-279214,0,0
155624,0,0
378655,0,0
594456,0,0
215776,0,0
-123106,0,0
-367646,0,0
-585320,0,0
-534842,0,0
-490852,0,0
-304492,0,0
80501,0,0
322928,0,0
158713,0,0
295026,0,0
-21032,0,0
-444832,0,0
-523809,0,0
-611686,0,0
-607952,0,0
-481654,0,0
-81956,0,0
135736,0,0
409919,0,0
215821,0,0
39829,0,0
-265203,0,0
-564645,0,0
-602399,0,0
-612238,0,0
-587803,0,0
-223783,0,0
106835,0,0
90689,0,0
324988,0,0
230609,0,0
-151136,0,0
-417874,0,0
-613674,0,0
-617154,0,0
-598339,0,0
-424450,0,0
-55611,0,0
405679,0,0
303017,0,0
293381,0,0
28651,0,0
-442239,0,0
-587520,0,0
-566406,0,0
-599074,0,0
-436061,0,0
-50469,0,0
64469,0,0
384782,0,0
325956,0,0
88545,0,0
-181912,0,0
-449859,0,0
-570786,0,0
-569489,0,0
-498046,0,0
-233018,0,0
321847,0,0
391832,0,0
430437,0,0
278158,0,0
-182702,0,0
-419681,0,0
-499796,0,0
-545706,0,0
-470907,0,0
-78530,0,0
107853,0,0
487410,0,0
424939,0,0
192956,0,0
-40898,0,0
-373077,0,0
-476361,0,0
-486531,0,0
-455723,0,0
-203217,0,0
353928,0,0
384748,0,0
408345,0,0
306208,0,0
-166665,0,0
-426554,0,0
-472090,0,0
-533027,0,0
-494082,0,0
-144682,0,0
46195,0,0
458465,0,0
416193,0,0
169692,0,0
-65468,0,0
-419099,0,0
-515403,0,0
-565790,0,0
-503785,0,0
-260184,0,0
315025,0,0
328077,0,0
398133,0,0
336150,0,0
-137099,0,0
-420301,0,0
-515173,0,0
-541090,0,0
-478560,0,0
-178793,0,0
19130,0,0
374899,0,0
389786,0,0
215273,0,0
10212,0,0
-371353,0,0
-509474,0,0
-539796,0,0
-521489,0,0
-320262,0,0
274618,0,0
360970,0,0
388124,0,0
338429,0,0
-135390,0,0
-448075,0,0
-540866,0,0
-593520,0,0
-524909,0,0
-233950,0,0
-1306,0,0
394514,0,0
341723,0,0
148852,0,0
-664,0,0
-370918,0,0
-570456,0,0
-583101,0,0
-510525,0,0
-408952,0,0
138985,0,0
206773,0,0
311491,0,0
369053,0,0
-64862,0,0
-371736,0,0
-558129,0,0
-646940,0,0
-604094,0,0
-453671,0,0
-209814,0,0
237623,0,0
284686,0,0
196671,0,0
182035,0,0
-257860,0,0
-543914,0,0
-602365,0,0
-617953,0,0
-591770,0,0
-149493,0,0
59639,0,0
295233,0,0
420770,0,0
170205,0,0
-109202,0,0
-429189,0,0
-592455,0,0
-579157,0,0
-505667,0,0
-360902,0,0
143475,0,0
399028,0,0
294173,0,0
396210,0,0
-11577,0,0
-380467,0,0
-506429,0,0
-479283,0,0
-518302,0,0
-168492,0,0
52505,0,0
367853,0,0
569614,0,0
243435,0,0
-30552,0,0
-362028,0,0
-546655,0,0
-519044,0,0
-494386,0,0
-449057,0,0
116007,0,0
352810,0,0
260120,0,0
401110,0,0
12023,0,0
-368299,0,0
-523742,0,0
-551158,0,0
-596011,0,0
-296880,0,0
-46291,0,0
279231,0,0
476849,0,0
225188,0,0
79262,0,0
-320954,0,0
-554453,0,0
-572528,0,0
-528726,0,0
-572443,0,0
-60315,0,0
240957,0,0
245068,0,0
485327,0,0
136757,0,0
-250320,0,0
-489119,0,0
-541090,0,0
-585598,0,0
-335924,0,0
-189149,0,0
177078,0,0
520588,0,0
296219,0,0
218267,0,0
-157540,0,0
-507065,0,0
-588125,0,0
-514548,0,0
-609024,0,0
-125187,0,0
204814,0,0
215652,0,0
440080,0,0
189035,0,0
-141671,0,0
-442120,0,0
-552248,0,0
-591178,0,0
-452834,0,0
-380097,0,0
8376,0,0
416698,0,0
257752,0,0
292108,0,0
-35779,0,0
-435571,0,0
-587247,0,0
-547380,0,0
-686778,0,0
-411165,0,0
-74118,0,0
53158,0,0
394528,0,0
291665,0,0
82287,0,0
-279025,0,0
-526854,0,0
-616767,0,0
-497095,0,0
-610418,0,0
-256510,0,0
246239,0,0
215469,0,0
353794,0,0
242459,0,0
-146114,0,0
-436836,0,0
-540337,0,0
-697349,0,0
-504050,0,0
-324656,0,0
-71829,0,0
387820,0,0
370626,0,0
320202,0,0
52619,0,0
-335474,0,0
-523505,0,0
-434040,0,0
-549616,0,0
-334277,0,0
198615,0,0
280149,0,0
463503,0,0
420727,0,0
41582,0,0
-322332,0,0
-455414,0,0
-629525,0,0
-474477,0,0
-353853,0,0
-94182,0,0
422198,0,0
409515,0,0
347927,0,0
102244,0,0
-260360,0,0
-532567,0,0
-410049,0,0
-569483,0,0
-436264,0,0
54648,0,0
214729,0,0
416725,0,0
385822,0,0
120390,0,0
-207404,0,0
-458632,0,0
-673482,0,0
-524500,0,0
-494415,0,0
-266985,0,0
285906,0,0
339101,0,0
311556,0,0
218549,0,0
-122761,0,0
-434343,0,0
-424112,0,0
-566819,0,0
-482524,0,0
-72521,0,0
92230,0,0
391974,0,0
439317,0,0
231363,0,0
-88380,0,0
-383876,0,0
-628334,0,0
-475403,0,0
-497560,0,0
-315910,0,0
280230,0,0
367369,0,0
372043,0,0
310119,0,0
-34800,0,0
-418350,0,0
-437716,0,0
-566539,0,0
-473299,0,0
-71589,0,0
106214,0,0
388918,0,0
381375,0,0
252893,0,0
-47802,0,0
-376853,0,0
-637227,0,0
-490047,0,0
-557733,0,0
-434492,0,0
146931,0,0
306977,0,0
316224,0,0
320443,0,0
8938,0,0
-437977,0,0
-453011,0,0
-600007,0,0
-577705,0,0
-329525,0,0
-104644,0,0
277598,0,0
364266,0,0
267706,0,0
79193,0,0
-264180,0,0
-604481,0,0
-542806,0,0
-581608,0,0
-580079,0,0
-45177,0,0
182623,0,0
341857,0,0
372267,0,0
203069,0,0
-209723,0,0
-399848,0,0
-574312,0,0
-537955,0,0
-378135,0,0
-195487,0,0
262031,0,0
416588,0,0
324825,0,0
229661,0,0
-97263,0,0
-539659,0,0
-508759,0,0
-554492,0,0
-598278,0,0
-112564,0,0
177429,0,0
361051,0,0
437242,0,0
292406,0,0
-124314,0,0
-393474,0,0
-596525,0,0
-553577,0,0
-389599,0,0
-280874,0,0
161566,0,0
383794,0,0
382760,0,0
289715,0,0
-60051,0,0
-498976,0,0
-497414,0,0
-527994,0,0
-656076,0,0
-219810,0,0
101593,0,0
369469,0,0
454519,0,0
331745,0,0
-29114,0,0
-334987,0,0
-533279,0,0
-540045,0,0
-396406,0,0
-328111,0,0
154090,0,0
395709,0,0
353108,0,0
299821,0,0
-1690,0,0
-467030,0,0
-509435,0,0
-540341,0,0
-604832,0,0
-244007,0,0
75734,0,0
316740,0,0
403790,0,0
353067,0,0
-29135,0,0
-330967,0,0
-542685,0,0
-552791,0,0
-422660,0,0
-399968,0,0
74730,0,0
319816,0,0
322077,0,0
304844,0,0
46161,0,0
-429851,0,0
-526671,0,0
-557046,0,0
-659703,0,0
-359254,0,0
-32800,0,0
249777,0,0
352763,0,0
360442,0,0
47273,0,0
-261527,0,0
-524252,0,0
-533501,0,0
-414967,0,0
-499587,0,0
-29493,0,0
291457,0,0
386203,0,0
396538,0,0
171525,0,0
-312910,0,0
-512278,0,0
-541395,0,0
-622497,0,0
-278187,0,0
31398,0,0
318149,0,0
458362,0,0
394730,0,0
73667,0,0
-251678,0,0
-495868,0,0
-498761,0,0
-382765,0,0
-405767,0,0
77691,0,0
410673,0,0
378468,0,0
368925,0,0
56948,0,0
-399419,0,0
-466991,0,0
-514572,0,0
-646030,0,0
-277897,0,0
88465,0,0
367563,0,0
445529,0,0
357576,0,0
-7582,0,0
-319067,0,0
-536079,0,0
-526172,0,0
-402312,0,0
-363476,0,0
92303,0,0
372858,0,0
379222,0,0
343538,0,0
11256,0,0
-466955,0,0
-523921,0,0
-557785,0,0
-654497,0,0
-295963,0,0
48401,0,0
289715,0,0
394268,0,0
360537,0,0
-18088,0,0
-320256,0,0
-557387,0,0
-556671,0,0
-453046,0,0
-403670,0,0
62873,0,0
335025,0,0
287475,0,0
280267,0,0
28181,0,0
-453419,0,0
-499094,0,0
-536350,0,0
-670795,0,0
-361725,0,0
-21486,0,0
262374,0,0
364220,0,0
311411,0,0
3475,0,0
-294000,0,0
-539193,0,0
-591019,0,0
-464576,0,0
-519435,0,0
-42903,0,0
232709,0,0
276941,0,0
332114,0,0
124813,0,0
-330061,0,0
-506726,0,0
-570943,0,0
-688088,0,0
-428155,0,0
-187108,0,0
123728,0,0
313389,0,0
393614,0,0
187024,0,0
-161425,0,0
-523046,0,0
-557306,0,0
-474039,0,0
-597800,0,0
-167150,0,0
204594,0,0
329573,0,0
404054,0,0
264585,0,0
-191183,0,0
-412006,0,0
-523493,0,0
-625156,0,0
-405436,0,0
-181961,0,0
183091,0,0
429360,0,0
460074,0,0
209594,0,0
-96663,0,0
-480280,0,0
-517991,0,0
-393309,0,0
-511614,0,0
-110964,0,0
253229,0,0
361617,0,0
402115,0,0
240680,0,0
-201999,0,0
-443423,0,0
-535963,0,0
-630997,0,0
-400787,0,0
-189195,0,0
177430,0,0
413916,0,0
432460,0,0
209423,0,0
-108623,0,0
-468721,0,0
-527188,0,0
-419523,0,0
-560474,0,0
-102641,0,0
277776,0,0
368651,0,0
411317,0,0
218843,0,0
-252394,0,0
-449167,0,0
-501065,0,0
-632313,0,0
-393138,0,0
-140316,0,0
242360,0,0
432837,0,0
403553,0,0
180175,0,0
-138471,0,0
-482562,0,0
-522847,0,0
-394541,0,0
-500699,0,0
-44290,0,0
319827,0,0
387807,0,0
426135,0,0
170307,0,0
-296558,0,0
-481638,0,0
-513134,0,0
-608109,0,0
-347714,0,0
-43766,0,0
253499,0,0
424880,0,0
422694,0,0
105540,0,0
-180342,0,0
-490689,0,0
-524253,0,0
-405204,0,0
-473732,0,0
721,0,0
326484,0,0
372565,0,0
378053,0,0
94775,0,0
-396834,0,0
-509167,0,0
-530916,0,0
-644347,0,0
-337769,0,0
-31777,0,0
286291,0,0
443937,0,0
368491,0,0
31119,0,0
-266161,0,0
-548579,0,0
-527252,0,0
-396765,0,0
-396060,0,0
112923,0,0
375682,0,0
369451,0,0
313316,0,0
16870,0,0
-468671,0,0
-506980,0,0
-538765,0,0
-632776,0,0
-222204,0,0
70369,0,0
311753,0,0
383134,0,0
291313,0,0
-54411,0,0
-308197,0,0
-556576,0,0
-574881,0,0
-460637,0,0
-383776,0,0
112993,0,0
383693,0,0
353715,0,0
264898,0,0
-53768,0,0
-498794,0,0
-543588,0,0
-575048,0,0
-660940,0,0
-262486,0,0
65890,0,0
296659,0,0
371499,0,0
296468,0,0
-68511,0,0
-342067,0,0
-562864,0,0
-566068,0,0
-450178,0,0
-371869,0,0
57978,0,0
375124,0,0
367943,0,0
306441,0,0
210,0,0
-486451,0,0
-519471,0,0
-549165,0,0
-639410,0,0
-246485,0,0
61741,0,0
305404,0,0
419885,0,0
312136,0,0
-37993,0,0
-288946,0,0
-549901,0,0
-557694,0,0
-454011,0,0
-413631,0,0
73375,0,0
348016,0,0
344769,0,0
287693,0,0
-1704,0,0
-465024,0,0
-527804,0,0
-557728,0,0
-627613,0,0
-252891,0,0
44592,0,0
277663,0,0
431959,0,0
377894,0,0
1598,0,0
-291194,0,0
-540982,0,0
-541633,0,0
-362953,0,0
-281049,0,0
182550,0,0
428739,0,0
422242,0,0
282826,0,0
-56406,0,0
-509511,0,0
-476444,0,0
-500345,0,0
-594768,0,0
-101148,0,0
152317,0,0
397256,0,0
508995,0,0
270103,0,0
-166449,0,0
-381303,0,0
-552041,0,0
-465924,0,0
-307683,0,0
-154578,0,0
304728,0,0
482823,0,0
388095,0,0
143701,0,0
-220308,0,0
-603337,0,0
-498472,0,0
-543413,0,0
-547807,0,0
44871,0,0
294586,0,0
400954,0,0
365636,0,0
84134,0,0
-324121,0,0
-423470,0,0
-569592,0,0
-538549,0,0
-306741,0,0
-79384,0,0
339341,0,0
407869,0,0
258555,0,0
44836,0,0
-308939,0,0
-618774,0,0
-514465,0,0
-579318,0,0
-533481,0,0
73399,0,0
262975,0,0
336411,0,0
341858,0,0
67042,0,0
-353402,0,0
-430068,0,0
-595746,0,0
-551905,0,0
-331762,0,0
-101462,0,0
301004,0,0
426393,0,0
325879,0,0
33127,0,0
-354188,0,0
-688899,0,0
-539233,0,0
-568393,0,0
-549853,0,0
-1296,0,0
224362,0,0
307214,0,0
364239,0,0
84213,0,0
-341560,0,0
-436568,0,0
-607031,0,0
-563582,0,0
-346544,0,0
-150320,0,0
272679,0,0
414533,0,0
323337,0,0
76511,0,0
-283726,0,0
-657650,0,0
-543821,0,0
-598003,0,0
-586340,0,0
-16549,0,0
244051,0,0
329163,0,0
357188,0,0
110058,0,0
-308144,0,0
-420099,0,0
-596011,0,0
-583466,0,0
-401076,0,0
-179257,0,0
276456,0,0
429369,0,0
318355,0,0
122743,0,0
-222845,0,0
-606374,0,0
-487408,0,0
-519778,0,0
-595081,0,0
-15765,0,0
248848,0,0
363142,0,0
412132,0,0
173017,0,0
-226847,0,0
-372015,0,0
-576780,0,0
-553432,0,0
-358569,0,0
-168339,0,0
274782,0,0
409375,0,0
295593,0,0
142529,0,0
-202216,0,0
-622825,0,0
-519765,0,0
-565695,0,0
-617585,0,0
-105571,0,0
151739,0,0
300884,0,0
395334,0,0
204715,0,0
-228485,0,0
-408172,0,0
-578886,0,0
-557441,0,0
-433013,0,0
-282981,0,0
174882,0,0
362167,0,0
332724,0,0
184875,0,0
-139724,0,0
-587591,0,0
-568455,0,0
-587986,0,0
-624734,0,0
-202181,0,0
46817,0,0
232128,0,0
351297,0,0
276859,0,0
-93744,0,0
-346922,0,0
-615018,0,0
-581719,0,0
-451563,0,0
-413022,0,0
53597,0,0
333988,0,0
327515,0,0
297320,0,0
24446,0,0
-461076,0,0
-534130,0,0
-560732,0,0
-647886,0,0
-362032,0,0
-75304,0,0
228145,0,0
405124,0,0
374629,0,0
81356,0,0
-243618,0,0
-537812,0,0
-556207,0,0
-453302,0,0
-529810,0,0
-76576,0,0
242765,0,0
306624,0,0
374639,0,0
185376,0,0
-269996,0,0
-448048,0,0
-550432,0,0
-666306,0,0
-407172,0,0
-146725,0,0
200381,0,0
407713,0,0
420430,0,0
193829,0,0
-112320,0,0
-501875,0,0
-530139,0,0
-385398,0,0
-512605,0,0
-93034,0,0
235690,0,0
364536,0,0
444391,0,0
226176,0,0
-265496,0,0
-454187,0,0
-498330,0,0
-624084,0,0
-375589,0,0
-136657,0,0
265023,0,0
463932,0,0
424892,0,0
167860,0,0
-143707,0,0
-465049,0,0
-525307,0,0
-433182,0,0
-520389,0,0
-74891,0,0
289214,0,0
395736,0,0
402846,0,0
195498,0,0
-277018,0,0
-469135,0,0
-530982,0,0
-609381,0,0
-397685,0,0
-112017,0,0
246839,0,0
412848,0,0
424855,0,0
135038,0,0
-154182,0,0
-481982,0,0
-489811,0,0
-382364,0,0
-504268,0,0
-41755,0,0
319347,0,0
381221,0,0
419511,0,0
154646,0,0
-336326,0,0
-469150,0,0
-544812,0,0
-654864,0,0
-352804,0,0
-41118,0,0
324290,0,0
450798,0,0
415371,0,0
100839,0,0
-200748,0,0
-499094,0,0
-512584,0,0
-365765,0,0
-356299,0,0
126848,0,0
445310,0,0
441391,0,0
358552,0,0
23044,0,0
-464065,0,0
-482145,0,0
-510353,0,0
-605809,0,0
-176192,0,0
157222,0,0
383998,0,0
434097,0,0
277602,0,0
-102289,0,0
-297712,0,0
-540677,0,0
-536565,0,0
-418404,0,0
-285415,0,0
232632,0,0
462403,0,0
356921,0,0
241179,0,0
-108845,0,0
-561708,0,0
-518061,0,0
-518827,0,0
-581789,0,0
-97053,0,0
164041,0,0
347262,0,0
463943,0,0
262266,0,0
-160801,0,0
-331702,0,0
-520635,0,0
-506397,0,0
-314259,0,0
-164552,0,0
309857,0,0
495676,0,0
361567,0,0
160596,0,0
-201560,0,0
-599188,0,0
-501267,0,0
-569336,0,0
-486078,0,0
131994,0,0
342828,0,0
401402,0,0
379122,0,0
64961,0,0
-329627,0,0
-370110,0,0
-568822,0,0
-532847,0,0
-154966,0,0
34012,0,0
410101,0,0
478840,0,0
232477,0,0
-79208,0,0
-388484,0,0
-657168,0,0
-490722,0,0
-545937,0,0
-376061,0,0
246893,0,0
329801,0,0
296552,0,0
274011,0,0
-83772,0,0
-457505,0,0
-402340,0,0
-568498,0,0
-547723,0,0
-63921,0,0
113612,0,0
423955,0,0
493081,0,0
163426,0,0
-203177,0,0
-480049,0,0
-717446,0,0
-460876,0,0
-408293,0,0
-176808,0,0
403906,0,0
418387,0,0
407843,0,0
166707,0,0
-238815,0,0
-517854,0,0
-378022,0,0
-578489,0,0
-294007,0,0
408124,0,0
450847,0,0
511576,0,0
332637,0,0
-118652,0,0
-448676,0,0
-496300,0,0
-591301,0,0
-440392,0,0
-210587,0,0
18141,0,0
489883,0,0
372981,0,0
182289,0,0
-112212,0,0
-390635,0,0
-584077,0,0
-521292,0,0
-597283,0,0
-183403,0,0
369293,0,0
249553,0,0
318811,0,0
200562,0,0
-183482,0,0
-467082,0,0
-515501,0,0
-702268,0,0
-497998,0,0
-143115,0,0
47621,0,0
552867,0,0
435629,0,0
159658,0,0
-235210,0,0
-506850,0,0
-562775,0,0
-322414,0,0
-457208,0,0
-24829,0,0
465870,0,0
355868,0,0
383873,0,0
42228,0,0
-366984,0,0
-486644,0,0
-499538,0,0
-641622,0,0
-272463,0,0
60731,0,0
189260,0,0
530208,0,0
338345,0,0
-11464,0,0
-379560,0,0
-585519,0,0
-549802,0,0
-271051,0,0
-285780,0,0
91669,0,0
479282,0,0
433738,0,0
309792,0,0
-167630,0,0
-546783,0,0
-590523,0,0
-498734,0,0
-585383,0,0
-82794,0,0
254636,0,0
285171,0,0
530833,0,0
178864,0,0
-218383,0,0
-484310,0,0
-519484,0,0
-563973,0,0
-152467,0,0
15735,0,0
378495,0,0
539162,0,0
253955,0,0
-9782,0,0
-374797,0,0
-519490,0,0
-503906,0,0
-463947,0,0
-371094,0,0
105606,0,0
376683,0,0
298514,0,0
372558,0,0
-63078,0,0
-449432,0,0
-569065,0,0
-552005,0,0
-571971,0,0
-64151,0,0
149157,0,0
336465,0,0
414661,0,0
117916,0,0
-183554,0,0
-450666,0,0
-600456,0,0
-546874,0,0
-516431,0,0
-334650,0,0
233983,0,0
299570,0,0
217925,0,0
221923,0,0
-233829,0,0
-501230,0,0
-561497,0,0
-593458,0,0
-539306,0,0
-16549,0,0
170003,0,0
350831,0,0
413932,0,0
54804,0,0
-267987,0,0
-528312,0,0
-637510,0,0
-567211,0,0
-461768,0,0
-274916,0,0
267483,0,0
374460,0,0
275176,0,0
209409,0,0
-214399,0,0
-504771,0,0
-567180,0,0
-583326,0,0
-547978,0,0
-35533,0,0
171557,0,0
382907,0,0
445066,0,0
54355,0,0
-310926,0,0
-524773,0,0
-589162,0,0
-589606,0,0
-457672,0,0
-228962,0,0
240336,0,0
405151,0,0
342665,0,0
197454,0,0
-258008,0,0
-483294,0,0
-538198,0,0
-564263,0,0
-444174,0,0
178677,0,0
301896,0,0
444806,0,0
442081,0,0
-18262,0,0
-363416,0,0
-554103,0,0
-589588,0,0
-534332,0,0
-299321,0,0
-60769,0,0
453179,0,0
401701,0,0
134892,0,0
2794,0,0
-377282,0,0
-482112,0,0
-516753,0,0
-536990,0,0
-397588,0,0
180826,0,0
354961,0,0
454784,0,0
322957,0,0
-154900,0,0
-432909,0,0
-523326,0,0
-545096,0,0
-529406,0,0
-248161,0,0
-66956,0,0
352109,0,0
346060,0,0
196822,0,0
-26444,0,0
-420547,0,0
-551929,0,0
-592883,0,0
-547317,0,0
-272685,0,0
302650,0,0
302717,0,0
437800,0,0
258555,0,0
-233326,0,0
-470118,0,0
-522543,0,0
-570017,0,0
-465397,0,0
-167760,0,0
4099,0,0
373852,0,0
371764,0,0
160994,0,0
-102533,0,0
-457402,0,0
-509469,0,0
-540490,0,0
-570740,0,0
-231618,0,0
401560,0,0
405911,0,0
430463,0,0
198770,0,0
-263586,0,0
-460650,0,0
-486225,0,0
-546258,0,0
-414797,0,0
-9652,0,0
80761,0,0
376115,0,0
334174,0,0
100458,0,0
-135681,0,0
-453100,0,0
-565235,0,0
-559395,0,0
-431456,0,0
-75289,0,0
461703,0,0
320367,0,0
356974,0,0
116177,0,0
-326352,0,0
-474174,0,0
-489797,0,0
-590774,0,0
-417147,0,0
22826,0,0
148945,0,0
473695,0,0
407404,0,0
14649,0,0
-289332,0,0
-542415,0,0
-592931,0,0
-565234,0,0
-374323,0,0
10134,0,0
479946,0,0
373743,0,0
304236,0,0
-6803,0,0
-476258,0,0
-500476,0,0
-536440,0,0
-594373,0,0
-350755,0,0
32830,0,0
129031,0,0
409935,0,0
352142,0,0
-43913,0,0
-343418,0,0
-578114,0,0
-612112,0,0
-623108,0,0
-440063,0,0
-22665,0,0
505907,0,0
341544,0,0
289073,0,0
22320,0,0
-458387,0,0
-575527,0,0
-567237,0,0
-587242,0,0
-377053,0,0
52646,0,0
118400,0,0
373289,0,0
280446,0,0
-16559,0,0
-282686,0,0
-535040,0,0
-577560,0,0
-542859,0,0
-461200,0,0
-89622,0,0
402275,0,0
362886,0,0
394258,0,0
107375,0,0
-362369,0,0
-472500,0,0
-489331,0,0
-517410,0,0
-290901,0,0
74101,0,0
134171,0,0
428418,0,0
369223,0,0
13994,0,0
-256922,0,0
-561781,0,0
-594953,0,0
-529999,0,0
-372731,0,0
11454,0,0
490107,0,0
365762,0,0
273940,0,0
4708,0,0
-478542,0,0
-542646,0,0
-471077,0,0
-548296,0,0
-339411,0,0
46193,0,0
140290,0,0
372129,0,0
301539,0,0
-15945,0,0
-288903,0,0
-522968,0,0
-528165,0,0
-534613,0,0
-392399,0,0
1021,0,0
458416,0,0
356071,0,0
345197,0,0
40166,0,0
-463047,0,0
-518499,0,0
-508577,0,0
-530772,0,0
-280478,0,0
42628,0,0
159546,0,0
463669,0,0
326906,0,0
-66259,0,0
-321803,0,0
-546576,0,0
-554915,0,0
-546663,0,0
-326457,0,0
41835,0,0
439610,0,0
374385,0,0
310335,0,0
-7727,0,0
-423551,0,0
-488768,0,0
-519779,0,0
-532714,0,0
-317790,0,0
79940,0,0
211649,0,0
439897,0,0
347137,0,0
-55607,0,0
-335973,0,0
-621378,0,0
-612816,0,0
-521080,0,0
-262169,0,0
122865,0,0
501119,0,0
322558,0,0
234971,0,0
-48138,0,0
-459994,0,0
-489494,0,0
-480419,0,0
-564044,0,0
-189774,0,0
224524,0,0
205305,0,0
443458,0,0
269687,0,0
-153706,0,0
-364653,0,0
-493060,0,0
-531571,0,0
-505464,0,0
-209856,0,0
153480,0,0
502814,0,0
383455,0,0
197466,0,0
-76936,0,0
-500707,0,0
-469691,0,0
-500418,0,0
-535680,0,0
-89712,0,0
302418,0,0
231374,0,0
437515,0,0
191313,0,0
-281197,0,0
-449029,0,0
-545343,0,0
-612066,0,0
-473464,0,0
-46072,0,0
297332,0,0
564221,0,0
259275,0,0
25211,0,0
-256962,0,0
-566660,0,0
-465717,0,0
-504625,0,0
-484019,0,0
-77693,0,0
325416,0,0
337384,0,0
386657,0,0
57964,0,0
-396423,0,0
-457069,0,0
-535657,0,0
-497310,0,0
-343613,0,0
-10053,0,0
250596,0,0
552795,0,0
326243,0,0
23890,0,0
-282779,0,0
-597768,0,0
-489695,0,0
-455181,0,0
-333907,0,0
67570,0,0
330038,0,0
146579,0,0
349741,0,0
85101,0,0
-364437,0,0
-465607,0,0
-631867,0,0
-583965,0,0
-379501,0,0
43881,0,0
263856,0,0
499275,0,0
257933,0,0
-25651,0,0
-278898,0,0
-597741,0,0
-524203,0,0
-508987,0,0
-389550,0,0
62069,0,0
367274,0,0
336517,0,0
379978,0,0
-1348,0,0
-465061,0,0
-436680,0,0
-530109,0,0
-577146,0,0
-295733,0,0
165835,0,0
423689,0,0
499695,0,0
191904,0,0
-137013,0,0
-250955,0,0
-554618,0,0
-496382,0,0
-492731,0,0
-178216,0,0
274755,0,0
419271,0,0
272963,0,0
219027,0,0
-191135,0,0
-594198,0,0
-409330,0,0
-477706,0,0
-506845,0,0
-149415,0,0
202363,0,0
409062,0,0
562573,0,0
126729,0,0
-274852,0,0
-346181,0,0
-565193,0,0
-491105,0,0
-434681,0,0
-103856,0,0
305565,0,0
517047,0,0
292808,0,0
123909,0,0
-267251,0,0
-623506,0,0
-426370,0,0
-555284,0,0
-404811,0,0
23337,0,0
222709,0,0
385782,0,0
458088,0,0
35073,0,0
-409223,0,0
-417346,0,0
-619431,0,0
-524446,0,0
-340206,0,0
-2427,0,0
261247,0,0
549265,0,0
262947,0,0
-38058,0,0
-430893,0,0
-630800,0,0
-394052,0,0
-499580,0,0
-336547,0,0
109181,0,0
462781,0,0
317208,0,0
442626,0,0
43908,0,0
-431210,0,0
-495207,0,0
-564399,0,0
-379437,0,0
-149344,0,0
212647,0,0
447920,0,0
457207,0,0
138750,0,0
-201096,0,0
-533089,0,0
-691391,0,0
-441724,0,0
-509023,0,0
-132855,0,0
334593,0,0
405612,0,0
275576,0,0
118423,0,0
-276229,0,0
-510161,0,0
-482208,0,0
-715330,0,0
-413835,0,0
-133788,0,0
141403,0,0
468562,0,0
358766,0,0
86290,0,0
-224214,0,0
-545199,0,0
-730308,0,0
-464224,0,0
-504890,0,0
-212190,0,0
211747,0,0
434036,0,0
491866,0,0
261261,0,0
-283092,0,0
-593617,0,0
-540566,0,0
-603513,0,0
-301663,0,0
-24591,0,0
114516,0,0
348821,0,0
404040,0,0
78760,0,0
-227325,0,0
-494362,0,0
-702611,0,0
-535807,0,0
-500687,0,0
-69722,0,0
403616,0,0
462141,0,0
409581,0,0
84096,0,0
-446893,0,0
-574768,0,0
-380744,0,0
-555628,0,0
-235706,0,0
117299,0,0
260326,0,0
403299,0,0
313934,0,0
-96108,0,0
-342691,0,0
-547363,0,0
-698126,0,0
-494933,0,0
-368270,0,0
21705,0,0
340586,0,0
443134,0,0
280462,0,0
-8538,0,0
-441114,0,0
-570543,0,0
-424982,0,0
-654588,0,0
-257345,0,0
118582,0,0
347042,0,0
442203,0,0
334823,0,0
-172373,0,0
-439222,0,0
-599603,0,0
-683512,0,0
-426836,0,0
-238671,0,0
179256,0,0
449469,0,0
364601,0,0
216537,0,0
-28612,0,0
-433255,0,0
-538510,0,0
-407783,0,0
-521663,0,0
-101296,0,0
285959,0,0
351381,0,0
392837,0,0
164885,0,0
-302194,0,0
-439740,0,0
-518258,0,0
-621457,0,0
-341157,0,0
-103840,0,0
164887,0,0
419961,0,0
454305,0,0
126866,0,0
-159426,0,0
-500807,0,0
-501223,0,0
-373613,0,0
-406697,0,0
118501,0,0
441849,0,0
369745,0,0
362911,0,0
23832,0,0
-494486,0,0
-517374,0,0
-544393,0,0
-563394,0,0
-137831,0,0
164800,0,0
432840,0,0
555058,0,0
213486,0,0
-199406,0,0
-346468,0,0
-561913,0,0
-528323,0,0
-363008,0,0
-124417,0,0
358105,0,0
499531,0,0
333596,0,0
85663,0,0
-289467,0,0
-632608,0,0
-518406,0,0
-563811,0,0
-474691,0,0
113560,0,0
297074,0,0
358778,0,0
352670,0,0
9637,0,0
-393389,0,0
-392123,0,0
-551858,0,0
-496878,0,0
-290181,0,0
-52463,0,0
325197,0,0
440981,0,0
240273,0,0
-62926,0,0
-398642,0,0
-684179,0,0
-530706,0,0
-594946,0,0
-423118,0,0
204825,0,0
315660,0,0
300708,0,0
299789,0,0
-63471,0,0
-449849,0,0
-456681,0,0
-609021,0,0
-523887,0,0
-147393,0,0
65496,0,0
394179,0,0
402658,0,0
171536,0,0
-156438,0,0
-418350,0,0
-682107,0,0
-519184,0,0
-548065,0,0
-278526,0,0
305614,0,0
354119,0,0
291916,0,0
239903,0,0
-123847,0,0
-453992,0,0
-432787,0,0
-618904,0,0
-536233,0,0
-39302,0,0
207482,0,0
536566,0,0
410390,0,0
96188,0,0
-256849,0,0
-491202,0,0
-692202,0,0
-494333,0,0
-409507,0,0
-179576,0,0
365178,0,0
378942,0,0
361086,0,0
167163,0,0
-229192,0,0
-524127,0,0
-456531,0,0
-620789,0,0
-387751,0,0
117522,0,0
257379,0,0
512104,0,0
363190,0,0
-64471,0,0
-412178,0,0
-501267,0,0
-677208,0,0
-502448,0,0
-359026,0,0
-48021,0,0
429492,0,0
411436,0,0
304434,0,0
4952,0,0
-417953,0,0
-574705,0,0
-428273,0,0
-594638,0,0
-273832,0,0
218868,0,0
268989,0,0
442019,0,0
291183,0,0
-146487,0,0
-462311,0,0
-533835,0,0
-655843,0,0
-482706,0,0
-267716,0,0
-28542,0,0
458699,0,0
341821,0,0
223895,0,0
-72612,0,0
-439194,0,0
-598711,0,0
-458369,0,0
-591344,0,0
-215612,0,0
286166,0,0
268859,0,0
407432,0,0
233097,0,0
-179666,0,0
-457864,0,0
-527353,0,0
-690022,0,0
-477303,0,0
-167776,0,0
95209,0,0
531558,0,0
363538,0,0
176707,0,0
-131522,0,0
-452475,0,0
-589981,0,0
-444861,0,0
-509500,0,0
-73907,0,0
384052,0,0
357984,0,0
411192,0,0
99548,0,0
-345962,0,0
-516786,0,0
-531633,0,0
-660769,0,0
-419603,0,0
-101841,0,0
115877,0,0
469278,0,0
374094,0,0
108681,0,0
-233846,0,0
-509352,0,0
-599946,0,0
-487600,0,0
-509291,0,0
-19040,0,0
417740,0,0
288980,0,0
329562,0,0
50094,0,0
-372889,0,0
-543658,0,0
-539901,0,0
-652223,0,0
-420851,0,0
-101720,0,0
104409,0,0
444615,0,0
291002,0,0
77362,0,0
-268713,0,0
-524106,0,0
-596179,0,0
-480989,0,0
-578851,0,0
-195675,0,0
276360,0,0
257387,0,0
374721,0,0
123452,0,0
-277013,0,0
-524835,0,0
-556241,0,0
-675963,0,0
-490891,0,0
-201056,0,0
77727,0,0
471991,0,0
300112,0,0
177876,0,0
-112801,0,0
-405885,0,0
-555639,0,0
-456729,0,0
-563685,0,0
-190500,0,0
306172,0,0
295011,0,0
429035,0,0
207502,0,0
-210419,0,0
-470463,0,0
-514889,0,0
-657235,0,0
-463443,0,0
-226017,0,0
61289,0,0
505959,0,0
357251,0,0
169871,0,0
-126220,0,0
-423334,0,0
-576491,0,0
-472692,0,0
-613680,0,0
-235170,0,0
258561,0,0
249875,0,0
380618,0,0
204380,0,0
-173588,0,0
-439339,0,0
-535813,0,0
-706743,0,0
-558314,0,0
-345625,0,0
-75826,0,0
401076,0,0
325252,0,0
248954,0,0
17023,0,0
-385030,0,0
-574120,0,0
-467668,0,0
-633781,0,0
-394841,0,0
143177,0,0
256731,0,0
428082,0,0
344044,0,0
-26425,0,0
-339348,0,0
-500418,0,0
-664716,0,0
-522474,0,0
-365864,0,0
-27398,0,0
478145,0,0
443420,0,0
357854,0,0
64427,0,0
-336640,0,0
-544251,0,0
-415167,0,0
-584330,0,0
-242241,0,0
310439,0,0
386813,0,0
474832,0,0
284996,0,0
-85585,0,0
-371926,0,0
-455000,0,0
-595243,0,0
-421119,0,0
-207792,0,0
86033,0,0
464212,0,0
377033,0,0
289304,0,0
-19020,0,0
-360283,0,0
-496950,0,0
-380765,0,0
-551464,0,0
-125000,0,0
395248,0,0
435948,0,0
521965,0,0
158092,0,0
-278125,0,0
-483976,0,0
-481921,0,0
-576784,0,0
-330343,0,0
-28325,0,0
183881,0,0
541956,0,0
393907,0,0
126256,0,0
-221110,0,0
-434156,0,0
-507058,0,0
-338543,0,0
-297351,0,0
229861,0,0
518986,0,0
343894,0,0
361551,0,0
-11358,0,0
-405523,0,0
-474020,0,0
-488788,0,0
-570076,0,0
-113688,0,0
243087,0,0
357886,0,0
534179,0,0
227722,0,0
-179567,0,0
-485874,0,0
-503865,0,0
-553342,0,0
-321289,0,0
-38136,0,0
341062,0,0
512712,0,0
288358,0,0
49108,0,0
-331372,0,0
-536720,0,0
-536005,0,0
-530389,0,0
-461273,0,0
71499,0,0
339069,0,0
300909,0,0
377460,0,0
11677,0,0
-344007,0,0
-506071,0,0
-575862,0,0
-552410,0,0
-71328,0,0
192488,0,0
485827,0,0
490708,0,0
130812,0,0
-180281,0,0
-421981,0,0
-552497,0,0
-508892,0,0
-395500,0,0
-145461,0,0
416116,0,0
442741,0,0
308600,0,0
150067,0,0
-259453,0,0
-485247,0,0
-484767,0,0
-490503,0,0
-328343,0,0
326008,0,0
440718,0,0
557970,0,0
345887,0,0
-193008,0,0
-415109,0,0
-493070,0,0
-501233,0,0
-386809,0,0
-6029,0,0
186671,0,0
442987,0,0
323202,0,0
68346,0,0
-187339,0,0
-487958,0,0
-554474,0,0
-537830,0,0
-426486,0,0
13571,0,0
456246,0,0
398257,0,0
306677,0,0
-3510,0,0
-495345,0,0
-525174,0,0
-541270,0,0
-601127,0,0
-316521,0,0
85028,0,0
132434,0,0
376635,0,0
237410,0,0
-103365,0,0
-328379,0,0
-566572,0,0
-608084,0,0
-533392,0,0
-336243,0,0
29978,0,0
437513,0,0
382125,0,0
274311,0,0
-25219,0,0
-477146,0,0
-478792,0,0
-492192,0,0
-496566,0,0
-133877,0,0
291887,0,0
332074,0,0
520808,0,0
231335,0,0
-257030,0,0
-404991,0,0
-510353,0,0
-522100,0,0
-285296,0,0
177262,0,0
464607,0,0
602317,0,0
253683,0,0
-73975,0,0
-247611,0,0
-552375,0,0
-482543,0,0
-399440,0,0
-92331,0,0
285412,0,0
351293,0,0
307633,0,0
183094,0,0
-219854,0,0
-587300,0,0
-495213,0,0
-634427,0,0
-478239,0,0
-7096,0,0
317457,0,0
389962,0,0
381753,0,0
-51632,0,0
-376869,0,0
-464167,0,0
-677803,0,0
-542107,0,0
-391047,0,0
-102380,0,0
232072,0,0
326621,0,0
217016,0,0
28556,0,0
-375938,0,0
-674110,0,0
-507890,0,0
-638196,0,0
-418387,0,0
76769,0,0
290036,0,0
353973,0,0
354568,0,0
-57690,0,0
-410752,0,0
-414639,0,0
-660493,0,0
-476027,0,0
-231850,0,0
2423,0,0
327964,0,0
447529,0,0
202621,0,0
-96577,0,0
-464437,0,0
-691504,0,0
-485298,0,0
-588815,0,0
-295518,0,0
137709,0,0
325519,0,0
343867,0,0
252222,0,0
-189899,0,0
-478828,0,0
-474366,0,0
-656794,0,0
-549159,0,0
-269322,0,0
26532,0,0
331037,0,0
360986,0,0
157148,0,0
-113129,0,0
-445293,0,0
-683902,0,0
-532342,0,0
-606813,0,0
-330095,0,0
120444,0,0
362947,0,0
368686,0,0
269617,0,0
-156063,0,0
-424106,0,0
-416232,0,0
-655200,0,0
-489989,0,0
-176586,0,0
111992,0,0
348444,0,0
409810,0,0
144319,0,0
-114179,0,0
-429961,0,0
-657551,0,0
-463498,0,0
-549110,0,0
-215911,0,0
174522,0,0
354428,0,0
393251,0,0
277671,0,0
-174429,0,0
-453321,0,0
-422516,0,0
-673762,0,0
-477254,0,0
-112661,0,0
202562,0,0
395047,0,0
396166,0,0
90170,0,0
-210484,0,0
-496308,0,0
-633660,0,0
-449430,0,0
-487256,0,0
-105358,0,0
273154,0,0
445306,0,0
387440,0,0
185945,0,0
-260164,0,0
-494411,0,0
-444605,0,0
-649102,0,0
-348671,0,0
107349,0,0
330784,0,0
431427,0,0
314110,0,0
-62378,0,0
-345517,0,0
-532260,0,0
-631457,0,0
-445918,0,0
-395280,0,0
-264,0,0
352007,0,0
463960,0,0
335810,0,0
43547,0,0
-420816,0,0
-509364,0,0
-456750,0,0
-633242,0,0
-223150,0,0
183343,0,0
280868,0,0
354900,0,0
258599,0,0
-165480,0,0
-394721,0,0
-576308,0,0
-657671,0,0
-484683,0,0
-315637,0,0
50003,0,0
333481,0,0
360959,0,0
240669,0,0
-27565,0,0
-472193,0,0
-546394,0,0
-481803,0,0
-642125,0,0
-251060,0,0
141003,0,0
257549,0,0
359588,0,0
274869,0,0
-155362,0,0
-381122,0,0
-582936,0,0
-689586,0,0
-470617,0,0
-310861,0,0
58067,0,0
386551,0,0
361268,0,0
262828,0,0
-210,0,0
-439553,0,0
-509476,0,0
-437767,0,0
-581516,0,0
-159664,0,0
281923,0,0
371508,0,0
443921,0,0
210433,0,0
-246626,0,0
-403253,0,0
-518210,0,0
-602969,0,0
-388478,0,0
-166755,0,0
212447,0,0
483521,0,0
424758,0,0
146998,0,0
-140255,0,0
-516501,0,0
-529704,0,0
-443153,0,0
-531403,0,0
-50651,0,0
305998,0,0
298349,0,0
355492,0,0
97763,0,0
-416870,0,0
-503624,0,0
-588081,0,0
-694073,0,0
-415890,0,0
-144009,0,0
187030,0,0
399688,0,0
320451,0,0
91169,0,0
-207597,0,0
-561243,0,0
-550931,0,0
-490181,0,0
-553322,0,0
-46164,0,0
285306,0,0
259642,0,0
352416,0,0
108409,0,0
-376031,0,0
-475210,0,0
-542853,0,0
-654957,0,0
-414239,0,0
-123231,0,0
198427,0,0
429160,0,0
340304,0,0
113438,0,0
-160330,0,0
-560540,0,0
-551790,0,0
-443234,0,0
-494758,0,0
-57800,0,0
226714,0,0
315685,0,0
374463,0,0
117188,0,0
-375629,0,0
-516078,0,0
-584016,0,0
-677569,0,0
-425544,0,0
-187739,0,0
159520,0,0
410668,0,0
375701,0,0
148725,0,0
-154736,0,0
-574424,0,0
-570633,0,0
-498424,0,0
-577335,0,0
-71141,0,0
332626,0,0
364925,0,0
385958,0,0
157534,0,0
-333313,0,0
-469203,0,0
-534840,0,0
-613947,0,0
-356160,0,0
-68620,0,0
247540,0,0
473528,0,0
418534,0,0
139861,0,0
-153443,0,0
-492494,0,0
-490214,0,0
-436356,0,0
-434411,0,0
74433,0,0
416961,0,0
407029,0,0
393909,0,0
25965,0,0
-490227,0,0
-476513,0,0
-567389,0,0
-615474,0,0
-276982,0,0
71747,0,0
323504,0,0
461079,0,0
266824,0,0
-58342,0,0
-260056,0,0
-565009,0,0
-553288,0,0
-494661,0,0
-413236,0,0
72074,0,0
335889,0,0
293977,0,0
292757,0,0
-41858,0,0
-524731,0,0
-538432,0,0
-593182,0,0
-651777,0,0
-319947,0,0
-18511,0,0
226832,0,0
403552,0,0
331686,0,0
-3145,0,0
-246640,0,0
-590930,0,0
-557028,0,0
-488578,0,0
-399612,0,0
116232,0,0
407394,0,0
379479,0,0
312167,0,0
-12098,0,0
-492782,0,0
-501957,0,0
-560923,0,0
-574582,0,0
-201771,0,0
72483,0,0
283850,0,0
448794,0,0
288764,0,0
-47605,0,0
-247335,0,0
-523451,0,0
-517377,0,0
-433858,0,0
-299508,0,0
222509,0,0
453345,0,0
368178,0,0
244539,0,0
-103260,0,0
-529605,0,0
-505644,0,0
-562200,0,0
-561088,0,0
-79250,0,0
169073,0,0
331401,0,0
448313,0,0
202445,0,0
-163484,0,0
-348038,0,0
-607424,0,0
-537367,0,0
-414137,0,0
-228114,0,0
254764,0,0
449752,0,0
329694,0,0
154619,0,0
-211381,0,0
-614150,0,0
-509826,0,0
-580938,0,0
-583765,0,0
-45454,0,0
157708,0,0
281083,0,0
415331,0,0
181606,0,0
-196856,0,0
-374834,0,0
-639393,0,0
-574762,0,0
-466811,0,0
-195976,0,0
282625,0,0
380298,0,0
265398,0,0
116933,0,0
-227324,0,0
-609936,0,0
-515438,0,0
-597195,0,0
-619013,0,0
-161970,0,0
173032,0,0
324900,0,0
355383,0,0
171579,0,0
-197599,0,0
-372838,0,0
-635102,0,0
-551945,0,0
-449428,0,0
-257678,0,0
185851,0,0
328157,0,0
248818,0,0
218358,0,0
-121486,0,0
-578982,0,0
-510469,0,0
-593703,0,0
-632195,0,0
-208248,0,0
18691,0,0
231437,0,0
371358,0,0
222442,0,0
-75645,0,0
-285749,0,0
-616147,0,0
-567690,0,0
-486555,0,0
-397987,0,0
81129,0,0
344263,0,0
303779,0,0
304765,0,0
-39845,0,0
-488593,0,0
-481569,0,0
-554609,0,0
-631645,0,0
-290689,0,0
2879,0,0
254282,0,0
426996,0,0
340478,0,0
35652,0,0
-230220,0,0
-538972,0,0
-545628,0,0
-484058,0,0
-428436,0,0
100097,0,0
386313,0,0
326218,0,0
308630,0,0
20397,0,0
-479151,0,0
-472881,0,0
-564595,0,0
-639432,0,0
-318073,0,0
519,0,0
249424,0,0
382701,0,0
338132,0,0
47822,0,0
-231099,0,0
-588673,0,0
-530610,0,0
-454027,0,0
-421397,0,0
67704,0,0
348744,0,0
347320,0,0
323884,0,0
17787,0,0
-466145,0,0
-468521,0,0
-556624,0,0
-626815,0,0
-324500,0,0
-22658,0,0
246055,0,0
466918,0,0
347634,0,0
47836,0,0
-238457,0,0
-544484,0,0
-534392,0,0
-463513,0,0
-398622,0,0
139940,0,0
446779,0,0
431417,0,0
369348,0,0
-5846,0,0
-514613,0,0
-461207,0,0
-508808,0,0
-568999,0,0
-160696,0,0
167662,0,0
378392,0,0
529068,0,0
289239,0,0
-69367,0,0
-270659,0,0
-565710,0,0
-492416,0,0
-345896,0,0
-153624,0,0
321468,0,0
480731,0,0
370128,0,0
167039,0,0
-217357,0,0
-590826,0,0
-474144,0,0
-556113,0,0
-570716,0,0
-29182,0,0
241768,0,0
333851,0,0
401477,0,0
118800,0,0
-248194,0,0
-385086,0,0
-626855,0,0
-581094,0,0
-406342,0,0
-185799,0,0
268906,0,0
439833,0,0
319895,0,0
117389,0,0
-260764,0,0
-626687,0,0
-498045,0,0
-571641,0,0
-546677,0,0
27184,0,0
233726,0,0
342296,0,0
431882,0,0
126330,0,0
-265182,0,0
-367500,0,0
-613864,0,0
-521320,0,0
-339253,0,0
-68300,0,0
316802,0,0
403729,0,0
287480,0,0
81347,0,0
-288541,0,0
-649006,0,0
-526030,0,0
-604350,0,0
-502232,0,0
60999,0,0
253000,0,0
344803,0,0
378170,0,0
71269,0,0
-332825,0,0
-427153,0,0
-653952,0,0
-563596,0,0
-362619,0,0
-135988,0,0
257938,0,0
391979,0,0
309185,0,0
106271,0,0
-280142,0,0
-642936,0,0
-521467,0,0
-591071,0,0
-565482,0,0
-65974,0,0
164372,0,0
294405,0,0
400124,0,0
159072,0,0
-221858,0,0
-358249,0,0
-614070,0,0
-571581,0,0
-456847,0,0
-234578,0,0
242657,0,0
427993,0,0
354363,0,0
180368,0,0
-198001,0,0
-609946,0,0
-511979,0,0
-585136,0,0
-568840,0,0
-109042,0,0
136114,0,0
298295,0,0
395558,0,0
225054,0,0
-143435,0,0
-335965,0,0
-625764,0,0
-562948,0,0
-463695,0,0
-278228,0,0
211902,0,0
416170,0,0
292918,0,0
188245,0,0
-128854,0,0
-547849,0,0
-470137,0,0
-583493,0,0
-644211,0,0
-212782,0,0
70842,0,0
314573,0,0
441296,0,0
258043,0,0
-76752,0,0
-286765,0,0
-600890,0,0
-567855,0,0
-480353,0,0
-285600,0,0
208038,0,0
422254,0,0
336805,0,0
275707,0,0
-95830,0,0
-543165,0,0
-463773,0,0
-529022,0,0
-586996,0,0
-185279,0,0
103920,0,0
383356,0,0
526734,0,0
273211,0,0
-105669,0,0
-306417,0,0
-568182,0,0
-534791,0,0
-427874,0,0
-248707,0,0
226479,0,0
424992,0,0
326073,0,0
236821,0,0
-132550,0,0
-555286,0,0
-478278,0,0
-576871,0,0
-596332,0,0
-183117,0,0
97773,0,0
280510,0,0
426591,0,0
242319,0,0
-128271,0,0
-325804,0,0
-608504,0,0
-586325,0,0
-529663,0,0
-378407,0,0
125528,0,0
326417,0,0
262062,0,0
279476,0,0
-58124,0,0
-544255,0,0
-534417,0,0
-603329,0,0
-662327,0,0
-377042,0,0
-107462,0,0
164711,0,0
352175,0,0
309950,0,0
38534,0,0
-232004,0,0
-584114,0,0
-566722,0,0
-531501,0,0
-597366,0,0
-124093,0,0
229082,0,0
264500,0,0
339682,0,0
168463,0,0
-284328,0,0
-471033,0,0
-591972,0,0
-649797,0,0
-465437,0,0
-275196,0,0
86460,0,0
339186,0,0
314450,0,0
227867,0,0
-22312,0,0
-431629,0,0
-554008,0,0
-495204,0,0
-640039,0,0
-335232,0,0
74099,0,0
237181,0,0
365134,0,0
292784,0,0
-85608,0,0
-357588,0,0
-560221,0,0
-656566,0,0
-468028,0,0
-441866,0,0
-73966,0,0
286405,0,0
362925,0,0
342444,0,0
156208,0,0
-272056,0,0
-475052,0,0
-442199,0,0
-604889,0,0
-394008,0,0
-29149,0,0
213054,0,0
417938,0,0
399121,0,0
76131,0,0
-221037,0,0
-494871,0,0
-617976,0,0
-446085,0,0
-477290,0,0
-108690,0,0
326054,0,0
447063,0,0
403520,0,0
224264,0,0
-218926,0,0
-462290,0,0
-464882,0,0
-582550,0,0
-404390,0,0
-41576,0,0
221988,0,0
393699,0,0
361949,0,0
99240,0,0
-213998,0,0
-490209,0,0
-633523,0,0
-461475,0,0
-538766,0,0
-199841,0,0
222140,0,0
359541,0,0
352068,0,0
233689,0,0
-191057,0,0
-461960,0,0
-459973,0,0
-642642,0,0
-496299,0,0
-223275,0,0
40228,0,0
352352,0,0
378128,0,0
205003,0,0
-87730,0,0
-462077,0,0
-659173,0,0
-458791,0,0
-581926,0,0
-377699,0,0
77654,0,0
324483,0,0
393540,0,0
361696,0,0
-37894,0,0
-371818,0,0
-421714,0,0
-614288,0,0
-493585,0,0
-366176,0,0
-69938,0,0
286378,0,0
386054,0,0
267737,0,0
108005,0,0
-309675,0,0
-601143,0,0
-467228,0,0
-586780,0,0
-511603,0,0
-50880,0,0
262168,0,0
368741,0,0
398101,0,0
107333,0,0
-224721,0,0
-376287,0,0
-647629,0,0
-519803,0,0
-454786,0,0
-190479,0,0
211534,0,0
373708,0,0
293227,0,0
242192,0,0
-163010,0,0
-560037,0,0
-478751,0,0
-582246,0,0
-544740,0,0
-164263,0,0
151070,0,0
321287,0,0
414770,0,0
196319,0,0
-110513,0,0
-332769,0,0
-630106,0,0
-516419,0,0
-519207,0,0
-380208,0,0
38015,0,0
280760,0,0
250662,0,0
339833,0,0
9351,0,0
-476264,0,0
-447746,0,0
-582143,0,0
-600038,0,0
-365777,0,0
-1478,0,0
291117,0,0
467838,0,0
317218,0,0
46535,0,0
-233019,0,0
-583822,0,0
-501855,0,0
-512190,0,0
-445452,0,0
18161,0,0
302639,0,0
291239,0,0
395802,0,0
109635,0,0
-340900,0,0
-399022,0,0
-544532,0,0
-590525,0,0
-449074,0,0
-65621,0,0
289084,0,0
496165,0,0
339238,0,0
120051,0,0
-202711,0,0
-588553,0,0
-543531,0,0
-526799,0,0
-500985,0,0
-123563,0,0
215829,0,0
253302,0,0
383091,0,0
191994,0,0
-232091,0,0
-366011,0,0
-559513,0,0
-586581,0,0
-457487,0,0
-171150,0,0
152916,0,0
470791,0,0
352179,0,0
248532,0,0
-41041,0,0
-518930,0,0
-474310,0,0
-473062,0,0
-523207,0,0
-168714,0,0
186872,0,0
307586,0,0
471536,0,0
281178,0,0
-159015,0,0
-348230,0,0
-554431,0,0
-525421,0,0
-440508,0,0
-166263,0,0
181812,0,0
469294,0,0
375314,0,0
229377,0,0
-38105,0,0
-490676,0,0
-515512,0,0
-528630,0,0
-558538,0,0
-212339,0,0
165507,0,0
266631,0,0
393150,0,0
242222,0,0
-178715,0,0
-359277,0,0
-585358,0,0
-611741,0,0
-535086,0,0
-287453,0,0
42243,0,0
358964,0,0
311054,0,0
271994,0,0
-15308,0,0
-465586,0,0
-524577,0,0
-571552,0,0
-615809,0,0
-401185,0,0
-44154,0,0
138227,0,0
368365,0,0
316028,0,0
29906,0,0
-251913,0,0
-550788,0,0
-589883,0,0
-518506,0,0
-438545,0,0
-50005,0,0
358122,0,0
351444,0,0
366795,0,0
132624,0,0
-345197,0,0
-461051,0,0
-522188,0,0
-565791,0,0
-430741,0,0
-103995,0,0
75332,0,0
389812,0,0
402040,0,0
162519,0,0
-109847,0,0
-479933,0,0
-583443,0,0
-539537,0,0
-486424,0,0
-83924,0,0
379929,0,0
383403,0,0
403438,0,0
199232,0,0
-287592,0,0
-435992,0,0
-478444,0,0
-537954,0,0
-388788,0,0
-50534,0,0
162863,0,0
449639,0,0
399417,0,0
146671,0,0
-111998,0,0
-448209,0,0
-528833,0,0
-497302,0,0
-438129,0,0
-22314,0,0
439987,0,0
420413,0,0
414669,0,0
151268,0,0
-320085,0,0
-458241,0,0
-501508,0,0
-565254,0,0
-387586,0,0
-6835,0,0
159912,0,0
393423,0,0
312939,0,0
75507,0,0
-233161,0,0
-540664,0,0
-593216,0,0
-562321,0,0
-517555,0,0
-129419,0,0
297852,0,0
314794,0,0
342392,0,0
110852,0,0
-327541,0,0
-508074,0,0
-549878,0,0
-659067,0,0
-541923,0,0
-260257,0,0
-16472,0,0
325590,0,0
308272,0,0
186422,0,0
-57106,0,0
-498924,0,0
-616761,0,0
-563999,0,0
-582668,0,0
-366374,0,0
156900,0,0
275562,0,0
402169,0,0
323447,0,0
-82694,0,0
-361336,0,0
-503771,0,0
-584766,0,0
-532414,0,0
-342965,0,0
-79438,0,0
351942,0,0
371687,0,0
283296,0,0
116107,0,0
-300264,0,0
-531957,0,0
-523840,0,0
-519248,0,0
-353567,0,0
132348,0,0
306101,0,0
432830,0,0
384575,0,0
-15082,0,0
-304723,0,0
-470958,0,0
-562097,0,0
-506750,0,0
-382192,0,0
-131868,0,0
331859,0,0
362783,0,0
310605,0,0
145321,0,0
-268503,0,0
-535870,0,0
-523461,0,0
-565528,0,0
-425639,0,0
108633,0,0
262020,0,0
429283,0,0
404928,0,0
39448,0,0
-290692,0,0
-464888,0,0
-576663,0,0
-516543,0,0
-403391,0,0
-150985,0,0
259821,0,0
351118,0,0
316883,0,0
169735,0,0
-255066,0,0
-532235,0,0
-575007,0,0
-589234,0,0
-530313,0,0
-78540,0,0
144626,0,0
349550,0,0
372393,0,0
75884,0,0
-240339,0,0
-493657,0,0
-609957,0,0
-570097,0,0
-542554,0,0
-331466,0,0
144965,0,0
282184,0,0
279727,0,0
291455,0,0
-85399,0,0
-424157,0,0
-528578,0,0
-552120,0,0
-570995,0,0
-192385,0,0
82197,0,0
390938,0,0
494592,0,0
263579,0,0
-64095,0,0
-390511,0,0
-551084,0,0
-505057,0,0
-515979,0,0
-380486,0,0
157305,0,0
377761,0,0
361163,0,0
363029,0,0
-26419,0,0
-379441,0,0
-481244,0,0
-534912,0,0
-502296,0,0
-122038,0,0
161029,0,0
437485,0,0
479982,0,0
230677,0,0
-99507,0,0
-409924,0,0
-550420,0,0
-488433,0,0
-496822,0,0
-380317,0,0
110521,0,0
331398,0,0
347100,0,0
309191,0,0
-63829,0,0
-418668,0,0
-533849,0,0
-561271,0,0
-570900,0,0
-274964,0,0
47339,0,0
355052,0,0
446424,0,0
241582,0,0
-48621,0,0
-364750,0,0
-560908,0,0
-548143,0,0
-540964,0,0
-469346,0,0
18897,0,0
273550,0,0
313153,0,0
424986,0,0
78731,0,0
-311680,0,0
-505753,0,0
-551110,0,0
-568267,0,0
-308900,0,0
37481,0,0
337980,0,0
479385,0,0
312833,0,0
47999,0,0
-322641,0,0
-521827,0,0
-522615,0,0
-545224,0,0
-492427,0,0
-16397,0,0
231101,0,0
275208,0,0
388673,0,0
90494,0,0
-299249,0,0
-528969,0,0
-562265,0,0
-606456,0,0
-434514,0,0
-136551,0,0
215791,0,0
402502,0,0
297332,0,0
128065,0,0
-234119,0,0
-542556,0,0
-550109,0,0
-546830,0,0
-582843,0,0
-183901,0,0
166382,0,0
261019,0,0
393253,0,0
228569,0,0
-100735,0,0
-383086,0,0
-540926,0,0
-549560,0,0
-421244,0,0
-209634,0,0
240406,0,0
466802,0,0
316751,0,0
228400,0,0
-128002,0,0
-453950,0,0
-498138,0,0
-503904,0,0
-578380,0,0
-242171,0,0
80821,0,0
265082,0,0
483721,0,0
307314,0,0
-40423,0,0
-382512,0,0
-527400,0,0
-548838,0,0
-444906,0,0
-234601,0,0
195644,0,0
426818,0,0
372496,0,0
300989,0,0
-86734,0,0
-468289,0,0
-517573,0,0
-507214,0,0
-598129,0,0
-290754,0,0
54752,0,0
276196,0,0
489486,0,0
321231,0,0
-14636,0,0
-354411,0,0
-541314,0,0
-570029,0,0
-470751,0,0
-319336,0,0
173319,0,0
481857,0,0
345135,0,0
287412,0,0
-66280,0,0
-428163,0,0
-521163,0,0
-538690,0,0
-565332,0,0
-226304,0,0
111822,0,0
294525,0,0
510219,0,0
305675,0,0
-31240,0,0
-339250,0,0
-485279,0,0
-512397,0,0
-442492,0,0
-191291,0,0
244388,0,0
503496,0,0
413238,0,0
244423,0,0
-124180,0,0
-452026,0,0
-508415,0,0
-504922,0,0
-544212,0,0
-149970,0,0
168102,0,0
307626,0,0
441944,0,0
241796,0,0
-106744,0,0
-416505,0,0
-534505,0,0
-534245,0,0
-398834,0,0
-186261,0,0
238560,0,0
470676,0,0
332622,0,0
175393,0,0
-167140,0,0
-496570,0,0
-540887,0,0
-569763,0,0
-565998,0,0
-168872,0,0
166539,0,0
287328,0,0
437552,0,0
227233,0,0
-161129,0,0
-477561,0,0
-569436,0,0
-562778,0,0
-446941,0,0
-184980,0,0
243694,0,0
466305,0,0
351727,0,0
157661,0,0
-205573,0,0
-517956,0,0
-548965,0,0
-551842,0,0
-593428,0,0
-201994,0,0
109533,0,0
265164,0,0
425564,0,0
244883,0,0
-112039,0,0
-424073,0,0
-577600,0,0
-578466,0,0
-456801,0,0
-251789,0,0
180842,0,0
448968,0,0
351217,0,0
212999,0,0
-120165,0,0
-455642,0,0
-545987,0,0
-565290,0,0
-597918,0,0
-238742,0,0
114168,0,0
291787,0,0
440681,0,0
280763,0,0
-72462,0,0
-420287,0,0
-532043,0,0
-548346,0,0
-471752,0,0
-232928,0,0
211609,0,0
475243,0,0
357139,0,0
229615,0,0
-152229,0,0
-479031,0,0
-519239,0,0
-550421,0,0
-609179,0,0
-227284,0,0
143092,0,0
295721,0,0
440382,0,0
242781,0,0
-98357,0,0
-414523,0,0
-525957,0,0
-591595,0,0
-484771,0,0
-208715,0,0
239686,0,0
452071,0,0
372609,0,0
215272,0,0
-146326,0,0
-481353,0,0
-520708,0,0
-531828,0,0
-607593,0,0
-241399,0,0
124058,0,0
307306,0,0
412308,0,0
216778,0,0
-127881,0,0
-416775,0,0
-574375,0,0
-615174,0,0
-529512,0,0
-289334,0,0
160872,0,0
400377,0,0
291278,0,0
241324,0,0
-96485,0,0
-456013,0,0
-576258,0,0
-570287,0,0
-621285,0,0
-347321,0,0
11621,0,0
233114,0,0
422587,0,0
281432,0,0
-4449,0,0
-370264,0,0
-527623,0,0
-599194,0,0
-503131,0,0
-367813,0,0
73575,0,0
393282,0,0
303470,0,0
279506,0,0
-14583,0,0
-393761,0,0
-519759,0,0
-591590,0,0
-619817,0,0
-395391,0,0
-64677,0,0
158971,0,0
399947,0,0
322082,0,0
89571,0,0
-269706,0,0
-499433,0,0
-603342,0,0
-533098,0,0
-473921,0,0
-58537,0,0
306995,0,0
289960,0,0
370543,0,0
123263,0,0
-273363,0,0
-537537,0,0
-571337,0,0
-664990,0,0
-484467,0,0
-220877,0,0
67983,0,0
410377,0,0
363401,0,0
234559,0,0
-102217,0,0
-422988,0,0
-532770,0,0
-460813,0,0
-529798,0,0
-128078,0,0
321296,0,0
371268,0,0
428747,0,0
202709,0,0
-186058,0,0
-406804,0,0
-495410,0,0
-614972,0,0
-433896,0,0
-192112,0,0
132341,0,0
498473,0,0
424206,0,0
238147,0,0
-95939,0,0
-433707,0,0
-533899,0,0
-463339,0,0
-500462,0,0
-82446,0,0
330871,0,0
371223,0,0
434577,0,0
198698,0,0
-224351,0,0
-477595,0,0
-531151,0,0
-613179,0,0
-457560,0,0
-213430,0,0
76030,0,0
397148,0,0
387467,0,0
268958,0,0
-89067,0,0
-456171,0,0
-581461,0,0
-518916,0,0
-560307,0,0
-180437,0,0
241271,0,0
314099,0,0
383286,0,0
219835,0,0
-187226,0,0
-457781,0,0
-525686,0,0
-620013,0,0
-498658,0,0
-334871,0,0
-34797,0,0
416666,0,0
347405,0,0
251005,0,0
-19262,0,0
-388181,0,0
-532097,0,0
-472207,0,0
-592877,0,0
-288096,0,0
172933,0,0
268653,0,0
396540,0,0
294505,0,0
-70309,0,0
-387562,0,0
-546233,0,0
-641060,0,0
-516068,0,0
-399797,0,0
-72627,0,0
345063,0,0
396954,0,0
340334,0,0
62315,0,0
-348038,0,0
-575958,0,0
-501442,0,0
-586598,0,0
-413308,0,0
46239,0,0
221433,0,0
392310,0,0
332752,0,0
12580,0,0
-324236,0,0
-520162,0,0
-632299,0,0
-527224,0,0
-516809,0,0
-233549,0,0
272057,0,0
338125,0,0
304786,0,0
206787,0,0
-171462,0,0
-474013,0,0
-450601,0,0
-624724,0,0
-506425,0,0
-86323,0,0
153946,0,0
391949,0,0
386200,0,0
134653,0,0
-187013,0,0
-431174,0,0
-642058,0,0
-499541,0,0
-576727,0,0
-338589,0,0
190530,0,0
343272,0,0
332352,0,0
314364,0,0
-53881,0,0
-426047,0,0
-469181,0,0
-647710,0,0
-565130,0,0
-294093,0,0
-7879,0,0
357242,0,0
391095,0,0
223172,0,0
-37088,0,0
-382012,0,0
-635129,0,0
-517542,0,0
-594573,0,0
-544056,0,0
-75861,0,0
150203,0,0
287126,0,0
369201,0,0
94539,0,0
-272514,0,0
-426578,0,0
-643899,0,0
-604892,0,0
-531861,0,0
-307934,0,0
166205,0,0
358774,0,0
254241,0,0
220644,0,0
-135672,0,0
-550159,0,0
-537353,0,0
-597615,0,0
-591274,0,0
-257269,0,0
53576,0,0
267142,0,0
428030,0,0
302313,0,0
5482,0,0
-271883,0,0
-554560,0,0
-503571,0,0
-451810,0,0
-373118,0,0
130521,0,0
419260,0,0
353070,0,0
376773,0,0
15981,0,0
-438502,0,0
-432221,0,0
-506497,0,0
-541551,0,0
-312121,0,0
35044,0,0
296948,0,0
489884,0,0
372880,0,0
63440,0,0
-218498,0,0
-547161,0,0
-531241,0,0
-516388,0,0
-453422,0,0
32501,0,0
391189,0,0
396783,0,0
374046,0,0
4920,0,0
-471110,0,0
-455107,0,0
-521823,0,0
-567997,0,0
-333487,0,0
-12044,0,0
251469,0,0
472053,0,0
353818,0,0
124516,0,0
-131379,0,0
-508829,0,0
-491458,0,0
-414519,0,0
-422281,0,0
64196,0,0
378674,0,0
383438,0,0
435508,0,0
78605,0,0
-389015,0,0
-429226,0,0
-532575,0,0
-594627,0,0
-323832,0,0
60131,0,0
304187,0,0
509153,0,0
328847,0,0
52342,0,0
-212704,0,0
-525402,0,0
-488140,0,0
-490015,0,0
-416208,0,0
91562,0,0
385091,0,0
342527,0,0
371039,0,0
19786,0,0
-486831,0,0
-498614,0,0
-557934,0,0
-604317,0,0
-362033,0,0
-28598,0,0
265516,0,0
415336,0,0
314055,0,0
83589,0,0
-207981,0,0
-568917,0,0
-553323,0,0
-538017,0,0
-473531,0,0
51730,0,0
357344,0,0
352309,0,0
377769,0,0
34929,0,0
-462426,0,0
-493643,0,0
-531458,0,0
-582067,0,0
-346354,0,0
-25786,0,0
236418,0,0
407333,0,0
334464,0,0
102122,0,0
-160563,0,0
-517156,0,0
-523948,0,0
-508699,0,0
-470360,0,0
11090,0,0
369827,0,0
364937,0,0
393529,0,0
53551,0,0
-403616,0,0
-450290,0,0
-552942,0,0
-586360,0,0
-376372,0,0
-77777,0,0
215779,0,0
457710,0,0
360020,0,0
134181,0,0
-150040,0,0
-531207,0,0
-533641,0,0
-508133,0,0
-497163,0,0
1952,0,0
339711,0,0
316080,0,0
395765,0,0
91012,0,0
-367271,0,0
-444223,0,0
-542810,0,0
-629694,0,0
-419828,0,0
-76486,0,0
233302,0,0
460840,0,0
387423,0,0
116068,0,0
-167240,0,0
-534308,0,0
-524600,0,0
-510218,0,0
-501015,0,0
-42187,0,0
302364,0,0
337420,0,0
383153,0,0
96159,0,0
-361060,0,0
-447884,0,0
-581886,0,0
-634567,0,0
-421394,0,0
-110115,0,0
191244,0,0
435080,0,0
357279,0,0
153154,0,0
-118346,0,0
-531876,0,0
-543777,0,0
-525750,0,0
-523370,0,0
-69474,0,0
279295,0,0
352764,0,0
397055,0,0
110309,0,0
-335429,0,0
-467874,0,0
-572023,0,0
-610806,0,0
-463830,0,0
-155663,0,0
148508,0,0
416101,0,0
359291,0,0
186567,0,0
-107086,0,0
-518154,0,0
-536328,0,0
-506384,0,0
-536386,0,0
-117678,0,0
290203,0,0
321886,0,0
431441,0,0
135042,0,0
-303385,0,0
-448606,0,0
-533551,0,0
-571961,0,0
-424335,0,0
-175083,0,0
155093,0,0
445316,0,0
383618,0,0
215434,0,0
-46526,0,0
-492901,0,0
-501462,0,0
-478442,0,0
-525511,0,0
-89647,0,0
343626,0,0
408171,0,0
444524,0,0
135968,0,0
-333244,0,0
-429154,0,0
-515356,0,0
-569722,0,0
-335754,0,0
-20062,0,0
266297,0,0
504895,0,0
425080,0,0
135664,0,0
-107642,0,0
-497173,0,0
-478057,0,0
-446968,0,0
-369435,0,0
143049,0,0
471376,0,0
403832,0,0
300924,0,0
-36171,0,0
-463696,0,0
-444751,0,0
-516853,0,0
-586435,0,0
-248972,0,0
82882,0,0
323114,0,0
431116,0,0
283708,0,0
-13578,0,0
-267986,0,0
-585202,0,0
-527973,0,0
-489307,0,0
-299223,0,0
186633,0,0
426095,0,0
366868,0,0
265171,0,0
-134225,0,0
-547891,0,0
-488175,0,0
-558578,0,0
-570575,0,0
-161217,0,0
150698,0,0
313089,0,0
425007,0,0
216091,0,0
-114371,0,0
-291830,0,0
-572682,0,0
-560903,0,0
-525740,0,0
-272668,0,0
218397,0,0
411209,0,0
302262,0,0
209998,0,0
-180160,0,0
-554738,0,0
-513703,0,0
-583470,0,0
-605605,0,0
-197969,0,0
96131,0,0
296535,0,0
423300,0,0
220199,0,0
-130300,0,0
-368647,0,0
-623742,0,0
-579463,0,0
-488337,0,0
-258819,0,0
177097,0,0
378146,0,0
319097,0,0
216478,0,0
-164482,0,0
-571423,0,0
-520229,0,0
-583034,0,0
-581986,0,0
-229912,0,0
83463,0,0
263033,0,0
393188,0,0
234979,0,0
-70955,0,0
-303086,0,0
-589635,0,0
-572707,0,0
-544973,0,0
-385025,0,0
138008,0,0
388905,0,0
321090,0,0
269217,0,0
-86479,0,0
-492512,0,0
-480260,0,0
-560245,0,0
-621552,0,0
-331290,0,0
49983,0,0
265318,0,0
456227,0,0
301588,0,0
27011,0,0
-258813,0,0
-556167,0,0
-516379,0,0
-495107,0,0
-362423,0,0
133511,0,0
376109,0,0
373144,0,0
345867,0,0
-45808,0,0
-475185,0,0
-477477,0,0
-554867,0,0
-571641,0,0
-257367,0,0
84529,0,0
319237,0,0
431408,0,0
298463,0,0
-8828,0,0
-279235,0,0
-564338,0,0
-525650,0,0
-487324,0,0
-325271,0,0
176542,0,0
393282,0,0
371485,0,0
307252,0,0
-98888,0,0
-536189,0,0
-481275,0,0
-568516,0,0
-610268,0,0
-285700,0,0
48495,0,0
298086,0,0
439929,0,0
305762,0,0
-6240,0,0
-334986,0,0
-627067,0,0
-566655,0,0
-525331,0,0
-386771,0,0
72983,0,0
373807,0,0
365263,0,0
323976,0,0
-62371,0,0
-511433,0,0
-508559,0,0
-571869,0,0
-594905,0,0
-328252,0,0
1126,0,0
237514,0,0
397549,0,0
270112,0,0
30885,0,0
-257665,0,0
-582911,0,0
-570112,0,0
-569311,0,0
-479537,0,0
3359,0,0
293430,0,0
317602,0,0
345133,0,0
18634,0,0
-428717,0,0
-499192,0,0
-571510,0,0
-602263,0,0
-420614,0,0
-104682,0,0
199341,0,0
438556,0,0
358636,0,0
134048,0,0
-152066,0,0
-535786,0,0
-528547,0,0
-508647,0,0
-494789,0,0
-16249,0,0
352766,0,0
357334,0,0
408512,0,0
114652,0,0
-312428,0,0
-425254,0,0
-529102,0,0
-543408,0,0
-328630,0,0
16909,0,0
287735,0,0
537067,0,0
439254,0,0
126366,0,0
-117472,0,0
-505495,0,0
-461696,0,0
-421912,0,0
-333719,0,0
145838,0,0
444712,0,0
361273,0,0
295085,0,0
-54438,0,0
-482078,0,0
-490920,0,0
-568438,0,0
-598472,0,0
-336320,0,0
-27829,0,0
226003,0,0
387837,0,0
271546,0,0
-12135,0,0
-296491,0,0
-643345,0,0
-580104,0,0
-580547,0,0
-494530,0,0
-40757,0,0
252387,0,0
254327,0,0
302045,0,0
27640,0,0
-407717,0,0
-496569,0,0
-609345,0,0
-650176,0,0
-478162,0,0
-182770,0,0
121700,0,0
358645,0,0
280934,0,0
189538,0,0
-115197,0,0
-525493,0,0
-566988,0,0
-533936,0,0
-628460,0,0
-248137,0,0
184991,0,0
257364,0,0
371550,0,0
230121,0,0
-179721,0,0
-407841,0,0
-588308,0,0
-616582,0,0
-458019,0,0
-301037,0,0
54058,0,0
401369,0,0
408958,0,0
345227,0,0
61671,0,0
-400615,0,0
-467981,0,0
-456967,0,0
-533211,0,0
-128462,0,0
318523,0,0
429048,0,0
547459,0,0
253783,0,0
-192740,0,0
-356074,0,0
-473131,0,0
-530463,0,0
-350416,0,0
-53977,0,0
308450,0,0
597123,0,0
519335,0,0
208067,0,0
-11748,0,0
-447975,0,0
-439884,0,0
-413684,0,0
-322206,0,0
189130,0,0
484223,0,0
462695,0,0
339338,0,0
-45742,0,0
-481254,0,0
-449909,0,0
-536237,0,0
-555854,0,0
-256556,0,0
97445,0,0
320438,0,0
439901,0,0
250752,0,0
-52196,0,0
-304027,0,0
-602985,0,0
-579545,0,0
-505128,0,0
-325903,0,0
138434,0,0
378512,0,0
323479,0,0
249088,0,0
-138139,0,0
-536418,0,0
-532317,0,0
-582786,0,0
-591213,0,0
-312994,0,0
18799,0,0
253605,0,0
408586,0,0
255531,0,0
-37492,0,0
-310978,0,0
-578388,0,0
-540074,0,0
-550411,0,0
-370908,0,0
90488,0,0
379283,0,0
354524,0,0
316833,0,0
-69569,0,0
-486188,0,0
-485407,0,0
-544009,0,0
-544995,0,0
-258108,0,0
72470,0,0
303477,0,0
441523,0,0
299273,0,0
-7067,0,0
-291435,0,0
-574130,0,0
-553163,0,0
-493712,0,0
-292201,0,0
169083,0,0
388415,0,0
379657,0,0
294741,0,0
-90961,0,0
-524298,0,0
-516655,0,0
-599816,0,0
-572896,0,0
-209264,0,0
126878,0,0
329392,0,0
436368,0,0
263136,0,0
-71548,0,0
-339819,0,0
-609116,0,0
-539584,0,0
-496893,0,0
-259636,0,0
214614,0,0
400082,0,0
337954,0,0
245543,0,0
-144415,0,0
-535095,0,0
-499329,0,0
-557206,0,0
-552532,0,0
-224199,0,0
115482,0,0
331049,0,0
439869,0,0
266104,0,0
-79659,0,0
-311590,0,0
-565323,0,0
-528450,0,0
-479170,0,0
-227414,0,0
216457,0,0
447565,0,0
353710,0,0
215821,0,0
-173196,0,0
-552302,0,0
-520533,0,0
-531789,0,0
-545088,0,0
-173585,0,0
124546,0,0
288253,0,0
422873,0,0
196615,0,0
-98350,0,0
-338284,0,0
-585296,0,0
-569787,0,0
-512800,0,0
-255543,0,0
210878,0,0
384388,0,0
331939,0,0
231873,0,0
-168678,0,0
-544883,0,0
-501212,0,0
-556582,0,0
-533256,0,0
-214309,0,0
94343,0,0
328394,0,0
450232,0,0
267521,0,0
-59243,0,0
-292618,0,0
-529277,0,0
-499282,0,0
-423686,0,0
-157056,0,0
301245,0,0
522479,0,0
439615,0,0
192297,0,0
-183658,0,0
-538464,0,0
-435392,0,0
-499529,0,0
-415442,0,0
126575,0,0
408818,0,0
473540,0,0
441924,0,0
78222,0,0
-311658,0,0
-379275,0,0
-552046,0,0
-473111,0,0
-182892,0,0
136561,0,0
501977,0,0
464553,0,0
220177,0,0
-132303,0,0
-459014,0,0
-650803,0,0
-501706,0,0
-513425,0,0
-278486,0,0
238512,0,0
364476,0,0
346171,0,0
255964,0,0
-126872,0,0
-455270,0,0
-481105,0,0
-600815,0,0
-473264,0,0
-70519,0,0
170969,0,0
384779,0,0
375613,0,0
133935,0,0
-220382,0,0
-504365,0,0
-668651,0,0
-552638,0,0
-569764,0,0
-310194,0,0
169044,0,0
319836,0,0
295250,0,0
255997,0,0
-134524,0,0
-453670,0,0
-506812,0,0
-670844,0,0
-520079,0,0
-150948,0,0
153613,0,0
388500,0,0
369959,0,0
169172,0,0
-173651,0,0
-470120,0,0
-664066,0,0
-537362,0,0
-569044,0,0
-332412,0,0
186156,0,0
372212,0,0
366271,0,0
278927,0,0
-98551,0,0
-428661,0,0
-435415,0,0
-581514,0,0
-483051,0,0
-107791,0,0
223533,0,0
474671,0,0
447382,0,0
146230,0,0
-217105,0,0
-471652,0,0
-587582,0,0
-452750,0,0
-483142,0,0
-177562,0,0
268685,0,0
398710,0,0
370812,0,0
253881,0,0
-140467,0,0
-451924,0,0
-451791,0,0
-566432,0,0
-329364,0,0
117973,0,0
301621,0,0
486376,0,0
404765,0,0
40762,0,0
-311964,0,0
-451837,0,0
-547675,0,0
-466888,0,0
-349332,0,0
57926,0,0
465425,0,0
513908,0,0
374372,0,0
39796,0,0
-333419,0,0
-444870,0,0
-340600,0,0
-372590,0,0
46126,0,0
460945,0,0
537726,0,0
478407,0,0
124864,0,0
-268373,0,0
-390610,0,0
-452819,0,0
-524740,0,0
-224701,0,0
140155,0,0
402308,0,0
536864,0,0
332168,0,0
-50468,0,0
-384208,0,0
-468126,0,0
-483149,0,0
-398592,0,0
-75463,0,0
356565,0,0
480979,0,0
380761,0,0
123716,0,0
-245706,0,0
-555140,0,0
-521570,0,0
-564734,0,0
-517371,0,0
-53594,0,0
210680,0,0
323259,0,0
372094,0,0
57941,0,0
-373748,0,0
-535032,0,0
-624792,0,0
-589347,0,0
-400324,0,0
-59341,0,0
281890,0,0
343603,0,0
243364,0,0
-15131,0,0
-349352,0,0
-617821,0,0
-610804,0,0
-626921,0,0
-610777,0,0
-228548,0,0
86110,0,0
203264,0,0
279315,0,0
109602,0,0
-274627,0,0
-514737,0,0
-646660,0,0
-648960,0,0
-565324,0,0
-286557,0,0
122465,0,0
329805,0,0
308969,0,0
206169,0,0
-161265,0,0
-505731,0,0
-560262,0,0
-591275,0,0
-595017,0,0
-253350,0,0
68585,0,0
271757,0,0
429105,0,0
291517,0,0
-63435,0,0
-387488,0,0
-528814,0,0
-558704,0,0
-505304,0,0
-192369,0,0
264619,0,0
477653,0,0
398635,0,0
211791,0,0
-143552,0,0
-476211,0,0
-520007,0,0
-533492,0,0
-547963,0,0
-207754,0,0
107805,0,0
288534,0,0
417854,0,0
246700,0,0
-134837,0,0
-416375,0,0
-553408,0,0
-577711,0,0
-485928,0,0
-170159,0,0
246082,0,0
392749,0,0
326753,0,0
194999,0,0
-126381,0,0
-444105,0,0
-513707,0,0
-557009,0,0
-563399,0,0
-197817,0,0
129446,0,0
374692,0,0
487005,0,0
268692,0,0
-128473,0,0
-407018,0,0
-549486,0,0
-547570,0,0
-415953,0,0
-94068,0,0
307277,0,0
443049,0,0
365076,0,0
175953,0,0
-171765,0,0
-496421,0,0
-532644,0,0
-563493,0,0
-528919,0,0
-138055,0,0
188115,0,0
334479,0,0
395754,0,0
180033,0,0
-215088,0,0
-485172,0,0
-580639,0,0
-589975,0,0
-489476,0,0
-138956,0,0
238224,0,0
381372,0,0
311340,0,0
176644,0,0
-191494,0,0
-517130,0,0
-556792,0,0
-564812,0,0
-581702,0,0
-240659,0,0
82205,0,0
258275,0,0
399657,0,0
238356,0,0
-140210,0,0
-437858,0,0
-567988,0,0
-613177,0,0
-536990,0,0
-231939,0,0
228324,0,0
383562,0,0
394223,0,0
186609,0,0
-190359,0,0
-510914,0,0
-519495,0,0
-547831,0,0
-577037,0,0
-296618,0,0
52958,0,0
283958,0,0
406312,0,0
249855,0,0
-99575,0,0
-394335,0,0
-529058,0,0
-563513,0,0
-532857,0,0
-292892,0,0
140428,0,0
359662,0,0
372361,0,0
248147,0,0
-77562,0,0
-426098,0,0
-515563,0,0
-567616,0,0
-578480,0,0
-325501,0,0
-1837,0,0
298299,0,0
421107,0,0
298135,0,0
-29645,0,0
-359254,0,0
-518322,0,0
-549100,0,0
-482840,0,0
-274872,0,0
198097,0,0
427584,0,0
369452,0,0
263545,0,0
-54707,0,0
-404735,0,0
-475147,0,0
-550434,0,0
-531528,0,0
-258413,0,0
101459,0,0
317399,0,0
427495,0,0
313881,0,0
-49629,0,0
-369432,0,0
-517781,0,0
-520815,0,0
-480584,0,0
-195774,0,0
241451,0,0
437562,0,0
365714,0,0
237356,0,0
-105377,0,0
-437683,0,0
-508310,0,0
-557357,0,0
-559712,0,0
-287608,0,0
27979,0,0
282858,0,0
415964,0,0
298131,0,0
-73487,0,0
-415193,0,0
-571724,0,0
-569649,0,0
-536714,0,0
-320240,0,0
175281,0,0
398114,0,0
345867,0,0
255482,0,0
-103152,0,0
-459298,0,0
-515557,0,0
-544765,0,0
-592340,0,0
-355832,0,0
-45047,0,0
208811,0,0
384692,0,0
344133,0,0
4432,0,0
-378397,0,0
-563207,0,0
-561389,0,0
-549772,0,0
-402019,0,0
34016,0,0
300991,0,0
318722,0,0
325615,0,0
27765,0,0
-374297,0,0
-529921,0,0
-584715,0,0
-602433,0,0
-467638,0,0
-154437,0,0
156372,0,0
361097,0,0
310599,0,0
117322,0,0
-224470,0,0
-498483,0,0
-567030,0,0
-563239,0,0
-526027,0,0
-66926,0,0
255431,0,0
291745,0,0
362582,0,0
157014,0,0
-238106,0,0
-464302,0,0
-542081,0,0
-620129,0,0
-499247,0,0
-266084,0,0
110224,0,0
407092,0,0
412465,0,0
212284,0,0
-93887,0,0
-434795,0,0
-552032,0,0
-509361,0,0
-515446,0,0
-62830,0,0
297124,0,0
395994,0,0
422809,0,0
170167,0,0
-212612,0,0
-446832,0,0
-551285,0,0
-614745,0,0
-477489,0,0
-262098,0,0
129394,0,0
402869,0,0
362155,0,0
222409,0,0
-133239,0,0
-466632,0,0
-592303,0,0
-544522,0,0
-549341,0,0
-146121,0,0
206037,0,0
320882,0,0
374188,0,0
222162,0,0
-148569,0,0
-426574,0,0
-544100,0,0
-615611,0,0
-509724,0,0
-328886,0,0
27455,0,0
362907,0,0
376317,0,0
267103,0,0
-38721,0,0
-390530,0,0
-539392,0,0
-495025,0,0
-564597,0,0
-207496,0,0
228106,0,0
376281,0,0
422014,0,0
258893,0,0
-107323,0,0
-382875,0,0
-488295,0,0
-554915,0,0
-480128,0,0
-327471,0,0
60652,0,0
402477,0,0
433210,0,0
341889,0,0
3266,0,0
-396577,0,0
-501670,0,0
-481153,0,0
-520403,0,0
-100973,0,0
263490,0,0
385152,0,0
424044,0,0
228425,0,0
-153981,0,0
-403261,0,0
-491654,0,0
-583998,0,0
-513041,0,0
-284894,0,0
122625,0,0
410566,0,0
447882,0,0
268203,0,0
-98756,0,0
-502635,0,0
-575295,0,0
-498862,0,0
-544094,0,0
-125616,0,0
223551,0,0
325457,0,0
393809,0,0
226274,0,0
-156967,0,0
-433740,0,0
-573312,0,0
-613739,0,0
-515120,0,0
-376987,0,0
6536,0,0
353308,0,0
364328,0,0
259569,0,0
-28373,0,0
-399940,0,0
-575558,0,0
-539697,0,0
-601067,0,0
-265120,0,0
114969,0,0
302313,0,0
371225,0,0
256576,0,0
-64690,0,0
-363740,0,0
-523151,0,0
-634818,0,0
-537701,0,0
-452617,0,0
-41216,0,0
332178,0,0
392454,0,0
361929,0,0
75724,0,0
-338525,0,0
-527439,0,0
-507386,0,0
-557021,0,0
-274128,0,0
82555,0,0
307250,0,0
443030,0,0
377138,0,0
24047,0,0
-331501,0,0
-485755,0,0
-583281,0,0
-484617,0,0
-421952,0,0
4414,0,0
403775,0,0
467811,0,0
363500,0,0
77755,0,0
-313870,0,0
-500421,0,0
-476433,0,0
-501472,0,0
-182877,0,0
171523,0,0
379455,0,0
456837,0,0
336587,0,0
-71210,0,0
-374093,0,0
-511864,0,0
-569329,0,0
-487578,0,0
-341375,0,0
57514,0,0
414769,0,0
425493,0,0
302517,0,0
-22298,0,0
-411231,0,0
-572232,0,0
-550909,0,0
-562826,0,0
-202341,0,0
165026,0,0
326778,0,0
387185,0,0
228759,0,0
-148597,0,0
-431119,0,0
-576937,0,0
-648476,0,0
-549604,0,0
-450489,0,0
-78600,0,0
301913,0,0
348482,0,0
264824,0,0
-2788,0,0
-401901,0,0
-588467,0,0
-569739,0,0
-602483,0,0
-316045,0,0
49557,0,0
229267,0,0
366726,0,0
279109,0,0
-10620,0,0
-349293,0,0
-530981,0,0
-603896,0,0
-509039,0,0
-492388,0,0
-96703,0,0
302186,0,0
403550,0,0
356704,0,0
136024,0,0
-252686,0,0
-490081,0,0
-469852,0,0
-538685,0,0
-249486,0,0
183972,0,0
430854,0,0
495540,0,0
355176,0,0
-24083,0,0
-333196,0,0
-458623,0,0
-546848,0,0
-454272,0,0
-336902,0,0
90848,0,0
432798,0,0
477858,0,0
302013,0,0
-36844,0,0
-409018,0,0
-545874,0,0
-478539,0,0
-553128,0,0
-188625,0,0
191894,0,0
334394,0,0
319277,0,0
224099,0,0
-123254,0,0
-388115,0,0
-541737,0,0
-620901,0,0
-553536,0,0
-412463,0,0
-16173,0,0
353937,0,0
372771,0,0
270995,0,0
-22526,0,0
-404375,0,0
-571618,0,0
-525749,0,0
-601456,0,0
-280742,0,0
113792,0,0
316569,0,0
358812,0,0
273492,0,0
-24011,0,0
-341637,0,0
-523219,0,0
-600357,0,0
-527718,0,0
-471656,0,0
-44111,0,0
314269,0,0
370078,0,0
325142,0,0
85218,0,0
-306436,0,0
-514643,0,0
-529484,0,0
-621133,0,0
-335896,0,0
88470,0,0
293540,0,0
331958,0,0
307062,0,0
9577,0,0
-342204,0,0
-509127,0,0
-625704,0,0
-538759,0,0
-563891,0,0
-181357,0,0
244402,0,0
361470,0,0
345224,0,0
148301,0,0
-242160,0,0
-520994,0,0
-547551,0,0
-622047,0,0
-440731,0,0
-83750,0,0
184371,0,0
387742,0,0
364107,0,0
133281,0,0
-185508,0,0
-455867,0,0
-612737,0,0
-509756,0,0
-565110,0,0
-236386,0,0
223263,0,0
383301,0,0
404693,0,0
282696,0,0
-131513,0,0
-450381,0,0
-491532,0,0
-572465,0,0
-430600,0,0
-109314,0,0
196972,0,0
454868,0,0
362637,0,0
180552,0,0
-157973,0,0
-445374,0,0
-600305,0,0
-527932,0,0
-552373,0,0
-239413,0,0
206626,0,0
364506,0,0
369420,0,0
277018,0,0
-91522,0,0
-443919,0,0
-474121,0,0
-593637,0,0
-456020,0,0
-80390,0,0
246575,0,0
440131,0,0
358118,0,0
139913,0,0
-198673,0,0
-478233,0,0
-598337,0,0
-513481,0,0
-599562,0,0
-261031,0,0
147149,0,0
340969,0,0
346080,0,0
243533,0,0
-132490,0,0
-452397,0,0
-538682,0,0
-618603,0,0
-493306,0,0
-249422,0,0
75558,0,0
384198,0,0
371183,0,0
178454,0,0
-105167,0,0
-408476,0,0
-621036,0,0
-553167,0,0
-626472,0,0
-393577,0,0
76972,0,0
313530,0,0
343018,0,0
336068,0,0
-9513,0,0
-378820,0,0
-488423,0,0
-618443,0,0
-491664,0,0
-265308,0,0
60602,0,0
384893,0,0
403250,0,0
314461,0,0
-20793,0,0
-387981,0,0
-575342,0,0
-503064,0,0
-582485,0,0
-378589,0,0
80543,0,0
330666,0,0
406290,0,0
360131,0,0
23509,0,0
-348909,0,0
-470083,0,0
-567743,0,0
-470564,0,0
-280668,0,0
66110,0,0
380959,0,0
402684,0,0
274156,0,0
-13494,0,0
-358650,0,0
-599986,0,0
-484624,0,0
-599195,0,0
-391835,0,0
49659,0,0
302687,0,0
396367,0,0
400102,0,0
57538,0,0
-344319,0,0
-445534,0,0
-567200,0,0
-485415,0,0
-278132,0,0
70683,0,0
400668,0,0
436576,0,0
285421,0,0
-25155,0,0
-382101,0,0
-569123,0,0
-495292,0,0
-578527,0,0
-369162,0,0
109083,0,0
334856,0,0
328072,0,0
311044,0,0
6186,0,0
-346302,0,0
-429312,0,0
-565130,0,0
-508135,0,0
-279527,0,0
66957,0,0
347174,0,0
427167,0,0
274435,0,0
-34116,0,0
-398642,0,0
-583611,0,0
-512349,0,0
-585462,0,0
-408063,0,0
58754,0,0
299249,0,0
380819,0,0
400034,0,0
44407,0,0
-325522,0,0
-491806,0,0
-573623,0,0
-478230,0,0
-260739,0,0
111981,0,0
444531,0,0
429425,0,0
255396,0,0
-75283,0,0
-413595,0,0
-601945,0,0
-489803,0,0
-559990,0,0
-381549,0,0
40436,0,0
310270,0,0
369590,0,0
323229,0,0
-38122,0,0
-368979,0,0
-483400,0,0
-586037,0,0
-501778,0,0
-307914,0,0
25422,0,0
364420,0,0
364693,0,0
219019,0,0
-43791,0,0
-375293,0,0
-570284,0,0
-522699,0,0
-615900,0,0
-434403,0,0
5819,0,0
286122,0,0
380671,0,0
386385,0,0
53166,0,0
-334465,0,0
-484869,0,0
-573080,0,0
-473946,0,0
-256411,0,0
139767,0,0
442726,0,0
455671,0,0
285309,0,0
-48229,0,0
-392680,0,0
-542012,0,0
-450086,0,0
-549665,0,0
-260475,0,0
215804,0,0
428075,0,0
435778,0,0
332553,0,0
-67184,0,0
-416208,0,0
-452481,0,0
-521818,0,0
-408354,0,0
-79466,0,0
260120,0,0
434544,0,0
406463,0,0
143465,0,0
-179855,0,0
-461609,0,0
-612615,0,0
-523332,0,0
-552690,0,0
-202069,0,0
223414,0,0
348427,0,0
379101,0,0
207317,0,0
-204959,0,0
-516669,0,0
-535516,0,0
-598413,0,0
-412556,0,0
-85326,0,0
194305,0,0
422568,0,0
335865,0,0
62487,0,0
-262972,0,0
-492816,0,0
-643992,0,0
-542290,0,0
-605568,0,0
-229489,0,0
182364,0,0
333879,0,0
328736,0,0
224894,0,0
-162332,0,0
-485323,0,0
-525078,0,0
-613366,0,0
-459562,0,0
-135912,0,0
173098,0,0
425453,0,0
388832,0,0
167493,0,0
-181574,0,0
-489367,0,0
-607377,0,0
-486474,0,0
-549964,0,0
-240118,0,0
206538,0,0
379571,0,0
380499,0,0
282677,0,0
-124437,0,0
-465727,0,0
-509216,0,0
-568793,0,0
-375529,0,0
-23619,0,0
240663,0,0
437053,0,0
389567,0,0
116777,0,0
-230870,0,0
-478984,0,0
-556705,0,0
-497442,0,0
-523987,0,0
-139414,0,0
279354,0,0
390894,0,0
363214,0,0
162403,0,0
-244224,0,0
-486421,0,0
-516187,0,0
-593912,0,0
-416142,0,0
-55245,0,0
252562,0,0
385078,0,0
332746,0,0
70431,0,0
-270503,0,0
-518960,0,0
-594289,0,0
-537700,0,0
-563333,0,0
-183468,0,0
219346,0,0
366482,0,0
392617,0,0
220038,0,0
-202692,0,0
-490774,0,0
-502683,0,0
-569650,0,0
-398267,0,0
-43000,0,0
275564,0,0
410822,0,0
397376,0,0
104154,0,0
-230406,0,0
-506634,0,0
-587989,0,0
-481552,0,0
-512052,0,0
-178323,0,0
209184,0,0
379631,0,0
375436,0,0
172739,0,0
-221827,0,0
-499694,0,0
-556142,0,0
-601613,0,0
-445888,0,0
-130920,0,0
196260,0,0
358898,0,0
293989,0,0
116969,0,0
-208523,0,0
-516115,0,0
-643195,0,0
-575964,0,0
-643010,0,0
-360750,0,0
63462,0,0
223163,0,0
245893,0,0
288705,0,0
-69613,0,0
-416839,0,0
-564824,0,0
-639610,0,0
-512283,0,0
-315367,0,0
59740,0,0
327897,0,0
379366,0,0
292478,0,0
-17297,0,0
-391028,0,0
-570590,0,0
-501091,0,0
-573401,0,0
-373174,0,0
50258,0,0
338034,0,0
418109,0,0
373350,0,0
34970,0,0
-342436,0,0
-438839,0,0
-569263,0,0
-464405,0,0
-237938,0,0
146343,0,0
424437,0,0
400878,0,0
279956,0,0
-31351,0,0
-387025,0,0
-575352,0,0
-493925,0,0
-562497,0,0
-326016,0,0
81164,0,0
305474,0,0
379177,0,0
345080,0,0
11336,0,0
-371021,0,0
-514402,0,0
-613800,0,0
-487227,0,0
-295570,0,0
71688,0,0
348722,0,0
358195,0,0
274267,0,0
-16093,0,0
-376834,0,0
-578290,0,0
-505861,0,0
-628217,0,0
-454188,0,0
-20813,0,0
290875,0,0
318151,0,0
367877,0,0
66567,0,0
-301776,0,0
-486912,0,0
-594315,0,0
-525067,0,0
-426340,0,0
-50967,0,0
287116,0,0
373389,0,0
311497,0,0
90851,0,0
-333183,0,0
-575842,0,0
-526452,0,0
-620932,0,0
-503730,0,0
-175943,0,0
142056,0,0
329965,0,0
417523,0,0
192322,0,0
-152604,0,0
-469558,0,0
-625308,0,0
-526308,0,0
-461872,0,0
-128093,0,0
240968,0,0
341180,0,0
316296,0,0
196724,0,0
-217073,0,0
-511869,0,0
-516011,0,0
-604518,0,0
-552810,0,0
-288519,0,0
73123,0,0
296233,0,0
408603,0,0
256697,0,0
-36309,0,0
-413419,0,0
-614588,0,0
-546369,0,0
-587104,0,0
-331887,0,0
127700,0,0
359879,0,0
319011,0,0
280720,0,0
-101527,0,0
-431844,0,0
-529760,0,0
-609035,0,0
-531215,0,0
-414155,0,0
-33064,0,0
249110,0,0
442892,0,0
308490,0,0
123803,0,0
-252250,0,0
-545748,0,0
-504983,0,0
-522835,0,0
-393245,0,0
48495,0,0
377211,0,0
389281,0,0
394381,0,0
-3627,0,0
-387100,0,0
-441620,0,0
-539733,0,0
-482421,0,0
-400298,0,0
-20571,0,0
276758,0,0
490717,0,0
358096,0,0
160150,0,0
-220963,0,0
-526097,0,0
-483960,0,0
-510396,0,0
-345610,0,0
63255,0,0
352354,0,0
414554,0,0
381056,0,0
-34036,0,0
-366482,0,0
-451266,0,0
-544964,0,0
-542358,0,0
-411070,0,0
-17867,0,0
261121,0,0
408727,0,0
308529,0,0
152999,0,0
-220186,0,0
-556013,0,0
-546154,0,0
-591708,0,0
-446450,0,0
-17932,0,0
304121,0,0
344092,0,0
367072,0,0
15201,0,0
-344882,0,0
-484023,0,0
-613940,0,0
-578932,0,0
-480727,0,0
-169367,0,0
142882,0,0
370773,0,0
323929,0,0
258765,0,0
-150477,0,0
-523335,0,0
-546843,0,0
-560542,0,0
-496426,0,0
-122634,0,0
249641,0,0
351035,0,0
401799,0,0
88823,0,0
-235886,0,0
-392574,0,0
-548249,0,0
-544423,0,0
-493022,0,0
-230400,0,0
118667,0,0
375393,0,0
386750,0,0
361307,0,0
-73302,0,0
-483962,0,0
-516747,0,0
-509714,0,0
-524062,0,0
-200016,0,0
146522,0,0
291503,0,0
413641,0,0
185545,0,0
-99202,0,0
-380362,0,0
-589145,0,0
-584850,0,0
-508930,0,0
-303144,0,0
15018,0,0
347095,0,0
353754,0,0
395260,0,0
42694,0,0
-419366,0,0
-530864,0,0
-566070,0,0
-582853,0,0
-273055,0,0
144327,0,0
352783,0,0
448270,0,0
185991,0,0
-79977,0,0
-339301,0,0
-551247,0,0
-543999,0,0
-511981,0,0
-363168,0,0
-17176,0,0
341657,0,0
376232,0,0
446919,0,0
49508,0,0
-372206,0,0
-510902,0,0
-553149,0,0
-565160,0,0
-348613,0,0
69537,0,0
298893,0,0
431251,0,0
216865,0,0
30249,0,0
-319495,0,0
-527197,0,0
-545770,0,0
-506909,0,0
-426702,0,0
-64235,0,0
344303,0,0
375534,0,0
485547,0,0
109117,0,0
-326105,0,0
-478883,0,0
-529954,0,0
-590131,0,0
-371248,0,0
65453,0,0
330678,0,0
451753,0,0
219287,0,0
38272,0,0
-288174,0,0
-544354,0,0
-584770,0,0
-508484,0,0
-439383,0,0
-97275,0,0
314056,0,0
395383,0,0
465684,0,0
74355,0,0
-368940,0,0
-511869,0,0
-544491,0,0
-571756,0,0
-426549,0,0
-52309,0,0
243512,0,0
417853,0,0
216596,0,0
57135,0,0
-272746,0,0
-523560,0,0
-582328,0,0
-541402,0,0
-538251,0,0
-234753,0,0
201583,0,0
349058,0,0
471474,0,0
164110,0,0
-216950,0,0
-446676,0,0
-535522,0,0
-613305,0,0
-527142,0,0
-136670,0,0
190995,0,0
376674,0,0
246333,0,0
222241,0,0
-106008,0,0
-456033,0,0
-585465,0,0
-506517,0,0
-513258,0,0
-294034,0,0
158180,0,0
312298,0,0
518029,0,0
256408,0,0
-90481,0,0
-401430,0,0
-514404,0,0
-572130,0,0
-507880,0,0
-205341,0,0
140206,0,0
347575,0,0
244574,0,0
290378,0,0
-31599,0,0
-418380,0,0
-547337,0,0
-533106,0,0
-527733,0,0
-308961,0,0
136482,0,0
301700,0,0
488362,0,0
275067,0,0
-67312,0,0
-368511,0,0
-481347,0,0
-554346,0,0
-512614,0,0
-265365,0,0
122996,0,0
388887,0,0
269314,0,0
299544,0,0
-18954,0,0
-399709,0,0
-538358,0,0
-487508,0,0
-508174,0,0
-346745,0,0
128497,0,0
297217,0,0
509239,0,0
326635,0,0
-30600,0,0
-361048,0,0
-507307,0,0
-590641,0,0
-514063,0,0
-275828,0,0
114387,0,0
451051,0,0
344105,0,0
293205,0,0
-43344,0,0
-422325,0,0
-560882,0,0
-492160,0,0
-485290,0,0
-292308,0,0
171982,0,0
358696,0,0
555850,0,0
295338,0,0
-77037,0,0
-387732,0,0
-490216,0,0
-526216,0,0
-465232,0,0
-186704,0,0
164972,0,0
388503,0,0
271359,0,0
251986,0,0
-50861,0,0
-419700,0,0
-562129,0,0
-522379,0,0
-530443,0,0
-310218,0,0
142214,0,0
299980,0,0
493769,0,0
266463,0,0
-86662,0,0
-387598,0,0
-534905,0,0
-623006,0,0
-536058,0,0
-196235,0,0
157772,0,0
379271,0,0
272503,0,0
268726,0,0
-69301,0,0
-422323,0,0
-596907,0,0
-518406,0,0
-514732,0,0
-283467,0,0
168145,0,0
352386,0,0
551922,0,0
262558,0,0
-123626,0,0
-412248,0,0
-511843,0,0
-578447,0,0
-514345,0,0
-178047,0,0
160069,0,0
421325,0,0
274355,0,0
256497,0,0
-99882,0,0
-478433,0,0
-579434,0,0
-503745,0,0
-529615,0,0
-255921,0,0
196989,0,0
381199,0,0
547474,0,0
226480,0,0
-168590,0,0
-448236,0,0
-526199,0,0
-547254,0,0
-512157,0,0
-182022,0,0
134606,0,0
429645,0,0
269537,0,0
254140,0,0
-95889,0,0
-472501,0,0
-559403,0,0
-532273,0,0
-540099,0,0
-283688,0,0
178666,0,0
339763,0,0
495325,0,0
213116,0,0
-158033,0,0
-435731,0,0
-518000,0,0
-572783,0,0
-510688,0,0
-228619,0,0
144118,0,0
399553,0,0
238130,0,0
207961,0,0
-113172,0,0
-457114,0,0
-548394,0,0
-524287,0,0
-571460,0,0
-309436,0,0
131635,0,0
333794,0,0
472533,0,0
209463,0,0
-130524,0,0
-403289,0,0
-532343,0,0
-566076,0,0
-533534,0,0
-237448,0,0
52579,0,0
330019,0,0
273087,0,0
284025,0,0
-50853,0,0
-416588,0,0
-553146,0,0
-504300,0,0
-566800,0,0
-324122,0,0
179997,0,0
346976,0,0
532683,0,0
274751,0,0
-124071,0,0
-399394,0,0
-505200,0,0
-519358,0,0
-465087,0,0
-163054,0,0
166184,0,0
431967,0,0
268424,0,0
252369,0,0
-84838,0,0
-452686,0,0
-520621,0,0
-458955,0,0
-511086,0,0
-224456,0,0
239933,0,0
432071,0,0
531383,0,0
223740,0,0
-161452,0,0
-406803,0,0
-499823,0,0
-551536,0,0
-439079,0,0
-50777,0,0
264661,0,0
467888,0,0
259097,0,0
136142,0,0
-193063,0,0
-480309,0,0
-538797,0,0
-507859,0,0
-488771,0,0
-117551,0,0
333980,0,0
426234,0,0
526629,0,0
139874,0,0
-294256,0,0
-469780,0,0
-515157,0,0
-548534,0,0
-320031,0,0
89427,0,0
341688,0,0
503203,0,0
213853,0,0
6301,0,0
-316789,0,0
-525755,0,0
-533003,0,0
-496046,0,0
-308319,0,0
72074,0,0
443076,0,0
477092,0,0
424780,0,0
-13425,0,0
-469432,0,0
-478423,0,0
-519030,0,0
-434759,0,0
-16492,0,0
355453,0,0
460114,0,0
472942,0,0
56123,0,0
-292260,0,0
-418117,0,0
-532247,0,0
-522312,0,0
-350931,0,0
75204,0,0
393976,0,0
565322,0,0
406741,0,0
78757,0,0
-246077,0,0
-479982,0,0
-404948,0,0
-363942,0,0
-9888,0,0
427771,0,0
583537,0,0
465220,0,0
162066,0,0
-227443,0,0
-476938,0,0
-421320,0,0
-499044,0,0
-175369,0,0
278859,0,0
570412,0,0
544648,0,0
302457,0,0
-37049,0,0
-249407,0,0
-213679,0,0
-369907,0,0
48855,0,0
369541,0,0
584066,0,0
577785,0,0
321843,0,0
-125467,0,0
-369044,0,0
-482164,0,0
-539346,0,0
-425425,0,0
-74107,0,0
378332,0,0
519260,0,0
345228,0,0
-22282,0,0
-346501,0,0
-537527,0,0
-508689,0,0
-494132,0,0
-161824,0,0
359707,0,0
461124,0,0
406246,0,0
153403,0,0
-229290,0,0
-559021,0,0
-571710,0,0
-653925,0,0
-463578,0,0
-46244,0,0
188987,0,0
431355,0,0
313531,0,0
-26865,0,0
-398474,0,0
-518738,0,0
-604139,0,0
-539088,0,0
-308377,0,0
119547,0,0
531816,0,0
391954,0,0
178168,0,0
-164328,0,0
-478720,0,0
-598275,0,0
-516717,0,0
-569016,0,0
-112899,0,0
291463,0,0
283557,0,0
383474,0,0
111049,0,0
-306921,0,0
-544618,0,0
-542557,0,0
-577282,0,0
-243218,0,0
110563,0,0
408669,0,0
616976,0,0
327952,0,0
-124718,0,0
-372864,0,0
-472249,0,0
-542665,0,0
-396850,0,0
-54679,0,0
389407,0,0
514696,0,0
251210,0,0
42461,0,0
-214020,0,0
-453258,0,0
-570748,0,0
-461258,0,0
-152676,0,0
384760,0,0
541707,0,0
442311,0,0
243007,0,0
-101886,0,0
-493417,0,0
-519558,0,0
-560419,0,0
-287692,0,0
199775,0,0
334266,0,0
451760,0,0
235501,0,0
-216515,0,0
-484624,0,0
-520580,0,0
-543911,0,0
-493150,0,0
-68763,0,0
279882,0,0
599069,0,0
453625,0,0
1166,0,0
-385963,0,0
-549185,0,0
-642207,0,0
-556907,0,0
-278469,0,0
95654,0,0
372823,0,0
224708,0,0
182388,0,0
-142945,0,0
-504668,0,0
-620136,0,0
-566792,0,0
-568820,0,0
-283853,0,0
171207,0,0
326192,0,0
534367,0,0
153576,0,0
-306703,0,0
-519268,0,0
-569189,0,0
-599911,0,0
-414054,0,0
7639,0,0
296528,0,0
449429,0,0
143231,0,0
-78938,0,0
-360880,0,0
-591516,0,0
-601495,0,0
-573706,0,0
-340341,0,0
59870,0,0
348169,0,0
393822,0,0
341301,0,0
-116570,0,0
-518808,0,0
-533331,0,0
-543084,0,0
-471126,0,0
-69301,0,0
259056,0,0
420089,0,0
406990,0,0
-16722,0,0
-358378,0,0
-493057,0,0
-625308,0,0
-535755,0,0
-390712,0,0
-10275,0,0
289819,0,0
472972,0,0
324323,0,0
17293,0,0
-395698,0,0
-549654,0,0
-504947,0,0
-495344,0,0
-90745,0,0
323061,0,0
450675,0,0
364061,0,0
109483,0,0
-292434,0,0
-512044,0,0
-468205,0,0
-602996,0,0
-398942,0,0
-4324,0,0
310591,0,0
476020,0,0
399192,0,0
4359,0,0
-399374,0,0
-517574,0,0
-553726,0,0
-358963,0,0
-77094,0,0
290846,0,0
458426,0,0
392972,0,0
97563,0,0
-256845,0,0
-479075,0,0
-584649,0,0
-526220,0,0
-469964,0,0
48155,0,0
390467,0,0
510434,0,0
306636,0,0
-22977,0,0
-413487,0,0
-549981,0,0
-585848,0,0
-521441,0,0
-60383,0,0
174608,0,0
359287,0,0
330094,0,0
109407,0,0
-273864,0,0
-529270,0,0
-630801,0,0
-658136,0,0
-602416,0,0
-366463,0,0
73008,0,0
272520,0,0
278653,0,0
103748,0,0
-244902,0,0
-579052,0,0
-659673,0,0
-672776,0,0
-617522,0,0
-200563,0,0
55129,0,0
230736,0,0
263531,0,0
135396,0,0
-204265,0,0
-484174,0,0
-651554,0,0
-660732,0,0
-651260,0,0
-508920,0,0
-5770,0,0
261831,0,0
353994,0,0
242790,0,0
-117001,0,0
-495710,0,0
-644987,0,0
-667865,0,0
-632494,0,0
-313212,0,0
-82029,0,0
188264,0,0
294796,0,0
228840,0,0
2484,0,0
-366613,0,0
-606935,0,0
-638400,0,0
-606163,0,0
-621176,0,0
-155586,0,0
136116,0,0
283012,0,0
306777,0,0
163437,0,0
-243422,0,0
-547043,0,0
-632534,0,0
-627779,0,0
-460648,0,0
-236801,0,0
127700,0,0
301339,0,0
300586,0,0
211735,0,0
-105743,0,0
-461916,0,0
-579474,0,0
-552840,0,0
-651742,0,0
-303641,0,0
57957,0,0
345811,0,0
382894,0,0
329241,0,0
-62779,0,0
-410599,0,0
-558643,0,0
-576971,0,0
-419519,0,0
-289181,0,0
125164,0,0
361464,0,0
361372,0,0
293063,0,0
-18486,0,0
-395947,0,0
-556880,0,0
-508267,0,0
-612927,0,0
-335565,0,0
58244,0,0
318649,0,0
391987,0,0
324836,0,0
-9841,0,0
-357784,0,0
-466372,0,0
-538364,0,0
-419244,0,0
-252761,0,0
141993,0,0
357690,0,0
391674,0,0
302235,0,0
-30933,0,0
-383682,0,0
-513783,0,0
-504442,0,0
-627894,0,0
-301999,0,0
108343,0,0
389496,0,0
413652,0,0
335373,0,0
-35811,0,0
-387548,0,0
-571671,0,0
-597347,0,0
-439634,0,0
-253989,0,0
138633,0,0
352497,0,0
389073,0,0
251932,0,0
-77762,0,0
-409497,0,0
-538075,0,0
-529461,0,0
-639911,0,0
-310112,0,0
51955,0,0
351144,0,0
428019,0,0
344077,0,0
-25180,0,0
-368355,0,0
-496222,0,0
-507207,0,0
-355166,0,0
-163059,0,0
254344,0,0
492747,0,0
420237,0,0
228604,0,0
-93222,0,0
-403598,0,0
-489392,0,0
-460228,0,0
-521015,0,0
-57427,0,0
304361,0,0
526852,0,0
462372,0,0
170803,0,0
-246134,0,0
-458156,0,0
-496611,0,0
-526903,0,0
-193733,0,0
110850,0,0
418651,0,0
485003,0,0
296812,0,0
-6271,0,0
-324464,0,0
-501221,0,0
-540403,0,0
-499897,0,0
-394235,0,0
153545,0,0
438650,0,0
486034,0,0
296432,0,0
-69429,0,0
-460873,0,0
-521901,0,0
-515802,0,0
-471661,0,0
-44869,0,0
182468,0,0
394271,0,0
371581,0,0
200874,0,0
-153878,0,0
-409973,0,0
-593761,0,0
-567741,0,0
-494347,0,0
-225791,0,0
281561,0,0
430636,0,0
416089,0,0
152301,0,0
-199735,0,0
-508350,0,0
-522578,0,0
-517141,0,0
-379812,0,0
144599,0,0
308312,0,0
476641,0,0
399628,0,0
70338,0,0
-364388,0,0
-456902,0,0
-582691,0,0
-552046,0,0
-332838,0,0
31032,0,0
429950,0,0
471657,0,0
303967,0,0
-98744,0,0
-376658,0,0
-565636,0,0
-562965,0,0
-550926,0,0
-211541,0,0
263072,0,0
282672,0,0
441025,0,0
242609,0,0
-133638,0,0
-508372,0,0
-553620,0,0
-617811,0,0
-490650,0,0
-176584,0,0
104719,0,0
384506,0,0
414232,0,0
224728,0,0
-177085,0,0
-405391,0,0
-533626,0,0
-455195,0,0
-390757,0,0
63443,0,0
543385,0,0
436049,0,0
383925,0,0
29505,0,0
-342396,0,0
-523468,0,0
-475019,0,0
-547306,0,0
-142392,0,0
267717,0,0
347249,0,0
552141,0,0
257666,0,0
-178841,0,0
-485671,0,0
-469834,0,0
-529057,0,0
-273941,0,0
40957,0,0
388007,0,0
643505,0,0
301717,0,0
-45007,0,0
-347003,0,0
-502278,0,0
-585487,0,0
-507833,0,0
-291386,0,0
187823,0,0
409869,0,0
236857,0,0
223098,0,0
-173602,0,0
-498657,0,0
-596320,0,0
-527243,0,0
-550036,0,0
-110531,0,0
180095,0,0
387720,0,0
556200,0,0
104404,0,0
-313929,0,0
-470191,0,0
-541993,0,0
-570617,0,0
-397463,0,0
-79892,0,0
365477,0,0
443394,0,0
213997,0,0
35977,0,0
-319793,0,0
-576597,0,0
-566356,0,0
-496478,0,0
-293025,0,0
245301,0,0
425060,0,0
444616,0,0
343597,0,0
-148862,0,0
-515563,0,0
-516160,0,0
-503280,0,0
-442992,0,0
-51117,0,0
161112,0,0
458584,0,0
379658,0,0
15667,0,0
-283742,0,0
-446928,0,0
-569074,0,0
-570974,0,0
-372762,0,0
-66407,0,0
377186,0,0
308929,0,0
314785,0,0
65390,0,0
-399871,0,0
-638833,0,0
-613167,0,0
-586001,0,0
-407033,0,0
14673,0,0
122492,0,0
292375,0,0
253603,0,0
-110380,0,0
-374961,0,0
-544663,0,0
-641176,0,0
-659757,0,0
-455839,0,0
-87248,0,0
342853,0,0
304186,0,0
270383,0,0
65870,0,0
-373765,0,0
-599857,0,0
-589687,0,0
-628435,0,0
-475275,0,0
-14750,0,0
190648,0,0
374947,0,0
319272,0,0
-48816,0,0
-333085,0,0
-510431,0,0
-598307,0,0
-607292,0,0
-472609,0,0
-147463,0,0
337623,0,0
324170,0,0
323748,0,0
137903,0,0
-329213,0,0
-618543,0,0
-597377,0,0
-616903,0,0
-484624,0,0
-82525,0,0
118607,0,0
320904,0,0
294630,0,0
21314,0,0
-249497,0,0
-489755,0,0
-630173,0,0
-592551,0,0
-529037,0,0
-254115,0,0
220362,0,0
280370,0,0
340043,0,0
265545,0,0
-219048,0,0
-527181,0,0
-571224,0,0
-585640,0,0
-542636,0,0
-201912,0,0
39290,0,0
333760,0,0
350641,0,0
78425,0,0
-131859,0,0
-408797,0,0
-574880,0,0
-598018,0,0
-570501,0,0
-343421,0,0
109835,0,0
245452,0,0
323116,0,0
391273,0,0
-64274,0,0
-450190,0,0
-584559,0,0
-612662,0,0
-595198,0,0
-358973,0,0
-82775,0,0
269282,0,0
317281,0,0
127315,0,0
30163,0,0
-346920,0,0
-550978,0,0
-609116,0,0
-634474,0,0
-594284,0,0
-122348,0,0
111002,0,0
261487,0,0
435934,0,0
78041,0,0
-265774,0,0
-507901,0,0
-625890,0,0
-647592,0,0
-578028,0,0
-385559,0,0
118454,0,0
306640,0,0
167053,0,0
300569,0,0
-61865,0,0
-449272,0,0
-639523,0,0
-597237,0,0
-613487,0,0
-312612,0,0
-43803,0,0
241634,0,0
470444,0,0
234164,0,0
51479,0,0
-321603,0,0
-547739,0,0
-616989,0,0
-552365,0,0
-589959,0,0
-103433,0,0
207045,0,0
193657,0,0
387919,0,0
135193,0,0
-223198,0,0
-524910,0,0
-552659,0,0
-618452,0,0
-483926,0,0
-370402,0,0
21559,0,0
418794,0,0
247768,0,0
239741,0,0
-54170,0,0
-402046,0,0
-597377,0,0
-543635,0,0
-690221,0,0
-452704,0,0
-90540,0,0
113529,0,0
346924,0,0
282537,0,0
112816,0,0
-252914,0,0
-469855,0,0
-624945,0,0
-537255,0,0
-562543,0,0
-222628,0,0
251066,0,0
256195,0,0
270196,0,0
240913,0,0
-95152,0,0
-466380,0,0
-530646,0,0
-659431,0,0
-568091,0,0
-394251,0,0
-38658,0,0
326848,0,0
327795,0,0
292114,0,0
815,0,0
-378451,0,0
-578425,0,0
-511521,0,0
-582926,0,0
-436372,0,0
15174,0,0
185016,0,0
368502,0,0
322767,0,0
139947,0,0
-214323,0,0
-424547,0,0
-596153,0,0
-503931,0,0
-512011,0,0
-281556,0,0
199327,0,0
363958,0,0
368315,0,0
244130,0,0
-39010,0,0
-418668,0,0
-498259,0,0
-546167,0,0
-511925,0,0
-143340,0,0
101384,0,0
352676,0,0
386538,0,0
291583,0,0
1510,0,0
-337573,0,0
-516805,0,0
-513950,0,0
-489146,0,0
-480783,0,0
67425,0,0
371793,0,0
460430,0,0
388377,0,0
76567,0,0
-338072,0,0
-485873,0,0
-526705,0,0
-525722,0,0
-257490,0,0
-27138,0,0
329942,0,0
403295,0,0
332060,0,0
104966,0,0
-223349,0,0
-535259,0,0
-562395,0,0
-534673,0,0
-590184,0,0
-85442,0,0
246101,0,0
375205,0,0
301679,0,0
164312,0,0
-220244,0,0
-465081,0,0
-538618,0,0
-614639,0,0
-435408,0,0
-242836,0,0
136377,0,0
298555,0,0
321806,0,0
239351,0,0
-79982,0,0
-468815,0,0
-553698,0,0
-562246,0,0
-688878,0,0
-361577,0,0
23336,0,0
324446,0,0
350668,0,0
310878,0,0
-10167,0,0
-363898,0,0
-551152,0,0
-591662,0,0
-456590,0,0
-477252,0,0
-32873,0,0
264189,0,0
329584,0,0
357402,0,0
149655,0,0
-280149,0,0
-533074,0,0
-516895,0,0
-668843,0,0
-472289,0,0
-247118,0,0
137751,0,0
306380,0,0
349163,0,0
228813,0,0
-96477,0,0
-480331,0,0
-564844,0,0
-472070,0,0
-572271,0,0
-268929,0,0
120493,0,0
319571,0,0
321839,0,0
282801,0,0
-64676,0,0
-316452,0,0
-472587,0,0
-613067,0,0
-511415,0,0
-433308,0,0
-22957,0,0
290518,0,0
449448,0,0
387594,0,0
159120,0,0
-312883,0,0
-539382,0,0
-458962,0,0
-522194,0,0
-363511,0,0
15541,0,0
300482,0,0
382912,0,0
409852,0,0
17210,0,0
-272596,0,0
-452397,0,0
-588640,0,0
-499085,0,0
-476171,0,0
-161514,0,0
171601,0,0
416604,0,0
402503,0,0
272979,0,0
-217934,0,0
-510087,0,0
-488082,0,0
-544325,0,0
-454908,0,0
-156026,0,0
184791,0,0
351834,0,0
340360,0,0
117392,0,0
-80866,0,0
-384401,0,0
-611456,0,0
-551429,0,0
-554809,0,0
-376069,0,0
2445,0,0
274185,0,0
301215,0,0
438630,0,0
-49802,0,0
-438083,0,0
-521222,0,0
-595307,0,0
-549612,0,0
-387564,0,0
-36957,0,0
225789,0,0
369986,0,0
158901,0,0
96298,0,0
-293648,0,0
-572555,0,0
-536452,0,0
-550010,0,0
-519156,0,0
-221624,0,0
146672,0,0
266132,0,0
480766,0,0
142303,0,0
-196084,0,0
-447303,0,0
-596977,0,0
-565583,0,0
-523486,0,0
-288076,0,0
55084,0,0
324998,0,0
164273,0,0
283904,0,0
-18467,0,0
-413327,0,0
-562068,0,0
-574626,0,0
-580961,0,0
-485141,0,0
-52407,0,0
193833,0,0
474597,0,0
278554,0,0
85903,0,0
-260076,0,0
-525370,0,0
-567427,0,0
-549481,0,0
-473976,0,0
-121063,0,0
243145,0,0
209662,0,0
409340,0,0
212097,0,0
-210076,0,0
-425517,0,0
-504787,0,0
-536370,0,0
-537660,0,0
-224286,0,0
122097,0,0
485270,0,0
340452,0,0
285664,0,0
-37101,0,0
-420367,0,0
-534146,0,0
-539763,0,0
-531485,0,0
-235233,0,0
160507,0,0
208372,0,0
407044,0,0
310746,0,0
-58989,0,0
-332296,0,0
-470615,0,0
-547556,0,0
-551341,0,0
-388898,0,0
-37739,0,0
373687,0,0
299643,0,0
310353,0,0
149553,0,0
-317882,0,0
-549840,0,0
-577177,0,0
-610797,0,0
-476695,0,0
-95689,0,0
91851,0,0
371982,0,0
344771,0,0
42815,0,0
-220656,0,0
-474891,0,0
-572450,0,0
-563663,0,0
-533709,0,0
-347841,0,0
139578,0,0
238071,0,0
353194,0,0
381795,0,0
-99631,0,0
-448751,0,0
-552525,0,0
-612828,0,0
-589972,0,0
-386237,0,0
-70765,0,0
307829,0,0
370151,0,0
165282,0,0
130220,0,0
-279397,0,0
-548250,0,0
-582920,0,0
-540966,0,0
-513760,0,0
-56661,0,0
175193,0,0
370084,0,0
500160,0,0
127664,0,0
-209380,0,0
-454829,0,0
-554197,0,0
-544469,0,0
-446877,0,0
-241028,0,0
228162,0,0
402211,0,0
217682,0,0
324432,0,0
-95785,0,0
-443796,0,0
-542761,0,0
-515260,0,0
-523303,0,0
-174944,0,0
78982,0,0
368572,0,0
571236,0,0
227920,0,0
-54534,0,0
-364294,0,0
-497891,0,0
-556988,0,0
-498850,0,0
-413043,0,0
116820,0,0
348611,0,0
246879,0,0
397105,0,0
29630,0,0
-363657,0,0
-525326,0,0
-518055,0,0
-570182,0,0
-279624,0,0
-58976,0,0
279521,0,0
558606,0,0
266350,0,0
81930,0,0
-311356,0,0
-517171,0,0
-590285,0,0
-542855,0,0
-556374,0,0
-50769,0,0
281436,0,0
228075,0,0
411276,0,0
96050,0,0
-269327,0,0
-540399,0,0
-577035,0,0
-604215,0,0
-397231,0,0
-243137,0,0
162348,0,0
454326,0,0
216065,0,0
247124,0,0
-115489,0,0
-450035,0,0
-594014,0,0
-523496,0,0
-673603,0,0
-268381,0,0
98709,0,0
199968,0,0
474402,0,0
278134,0,0
-67232,0,0
-450373,0,0
-523714,0,0
-580121,0,0
-410889,0,0
-406270,0,0
-19383,0,0
425336,0,0
295329,0,0
378372,0,0
72176,0,0
-328305,0,0
-545823,0,0
-535912,0,0
-678165,0,0
-416193,0,0
-29953,0,0
184973,0,0
433203,0,0
296200,0,0
97030,0,0
-275492,0,0
-439626,0,0
-590416,0,0
-494773,0,0
-519768,0,0
-178316,0,0
306872,0,0
294700,0,0
412430,0,0
224089,0,0
-146778,0,0
-449108,0,0
-502303,0,0
-667493,0,0
-500197,0,0
-276902,0,0
36390,0,0
464238,0,0
385336,0,0
256706,0,0
-86584,0,0
-386736,0,0
-545042,0,0
-484574,0,0
-528105,0,0
-273266,0,0
187685,0,0
313617,0,0
467120,0,0
340721,0,0
-23904,0,0
-381664,0,0
-454744,0,0
-596223,0,0
-479561,0,0
-309407,0,0
-20972,0,0
396677,0,0
416303,0,0
358506,0,0
10885,0,0
-314546,0,0
-514109,0,0
-463457,0,0
-568688,0,0
-368038,0,0
156873,0,0
250260,0,0
380581,0,0
338274,0,0
44504,0,0
-366760,0,0
-515416,0,0
-685705,0,0
-548839,0,0
-461102,0,0
-177534,0,0
281578,0,0
344140,0,0
332045,0,0
97641,0,0
-251232,0,0
-537211,0,0
-505895,0,0
-609581,0,0
-515843,0,0
-47311,0,0
147918,0,0
358159,0,0
373851,0,0
186520,0,0
-153935,0,0
-402140,0,0
-607128,0,0
-547402,0,0
-542567,0,0
-308106,0,0
254217,0,0
379340,0,0
412551,0,0
263603,0,0
-91338,0,0
-442923,0,0
-476748,0,0
-531799,0,0
-485934,0,0
-91390,0,0
133564,0,0
362513,0,0
386267,0,0
229487,0,0
-88013,0,0
-377411,0,0
-581973,0,0
-522761,0,0
-524097,0,0
-445035,0,0
146757,0,0
334194,0,0
415168,0,0
340972,0,0
-6146,0,0
-410687,0,0
-474867,0,0
-603078,0,0
-527176,0,0
-165366,0,0
57144,0,0
356180,0,0
454903,0,0
281262,0,0
-19364,0,0
-329415,0,0
-583771,0,0
-512775,0,0
-522249,0,0
-465111,0,0
96839,0,0
343638,0,0
409302,0,0
321432,0,0
2604,0,0
-415000,0,0
-493940,0,0
-551020,0,0
-542121,0,0
-268480,0,0
1421,0,0
252419,0,0
351663,0,0
331104,0,0
63068,0,0
-302738,0,0
-604294,0,0
-558158,0,0
-563131,0,0
-577407,0,0
-19811,0,0
245069,0,0
391187,0,0
326967,0,0
122622,0,0
-287823,0,0
-494108,0,0
-630934,0,0
-599118,0,0
-365564,0,0
-201015,0,0
194872,0,0
316767,0,0
274983,0,0
177031,0,0
-151661,0,0
-525596,0,0
-624150,0,0
-606186,0,0
-691055,0,0
-249071,0,0
56180,0,0
300923,0,0
364835,0,0
266322,0,0
-114047,0,0
-419895,0,0
-609639,0,0
-598933,0,0
-435940,0,0
-426481,0,0
-832,0,0
261125,0,0
328624,0,0
323374,0,0
80108,0,0
-357488,0,0
-523921,0,0
-569998,0,0
-683938,0,0
-419654,0,0
-116581,0,0
256842,0,0
383825,0,0
419977,0,0
109865,0,0
-241169,0,0
-524979,0,0
-548331,0,0
-444691,0,0
-543566,0,0
-88869,0,0
264502,0,0
370796,0,0
348969,0,0
208566,0,0
-202747,0,0
-417004,0,0
-491997,0,0
-640480,0,0
-492384,0,0
-263341,0,0
149282,0,0
367542,0,0
415709,0,0
232094,0,0
-82101,0,0
-473345,0,0
-549401,0,0
-448473,0,0
-609120,0,0
-270697,0,0
106286,0,0
268840,0,0
357896,0,0
309953,0,0
-87797,0,0
-354947,0,0
-512805,0,0
-660156,0,0
-491145,0,0
-471928,0,0
-68215,0,0
242000,0,0
374171,0,0
335534,0,0
181825,0,0
-305100,0,0
-507350,0,0
-464731,0,0
-570272,0,0
-394279,0,0
-50775,0,0
247500,0,0
408205,0,0
403631,0,0
44209,0,0
-213521,0,0
-439461,0,0
-610453,0,0
-465660,0,0
-528479,0,0
-233315,0,0
170355,0,0
412046,0,0
364813,0,0
323434,0,0
-179400,0,0
-470772,0,0
-412392,0,0
-568515,0,0
-485815,0,0
-183071,0,0
172419,0,0
396816,0,0
409983,0,0
110934,0,0
-90590,0,0
-423033,0,0
-652674,0,0
-513738,0,0
-546291,0,0
-341293,0,0
16983,0,0
314649,0,0
355451,0,0
424502,0,0
-79335,0,0
-447742,0,0
-481142,0,0
-643230,0,0
-540283,0,0
-387946,0,0
-59852,0,0
233387,0,0
365326,0,0
123129,0,0
93511,0,0
-271446,0,0
-625599,0,0
-566293,0,0
-624068,0,0
-559267,0,0
-229968,0,0
147903,0,0
232378,0,0
506908,0,0
118099,0,0
-238704,0,0
-458163,0,0
-613033,0,0
-559566,0,0
-540874,0,0
-274605,0,0
105186,0,0
344815,0,0
134238,0,0
300160,0,0
-30239,0,0
-427359,0,0
-525359,0,0
-581444,0,0
-567608,0,0
-443493,0,0
-6844,0,0
238316,0,0
562659,0,0
281609,0,0
27624,0,0
-297178,0,0
-517602,0,0
-518942,0,0
-522325,0,0
-416358,0,0
-15559,0,0
315028,0,0
200848,0,0
416088,0,0
144093,0,0
-278886,0,0
-473019,0,0
-510484,0,0
-518282,0,0
-518983,0,0
-153209,0,0
183416,0,0
605994,0,0
356922,0,0
184164,0,0
-145230,0,0
-470574,0,0
-541604,0,0
-514479,0,0
-470904,0,0
-111321,0,0
264027,0,0
239395,0,0
431406,0,0
213739,0,0
-186061,0,0
-419413,0,0
-519617,0,0
-524526,0,0
-542335,0,0
-208407,0,0
164403,0,0
558054,0,0
318592,0,0
234932,0,0
-80840,0,0
-452221,0,0
-543036,0,0
-542944,0,0
-534594,0,0
-228339,0,0
167799,0,0
178818,0,0
371632,0,0
241821,0,0
-124651,0,0
-347670,0,0
-567665,0,0
-596390,0,0
-602984,0,0
-410742,0,0
-29663,0,0
426673,0,0
243772,0,0
276920,0,0
95840,0,0
