-397956,0,0
77593,0,0
66571,0,0
-420283,0,0
-1066087,0,0
-702845,0,0
-27624,0,0
72522,0,0
-26563,0,0
-817403,0,0
-987641,0,0
-9697,0,0
574050,0,0
-123800,0,0
-360480,0,0
-528896,0,0
-671235,0,0
-107898,0,0
-218591,0,0
7992,0,0
359711,0,0
150217,0,0
-333140,0,0
-218586,0,0
-22039,0,0
102303,0,0
-28768,0,0
247003,0,0
584427,0,0
164581,0,0
-482077,0,0
-237492,0,0
462876,0,0
739078,0,0
637610,0,0
-59430,0,0
-203117,0,0
232888,0,0
289000,0,0
-109063,0,0
206250,0,0
261376,0,0
88755,0,0
123732,0,0
290002,0,0
503877,0,0
875491,0,0
39879,0,0
-410041,0,0
-44444,0,0
81263,0,0
369375,0,0
612405,0,0
215750,0,0
-3422,0,0
11048,0,0
121192,0,0
191337,0,0
105434,0,0
-291058,0,0
528894,0,0
706942,0,0
109605,0,0
402449,0,0
327668,0,0
-42159,0,0
167048,0,0
346650,0,0
9311,0,0
236774,0,0
-124756,0,0
307641,0,0
212268,0,0
-242580,0,0
-270301,0,0
-287082,0,0
438855,0,0
775016,0,0
-422935,0,0
-962943,0,0
182041,0,0
359255,0,0
-483232,0,0
-128625,0,0
-98142,0,0
-241458,0,0
-454814,0,0
-316187,0,0
-276447,0,0
95146,0,0
-113763,0,0
-228592,0,0
82877,0,0
250179,0,0
-59488,0,0
-364537,0,0
-523398,0,0
-501,0,0
600998,0,0
30553,0,0
-419124,0,0
-459511,0,0
-214240,0,0
281522,0,0
-26908,0,0
-341420,0,0
-202083,0,0
-113053,0,0
63416,0,0
445421,0,0
40565,0,0
-613371,0,0
-653383,0,0
-589954,0,0
-104049,0,0
314338,0,0
603039,0,0
330967,0,0
-387936,0,0
-870786,0,0
-368219,0,0
-80999,0,0
291639,0,0
638600,0,0
242968,0,0
-62522,0,0
-169551,0,0
-150251,0,0
156829,0,0
947695,0,0
82533,0,0
-259637,0,0
80819,0,0
95256,0,0
446870,0,0
826605,0,0
483137,0,0
202744,0,0
14033,0,0
-28392,0,0
576713,0,0
275259,0,0
106658,0,0
622395,0,0
720093,0,0
141356,0,0
217441,0,0
782050,0,0
656397,0,0
174755,0,0
-134146,0,0
224555,0,0
423474,0,0
167383,0,0
165565,0,0
55661,0,0
170926,0,0
519160,0,0
460962,0,0
149642,0,0
276956,0,0
-93722,0,0
-264628,0,0
377940,0,0
214075,0,0
-730462,0,0
-759530,0,0
-332702,0,0
486717,0,0
1058945,0,0
617452,0,0
158835,0,0
-511555,0,0
-849457,0,0
-434305,0,0
10746,0,0
145378,0,0
112113,0,0
-87958,0,0
-591887,0,0
-545963,0,0
-585740,0,0
-354829,0,0
445836,0,0
482340,0,0
-425345,0,0
-963212,0,0
-664411,0,0
55728,0,0
302013,0,0
-721425,0,0
-692732,0,0
-387712,0,0
-346761,0,0
-304915,0,0
-409549,0,0
-366022,0,0
-166847,0,0
-213620,0,0
-562394,0,0
-28681,0,0
-231637,0,0
-433763,0,0
-160056,0,0
-618176,0,0
-777980,0,0
-453109,0,0
113267,0,0
665226,0,0
121655,0,0
-380605,0,0
-115791,0,0
-227272,0,0
-491814,0,0
-51449,0,0
332969,0,0
27363,0,0
-215507,0,0
379942,0,0
351299,0,0
455691,0,0
304370,0,0
54518,0,0
-68927,0,0
344550,0,0
1142059,0,0
787109,0,0
427101,0,0
-167505,0,0
325845,0,0
325323,0,0
350518,0,0
621330,0,0
517299,0,0
607902,0,0
483162,0,0
182016,0,0
426690,0,0
454561,0,0
355104,0,0
895191,0,0
322493,0,0
-384508,0,0
79749,0,0
452993,0,0
177854,0,0
537190,0,0
165169,0,0
42702,0,0
516666,0,0
-65746,0,0
-146482,0,0
429574,0,0
334353,0,0
228579,0,0
513927,0,0
-29102,0,0
-624635,0,0
-443130,0,0
-26703,0,0
917614,0,0
1028436,0,0
920321,0,0
320852,0,0
-454745,0,0
-664832,0,0
-232946,0,0
497696,0,0
405683,0,0
333527,0,0
-264563,0,0
-110811,0,0
58269,0,0
255156,0,0
1555020,0,0
815512,0,0
-629033,0,0
-1110479,0,0
-691866,0,0
-345490,0,0
952600,0,0
160274,0,0
-364015,0,0
62360,0,0
-224211,0,0
-327233,0,0
-346902,0,0
-381066,0,0
-508847,0,0
-311763,0,0
-858776,0,0
-328877,0,0
356723,0,0
-228794,0,0
-806249,0,0
-1225330,0,0
-1047151,0,0
45125,0,0
-155054,0,0
-792432,0,0
-536096,0,0
-762178,0,0
-820016,0,0
51695,0,0
21829,0,0
-781484,0,0
-849111,0,0
-614582,0,0
-363798,0,0
440386,0,0
-389818,0,0
-302410,0,0
-134101,0,0
-551000,0,0
-442798,0,0
-247172,0,0
-70353,0,0
-79457,0,0
583458,0,0
-151182,0,0
-123815,0,0
-214777,0,0
-388807,0,0
-221160,0,0
-168771,0,0
841516,0,0
732842,0,0
208950,0,0
398565,0,0
-214213,0,0
-542943,0,0
102884,0,0
307530,0,0
240631,0,0
272443,0,0
745057,0,0
393596,0,0
463895,0,0
526010,0,0
-296360,0,0
-64957,0,0
97021,0,0
140953,0,0
563125,0,0
-5236,0,0
208394,0,0
599276,0,0
342201,0,0
-88028,0,0
511662,0,0
-244670,0,0
-284057,0,0
288486,0,0
132585,0,0
-59809,0,0
102768,0,0
-64204,0,0
169121,0,0
536090,0,0
184291,0,0
-229438,0,0
-630848,0,0
-437884,0,0
307734,0,0
-106794,0,0
232200,0,0
896357,0,0
-61285,0,0
-597284,0,0
-313066,0,0
59375,0,0
85141,0,0
-115660,0,0
-351451,0,0
-186267,0,0
-364468,0,0
-438732,0,0
-111118,0,0
1083136,0,0
484118,0,0
-556578,0,0
-808427,0,0
-833596,0,0
-434540,0,0
-194821,0,0
145171,0,0
-225282,0,0
-684750,0,0
-495018,0,0
71712,0,0
-739320,0,0
-865903,0,0
-144493,0,0
-109778,0,0
-487313,0,0
-733409,0,0
-726911,0,0
-334413,0,0
-410651,0,0
-727053,0,0
-348583,0,0
-583168,0,0
-636524,0,0
-228385,0,0
-159148,0,0
-454979,0,0
-470980,0,0
-407834,0,0
-452047,0,0
-190721,0,0
-147365,0,0
54939,0,0
50401,0,0
125768,0,0
-333042,0,0
-439444,0,0
-434370,0,0
-224917,0,0
43590,0,0
47634,0,0
212197,0,0
764182,0,0
196214,0,0
176706,0,0
318614,0,0
79120,0,0
-336772,0,0
-265405,0,0
294858,0,0
989997,0,0
1457401,0,0
948414,0,0
331767,0,0
171796,0,0
96371,0,0
199697,0,0
68064,0,0
938291,0,0
1543270,0,0
993578,0,0
430830,0,0
174455,0,0
282857,0,0
615356,0,0
460852,0,0
758620,0,0
583686,0,0
575916,0,0
251476,0,0
228269,0,0
-179817,0,0
81998,0,0
435493,0,0
981571,0,0
158484,0,0
-440551,0,0
-22559,0,0
-194181,0,0
339449,0,0
97852,0,0
-214905,0,0
-290158,0,0
50538,0,0
182761,0,0
-378292,0,0
-336520,0,0
-269853,0,0
-129169,0,0
9905,0,0
200727,0,0
-561094,0,0
-532756,0,0
-309860,0,0
-466598,0,0
121785,0,0
56343,0,0
-46201,0,0
9712,0,0
-414189,0,0
-794104,0,0
-294094,0,0
-134929,0,0
-178498,0,0
332249,0,0
-601960,0,0
-370180,0,0
189501,0,0
80641,0,0
-195742,0,0
-77930,0,0
-617261,0,0
-379598,0,0
-333375,0,0
-479115,0,0
-305718,0,0
-84667,0,0
321974,0,0
208522,0,0
-386644,0,0
-541445,0,0
-475429,0,0
-530138,0,0
-270051,0,0
-211159,0,0
-424179,0,0
84409,0,0
184171,0,0
-576123,0,0
-306118,0,0
26382,0,0
-333741,0,0
86025,0,0
152533,0,0
-386836,0,0
-589747,0,0
-478886,0,0
-541357,0,0
130571,0,0
328519,0,0
119545,0,0
225017,0,0
27792,0,0
-364519,0,0
-162485,0,0
-106401,0,0
-302517,0,0
-113826,0,0
287047,0,0
160555,0,0
35709,0,0
318304,0,0
153228,0,0
-83124,0,0
196772,0,0
324883,0,0
201748,0,0
-201373,0,0
-291695,0,0
147620,0,0
437760,0,0
911053,0,0
516155,0,0
-60958,0,0
146794,0,0
534272,0,0
805898,0,0
153710,0,0
-303357,0,0
355844,0,0
727495,0,0
366097,0,0
852158,0,0
599668,0,0
-6134,0,0
18385,0,0
432969,0,0
246081,0,0
1204103,0,0
566044,0,0
-680080,0,0
-157220,0,0
403483,0,0
647700,0,0
183227,0,0
-163707,0,0
-90084,0,0
-135175,0,0
-14131,0,0
-163047,0,0
94335,0,0
-117302,0,0
57381,0,0
-289689,0,0
-78903,0,0
465672,0,0
331064,0,0
-436412,0,0
-674298,0,0
-469321,0,0
-665723,0,0
-137216,0,0
100084,0,0
446369,0,0
757078,0,0
-400047,0,0
-925684,0,0
-509797,0,0
-145930,0,0
468540,0,0
495144,0,0
-490869,0,0
-445093,0,0
-78671,0,0
-221207,0,0
100491,0,0
23224,0,0
-164298,0,0
-57507,0,0
-247746,0,0
-20347,0,0
-77216,0,0
-342404,0,0
-303322,0,0
-216085,0,0
88144,0,0
268045,0,0
398222,0,0
330946,0,0
-761338,0,0
-956554,0,0
-625505,0,0
80971,0,0
456699,0,0
826336,0,0
5785,0,0
-545210,0,0
25695,0,0
245843,0,0
-285561,0,0
-61876,0,0
451373,0,0
167703,0,0
-127858,0,0
218358,0,0
132225,0,0
142019,0,0
440239,0,0
336186,0,0
235294,0,0
-55808,0,0
-170506,0,0
446424,0,0
651059,0,0
309375,0,0
-168153,0,0
-125495,0,0
139874,0,0
306862,0,0
265895,0,0
-200167,0,0
216685,0,0
510291,0,0
-453529,0,0
-44304,0,0
-116162,0,0
-324927,0,0
-251,0,0
2776,0,0
14306,0,0
602343,0,0
-342917,0,0
-547375,0,0
-536607,0,0
-521268,0,0
334149,0,0
531018,0,0
-157171,0,0
-529570,0,0
-234030,0,0
-473549,0,0
-216543,0,0
-203242,0,0
78047,0,0
125570,0,0
-104325,0,0
-363132,0,0
-123164,0,0
-84991,0,0
-340211,0,0
-412109,0,0
-702342,0,0
-343677,0,0
132012,0,0
595626,0,0
13498,0,0
-891115,0,0
-1182428,0,0
-415085,0,0
268081,0,0
89218,0,0
59564,0,0
-412980,0,0
-591120,0,0
152508,0,0
-96328,0,0
-482445,0,0
-406640,0,0
-306793,0,0
262601,0,0
506790,0,0
-190539,0,0
-440199,0,0
-310493,0,0
-137078,0,0
136613,0,0
382113,0,0
-135364,0,0
275760,0,0
243734,0,0
-702115,0,0
-535817,0,0
-188601,0,0
-223284,0,0
83496,0,0
344034,0,0
-175848,0,0
-619548,0,0
-4265,0,0
69207,0,0
-61533,0,0
-400093,0,0
-239897,0,0
326074,0,0
416155,0,0
-345500,0,0
-835778,0,0
-332159,0,0
277020,0,0
255385,0,0
-7954,0,0
454181,0,0
-59332,0,0
-231463,0,0
148072,0,0
-82270,0,0
79157,0,0
-76668,0,0
312853,0,0
649239,0,0
415378,0,0
-72173,0,0
-318931,0,0
-247076,0,0
-288130,0,0
791456,0,0
853551,0,0
128658,0,0
-190914,0,0
-417394,0,0
-125473,0,0
89862,0,0
150941,0,0
369040,0,0
396170,0,0
292261,0,0
318328,0,0
-554615,0,0
-409743,0,0
71654,0,0
107412,0,0
-507181,0,0
473151,0,0
652684,0,0
-274434,0,0
-402826,0,0
-117240,0,0
-199837,0,0
9311,0,0
-303351,0,0
-680110,0,0
16074,0,0
143270,0,0
612368,0,0
542287,0,0
-520458,0,0
-853868,0,0
-694094,0,0
-203271,0,0
1517,0,0
407702,0,0
425791,0,0
-247128,0,0
-395275,0,0
-552418,0,0
-158358,0,0
-100132,0,0
-55467,0,0
363016,0,0
-93912,0,0
-795607,0,0
-45647,0,0
438156,0,0
-177319,0,0
-555604,0,0
-422702,0,0
-280775,0,0
-209698,0,0
145037,0,0
-309825,0,0
341374,0,0
8631,0,0
-158599,0,0
-23442,0,0
-330381,0,0
-629470,0,0
-788304,0,0
-215747,0,0
255088,0,0
534843,0,0
107190,0,0
189061,0,0
-70384,0,0
-75718,0,0
-206095,0,0
-242759,0,0
14470,0,0
119902,0,0
159764,0,0
59510,0,0
380325,0,0
124069,0,0
121933,0,0
629324,0,0
515777,0,0
244770,0,0
-431373,0,0
-197298,0,0
375377,0,0
569837,0,0
-46664,0,0
8478,0,0
423303,0,0
935415,0,0
204494,0,0
98411,0,0
260863,0,0
490863,0,0
581421,0,0
-112620,0,0
-77818,0,0
-155614,0,0
735518,0,0
1144720,0,0
19120,0,0
-404851,0,0
-452446,0,0
-31382,0,0
1242734,0,0
1223696,0,0
84125,0,0
-361897,0,0
-736029,0,0
-238538,0,0
249127,0,0
45746,0,0
2330,0,0
228113,0,0
285717,0,0
-108353,0,0
-450558,0,0
-600835,0,0
-508117,0,0
10107,0,0
70420,0,0
273994,0,0
-297171,0,0
-256430,0,0
-169298,0,0
-483351,0,0
-608238,0,0
-406202,0,0
-297034,0,0
-126321,0,0
-147332,0,0
-292482,0,0
-241517,0,0
-256328,0,0
-297521,0,0
117218,0,0
145709,0,0
-7719,0,0
-180318,0,0
-299612,0,0
-145739,0,0
-104640,0,0
-130612,0,0
78392,0,0
826736,0,0
789908,0,0
93740,0,0
-255032,0,0
-286477,0,0
24611,0,0
1076478,0,0
1033609,0,0
399553,0,0
155619,0,0
325652,0,0
183945,0,0
579901,0,0
151084,0,0
348919,0,0
570722,0,0
327250,0,0
759988,0,0
935767,0,0
170338,0,0
302301,0,0
9608,0,0
-119909,0,0
402915,0,0
842460,0,0
1089171,0,0
574762,0,0
67867,0,0
-102129,0,0
-43347,0,0
206518,0,0
484934,0,0
1022104,0,0
790582,0,0
251558,0,0
117076,0,0
12906,0,0
89339,0,0
-2128,0,0
394759,0,0
347702,0,0
-15406,0,0
-293053,0,0
645029,0,0
188823,0,0
-294223,0,0
-239016,0,0
-167210,0,0
310754,0,0
603307,0,0
-151931,0,0
-1177785,0,0
-585198,0,0
50416,0,0
468140,0,0
720730,0,0
-113737,0,0
-887357,0,0
-404714,0,0
331374,0,0
198529,0,0
-341701,0,0
-615892,0,0
-92784,0,0
-242894,0,0
-585246,0,0
-371543,0,0
288613,0,0
375673,0,0
-103285,0,0
-358592,0,0
-243245,0,0
-615070,0,0
-985670,0,0
-394821,0,0
-94196,0,0
-357285,0,0
-443319,0,0
-310573,0,0
-375932,0,0
-132933,0,0
-107346,0,0
-686215,0,0
-142647,0,0
-115479,0,0
-794131,0,0
-525602,0,0
-432630,0,0
-343307,0,0
-34641,0,0
-154108,0,0
-566129,0,0
-560877,0,0
-664704,0,0
-131123,0,0
-337579,0,0
176650,0,0
679897,0,0
-55264,0,0
-712337,0,0
-800638,0,0
-338383,0,0
-143617,0,0
70018,0,0
-55752,0,0
-211690,0,0
242418,0,0
128791,0,0
-11164,0,0
-40234,0,0
-20078,0,0
82732,0,0
122127,0,0
189987,0,0
-11224,0,0
-229711,0,0
2768,0,0
108586,0,0
362891,0,0
-110161,0,0
69372,0,0
-113041,0,0
-134604,0,0
707218,0,0
326774,0,0
-337227,0,0
159119,0,0
397196,0,0
-8606,0,0
-290400,0,0
13996,0,0
219154,0,0
583811,0,0
343661,0,0
-159399,0,0
-428727,0,0
393210,0,0
551297,0,0
-259151,0,0
87292,0,0
638259,0,0
673338,0,0
-204861,0,0
-749146,0,0
-152650,0,0
-36876,0,0
254764,0,0
-45637,0,0
209463,0,0
607175,0,0
-35389,0,0
-196204,0,0
319766,0,0
-94378,0,0
-317698,0,0
-342310,0,0
-57674,0,0
-99974,0,0
71948,0,0
-81342,0,0
65580,0,0
28592,0,0
-119315,0,0
201410,0,0
-206657,0,0
-585601,0,0
-388153,0,0
-73310,0,0
129051,0,0
189584,0,0
128133,0,0
-320208,0,0
-285083,0,0
-586346,0,0
-133842,0,0
58454,0,0
621216,0,0
434321,0,0
-158097,0,0
-719254,0,0
-345877,0,0
-88895,0,0
196381,0,0
253546,0,0
289111,0,0
-148112,0,0
159854,0,0
-46674,0,0
-389263,0,0
-230027,0,0
308432,0,0
278452,0,0
-213895,0,0
-400245,0,0
-143335,0,0
-72970,0,0
-299976,0,0
-234478,0,0
-177851,0,0
81986,0,0
411343,0,0
-319155,0,0
-728802,0,0
191199,0,0
-44522,0,0
-509561,0,0
-276404,0,0
-214339,0,0
-77610,0,0
209992,0,0
225802,0,0
72834,0,0
-18211,0,0
-686924,0,0
-229391,0,0
100307,0,0
-19389,0,0
156439,0,0
17508,0,0
399008,0,0
164748,0,0
-342708,0,0
-798050,0,0
-144824,0,0
958789,0,0
-41658,0,0
70620,0,0
179479,0,0
-408309,0,0
-356905,0,0
396697,0,0
414527,0,0
48187,0,0
-528064,0,0
414056,0,0
380831,0,0
-309579,0,0
-68437,0,0
258290,0,0
-67228,0,0
-84731,0,0
-18800,0,0
237283,0,0
331461,0,0
-206631,0,0
-464622,0,0
215736,0,0
426369,0,0
-228165,0,0
-307614,0,0
-143093,0,0
-316726,0,0
-212382,0,0
559135,0,0
987080,0,0
88629,0,0
-398741,0,0
-458114,0,0
-308449,0,0
-7144,0,0
-17594,0,0
92353,0,0
33975,0,0
268392,0,0
89065,0,0
67780,0,0
286333,0,0
1419,0,0
82641,0,0
-56879,0,0
137692,0,0
232987,0,0
56110,0,0
93660,0,0
82649,0,0
52771,0,0
328386,0,0
568296,0,0
286353,0,0
-202868,0,0
37977,0,0
-20690,0,0
-199370,0,0
193524,0,0
133829,0,0
142446,0,0
125663,0,0
-43527,0,0
262271,0,0
-88437,0,0
-169429,0,0
70759,0,0
24152,0,0
-411424,0,0
365952,0,0
75535,0,0
-103071,0,0
-74398,0,0
-309278,0,0
-767197,0,0
67335,0,0
422038,0,0
307,0,0
1089184,0,0
255534,0,0
-653100,0,0
-546096,0,0
-363886,0,0
-13466,0,0
-26934,0,0
60471,0,0
114279,0,0
-112813,0,0
46674,0,0
458848,0,0
140947,0,0
191582,0,0
164179,0,0
-460266,0,0
-521363,0,0
261722,0,0
433469,0,0
-286377,0,0
66912,0,0
263484,0,0
148705,0,0
20852,0,0
101313,0,0
-173144,0,0
273492,0,0
357489,0,0
-61921,0,0
607417,0,0
297990,0,0
-188072,0,0
-407038,0,0
2338,0,0
-101964,0,0
132847,0,0
678718,0,0
601282,0,0
814423,0,0
-349251,0,0
-327320,0,0
-144844,0,0
-351648,0,0
124715,0,0
480746,0,0
869778,0,0
511539,0,0
-257988,0,0
-507799,0,0
-188303,0,0
137983,0,0
403850,0,0
145151,0,0
262077,0,0
16966,0,0
-350133,0,0
-128636,0,0
230912,0,0
37049,0,0
-216685,0,0
238796,0,0
-14707,0,0
-539791,0,0
120577,0,0
159278,0,0
230,0,0
335187,0,0
13863,0,0
-539032,0,0
-27749,0,0
-268360,0,0
-216058,0,0
463294,0,0
234872,0,0
-154541,0,0
-125815,0,0
-402418,0,0
-76174,0,0
292336,0,0
-33815,0,0
-464848,0,0
-771921,0,0
-546993,0,0
-24405,0,0
382559,0,0
-113824,0,0
-290667,0,0
26050,0,0
-330010,0,0
-300984,0,0
-931341,0,0
-647862,0,0
-213859,0,0
190443,0,0
32530,0,0
-739451,0,0
-776355,0,0
-193336,0,0
-220478,0,0
-494567,0,0
-153283,0,0
392478,0,0
83945,0,0
-643616,0,0
-755458,0,0
68303,0,0
265838,0,0
-106669,0,0
-317853,0,0
-79026,0,0
-350032,0,0
-199376,0,0
127840,0,0
417617,0,0
435459,0,0
-85122,0,0
-562347,0,0
126269,0,0
458083,0,0
104464,0,0
-89420,0,0
29037,0,0
-38710,0,0
264697,0,0
338843,0,0
211307,0,0
-385146,0,0
-444641,0,0
-64836,0,0
1092569,0,0
368541,0,0
-71356,0,0
-1659,0,0
236626,0,0
134063,0,0
24514,0,0
326548,0,0
113320,0,0
244990,0,0
720749,0,0
459236,0,0
-156750,0,0
259947,0,0
650203,0,0
203563,0,0
170796,0,0
386371,0,0
655317,0,0
711629,0,0
679358,0,0
18263,0,0
35010,0,0
485471,0,0
746791,0,0
219305,0,0
194696,0,0
422457,0,0
530250,0,0
-159096,0,0
-355663,0,0
641023,0,0
1334044,0,0
268532,0,0
-513470,0,0
-256770,0,0
-148972,0,0
330168,0,0
103385,0,0
326233,0,0
485903,0,0
-247527,0,0
-473521,0,0
-338423,0,0
-41503,0,0
335404,0,0
273131,0,0
-89108,0,0
-455529,0,0
-706427,0,0
-622667,0,0
-162627,0,0
-111675,0,0
-316695,0,0
-619015,0,0
-795645,0,0
-915159,0,0
-433434,0,0
341260,0,0
439722,0,0
-464456,0,0
-1413420,0,0
-1176845,0,0
-1002985,0,0
-658182,0,0
-254615,0,0
-341906,0,0
-588883,0,0
-392918,0,0
-337000,0,0
-720110,0,0
-629282,0,0
-698635,0,0
-713894,0,0
-596899,0,0
-619845,0,0
-558373,0,0
-677244,0,0
-727678,0,0
-673894,0,0
-485821,0,0
10970,0,0
-646994,0,0
-835604,0,0
-921618,0,0
-687783,0,0
-468487,0,0
-249404,0,0
-442263,0,0
-704235,0,0
-922449,0,0
-34033,0,0
511880,0,0
-298212,0,0
-333421,0,0
-211540,0,0
-497387,0,0
-277412,0,0
-38940,0,0
-140763,0,0
9259,0,0
-79856,0,0
224741,0,0
755805,0,0
42154,0,0
-281558,0,0
-331211,0,0
676420,0,0
1012216,0,0
241573,0,0
-200977,0,0
-94982,0,0
96688,0,0
30354,0,0
499503,0,0
721887,0,0
-2898,0,0
249670,0,0
1031510,0,0
828645,0,0
349473,0,0
253449,0,0
470658,0,0
687176,0,0
-297577,0,0
98148,0,0
649873,0,0
724647,0,0
988779,0,0
335032,0,0
125275,0,0
198370,0,0
-99827,0,0
379955,0,0
1337034,0,0
450395,0,0
-133473,0,0
154355,0,0
457526,0,0
824809,0,0
643815,0,0
317411,0,0
-71232,0,0
63324,0,0
342634,0,0
321286,0,0
263760,0,0
338069,0,0
510270,0,0
-12557,0,0
-606433,0,0
-342384,0,0
-82071,0,0
585054,0,0
1296844,0,0
305547,0,0
-133570,0,0
-865545,0,0
-1137972,0,0
-544583,0,0
234560,0,0
193585,0,0
47135,0,0
-100780,0,0
-259873,0,0
286419,0,0
27116,0,0
-169163,0,0
-528772,0,0
-475862,0,0
-353788,0,0
15392,0,0
500847,0,0
85104,0,0
-119927,0,0
-62886,0,0
-195978,0,0
-371653,0,0
-376853,0,0
-102514,0,0
385194,0,0
-86212,0,0
115293,0,0
-37361,0,0
-274500,0,0
320111,0,0
923229,0,0
53356,0,0
-441788,0,0
-269354,0,0
-17066,0,0
320752,0,0
321250,0,0
296593,0,0
415301,0,0
296417,0,0
-195335,0,0
-438829,0,0
-60011,0,0
43009,0,0
683513,0,0
743440,0,0
79845,0,0
-233283,0,0
-50942,0,0
372279,0,0
-99518,0,0
-433837,0,0
-256851,0,0
-164814,0,0
357635,0,0
992350,0,0
637347,0,0
-48939,0,0
-109229,0,0
-354551,0,0
-166450,0,0
544321,0,0
609524,0,0
418107,0,0
339275,0,0
-71416,0,0
272314,0,0
489384,0,0
111363,0,0
-21412,0,0
-47176,0,0
48466,0,0
642308,0,0
511773,0,0
68886,0,0
290820,0,0
22518,0,0
-38952,0,0
86548,0,0
344013,0,0
719468,0,0
551267,0,0
-137783,0,0
-243324,0,0
-215897,0,0
66249,0,0
764569,0,0
612414,0,0
-58630,0,0
566873,0,0
379414,0,0
-192985,0,0
34705,0,0
96048,0,0
459176,0,0
622211,0,0
-33483,0,0
-135294,0,0
397819,0,0
448939,0,0
111097,0,0
-212318,0,0
91554,0,0
228245,0,0
259803,0,0
-124620,0,0
-107338,0,0
570654,0,0
212913,0,0
-27489,0,0
-114666,0,0
-202463,0,0
-177734,0,0
-46815,0,0
330537,0,0
663165,0,0
375256,0,0
-144952,0,0
-319275,0,0
-402734,0,0
-220196,0,0
58107,0,0
-265350,0,0
-293845,0,0
-142764,0,0
565152,0,0
1311607,0,0
739914,0,0
-527200,0,0
-757211,0,0
-487088,0,0
-184163,0,0
290129,0,0
362268,0,0
-187144,0,0
-247862,0,0
-27353,0,0
467555,0,0
357606,0,0
54722,0,0
-54817,0,0
-579754,0,0
-443966,0,0
-372146,0,0
-94939,0,0
-17752,0,0
12210,0,0
-427148,0,0
-158371,0,0
-35596,0,0
-171066,0,0
95702,0,0
-356028,0,0
-546370,0,0
-572502,0,0
-549739,0,0
-21974,0,0
193934,0,0
-103106,0,0
-573236,0,0
-680665,0,0
-374880,0,0
339205,0,0
-122051,0,0
-13806,0,0
528923,0,0
104990,0,0
-552480,0,0
-800237,0,0
-185894,0,0
98690,0,0
200664,0,0
40841,0,0
-13612,0,0
-65780,0,0
335553,0,0
186355,0,0
-186344,0,0
-257252,0,0
76176,0,0
498477,0,0
536977,0,0
159015,0,0
-258842,0,0
-231509,0,0
33518,0,0
316387,0,0
232241,0,0
278884,0,0
244308,0,0
10702,0,0
113761,0,0
246974,0,0
118496,0,0
-48622,0,0
171245,0,0
-205786,0,0
-550760,0,0
106414,0,0
346242,0,0
774075,0,0
436327,0,0
30138,0,0
-213584,0,0
-133651,0,0
-137973,0,0
-182727,0,0
-162126,0,0
-20804,0,0
323634,0,0
449915,0,0
-229105,0,0
-142108,0,0
40942,0,0
-169380,0,0
-232237,0,0
-349211,0,0
-238122,0,0
112169,0,0
8322,0,0
297459,0,0
-253823,0,0
-384718,0,0
-416992,0,0
-264714,0,0
-354005,0,0
-311219,0,0
130139,0,0
8385,0,0
-35492,0,0
-36992,0,0
-100212,0,0
-443558,0,0
-178148,0,0
98350,0,0
-59270,0,0
20303,0,0
-194108,0,0
-148748,0,0
447469,0,0
264980,0,0
-420291,0,0
122807,0,0
273719,0,0
-80115,0,0
-165289,0,0
263926,0,0
366852,0,0
73966,0,0
-33104,0,0
77381,0,0
365569,0,0
478340,0,0
593748,0,0
-273532,0,0
16681,0,0
414872,0,0
36510,0,0
6908,0,0
-179376,0,0
-179179,0,0
236668,0,0
631589,0,0
512060,0,0
561942,0,0
-6871,0,0
-169856,0,0
-307983,0,0
-108848,0,0
521378,0,0
332823,0,0
-68315,0,0
439966,0,0
491018,0,0
-276893,0,0
-201285,0,0
124126,0,0
722661,0,0
735190,0,0
28439,0,0
-247936,0,0
-147177,0,0
262833,0,0
284784,0,0
429609,0,0
250607,0,0
73475,0,0
-209491,0,0
-119336,0,0
88501,0,0
145202,0,0
263467,0,0
-82816,0,0
-295766,0,0
83618,0,0
58519,0,0
-65269,0,0
176512,0,0
249034,0,0
-61925,0,0
-319589,0,0
-178475,0,0
284098,0,0
-20726,0,0
100982,0,0
-75290,0,0
237213,0,0
197845,0,0
-112011,0,0
227259,0,0
127239,0,0
150525,0,0
-9117,0,0
221601,0,0
714629,0,0
612758,0,0
-379831,0,0
-284362,0,0
238893,0,0
451613,0,0
345784,0,0
-284769,0,0
-211539,0,0
24030,0,0
790670,0,0
852019,0,0
381228,0,0
-474328,0,0
-878426,0,0
-378433,0,0
138806,0,0
167787,0,0
391399,0,0
352517,0,0
-627938,0,0
-438544,0,0
-345600,0,0
-293521,0,0
658240,0,0
148022,0,0
-631323,0,0
-472283,0,0
-414792,0,0
-649920,0,0
-653398,0,0
22090,0,0
658824,0,0
524433,0,0
-98175,0,0
-636991,0,0
-442100,0,0
-206862,0,0
-273053,0,0
-174113,0,0
55821,0,0
399714,0,0
430969,0,0
374071,0,0
-324326,0,0
-373368,0,0
86870,0,0
-43979,0,0
122796,0,0
401677,0,0
370038,0,0
-46494,0,0
-270092,0,0
-136188,0,0
-52950,0,0
237555,0,0
223247,0,0
-29735,0,0
28933,0,0
127610,0,0
125489,0,0
-264107,0,0
-466404,0,0
-205441,0,0
456156,0,0
199104,0,0
-70288,0,0
-329616,0,0
167431,0,0
348003,0,0
281131,0,0
-426156,0,0
-136552,0,0
248986,0,0
15079,0,0
-73145,0,0
-178880,0,0
23478,0,0
237788,0,0
4231,0,0
163315,0,0
392426,0,0
165441,0,0
-126699,0,0
-81979,0,0
-510217,0,0
-439521,0,0
-122209,0,0
660366,0,0
1431469,0,0
654753,0,0
-771587,0,0
-911119,0,0
-380667,0,0
338474,0,0
443799,0,0
456982,0,0
214669,0,0
362587,0,0
-412035,0,0
-226235,0,0
-168169,0,0
222144,0,0
44933,0,0
262187,0,0
343292,0,0
-250346,0,0
-242260,0,0
182831,0,0
7586,0,0
171238,0,0
200000,0,0
-561484,0,0
-110166,0,0
388858,0,0
324015,0,0
353198,0,0
453731,0,0
-127931,0,0
-325743,0,0
-456719,0,0
377094,0,0
610861,0,0
106031,0,0
44572,0,0
-236794,0,0
80830,0,0
861580,0,0
439910,0,0
-218968,0,0
-334424,0,0
-269682,0,0
-2488,0,0
232430,0,0
-240542,0,0
-188355,0,0
254083,0,0
575498,0,0
316839,0,0
12672,0,0
-474667,0,0
-576909,0,0
-396216,0,0
-86006,0,0
279388,0,0
335916,0,0
87107,0,0
-52674,0,0
262005,0,0
360117,0,0
17843,0,0
-252620,0,0
-105726,0,0
143375,0,0
-202018,0,0
-211923,0,0
-61740,0,0
238553,0,0
532103,0,0
9542,0,0
-564882,0,0
-26934,0,0
526766,0,0
137228,0,0
-408595,0,0
-378232,0,0
-265526,0,0
-196536,0,0
20257,0,0
513490,0,0
346173,0,0
-678189,0,0
-415527,0,0
-53244,0,0
-110712,0,0
-49832,0,0
-15576,0,0
90068,0,0
100,0,0
116972,0,0
-246154,0,0
-311704,0,0
-515648,0,0
-469136,0,0
-396444,0,0
-373195,0,0
-149730,0,0
663177,0,0
867158,0,0
360467,0,0
-522938,0,0
-1086822,0,0
-619027,0,0
-67535,0,0
377771,0,0
463492,0,0
-75599,0,0
-411325,0,0
-48686,0,0
184391,0,0
-151121,0,0
303097,0,0
638505,0,0
-261207,0,0
292804,0,0
-488,0,0
-393809,0,0
-508074,0,0
-384721,0,0
85328,0,0
629869,0,0
573547,0,0
68873,0,0
-121678,0,0
-18187,0,0
3364,0,0
-190796,0,0
-85274,0,0
12088,0,0
-114671,0,0
-180278,0,0
-72536,0,0
67822,0,0
239753,0,0
1000583,0,0
175481,0,0
-778261,0,0
-605510,0,0
5441,0,0
259572,0,0
100806,0,0
-228509,0,0
292256,0,0
101497,0,0
-309887,0,0
-320524,0,0
-190093,0,0
-165775,0,0
-68338,0,0
307195,0,0
600414,0,0
100315,0,0
-614901,0,0
-472426,0,0
227833,0,0
94912,0,0
-320689,0,0
232181,0,0
184882,0,0
53715,0,0
-75252,0,0
78756,0,0
420013,0,0
410791,0,0
63517,0,0
-119093,0,0
-462597,0,0
-65706,0,0
181955,0,0
160689,0,0
513321,0,0
457092,0,0
-258720,0,0
-234041,0,0
171708,0,0
-176459,0,0
-161837,0,0
29812,0,0
216390,0,0
124796,0,0
-59437,0,0
-326460,0,0
-421170,0,0
-244451,0,0
-149354,0,0
397101,0,0
-90211,0,0
256022,0,0
56615,0,0
-408203,0,0
-514243,0,0
-501194,0,0
-309663,0,0
-77409,0,0
394228,0,0
343386,0,0
407077,0,0
-75771,0,0
-516401,0,0
-730009,0,0
-371712,0,0
101756,0,0
367709,0,0
587026,0,0
360947,0,0
-347291,0,0
-744578,0,0
-586104,0,0
212807,0,0
750388,0,0
202882,0,0
-349990,0,0
-611470,0,0
53645,0,0
613583,0,0
-179754,0,0
-278570,0,0
-298776,0,0
-349386,0,0
308779,0,0
810832,0,0
442237,0,0
46494,0,0
-69088,0,0
-428036,0,0
-287602,0,0
232388,0,0
256295,0,0
-28364,0,0
-15518,0,0
157037,0,0
847999,0,0
439224,0,0
-444700,0,0
-393337,0,0
86696,0,0
491202,0,0
-26243,0,0
-52180,0,0
10188,0,0
390591,0,0
-150306,0,0
-581962,0,0
10607,0,0
655664,0,0
675701,0,0
-149171,0,0
-878068,0,0
-295847,0,0
60349,0,0
321190,0,0
219995,0,0
-416483,0,0
-672573,0,0
-91045,0,0
-574389,0,0
-359267,0,0
140260,0,0
213979,0,0
-604120,0,0
-255177,0,0
-288315,0,0
-471692,0,0
-677282,0,0
-418161,0,0
327593,0,0
32804,0,0
-405478,0,0
-626309,0,0
-648882,0,0
-465450,0,0
-192141,0,0
-126866,0,0
-116348,0,0
-272659,0,0
-328838,0,0
-206914,0,0
-96431,0,0
-745713,0,0
-640379,0,0
-68572,0,0
-96814,0,0
-355687,0,0
-576581,0,0
-474002,0,0
-284884,0,0
-95183,0,0
-700696,0,0
-457799,0,0
310379,0,0
-127553,0,0
-299798,0,0
-320921,0,0
-378292,0,0
-452423,0,0
-312877,0,0
-165259,0,0
-108547,0,0
152102,0,0
-255928,0,0
-370058,0,0
-249290,0,0
265296,0,0
353851,0,0
-79600,0,0
-422437,0,0
-142590,0,0
-96886,0,0
-99600,0,0
-259375,0,0
-31866,0,0
527322,0,0
595827,0,0
646609,0,0
-618130,0,0
-879650,0,0
-234908,0,0
192571,0,0
535744,0,0
676871,0,0
859438,0,0
-33194,0,0
-347431,0,0
-404680,0,0
52199,0,0
341680,0,0
453920,0,0
221463,0,0
398162,0,0
377538,0,0
232929,0,0
36735,0,0
-178251,0,0
-12441,0,0
651998,0,0
798794,0,0
542657,0,0
81147,0,0
62330,0,0
106195,0,0
-20425,0,0
71427,0,0
238194,0,0
513157,0,0
650265,0,0
467265,0,0
231935,0,0
-83991,0,0
202277,0,0
-60912,0,0
47713,0,0
613286,0,0
566805,0,0
339622,0,0
-189851,0,0
-240520,0,0
205183,0,0
554139,0,0
889113,0,0
493584,0,0
-316567,0,0
-342498,0,0
94299,0,0
332350,0,0
778161,0,0
623864,0,0
-88681,0,0
301676,0,0
441407,0,0
136703,0,0
-238065,0,0
-99249,0,0
392598,0,0
359727,0,0
796654,0,0
340733,0,0
-51827,0,0
-270115,0,0
263096,0,0
607122,0,0
125277,0,0
-179993,0,0
126083,0,0
476623,0,0
221557,0,0
404987,0,0
172434,0,0
103088,0,0
237113,0,0
23355,0,0
-75295,0,0
83360,0,0
402476,0,0
-375049,0,0
-156707,0,0
386754,0,0
218249,0,0
445425,0,0
85340,0,0
-329443,0,0
761139,0,0
321181,0,0
-667937,0,0
-656480,0,0
-291278,0,0
181741,0,0
452640,0,0
715906,0,0
-87685,0,0
-565285,0,0
-31141,0,0
388646,0,0
295810,0,0
463356,0,0
123576,0,0
-276096,0,0
-165910,0,0
-91512,0,0
185064,0,0
84465,0,0
124101,0,0
227306,0,0
238975,0,0
-91230,0,0
61368,0,0
5487,0,0
-199743,0,0
-38491,0,0
568014,0,0
66876,0,0
-238863,0,0
50434,0,0
-311252,0,0
-383751,0,0
15433,0,0
156553,0,0
-170701,0,0
-290648,0,0
-70381,0,0
-182244,0,0
-275339,0,0
134075,0,0
93098,0,0
-100869,0,0
-442984,0,0
-358313,0,0
-434633,0,0
-121201,0,0
-410778,0,0
-172670,0,0
7346,0,0
118379,0,0
-325687,0,0
-519124,0,0
-234700,0,0
356864,0,0
385637,0,0
-197673,0,0
-382610,0,0
-213459,0,0
-81934,0,0
287743,0,0
-104396,0,0
-10672,0,0
92451,0,0
-228001,0,0
-73255,0,0
98832,0,0
145912,0,0
-124961,0,0
-144909,0,0
289229,0,0
504750,0,0
100498,0,0
-614582,0,0
-730938,0,0
-130016,0,0
251858,0,0
440839,0,0
836092,0,0
-124852,0,0
-725905,0,0
-738418,0,0
-152386,0,0
136369,0,0
296429,0,0
705344,0,0
-413478,0,0
-300753,0,0
-364372,0,0
-551108,0,0
472590,0,0
664631,0,0
-428513,0,0
-1074234,0,0
-1094523,0,0
130168,0,0
1078566,0,0
1103331,0,0
201093,0,0
-846970,0,0
-790830,0,0
-692869,0,0
234228,0,0
490899,0,0
-47370,0,0
-93695,0,0
381302,0,0
544675,0,0
-260949,0,0
-396837,0,0
-85718,0,0
138933,0,0
-94289,0,0
54877,0,0
62198,0,0
7171,0,0
-164525,0,0
-255612,0,0
-175714,0,0
-326080,0,0
-230730,0,0
-302418,0,0
-349821,0,0
-281739,0,0
45677,0,0
-171735,0,0
-51435,0,0
-84592,0,0
-873728,0,0
-948775,0,0
-557792,0,0
-337872,0,0
-140691,0,0
802677,0,0
-228120,0,0
-1126844,0,0
-1113931,0,0
-258557,0,0
-209253,0,0
60854,0,0
653352,0,0
40060,0,0
-419818,0,0
-568384,0,0
-771174,0,0
-657742,0,0
-25986,0,0
-121204,0,0
-625020,0,0
-33008,0,0
374416,0,0
22448,0,0
-641784,0,0
-374658,0,0
-291592,0,0
-458194,0,0
-603064,0,0
-622177,0,0
-289155,0,0
330030,0,0
86445,0,0
-397105,0,0
-380990,0,0
-425088,0,0
-285327,0,0
-347434,0,0
-479766,0,0
27375,0,0
493965,0,0
768223,0,0
-553424,0,0
-824653,0,0
-356713,0,0
73267,0,0
1243334,0,0
359653,0,0
15411,0,0
241846,0,0
-156034,0,0
34224,0,0
392461,0,0
305866,0,0
96116,0,0
294478,0,0
289221,0,0
359398,0,0
835774,0,0
310400,0,0
-36441,0,0
163920,0,0
220357,0,0
426835,0,0
532074,0,0
145640,0,0
49862,0,0
154992,0,0
344281,0,0
402932,0,0
329942,0,0
-103336,0,0
-263966,0,0
134549,0,0
494357,0,0
492799,0,0
638135,0,0
331417,0,0
-37026,0,0
-353667,0,0
-65715,0,0
288463,0,0
172680,0,0
-94751,0,0
84961,0,0
197070,0,0
-126288,0,0
345510,0,0
536768,0,0
674805,0,0
51732,0,0
-771252,0,0
-766028,0,0
163311,0,0
1208937,0,0
659507,0,0
-791127,0,0
-467488,0,0
115673,0,0
509938,0,0
478512,0,0
241419,0,0
173694,0,0
154252,0,0
-284979,0,0
-150366,0,0
157796,0,0
284637,0,0
165279,0,0
205102,0,0
11205,0,0
-184421,0,0
241510,0,0
527597,0,0
-197126,0,0
23244,0,0
-147636,0,0
-262662,0,0
-258914,0,0
554683,0,0
628128,0,0
325186,0,0
-118520,0,0
-493916,0,0
-477268,0,0
-198255,0,0
7466,0,0
147467,0,0
299933,0,0
546801,0,0
741645,0,0
-407805,0,0
-482601,0,0
306887,0,0
438558,0,0
352271,0,0
-281552,0,0
-125104,0,0
81665,0,0
549286,0,0
-14341,0,0
-97299,0,0
81994,0,0
129332,0,0
451201,0,0
625631,0,0
-85323,0,0
-421730,0,0
-286550,0,0
154929,0,0
-27517,0,0
-168385,0,0
-96777,0,0
145658,0,0
-134220,0,0
-120603,0,0
-33526,0,0
53233,0,0
-87629,0,0
-152189,0,0
-520756,0,0
-380557,0,0
-103108,0,0
100847,0,0
11579,0,0
-487,0,0
-341986,0,0
-590698,0,0
-246123,0,0
-3716,0,0
59959,0,0
285973,0,0
-269391,0,0
-669031,0,0
-607819,0,0
-49781,0,0
316888,0,0
638777,0,0
-66565,0,0
-340303,0,0
-433380,0,0
5976,0,0
176988,0,0
-122791,0,0
-156306,0,0
140477,0,0
16913,0,0
344718,0,0
171368,0,0
389687,0,0
-367913,0,0
-141197,0,0
67986,0,0
151878,0,0
194084,0,0
-213259,0,0
-393476,0,0
11251,0,0
70288,0,0
507200,0,0
502280,0,0
2589,0,0
-343826,0,0
-536530,0,0
-217367,0,0
6717,0,0
603712,0,0
360239,0,0
-518836,0,0
-514744,0,0
-384998,0,0
-476689,0,0
-204695,0,0
-11779,0,0
589693,0,0
1327461,0,0
100258,0,0
-750616,0,0
-742396,0,0
-557130,0,0
-10345,0,0
469363,0,0
361492,0,0
246007,0,0
93504,0,0
-264529,0,0
233939,0,0
93324,0,0
562925,0,0
850966,0,0
180214,0,0
-397236,0,0
-106841,0,0
239938,0,0
565030,0,0
577347,0,0
312704,0,0
43381,0,0
134751,0,0
265461,0,0
123992,0,0
168184,0,0
268005,0,0
407350,0,0
461642,0,0
105041,0,0
426319,0,0
309752,0,0
-156163,0,0
-211592,0,0
414427,0,0
496962,0,0
326302,0,0
206137,0,0
-6393,0,0
85347,0,0
64221,0,0
-184094,0,0
78343,0,0
546470,0,0
71378,0,0
138457,0,0
296722,0,0
-102765,0,0
-153450,0,0
406628,0,0
243844,0,0
-242381,0,0
-59318,0,0
102511,0,0
417531,0,0
229122,0,0
479650,0,0
340115,0,0
-219440,0,0
-258596,0,0
88004,0,0
149468,0,0
66072,0,0
226602,0,0
118760,0,0
225220,0,0
-236336,0,0
-329159,0,0
-150477,0,0
117669,0,0
-194170,0,0
-172021,0,0
103218,0,0
153211,0,0
-516973,0,0
-884033,0,0
39425,0,0
173147,0,0
-466898,0,0
-96824,0,0
220573,0,0
-246572,0,0
-443878,0,0
-310334,0,0
-382548,0,0
-29670,0,0
115067,0,0
-367649,0,0
-378408,0,0
260853,0,0
-15266,0,0
31493,0,0
-278860,0,0
-599249,0,0
174377,0,0
-313974,0,0
-309319,0,0
504709,0,0
424312,0,0
57598,0,0
-553213,0,0
-615951,0,0
-466073,0,0
-50856,0,0
-41770,0,0
262247,0,0
545542,0,0
-1100,0,0
-312697,0,0
-297560,0,0
-186511,0,0
-234812,0,0
-225249,0,0
-139021,0,0
88015,0,0
-505306,0,0
-190591,0,0
-343920,0,0
59113,0,0
518828,0,0
1542,0,0
-707377,0,0
-815863,0,0
-141382,0,0
38318,0,0
-119185,0,0
-280024,0,0
-499096,0,0
368496,0,0
105392,0,0
-364297,0,0
-239855,0,0
-307146,0,0
-85099,0,0
-157925,0,0
-468289,0,0
-205190,0,0
-8233,0,0
-185532,0,0
138629,0,0
394757,0,0
-397581,0,0
-264217,0,0
-92466,0,0
-261918,0,0
-159774,0,0
-256113,0,0
-445363,0,0
-123347,0,0
94061,0,0
368817,0,0
91037,0,0
-363793,0,0
-367960,0,0
219197,0,0
180174,0,0
-250759,0,0
-159551,0,0
252706,0,0
543564,0,0
-597357,0,0
-623317,0,0
255948,0,0
156773,0,0
47342,0,0
372945,0,0
-136284,0,0
-83367,0,0
-157064,0,0
-464556,0,0
-362614,0,0
432053,0,0
508711,0,0
-325945,0,0
62246,0,0
145595,0,0
-519511,0,0
9213,0,0
-3134,0,0
-136516,0,0
94968,0,0
22475,0,0
-228451,0,0
-60311,0,0
484220,0,0
461816,0,0
-180863,0,0
-231138,0,0
-413764,0,0
-45533,0,0
88806,0,0
-253701,0,0
-43789,0,0
795813,0,0
844147,0,0
-116579,0,0
-929279,0,0
-101533,0,0
155118,0,0
-145695,0,0
-139160,0,0
-35353,0,0
5249,0,0
30592,0,0
202678,0,0
198832,0,0
-178867,0,0
-149690,0,0
-166240,0,0
51806,0,0
280354,0,0
420818,0,0
86335,0,0
-294705,0,0
-283496,0,0
-215424,0,0
439513,0,0
223311,0,0
-180447,0,0
84646,0,0
235400,0,0
331606,0,0
-139327,0,0
-38841,0,0
177962,0,0
350323,0,0
-29561,0,0
10273,0,0
111369,0,0
62331,0,0
-86044,0,0
-362807,0,0
-41862,0,0
304305,0,0
454095,0,0
34872,0,0
-374807,0,0
-25345,0,0
141598,0,0
89270,0,0
300344,0,0
-156878,0,0
-426945,0,0
-195867,0,0
-59510,0,0
134825,0,0
146598,0,0
248569,0,0
184320,0,0
-644403,0,0
-721557,0,0
-464291,0,0
183294,0,0
1126222,0,0
487221,0,0
-623307,0,0
-924078,0,0
13066,0,0
343865,0,0
42950,0,0
-415029,0,0
-498684,0,0
165295,0,0
440695,0,0
193212,0,0
-96207,0,0
-116052,0,0
-50881,0,0
163897,0,0
147835,0,0
-33099,0,0
-282578,0,0
-499785,0,0
-16046,0,0
410321,0,0
285268,0,0
550221,0,0
126244,0,0
-500544,0,0
-453204,0,0
-233089,0,0
285316,0,0
195299,0,0
477045,0,0
298679,0,0
-59604,0,0
-381473,0,0
-119498,0,0
-55424,0,0
308098,0,0
596249,0,0
230890,0,0
-339527,0,0
-79140,0,0
63494,0,0
-13515,0,0
129878,0,0
-132407,0,0
-273671,0,0
106057,0,0
758033,0,0
67435,0,0
-195079,0,0
-607481,0,0
-536587,0,0
46935,0,0
324542,0,0
744746,0,0
311983,0,0
-687369,0,0
-590969,0,0
-202362,0,0
393615,0,0
528498,0,0
24812,0,0
-461078,0,0
-231356,0,0
-131957,0,0
95940,0,0
128599,0,0
28068,0,0
-239907,0,0
-248530,0,0
-103088,0,0
85737,0,0
-9357,0,0
-368810,0,0
-402245,0,0
-88066,0,0
74353,0,0
-529594,0,0
-462060,0,0
-446292,0,0
-352556,0,0
36744,0,0
265092,0,0
-343390,0,0
-583749,0,0
-306459,0,0
-230932,0,0
-582606,0,0
-81789,0,0
295480,0,0
-276878,0,0
-778718,0,0
-470372,0,0
-10182,0,0
95541,0,0
626329,0,0
-418782,0,0
-1124894,0,0
-399627,0,0
630511,0,0
845307,0,0
-59421,0,0
-700276,0,0
176198,0,0
379490,0,0
27548,0,0
-58962,0,0
112788,0,0
12267,0,0
-278353,0,0
-194637,0,0
331609,0,0
1129578,0,0
507685,0,0
-329478,0,0
254726,0,0
171008,0,0
-296157,0,0
-35561,0,0
274955,0,0
125598,0,0
-144677,0,0
-100177,0,0
230595,0,0
703523,0,0
22265,0,0
-234105,0,0
29548,0,0
-47340,0,0
-123584,0,0
137354,0,0
-302408,0,0
-66302,0,0
208668,0,0
466333,0,0
59245,0,0
-233375,0,0
-187102,0,0
-35401,0,0
-305789,0,0
307877,0,0
454705,0,0
-148162,0,0
-159202,0,0
-63361,0,0
-230052,0,0
281328,0,0
813883,0,0
-112277,0,0
-477592,0,0
-439245,0,0
-47626,0,0
768237,0,0
684945,0,0
-189080,0,0
-291629,0,0
-414719,0,0
-343378,0,0
-12680,0,0
422031,0,0
879143,0,0
343576,0,0
-496216,0,0
-845373,0,0
-53106,0,0
243151,0,0
273799,0,0
39077,0,0
-134783,0,0
-203314,0,0
-153206,0,0
-273196,0,0
-298501,0,0
-157685,0,0
-93693,0,0
143642,0,0
121891,0,0
-93471,0,0
-331666,0,0
-416699,0,0
322828,0,0
879592,0,0
-548785,0,0
-312036,0,0
-72106,0,0
-12222,0,0
190398,0,0
76804,0,0
4572,0,0
391008,0,0
190446,0,0
-433599,0,0
89348,0,0
290153,0,0
276734,0,0
754665,0,0
894608,0,0
-288325,0,0
-686474,0,0
-223499,0,0
281708,0,0
1220211,0,0
490694,0,0
-141833,0,0
-551337,0,0
155359,0,0
1695919,0,0
663659,0,0
-96930,0,0
-157903,0,0
-22292,0,0
183243,0,0
1000475,0,0
956210,0,0
-136979,0,0
-147913,0,0
443111,0,0
582215,0,0
267200,0,0
-42065,0,0
-39848,0,0
252476,0,0
325382,0,0
224762,0,0
75455,0,0
162671,0,0
14574,0,0
-73553,0,0
-243304,0,0
-312141,0,0
-60544,0,0
-207435,0,0
-114192,0,0
233093,0,0
-45031,0,0
-350666,0,0
-483486,0,0
-510331,0,0
-354249,0,0
-324151,0,0
80180,0,0
251053,0,0
-722670,0,0
-810948,0,0
-53702,0,0
255280,0,0
-453345,0,0
-1067200,0,0
-1120328,0,0
-385561,0,0
986982,0,0
1030711,0,0
-116823,0,0
-864377,0,0
-710657,0,0
-139965,0,0
42027,0,0
-179557,0,0
73672,0,0
62391,0,0
-401838,0,0
-258428,0,0
16094,0,0
407443,0,0
813671,0,0
133369,0,0
-342520,0,0
-526797,0,0
-238605,0,0
135690,0,0
480700,0,0
47017,0,0
-449090,0,0
-244058,0,0
-148860,0,0
442488,0,0
489887,0,0
40287,0,0
-55391,0,0
-236232,0,0
-467695,0,0
-273948,0,0
-13056,0,0
351526,0,0
297971,0,0
-124147,0,0
-179399,0,0
202735,0,0
205630,0,0
-193743,0,0
-186062,0,0
55830,0,0
326130,0,0
-4345,0,0
-228784,0,0
7273,0,0
10283,0,0
-155504,0,0
246952,0,0
607192,0,0
443803,0,0
58439,0,0
-163804,0,0
-438795,0,0
52747,0,0
357262,0,0
127179,0,0
-213873,0,0
-81209,0,0
125406,0,0
263779,0,0
50374,0,0
-313035,0,0
-82428,0,0
-86369,0,0
-225496,0,0
-442420,0,0
-560170,0,0
-91674,0,0
157749,0,0
-588426,0,0
-813440,0,0
-593253,0,0
290114,0,0
513106,0,0
-635231,0,0
-1322100,0,0
-1131403,0,0
-822887,0,0
-358003,0,0
178643,0,0
139162,0,0
-769619,0,0
-1174547,0,0
-842691,0,0
-34130,0,0
291349,0,0
-501325,0,0
-594353,0,0
-392965,0,0
-545252,0,0
-164858,0,0
-504881,0,0
154520,0,0
337232,0,0
-642702,0,0
-622017,0,0
-226065,0,0
108994,0,0
571556,0,0
711565,0,0
-651424,0,0
-506766,0,0
-268751,0,0
125209,0,0
1019770,0,0
130068,0,0
-490708,0,0
-60860,0,0
196078,0,0
182553,0,0
394254,0,0
-126110,0,0
40680,0,0
657524,0,0
325043,0,0
-40726,0,0
6439,0,0
-80327,0,0
88526,0,0
262780,0,0
153459,0,0
491085,0,0
248600,0,0
-178327,0,0
38754,0,0
437303,0,0
686379,0,0
690661,0,0
369109,0,0
-35408,0,0
129866,0,0
68787,0,0
473230,0,0
695727,0,0
357184,0,0
484244,0,0
269790,0,0
311069,0,0
516773,0,0
586510,0,0
137632,0,0
660609,0,0
420840,0,0
-158361,0,0
88580,0,0
-127187,0,0
522516,0,0
1102866,0,0
391344,0,0
-84420,0,0
139697,0,0
-487899,0,0
-74849,0,0
966931,0,0
167176,0,0
-217187,0,0
18793,0,0
138983,0,0
-223365,0,0
-387166,0,0
-227514,0,0
-133460,0,0
859183,0,0
721807,0,0
-703613,0,0
-1281295,0,0
-1046614,0,0
-557846,0,0
51341,0,0
668176,0,0
466817,0,0
-140441,0,0
-1028286,0,0
-1208133,0,0
-961459,0,0
-200543,0,0
-121343,0,0
-112316,0,0
-109682,0,0
-388154,0,0
-755001,0,0
-470156,0,0
-339239,0,0
-834093,0,0
-588299,0,0
-189272,0,0
5060,0,0
-10166,0,0
-62580,0,0
-779301,0,0
-930271,0,0
-516496,0,0
489655,0,0
159817,0,0
-543108,0,0
-508387,0,0
-128158,0,0
91733,0,0
-94499,0,0
-333498,0,0
-349907,0,0
292021,0,0
-196561,0,0
-173611,0,0
195311,0,0
35101,0,0
-201972,0,0
-35536,0,0
97638,0,0
203219,0,0
42424,0,0
-192801,0,0
-196328,0,0
398328,0,0
96156,0,0
-125956,0,0
-502292,0,0
-36037,0,0
1218975,0,0
653555,0,0
-467593,0,0
-515461,0,0
-230973,0,0
599243,0,0
1054011,0,0
627122,0,0
142614,0,0
-325328,0,0
39532,0,0
412845,0,0
308334,0,0
306228,0,0
415719,0,0
280709,0,0
80783,0,0
950762,0,0
1662316,0,0
361160,0,0
-818571,0,0
-31738,0,0
586759,0,0
691597,0,0
28088,0,0
-3962,0,0
345745,0,0
641702,0,0
497308,0,0
182140,0,0
131114,0,0
26844,0,0
289858,0,0
-118456,0,0
880,0,0
98291,0,0
41276,0,0
221894,0,0
-158083,0,0
-541490,0,0
36006,0,0
450109,0,0
205662,0,0
-135462,0,0
-248717,0,0
142042,0,0
415281,0,0
-17067,0,0
-356394,0,0
-681845,0,0
-217168,0,0
38864,0,0
504001,0,0
514985,0,0
252553,0,0
5600,0,0
21699,0,0
-364669,0,0
-188271,0,0
-179826,0,0
83982,0,0
45393,0,0
264980,0,0
606139,0,0
-24351,0,0
-252302,0,0
46848,0,0
-133520,0,0
111594,0,0
280197,0,0
297609,0,0
137761,0,0
-99640,0,0
-62469,0,0
308875,0,0
198376,0,0
-250730,0,0
-56384,0,0
193881,0,0
-322729,0,0
65261,0,0
458765,0,0
282326,0,0
344028,0,0
-233700,0,0
-750674,0,0
21422,0,0
608836,0,0
343814,0,0
54649,0,0
-336669,0,0
-410015,0,0
-68459,0,0
-244640,0,0
59089,0,0
49999,0,0
332220,0,0
-133591,0,0
-730097,0,0
-615187,0,0
135041,0,0
689573,0,0
170982,0,0
-446340,0,0
-658724,0,0
-207859,0,0
6655,0,0
-174816,0,0
-95074,0,0
103437,0,0
-204580,0,0
-130317,0,0
-204216,0,0
-476236,0,0
146827,0,0
129157,0,0
-340819,0,0
-375128,0,0
-22070,0,0
-89832,0,0
-437958,0,0
-415161,0,0
-271317,0,0
-24346,0,0
313207,0,0
-169124,0,0
-300287,0,0
-210579,0,0
-415123,0,0
-429729,0,0
-350975,0,0
-219519,0,0
2781,0,0
5187,0,0
317034,0,0
214384,0,0
-225205,0,0
-592113,0,0
-383478,0,0
-334271,0,0
391002,0,0
133320,0,0
-624351,0,0
-359383,0,0
26688,0,0
612635,0,0
456353,0,0
-230153,0,0
25737,0,0
18428,0,0
-66312,0,0
218535,0,0
540228,0,0
204257,0,0
-275462,0,0
267717,0,0
207085,0,0
146051,0,0
260848,0,0
192330,0,0
455031,0,0
545780,0,0
29584,0,0
147065,0,0
-374262,0,0
195871,0,0
1056278,0,0
1150436,0,0
-59616,0,0
-579635,0,0
-263251,0,0
55863,0,0
430942,0,0
27639,0,0
7,0,0
337605,0,0
667573,0,0
1088944,0,0
540259,0,0
-681117,0,0
-705860,0,0
320953,0,0
528254,0,0
498112,0,0
-12025,0,0
-69762,0,0
68528,0,0
-181572,0,0
-45007,0,0
799139,0,0
1393045,0,0
936204,0,0
-676967,0,0
-1104037,0,0
-70568,0,0
596903,0,0
557817,0,0
580335,0,0
283607,0,0
-248177,0,0
31310,0,0
-70695,0,0
-415397,0,0
541544,0,0
1189397,0,0
542488,0,0
-567677,0,0
-528280,0,0
209730,0,0
227302,0,0
-32632,0,0
132661,0,0
384419,0,0
-70276,0,0
-91616,0,0
250012,0,0
256348,0,0
340069,0,0
36855,0,0
-210880,0,0
-490278,0,0
-240654,0,0
-144701,0,0
196696,0,0
409880,0,0
8410,0,0
218897,0,0
58042,0,0
-321012,0,0
102680,0,0
-342589,0,0
-230754,0,0
-22378,0,0
-240604,0,0
-253366,0,0
-32269,0,0
129384,0,0
53488,0,0
-292912,0,0
23298,0,0
421868,0,0
-149962,0,0
-524487,0,0
-147692,0,0
46503,0,0
-385639,0,0
-266557,0,0
-192366,0,0
-91130,0,0
33219,0,0
188019,0,0
121587,0,0
357962,0,0
-332063,0,0
-548989,0,0
60038,0,0
29442,0,0
-227170,0,0
-174097,0,0
-265064,0,0
19394,0,0
44520,0,0
-182350,0,0
-213037,0,0
-216537,0,0
467695,0,0
352169,0,0
-631331,0,0
-760445,0,0
-33448,0,0
378481,0,0
180464,0,0
60292,0,0
-750587,0,0
-148490,0,0
-127147,0,0
-48873,0,0
252034,0,0
420153,0,0
25105,0,0
-62249,0,0
-248342,0,0
-488074,0,0
-92641,0,0
182325,0,0
819120,0,0
529870,0,0
-565411,0,0
-827704,0,0
-206742,0,0
523939,0,0
557095,0,0
376688,0,0
321700,0,0
219483,0,0
-413234,0,0
-408355,0,0
122853,0,0
351146,0,0
456885,0,0
561405,0,0
70143,0,0
-285506,0,0
58419,0,0
231417,0,0
75466,0,0
188026,0,0
113927,0,0
291882,0,0
174557,0,0
-171397,0,0
359923,0,0
719657,0,0
-281757,0,0
-470684,0,0
-52988,0,0
326151,0,0
748773,0,0
297245,0,0
153640,0,0
50280,0,0
-106377,0,0
-122957,0,0
189366,0,0
460915,0,0
145097,0,0
258860,0,0
161978,0,0
311328,0,0
513806,0,0
43654,0,0
-200908,0,0
-117308,0,0
-166708,0,0
-59307,0,0
212357,0,0
673552,0,0
-30076,0,0
-535627,0,0
-472854,0,0
65235,0,0
212798,0,0
-100082,0,0
38943,0,0
-365709,0,0
-630408,0,0
-82619,0,0
72,0,0
-46452,0,0
-206364,0,0
-335027,0,0
-704212,0,0
-88790,0,0
528343,0,0
141963,0,0
-508617,0,0
-478518,0,0
-464755,0,0
-42962,0,0
654209,0,0
-388872,0,0
-876849,0,0
-473773,0,0
663260,0,0
560644,0,0
45896,0,0
10544,0,0
-647388,0,0
-368210,0,0
698740,0,0
651553,0,0
-351295,0,0
-370871,0,0
-255839,0,0
376425,0,0
219150,0,0
-165156,0,0
95239,0,0
819034,0,0
-388654,0,0
-511146,0,0
89551,0,0
123356,0,0
96502,0,0
10404,0,0
-119374,0,0
-63292,0,0
-256159,0,0
-256498,0,0
-9347,0,0
-48458,0,0
85193,0,0
320922,0,0
-315178,0,0
-491648,0,0
-212766,0,0
183033,0,0
88450,0,0
45336,0,0
71119,0,0
-420162,0,0
-232959,0,0
-260332,0,0
68728,0,0
118107,0,0
-162109,0,0
108580,0,0
85200,0,0
-468565,0,0
-483072,0,0
36728,0,0
578312,0,0
470102,0,0
-205655,0,0
-552147,0,0
-304101,0,0
-341891,0,0
31411,0,0
-4080,0,0
-268349,0,0
-249245,0,0
-179365,0,0
271737,0,0
229186,0,0
-103945,0,0
146488,0,0
-221365,0,0
-725769,0,0
-87013,0,0
-76735,0,0
-262921,0,0
196945,0,0
625940,0,0
210819,0,0
-187907,0,0
-512703,0,0
-251208,0,0
141295,0,0
257217,0,0
41856,0,0
437400,0,0
20738,0,0
-728213,0,0
-93829,0,0
303498,0,0
287150,0,0
141057,0,0
-362204,0,0
-440956,0,0
-53475,0,0
428747,0,0
217130,0,0
-147063,0,0
-284333,0,0
-195400,0,0
16388,0,0
85063,0,0
-248584,0,0
-397023,0,0
-428876,0,0
-7618,0,0
467083,0,0
41748,0,0
27454,0,0
-490814,0,0
-904877,0,0
-380341,0,0
-248068,0,0
595087,0,0
-31840,0,0
-345696,0,0
196650,0,0
-254618,0,0
-876853,0,0
-160169,0,0
289572,0,0
-367416,0,0
-792037,0,0
-397431,0,0
359940,0,0
650014,0,0
237103,0,0
-559442,0,0
-567133,0,0
-482824,0,0
-276562,0,0
272407,0,0
-56042,0,0
-424838,0,0
-259826,0,0
-115721,0,0
60172,0,0
73227,0,0
-260734,0,0
338099,0,0
-113668,0,0
-934043,0,0
-582701,0,0
-41812,0,0
-236573,0,0
129735,0,0
515966,0,0
130137,0,0
-108865,0,0
-570421,0,0
-402958,0,0
479557,0,0
374069,0,0
-260446,0,0
-271123,0,0
101683,0,0
741533,0,0
812857,0,0
-513321,0,0
-112162,0,0
509077,0,0
8744,0,0
170105,0,0
278499,0,0
-291326,0,0
289429,0,0
613842,0,0
-9977,0,0
676034,0,0
503167,0,0
-243257,0,0
-206532,0,0
13108,0,0
100663,0,0
202095,0,0
273000,0,0
99498,0,0
142643,0,0
53849,0,0
15755,0,0
242175,0,0
197076,0,0
-108175,0,0
-313645,0,0
-293538,0,0
-111520,0,0
12756,0,0
84711,0,0
407311,0,0
242649,0,0
-355728,0,0
-191907,0,0
-105967,0,0
-166861,0,0
-269531,0,0
-22105,0,0
-56738,0,0
-72271,0,0
-255589,0,0
67319,0,0
-11083,0,0
-390962,0,0
-1330,0,0
610189,0,0
-235406,0,0
-1139121,0,0
-377706,0,0
-198713,0,0
114685,0,0
-645061,0,0
-270708,0,0
708241,0,0
532587,0,0
-602172,0,0
-1008484,0,0
-603701,0,0
-173140,0,0
32620,0,0
-431782,0,0
-50574,0,0
420145,0,0
-136027,0,0
-519842,0,0
-423241,0,0
-308059,0,0
-308184,0,0
-12816,0,0
-204824,0,0
-211694,0,0
196563,0,0
106619,0,0
-342627,0,0
-107544,0,0
-19820,0,0
-81812,0,0
27651,0,0
-356749,0,0
-38006,0,0
-195933,0,0
188786,0,0
411052,0,0
344340,0,0
-160616,0,0
-51496,0,0
40548,0,0
20147,0,0
23484,0,0
-91039,0,0
835747,0,0
967903,0,0
118914,0,0
-393891,0,0
-228403,0,0
403099,0,0
352214,0,0
726917,0,0
722301,0,0
567178,0,0
67007,0,0
396065,0,0
705846,0,0
599052,0,0
436998,0,0
419220,0,0
433485,0,0
378459,0,0
298097,0,0
181369,0,0
649324,0,0
290825,0,0
325349,0,0
1201769,0,0
815954,0,0
-304121,0,0
-78746,0,0
893008,0,0
875696,0,0
415689,0,0
-251726,0,0
547692,0,0
846849,0,0
268650,0,0
-174896,0,0
89186,0,0
992152,0,0
1442221,0,0
166436,0,0
-396677,0,0
87851,0,0
225462,0,0
311324,0,0
635720,0,0
315498,0,0
58083,0,0
-195358,0,0
-99428,0,0
95485,0,0
359398,0,0
-157116,0,0
-124943,0,0
-178468,0,0
-448769,0,0
-462084,0,0
-366317,0,0
-313810,0,0
-808,0,0
111003,0,0
-866384,0,0
-778331,0,0
-288435,0,0
-245117,0,0
271270,0,0
-740839,0,0
-906551,0,0
-455292,0,0
-31175,0,0
-400325,0,0
-548255,0,0
-833205,0,0
-787700,0,0
-535543,0,0
176441,0,0
34621,0,0
-499998,0,0
-621123,0,0
-377323,0,0
-380076,0,0
-771904,0,0
-94798,0,0
-66421,0,0
-218220,0,0
-357521,0,0
-560201,0,0
-540926,0,0
-251053,0,0
373237,0,0
-161898,0,0
-80022,0,0
-92319,0,0
-69467,0,0
90329,0,0
-247027,0,0
-310220,0,0
-103058,0,0
-74288,0,0
208759,0,0
422013,0,0
246355,0,0
384151,0,0
32286,0,0
-143348,0,0
171535,0,0
166767,0,0
304618,0,0
594141,0,0
364951,0,0
79646,0,0
730542,0,0
603565,0,0
569586,0,0
258513,0,0
557006,0,0
673985,0,0
656862,0,0
499628,0,0
792292,0,0
399779,0,0
59942,0,0
966911,0,0
1108756,0,0
354504,0,0
729877,0,0
656051,0,0
494551,0,0
924659,0,0
1017232,0,0
269149,0,0
283458,0,0
115114,0,0
387674,0,0
545420,0,0
527212,0,0
533969,0,0
-205159,0,0
-296787,0,0
271766,0,0
185787,0,0
17015,0,0
549258,0,0
-39332,0,0
-618773,0,0
-224541,0,0
134808,0,0
-29951,0,0
-567478,0,0
-765047,0,0
-667529,0,0
-27157,0,0
-50421,0,0
546410,0,0
-146692,0,0
-941831,0,0
-901614,0,0
-616115,0,0
-614885,0,0
-278640,0,0
314779,0,0
-700534,0,0
-778114,0,0
-645566,0,0
-464882,0,0
-731072,0,0
-1061015,0,0
-127256,0,0
162573,0,0
-151928,0,0
-599255,0,0
-898245,0,0
-1047394,0,0
-528141,0,0
-114443,0,0
-161158,0,0
-826228,0,0
-627559,0,0
-423481,0,0
-235716,0,0
-23296,0,0
-482094,0,0
-719845,0,0
-277878,0,0
129281,0,0
171045,0,0
-475859,0,0
-840222,0,0
-588601,0,0
-605309,0,0
-65110,0,0
90955,0,0
-50013,0,0
214503,0,0
-212338,0,0
-368504,0,0
-69359,0,0
-248505,0,0
-206091,0,0
86258,0,0
-75593,0,0
-446364,0,0
-123309,0,0
-105510,0,0
69168,0,0
834094,0,0
372175,0,0
54343,0,0
-163742,0,0
-274341,0,0
-24025,0,0
152332,0,0
464518,0,0
1382590,0,0
791797,0,0
-383700,0,0
-136038,0,0
203640,0,0
221846,0,0
328697,0,0
942959,0,0
1010827,0,0
913082,0,0
-48259,0,0
-235066,0,0
537714,0,0
712427,0,0
476067,0,0
570537,0,0
566229,0,0
385017,0,0
222788,0,0
-83994,0,0
315947,0,0
603236,0,0
594132,0,0
532966,0,0
262433,0,0
-127791,0,0
-33822,0,0
477410,0,0
166191,0,0
204767,0,0
-9298,0,0
-15872,0,0
126778,0,0
-155432,0,0
-38066,0,0
139870,0,0
300284,0,0
140628,0,0
-160443,0,0
-604754,0,0
-356783,0,0
-142538,0,0
-274136,0,0
-239913,0,0
-231192,0,0
-315723,0,0
-371859,0,0
-60479,0,0
-508330,0,0
-569445,0,0
-298469,0,0
-434414,0,0
-564438,0,0
-765339,0,0
-647503,0,0
-458219,0,0
92332,0,0
-161773,0,0
-289169,0,0
-22312,0,0
-470554,0,0
-624199,0,0
-591996,0,0
-446538,0,0
-299281,0,0
-329386,0,0
-334792,0,0
121800,0,0
-118923,0,0
-226175,0,0
-478659,0,0
-509351,0,0
-219607,0,0
-421136,0,0
-574259,0,0
-445223,0,0
-610450,0,0
-218440,0,0
365408,0,0
-363550,0,0
-421927,0,0
-292683,0,0
-741860,0,0
-488389,0,0
2846,0,0
410199,0,0
-166341,0,0
-653285,0,0
-761572,0,0
101047,0,0
238382,0,0
-3621,0,0
-7306,0,0
6153,0,0
284429,0,0
-197925,0,0
286366,0,0
-47114,0,0
129029,0,0
-499895,0,0
-21451,0,0
480938,0,0
116955,0,0
164617,0,0
347145,0,0
-181179,0,0
127841,0,0
201176,0,0
-49302,0,0
60100,0,0
-254526,0,0
-89694,0,0
1118991,0,0
373804,0,0
-3631,0,0
542222,0,0
798695,0,0
203077,0,0
-288919,0,0
-571414,0,0
111796,0,0
687460,0,0
531386,0,0
888414,0,0
807486,0,0
430399,0,0
341735,0,0
236914,0,0
21691,0,0
337737,0,0
258516,0,0
108766,0,0
351017,0,0
550454,0,0
450329,0,0
453693,0,0
35332,0,0
-418482,0,0
274336,0,0
764499,0,0
1057913,0,0
-107039,0,0
-199013,0,0
38168,0,0
-103982,0,0
-87068,0,0
582989,0,0
564676,0,0
559966,0,0
-34545,0,0
-444560,0,0
-411139,0,0
655750,0,0
597599,0,0
184624,0,0
-77281,0,0
-73194,0,0
-169313,0,0
280286,0,0
8333,0,0
-311287,0,0
-410455,0,0
-451268,0,0
-255389,0,0
155940,0,0
506472,0,0
256361,0,0
-263802,0,0
-936382,0,0
-490903,0,0
-426062,0,0
-239350,0,0
-3384,0,0
-207032,0,0
-329615,0,0
-364135,0,0
-50069,0,0
-29815,0,0
168401,0,0
-937586,0,0
-655813,0,0
-405537,0,0
-57856,0,0
36020,0,0
-301702,0,0
-570024,0,0
-297131,0,0
-488981,0,0
-821432,0,0
-375913,0,0
-59558,0,0
109510,0,0
-53742,0,0
-675969,0,0
-535751,0,0
-430333,0,0
-414862,0,0
-342578,0,0
89119,0,0
116185,0,0
-150610,0,0
-442501,0,0
-557893,0,0
-277255,0,0
-240341,0,0
-20183,0,0
53647,0,0
103749,0,0
-53396,0,0
-128549,0,0
-187591,0,0
-255377,0,0
-70191,0,0
-360726,0,0
-120192,0,0
-86013,0,0
-278854,0,0
-241026,0,0
-338936,0,0
-183561,0,0
555283,0,0
508908,0,0
-6359,0,0
-547703,0,0
-961157,0,0
-848903,0,0
-313014,0,0
-85744,0,0
77174,0,0
462477,0,0
374106,0,0
30777,0,0
-454364,0,0
-825392,0,0
-666102,0,0
122326,0,0
436155,0,0
48272,0,0
-167590,0,0
-431202,0,0
64369,0,0
32175,0,0
229949,0,0
316705,0,0
-98744,0,0
-431333,0,0
-91789,0,0
-93506,0,0
-326344,0,0
373134,0,0
501522,0,0
555497,0,0
84145,0,0
-243129,0,0
123951,0,0
222516,0,0
540808,0,0
256366,0,0
163008,0,0
-116598,0,0
126500,0,0
559269,0,0
759833,0,0
1320083,0,0
965635,0,0
-471145,0,0
-270288,0,0
299194,0,0
478390,0,0
856728,0,0
755403,0,0
392779,0,0
618543,0,0
644081,0,0
386959,0,0
549545,0,0
689484,0,0
600494,0,0
222099,0,0
-120349,0,0
575534,0,0
899096,0,0
635060,0,0
543511,0,0
98043,0,0
58071,0,0
309829,0,0
430157,0,0
270418,0,0
359956,0,0
256321,0,0
4101,0,0
272668,0,0
317611,0,0
341747,0,0
-117787,0,0
-441560,0,0
-322048,0,0
230556,0,0
399092,0,0
412295,0,0
432904,0,0
-216505,0,0
51048,0,0
452597,0,0
68656,0,0
-58764,0,0
153675,0,0
88227,0,0
303711,0,0
265929,0,0
565370,0,0
678832,0,0
56141,0,0
38146,0,0
161082,0,0
335689,0,0
141312,0,0
241525,0,0
-128678,0,0
191434,0,0
394883,0,0
122747,0,0
-69776,0,0
-428048,0,0
-509358,0,0
181510,0,0
846731,0,0
-230684,0,0
-293071,0,0
-637934,0,0
-695480,0,0
84817,0,0
59814,0,0
-123511,0,0
-563610,0,0
-448651,0,0
-422730,0,0
176025,0,0
323032,0,0
-461303,0,0
-266025,0,0
-495836,0,0
-554946,0,0
-188690,0,0
8160,0,0
170910,0,0
105676,0,0
-926418,0,0
-498907,0,0
226971,0,0
209823,0,0
946113,0,0
-25217,0,0
-735930,0,0
-501471,0,0
-121868,0,0
120242,0,0
329543,0,0
295357,0,0
371372,0,0
506148,0,0
49239,0,0
-106883,0,0
41920,0,0
143093,0,0
442067,0,0
840133,0,0
-140044,0,0
-191957,0,0
-84669,0,0
377992,0,0
683328,0,0
171202,0,0
238714,0,0
488025,0,0
427301,0,0
-4262,0,0
311257,0,0
-177824,0,0
165167,0,0
904187,0,0
456398,0,0
-57669,0,0
159029,0,0
124459,0,0
125537,0,0
168897,0,0
52144,0,0
269954,0,0
360298,0,0
245481,0,0
161386,0,0
111567,0,0
54497,0,0
142799,0,0
209751,0,0
-47919,0,0
21593,0,0
-329271,0,0
-69991,0,0
246469,0,0
-66297,0,0
-681754,0,0
-524917,0,0
39592,0,0
1079473,0,0
1091669,0,0
-643492,0,0
-1013537,0,0
-765578,0,0
-290640,0,0
54754,0,0
6479,0,0
254218,0,0
151127,0,0
-511484,0,0
-639774,0,0
-349213,0,0
-563673,0,0
226478,0,0
90746,0,0
-698844,0,0
-810076,0,0
-544491,0,0
-396668,0,0
-601765,0,0
-748991,0,0
-657517,0,0
440159,0,0
325279,0,0
-518696,0,0
-1218428,0,0
-1199197,0,0
-957845,0,0
-115,0,0
464643,0,0
-243739,0,0
-313019,0,0
-770516,0,0
-414802,0,0
118271,0,0
-93664,0,0
385675,0,0
-60015,0,0
-950617,0,0
-62527,0,0
320824,0,0
-34743,0,0
185028,0,0
-64704,0,0
-221211,0,0
333852,0,0
350301,0,0
332014,0,0
165369,0,0
-218846,0,0
-191268,0,0
216002,0,0
-184133,0,0
-287605,0,0
-371945,0,0
529513,0,0
690154,0,0
-491405,0,0
-37706,0,0
227848,0,0
-130903,0,0
-523704,0,0
-226457,0,0
-281211,0,0
-202724,0,0
232736,0,0
26794,0,0
-186321,0,0
-112522,0,0
101296,0,0
254241,0,0
146543,0,0
-391632,0,0
-65561,0,0
297447,0,0
-65951,0,0
-71605,0,0
-214570,0,0
34263,0,0
329659,0,0
-83386,0,0
-643102,0,0
113207,0,0
373039,0,0
62071,0,0
-100489,0,0
-298471,0,0
506600,0,0
163121,0,0
-575716,0,0
-491236,0,0
63696,0,0
258937,0,0
48898,0,0
76249,0,0
155035,0,0
324847,0,0
269357,0,0
134379,0,0
-240268,0,0
-123759,0,0
329611,0,0
409366,0,0
118389,0,0
161531,0,0
194387,0,0
50075,0,0
-91906,0,0
-335843,0,0
211623,0,0
89027,0,0
692393,0,0
225809,0,0
-79799,0,0
-333023,0,0
-584418,0,0
-758634,0,0
-703199,0,0
-570483,0,0
23741,0,0
391645,0,0
251472,0,0
490075,0,0
-737331,0,0
-1420491,0,0
-546619,0,0
-62727,0,0
243869,0,0
-400268,0,0
-479529,0,0
-296815,0,0
133676,0,0
-57107,0,0
-264581,0,0
-125388,0,0
-409958,0,0
10015,0,0
124268,0,0
-9285,0,0
96529,0,0
-72121,0,0
-562780,0,0
51609,0,0
57256,0,0
297330,0,0
594874,0,0
57767,0,0
48865,0,0
147841,0,0
25305,0,0
270440,0,0
-46074,0,0
137120,0,0
359394,0,0
744315,0,0
242265,0,0
-3949,0,0
484114,0,0
291598,0,0
-34275,0,0
-195967,0,0
-77710,0,0
703538,0,0
349256,0,0
122451,0,0
177953,0,0
-89944,0,0
-56103,0,0
83160,0,0
261889,0,0
336494,0,0
244033,0,0
-437279,0,0
-48037,0,0
135444,0,0
34072,0,0
41804,0,0
-33666,0,0
-288532,0,0
-226108,0,0
21955,0,0
67261,0,0
-163617,0,0
-298029,0,0
198383,0,0
154845,0,0
201999,0,0
-43679,0,0
-709723,0,0
-374832,0,0
128193,0,0
480872,0,0
186344,0,0
-244028,0,0
-123102,0,0
-28605,0,0
-115707,0,0
35018,0,0
107725,0,0
505080,0,0
185608,0,0
-862735,0,0
-633611,0,0
-238734,0,0
290136,0,0
1345319,0,0
161783,0,0
-369694,0,0
-665999,0,0
-513972,0,0
-591759,0,0
72924,0,0
275895,0,0
235806,0,0
-71152,0,0
-413131,0,0
-397944,0,0
-107928,0,0
-358644,0,0
-253928,0,0
75844,0,0
-239158,0,0
-263306,0,0
-273848,0,0
-607469,0,0
-117298,0,0
-89712,0,0
-60921,0,0
-23456,0,0
-288710,0,0
-597337,0,0
-323321,0,0
-253982,0,0
-136422,0,0
142602,0,0
217644,0,0
430512,0,0
40188,0,0
9537,0,0
-456353,0,0
-336097,0,0
-247138,0,0
664143,0,0
347551,0,0
100794,0,0
478950,0,0
445589,0,0
328785,0,0
253611,0,0
-115565,0,0
52532,0,0
686900,0,0
925973,0,0
689001,0,0
181243,0,0
-113294,0,0
247503,0,0
859433,0,0
1086724,0,0
414291,0,0
-44655,0,0
-190359,0,0
595702,0,0
689938,0,0
622077,0,0
944993,0,0
527052,0,0
11176,0,0
-82454,0,0
175341,0,0
436215,0,0
837165,0,0
701076,0,0
204180,0,0
372759,0,0
224675,0,0
184363,0,0
311959,0,0
427899,0,0
485127,0,0
-159457,0,0
169786,0,0
543193,0,0
-23976,0,0
286821,0,0
1147465,0,0
344620,0,0
-390612,0,0
-58816,0,0
494693,0,0
346601,0,0
269980,0,0
238299,0,0
512155,0,0
242577,0,0
-83923,0,0
-154313,0,0
105620,0,0
268867,0,0
1007799,0,0
935002,0,0
-322635,0,0
-152010,0,0
-13134,0,0
61864,0,0
168419,0,0
23986,0,0
57515,0,0
4293,0,0
214243,0,0
-178350,0,0
181871,0,0
-47317,0,0
249310,0,0
-21218,0,0
-413789,0,0
-683168,0,0
-118161,0,0
67,0,0
190226,0,0
-22576,0,0
-473515,0,0
-225620,0,0
-160813,0,0
-216902,0,0
-5791,0,0
-249737,0,0
-296525,0,0
-5754,0,0
-470494,0,0
-1092287,0,0
76368,0,0
639866,0,0
604200,0,0
-3224,0,0
-729129,0,0
-763670,0,0
-220577,0,0
171171,0,0
364688,0,0
-2586,0,0
-338132,0,0
92168,0,0
45079,0,0
-335772,0,0
6890,0,0
277329,0,0
455886,0,0
243150,0,0
523535,0,0
-369581,0,0
-637439,0,0
-422704,0,0
82304,0,0
607769,0,0
569413,0,0
269225,0,0
-64316,0,0
-108600,0,0
35204,0,0
-315220,0,0
-570131,0,0
410124,0,0
-29561,0,0
-294385,0,0
393529,0,0
478666,0,0
-165612,0,0
-601191,0,0
-212632,0,0
53399,0,0
133634,0,0
-324467,0,0
-157753,0,0
165509,0,0
-254802,0,0
-501168,0,0
-410838,0,0
-469022,0,0
-89591,0,0
-81104,0,0
-185893,0,0
767159,0,0
180502,0,0
-725725,0,0
-950732,0,0
-603248,0,0
-20878,0,0
182264,0,0
844603,0,0
294928,0,0
-594675,0,0
-630156,0,0
-224310,0,0
35650,0,0
135771,0,0
38254,0,0
59053,0,0
259238,0,0
104863,0,0
-272723,0,0
-585216,0,0
-284516,0,0
-7204,0,0
-12759,0,0
-88713,0,0
-384359,0,0
-166143,0,0
-39138,0,0
56852,0,0
-386238,0,0
-345699,0,0
-471318,0,0
-351778,0,0
253932,0,0
90016,0,0
-131127,0,0
-389163,0,0
-568184,0,0
-271245,0,0
-181989,0,0
-396071,0,0
-280024,0,0
23993,0,0
-311115,0,0
-376405,0,0
-49655,0,0
-546971,0,0
-477685,0,0
-43266,0,0
-143329,0,0
46605,0,0
202282,0,0
-146929,0,0
-333269,0,0
-371083,0,0
-331035,0,0
-121921,0,0
97280,0,0
326735,0,0
539749,0,0
63170,0,0
107116,0,0
-31724,0,0
182050,0,0
274956,0,0
278699,0,0
667852,0,0
546606,0,0
-37649,0,0
-200839,0,0
603786,0,0
698635,0,0
379106,0,0
-23592,0,0
-146089,0,0
198666,0,0
715192,0,0
551174,0,0
207415,0,0
553271,0,0
-353374,0,0
-9606,0,0
257152,0,0
241165,0,0
474920,0,0
93964,0,0
170909,0,0
84647,0,0
-131915,0,0
2615,0,0
206052,0,0
-76094,0,0
405894,0,0
239393,0,0
-238212,0,0
141994,0,0
79578,0,0
-303201,0,0
-209287,0,0
-152138,0,0
-411308,0,0
-379477,0,0
-355811,0,0
-167984,0,0
202377,0,0
367191,0,0
-527225,0,0
-985870,0,0
-709881,0,0
-609258,0,0
-207530,0,0
-151891,0,0
-241820,0,0
-311731,0,0
-270785,0,0
-316411,0,0
-625867,0,0
-773338,0,0
-236242,0,0
191663,0,0
-233656,0,0
273685,0,0
312352,0,0
-733085,0,0
-642128,0,0
-342301,0,0
260186,0,0
249056,0,0
-33846,0,0
30719,0,0
427885,0,0
-40240,0,0
-448640,0,0
-373749,0,0
120935,0,0
562277,0,0
566192,0,0
208683,0,0
-451442,0,0
-428066,0,0
-19095,0,0
80737,0,0
-22447,0,0
284584,0,0
719037,0,0
115406,0,0
-455276,0,0
-491109,0,0
92533,0,0
277509,0,0
175518,0,0
-188252,0,0
-91238,0,0
-1567,0,0
-101936,0,0
27345,0,0
-110594,0,0
-469197,0,0
-496738,0,0
410092,0,0
665809,0,0
6406,0,0
-501788,0,0
152467,0,0
581606,0,0
411018,0,0
-253348,0,0
-480337,0,0
-83,0,0
350928,0,0
589121,0,0
140762,0,0
361196,0,0
1112338,0,0
252561,0,0
174887,0,0
312432,0,0
-209455,0,0
-95774,0,0
322345,0,0
231221,0,0
1342037,0,0
1428748,0,0
33403,0,0
-426343,0,0
-62591,0,0
975714,0,0
1056422,0,0
103258,0,0
133307,0,0
496782,0,0
168432,0,0
560973,0,0
870780,0,0
490468,0,0
71335,0,0
6525,0,0
-126016,0,0
566801,0,0
1324744,0,0
757680,0,0
-146358,0,0
-348425,0,0
-366036,0,0
81367,0,0
230083,0,0
217280,0,0
163174,0,0
111112,0,0
127110,0,0
288700,0,0
-324491,0,0
-266838,0,0
-175993,0,0
-261657,0,0
-9881,0,0
619420,0,0
-77207,0,0
-509629,0,0
-336895,0,0
-173211,0,0
104605,0,0
-203915,0,0
-473841,0,0
-251703,0,0
-135816,0,0
-51507,0,0
-100819,0,0
6288,0,0
-420481,0,0
-67057,0,0
-176222,0,0
-208050,0,0
-169619,0,0
-722183,0,0
-347636,0,0
9175,0,0
-313305,0,0
-566300,0,0
-400509,0,0
-23527,0,0
-9335,0,0
-910004,0,0
-474675,0,0
-106675,0,0
-75876,0,0
-80535,0,0
-760830,0,0
-924236,0,0
200501,0,0
815294,0,0
-345815,0,0
-944846,0,0
-261703,0,0
308611,0,0
191547,0,0
-249726,0,0
-129432,0,0
264523,0,0
202816,0,0
68620,0,0
395803,0,0
125434,0,0
296170,0,0
324166,0,0
300831,0,0
301712,0,0
120610,0,0
167831,0,0
215280,0,0
338935,0,0
-65275,0,0
624585,0,0
1168884,0,0
284320,0,0
7010,0,0
311668,0,0
46663,0,0
251079,0,0
394794,0,0
-8455,0,0
180330,0,0
144842,0,0
-34520,0,0
528965,0,0
119900,0,0
-74728,0,0
237975,0,0
-270184,0,0
-167658,0,0
481872,0,0
1155181,0,0
512484,0,0
-549443,0,0
-629676,0,0
-299724,0,0
8817,0,0
37146,0,0
319247,0,0
240987,0,0
3152,0,0
218213,0,0
-86980,0,0
-390345,0,0
-96235,0,0
-74381,0,0
-393900,0,0
-556849,0,0
-59035,0,0
-62695,0,0
-258625,0,0
-580768,0,0
-528568,0,0
-186104,0,0
-251895,0,0
-451047,0,0
-28069,0,0
-270300,0,0
-730973,0,0
-144224,0,0
-611063,0,0
-633497,0,0
-343005,0,0
-432187,0,0
-286054,0,0
-149477,0,0
589651,0,0
-692574,0,0
-587502,0,0
-403076,0,0
-150428,0,0
21617,0,0
-164910,0,0
-553918,0,0
-438005,0,0
-416594,0,0
-606455,0,0
-352891,0,0
165393,0,0
352805,0,0
-94109,0,0
-395936,0,0
-861133,0,0
-886895,0,0
333060,0,0
417569,0,0
-210139,0,0
-716307,0,0
-551804,0,0
-341129,0,0
98020,0,0
36906,0,0
-119397,0,0
-227031,0,0
159515,0,0
162795,0,0
-3813,0,0
-259176,0,0
-47285,0,0
-136909,0,0
-271833,0,0
332699,0,0
795816,0,0
545368,0,0
615984,0,0
392956,0,0
-252454,0,0
-50652,0,0
188983,0,0
445643,0,0
637873,0,0
325763,0,0
294446,0,0
688880,0,0
440275,0,0
526988,0,0
342482,0,0
14397,0,0
80414,0,0
93206,0,0
171061,0,0
772514,0,0
540004,0,0
191151,0,0
-12383,0,0
-64737,0,0
131192,0,0
350198,0,0
310717,0,0
361583,0,0
521773,0,0
283143,0,0
365919,0,0
-214573,0,0
-342148,0,0
392288,0,0
860314,0,0
676480,0,0
-47241,0,0
-473509,0,0
-214837,0,0
790259,0,0
828836,0,0
172677,0,0
-194877,0,0
-115655,0,0
390817,0,0
462330,0,0
-14841,0,0
-104509,0,0
366472,0,0
392465,0,0
370773,0,0
2476,0,0
-30977,0,0
-44113,0,0
-90448,0,0
-177586,0,0
-205031,0,0
-89686,0,0
350541,0,0
726443,0,0
81860,0,0
73638,0,0
444173,0,0
-567151,0,0
-953774,0,0
-201523,0,0
435993,0,0
600147,0,0
-12563,0,0
-175455,0,0
-206717,0,0
-244063,0,0
-207075,0,0
127194,0,0
143053,0,0
-12199,0,0
-45727,0,0
-337761,0,0
-561471,0,0
-310252,0,0
-292117,0,0
-302823,0,0
95973,0,0
-165486,0,0
-373921,0,0
-389649,0,0
-874337,0,0
-856620,0,0
143153,0,0
211411,0,0
207276,0,0
53848,0,0
-671353,0,0
-346543,0,0
-252537,0,0
-202121,0,0
55644,0,0
59993,0,0
-68502,0,0
442206,0,0
260976,0,0
-61513,0,0
276240,0,0
439990,0,0
157780,0,0
265487,0,0
399832,0,0
247465,0,0
262402,0,0
3247,0,0
327069,0,0
762311,0,0
223171,0,0
10594,0,0
402755,0,0
579188,0,0
-23898,0,0
-314966,0,0
-417672,0,0
200458,0,0
726497,0,0
303464,0,0
313453,0,0
-394151,0,0
-564575,0,0
-94221,0,0
-166216,0,0
-287575,0,0
85754,0,0
478327,0,0
-283237,0,0
-239063,0,0
-4904,0,0
59859,0,0
50122,0,0
-523994,0,0
-571045,0,0
-124044,0,0
-158103,0,0
511391,0,0
429981,0,0
-276340,0,0
-60912,0,0
-487213,0,0
-306720,0,0
173845,0,0
3100,0,0
-152498,0,0
190926,0,0
119190,0,0
235585,0,0
-33750,0,0
-408585,0,0
285044,0,0
601609,0,0
142757,0,0
-301677,0,0
-358833,0,0
4229,0,0
1181147,0,0
1123752,0,0
-157892,0,0
-354784,0,0
-117101,0,0
240879,0,0
496437,0,0
480009,0,0
815640,0,0
1106466,0,0
72940,0,0
-512440,0,0
-164740,0,0
158048,0,0
-4445,0,0
-70952,0,0
328589,0,0
810088,0,0
482072,0,0
500389,0,0
367007,0,0
9417,0,0
-139226,0,0
-288832,0,0
-127648,0,0
296705,0,0
341104,0,0
397824,0,0
570117,0,0
308761,0,0
-181427,0,0
-9388,0,0
384982,0,0
26055,0,0
168644,0,0
216060,0,0
544179,0,0
73746,0,0
-186607,0,0
-59467,0,0
-20082,0,0
75242,0,0
80008,0,0
-106097,0,0
-113501,0,0
330391,0,0
-98590,0,0
19914,0,0
-90379,0,0
-86003,0,0
-513487,0,0
329239,0,0
554892,0,0
-173943,0,0
-231851,0,0
174923,0,0
-114515,0,0
-506527,0,0
-596057,0,0
-406839,0,0
3047,0,0
283302,0,0
183154,0,0
-484816,0,0
-820745,0,0
-574466,0,0
-182009,0,0
-434226,0,0
-69318,0,0
453737,0,0
-555563,0,0
-901487,0,0
-712968,0,0
-391146,0,0
-170530,0,0
-151678,0,0
-419452,0,0
-444796,0,0
-324010,0,0
-67891,0,0
889,0,0
-417002,0,0
-402671,0,0
-332850,0,0
-274778,0,0
-52581,0,0
-212041,0,0
-451307,0,0
-528201,0,0
35537,0,0
253644,0,0
251048,0,0
-172272,0,0
-265624,0,0
-211358,0,0
-395298,0,0
-730235,0,0
-316585,0,0
-56350,0,0
10829,0,0
1129120,0,0
828578,0,0
-386326,0,0
-706354,0,0
-637271,0,0
-391465,0,0
228420,0,0
529100,0,0
171379,0,0
-74773,0,0
-562878,0,0
-620650,0,0
-341652,0,0
445256,0,0
387436,0,0
396960,0,0
-283837,0,0
-576336,0,0
-648780,0,0
-199712,0,0
355607,0,0
-23851,0,0
-1596,0,0
-172921,0,0
-457253,0,0
-294522,0,0
22592,0,0
196153,0,0
48451,0,0
166082,0,0
118170,0,0
152952,0,0
142704,0,0
69415,0,0
-171585,0,0
-118214,0,0
80407,0,0
202861,0,0
-52786,0,0
-116457,0,0
736982,0,0
1237082,0,0
568707,0,0
19443,0,0
-51231,0,0
41679,0,0
163527,0,0
340963,0,0
624240,0,0
1231640,0,0
611449,0,0
469480,0,0
453801,0,0
135285,0,0
460379,0,0
478681,0,0
625900,0,0
761244,0,0
389549,0,0
204962,0,0
391268,0,0
387443,0,0
322133,0,0
297081,0,0
132022,0,0
175667,0,0
145288,0,0
269769,0,0
747209,0,0
342558,0,0
573,0,0
-141468,0,0
175839,0,0
279789,0,0
267883,0,0
234956,0,0
163363,0,0
296442,0,0
-113228,0,0
-71657,0,0
302105,0,0
96980,0,0
-237970,0,0
229381,0,0
-75652,0,0
53883,0,0
-142642,0,0
-530705,0,0
-512265,0,0
130802,0,0
-282819,0,0
-533306,0,0
184805,0,0
219528,0,0
-280126,0,0
-461264,0,0
-743142,0,0
-433875,0,0
-357021,0,0
-326539,0,0
14599,0,0
95624,0,0
-380334,0,0
-184753,0,0
-243670,0,0
-157271,0,0
33345,0,0
-105136,0,0
-411226,0,0
-474136,0,0
-318800,0,0
-390791,0,0
-237088,0,0
-174816,0,0
-375838,0,0
-628834,0,0
-386282,0,0
-325031,0,0
-78606,0,0
-158652,0,0
-897432,0,0
-870146,0,0
-493748,0,0
114933,0,0
-259634,0,0
-96051,0,0
-249916,0,0
-500546,0,0
-723894,0,0
-682642,0,0
-541620,0,0
396299,0,0
392492,0,0
-158421,0,0
12703,0,0
-111135,0,0
-116815,0,0
-43837,0,0
-293055,0,0
-102026,0,0
399649,0,0
236588,0,0
-49893,0,0
213323,0,0
507100,0,0
446653,0,0
235202,0,0
320875,0,0
436747,0,0
391570,0,0
184706,0,0
224215,0,0
445810,0,0
595811,0,0
705588,0,0
324774,0,0
206680,0,0
566695,0,0
759944,0,0
320332,0,0
91624,0,0
-87099,0,0
365187,0,0
693108,0,0
542683,0,0
454162,0,0
340232,0,0
-249817,0,0
-230490,0,0
948074,0,0
1181373,0,0
329722,0,0
-211884,0,0
-161225,0,0
54633,0,0
597584,0,0
912438,0,0
435311,0,0
49056,0,0
-262255,0,0
38946,0,0
141581,0,0
376777,0,0
722639,0,0
490523,0,0
-233375,0,0
-54201,0,0
130129,0,0
111200,0,0
205059,0,0
113935,0,0
-139751,0,0
294289,0,0
70520,0,0
-218903,0,0
247791,0,0
115913,0,0
131145,0,0
10306,0,0
-199874,0,0
186685,0,0
106794,0,0
117912,0,0
425566,0,0
-151597,0,0
-312258,0,0
-294267,0,0
579417,0,0
572203,0,0
-155255,0,0
-804996,0,0
-104701,0,0
467620,0,0
210972,0,0
-485381,0,0
-595486,0,0
-192311,0,0
708372,0,0
216993,0,0
-450554,0,0
-651921,0,0
-467620,0,0
278656,0,0
117145,0,0
-564492,0,0
-561121,0,0
-310896,0,0
-71406,0,0
-110429,0,0
-254890,0,0
-639098,0,0
-321407,0,0
247254,0,0
442022,0,0
-43406,0,0
-276521,0,0
3520,0,0
-124935,0,0
-229563,0,0
-170185,0,0
16786,0,0
161010,0,0
333767,0,0
424007,0,0
268933,0,0
-240050,0,0
-94310,0,0
251191,0,0
324003,0,0
341382,0,0
462372,0,0
335730,0,0
-234888,0,0
-449344,0,0
-97412,0,0
141411,0,0
255336,0,0
-92902,0,0
-159002,0,0
-74670,0,0
471976,0,0
81655,0,0
-136992,0,0
-294279,0,0
-612825,0,0
31167,0,0
206434,0,0
-71618,0,0
-327822,0,0
-218127,0,0
-252464,0,0
133104,0,0
273207,0,0
-162523,0,0
-131526,0,0
-187611,0,0
-353413,0,0
69134,0,0
-252784,0,0
-653552,0,0
-142343,0,0
-258663,0,0
-119445,0,0
140874,0,0
-404633,0,0
-432739,0,0
265519,0,0
73079,0,0
-402659,0,0
-679766,0,0
-469669,0,0
-467785,0,0
-393460,0,0
-360657,0,0
6483,0,0
-12247,0,0
-188913,0,0
261287,0,0
-143395,0,0
-923464,0,0
-455103,0,0
-69511,0,0
295743,0,0
-131364,0,0
-780495,0,0
-653499,0,0
-661609,0,0
-178456,0,0
-31193,0,0
419066,0,0
508463,0,0
-547497,0,0
-1053517,0,0
-615216,0,0
81598,0,0
-100690,0,0
-124518,0,0
-192833,0,0
-582629,0,0
-378240,0,0
-184574,0,0
-149514,0,0
-79423,0,0
-163174,0,0
-685537,0,0
-372816,0,0
90485,0,0
99775,0,0
-119148,0,0
-264620,0,0
-517208,0,0
-205865,0,0
-270691,0,0
-402339,0,0
186511,0,0
30387,0,0
-428925,0,0
-280869,0,0
163431,0,0
227475,0,0
216565,0,0
64917,0,0
47839,0,0
60856,0,0
-199418,0,0
-162653,0,0
38481,0,0
231310,0,0
587673,0,0
876913,0,0
-116594,0,0
-394385,0,0
95985,0,0
319537,0,0
969952,0,0
546795,0,0
-22053,0,0
-152542,0,0
129847,0,0
329087,0,0
545246,0,0
75447,0,0
190786,0,0
299707,0,0
388793,0,0
160247,0,0
-215724,0,0
79420,0,0
91879,0,0
405481,0,0
913112,0,0
731709,0,0
132574,0,0
-473140,0,0
262079,0,0
245651,0,0
-6939,0,0
229512,0,0
244350,0,0
-66745,0,0
125214,0,0
174001,0,0
145333,0,0
1575085,0,0
549114,0,0
-474725,0,0
-431783,0,0
38819,0,0
650412,0,0
281526,0,0
-460025,0,0
-179280,0,0
-100631,0,0
444612,0,0
1428382,0,0
374381,0,0
-251049,0,0
-237964,0,0
-225242,0,0
-67169,0,0
547280,0,0
632253,0,0
409849,0,0
49145,0,0
14592,0,0
143828,0,0
-94352,0,0
-240646,0,0
122181,0,0
728118,0,0
1009639,0,0
-45011,0,0
34206,0,0
3056,0,0
45664,0,0
-221071,0,0
-318157,0,0
-111399,0,0
325612,0,0
472760,0,0
294903,0,0
251780,0,0
99340,0,0
-430664,0,0
-403784,0,0
-116098,0,0
-204449,0,0
-204522,0,0
131494,0,0
642459,0,0
401525,0,0
-125108,0,0
-488366,0,0
-428411,0,0
32619,0,0
-70927,0,0
-183761,0,0
75709,0,0
150882,0,0
95355,0,0
-9842,0,0
-97309,0,0
-198525,0,0
100647,0,0
107139,0,0
245794,0,0
2329,0,0
-100732,0,0
-39211,0,0
180997,0,0
153596,0,0
170744,0,0
21874,0,0
-217309,0,0
-81841,0,0
-49701,0,0
-234447,0,0
244103,0,0
1059775,0,0
371114,0,0
-849510,0,0
-875902,0,0
-354521,0,0
82464,0,0
-48167,0,0
-298829,0,0
-147236,0,0
-166190,0,0
-135056,0,0
64852,0,0
-446349,0,0
-505634,0,0
-493141,0,0
-393786,0,0
-203890,0,0
-230750,0,0
-355327,0,0
-401337,0,0
-561601,0,0
-192416,0,0
-71060,0,0
-295089,0,0
-253878,0,0
-402488,0,0
-684784,0,0
-684950,0,0
-300125,0,0
246568,0,0
409113,0,0
-208755,0,0
-831655,0,0
-316825,0,0
263781,0,0
-62755,0,0
-192907,0,0
-322122,0,0
-251449,0,0
-253350,0,0
111742,0,0
-309248,0,0
1440,0,0
392153,0,0
-6533,0,0
405777,0,0
78165,0,0
-772024,0,0
-687494,0,0
-232977,0,0
1017735,0,0
1354841,0,0
-522474,0,0
-846603,0,0
-594720,0,0
-174969,0,0
256795,0,0
415139,0,0
-104979,0,0
-275162,0,0
-359713,0,0
-269240,0,0
97458,0,0
-290961,0,0
-749510,0,0
-50211,0,0
33729,0,0
-426982,0,0
-64879,0,0
425618,0,0
8255,0,0
-707399,0,0
-548301,0,0
-195501,0,0
52934,0,0
-173077,0,0
-38820,0,0
48374,0,0
230736,0,0
245247,0,0
-108315,0,0
-11839,0,0
194297,0,0
73660,0,0
368471,0,0
160788,0,0
106292,0,0
295701,0,0
505014,0,0
406317,0,0
59720,0,0
624647,0,0
342535,0,0
461659,0,0
311920,0,0
239185,0,0
778906,0,0
929326,0,0
377615,0,0
91701,0,0
80272,0,0
428473,0,0
687082,0,0
891543,0,0
470213,0,0
154078,0,0
-225017,0,0
-96260,0,0
447906,0,0
1045700,0,0
781983,0,0
218864,0,0
156415,0,0
21111,0,0
24806,0,0
186429,0,0
122690,0,0
294624,0,0
207401,0,0
232579,0,0
166734,0,0
442518,0,0
417387,0,0
67055,0,0
-158385,0,0
149465,0,0
117115,0,0
-269984,0,0
-295987,0,0
-161119,0,0
164952,0,0
39595,0,0
-370480,0,0
-75069,0,0
67019,0,0
-447942,0,0
-683349,0,0
-295097,0,0
680019,0,0
-199743,0,0
-256360,0,0
-305977,0,0
-516933,0,0
-536324,0,0
-191123,0,0
219038,0,0
203157,0,0
-317401,0,0
-448492,0,0
-208274,0,0
-101655,0,0
-380926,0,0
-604607,0,0
-402200,0,0
265356,0,0
758029,0,0
-33527,0,0
-1175906,0,0
-1101074,0,0
-311895,0,0
-290082,0,0
35206,0,0
496906,0,0
39051,0,0
-733969,0,0
-680577,0,0
-660929,0,0
-126968,0,0
278620,0,0
-93231,0,0
-454271,0,0
-417483,0,0
-146605,0,0
643956,0,0
194332,0,0
-454350,0,0
205032,0,0
79990,0,0
163585,0,0
-117440,0,0
-479610,0,0
-57837,0,0
360928,0,0
190903,0,0
249360,0,0
453455,0,0
-91515,0,0
-415051,0,0
439231,0,0
924722,0,0
414515,0,0
-92457,0,0
-257525,0,0
120361,0,0
-10666,0,0
-12861,0,0
183392,0,0
36291,0,0
252603,0,0
385661,0,0
-35455,0,0
-343479,0,0
233145,0,0
316103,0,0
50957,0,0
-130048,0,0
-265636,0,0
-640834,0,0
-210531,0,0
223816,0,0
-114816,0,0
-403071,0,0
-111515,0,0
-23183,0,0
-632469,0,0
-397446,0,0
8247,0,0
-165826,0,0
-42625,0,0
-536167,0,0
-648229,0,0
-236106,0,0
114278,0,0
-295476,0,0
-392791,0,0
-318225,0,0
-858524,0,0
-496694,0,0
287833,0,0
694662,0,0
179865,0,0
-695961,0,0
-676296,0,0
-267096,0,0
-75545,0,0
178042,0,0
192817,0,0
8677,0,0
-326593,0,0
-234670,0,0
-130323,0,0
341530,0,0
245239,0,0
-319286,0,0
-166982,0,0
337374,0,0
106089,0,0
476028,0,0
-72849,0,0
-294402,0,0
-207551,0,0
343512,0,0
189657,0,0
99145,0,0
170884,0,0
97074,0,0
101711,0,0
277520,0,0
717587,0,0
241089,0,0
-536144,0,0
-103754,0,0
681438,0,0
434263,0,0
16206,0,0
522610,0,0
63642,0,0
-104860,0,0
-367981,0,0
133374,0,0
694721,0,0
474295,0,0
404981,0,0
247875,0,0
234658,0,0
-215252,0,0
-60257,0,0
10447,0,0
74891,0,0
226701,0,0
296272,0,0
637084,0,0
752145,0,0
30045,0,0
-540118,0,0
-42187,0,0
359293,0,0
338797,0,0
326449,0,0
320476,0,0
155680,0,0
19321,0,0
-30677,0,0
452895,0,0
543692,0,0
-100465,0,0
-259892,0,0
-156015,0,0
40482,0,0
187155,0,0
268707,0,0
-138083,0,0
-164286,0,0
-122633,0,0
47213,0,0
489491,0,0
-65466,0,0
-297961,0,0
-59911,0,0
42704,0,0
-353204,0,0
-99474,0,0
454476,0,0
21022,0,0
-161236,0,0
180868,0,0
164786,0,0
-124569,0,0
-59326,0,0
-28425,0,0
132946,0,0
432959,0,0
237359,0,0
-495278,0,0
-142108,0,0
229122,0,0
19986,0,0
176197,0,0
28051,0,0
181766,0,0
381548,0,0
377180,0,0
-375026,0,0
-364879,0,0
-142646,0,0
450472,0,0
614167,0,0
148566,0,0
-17865,0,0
-9646,0,0
31200,0,0
-103198,0,0
-117939,0,0
-311269,0,0
-197431,0,0
-239563,0,0
433629,0,0
934206,0,0
-563994,0,0
-489303,0,0
404586,0,0
193452,0,0
-715492,0,0
-448111,0,0
-155072,0,0
-384647,0,0
-94225,0,0
172200,0,0
577106,0,0
330334,0,0
-708790,0,0
-342534,0,0
742042,0,0
16375,0,0
-276039,0,0
-33676,0,0
-268100,0,0
-6650,0,0
314027,0,0
-44288,0,0
93171,0,0
358122,0,0
423862,0,0
229333,0,0
179457,0,0
-334607,0,0
-130085,0,0
114812,0,0
164876,0,0
115937,0,0
-124902,0,0
34969,0,0
59914,0,0
23636,0,0
76122,0,0
187105,0,0
22796,0,0
37269,0,0
-351799,0,0
81819,0,0
68543,0,0
-245646,0,0
-162292,0,0
-151375,0,0
-103264,0,0
-336439,0,0
44348,0,0
246911,0,0
-262391,0,0
-224209,0,0
-68915,0,0
-174138,0,0
-599606,0,0
-714633,0,0
-111512,0,0
-296506,0,0
285868,0,0
432809,0,0
-235468,0,0
-455087,0,0
-592706,0,0
-605174,0,0
30170,0,0
123951,0,0
-366044,0,0
-211992,0,0
17134,0,0
-81427,0,0
-349198,0,0
-239030,0,0
-64336,0,0
-150289,0,0
-186099,0,0
-401736,0,0
-330300,0,0
-319021,0,0
-477104,0,0
-436568,0,0
-327123,0,0
-74333,0,0
186379,0,0
-359936,0,0
-450861,0,0
-395881,0,0
-576178,0,0
-878597,0,0
-640792,0,0
-22222,0,0
373970,0,0
-84088,0,0
-113026,0,0
-196871,0,0
-716387,0,0
-686851,0,0
-130759,0,0
433115,0,0
374684,0,0
-744109,0,0
-827437,0,0
-189725,0,0
257260,0,0
283523,0,0
316156,0,0
-192824,0,0
-198235,0,0
-561858,0,0
-404970,0,0
-147581,0,0
-84993,0,0
168218,0,0
-116157,0,0
-345907,0,0
-411132,0,0
-210098,0,0
-306341,0,0
315571,0,0
466076,0,0
-678072,0,0
-957309,0,0
-55322,0,0
329325,0,0
285538,0,0
-581541,0,0
21936,0,0
99012,0,0
-431531,0,0
-82535,0,0
-29382,0,0
-230149,0,0
217400,0,0
436598,0,0
173864,0,0
-286285,0,0
28239,0,0
332182,0,0
754087,0,0
44759,0,0
-507288,0,0
-311757,0,0
103833,0,0
267373,0,0
318000,0,0
482265,0,0
337672,0,0
-40787,0,0
-143480,0,0
-215463,0,0
-23592,0,0
31819,0,0
468893,0,0
213377,0,0
-53222,0,0
-247936,0,0
106383,0,0
602082,0,0
416026,0,0
-114704,0,0
-243019,0,0
26018,0,0
277272,0,0
173306,0,0
241048,0,0
223633,0,0
191583,0,0
202984,0,0
392519,0,0
674515,0,0
282575,0,0
-155038,0,0
23677,0,0
116163,0,0
206679,0,0
368128,0,0
544225,0,0
377570,0,0
25291,0,0
-153833,0,0
427883,0,0
677636,0,0
428612,0,0
21925,0,0
-57451,0,0
77531,0,0
182453,0,0
661579,0,0
527778,0,0
471194,0,0
6886,0,0
226,0,0
322334,0,0
74306,0,0
50606,0,0
503539,0,0
422844,0,0
151354,0,0
272763,0,0
389709,0,0
263506,0,0
-142735,0,0
-85600,0,0
118857,0,0
308054,0,0
239168,0,0
239313,0,0
-20974,0,0
-28872,0,0
-24804,0,0
-105833,0,0
335558,0,0
341971,0,0
400196,0,0
-270385,0,0
-154054,0,0
-250214,0,0
-453263,0,0
-191778,0,0
208657,0,0
41116,0,0
468593,0,0
185979,0,0
-261535,0,0
-494844,0,0
-337929,0,0
214831,0,0
441107,0,0
-78987,0,0
-302845,0,0
-318581,0,0
-138048,0,0
-60516,0,0
-398906,0,0
-180426,0,0
49699,0,0
373810,0,0
315936,0,0
-27545,0,0
-495099,0,0
-632396,0,0
-212718,0,0
298698,0,0
684309,0,0
-8760,0,0
-382071,0,0
-98602,0,0
64696,0,0
198723,0,0
91299,0,0
72332,0,0
53242,0,0
282413,0,0
290707,0,0
191384,0,0
338561,0,0
335593,0,0
306015,0,0
-77417,0,0
-195051,0,0
-2115,0,0
52925,0,0
565936,0,0
336453,0,0
269914,0,0
382960,0,0
429624,0,0
-109823,0,0
-536480,0,0
-129363,0,0
197033,0,0
378058,0,0
362731,0,0
115221,0,0
-191107,0,0
-5284,0,0
-7322,0,0
-233188,0,0
-236527,0,0
-47033,0,0
-90920,0,0
428604,0,0
470079,0,0
-303584,0,0
-596063,0,0
-360393,0,0
151306,0,0
50284,0,0
-31698,0,0
-237074,0,0
-192280,0,0
38246,0,0
-169591,0,0
-375844,0,0
71511,0,0
561019,0,0
372990,0,0
28672,0,0
-660506,0,0
-560627,0,0
-197306,0,0
-22300,0,0
476311,0,0
240551,0,0
10297,0,0
-125373,0,0
-224236,0,0
-278032,0,0
11283,0,0
195775,0,0
-57203,0,0
-480348,0,0
-95595,0,0
1720,0,0
-115199,0,0
-6071,0,0
-175893,0,0
-107382,0,0
-125240,0,0
-336496,0,0
-535679,0,0
-288075,0,0
207768,0,0
348518,0,0
232999,0,0
-636207,0,0
-672230,0,0
-152083,0,0
44530,0,0
444371,0,0
123170,0,0
-226215,0,0
-383883,0,0
-749084,0,0
-48779,0,0
1014251,0,0
706027,0,0
-486010,0,0
-455579,0,0
-463428,0,0
-1344,0,0
436987,0,0
368546,0,0
325693,0,0
-236549,0,0
-483661,0,0
-67152,0,0
134805,0,0
320056,0,0
510733,0,0
80651,0,0
-62910,0,0
5525,0,0
-206892,0,0
1482,0,0
159723,0,0
133408,0,0
21778,0,0
431173,0,0
128303,0,0
-66719,0,0
-47946,0,0
20922,0,0
437727,0,0
225979,0,0
-93331,0,0
134528,0,0
446378,0,0
103764,0,0
-247314,0,0
-194184,0,0
264703,0,0
390750,0,0
238395,0,0
318130,0,0
-132200,0,0
-428941,0,0
-115077,0,0
-4081,0,0
864101,0,0
705646,0,0
44403,0,0
-604327,0,0
-257833,0,0
51561,0,0
360237,0,0
274515,0,0
-265904,0,0
-361600,0,0
-45269,0,0
283278,0,0
3465,0,0
-188362,0,0
-296905,0,0
-155800,0,0
-51663,0,0
-289990,0,0
-112116,0,0
-212811,0,0
-620351,0,0
-178948,0,0
-186506,0,0
-531293,0,0
-636688,0,0
-825386,0,0
-422691,0,0
-88877,0,0
-249615,0,0
363006,0,0
96654,0,0
-1229758,0,0
-1055072,0,0
-265448,0,0
-418575,0,0
-517403,0,0
-250323,0,0
-75470,0,0
-163869,0,0
-381839,0,0
-655631,0,0
-167555,0,0
-132947,0,0
-315613,0,0
-154459,0,0
-78028,0,0
-420351,0,0
-383984,0,0
-365241,0,0
-5816,0,0
20715,0,0
-325551,0,0
-318555,0,0
6457,0,0
28784,0,0
265518,0,0
-94934,0,0
-428892,0,0
-422865,0,0
233280,0,0
-107003,0,0
-9071,0,0
3458,0,0
-46025,0,0
343593,0,0
-180676,0,0
-68058,0,0
231000,0,0
53356,0,0
-263614,0,0
-208672,0,0
177070,0,0
138996,0,0
78071,0,0
166713,0,0
71308,0,0
-59715,0,0
-215145,0,0
-28084,0,0
206346,0,0
-22665,0,0
49607,0,0
342133,0,0
174030,0,0
-201202,0,0
-142321,0,0
-149688,0,0
510099,0,0
345822,0,0
-193467,0,0
91440,0,0
118118,0,0
-133375,0,0
-40985,0,0
-124977,0,0
123069,0,0
243180,0,0
377790,0,0
257450,0,0
-56929,0,0
-169480,0,0
-339419,0,0
-240620,0,0
-243978,0,0
79318,0,0
505954,0,0
806596,0,0
133549,0,0
-565498,0,0
-320687,0,0
-108187,0,0
-32962,0,0
32346,0,0
95757,0,0
225273,0,0
306911,0,0
-157942,0,0
-64420,0,0
110986,0,0
-250288,0,0
-702476,0,0
-546723,0,0
-40470,0,0
382285,0,0
725464,0,0
437767,0,0
142054,0,0
-830862,0,0
-1149864,0,0
-222195,0,0
564342,0,0
-183662,0,0
-805167,0,0
-335326,0,0
-367699,0,0
49991,0,0
566299,0,0
393954,0,0
107268,0,0
-676226,0,0
-884308,0,0
-143389,0,0
435683,0,0
-291079,0,0
-524839,0,0
-501720,0,0
59997,0,0
238698,0,0
-144879,0,0
103317,0,0
-82942,0,0
-256249,0,0
-203545,0,0
-296791,0,0
-102496,0,0
98134,0,0
173840,0,0
-303000,0,0
-208609,0,0
75165,0,0
-273442,0,0
-638677,0,0
-279399,0,0
170385,0,0
458808,0,0
257940,0,0
-60668,0,0
-465343,0,0
-244932,0,0
697097,0,0
852635,0,0
-84669,0,0
-637098,0,0
-270264,0,0
41128,0,0
354477,0,0
376062,0,0
407249,0,0
399782,0,0
253736,0,0
-193509,0,0
-228367,0,0
110772,0,0
318104,0,0
1131166,0,0
172074,0,0
-547676,0,0
-327544,0,0
124340,0,0
93922,0,0
166953,0,0
436509,0,0
264051,0,0
-145070,0,0
-373130,0,0
148544,0,0
440398,0,0
218056,0,0
-223754,0,0
-136979,0,0
157439,0,0
470850,0,0
-242106,0,0
-143558,0,0
299001,0,0
122733,0,0
136062,0,0
-160495,0,0
-285711,0,0
-231727,0,0
-125921,0,0
112811,0,0
561053,0,0
443613,0,0
-182065,0,0
-353747,0,0
-252489,0,0
-184136,0,0
495772,0,0
-260157,0,0
-343441,0,0
-142267,0,0
-134972,0,0
506895,0,0
610204,0,0
64875,0,0
113931,0,0
-217984,0,0
-838983,0,0
-635604,0,0
18908,0,0
86263,0,0
-234685,0,0
-37419,0,0
111738,0,0
21279,0,0
-151105,0,0
-85411,0,0
-325789,0,0
-385183,0,0
84065,0,0
16547,0,0
127296,0,0
-449813,0,0
-116879,0,0
-42637,0,0
87791,0,0
284179,0,0
33493,0,0
350383,0,0
209160,0,0
283346,0,0
-179059,0,0
-360380,0,0
-184238,0,0
284344,0,0
594591,0,0
415346,0,0
104988,0,0
-417672,0,0
-379540,0,0
360795,0,0
-206824,0,0
-113315,0,0
432651,0,0
20571,0,0
-220152,0,0
-43183,0,0
-62842,0,0
-172558,0,0
22844,0,0
140035,0,0
-152501,0,0
-332188,0,0
-302640,0,0
-9645,0,0
362069,0,0
376676,0,0
-288355,0,0
-341597,0,0
-195765,0,0
-191624,0,0
-205034,0,0
-67364,0,0
122871,0,0
-24976,0,0
382990,0,0
-2475,0,0
-498448,0,0
-369498,0,0
-50930,0,0
-167386,0,0
221543,0,0
19865,0,0
-83688,0,0
131244,0,0
-77877,0,0
-369813,0,0
-334798,0,0
143561,0,0
149012,0,0
48873,0,0
-149039,0,0
-360974,0,0
-218787,0,0
61283,0,0
320234,0,0
192006,0,0
-172026,0,0
-266181,0,0
-103858,0,0
-201286,0,0
153586,0,0
-56708,0,0
35747,0,0
72887,0,0
-431223,0,0
-950053,0,0
-141610,0,0
1101141,0,0
902766,0,0
-154392,0,0
-361847,0,0
120512,0,0
27199,0,0
-326550,0,0
-13127,0,0
13671,0,0
281027,0,0
255585,0,0
346665,0,0
21609,0,0
42077,0,0
269073,0,0
232590,0,0
134064,0,0
48922,0,0
-150161,0,0
196888,0,0
324405,0,0
151289,0,0
-51945,0,0
-162101,0,0
103239,0,0
583925,0,0
82615,0,0
-125500,0,0
202159,0,0
418151,0,0
222090,0,0
-156437,0,0
-32699,0,0
51889,0,0
166367,0,0
392882,0,0
391902,0,0
-147925,0,0
-255042,0,0
877533,0,0
543790,0,0
-129426,0,0
-292991,0,0
12202,0,0
448960,0,0
98172,0,0
-87000,0,0
252521,0,0
280830,0,0
13850,0,0
-25447,0,0
-181904,0,0
-243098,0,0
-40060,0,0
384089,0,0
260912,0,0
120861,0,0
-338047,0,0
-471638,0,0
190503,0,0
100701,0,0
-603144,0,0
-607801,0,0
171869,0,0
259023,0,0
-6505,0,0
-547815,0,0
-330105,0,0
155789,0,0
44617,0,0
-489587,0,0
-563242,0,0
-169360,0,0
-114700,0,0
153708,0,0
-13586,0,0
122551,0,0
-348300,0,0
-567099,0,0
-318064,0,0
40735,0,0
377405,0,0
-191337,0,0
178669,0,0
156456,0,0
-344803,0,0
-489618,0,0
-25234,0,0
344227,0,0
136146,0,0
252952,0,0
161213,0,0
-214442,0,0
-94023,0,0
183279,0,0
26107,0,0
-134992,0,0
101003,0,0
470112,0,0
158931,0,0
-50318,0,0
185731,0,0
627167,0,0
99745,0,0
-44891,0,0
171113,0,0
81450,0,0
118179,0,0
494880,0,0
20880,0,0
-362405,0,0
-241846,0,0
201234,0,0
421568,0,0
1080245,0,0
19411,0,0
-417137,0,0
-426699,0,0
-565948,0,0
-88434,0,0
124276,0,0
57673,0,0
179733,0,0
-277663,0,0
-420448,0,0
137327,0,0
-191085,0,0
-406835,0,0
266086,0,0
611058,0,0
-372348,0,0
-675709,0,0
-360103,0,0
-143121,0,0
-214052,0,0
-80128,0,0
73862,0,0
-120572,0,0
196643,0,0
601674,0,0
51950,0,0
-799044,0,0
-329642,0,0
373806,0,0
370725,0,0
166951,0,0
-99923,0,0
114862,0,0
96107,0,0
118359,0,0
151256,0,0
74708,0,0
-101929,0,0
147821,0,0
246197,0,0
253639,0,0
712250,0,0
469320,0,0
-26634,0,0
-190735,0,0
10183,0,0
415276,0,0
467980,0,0
113469,0,0
-11720,0,0
274806,0,0
132788,0,0
104966,0,0
645641,0,0
680497,0,0
525725,0,0
310676,0,0
-248550,0,0
-45361,0,0
600583,0,0
714566,0,0
531039,0,0
184807,0,0
373224,0,0
647632,0,0
415234,0,0
47474,0,0
148762,0,0
412193,0,0
510491,0,0
467055,0,0
585972,0,0
468931,0,0
-397345,0,0
-63480,0,0
487756,0,0
317066,0,0
-436536,0,0
-359741,0,0
254631,0,0
487028,0,0
480116,0,0
-114992,0,0
-287171,0,0
-288562,0,0
-195575,0,0
-192507,0,0
-111373,0,0
-373700,0,0
-157937,0,0
-90450,0,0
-336249,0,0
-173368,0,0
19252,0,0
-346743,0,0
-486839,0,0
-202188,0,0
-411041,0,0
-145012,0,0
216170,0,0
-632290,0,0
-915414,0,0
-747670,0,0
-512175,0,0
388707,0,0
391104,0,0
-427099,0,0
-868929,0,0
-1028824,0,0
-341886,0,0
197274,0,0
-466962,0,0
-662343,0,0
-446189,0,0
-261496,0,0
436862,0,0
827432,0,0
-482934,0,0
-1434919,0,0
-1034298,0,0
-546630,0,0
225694,0,0
564302,0,0
382777,0,0
-255571,0,0
-514986,0,0
-243338,0,0
-45736,0,0
-71247,0,0
-171900,0,0
269362,0,0
96447,0,0
-151328,0,0
-136361,0,0
49231,0,0
-173683,0,0
-133171,0,0
144006,0,0
111755,0,0
72027,0,0
279812,0,0
468122,0,0
169767,0,0
-352885,0,0
-57142,0,0
100421,0,0
105479,0,0
148773,0,0
280859,0,0
551591,0,0
386448,0,0
325785,0,0
184400,0,0
-110473,0,0
-292540,0,0
55985,0,0
308665,0,0
413481,0,0
533356,0,0
302380,0,0
-405100,0,0
-448541,0,0
-42217,0,0
294459,0,0
985794,0,0
488617,0,0
-668368,0,0
-687341,0,0
44020,0,0
140090,0,0
317261,0,0
231991,0,0
-797832,0,0
-107493,0,0
436245,0,0
119042,0,0
9982,0,0
-316168,0,0
-255559,0,0
-102258,0,0
-55732,0,0
245299,0,0
-87731,0,0
-1035499,0,0
-511351,0,0
224351,0,0
832602,0,0
194040,0,0
-534710,0,0
-768910,0,0
-568034,0,0
-298317,0,0
138067,0,0
457687,0,0
127647,0,0
-372194,0,0
-792781,0,0
-812810,0,0
-327858,0,0
210678,0,0
390137,0,0
325672,0,0
-146565,0,0
-360009,0,0
-35004,0,0
-482226,0,0
-777175,0,0
-222378,0,0
606474,0,0
1003820,0,0
151360,0,0
-627579,0,0
-221654,0,0
133771,0,0
203047,0,0
234551,0,0
173551,0,0
-243960,0,0
-69796,0,0
-20179,0,0
85840,0,0
638222,0,0
282723,0,0
-245800,0,0
96760,0,0
14120,0,0
102356,0,0
66190,0,0
105108,0,0
-241315,0,0
130472,0,0
37201,0,0
110827,0,0
58360,0,0
46334,0,0
-61681,0,0
106863,0,0
303809,0,0
336134,0,0
188502,0,0
-291848,0,0
-385977,0,0
-254137,0,0
123379,0,0
543892,0,0
81000,0,0
-63739,0,0
418213,0,0
853777,0,0
-73300,0,0
-556037,0,0
-670924,0,0
359363,0,0
717607,0,0
-43901,0,0
-114226,0,0
142996,0,0
643499,0,0
455703,0,0
-120676,0,0
-729171,0,0
80409,0,0
1056801,0,0
595750,0,0
-455846,0,0
-594682,0,0
-309269,0,0
944061,0,0
1485319,0,0
322245,0,0
-357994,0,0
-431690,0,0
-61125,0,0
250578,0,0
435722,0,0
377941,0,0
260915,0,0
131262,0,0
-41017,0,0
223831,0,0
495457,0,0
-158798,0,0
-186255,0,0
-25993,0,0
587319,0,0
162025,0,0
-195198,0,0
-199756,0,0
-392899,0,0
-163349,0,0
-86257,0,0
-137072,0,0
201490,0,0
266540,0,0
14181,0,0
-248273,0,0
-484487,0,0
-474604,0,0
-249747,0,0
-165479,0,0
-442734,0,0
-194469,0,0
-339669,0,0
-89901,0,0
127072,0,0
-189720,0,0
-243578,0,0
-17896,0,0
-443994,0,0
-518592,0,0
-226386,0,0
-453957,0,0
-401243,0,0
23777,0,0
-24419,0,0
-215629,0,0
292042,0,0
-192293,0,0
-445790,0,0
-662926,0,0
-462498,0,0
606924,0,0
607432,0,0
-323962,0,0
-447654,0,0
-508197,0,0
-543290,0,0
-74597,0,0
393965,0,0
91452,0,0
112908,0,0
52733,0,0
-190496,0,0
186983,0,0
252157,0,0
228666,0,0
-607919,0,0
-617764,0,0
-125362,0,0
230806,0,0
848225,0,0
1079977,0,0
323823,0,0
-621029,0,0
-384741,0,0
-158961,0,0
82396,0,0
381894,0,0
493907,0,0
130735,0,0
208598,0,0
30686,0,0
-46056,0,0
267515,0,0
114516,0,0
565219,0,0
-113100,0,0
-357763,0,0
-16277,0,0
136727,0,0
-55640,0,0
240232,0,0
402821,0,0
274672,0,0
348771,0,0
-48684,0,0
-117159,0,0
-10375,0,0
46391,0,0
79252,0,0
254030,0,0
-46981,0,0
-94532,0,0
-6405,0,0
135724,0,0
451949,0,0
1178,0,0
-63565,0,0
21326,0,0
-26813,0,0
-194921,0,0
34291,0,0
7361,0,0
-154818,0,0
-76537,0,0
272811,0,0
55991,0,0
-170735,0,0
72289,0,0
332179,0,0
85732,0,0
-910530,0,0
-559542,0,0
430039,0,0
1268342,0,0
453063,0,0
-279917,0,0
-783650,0,0
-276332,0,0
221177,0,0
-62671,0,0
311437,0,0
301244,0,0
175958,0,0
-36424,0,0
-171734,0,0
39536,0,0
-79435,0,0
11321,0,0
247404,0,0
140746,0,0
25597,0,0
266117,0,0
-263590,0,0
-299824,0,0
3669,0,0
282347,0,0
-207471,0,0
-61752,0,0
262596,0,0
338040,0,0
-329958,0,0
-101320,0,0
47462,0,0
-294035,0,0
68975,0,0
513833,0,0
72349,0,0
-438228,0,0
503642,0,0
878755,0,0
125455,0,0
-153849,0,0
-156371,0,0
-383936,0,0
-83805,0,0
573922,0,0
629020,0,0
426010,0,0
75916,0,0
-93965,0,0
224367,0,0
464583,0,0
363494,0,0
143121,0,0
-43564,0,0
57124,0,0
-11571,0,0
75586,0,0
-282551,0,0
167753,0,0
144764,0,0
933875,0,0
1168980,0,0
-195658,0,0
-529616,0,0
-465953,0,0
-103869,0,0
399287,0,0
461962,0,0
-2835,0,0
393293,0,0
324736,0,0
-333984,0,0
-312362,0,0
-93464,0,0
801989,0,0
658118,0,0
-156066,0,0
-359076,0,0
-250328,0,0
-135413,0,0
-23639,0,0
23414,0,0
-85276,0,0
68792,0,0
-83275,0,0
-303670,0,0
-190799,0,0
103371,0,0
90647,0,0
-174809,0,0
-447620,0,0
-531107,0,0
-55619,0,0
-174965,0,0
-192039,0,0
119411,0,0
-222368,0,0
-72740,0,0
-32779,0,0
-672995,0,0
-432790,0,0
182375,0,0
79064,0,0
-486904,0,0
-250663,0,0
573381,0,0
176750,0,0
-189893,0,0
-642692,0,0
-481648,0,0
-178147,0,0
86389,0,0
-87643,0,0
229020,0,0
679970,0,0
519869,0,0
-473124,0,0
-630676,0,0
37714,0,0
318547,0,0
234661,0,0
164784,0,0
124620,0,0
282501,0,0
124099,0,0
-61333,0,0
-12037,0,0
104789,0,0
60824,0,0
397127,0,0
581967,0,0
564648,0,0
490895,0,0
-194059,0,0
-474509,0,0
-183161,0,0
-71838,0,0
104439,0,0
338217,0,0
290341,0,0
638383,0,0
365523,0,0
-289959,0,0
-44973,0,0
257490,0,0
-93660,0,0
-326798,0,0
-63961,0,0
-133330,0,0
132158,0,0
410093,0,0
410921,0,0
446594,0,0
-31449,0,0
20866,0,0
-320471,0,0
-62314,0,0
-23421,0,0
376313,0,0
798370,0,0
282066,0,0
-315383,0,0
-390722,0,0
41838,0,0
173857,0,0
300594,0,0
365470,0,0
-74172,0,0
-139740,0,0
570145,0,0
55776,0,0
-390797,0,0
-249744,0,0
9772,0,0
-58941,0,0
13153,0,0
-133047,0,0
-391642,0,0
-121409,0,0
-178916,0,0
-483281,0,0
-677244,0,0
-373573,0,0
68299,0,0
854057,0,0
500998,0,0
-1375705,0,0
-1311466,0,0
-671065,0,0
159520,0,0
578965,0,0
-311509,0,0
-435575,0,0
-261033,0,0
-278716,0,0
-134587,0,0
-97829,0,0
-173423,0,0
-102083,0,0
-279375,0,0
578792,0,0
-93334,0,0
-886127,0,0
-482956,0,0
480278,0,0
565761,0,0
-367565,0,0
-455741,0,0
-187203,0,0
444025,0,0
54854,0,0
-420647,0,0
144399,0,0
361334,0,0
278054,0,0
-307759,0,0
-545917,0,0
-487622,0,0
539665,0,0
696199,0,0
450727,0,0
527184,0,0
-97554,0,0
-559464,0,0
-125138,0,0
277048,0,0
270154,0,0
125554,0,0
183255,0,0
428871,0,0
239178,0,0
161157,0,0
309082,0,0
164501,0,0
-130879,0,0
-153985,0,0
142445,0,0
558365,0,0
827253,0,0
166915,0,0
-297001,0,0
-451441,0,0
-49954,0,0
671078,0,0
867338,0,0
182124,0,0
-228010,0,0
-98306,0,0
170952,0,0
554045,0,0
34815,0,0
-74239,0,0
456815,0,0
621758,0,0
690228,0,0
26074,0,0
-192677,0,0
288817,0,0
724795,0,0
339977,0,0
204629,0,0
-85254,0,0
-355248,0,0
38071,0,0
13293,0,0
333182,0,0
347628,0,0
454211,0,0
461390,0,0
280877,0,0
113479,0,0
-761176,0,0
-539752,0,0
-18275,0,0
105375,0,0
406693,0,0
20235,0,0
-274819,0,0
-114870,0,0
-56705,0,0
420366,0,0
42089,0,0
-609869,0,0
-607304,0,0
-685985,0,0
-315537,0,0
103350,0,0
477437,0,0
104842,0,0
-162674,0,0
-808796,0,0
-727740,0,0
-272247,0,0
-515310,0,0
-439312,0,0
-71603,0,0
514214,0,0
-459923,0,0
-485371,0,0
-733123,0,0
-30359,0,0
412701,0,0
-439734,0,0
-345229,0,0
45975,0,0
-150840,0,0
-493301,0,0
-132381,0,0
4585,0,0
-180477,0,0
-492619,0,0
-383651,0,0
191055,0,0
409177,0,0
143694,0,0
-421916,0,0
-197412,0,0
91873,0,0
-132239,0,0
-615655,0,0
-345317,0,0
-119109,0,0
-225268,0,0
-53810,0,0
-104832,0,0
-48756,0,0
-108307,0,0
-43275,0,0
-469405,0,0
-332888,0,0
-46009,0,0
-304280,0,0
-160793,0,0
-232164,0,0
-364558,0,0
-349344,0,0
114368,0,0
260581,0,0
189302,0,0
-329540,0,0
-21179,0,0
-6065,0,0
-228153,0,0
-51644,0,0
11255,0,0
110138,0,0
327992,0,0
418880,0,0
-281201,0,0
-210431,0,0
-316794,0,0
-375297,0,0
-123225,0,0
510036,0,0
1279451,0,0
698524,0,0
41475,0,0
-503854,0,0
-111842,0,0
-316875,0,0
-34004,0,0
390471,0,0
326674,0,0
500107,0,0
362812,0,0
-232101,0,0
-281778,0,0
74106,0,0
8179,0,0
1217453,0,0
273786,0,0
-868590,0,0
-268535,0,0
317504,0,0
-222293,0,0
-327616,0,0
-255927,0,0
-77017,0,0
-207395,0,0
-155544,0,0
707158,0,0
262217,0,0
-748302,0,0
-512560,0,0
-788724,0,0
-498085,0,0
-110343,0,0
344524,0,0
202175,0,0
-66475,0,0
-544657,0,0
-435519,0,0
-191347,0,0
-158054,0,0
-416730,0,0
-467929,0,0
406807,0,0
-20637,0,0
-395283,0,0
-225215,0,0
125507,0,0
-370296,0,0
-855388,0,0
121147,0,0
689822,0,0
-376051,0,0
-280333,0,0
342038,0,0
-385888,0,0
-241956,0,0
41004,0,0
-105754,0,0
440631,0,0
571610,0,0
47420,0,0
-523795,0,0
-215243,0,0
-39595,0,0
442476,0,0
-92359,0,0
106067,0,0
37280,0,0
-128665,0,0
2917,0,0
-184177,0,0
70559,0,0
24954,0,0
-218629,0,0
-534776,0,0
-182361,0,0
-153489,0,0
-248175,0,0
-8896,0,0
-309078,0,0
-338213,0,0
-520863,0,0
-625442,0,0
-106633,0,0
180809,0,0
-36641,0,0
-709341,0,0
-263616,0,0
-168065,0,0
386794,0,0
57826,0,0
-419195,0,0
-571271,0,0
-391373,0,0
2155,0,0
660848,0,0
656366,0,0
-31122,0,0
312024,0,0
130925,0,0
195958,0,0
222466,0,0
143581,0,0
311554,0,0
644244,0,0
358372,0,0
290260,0,0
370729,0,0
665870,0,0
479030,0,0
263858,0,0
327112,0,0
337394,0,0
224568,0,0
-3170,0,0
156261,0,0
63818,0,0
723070,0,0
947212,0,0
418433,0,0
-534165,0,0
-573351,0,0
221360,0,0
19753,0,0
205791,0,0
404930,0,0
655756,0,0
127064,0,0
